%YAML:1.0
---
Q: !!opencv-matrix
   rows: 4
   cols: 4
   dt: f
   data: [ 1., 0., 0., -2.19033966e+02, 0., 1., 0., -2.39545215e+03, 0.,
       0., 0., 1.74840781e+04, 0., 0., 1.02683532e-06, 0. ]
R: !!opencv-matrix
   rows: 3
   cols: 3
   dt: d
   data: [ 7.3651456245810127e+00, 9.4089535305327243e-01,
       7.3999884789523511e+00, -8.0221255921754651e+00,
       -2.2164488650296983e+00, -8.6593706341181296e+00,
       6.7675504797154701e+01, 4.0645352779187988e+01,
       3.1525024686935975e+01 ]
T: !!opencv-matrix
   rows: 3
   cols: 1
   dt: d
   data: [ -1.5956755581253424e+05, 6.2611218935739866e+05,
       -4.7493902358174499e+05 ]
E: !!opencv-matrix
   rows: 0
   cols: 0
   dt: u
   data: []
F: !!opencv-matrix
   rows: 0
   cols: 0
   dt: u
   data: []
K1: !!opencv-matrix
   rows: 3
   cols: 3
   dt: d
   data: [ 3.6627756984521932e+02, 0., 3.8060969928433269e+02, 0.,
       3.6653175179255015e+02, 2.3878059668569790e+02, 0., 0., 1. ]
D1: !!opencv-matrix
   rows: 5
   cols: 1
   dt: d
   data: [ -2.1859934914563901e-02, -9.9468572971318997e-04,
       1.6448003429794193e-03, -3.1164985765511365e-04,
       3.5195408316194161e-04 ]
P1: !!opencv-matrix
   rows: 3
   cols: 4
   dt: f
   data: [ 1.74840781e+04, 0., 2.19033966e+02, 0., 0., 1.74840781e+04,
       2.39545215e+03, 0., 0., 0., 1., 0. ]
R1: !!opencv-matrix
   rows: 3
   cols: 3
   dt: f
   data: [ 5.52170515e-01, -8.33504140e-01, 1.94588639e-02,
       6.30456746e-01, 4.32702750e-01, 6.44432008e-01, -5.45556664e-01,
       -3.43568385e-01, 7.64413953e-01 ]
K2: !!opencv-matrix
   rows: 3
   cols: 3
   dt: d
   data: [ 3.6687495098581172e+02, 0., 3.7621769200552956e+02, 0.,
       3.6726361788508825e+02, 2.2399932895774910e+02, 0., 0., 1. ]
D2: !!opencv-matrix
   rows: 5
   cols: 1
   dt: d
   data: [ -2.2201337830972428e-02, -1.1445843221826492e-03,
       2.9199201696882579e-04, -7.1705872414221615e-04,
       5.1284674356775366e-04 ]
P2: !!opencv-matrix
   rows: 3
   cols: 4
   dt: f
   data: [ 1.74840781e+04, 0., 2.19033966e+02, 0., 0., 1.74840781e+04,
       2.39545215e+03, -1.70271488e+10, 0., 0., 1., 0. ]
R2: !!opencv-matrix
   rows: 3
   cols: 3
   dt: f
   data: [ 8.69124293e-01, 4.87783074e-01, 8.17965493e-02,
       2.62728538e-02, -2.10679963e-01, 9.77201998e-01, 4.93895471e-01,
       -8.47160935e-01, -1.95922524e-01 ]
