%YAML:1.0
---
Q: !!opencv-matrix
   rows: 4
   cols: 4
   dt: f
   data: [ 1., 0., 0., -4.30612915e+02, 0., 1., 0., -2.32742859e+02, 0.,
       0., 0., 3.80143616e+02, 0., 0., 5.66445710e-03, 0. ]
R: !!opencv-matrix
   rows: 3
   cols: 3
   dt: d
   data: [ 9.6053735889614467e-01, 7.0136449420646632e-02,
       -2.8652014915304311e-02, -6.1183064162791866e-02,
       9.9892251015064681e-01, -2.6585120252347914e-02,
       -1.8730799645203921e-02, 8.2435223206964343e-03,
       1.0610352510354983e+00 ]
T: !!opencv-matrix
   rows: 3
   cols: 1
   dt: d
   data: [ -2.7581806237678427e+02, 3.5837635060132421e+01,
       -1.0928157013371396e+02 ]
E: !!opencv-matrix
   rows: 0
   cols: 0
   dt: u
   data: []
F: !!opencv-matrix
   rows: 0
   cols: 0
   dt: u
   data: []
K1: !!opencv-matrix
   rows: 3
   cols: 3
   dt: d
   data: [ 3.6627756984521932e+02, 0., 3.8060969928433269e+02, 0.,
       3.6653175179255015e+02, 2.3878059668569790e+02, 0., 0., 1. ]
D1: !!opencv-matrix
   rows: 5
   cols: 1
   dt: d
   data: [ -2.1859934914563901e-02, -9.9468572971318997e-04,
       1.6448003429794193e-03, -3.1164985765511365e-04,
       3.5195408316194161e-04 ]
P1: !!opencv-matrix
   rows: 3
   cols: 4
   dt: f
   data: [ 3.80143616e+02, 0., 4.30612915e+02, 0., 0., 3.80143616e+02,
       2.32742859e+02, 0., 0., 0., 1., 0. ]
R1: !!opencv-matrix
   rows: 3
   cols: 3
   dt: f
   data: [ 9.97541189e-01, 5.57426689e-03, -6.98609278e-02,
       -6.29247632e-03, 9.99929547e-01, -1.00647090e-02, 6.97999001e-02,
       1.04795601e-02, 9.97505963e-01 ]
K2: !!opencv-matrix
   rows: 3
   cols: 3
   dt: d
   data: [ 3.6687495098581172e+02, 0., 3.7621769200552956e+02, 0.,
       3.6726361788508825e+02, 2.2399932895774910e+02, 0., 0., 1. ]
D2: !!opencv-matrix
   rows: 5
   cols: 1
   dt: d
   data: [ -2.2201337830972428e-02, -1.1445843221826492e-03,
       2.9199201696882579e-04, -7.1705872414221615e-04,
       5.1284674356775366e-04 ]
P2: !!opencv-matrix
   rows: 3
   cols: 4
   dt: f
   data: [ 3.80143616e+02, 0., 4.30612915e+02, -6.71103359e+04, 0.,
       3.80143616e+02, 2.32742859e+02, 0., 0., 0., 1., 0. ]
R2: !!opencv-matrix
   rows: 3
   cols: 3
   dt: f
   data: [ 9.96015370e-01, -6.32492527e-02, -6.28725141e-02,
       6.38927817e-02, 9.97922480e-01, 8.27614963e-03, 6.22184314e-02,
       -1.22602722e-02, 9.97987270e-01 ]
