%YAML:1.0
---
Q: !!opencv-matrix
   rows: 4
   cols: 4
   dt: f
   data: [ 1., 0., 0., -4.65045593e+02, 0., 1., 0., -2.35595291e+02, 0.,
       0., 0., 3.58143524e+02, 0., 0., 4.61061625e-03, 0. ]
R: !!opencv-matrix
   rows: 3
   cols: 3
   dt: d
   data: [ 6.4853146307326937e-01, -1.5671640460019090e-01,
       -4.9689097713455432e-01, -2.8332395073674559e-02,
       1.1133979208110416e+00, -8.7238979241252550e-03,
       -2.5001260403455108e+00, -3.0774252508274974e-01,
       2.0472210086279166e+00 ]
T: !!opencv-matrix
   rows: 3
   cols: 1
   dt: d
   data: [ 1.4155220665418590e+03, -9.1518172616952498e+01,
       4.3946350701404708e+03 ]
E: !!opencv-matrix
   rows: 0
   cols: 0
   dt: u
   data: []
F: !!opencv-matrix
   rows: 0
   cols: 0
   dt: u
   data: []
K1: !!opencv-matrix
   rows: 3
   cols: 3
   dt: d
   data: [ 3.6627756984521932e+02, 0., 3.8060969928433269e+02, 0.,
       3.6653175179255015e+02, 2.3878059668569790e+02, 0., 0., 1. ]
D1: !!opencv-matrix
   rows: 5
   cols: 1
   dt: d
   data: [ -2.1859934914563901e-02, -9.9468572971318997e-04,
       1.6448003429794193e-03, -3.1164985765511365e-04,
       3.5195408316194161e-04 ]
P1: !!opencv-matrix
   rows: 3
   cols: 4
   dt: f
   data: [ 3.58143524e+02, 0., 4.65045593e+02, 0., 0., 3.58143524e+02,
       2.35595291e+02, 0., 0., 0., 1., 0. ]
R1: !!opencv-matrix
   rows: 3
   cols: 3
   dt: f
   data: [ 9.86711740e-01, -5.82973547e-02, -1.51661873e-01,
       5.52047342e-02, 9.98173773e-01, -2.45264769e-02, 1.52814731e-01,
       1.58281103e-02, 9.88128066e-01 ]
K2: !!opencv-matrix
   rows: 3
   cols: 3
   dt: d
   data: [ 3.6687495098581172e+02, 0., 3.7621769200552956e+02, 0.,
       3.6726361788508825e+02, 2.2399932895774910e+02, 0., 0., 1. ]
D2: !!opencv-matrix
   rows: 5
   cols: 1
   dt: d
   data: [ -2.2201337830972428e-02, -1.1445843221826492e-03,
       2.9199201696882579e-04, -7.1705872414221615e-04,
       5.1284674356775366e-04 ]
P2: !!opencv-matrix
   rows: 3
   cols: 4
   dt: f
   data: [ 3.58143524e+02, 0., 4.65045593e+02, -7.76780156e+04, 0.,
       3.58143524e+02, 2.35595291e+02, 0., 0., 0., 1., 0. ]
R2: !!opencv-matrix
   rows: 3
   cols: 3
   dt: f
   data: [ 9.96013224e-01, -6.32482618e-02, -6.29076436e-02,
       6.45100921e-02, 9.97750521e-01, 1.82317309e-02, 6.16130084e-02,
       -2.22172216e-02, 9.97852802e-01 ]
