%YAML:1.0
---
Q: !!opencv-matrix
   rows: 4
   cols: 4
   dt: f
   data: [ 1., 0., 0., -3.82526917e+02, 0., 1., 0., -2.31850159e+02, 0.,
       0., 0., 3.58668396e+02, 0., 0., 5.55698061e-03, 0. ]
R: !!opencv-matrix
   rows: 3
   cols: 3
   dt: d
   data: [ 9.9988395308354583e-01, 9.9692204674057174e-03,
       -3.0910049076392160e-03, -9.9399666673203151e-03,
       9.9984658509573909e-01, 9.3261476865912213e-03,
       3.1699537868284775e-03, -9.2199504011127292e-03,
       1.0000104201862330e+00 ]
T: !!opencv-matrix
   rows: 3
   cols: 1
   dt: d
   data: [ -1.7994485723350206e+02, 8.4025278304297846e-01,
       7.6897786614199548e-01 ]
E: !!opencv-matrix
   rows: 0
   cols: 0
   dt: u
   data: []
F: !!opencv-matrix
   rows: 0
   cols: 0
   dt: u
   data: []
K1: !!opencv-matrix
   rows: 3
   cols: 3
   dt: d
   data: [ 3.6627756984521932e+02, 0., 3.8060969928433269e+02, 0.,
       3.6653175179255015e+02, 2.3878059668569790e+02, 0., 0., 1. ]
D1: !!opencv-matrix
   rows: 5
   cols: 1
   dt: d
   data: [ -2.1859934914563901e-02, -9.9468572971318997e-04,
       1.6448003429794193e-03, -3.1164985765511365e-04,
       3.5195408316194161e-04 ]
P1: !!opencv-matrix
   rows: 3
   cols: 4
   dt: f
   data: [ 3.58668396e+02, 0., 3.82526917e+02, 0., 0., 3.58668396e+02,
       2.31850159e+02, 0., 0., 0., 1., 0. ]
R1: !!opencv-matrix
   rows: 3
   cols: 3
   dt: f
   data: [ 9.99957979e-01, 5.33938361e-03, -7.45154219e-03,
       -5.30494004e-03, 9.99975204e-01, 4.63444041e-03, 7.47610256e-03,
       -4.59471578e-03, 9.99961495e-01 ]
K2: !!opencv-matrix
   rows: 3
   cols: 3
   dt: d
   data: [ 3.6687495098581172e+02, 0., 3.7621769200552956e+02, 0.,
       3.6726361788508825e+02, 2.2399932895774910e+02, 0., 0., 1. ]
D2: !!opencv-matrix
   rows: 5
   cols: 1
   dt: d
   data: [ -2.2201337830972428e-02, -1.1445843221826492e-03,
       2.9199201696882579e-04, -7.1705872414221615e-04,
       5.1284674356775366e-04 ]
P2: !!opencv-matrix
   rows: 3
   cols: 4
   dt: f
   data: [ 3.58668396e+02, 0., 3.82526917e+02, -6.45437539e+04, 0.,
       3.58668396e+02, 2.31850159e+02, 0., 0., 0., 1., 0. ]
R2: !!opencv-matrix
   rows: 3
   cols: 3
   dt: f
   data: [ 9.99979854e-01, -4.67083836e-03, -4.29200614e-03,
       4.65098256e-03, 9.99978483e-01, -4.62463079e-03, 4.31351457e-03,
       4.60457569e-03, 9.99980092e-01 ]
