%YAML:1.0
---
Q: !!opencv-matrix
   rows: 4
   cols: 4
   dt: f
   data: [ 1., 0., 0., -3.36888702e+02, 0., 1., 0., 2.91302673e+02, 0.,
       0., 0., 1.99261243e+03, 0., 0., -1.24703661e-06, 0. ]
R: !!opencv-matrix
   rows: 3
   cols: 3
   dt: d
   data: [ 1.2696253854812314e+01, 2.1989154347330317e+00,
       1.0485239970188216e+01, -1.0319186832281760e+01,
       -2.6820764834493609e+00, -1.0660883337191454e+01,
       3.3919023453200211e+01, 2.2123301071965685e+01,
       2.0122916069103251e+01 ]
T: !!opencv-matrix
   rows: 3
   cols: 1
   dt: d
   data: [ -3.4413095568751902e+04, 6.6688674808281357e+05,
       -2.9205319804782135e+05 ]
E: !!opencv-matrix
   rows: 0
   cols: 0
   dt: u
   data: []
F: !!opencv-matrix
   rows: 0
   cols: 0
   dt: u
   data: []
K1: !!opencv-matrix
   rows: 3
   cols: 3
   dt: d
   data: [ 3.6627756984521932e+02, 0., 3.8060969928433269e+02, 0.,
       3.6653175179255015e+02, 2.3878059668569790e+02, 0., 0., 1. ]
D1: !!opencv-matrix
   rows: 5
   cols: 1
   dt: d
   data: [ -2.1859934914563901e-02, -9.9468572971318997e-04,
       1.6448003429794193e-03, -3.1164985765511365e-04,
       3.5195408316194161e-04 ]
P1: !!opencv-matrix
   rows: 3
   cols: 4
   dt: f
   data: [ 1.99261243e+03, 0., 3.36888702e+02, 0., 0., 1.99261243e+03,
       -2.91302673e+02, 0., 0., 0., 1., 0. ]
R1: !!opencv-matrix
   rows: 3
   cols: 3
   dt: f
   data: [ 8.51342022e-01, -5.03567398e-01, -1.47093803e-01,
       -2.99298376e-01, -2.35942572e-01, -9.24527764e-01, 4.30856347e-01,
       8.31114292e-01, -3.51584733e-01 ]
K2: !!opencv-matrix
   rows: 3
   cols: 3
   dt: d
   data: [ 3.6687495098581172e+02, 0., 3.7621769200552956e+02, 0.,
       3.6726361788508825e+02, 2.2399932895774910e+02, 0., 0., 1. ]
D2: !!opencv-matrix
   rows: 5
   cols: 1
   dt: d
   data: [ -2.2201337830972428e-02, -1.1445843221826492e-03,
       2.9199201696882579e-04, -7.1705872414221615e-04,
       5.1284674356775366e-04 ]
P2: !!opencv-matrix
   rows: 3
   cols: 4
   dt: f
   data: [ 1.99261243e+03, 0., 3.36888702e+02, 0., 0., 1.99261243e+03,
       -2.91302673e+02, 1597878016., 0., 0., 1., 0. ]
R2: !!opencv-matrix
   rows: 3
   cols: 3
   dt: f
   data: [ 7.97954202e-01, 4.79931921e-01, 3.64601821e-01,
       -1.98986575e-01, 7.80784786e-01, -5.92266321e-01, -5.68923056e-01,
       4.00050551e-01, 7.18530536e-01 ]
