%YAML:1.0
---
Q: !!opencv-matrix
   rows: 4
   cols: 4
   dt: f
   data: [ 1., 0., 0., -6.79914368e+02, 0., 1., 0., -6.68740540e+02, 0.,
       0., 0., 6.87634420e+00, 0., 0., -1.18711621e-04, 0. ]
R: !!opencv-matrix
   rows: 3
   cols: 3
   dt: d
   data: [ -1.2540374716930708e-01, 4.8901585780417403e+00,
       8.3065719044351138e-01, -3.2030095379999880e-02,
       -5.2975888852182428e-02, 2.1112895757155992e-01,
       1.6616558428127244e+00, 7.6358586344728920e+01,
       1.3995462893370673e+01 ]
T: !!opencv-matrix
   rows: 3
   cols: 1
   dt: d
   data: [ 2.6267851963737635e+03, 7.9287642646487202e+03,
       2.0616603418204254e+03 ]
E: !!opencv-matrix
   rows: 0
   cols: 0
   dt: u
   data: []
F: !!opencv-matrix
   rows: 0
   cols: 0
   dt: u
   data: []
K1: !!opencv-matrix
   rows: 3
   cols: 3
   dt: d
   data: [ 3.6627756984521932e+02, 0., 3.8060969928433269e+02, 0.,
       3.6653175179255015e+02, 2.3878059668569790e+02, 0., 0., 1. ]
D1: !!opencv-matrix
   rows: 5
   cols: 1
   dt: d
   data: [ -2.1859934914563901e-02, -9.9468572971318997e-04,
       1.6448003429794193e-03, -3.1164985765511365e-04,
       3.5195408316194161e-04 ]
P1: !!opencv-matrix
   rows: 3
   cols: 4
   dt: f
   data: [ 6.87634420e+00, 0., 6.79914368e+02, 0., 0., 6.87634420e+00,
       6.68740540e+02, 0., 0., 0., 1., 0. ]
R1: !!opencv-matrix
   rows: 3
   cols: 3
   dt: f
   data: [ -2.19114766e-01, 9.21120048e-01, -3.21755409e-01,
       -4.58095342e-01, 1.94042265e-01, 8.67465436e-01, 8.61473978e-01,
       3.37469131e-01, 3.79443288e-01 ]
K2: !!opencv-matrix
   rows: 3
   cols: 3
   dt: d
   data: [ 3.6687495098581172e+02, 0., 3.7621769200552956e+02, 0.,
       3.6726361788508825e+02, 2.2399932895774910e+02, 0., 0., 1. ]
D2: !!opencv-matrix
   rows: 5
   cols: 1
   dt: d
   data: [ -2.2201337830972428e-02, -1.1445843221826492e-03,
       2.9199201696882579e-04, -7.1705872414221615e-04,
       5.1284674356775366e-04 ]
P2: !!opencv-matrix
   rows: 3
   cols: 4
   dt: f
   data: [ 6.87634420e+00, 0., 6.79914368e+02, 0., 0., 6.87634420e+00,
       6.68740540e+02, 5.79247773e+04, 0., 0., 1., 0. ]
R2: !!opencv-matrix
   rows: 3
   cols: 3
   dt: f
   data: [ 3.86907578e-01, -4.26559150e-01, 8.17526639e-01,
       3.02136123e-01, 8.96276355e-01, 3.24657440e-01, -8.71215403e-01,
       1.21391922e-01, 4.75655049e-01 ]
