%YAML:1.0
---
Q: !!opencv-matrix
   rows: 4
   cols: 4
   dt: f
   data: [ 1., 0., 0., 3.40232971e+02, 0., 1., 0., 1.08995789e+02, 0.,
       0., 0., 1.20781873e+03, 0., 0., -1.37203097e-06, 0. ]
R: !!opencv-matrix
   rows: 3
   cols: 3
   dt: d
   data: [ 1.2696253854812314e+01, 2.1989154347330317e+00,
       1.0485239970188216e+01, -1.0319186832281760e+01,
       -2.6820764834493609e+00, -1.0660883337191454e+01,
       3.3919023453200211e+01, 2.2123301071965685e+01,
       2.0122916069103251e+01 ]
T: !!opencv-matrix
   rows: 3
   cols: 1
   dt: d
   data: [ -3.4413095568751902e+04, 6.6688674808281357e+05,
       -2.9205319804782135e+05 ]
E: !!opencv-matrix
   rows: 0
   cols: 0
   dt: u
   data: []
F: !!opencv-matrix
   rows: 0
   cols: 0
   dt: u
   data: []
K1: !!opencv-matrix
   rows: 3
   cols: 3
   dt: d
   data: [ 3.6627756984521932e+02, 0., 3.8060969928433269e+02, 0.,
       3.6653175179255015e+02, 2.3878059668569790e+02, 0., 0., 1. ]
D1: !!opencv-matrix
   rows: 5
   cols: 1
   dt: d
   data: [ -2.1859934914563901e-02, -9.9468572971318997e-04,
       1.6448003429794193e-03, -3.1164985765511365e-04,
       3.5195408316194161e-04 ]
P1: !!opencv-matrix
   rows: 3
   cols: 4
   dt: f
   data: [ 1.20781873e+03, 0., -3.40232971e+02, 0., 0., 1.20781873e+03,
       -1.08995789e+02, 0., 0., 0., 1., 0. ]
R1: !!opencv-matrix
   rows: 3
   cols: 3
   dt: f
   data: [ 9.04791296e-01, -4.25199330e-01, 2.36262195e-02,
       -8.18890780e-02, -2.28161365e-01, -9.70173478e-01, 4.17907715e-01,
       8.75869811e-01, -2.41257593e-01 ]
K2: !!opencv-matrix
   rows: 3
   cols: 3
   dt: d
   data: [ 3.6687495098581172e+02, 0., 3.7621769200552956e+02, 0.,
       3.6726361788508825e+02, 2.2399932895774910e+02, 0., 0., 1. ]
D2: !!opencv-matrix
   rows: 5
   cols: 1
   dt: d
   data: [ -2.2201337830972428e-02, -1.1445843221826492e-03,
       2.9199201696882579e-04, -7.1705872414221615e-04,
       5.1284674356775366e-04 ]
P2: !!opencv-matrix
   rows: 3
   cols: 4
   dt: f
   data: [ 1.20781873e+03, 0., -3.40232971e+02, 0., 0., 1.20781873e+03,
       -1.08995789e+02, 880314432., 0., 0., 1., 0. ]
R2: !!opencv-matrix
   rows: 3
   cols: 3
   dt: f
   data: [ 9.39069808e-01, 1.77392781e-01, 2.94414163e-01,
       -4.72158305e-02, 9.14989233e-01, -4.00706023e-01, -3.40468168e-01,
       3.62389922e-01, 8.67614508e-01 ]
