%YAML:1.0
---
Q: !!opencv-matrix
   rows: 4
   cols: 4
   dt: f
   data: [ 1., 0., 0., -8.78796814e+02, 0., 1., 0., -1.10765808e+03, 0.,
       0., 0., 2.11082715e+03, 0., 0., -1.55314454e-03, 0. ]
R: !!opencv-matrix
   rows: 3
   cols: 3
   dt: d
   data: [ -9.1026376106876680e-02, 4.7341963131780949e+00,
       8.0975096211867592e-01, -6.8280373302634187e-02,
       -1.9386393271928963e+00, -1.6865968440269163e-01,
       1.6588583860048269e+00, 7.6191229223577039e+01,
       1.3956351072423761e+01 ]
T: !!opencv-matrix
   rows: 3
   cols: 1
   dt: d
   data: [ 2.2902812118298621e+03, 6.0081479812706730e+03,
       5.6192527663370920e+03 ]
E: !!opencv-matrix
   rows: 0
   cols: 0
   dt: u
   data: []
F: !!opencv-matrix
   rows: 0
   cols: 0
   dt: u
   data: []
K1: !!opencv-matrix
   rows: 3
   cols: 3
   dt: d
   data: [ 3.6627756984521932e+02, 0., 3.8060969928433269e+02, 0.,
       3.6653175179255015e+02, 2.3878059668569790e+02, 0., 0., 1. ]
D1: !!opencv-matrix
   rows: 5
   cols: 1
   dt: d
   data: [ -2.1859934914563901e-02, -9.9468572971318997e-04,
       1.6448003429794193e-03, -3.1164985765511365e-04,
       3.5195408316194161e-04 ]
P1: !!opencv-matrix
   rows: 3
   cols: 4
   dt: f
   data: [ 2.11082715e+03, 0., 8.78796814e+02, 0., 0., 2.11082715e+03,
       1.10765808e+03, 0., 0., 0., 1., 0. ]
R1: !!opencv-matrix
   rows: 3
   cols: 3
   dt: f
   data: [ 2.25564271e-01, 7.96733141e-01, -5.60657680e-01,
       -9.40030575e-01, 2.68547684e-02, -3.40031415e-01, -2.55857944e-01,
       6.03734314e-01, 7.55010962e-01 ]
K2: !!opencv-matrix
   rows: 3
   cols: 3
   dt: d
   data: [ 3.6687495098581172e+02, 0., 3.7621769200552956e+02, 0.,
       3.6726361788508825e+02, 2.2399932895774910e+02, 0., 0., 1. ]
D2: !!opencv-matrix
   rows: 5
   cols: 1
   dt: d
   data: [ -2.2201337830972428e-02, -1.1445843221826492e-03,
       2.9199201696882579e-04, -7.1705872414221615e-04,
       5.1284674356775366e-04 ]
P2: !!opencv-matrix
   rows: 3
   cols: 4
   dt: f
   data: [ 2.11082715e+03, 0., 8.78796814e+02, 0., 0., 2.11082715e+03,
       1.10765808e+03, 1.35906688e+06, 0., 0., 1., 0. ]
R2: !!opencv-matrix
   rows: 3
   cols: 3
   dt: f
   data: [ -2.46378891e-02, -9.16377962e-01, 3.99555206e-01,
       9.93712842e-01, -6.61129206e-02, -9.03540552e-02, 1.09214231e-01,
       3.94817024e-01, 9.12245452e-01 ]
