%YAML:1.0
---
Q: !!opencv-matrix
   rows: 4
   cols: 4
   dt: f
   data: [ 1., 0., 0., -3.82508453e+02, 0., 1., 0., -2.31850220e+02, 0.,
       0., 0., 3.58659760e+02, 0., 0., 5.55725535e-03, 0. ]
R: !!opencv-matrix
   rows: 3
   cols: 3
   dt: d
   data: [ 9.9990256241429298e-01, 9.9694482781551054e-03,
       -3.0393601102111840e-03, -9.9400683273524314e-03,
       9.9986393642124383e-01, 9.3313027377907049e-03,
       3.1994856059991391e-03, -9.2252593654721538e-03,
       9.9999481219183728e-01 ]
T: !!opencv-matrix
   rows: 3
   cols: 1
   dt: d
   data: [ -1.7994132612843282e+02, 8.4042974085964539e-01,
       7.7194127189365591e-01 ]
E: !!opencv-matrix
   rows: 0
   cols: 0
   dt: u
   data: []
F: !!opencv-matrix
   rows: 0
   cols: 0
   dt: u
   data: []
K1: !!opencv-matrix
   rows: 3
   cols: 3
   dt: d
   data: [ 3.6627756984521932e+02, 0., 3.8060969928433269e+02, 0.,
       3.6653175179255015e+02, 2.3878059668569790e+02, 0., 0., 1. ]
D1: !!opencv-matrix
   rows: 5
   cols: 1
   dt: d
   data: [ -2.1859934914563901e-02, -9.9468572971318997e-04,
       1.6448003429794193e-03, -3.1164985765511365e-04,
       3.5195408316194161e-04 ]
P1: !!opencv-matrix
   rows: 3
   cols: 4
   dt: f
   data: [ 3.58659760e+02, 0., 3.82508453e+02, 0., 0., 3.58659760e+02,
       2.31850220e+02, 0., 0., 0., 1., 0. ]
R1: !!opencv-matrix
   rows: 3
   cols: 3
   dt: f
   data: [ 9.99958336e-01, 5.33936406e-03, -7.40643824e-03,
       -5.30505180e-03, 9.99975145e-01, 4.64470359e-03, 7.43105356e-03,
       -4.60521830e-03, 9.99961793e-01 ]
K2: !!opencv-matrix
   rows: 3
   cols: 3
   dt: d
   data: [ 3.6687495098581172e+02, 0., 3.7621769200552956e+02, 0.,
       3.6726361788508825e+02, 2.2399932895774910e+02, 0., 0., 1. ]
D2: !!opencv-matrix
   rows: 5
   cols: 1
   dt: d
   data: [ -2.2201337830972428e-02, -1.1445843221826492e-03,
       2.9199201696882579e-04, -7.1705872414221615e-04,
       5.1284674356775366e-04 ]
P2: !!opencv-matrix
   rows: 3
   cols: 4
   dt: f
   data: [ 3.58659760e+02, 0., 3.82508453e+02, -6.45390117e+04, 0.,
       3.58659760e+02, 2.31850220e+02, 0., 0., 0., 1., 0. ]
R2: !!opencv-matrix
   rows: 3
   cols: 3
   dt: f
   data: [ 9.99979913e-01, -4.67048259e-03, -4.28987481e-03,
       4.65059187e-03, 9.99978423e-01, -4.63500759e-03, 4.31142980e-03,
       4.61496413e-03, 9.99980032e-01 ]
