%YAML:1.0
---
Q: !!opencv-matrix
   rows: 4
   cols: 4
   dt: f
   data: [ 1., 0., 0., -1.23191071e+01, 0., 1., 0., -2.09492828e+02, 0.,
       0., 0., 3.04703033e+02, 0., 0., 3.34632746e-03, 0. ]
R: !!opencv-matrix
   rows: 3
   cols: 3
   dt: d
   data: [ 9.6053735889614467e-01, 7.0136449420646632e-02,
       -2.8652014915304311e-02, -6.1183064162791866e-02,
       9.9892251015064681e-01, -2.6585120252347914e-02,
       -1.8730799645203921e-02, 8.2435223206964343e-03,
       1.0610352510354983e+00 ]
T: !!opencv-matrix
   rows: 3
   cols: 1
   dt: d
   data: [ -2.7581806237678427e+02, 3.5837635060132421e+01,
       -1.0928157013371396e+02 ]
E: !!opencv-matrix
   rows: 0
   cols: 0
   dt: u
   data: []
F: !!opencv-matrix
   rows: 0
   cols: 0
   dt: u
   data: []
K1: !!opencv-matrix
   rows: 3
   cols: 3
   dt: d
   data: [ 3.6627756984521932e+02, 0., 3.8060969928433269e+02, 0.,
       3.6653175179255015e+02, 2.3878059668569790e+02, 0., 0., 1. ]
D1: !!opencv-matrix
   rows: 5
   cols: 1
   dt: d
   data: [ -2.1859934914563901e-02, -9.9468572971318997e-04,
       1.6448003429794193e-03, -3.1164985765511365e-04,
       3.5195408316194161e-04 ]
P1: !!opencv-matrix
   rows: 3
   cols: 4
   dt: f
   data: [ 3.04703033e+02, 0., 1.23191071e+01, 0., 0., 3.04703033e+02,
       2.09492828e+02, 0., 0., 0., 1., 0. ]
R1: !!opencv-matrix
   rows: 3
   cols: 3
   dt: f
   data: [ 9.30385053e-01, -5.12868948e-02, 3.62978309e-01,
       5.22213392e-02, 9.98609245e-01, 7.24455388e-03, -3.62845063e-01,
       1.22149885e-02, 9.31769431e-01 ]
K2: !!opencv-matrix
   rows: 3
   cols: 3
   dt: d
   data: [ 3.6687495098581172e+02, 0., 3.7621769200552956e+02, 0.,
       3.6726361788508825e+02, 2.2399932895774910e+02, 0., 0., 1. ]
D2: !!opencv-matrix
   rows: 5
   cols: 1
   dt: d
   data: [ -2.2201337830972428e-02, -1.1445843221826492e-03,
       2.9199201696882579e-04, -7.1705872414221615e-04,
       5.1284674356775366e-04 ]
P2: !!opencv-matrix
   rows: 3
   cols: 4
   dt: f
   data: [ 3.04703033e+02, 0., 1.23191071e+01, -9.10559531e+04, 0.,
       3.04703033e+02, 2.09492828e+02, 0., 0., 0., 1., 0. ]
R2: !!opencv-matrix
   rows: 3
   cols: 3
   dt: f
   data: [ 9.22977567e-01, -1.19924463e-01, 3.65691900e-01,
       1.18980654e-01, 9.92576599e-01, 2.52063014e-02, -3.66000086e-01,
       2.02454124e-02, 9.30394590e-01 ]
