%YAML:1.0
---
Q: !!opencv-matrix
   rows: 4
   cols: 4
   dt: f
   data: [ 1., 0., 0., -3.96238007e+02, 0., 1., 0., -1.07649139e+02, 0.,
       0., 0., -1.35960293e+00, 0., 0., 2.16549175e-04, 0. ]
R: !!opencv-matrix
   rows: 3
   cols: 3
   dt: d
   data: [ -1.2806489615105099e-01, 3.2778610450047524e-01,
       2.3072684069446028e-02, -3.1770778972513541e-01,
       -1.3469059629323644e+01, -2.3369130356428784e+00,
       7.8252301983649075e-01, 3.7103962043460790e+01,
       6.8211433044597785e+00 ]
T: !!opencv-matrix
   rows: 3
   cols: 1
   dt: d
   data: [ 6.3980706065151674e+02, -4.2567137196709986e+01,
       -5.8174917683131525e+01 ]
E: !!opencv-matrix
   rows: 0
   cols: 0
   dt: u
   data: []
F: !!opencv-matrix
   rows: 0
   cols: 0
   dt: u
   data: []
K1: !!opencv-matrix
   rows: 3
   cols: 3
   dt: d
   data: [ 3.6627756984521932e+02, 0., 3.8060969928433269e+02, 0.,
       3.6653175179255015e+02, 2.3878059668569790e+02, 0., 0., 1. ]
D1: !!opencv-matrix
   rows: 5
   cols: 1
   dt: d
   data: [ -2.1859934914563901e-02, -9.9468572971318997e-04,
       1.6448003429794193e-03, -3.1164985765511365e-04,
       3.5195408316194161e-04 ]
P1: !!opencv-matrix
   rows: 3
   cols: 4
   dt: f
   data: [ -1.35960293e+00, 0., 3.96238007e+02, 0., 0., -1.35960293e+00,
       1.07649139e+02, 0., 0., 0., 1., 0. ]
R1: !!opencv-matrix
   rows: 3
   cols: 3
   dt: f
   data: [ 9.45963264e-01, -7.75972232e-02, 3.14852566e-01,
       3.23622286e-01, 1.64395496e-01, -9.31795418e-01, 2.05443967e-02,
       9.83337581e-01, 1.80624306e-01 ]
K2: !!opencv-matrix
   rows: 3
   cols: 3
   dt: d
   data: [ 3.6687495098581172e+02, 0., 3.7621769200552956e+02, 0.,
       3.6726361788508825e+02, 2.2399932895774910e+02, 0., 0., 1. ]
D2: !!opencv-matrix
   rows: 5
   cols: 1
   dt: d
   data: [ -2.2201337830972428e-02, -1.1445843221826492e-03,
       2.9199201696882579e-04, -7.1705872414221615e-04,
       5.1284674356775366e-04 ]
P2: !!opencv-matrix
   rows: 3
   cols: 4
   dt: f
   data: [ -1.35960293e+00, 0., 3.96238007e+02, 0., 0., -1.35960293e+00,
       1.07649139e+02, 6.27849512e+03, 0., 0., 1., 0. ]
R2: !!opencv-matrix
   rows: 3
   cols: 3
   dt: f
   data: [ 9.51371253e-01, 3.84450927e-02, -3.05638254e-01,
       -3.06530148e-01, 1.98181849e-02, -9.51654613e-01, -3.05292550e-02,
       9.99064147e-01, 3.06390319e-02 ]
