%YAML:1.0
---
Q: !!opencv-matrix
   rows: 4
   cols: 4
   dt: f
   data: [ 1., 0., 0., -4.29024292e+02, 0., 1., 0., -4.90745697e+02, 0.,
       0., 0., 1.91324726e-02, 0., 0., -1.17105948e-04, 0. ]
R: !!opencv-matrix
   rows: 3
   cols: 3
   dt: d
   data: [ -1.1863730247881506e-01, 4.8836118226138563e+00,
       8.3015194900197531e-01, -4.1778269041235841e-02,
       -5.3439406406200940e-01, 1.1723855987021760e-01,
       1.6621724292714122e+00, 7.6401951748641295e+01,
       1.4002130449499759e+01 ]
T: !!opencv-matrix
   rows: 3
   cols: 1
   dt: d
   data: [ 2.5451268193739838e+03, 7.5500303768092872e+03,
       2.7348412096132897e+03 ]
E: !!opencv-matrix
   rows: 0
   cols: 0
   dt: u
   data: []
F: !!opencv-matrix
   rows: 0
   cols: 0
   dt: u
   data: []
K1: !!opencv-matrix
   rows: 3
   cols: 3
   dt: d
   data: [ 3.6627756984521932e+02, 0., 3.8060969928433269e+02, 0.,
       3.6653175179255015e+02, 2.3878059668569790e+02, 0., 0., 1. ]
D1: !!opencv-matrix
   rows: 5
   cols: 1
   dt: d
   data: [ -2.1859934914563901e-02, -9.9468572971318997e-04,
       1.6448003429794193e-03, -3.1164985765511365e-04,
       3.5195408316194161e-04 ]
P1: !!opencv-matrix
   rows: 3
   cols: 4
   dt: f
   data: [ 1.91324726e-02, 0., 4.29024292e+02, 0., 0., 1.91324726e-02,
       4.90745697e+02, 0., 0., 0., 1., 0. ]
R1: !!opencv-matrix
   rows: 3
   cols: 3
   dt: f
   data: [ 2.47076172e-02, 8.24028015e-01, -5.66010058e-01,
       -3.63385081e-01, 5.34856558e-01, 7.62810409e-01, 9.31311369e-01,
       1.86832383e-01, 3.12654525e-01 ]
K2: !!opencv-matrix
   rows: 3
   cols: 3
   dt: d
   data: [ 3.6687495098581172e+02, 0., 3.7621769200552956e+02, 0.,
       3.6726361788508825e+02, 2.2399932895774910e+02, 0., 0., 1. ]
D2: !!opencv-matrix
   rows: 5
   cols: 1
   dt: d
   data: [ -2.2201337830972428e-02, -1.1445843221826492e-03,
       2.9199201696882579e-04, -7.1705872414221615e-04,
       5.1284674356775366e-04 ]
P2: !!opencv-matrix
   rows: 3
   cols: 4
   dt: f
   data: [ 1.91324726e-02, 0., 4.29024292e+02, 0., 0., 1.91324726e-02,
       4.90745697e+02, 1.63377472e+02, 0., 0., 1., 0. ]
R2: !!opencv-matrix
   rows: 3
   cols: 3
   dt: f
   data: [ 1.85608849e-01, -7.08016992e-01, 6.81367218e-01,
       2.68205553e-01, 7.03589857e-01, 6.58047915e-01, -9.45312202e-01,
       6.06069453e-02, 3.20486605e-01 ]
