%YAML:1.0
---
Q: !!opencv-matrix
   rows: 4
   cols: 4
   dt: f
   data: [ 1., 0., 0., -3.82508453e+02, 0., 1., 0., -2.31850220e+02, 0.,
       0., 0., 3.58659760e+02, 0., 0., 5.55725535e-03, 0. ]
R: !!opencv-matrix
   rows: 3
   cols: 3
   dt: d
   data: [ 9.7632475612292358e-01, 6.8998078100278123e-02,
       -6.9283691085128593e-02, -6.7397389281988240e-02,
       9.7852835441808983e-01, -1.5869825398237850e-02,
       -5.4185444787819774e-02, 1.6180703353597895e-02,
       1.0241370249656399e+00 ]
T: !!opencv-matrix
   rows: 3
   cols: 1
   dt: d
   data: [ -1.7583597988570745e+02, 1.1165987052476906e+01,
       1.1099477483950027e+01 ]
E: !!opencv-matrix
   rows: 0
   cols: 0
   dt: u
   data: []
F: !!opencv-matrix
   rows: 0
   cols: 0
   dt: u
   data: []
K1: !!opencv-matrix
   rows: 3
   cols: 3
   dt: d
   data: [ 3.6627756984521932e+02, 0., 3.8060969928433269e+02, 0.,
       3.6653175179255015e+02, 2.3878059668569790e+02, 0., 0., 1. ]
D1: !!opencv-matrix
   rows: 5
   cols: 1
   dt: d
   data: [ -2.1859934914563901e-02, -9.9468572971318997e-04,
       1.6448003429794193e-03, -3.1164985765511365e-04,
       3.5195408316194161e-04 ]
P1: !!opencv-matrix
   rows: 3
   cols: 4
   dt: f
   data: [ 3.58659760e+02, 0., 3.82508453e+02, 0., 0., 3.58659760e+02,
       2.31850220e+02, 0., 0., 0., 1., 0. ]
R1: !!opencv-matrix
   rows: 3
   cols: 3
   dt: f
   data: [ 9.99958336e-01, 5.33936406e-03, -7.40643824e-03,
       -5.30505180e-03, 9.99975145e-01, 4.64470359e-03, 7.43105356e-03,
       -4.60521830e-03, 9.99961793e-01 ]
K2: !!opencv-matrix
   rows: 3
   cols: 3
   dt: d
   data: [ 3.6687495098581172e+02, 0., 3.7621769200552956e+02, 0.,
       3.6726361788508825e+02, 2.2399932895774910e+02, 0., 0., 1. ]
D2: !!opencv-matrix
   rows: 5
   cols: 1
   dt: d
   data: [ -2.2201337830972428e-02, -1.1445843221826492e-03,
       2.9199201696882579e-04, -7.1705872414221615e-04,
       5.1284674356775366e-04 ]
P2: !!opencv-matrix
   rows: 3
   cols: 4
   dt: f
   data: [ 3.58659760e+02, 0., 3.82508453e+02, -6.45390117e+04, 0.,
       3.58659760e+02, 2.31850220e+02, 0., 0., 0., 1., 0. ]
R2: !!opencv-matrix
   rows: 3
   cols: 3
   dt: f
   data: [ 9.99979913e-01, -4.67048259e-03, -4.28987481e-03,
       4.65059187e-03, 9.99978423e-01, -4.63500759e-03, 4.31142980e-03,
       4.61496413e-03, 9.99980032e-01 ]
