%YAML:1.0
---
Q: !!opencv-matrix
   rows: 4
   cols: 4
   dt: f
   data: [ 1., 0., 0., -7.89521118e+02, 0., 1., 0., -7.58726746e+02, 0.,
       0., 0., 5.99939728e+00, 0., 0., -1.16235271e-04, 0. ]
R: !!opencv-matrix
   rows: 3
   cols: 3
   dt: d
   data: [ -1.1913584669017159e-01, 4.8858163421443344e+00,
       8.3397129513690904e-01, -2.5203444550131748e-02,
       1.9669019247567210e-01, 2.4906053872015430e-01,
       1.6640257818531179e+00, 7.6331113127959014e+01,
       1.3986940655816474e+01 ]
T: !!opencv-matrix
   rows: 3
   cols: 1
   dt: d
   data: [ 2.6907479830417969e+03, 7.7322909332335666e+03,
       2.6481858863944890e+03 ]
E: !!opencv-matrix
   rows: 0
   cols: 0
   dt: u
   data: []
F: !!opencv-matrix
   rows: 0
   cols: 0
   dt: u
   data: []
K1: !!opencv-matrix
   rows: 3
   cols: 3
   dt: d
   data: [ 3.6627756984521932e+02, 0., 3.8060969928433269e+02, 0.,
       3.6653175179255015e+02, 2.3878059668569790e+02, 0., 0., 1. ]
D1: !!opencv-matrix
   rows: 5
   cols: 1
   dt: d
   data: [ -2.1859934914563901e-02, -9.9468572971318997e-04,
       1.6448003429794193e-03, -3.1164985765511365e-04,
       3.5195408316194161e-04 ]
P1: !!opencv-matrix
   rows: 3
   cols: 4
   dt: f
   data: [ 5.99939728e+00, 0., 7.89521118e+02, 0., 0., 5.99939728e+00,
       7.58726746e+02, 0., 0., 0., 1., 0. ]
R1: !!opencv-matrix
   rows: 3
   cols: 3
   dt: f
   data: [ -2.75510728e-01, 9.23464894e-01, -2.67032713e-01,
       -4.70723450e-01, 1.12599753e-01, 8.75066102e-01, 8.38160634e-01,
       3.66788656e-01, 4.03674126e-01 ]
K2: !!opencv-matrix
   rows: 3
   cols: 3
   dt: d
   data: [ 3.6687495098581172e+02, 0., 3.7621769200552956e+02, 0.,
       3.6726361788508825e+02, 2.2399932895774910e+02, 0., 0., 1. ]
D2: !!opencv-matrix
   rows: 5
   cols: 1
   dt: d
   data: [ -2.2201337830972428e-02, -1.1445843221826492e-03,
       2.9199201696882579e-04, -7.1705872414221615e-04,
       5.1284674356775366e-04 ]
P2: !!opencv-matrix
   rows: 3
   cols: 4
   dt: f
   data: [ 5.99939728e+00, 0., 7.89521118e+02, 0., 0., 5.99939728e+00,
       7.58726746e+02, 5.16142578e+04, 0., 0., 1., 0. ]
R2: !!opencv-matrix
   rows: 3
   cols: 3
   dt: f
   data: [ 4.30799246e-01, -3.58113468e-01, 8.28351855e-01,
       3.05325091e-01, 9.21602070e-01, 2.39637658e-01, -8.49228263e-01,
       1.49680883e-01, 5.06366491e-01 ]
