%YAML:1.0
---
Q: !!opencv-matrix
   rows: 4
   cols: 4
   dt: f
   data: [ 1., 0., 0., -6.93974121e+02, 0., 1., 0., -6.89056274e+02, 0.,
       0., 0., 4.34524965e+00, 0., 0., -1.16215182e-04, 0. ]
R: !!opencv-matrix
   rows: 3
   cols: 3
   dt: d
   data: [ -1.0790430552814394e+00, -4.4682139307277673e+00,
       4.8341608175571196e+00, 2.3415351097456440e+00,
       3.3077838310260148e+00, -2.6135739274355090e+00,
       6.4449767629340741e+01, 3.4757753975702407e+01,
       3.8076799334732513e+01 ]
T: !!opencv-matrix
   rows: 3
   cols: 1
   dt: d
   data: [ -2.5586238249289501e+04, 2.0517404550281452e+05,
       -9.5166372171467345e+05 ]
E: !!opencv-matrix
   rows: 0
   cols: 0
   dt: u
   data: []
F: !!opencv-matrix
   rows: 0
   cols: 0
   dt: u
   data: []
K1: !!opencv-matrix
   rows: 3
   cols: 3
   dt: d
   data: [ 3.6627756984521932e+02, 0., 3.8060969928433269e+02, 0.,
       3.6653175179255015e+02, 2.3878059668569790e+02, 0., 0., 1. ]
D1: !!opencv-matrix
   rows: 5
   cols: 1
   dt: d
   data: [ -2.1859934914563901e-02, -9.9468572971318997e-04,
       1.6448003429794193e-03, -3.1164985765511365e-04,
       3.5195408316194161e-04 ]
P1: !!opencv-matrix
   rows: 3
   cols: 4
   dt: f
   data: [ 4.34524965e+00, 0., 6.93974121e+02, 0., 0., 4.34524965e+00,
       6.89056274e+02, 0., 0., 0., 1., 0. ]
R1: !!opencv-matrix
   rows: 3
   cols: 3
   dt: f
   data: [ -2.25802079e-01, 9.20655251e-01, -3.18445265e-01,
       -4.62166071e-01, 1.86519384e-01, 8.66956174e-01, 8.57563972e-01,
       3.42935085e-01, 3.83379132e-01 ]
K2: !!opencv-matrix
   rows: 3
   cols: 3
   dt: d
   data: [ 3.6687495098581172e+02, 0., 3.7621769200552956e+02, 0.,
       3.6726361788508825e+02, 2.2399932895774910e+02, 0., 0., 1. ]
D2: !!opencv-matrix
   rows: 5
   cols: 1
   dt: d
   data: [ -2.2201337830972428e-02, -1.1445843221826492e-03,
       2.9199201696882579e-04, -7.1705872414221615e-04,
       5.1284674356775366e-04 ]
P2: !!opencv-matrix
   rows: 3
   cols: 4
   dt: f
   data: [ 4.34524965e+00, 0., 6.93974121e+02, 0., 0., 4.34524965e+00,
       6.89056274e+02, 3.73896875e+04, 0., 0., 1., 0. ]
R2: !!opencv-matrix
   rows: 3
   cols: 3
   dt: f
   data: [ 3.89404982e-01, -4.16811109e-01, 8.21359992e-01,
       3.12705785e-01, 8.98609638e-01, 3.07759404e-01, -8.66359532e-01,
       1.37000963e-01, 4.80262309e-01 ]
