%YAML:1.0
---
R: !!opencv-matrix
   rows: 3
   cols: 3
   dt: d
   data: [ 9.9876890505494476e-01, 9.5338953915412115e-03,
       4.8680377299376146e-02, -7.4133451620191767e-03,
       9.9902344252130049e-01, -4.3556900789640543e-02,
       -4.9048105048566694e-02, 4.3142393669718553e-02,
       9.9786422786849693e-01 ]
T: !!opencv-matrix
   rows: 3
   cols: 1
   dt: d
   data: [ -1.6997624825260075e+02, 1.0793888964106854e+01,
       1.0729455726644746e+01 ]
Q: !!opencv-matrix
   rows: 4
   cols: 4
   dt: d
   data: [ 1., 0., 0., -4.0759828948974609e+02, 0., 1., 0.,
       -2.3245877265930176e+02, 0., 0., 0., 3.7952466351390001e+02, 0.,
       0., 5.8597327940479154e-03, 0. ]
K1: !!opencv-matrix
   rows: 3
   cols: 3
   dt: d
   data: [ 3.6627756984521932e+02, 0., 3.8060969928433269e+02, 0.,
       3.6653175179255015e+02, 2.3878059668569790e+02, 0., 0., 1. ]
K2: !!opencv-matrix
   rows: 3
   cols: 3
   dt: d
   data: [ 3.6687495098581172e+02, 0., 3.7621769200552956e+02, 0.,
       3.6726361788508825e+02, 2.2399932895774910e+02, 0., 0., 1. ]
D1: !!opencv-matrix
   rows: 5
   cols: 1
   dt: d
   data: [ -2.1859934914563901e-02, -9.9468572971318997e-04,
       1.6448003429794193e-03, -3.1164985765511365e-04,
       3.5195408316194161e-04 ]
D2: !!opencv-matrix
   rows: 5
   cols: 1
   dt: d
   data: [ -2.2201337830972428e-02, -1.1445843221826492e-03,
       2.9199201696882579e-04, -7.1705872414221615e-04,
       5.1284674356775366e-04 ]
R1: !!opencv-matrix
   rows: 3
   cols: 3
   dt: d
   data: [ 9.9834183538979271e-01, -5.6404069473989467e-02,
       -1.1496114879088738e-02, 5.6164021917464960e-02,
       9.9821655498681749e-01, -2.0231460459000178e-02,
       1.2616748891626374e-02, 1.9552245319219418e-02,
       9.9972922701618694e-01 ]
R2: !!opencv-matrix
   rows: 3
   cols: 3
   dt: d
   data: [ 9.9601539609499434e-01, -6.3249305138288775e-02,
       -6.2871743583705425e-02, 6.4626895758875383e-02,
       9.9770659558056440e-01, 2.0122462066339549e-02,
       6.1454821505745390e-02, -2.4105487644174566e-02,
       9.9781873623375772e-01 ]
P1: !!opencv-matrix
   rows: 3
   cols: 4
   dt: d
   data: [ 3.7952466351390001e+02, 0., 4.0759828948974609e+02, 0., 0.,
       3.7952466351390001e+02, 2.3245877265930176e+02, 0., 0., 0., 1.,
       0. ]
P2: !!opencv-matrix
   rows: 3
   cols: 4
   dt: d
   data: [ 3.7952466351390001e+02, 0., 4.0759828948974609e+02,
       -6.4768254262277303e+04, 0., 3.7952466351390001e+02,
       2.3245877265930176e+02, 0., 0., 0., 1., 0. ]
