%YAML:1.0
---
Q: !!opencv-matrix
   rows: 4
   cols: 4
   dt: f
   data: [ 1., 0., 0., -3.83194580e+02, 0., 1., 0., -2.32193222e+02, 0.,
       0., 0., 3.61826416e+02, 0., 0., 5.56370430e-03, 0. ]
R: !!opencv-matrix
   rows: 3
   cols: 3
   dt: d
   data: [ 1.0000297332959731e+00, 9.7995916145537636e-03,
       -3.1502471011461415e-03, -9.6851950298895949e-03,
       9.9995681713463114e-01, 9.2348545149698175e-03,
       3.2433574046464011e-03, -9.2051101769496154e-03,
       1.0000036898107376e+00 ]
T: !!opencv-matrix
   rows: 3
   cols: 1
   dt: d
   data: [ -1.7941741947698310e+02, 1.1393760855433328e+01,
       7.7253654716114539e-01 ]
E: !!opencv-matrix
   rows: 0
   cols: 0
   dt: u
   data: []
F: !!opencv-matrix
   rows: 0
   cols: 0
   dt: u
   data: []
K1: !!opencv-matrix
   rows: 3
   cols: 3
   dt: d
   data: [ 3.6627756984521932e+02, 0., 3.8060969928433269e+02, 0.,
       3.6653175179255015e+02, 2.3878059668569790e+02, 0., 0., 1. ]
D1: !!opencv-matrix
   rows: 5
   cols: 1
   dt: d
   data: [ -2.1859934914563901e-02, -9.9468572971318997e-04,
       1.6448003429794193e-03, -3.1164985765511365e-04,
       3.5195408316194161e-04 ]
P1: !!opencv-matrix
   rows: 3
   cols: 4
   dt: f
   data: [ 3.61826416e+02, 0., 3.83194580e+02, 0., 0., 3.61826416e+02,
       2.32193222e+02, 0., 0., 0., 1., 0. ]
R1: !!opencv-matrix
   rows: 3
   cols: 3
   dt: f
   data: [ 9.98529196e-01, -5.36195263e-02, -8.02437402e-03,
       5.36554642e-02, 9.98550117e-01, 4.33226535e-03, 7.78044527e-03,
       -4.75644507e-03, 9.99958396e-01 ]
K2: !!opencv-matrix
   rows: 3
   cols: 3
   dt: d
   data: [ 3.6687495098581172e+02, 0., 3.7621769200552956e+02, 0.,
       3.6726361788508825e+02, 2.2399932895774910e+02, 0., 0., 1. ]
D2: !!opencv-matrix
   rows: 5
   cols: 1
   dt: d
   data: [ -2.2201337830972428e-02, -1.1445843221826492e-03,
       2.9199201696882579e-04, -7.1705872414221615e-04,
       5.1284674356775366e-04 ]
P2: !!opencv-matrix
   rows: 3
   cols: 4
   dt: f
   data: [ 3.61826416e+02, 0., 3.83194580e+02, -6.50333672e+04, 0.,
       3.61826416e+02, 2.32193222e+02, 0., 0., 0., 1., 0. ]
R2: !!opencv-matrix
   rows: 3
   cols: 3
   dt: f
   data: [ 9.97980475e-01, -6.33759648e-02, -4.29715309e-03,
       6.33557588e-02, 9.97979999e-01, -4.68458654e-03, 4.58536344e-03,
       4.40287637e-03, 9.99979794e-01 ]
