%YAML:1.0
---
Q: !!opencv-matrix
   rows: 4
   cols: 4
   dt: f
   data: [ 1., 0., 0., -4.10000336e+02, 0., 1., 0., -2.33623901e+02, 0.,
       0., 0., 3.69081940e+02, 0., 0., 8.11759382e-02, 0. ]
R: !!opencv-matrix
   rows: 3
   cols: 3
   dt: d
   data: [ 1.0474049575235120e+00, -5.1088630087725309e-02,
       3.3317977293764137e-02, 4.7161272692272084e-02,
       1.0484378835168984e+00, -4.4608711391158781e-02,
       -4.9032612758115657e-02, 4.8328032184958014e-02,
       1.0489806291626640e+00 ]
T: !!opencv-matrix
   rows: 3
   cols: 1
   dt: d
   data: [ -9.5778882094579139e+00, 6.0822527724458697e-01,
       6.0475481982553292e-01 ]
E: !!opencv-matrix
   rows: 0
   cols: 0
   dt: u
   data: []
F: !!opencv-matrix
   rows: 0
   cols: 0
   dt: u
   data: []
K1: !!opencv-matrix
   rows: 3
   cols: 3
   dt: d
   data: [ 3.6627756984521932e+02, 0., 3.8060969928433269e+02, 0.,
       3.6653175179255015e+02, 2.3878059668569790e+02, 0., 0., 1. ]
D1: !!opencv-matrix
   rows: 5
   cols: 1
   dt: d
   data: [ -2.1859934914563901e-02, -9.9468572971318997e-04,
       1.6448003429794193e-03, -3.1164985765511365e-04,
       3.5195408316194161e-04 ]
P1: !!opencv-matrix
   rows: 3
   cols: 4
   dt: f
   data: [ 3.69081940e+02, 0., 4.10000336e+02, 0., 0., 3.69081940e+02,
       2.33623901e+02, 0., 0., 0., 1., 0. ]
R1: !!opencv-matrix
   rows: 3
   cols: 3
   dt: f
   data: [ 9.93704915e-01, -1.10669762e-01, -1.74006633e-02,
       1.10285185e-01, 9.93663132e-01, -2.16965508e-02, 1.96915511e-02,
       1.96409337e-02, 9.99613166e-01 ]
K2: !!opencv-matrix
   rows: 3
   cols: 3
   dt: d
   data: [ 3.6687495098581172e+02, 0., 3.7621769200552956e+02, 0.,
       3.6726361788508825e+02, 2.2399932895774910e+02, 0., 0., 1. ]
D2: !!opencv-matrix
   rows: 5
   cols: 1
   dt: d
   data: [ -2.2201337830972428e-02, -1.1445843221826492e-03,
       2.9199201696882579e-04, -7.1705872414221615e-04,
       5.1284674356775366e-04 ]
P2: !!opencv-matrix
   rows: 3
   cols: 4
   dt: f
   data: [ 3.69081940e+02, 0., 4.10000336e+02, -4.54669141e+03, 0.,
       3.69081940e+02, 2.33623901e+02, 0., 0., 0., 1., 0. ]
R2: !!opencv-matrix
   rows: 3
   cols: 3
   dt: f
   data: [ 9.96014237e-01, -6.32499605e-02, -6.28890544e-02,
       6.45395666e-02, 9.97740149e-01, 1.86885390e-02, 6.15648851e-02,
       -2.26728842e-02, 9.97845531e-01 ]
