%YAML:1.0
---
Q: !!opencv-matrix
   rows: 4
   cols: 4
   dt: f
   data: [ 1., 0., 0., -3.83190216e+02, 0., 1., 0., -2.32193283e+02, 0.,
       0., 0., 3.61818298e+02, 0., 0., 5.56480931e-03, 0. ]
R: !!opencv-matrix
   rows: 3
   cols: 3
   dt: d
   data: [ 9.9987988571789010e-01, 9.7128458935063031e-03,
       -3.1326994689951431e-03, -9.6723268574710943e-03,
       1.0000246435608835e+00, 9.2343025551970704e-03,
       3.2444742857562874e-03, -9.2053113472027655e-03,
       1.0000658928204602e+00 ]
T: !!opencv-matrix
   rows: 3
   cols: 1
   dt: d
   data: [ -1.7934693560961477e+02, 1.1389285918929978e+01,
       7.7224530546538572e-01 ]
E: !!opencv-matrix
   rows: 0
   cols: 0
   dt: u
   data: []
F: !!opencv-matrix
   rows: 0
   cols: 0
   dt: u
   data: []
K1: !!opencv-matrix
   rows: 3
   cols: 3
   dt: d
   data: [ 3.6627756984521932e+02, 0., 3.8060969928433269e+02, 0.,
       3.6653175179255015e+02, 2.3878059668569790e+02, 0., 0., 1. ]
D1: !!opencv-matrix
   rows: 5
   cols: 1
   dt: d
   data: [ -2.1859934914563901e-02, -9.9468572971318997e-04,
       1.6448003429794193e-03, -3.1164985765511365e-04,
       3.5195408316194161e-04 ]
P1: !!opencv-matrix
   rows: 3
   cols: 4
   dt: f
   data: [ 3.61818298e+02, 0., 3.83190216e+02, 0., 0., 3.61818298e+02,
       2.32193283e+02, 0., 0., 0., 1., 0. ]
R1: !!opencv-matrix
   rows: 3
   cols: 3
   dt: f
   data: [ 9.98526871e-01, -5.36649153e-02, -8.01332388e-03,
       5.37008010e-02, 9.98547673e-01, 4.33214242e-03, 7.76920188e-03,
       -4.75608231e-03, 9.99958515e-01 ]
K2: !!opencv-matrix
   rows: 3
   cols: 3
   dt: d
   data: [ 3.6687495098581172e+02, 0., 3.7621769200552956e+02, 0.,
       3.6726361788508825e+02, 2.2399932895774910e+02, 0., 0., 1. ]
D2: !!opencv-matrix
   rows: 5
   cols: 1
   dt: d
   data: [ -2.2201337830972428e-02, -1.1445843221826492e-03,
       2.9199201696882579e-04, -7.1705872414221615e-04,
       5.1284674356775366e-04 ]
P2: !!opencv-matrix
   rows: 3
   cols: 4
   dt: f
   data: [ 3.61818298e+02, 0., 3.83190216e+02, -6.50189922e+04, 0.,
       3.61818298e+02, 2.32193283e+02, 0., 0., 0., 1., 0. ]
R2: !!opencv-matrix
   rows: 3
   cols: 3
   dt: f
   data: [ 9.97980475e-01, -6.33759648e-02, -4.29718522e-03,
       6.33557662e-02, 9.97979999e-01, -4.68434673e-03, 4.58537973e-03,
       4.40263515e-03, 9.99979794e-01 ]
