%YAML:1.0
---
Q: !!opencv-matrix
   rows: 4
   cols: 4
   dt: f
   data: [ 1., 0., 0., -4.13627808e+02, 0., 1., 0., -2.33893066e+02, 0.,
       0., 0., 3.67987823e+02, 0., 0., 8.38287659e+01, 0. ]
R: !!opencv-matrix
   rows: 3
   cols: 3
   dt: d
   data: [ 1.1321022030484065e+00, -5.1726896690566737e-02,
       1.9734590044724758e-02, 5.0495356680149220e-02,
       1.1285874762939894e+00, -4.7003002330768817e-02,
       -5.3069726368528962e-02, 5.1825204401151619e-02,
       1.1303988528698719e+00 ]
T: !!opencv-matrix
   rows: 3
   cols: 1
   dt: d
   data: [ -7.7984375796451332e-03, 4.9522470174372492e-04,
       4.9239893786130512e-04 ]
E: !!opencv-matrix
   rows: 0
   cols: 0
   dt: u
   data: []
F: !!opencv-matrix
   rows: 0
   cols: 0
   dt: u
   data: []
K1: !!opencv-matrix
   rows: 3
   cols: 3
   dt: d
   data: [ 3.6627756984521932e+02, 0., 3.8060969928433269e+02, 0.,
       3.6653175179255015e+02, 2.3878059668569790e+02, 0., 0., 1. ]
D1: !!opencv-matrix
   rows: 5
   cols: 1
   dt: d
   data: [ -2.1859934914563901e-02, -9.9468572971318997e-04,
       1.6448003429794193e-03, -3.1164985765511365e-04,
       3.5195408316194161e-04 ]
P1: !!opencv-matrix
   rows: 3
   cols: 4
   dt: f
   data: [ 3.67987823e+02, 0., 4.13627808e+02, 0., 0., 3.67987823e+02,
       2.33893066e+02, 0., 0., 0., 1., 0. ]
R1: !!opencv-matrix
   rows: 3
   cols: 3
   dt: f
   data: [ 9.93512809e-01, -1.10550500e-01, -2.66614165e-02,
       1.09981231e-01, 9.93691206e-01, -2.19528507e-02, 2.89201122e-02,
       1.88781824e-02, 9.99403417e-01 ]
K2: !!opencv-matrix
   rows: 3
   cols: 3
   dt: d
   data: [ 3.6687495098581172e+02, 0., 3.7621769200552956e+02, 0.,
       3.6726361788508825e+02, 2.2399932895774910e+02, 0., 0., 1. ]
D2: !!opencv-matrix
   rows: 5
   cols: 1
   dt: d
   data: [ -2.2201337830972428e-02, -1.1445843221826492e-03,
       2.9199201696882579e-04, -7.1705872414221615e-04,
       5.1284674356775366e-04 ]
P2: !!opencv-matrix
   rows: 3
   cols: 4
   dt: f
   data: [ 3.67987823e+02, 0., 4.13627808e+02, -4.38975620e+00, 0.,
       3.67987823e+02, 2.33893066e+02, 0., 0., 0., 1., 0. ]
R2: !!opencv-matrix
   rows: 3
   cols: 3
   dt: f
   data: [ 9.96014237e-01, -6.32499605e-02, -6.28890544e-02,
       6.45239949e-02, 9.97745812e-01, 1.84361376e-02, 6.15812093e-02,
       -2.24205088e-02, 9.97850239e-01 ]
