%YAML:1.0
---
Q: !!opencv-matrix
   rows: 4
   cols: 4
   dt: f
   data: [ 1., 0., 0., -3.82550751e+02, 0., 1., 0., -2.31851227e+02, 0.,
       0., 0., 3.58742889e+02, 0., 0., 5.55582903e-03, 0. ]
R: !!opencv-matrix
   rows: 3
   cols: 3
   dt: d
   data: [ 9.9993451637343378e-01, 9.7379985803702357e-03,
       -3.1490911053923152e-03, -9.6827031554533698e-03,
       9.9991307494679404e-01, 9.2346606104437325e-03,
       3.2436673989694152e-03, -9.2044373484163767e-03,
       9.9995454388066274e-01 ]
T: !!opencv-matrix
   rows: 3
   cols: 1
   dt: d
   data: [ -1.7999189426637258e+02, 8.4080839281407060e-01,
       7.7497307881813504e-01 ]
E: !!opencv-matrix
   rows: 0
   cols: 0
   dt: u
   data: []
F: !!opencv-matrix
   rows: 0
   cols: 0
   dt: u
   data: []
K1: !!opencv-matrix
   rows: 3
   cols: 3
   dt: d
   data: [ 3.6627756984521932e+02, 0., 3.8060969928433269e+02, 0.,
       3.6653175179255015e+02, 2.3878059668569790e+02, 0., 0., 1. ]
D1: !!opencv-matrix
   rows: 5
   cols: 1
   dt: d
   data: [ -2.1859934914563901e-02, -9.9468572971318997e-04,
       1.6448003429794193e-03, -3.1164985765511365e-04,
       3.5195408316194161e-04 ]
P1: !!opencv-matrix
   rows: 3
   cols: 4
   dt: f
   data: [ 3.58742889e+02, 0., 3.82550751e+02, 0., 0., 3.58742889e+02,
       2.31851227e+02, 0., 0., 0., 1., 0. ]
R1: !!opencv-matrix
   rows: 3
   cols: 3
   dt: f
   data: [ 9.99958932e-01, 5.09327697e-03, -7.49965524e-03,
       -5.05875703e-03, 9.99976575e-01, 4.61470895e-03, 7.52298348e-03,
       -4.57658060e-03, 9.99961257e-01 ]
K2: !!opencv-matrix
   rows: 3
   cols: 3
   dt: d
   data: [ 3.6687495098581172e+02, 0., 3.7621769200552956e+02, 0.,
       3.6726361788508825e+02, 2.2399932895774910e+02, 0., 0., 1. ]
D2: !!opencv-matrix
   rows: 5
   cols: 1
   dt: d
   data: [ -2.2201337830972428e-02, -1.1445843221826492e-03,
       2.9199201696882579e-04, -7.1705872414221615e-04,
       5.1284674356775366e-04 ]
P2: !!opencv-matrix
   rows: 3
   cols: 4
   dt: f
   data: [ 3.58742889e+02, 0., 3.82550751e+02, -6.45705430e+04, 0.,
       3.58742889e+02, 2.31851227e+02, 0., 0., 0., 1., 0. ]
R2: !!opencv-matrix
   rows: 3
   cols: 3
   dt: f
   data: [ 9.99979794e-01, -4.67127329e-03, -4.30551078e-03,
       4.65143705e-03, 9.99978602e-01, -4.60572867e-03, 4.32693306e-03,
       4.58560884e-03, 9.99980152e-01 ]
