%YAML:1.0
---
Q: !!opencv-matrix
   rows: 4
   cols: 4
   dt: f
   data: [ 1., 0., 0., -4.14152191e+02, 0., 1., 0., -2.33906204e+02, 0.,
       0., 0., 3.68215149e+02, 0., 0., 3.95440006e+00, 0. ]
R: !!opencv-matrix
   rows: 3
   cols: 3
   dt: d
   data: [ 1.1017495976917575e+00, -4.8278174870755981e-02,
       1.8028327736907050e-02, 4.8968478712768222e-02,
       1.0966069934604417e+00, -4.5603369158030670e-02,
       -5.1672917228909772e-02, 5.0236876321480078e-02,
       1.0985661001524567e+00 ]
T: !!opencv-matrix
   rows: 3
   cols: 1
   dt: d
   data: [ -1.2308798626436923e-01, 7.8164646012010720e-03,
       7.7718636688668026e-03 ]
E: !!opencv-matrix
   rows: 0
   cols: 0
   dt: u
   data: []
F: !!opencv-matrix
   rows: 0
   cols: 0
   dt: u
   data: []
K1: !!opencv-matrix
   rows: 3
   cols: 3
   dt: d
   data: [ 3.6627756984521932e+02, 0., 3.8060969928433269e+02, 0.,
       3.6653175179255015e+02, 2.3878059668569790e+02, 0., 0., 1. ]
D1: !!opencv-matrix
   rows: 5
   cols: 1
   dt: d
   data: [ -2.1859934914563901e-02, -9.9468572971318997e-04,
       1.6448003429794193e-03, -3.1164985765511365e-04,
       3.5195408316194161e-04 ]
P1: !!opencv-matrix
   rows: 3
   cols: 4
   dt: f
   data: [ 3.68215149e+02, 0., 4.14152191e+02, 0., 0., 3.68215149e+02,
       2.33906204e+02, 0., 0., 0., 1., 0. ]
R1: !!opencv-matrix
   rows: 3
   cols: 3
   dt: f
   data: [ 9.93751645e-01, -1.08042769e-01, -2.80070584e-02,
       1.07447803e-01, 9.93968487e-01, -2.19468419e-02, 3.02093290e-02,
       1.88004132e-02, 9.99366760e-01 ]
K2: !!opencv-matrix
   rows: 3
   cols: 3
   dt: d
   data: [ 3.6687495098581172e+02, 0., 3.7621769200552956e+02, 0.,
       3.6726361788508825e+02, 2.2399932895774910e+02, 0., 0., 1. ]
D2: !!opencv-matrix
   rows: 5
   cols: 1
   dt: d
   data: [ -2.2201337830972428e-02, -1.1445843221826492e-03,
       2.9199201696882579e-04, -7.1705872414221615e-04,
       5.1284674356775366e-04 ]
P2: !!opencv-matrix
   rows: 3
   cols: 4
   dt: f
   data: [ 3.68215149e+02, 0., 4.14152191e+02, -9.31153030e+01, 0.,
       3.68215149e+02, 2.33906204e+02, 0., 0., 0., 1., 0. ]
R2: !!opencv-matrix
   rows: 3
   cols: 3
   dt: f
   data: [ 9.96014237e-01, -6.32499605e-02, -6.28890544e-02,
       6.45213276e-02, 9.97746825e-01, 1.83929969e-02, 6.15839958e-02,
       -2.23773737e-02, 9.97851014e-01 ]
