%YAML:1.0
---
Q: !!opencv-matrix
   rows: 4
   cols: 4
   dt: f
   data: [ 1., 0., 0., -3.82551575e+02, 0., 1., 0., -2.31851212e+02, 0.,
       0., 0., 3.58742798e+02, 0., 0., 5.55556454e-03, 0. ]
R: !!opencv-matrix
   rows: 3
   cols: 3
   dt: d
   data: [ 9.9998103207732880e-01, 9.7399042835447491e-03,
       -3.1548776544694755e-03, -9.6828338844260602e-03,
       9.9989578931374057e-01, 9.2345282880639187e-03,
       3.2433365775936763e-03, -9.2042869896521284e-03,
       9.9993729196799164e-01 ]
T: !!opencv-matrix
   rows: 3
   cols: 1
   dt: d
   data: [ -1.7999732521809017e+02, 8.4083402084633929e-01,
       7.7499793961055530e-01 ]
E: !!opencv-matrix
   rows: 0
   cols: 0
   dt: u
   data: []
F: !!opencv-matrix
   rows: 0
   cols: 0
   dt: u
   data: []
K1: !!opencv-matrix
   rows: 3
   cols: 3
   dt: d
   data: [ 3.6627756984521932e+02, 0., 3.8060969928433269e+02, 0.,
       3.6653175179255015e+02, 2.3878059668569790e+02, 0., 0., 1. ]
D1: !!opencv-matrix
   rows: 5
   cols: 1
   dt: d
   data: [ -2.1859934914563901e-02, -9.9468572971318997e-04,
       1.6448003429794193e-03, -3.1164985765511365e-04,
       3.5195408316194161e-04 ]
P1: !!opencv-matrix
   rows: 3
   cols: 4
   dt: f
   data: [ 3.58742798e+02, 0., 3.82551575e+02, 0., 0., 3.58742798e+02,
       2.31851212e+02, 0., 0., 0., 1., 0. ]
R1: !!opencv-matrix
   rows: 3
   cols: 3
   dt: f
   data: [ 9.99958873e-01, 5.09434706e-03, -7.50175072e-03,
       -5.05981734e-03, 9.99976575e-01, 4.61471779e-03, 7.52508407e-03,
       -4.57657035e-03, 9.99961197e-01 ]
K2: !!opencv-matrix
   rows: 3
   cols: 3
   dt: d
   data: [ 3.6687495098581172e+02, 0., 3.7621769200552956e+02, 0.,
       3.6726361788508825e+02, 2.2399932895774910e+02, 0., 0., 1. ]
D2: !!opencv-matrix
   rows: 5
   cols: 1
   dt: d
   data: [ -2.2201337830972428e-02, -1.1445843221826492e-03,
       2.9199201696882579e-04, -7.1705872414221615e-04,
       5.1284674356775366e-04 ]
P2: !!opencv-matrix
   rows: 3
   cols: 4
   dt: f
   data: [ 3.58742798e+02, 0., 3.82551575e+02, -6.45735977e+04, 0.,
       3.58742798e+02, 2.31851212e+02, 0., 0., 0., 1., 0. ]
R2: !!opencv-matrix
   rows: 3
   cols: 3
   dt: f
   data: [ 9.99979794e-01, -4.67127468e-03, -4.30551870e-03,
       4.65143844e-03, 9.99978602e-01, -4.60572820e-03, 4.32694098e-03,
       4.58560837e-03, 9.99980152e-01 ]
