%YAML:1.0
---
Q: !!opencv-matrix
   rows: 4
   cols: 4
   dt: f
   data: [ 1., 0., 0., -4.10404266e+02, 0., 1., 0., -2.33250336e+02, 0.,
       0., 0., 3.78110016e+02, 0., 0., 8.46219435e-03, 0. ]
R: !!opencv-matrix
   rows: 3
   cols: 3
   dt: d
   data: [ 1.0211101798536586e+00, 2.5404313941660398e-03,
       2.7636188827764818e-02, -7.5754483588402191e-03,
       1.0218948859504207e+00, -4.3128425875243882e-02,
       -5.0143894481763387e-02, 4.4565009980881580e-02,
       1.0216490773018831e+00 ]
T: !!opencv-matrix
   rows: 3
   cols: 1
   dt: d
   data: [ -8.0448822462713963e+01, 5.1087158647281798e+00,
       5.0790566618733006e+00 ]
E: !!opencv-matrix
   rows: 0
   cols: 0
   dt: u
   data: []
F: !!opencv-matrix
   rows: 0
   cols: 0
   dt: u
   data: []
K1: !!opencv-matrix
   rows: 3
   cols: 3
   dt: d
   data: [ 3.6627756984521932e+02, 0., 3.8060969928433269e+02, 0.,
       3.6653175179255015e+02, 2.3878059668569790e+02, 0., 0., 1. ]
D1: !!opencv-matrix
   rows: 5
   cols: 1
   dt: d
   data: [ -2.1859934914563901e-02, -9.9468572971318997e-04,
       1.6448003429794193e-03, -3.1164985765511365e-04,
       3.5195408316194161e-04 ]
P1: !!opencv-matrix
   rows: 3
   cols: 4
   dt: f
   data: [ 3.78110016e+02, 0., 4.10404266e+02, 0., 0., 3.78110016e+02,
       2.33250336e+02, 0., 0., 0., 1., 0. ]
R1: !!opencv-matrix
   rows: 3
   cols: 3
   dt: f
   data: [ 9.98091340e-01, -5.88677004e-02, -1.86610948e-02,
       5.84641509e-02, 9.98058379e-01, -2.14799177e-02, 1.98893342e-02,
       2.03479156e-02, 9.99595106e-01 ]
K2: !!opencv-matrix
   rows: 3
   cols: 3
   dt: d
   data: [ 3.6687495098581172e+02, 0., 3.7621769200552956e+02, 0.,
       3.6726361788508825e+02, 2.2399932895774910e+02, 0., 0., 1. ]
D2: !!opencv-matrix
   rows: 5
   cols: 1
   dt: d
   data: [ -2.2201337830972428e-02, -1.1445843221826492e-03,
       2.9199201696882579e-04, -7.1705872414221615e-04,
       5.1284674356775366e-04 ]
P2: !!opencv-matrix
   rows: 3
   cols: 4
   dt: f
   data: [ 3.78110016e+02, 0., 4.10404266e+02, -4.46822695e+04, 0.,
       3.78110016e+02, 2.33250336e+02, 0., 0., 0., 1., 0. ]
R2: !!opencv-matrix
   rows: 3
   cols: 3
   dt: f
   data: [ 9.96014714e-01, -6.32496029e-02, -6.28824010e-02,
       6.45527840e-02, 9.97735083e-01, 1.89111102e-02, 6.15438595e-02,
       -2.28949785e-02, 9.97841775e-01 ]
