%YAML:1.0
---
Q: !!opencv-matrix
   rows: 4
   cols: 4
   dt: f
   data: [ 1., 0., 0., -4.29481232e+02, 0., 1., 0., -2.33903259e+02, 0.,
       0., 0., 3.65816711e+02, 0., 0., 5.42534469e-03, 0. ]
R: !!opencv-matrix
   rows: 3
   cols: 3
   dt: d
   data: [ 9.9682479071879326e-01, 1.0705220595663242e-02,
       -3.1691432984302017e-03, -9.4111409089188032e-03,
       1.0012102006571617e+00, 9.2479288951579225e-03,
       3.5313635829573344e-03, -9.2784289749299857e-03,
       1.0013145617065355e+00 ]
T: !!opencv-matrix
   rows: 3
   cols: 1
   dt: d
   data: [ -1.8386305397813356e+02, 1.1675941072751124e+01,
       1.1608399625031925e+01 ]
E: !!opencv-matrix
   rows: 0
   cols: 0
   dt: u
   data: []
F: !!opencv-matrix
   rows: 0
   cols: 0
   dt: u
   data: []
K1: !!opencv-matrix
   rows: 3
   cols: 3
   dt: d
   data: [ 3.6627756984521932e+02, 0., 3.8060969928433269e+02, 0.,
       3.6653175179255015e+02, 2.3878059668569790e+02, 0., 0., 1. ]
D1: !!opencv-matrix
   rows: 5
   cols: 1
   dt: d
   data: [ -2.1859934914563901e-02, -9.9468572971318997e-04,
       1.6448003429794193e-03, -3.1164985765511365e-04,
       3.5195408316194161e-04 ]
P1: !!opencv-matrix
   rows: 3
   cols: 4
   dt: f
   data: [ 3.65816711e+02, 0., 4.29481232e+02, 0., 0., 3.65816711e+02,
       2.33903259e+02, 0., 0., 0., 1., 0. ]
R1: !!opencv-matrix
   rows: 3
   cols: 3
   dt: f
   data: [ 9.96374249e-01, -5.24548814e-02, -6.69842511e-02,
       5.27504198e-02, 9.98604238e-01, 2.64978199e-03, 6.67517632e-02,
       -6.17362186e-03, 9.97750521e-01 ]
K2: !!opencv-matrix
   rows: 3
   cols: 3
   dt: d
   data: [ 3.6687495098581172e+02, 0., 3.7621769200552956e+02, 0.,
       3.6726361788508825e+02, 2.2399932895774910e+02, 0., 0., 1. ]
D2: !!opencv-matrix
   rows: 5
   cols: 1
   dt: d
   data: [ -2.2201337830972428e-02, -1.1445843221826492e-03,
       2.9199201696882579e-04, -7.1705872414221615e-04,
       5.1284674356775366e-04 ]
P2: !!opencv-matrix
   rows: 3
   cols: 4
   dt: f
   data: [ 3.65816711e+02, 0., 4.29481232e+02, -6.74273672e+04, 0.,
       3.65816711e+02, 2.33903259e+02, 0., 0., 0., 1., 0. ]
R2: !!opencv-matrix
   rows: 3
   cols: 3
   dt: f
   data: [ 9.96014535e-01, -6.32503703e-02, -6.28844872e-02,
       6.29718006e-02, 9.97994781e-01, -6.40404085e-03, 6.31634519e-02,
       2.41856812e-03, 9.98000264e-01 ]
