%YAML:1.0
---
Q: !!opencv-matrix
   rows: 4
   cols: 4
   dt: f
   data: [ 1., 0., 0., -3.82551971e+02, 0., 1., 0., -2.31851212e+02, 0.,
       0., 0., 3.58742676e+02, 0., 0., 5.55552589e-03, 0. ]
R: !!opencv-matrix
   rows: 3
   cols: 3
   dt: d
   data: [ 9.9965875407659088e-01, 9.6197076243052636e-03,
       -3.0757824572961753e-03, -9.6544353133514102e-03,
       1.0001021128960623e+00, 9.2313343104432673e-03,
       3.2459650873428716e-03, -9.2055626437983450e-03,
       1.0001371612443162e+00 ]
T: !!opencv-matrix
   rows: 3
   cols: 1
   dt: d
   data: [ -1.7938978832155601e+02, 1.1392006933259628e+01,
       7.7242425787180702e-01 ]
E: !!opencv-matrix
   rows: 0
   cols: 0
   dt: u
   data: []
F: !!opencv-matrix
   rows: 0
   cols: 0
   dt: u
   data: []
K1: !!opencv-matrix
   rows: 3
   cols: 3
   dt: d
   data: [ 3.6627756984521932e+02, 0., 3.8060969928433269e+02, 0.,
       3.6653175179255015e+02, 2.3878059668569790e+02, 0., 0., 1. ]
D1: !!opencv-matrix
   rows: 5
   cols: 1
   dt: d
   data: [ -2.1859934914563901e-02, -9.9468572971318997e-04,
       1.6448003429794193e-03, -3.1164985765511365e-04,
       3.5195408316194161e-04 ]
P1: !!opencv-matrix
   rows: 3
   cols: 4
   dt: f
   data: [ 3.58742676e+02, 0., 3.82551971e+02, 0., 0., 3.58742676e+02,
       2.31851212e+02, 0., 0., 0., 1., 0. ]
R1: !!opencv-matrix
   rows: 3
   cols: 3
   dt: f
   data: [ 9.99958873e-01, 5.09459851e-03, -7.50276260e-03,
       -5.06006368e-03, 9.99976575e-01, 4.61472012e-03, 7.52609689e-03,
       -4.57656616e-03, 9.99961197e-01 ]
K2: !!opencv-matrix
   rows: 3
   cols: 3
   dt: d
   data: [ 3.6687495098581172e+02, 0., 3.7621769200552956e+02, 0.,
       3.6726361788508825e+02, 2.2399932895774910e+02, 0., 0., 1. ]
D2: !!opencv-matrix
   rows: 5
   cols: 1
   dt: d
   data: [ -2.2201337830972428e-02, -1.1445843221826492e-03,
       2.9199201696882579e-04, -7.1705872414221615e-04,
       5.1284674356775366e-04 ]
P2: !!opencv-matrix
   rows: 3
   cols: 4
   dt: f
   data: [ 3.58742676e+02, 0., 3.82551971e+02, -6.45740234e+04, 0.,
       3.58742676e+02, 2.31851212e+02, 0., 0., 0., 1., 0. ]
R2: !!opencv-matrix
   rows: 3
   cols: 3
   dt: f
   data: [ 9.99979794e-01, -4.67127515e-03, -4.30552103e-03,
       4.65143891e-03, 9.99978602e-01, -4.60572727e-03, 4.32694377e-03,
       4.58560744e-03, 9.99980152e-01 ]
