%YAML:1.0
---
Q: !!opencv-matrix
   rows: 4
   cols: 4
   dt: f
   data: [ 1., 0., 0., -4.05005432e+02, 0., 1., 0., -2.33226105e+02, 0.,
       0., 0., 3.69068573e+02, 0., 0., 1.32509577e-03, 0. ]
R: !!opencv-matrix
   rows: 3
   cols: 3
   dt: d
   data: [ 1.0311385551225025e+00, -4.4202700463492985e-02,
       5.0171513797059086e-02, 4.6388689588697012e-02,
       1.0314027057885600e+00, -4.5004614119733097e-02,
       -4.8277784443681637e-02, 4.7177429740874043e-02,
       1.0312253989625690e+00 ]
T: !!opencv-matrix
   rows: 3
   cols: 1
   dt: d
   data: [ -7.6004928595346109e+02, 4.5583212739195922e+01,
       4.5311120981085942e+01 ]
E: !!opencv-matrix
   rows: 0
   cols: 0
   dt: u
   data: []
F: !!opencv-matrix
   rows: 0
   cols: 0
   dt: u
   data: []
K1: !!opencv-matrix
   rows: 3
   cols: 3
   dt: d
   data: [ 3.6627756984521932e+02, 0., 3.8060969928433269e+02, 0.,
       3.6653175179255015e+02, 2.3878059668569790e+02, 0., 0., 1. ]
D1: !!opencv-matrix
   rows: 5
   cols: 1
   dt: d
   data: [ -2.1859934914563901e-02, -9.9468572971318997e-04,
       1.6448003429794193e-03, -3.1164985765511365e-04,
       3.5195408316194161e-04 ]
P1: !!opencv-matrix
   rows: 3
   cols: 4
   dt: f
   data: [ 3.69068573e+02, 0., 4.05005432e+02, 0., 0., 3.69068573e+02,
       2.33226105e+02, 0., 0., 0., 1., 0. ]
R1: !!opencv-matrix
   rows: 3
   cols: 3
   dt: f
   data: [ 9.94441032e-01, -1.04972154e-01, -8.24225694e-03,
       1.04776278e-01, 9.94265556e-01, -2.13990118e-02, 1.04412921e-02,
       2.04164628e-02, 9.99737024e-01 ]
K2: !!opencv-matrix
   rows: 3
   cols: 3
   dt: d
   data: [ 3.6687495098581172e+02, 0., 3.7621769200552956e+02, 0.,
       3.6726361788508825e+02, 2.2399932895774910e+02, 0., 0., 1. ]
D2: !!opencv-matrix
   rows: 5
   cols: 1
   dt: d
   data: [ -2.2201337830972428e-02, -1.1445843221826492e-03,
       2.9199201696882579e-04, -7.1705872414221615e-04,
       5.1284674356775366e-04 ]
P2: !!opencv-matrix
   rows: 3
   cols: 4
   dt: f
   data: [ 3.69068573e+02, 0., 4.05005432e+02, -2.78522188e+05, 0.,
       3.69068573e+02, 2.33226105e+02, 0., 0., 0., 1., 0. ]
R2: !!opencv-matrix
   rows: 3
   cols: 3
   dt: f
   data: [ 9.96443570e-01, -5.97607307e-02, -5.94040118e-02,
       6.09924495e-02, 9.97954667e-01, 1.91406701e-02, 5.81386536e-02,
       -2.26957947e-02, 9.98050511e-01 ]
