%YAML:1.0
---
Q: !!opencv-matrix
   rows: 4
   cols: 4
   dt: f
   data: [ 1., 0., 0., -4.04993103e+02, 0., 1., 0., -2.33224319e+02, 0.,
       0., 0., 3.69027832e+02, 0., 0., 1.34811434e-03, 0. ]
R: !!opencv-matrix
   rows: 3
   cols: 3
   dt: d
   data: [ 1.0312897071807769e+00, -4.4133027988227540e-02,
       5.0206416914792232e-02, 4.6386462343481552e-02,
       1.0314635232411338e+00, -4.5009360681262975e-02,
       -4.8285961849866707e-02, 4.7176090221173445e-02,
       1.0312886593839854e+00 ]
T: !!opencv-matrix
   rows: 3
   cols: 1
   dt: d
   data: [ -7.4147278304496967e+02, 4.4469105295920627e+01,
       4.4203664693586916e+01 ]
E: !!opencv-matrix
   rows: 0
   cols: 0
   dt: u
   data: []
F: !!opencv-matrix
   rows: 0
   cols: 0
   dt: u
   data: []
K1: !!opencv-matrix
   rows: 3
   cols: 3
   dt: d
   data: [ 3.6627756984521932e+02, 0., 3.8060969928433269e+02, 0.,
       3.6653175179255015e+02, 2.3878059668569790e+02, 0., 0., 1. ]
D1: !!opencv-matrix
   rows: 5
   cols: 1
   dt: d
   data: [ -2.1859934914563901e-02, -9.9468572971318997e-04,
       1.6448003429794193e-03, -3.1164985765511365e-04,
       3.5195408316194161e-04 ]
P1: !!opencv-matrix
   rows: 3
   cols: 4
   dt: f
   data: [ 3.69027832e+02, 0., 4.04993103e+02, 0., 0., 3.69027832e+02,
       2.33224319e+02, 0., 0., 0., 1., 0. ]
R1: !!opencv-matrix
   rows: 3
   cols: 3
   dt: f
   data: [ 9.94459927e-01, -1.04795046e-01, -8.21157452e-03,
       1.04599841e-01, 9.94284213e-01, -2.13970654e-02, 1.04069449e-02,
       2.04195958e-02, 9.99737322e-01 ]
K2: !!opencv-matrix
   rows: 3
   cols: 3
   dt: d
   data: [ 3.6687495098581172e+02, 0., 3.7621769200552956e+02, 0.,
       3.6726361788508825e+02, 2.2399932895774910e+02, 0., 0., 1. ]
D2: !!opencv-matrix
   rows: 5
   cols: 1
   dt: d
   data: [ -2.2201337830972428e-02, -1.1445843221826492e-03,
       2.9199201696882579e-04, -7.1705872414221615e-04,
       5.1284674356775366e-04 ]
P2: !!opencv-matrix
   rows: 3
   cols: 4
   dt: f
   data: [ 3.69027832e+02, 0., 4.04993103e+02, -2.73736313e+05, 0.,
       3.69027832e+02, 2.33224319e+02, 0., 0., 0., 1., 0. ]
R2: !!opencv-matrix
   rows: 3
   cols: 3
   dt: f
   data: [ 9.96443570e-01, -5.97607307e-02, -5.94039932e-02,
       6.09924756e-02, 9.97954667e-01, 1.91411655e-02, 5.81386052e-02,
       -2.26962883e-02, 9.98050511e-01 ]
