%YAML:1.0
---
Q: !!opencv-matrix
   rows: 4
   cols: 4
   dt: f
   data: [ 1., 0., 0., -4.04989685e+02, 0., 1., 0., -2.33224884e+02, 0.,
       0., 0., 3.69078094e+02, 0., 0., 1.09769462e-03, 0. ]
R: !!opencv-matrix
   rows: 3
   cols: 3
   dt: d
   data: [ 1.0305616115259009e+00, -4.4150440853873173e-02,
       5.0182368913556055e-02, 4.6355860402955897e-02,
       1.0307586278844827e+00, -4.4979100518715537e-02,
       -4.8251610188718215e-02, 4.7146563351537780e-02,
       1.0305804035959136e+00 ]
T: !!opencv-matrix
   rows: 3
   cols: 1
   dt: d
   data: [ -9.1517001812519493e+02, 5.4886426314916392e+01,
       5.4558798384773908e+01 ]
E: !!opencv-matrix
   rows: 0
   cols: 0
   dt: u
   data: []
F: !!opencv-matrix
   rows: 0
   cols: 0
   dt: u
   data: []
K1: !!opencv-matrix
   rows: 3
   cols: 3
   dt: d
   data: [ 3.6627756984521932e+02, 0., 3.8060969928433269e+02, 0.,
       3.6653175179255015e+02, 2.3878059668569790e+02, 0., 0., 1. ]
D1: !!opencv-matrix
   rows: 5
   cols: 1
   dt: d
   data: [ -2.1859934914563901e-02, -9.9468572971318997e-04,
       1.6448003429794193e-03, -3.1164985765511365e-04,
       3.5195408316194161e-04 ]
P1: !!opencv-matrix
   rows: 3
   cols: 4
   dt: f
   data: [ 3.69078094e+02, 0., 4.04989685e+02, 0., 0., 3.69078094e+02,
       2.33224884e+02, 0., 0., 0., 1., 0. ]
R1: !!opencv-matrix
   rows: 3
   cols: 3
   dt: f
   data: [ 9.94443893e-01, -1.04948193e-01, -8.20205547e-03,
       1.04753152e-01, 9.94268000e-01, -2.13978067e-02, 1.04007032e-02,
       2.04197261e-02, 9.99737382e-01 ]
K2: !!opencv-matrix
   rows: 3
   cols: 3
   dt: d
   data: [ 3.6687495098581172e+02, 0., 3.7621769200552956e+02, 0.,
       3.6726361788508825e+02, 2.2399932895774910e+02, 0., 0., 1. ]
D2: !!opencv-matrix
   rows: 5
   cols: 1
   dt: d
   data: [ -2.2201337830972428e-02, -1.1445843221826492e-03,
       2.9199201696882579e-04, -7.1705872414221615e-04,
       5.1284674356775366e-04 ]
P2: !!opencv-matrix
   rows: 3
   cols: 4
   dt: f
   data: [ 3.69078094e+02, 0., 4.04989685e+02, -3.36230188e+05, 0.,
       3.69078094e+02, 2.33224884e+02, 0., 0., 0., 1., 0. ]
R2: !!opencv-matrix
   rows: 3
   cols: 3
   dt: f
   data: [ 9.96443570e-01, -5.97607307e-02, -5.94040044e-02,
       6.09925054e-02, 9.97954667e-01, 1.91416852e-02, 5.81385829e-02,
       -2.26968080e-02, 9.98050451e-01 ]
