%YAML:1.0
---
Q: !!opencv-matrix
   rows: 4
   cols: 4
   dt: f
   data: [ 1., 0., 0., -4.04894867e+02, 0., 1., 0., -2.32954956e+02, 0.,
       0., 0., 3.78349579e+02, 0., 0., 1.41434337e-03, 0. ]
R: !!opencv-matrix
   rows: 3
   cols: 3
   dt: d
   data: [ 1.0315650620676344e+00, 9.8443951769621209e-03,
       5.0199687894879670e-02, -7.6554203369733525e-03,
       1.0318536446996160e+00, -4.4983453038573672e-02,
       -5.0658351593962210e-02, 4.4560299926275054e-02,
       1.0306609713545412e+00 ]
T: !!opencv-matrix
   rows: 3
   cols: 1
   dt: d
   data: [ -7.0452738036194637e+02, 4.2253325511147779e+01,
       4.2000906288990500e+01 ]
E: !!opencv-matrix
   rows: 0
   cols: 0
   dt: u
   data: []
F: !!opencv-matrix
   rows: 0
   cols: 0
   dt: u
   data: []
K1: !!opencv-matrix
   rows: 3
   cols: 3
   dt: d
   data: [ 3.6627756984521932e+02, 0., 3.8060969928433269e+02, 0.,
       3.6653175179255015e+02, 2.3878059668569790e+02, 0., 0., 1. ]
D1: !!opencv-matrix
   rows: 5
   cols: 1
   dt: d
   data: [ -2.1859934914563901e-02, -9.9468572971318997e-04,
       1.6448003429794193e-03, -3.1164985765511365e-04,
       3.5195408316194161e-04 ]
P1: !!opencv-matrix
   rows: 3
   cols: 4
   dt: f
   data: [ 3.78349579e+02, 0., 4.04894867e+02, 0., 0., 3.78349579e+02,
       2.32954956e+02, 0., 0., 0., 1., 0. ]
R1: !!opencv-matrix
   rows: 3
   cols: 3
   dt: f
   data: [ 9.98573124e-01, -5.27671799e-02, -8.20578821e-03,
       5.25826290e-02, 9.98389840e-01, -2.12795250e-02, 9.31543577e-03,
       2.08176803e-02, 9.99739885e-01 ]
K2: !!opencv-matrix
   rows: 3
   cols: 3
   dt: d
   data: [ 3.6687495098581172e+02, 0., 3.7621769200552956e+02, 0.,
       3.6726361788508825e+02, 2.2399932895774910e+02, 0., 0., 1. ]
D2: !!opencv-matrix
   rows: 5
   cols: 1
   dt: d
   data: [ -2.2201337830972428e-02, -1.1445843221826492e-03,
       2.9199201696882579e-04, -7.1705872414221615e-04,
       5.1284674356775366e-04 ]
P2: !!opencv-matrix
   rows: 3
   cols: 4
   dt: f
   data: [ 3.78349579e+02, 0., 4.04894867e+02, -267509., 0.,
       3.78349579e+02, 2.32954956e+02, 0., 0., 0., 1., 0. ]
R2: !!opencv-matrix
   rows: 3
   cols: 3
   dt: f
   data: [ 9.96443629e-01, -5.97607084e-02, -5.94037026e-02,
       6.09993599e-02, 9.97951984e-01, 1.92598384e-02, 5.81310615e-02,
       -2.28149313e-02, 9.98048246e-01 ]
