%YAML:1.0
---
Q: !!opencv-matrix
   rows: 4
   cols: 4
   dt: f
   data: [ 1., 0., 0., -4.25513031e+02, 0., 1., 0., -2.33711838e+02, 0.,
       0., 0., 3.70896729e+02, 0., 0., 1.47068046e-03, 0. ]
R: !!opencv-matrix
   rows: 3
   cols: 3
   dt: d
   data: [ 1.0331467571486770e+00, 9.6687807028725432e-03,
       4.8732931133596780e-02, -7.7621031036078317e-03,
       1.0316390278418746e+00, -4.4886332571005209e-02,
       -5.0755009298240693e-02, 4.4560924028132227e-02,
       1.0305230002346175e+00 ]
T: !!opencv-matrix
   rows: 3
   cols: 1
   dt: d
   data: [ -6.7257355295165519e+02, 4.0336926488590855e+01,
       4.0095954226849663e+01 ]
E: !!opencv-matrix
   rows: 0
   cols: 0
   dt: u
   data: []
F: !!opencv-matrix
   rows: 0
   cols: 0
   dt: u
   data: []
K1: !!opencv-matrix
   rows: 3
   cols: 3
   dt: d
   data: [ 3.6627756984521932e+02, 0., 3.8060969928433269e+02, 0.,
       3.6653175179255015e+02, 2.3878059668569790e+02, 0., 0., 1. ]
D1: !!opencv-matrix
   rows: 5
   cols: 1
   dt: d
   data: [ -2.1859934914563901e-02, -9.9468572971318997e-04,
       1.6448003429794193e-03, -3.1164985765511365e-04,
       3.5195408316194161e-04 ]
P1: !!opencv-matrix
   rows: 3
   cols: 4
   dt: f
   data: [ 3.70896729e+02, 0., 4.25513031e+02, 0., 0., 3.70896729e+02,
       2.33711838e+02, 0., 0., 0., 1., 0. ]
R1: !!opencv-matrix
   rows: 3
   cols: 3
   dt: f
   data: [ 9.96776700e-01, -5.27471267e-02, -6.04476035e-02,
       5.14193326e-02, 9.98404920e-01, -2.33160593e-02, 6.15810417e-02,
       2.01327298e-02, 9.97898996e-01 ]
K2: !!opencv-matrix
   rows: 3
   cols: 3
   dt: d
   data: [ 3.6687495098581172e+02, 0., 3.7621769200552956e+02, 0.,
       3.6726361788508825e+02, 2.2399932895774910e+02, 0., 0., 1. ]
D2: !!opencv-matrix
   rows: 5
   cols: 1
   dt: d
   data: [ -2.2201337830972428e-02, -1.1445843221826492e-03,
       2.9199201696882579e-04, -7.1705872414221615e-04,
       5.1284674356775366e-04 ]
P2: !!opencv-matrix
   rows: 3
   cols: 4
   dt: f
   data: [ 3.70896729e+02, 0., 4.25513031e+02, -2.52193953e+05, 0.,
       3.70896729e+02, 2.33711838e+02, 0., 0., 0., 1., 0. ]
R2: !!opencv-matrix
   rows: 3
   cols: 3
   dt: f
   data: [ 9.96443510e-01, -5.97609617e-02, -5.94051927e-02,
       6.10395409e-02, 9.97936070e-01, 1.99450161e-02, 5.80906495e-02,
       -2.35001463e-02, 9.98034656e-01 ]
