%YAML:1.0
---
Q: !!opencv-matrix
   rows: 4
   cols: 4
   dt: f
   data: [ 1., 0., 0., -4.05042938e+02, 0., 1., 0., -2.32960571e+02, 0.,
       0., 0., 3.78279724e+02, 0., 0., 1.46436249e-03, 0. ]
R: !!opencv-matrix
   rows: 3
   cols: 3
   dt: d
   data: [ 1.0326049622507107e+00, 9.6376996501870323e-03,
       4.9471636745328590e-02, -7.7260096407479337e-03,
       1.0317094480791313e+00, -4.4933422845599917e-02,
       -5.0721989816943175e-02, 4.4565774357281214e-02,
       1.0305475980910521e+00 ]
T: !!opencv-matrix
   rows: 3
   cols: 1
   dt: d
   data: [ -6.8332045949132066e+02, 4.0981461848143674e+01,
       4.0736643741587265e+01 ]
E: !!opencv-matrix
   rows: 0
   cols: 0
   dt: u
   data: []
F: !!opencv-matrix
   rows: 0
   cols: 0
   dt: u
   data: []
K1: !!opencv-matrix
   rows: 3
   cols: 3
   dt: d
   data: [ 3.6627756984521932e+02, 0., 3.8060969928433269e+02, 0.,
       3.6653175179255015e+02, 2.3878059668569790e+02, 0., 0., 1. ]
D1: !!opencv-matrix
   rows: 5
   cols: 1
   dt: d
   data: [ -2.1859934914563901e-02, -9.9468572971318997e-04,
       1.6448003429794193e-03, -3.1164985765511365e-04,
       3.5195408316194161e-04 ]
P1: !!opencv-matrix
   rows: 3
   cols: 4
   dt: f
   data: [ 3.78279724e+02, 0., 4.05042938e+02, 0., 0., 3.78279724e+02,
       2.32960571e+02, 0., 0., 0., 1., 0. ]
R1: !!opencv-matrix
   rows: 3
   cols: 3
   dt: f
   data: [ 9.98566151e-01, -5.28392270e-02, -8.58378876e-03,
       5.26467450e-02, 9.98386323e-01, -2.12849248e-02, 9.69461631e-03,
       2.08024979e-02, 9.99736607e-01 ]
K2: !!opencv-matrix
   rows: 3
   cols: 3
   dt: d
   data: [ 3.6687495098581172e+02, 0., 3.7621769200552956e+02, 0.,
       3.6726361788508825e+02, 2.2399932895774910e+02, 0., 0., 1. ]
D2: !!opencv-matrix
   rows: 5
   cols: 1
   dt: d
   data: [ -2.2201337830972428e-02, -1.1445843221826492e-03,
       2.9199201696882579e-04, -7.1705872414221615e-04,
       5.1284674356775366e-04 ]
P2: !!opencv-matrix
   rows: 3
   cols: 4
   dt: f
   data: [ 3.78279724e+02, 0., 4.05042938e+02, -2.58323813e+05, 0.,
       3.78279724e+02, 2.32960571e+02, 0., 0., 0., 1., 0. ]
R2: !!opencv-matrix
   rows: 3
   cols: 3
   dt: f
   data: [ 9.96443629e-01, -5.97607121e-02, -5.94037175e-02,
       6.09990805e-02, 9.97952104e-01, 1.92549862e-02, 5.81313744e-02,
       -2.28100792e-02, 9.98048306e-01 ]
