%YAML:1.0
---
Q: !!opencv-matrix
   rows: 4
   cols: 4
   dt: f
   data: [ 1., 0., 0., -4.04998535e+02, 0., 1., 0., -2.33225586e+02, 0.,
       0., 0., 3.69073517e+02, 0., 0., 1.27134065e-03, 0. ]
R: !!opencv-matrix
   rows: 3
   cols: 3
   dt: d
   data: [ 1.0310432150959621e+00, -4.4186519672905496e-02,
       5.0183539320783462e-02, 4.6378582553744302e-02,
       1.0312513163635166e+00, -4.4999194888666279e-02,
       -4.8274030055952787e-02, 4.7169952600476350e-02,
       1.0310734641489048e+00 ]
T: !!opencv-matrix
   rows: 3
   cols: 1
   dt: d
   data: [ -7.9157730824356565e+02, 4.7474074584257281e+01,
       4.7190693113146416e+01 ]
E: !!opencv-matrix
   rows: 0
   cols: 0
   dt: u
   data: []
F: !!opencv-matrix
   rows: 0
   cols: 0
   dt: u
   data: []
K1: !!opencv-matrix
   rows: 3
   cols: 3
   dt: d
   data: [ 3.6627756984521932e+02, 0., 3.8060969928433269e+02, 0.,
       3.6653175179255015e+02, 2.3878059668569790e+02, 0., 0., 1. ]
D1: !!opencv-matrix
   rows: 5
   cols: 1
   dt: d
   data: [ -2.1859934914563901e-02, -9.9468572971318997e-04,
       1.6448003429794193e-03, -3.1164985765511365e-04,
       3.5195408316194161e-04 ]
P1: !!opencv-matrix
   rows: 3
   cols: 4
   dt: f
   data: [ 3.69073517e+02, 0., 4.04998535e+02, 0., 0., 3.69073517e+02,
       2.33225586e+02, 0., 0., 0., 1., 0. ]
R1: !!opencv-matrix
   rows: 3
   cols: 3
   dt: f
   data: [ 9.94441986e-01, -1.04964256e-01, -8.22464842e-03,
       1.04768738e-01, 9.94266391e-01, -2.13985015e-02, 1.04235690e-02,
       2.04178821e-02, 9.99737203e-01 ]
K2: !!opencv-matrix
   rows: 3
   cols: 3
   dt: d
   data: [ 3.6687495098581172e+02, 0., 3.7621769200552956e+02, 0.,
       3.6726361788508825e+02, 2.2399932895774910e+02, 0., 0., 1. ]
D2: !!opencv-matrix
   rows: 5
   cols: 1
   dt: d
   data: [ -2.2201337830972428e-02, -1.1445843221826492e-03,
       2.9199201696882579e-04, -7.1705872414221615e-04,
       5.1284674356775366e-04 ]
P2: !!opencv-matrix
   rows: 3
   cols: 4
   dt: f
   data: [ 3.69073517e+02, 0., 4.04998535e+02, -2.90302625e+05, 0.,
       3.69073517e+02, 2.33225586e+02, 0., 0., 0., 1., 0. ]
R2: !!opencv-matrix
   rows: 3
   cols: 3
   dt: f
   data: [ 9.96443570e-01, -5.97607307e-02, -5.94040081e-02,
       6.09924719e-02, 9.97954667e-01, 1.91411190e-02, 5.81386201e-02,
       -2.26962436e-02, 9.98050511e-01 ]
