%YAML:1.0
---
Q: !!opencv-matrix
   rows: 4
   cols: 4
   dt: f
   data: [ 1., 0., 0., -3.82789032e+02, 0., 1., 0., -2.32161545e+02, 0.,
       0., 0., 3.61124634e+02, 0., 0., 1.76392205e-03, 0. ]
R: !!opencv-matrix
   rows: 3
   cols: 3
   dt: d
   data: [ 1.0326884444787938e+00, 9.3635751250335363e-03,
       -3.3935682009061268e-03, -1.0092382078798806e-02,
       1.0308478958845562e+00, 9.5285930571096713e-03,
       3.3361021305642392e-03, -9.4855337996910868e-03,
       1.0308527410496482e+00 ]
T: !!opencv-matrix
   rows: 3
   cols: 1
   dt: d
   data: [ -5.6347898459704970e+02, 3.3794129132212291e+01,
       2.2845713370254654e+00 ]
E: !!opencv-matrix
   rows: 0
   cols: 0
   dt: u
   data: []
F: !!opencv-matrix
   rows: 0
   cols: 0
   dt: u
   data: []
K1: !!opencv-matrix
   rows: 3
   cols: 3
   dt: d
   data: [ 3.6627756984521932e+02, 0., 3.8060969928433269e+02, 0.,
       3.6653175179255015e+02, 2.3878059668569790e+02, 0., 0., 1. ]
D1: !!opencv-matrix
   rows: 5
   cols: 1
   dt: d
   data: [ -2.1859934914563901e-02, -9.9468572971318997e-04,
       1.6448003429794193e-03, -3.1164985765511365e-04,
       3.5195408316194161e-04 ]
P1: !!opencv-matrix
   rows: 3
   cols: 4
   dt: f
   data: [ 3.61124634e+02, 0., 3.82789032e+02, 0., 0., 3.61124634e+02,
       2.32161545e+02, 0., 0., 0., 1., 0. ]
R1: !!opencv-matrix
   rows: 3
   cols: 3
   dt: f
   data: [ 9.98686135e-01, -5.07216565e-02, -7.30506191e-03,
       5.07543311e-02, 9.98701632e-01, 4.35891561e-03, 7.07448600e-03,
       -4.72395169e-03, 9.99963820e-01 ]
K2: !!opencv-matrix
   rows: 3
   cols: 3
   dt: d
   data: [ 3.6687495098581172e+02, 0., 3.7621769200552956e+02, 0.,
       3.6726361788508825e+02, 2.2399932895774910e+02, 0., 0., 1. ]
D2: !!opencv-matrix
   rows: 5
   cols: 1
   dt: d
   data: [ -2.2201337830972428e-02, -1.1445843221826492e-03,
       2.9199201696882579e-04, -7.1705872414221615e-04,
       5.1284674356775366e-04 ]
P2: !!opencv-matrix
   rows: 3
   cols: 4
   dt: f
   data: [ 3.61124634e+02, 0., 3.82789032e+02, -2.04728234e+05, 0.,
       3.61124634e+02, 2.32161545e+02, 0., 0., 0., 1., 0. ]
R2: !!opencv-matrix
   rows: 3
   cols: 3
   dt: f
   data: [ 9.98198211e-01, -5.98660111e-02, -4.04709904e-03,
       5.98470010e-02, 9.98196661e-01, -4.66618640e-03, 4.31914628e-03,
       4.41557216e-03, 9.99980927e-01 ]
