%YAML:1.0
---
Q: !!opencv-matrix
   rows: 4
   cols: 4
   dt: f
   data: [ 1., 0., 0., -3.82986847e+02, 0., 1., 0., -2.32166687e+02, 0.,
       0., 0., 3.61115723e+02, 0., 0., 1.77149149e-03, 0. ]
R: !!opencv-matrix
   rows: 3
   cols: 3
   dt: d
   data: [ 1.0322099532322577e+00, 9.4966203714645370e-03,
       -3.4855209590966859e-03, -1.0058412452735477e-02,
       1.0309448151656750e+00, 9.5350562359232532e-03,
       3.3388072505392409e-03, -9.4870340745453526e-03,
       1.0309579543891876e+00 ]
T: !!opencv-matrix
   rows: 3
   cols: 1
   dt: d
   data: [ -5.6618013803398424e+02, 3.3956128301423945e+01,
       2.2955228967224426e+00 ]
E: !!opencv-matrix
   rows: 0
   cols: 0
   dt: u
   data: []
F: !!opencv-matrix
   rows: 0
   cols: 0
   dt: u
   data: []
K1: !!opencv-matrix
   rows: 3
   cols: 3
   dt: d
   data: [ 3.6627756984521932e+02, 0., 3.8060969928433269e+02, 0.,
       3.6653175179255015e+02, 2.3878059668569790e+02, 0., 0., 1. ]
D1: !!opencv-matrix
   rows: 5
   cols: 1
   dt: d
   data: [ -2.1859934914563901e-02, -9.9468572971318997e-04,
       1.6448003429794193e-03, -3.1164985765511365e-04,
       3.5195408316194161e-04 ]
P1: !!opencv-matrix
   rows: 3
   cols: 4
   dt: f
   data: [ 3.61115723e+02, 0., 3.82986847e+02, 0., 0., 3.61115723e+02,
       2.32166687e+02, 0., 0., 0., 1., 0. ]
R1: !!opencv-matrix
   rows: 3
   cols: 3
   dt: f
   data: [ 9.98698652e-01, -5.03980443e-02, -7.80998031e-03,
       5.04330695e-02, 9.98717964e-01, 4.35430137e-03, 7.58051919e-03,
       -4.74251667e-03, 9.99960005e-01 ]
K2: !!opencv-matrix
   rows: 3
   cols: 3
   dt: d
   data: [ 3.6687495098581172e+02, 0., 3.7621769200552956e+02, 0.,
       3.6726361788508825e+02, 2.2399932895774910e+02, 0., 0., 1. ]
D2: !!opencv-matrix
   rows: 5
   cols: 1
   dt: d
   data: [ -2.2201337830972428e-02, -1.1445843221826492e-03,
       2.9199201696882579e-04, -7.1705872414221615e-04,
       5.1284674356775366e-04 ]
P2: !!opencv-matrix
   rows: 3
   cols: 4
   dt: f
   data: [ 3.61115723e+02, 0., 3.82986847e+02, -2.03848406e+05, 0.,
       3.61115723e+02, 2.32166687e+02, 0., 0., 0., 1., 0. ]
R2: !!opencv-matrix
   rows: 3
   cols: 3
   dt: f
   data: [ 9.98198211e-01, -5.98660111e-02, -4.04709857e-03,
       5.98469675e-02, 9.98196602e-01, -4.67315270e-03, 4.31956304e-03,
       4.42252634e-03, 9.99980867e-01 ]
