%YAML:1.0
---
Q: !!opencv-matrix
   rows: 4
   cols: 4
   dt: f
   data: [ 1., 0., 0., -4.25448853e+02, 0., 1., 0., -2.33712021e+02, 0.,
       0., 0., 3.70897644e+02, 0., 0., 1.51896209e-03, 0. ]
R: !!opencv-matrix
   rows: 3
   cols: 3
   dt: d
   data: [ 1.0319108027453372e+00, 9.5959448428441126e-03,
       -3.6662437221963214e-03, -9.9806402935515640e-03,
       1.0312027928065033e+00, -4.4503744624272236e-02,
       3.3615192213270564e-03, 4.4546046797200582e-02,
       1.0312230028580442e+00 ]
T: !!opencv-matrix
   rows: 3
   cols: 1
   dt: d
   data: [ -6.6055027287890823e+02, 3.9616013008112539e+01,
       3.9380169948243697e+01 ]
E: !!opencv-matrix
   rows: 0
   cols: 0
   dt: u
   data: []
F: !!opencv-matrix
   rows: 0
   cols: 0
   dt: u
   data: []
K1: !!opencv-matrix
   rows: 3
   cols: 3
   dt: d
   data: [ 3.6627756984521932e+02, 0., 3.8060969928433269e+02, 0.,
       3.6653175179255015e+02, 2.3878059668569790e+02, 0., 0., 1. ]
D1: !!opencv-matrix
   rows: 5
   cols: 1
   dt: d
   data: [ -2.1859934914563901e-02, -9.9468572971318997e-04,
       1.6448003429794193e-03, -3.1164985765511365e-04,
       3.5195408316194161e-04 ]
P1: !!opencv-matrix
   rows: 3
   cols: 4
   dt: f
   data: [ 3.70897644e+02, 0., 4.25448853e+02, 0., 0., 3.70897644e+02,
       2.33712021e+02, 0., 0., 0., 1., 0. ]
R1: !!opencv-matrix
   rows: 3
   cols: 3
   dt: f
   data: [ 9.96778965e-01, -5.28893135e-02, -6.02863431e-02,
       5.15647307e-02, 9.98397350e-01, -2.33205687e-02, 6.14231341e-02,
       2.01368034e-02, 9.97908652e-01 ]
K2: !!opencv-matrix
   rows: 3
   cols: 3
   dt: d
   data: [ 3.6687495098581172e+02, 0., 3.7621769200552956e+02, 0.,
       3.6726361788508825e+02, 2.2399932895774910e+02, 0., 0., 1. ]
D2: !!opencv-matrix
   rows: 5
   cols: 1
   dt: d
   data: [ -2.2201337830972428e-02, -1.1445843221826492e-03,
       2.9199201696882579e-04, -7.1705872414221615e-04,
       5.1284674356775366e-04 ]
P2: !!opencv-matrix
   rows: 3
   cols: 4
   dt: f
   data: [ 3.70897644e+02, 0., 4.25448853e+02, -2.44178328e+05, 0.,
       3.70897644e+02, 2.33712021e+02, 0., 0., 0., 1., 0. ]
R2: !!opencv-matrix
   rows: 3
   cols: 3
   dt: f
   data: [ 9.96443510e-01, -5.97609617e-02, -5.94051890e-02,
       6.10397905e-02, 9.97935951e-01, 1.99492965e-02, 5.80903850e-02,
       -2.35044267e-02, 9.98034596e-01 ]
