%YAML:1.0
---
Q: !!opencv-matrix
   rows: 4
   cols: 4
   dt: f
   data: [ 1., 0., 0., -4.04988892e+02, 0., 1., 0., -2.33224823e+02, 0.,
       0., 0., 3.69078339e+02, 0., 0., 1.29227468e-03, 0. ]
R: !!opencv-matrix
   rows: 3
   cols: 3
   dt: d
   data: [ 1.0311120242340233e+00, -4.4179457772814311e-02,
       5.0201381915076775e-02, 4.6380952653874354e-02,
       1.0313126470110865e+00, -4.5002785896569718e-02,
       -4.8277340158737456e-02, 4.7172205428784961e-02,
       1.0311344826802356e+00 ]
T: !!opencv-matrix
   rows: 3
   cols: 1
   dt: d
   data: [ -7.7687878758735064e+02, 4.6592545118464066e+01,
       4.6314425213115435e+01 ]
E: !!opencv-matrix
   rows: 0
   cols: 0
   dt: u
   data: []
F: !!opencv-matrix
   rows: 0
   cols: 0
   dt: u
   data: []
K1: !!opencv-matrix
   rows: 3
   cols: 3
   dt: d
   data: [ 3.6627756984521932e+02, 0., 3.8060969928433269e+02, 0.,
       3.6653175179255015e+02, 2.3878059668569790e+02, 0., 0., 1. ]
D1: !!opencv-matrix
   rows: 5
   cols: 1
   dt: d
   data: [ -2.1859934914563901e-02, -9.9468572971318997e-04,
       1.6448003429794193e-03, -3.1164985765511365e-04,
       3.5195408316194161e-04 ]
P1: !!opencv-matrix
   rows: 3
   cols: 4
   dt: f
   data: [ 3.69078339e+02, 0., 4.04988892e+02, 0., 0., 3.69078339e+02,
       2.33224823e+02, 0., 0., 0., 1., 0. ]
R1: !!opencv-matrix
   rows: 3
   cols: 3
   dt: f
   data: [ 9.94444072e-01, -1.04946464e-01, -8.20007548e-03,
       1.04751460e-01, 9.94268179e-01, -2.13977434e-02, 1.03986925e-02,
       2.04198882e-02, 9.99737442e-01 ]
K2: !!opencv-matrix
   rows: 3
   cols: 3
   dt: d
   data: [ 3.6687495098581172e+02, 0., 3.7621769200552956e+02, 0.,
       3.6726361788508825e+02, 2.2399932895774910e+02, 0., 0., 1. ]
D2: !!opencv-matrix
   rows: 5
   cols: 1
   dt: d
   data: [ -2.2201337830972428e-02, -1.1445843221826492e-03,
       2.9199201696882579e-04, -7.1705872414221615e-04,
       5.1284674356775366e-04 ]
P2: !!opencv-matrix
   rows: 3
   cols: 4
   dt: f
   data: [ 3.69078339e+02, 0., 4.04988892e+02, -2.85603625e+05, 0.,
       3.69078339e+02, 2.33224823e+02, 0., 0., 0., 1., 0. ]
R2: !!opencv-matrix
   rows: 3
   cols: 3
   dt: f
   data: [ 9.96443570e-01, -5.97607307e-02, -5.94040044e-02,
       6.09925091e-02, 9.97954667e-01, 1.91417336e-02, 5.81385791e-02,
       -2.26968564e-02, 9.98050451e-01 ]
