%YAML:1.0
---
Q: !!opencv-matrix
   rows: 4
   cols: 4
   dt: f
   data: [ 1., 0., 0., -4.05002686e+02, 0., 1., 0., -2.33225845e+02, 0.,
       0., 0., 3.69067078e+02, 0., 0., 1.33576244e-03, 0. ]
R: !!opencv-matrix
   rows: 3
   cols: 3
   dt: d
   data: [ 1.0311627321458914e+00, -4.4205038569482873e-02,
       5.0155357680779236e-02, 4.6391487824635050e-02,
       1.0314432259017055e+00, -4.5005293595213582e-02,
       -4.8278707771321934e-02, 4.7179317311745905e-02,
       1.0312669564284125e+00 ]
T: !!opencv-matrix
   rows: 3
   cols: 1
   dt: d
   data: [ -7.5197852311972792e+02, 4.5099176924842624e+01,
       4.4829976292550889e+01 ]
E: !!opencv-matrix
   rows: 0
   cols: 0
   dt: u
   data: []
F: !!opencv-matrix
   rows: 0
   cols: 0
   dt: u
   data: []
K1: !!opencv-matrix
   rows: 3
   cols: 3
   dt: d
   data: [ 3.6627756984521932e+02, 0., 3.8060969928433269e+02, 0.,
       3.6653175179255015e+02, 2.3878059668569790e+02, 0., 0., 1. ]
D1: !!opencv-matrix
   rows: 5
   cols: 1
   dt: d
   data: [ -2.1859934914563901e-02, -9.9468572971318997e-04,
       1.6448003429794193e-03, -3.1164985765511365e-04,
       3.5195408316194161e-04 ]
P1: !!opencv-matrix
   rows: 3
   cols: 4
   dt: f
   data: [ 3.69067078e+02, 0., 4.05002686e+02, 0., 0., 3.69067078e+02,
       2.33225845e+02, 0., 0., 0., 1., 0. ]
R1: !!opencv-matrix
   rows: 3
   cols: 3
   dt: f
   data: [ 9.94442582e-01, -1.04957752e-01, -8.23534466e-03,
       1.04762018e-01, 9.94267046e-01, -2.13987380e-02, 1.04340957e-02,
       2.04170663e-02, 9.99737084e-01 ]
K2: !!opencv-matrix
   rows: 3
   cols: 3
   dt: d
   data: [ 3.6687495098581172e+02, 0., 3.7621769200552956e+02, 0.,
       3.6726361788508825e+02, 2.2399932895774910e+02, 0., 0., 1. ]
D2: !!opencv-matrix
   rows: 5
   cols: 1
   dt: d
   data: [ -2.2201337830972428e-02, -1.1445843221826492e-03,
       2.9199201696882579e-04, -7.1705872414221615e-04,
       5.1284674356775366e-04 ]
P2: !!opencv-matrix
   rows: 3
   cols: 4
   dt: f
   data: [ 3.69067078e+02, 0., 4.05002686e+02, -2.76296969e+05, 0.,
       3.69067078e+02, 2.33225845e+02, 0., 0., 0., 1., 0. ]
R2: !!opencv-matrix
   rows: 3
   cols: 3
   dt: f
   data: [ 9.96443570e-01, -5.97607307e-02, -5.94040155e-02,
       6.09924570e-02, 9.97954667e-01, 1.91408265e-02, 5.81386425e-02,
       -2.26959512e-02, 9.98050511e-01 ]
