%YAML:1.0
---
Q: !!opencv-matrix
   rows: 4
   cols: 4
   dt: f
   data: [ 1., 0., 0., -3.83005188e+02, 0., 1., 0., -2.32167084e+02, 0.,
       0., 0., 3.61119232e+02, 0., 0., 1.76303997e-03, 0. ]
R: !!opencv-matrix
   rows: 3
   cols: 3
   dt: d
   data: [ 1.0317848683202504e+00, 9.6425030865994014e-03,
       -3.4970684563143525e-03, -1.0028796211219927e-02,
       1.0310180712181261e+00, 9.5364899325310667e-03,
       3.3411295166188731e-03, -9.4883778504493577e-03,
       1.0310399605640788e+00 ]
T: !!opencv-matrix
   rows: 3
   cols: 1
   dt: d
   data: [ -5.7048207000700495e+02, 3.4214134577564963e+01,
       2.3129763747219743e+00 ]
E: !!opencv-matrix
   rows: 0
   cols: 0
   dt: u
   data: []
F: !!opencv-matrix
   rows: 0
   cols: 0
   dt: u
   data: []
K1: !!opencv-matrix
   rows: 3
   cols: 3
   dt: d
   data: [ 3.6627756984521932e+02, 0., 3.8060969928433269e+02, 0.,
       3.6653175179255015e+02, 2.3878059668569790e+02, 0., 0., 1. ]
D1: !!opencv-matrix
   rows: 5
   cols: 1
   dt: d
   data: [ -2.1859934914563901e-02, -9.9468572971318997e-04,
       1.6448003429794193e-03, -3.1164985765511365e-04,
       3.5195408316194161e-04 ]
P1: !!opencv-matrix
   rows: 3
   cols: 4
   dt: f
   data: [ 3.61119232e+02, 0., 3.83005188e+02, 0., 0., 3.61119232e+02,
       2.32167084e+02, 0., 0., 0., 1., 0. ]
R1: !!opencv-matrix
   rows: 3
   cols: 3
   dt: f
   data: [ 9.98700798e-01, -5.03483154e-02, -7.85669126e-03,
       5.03835566e-02, 9.98720467e-01, 4.35399869e-03, 7.62742199e-03,
       -4.74419026e-03, 9.99959648e-01 ]
K2: !!opencv-matrix
   rows: 3
   cols: 3
   dt: d
   data: [ 3.6687495098581172e+02, 0., 3.7621769200552956e+02, 0.,
       3.6726361788508825e+02, 2.2399932895774910e+02, 0., 0., 1. ]
D2: !!opencv-matrix
   rows: 5
   cols: 1
   dt: d
   data: [ -2.2201337830972428e-02, -1.1445843221826492e-03,
       2.9199201696882579e-04, -7.1705872414221615e-04,
       5.1284674356775366e-04 ]
P2: !!opencv-matrix
   rows: 3
   cols: 4
   dt: f
   data: [ 3.61119232e+02, 0., 3.83005188e+02, -2.04827594e+05, 0.,
       3.61119232e+02, 2.32167084e+02, 0., 0., 0., 1., 0. ]
R2: !!opencv-matrix
   rows: 3
   cols: 3
   dt: f
   data: [ 9.98198211e-01, -5.98660111e-02, -4.04709857e-03,
       5.98469675e-02, 9.98196602e-01, -4.67383629e-03, 4.31960402e-03,
       4.42320853e-03, 9.99980867e-01 ]
