%YAML:1.0
---
Q: !!opencv-matrix
   rows: 4
   cols: 4
   dt: f
   data: [ 1., 0., 0., -4.25505432e+02, 0., 1., 0., -2.33713394e+02, 0.,
       0., 0., 3.70883118e+02, 0., 0., 1.49298122e-03, 0. ]
R: !!opencv-matrix
   rows: 3
   cols: 3
   dt: d
   data: [ 1.0319646021347963e+00, 9.8794653303346455e-03,
       -3.8332223833201233e-03, -9.9906954865656757e-03,
       1.0310500543639924e+00, -4.4487846646957305e-02,
       3.3497765162052691e-03, 4.4523208566051527e-02,
       1.0310973249196123e+00 ]
T: !!opencv-matrix
   rows: 3
   cols: 1
   dt: d
   data: [ -6.7753907339803504e+02, 4.0634903813897566e+01,
       4.0392995751209916e+01 ]
E: !!opencv-matrix
   rows: 0
   cols: 0
   dt: u
   data: []
F: !!opencv-matrix
   rows: 0
   cols: 0
   dt: u
   data: []
K1: !!opencv-matrix
   rows: 3
   cols: 3
   dt: d
   data: [ 3.6627756984521932e+02, 0., 3.8060969928433269e+02, 0.,
       3.6653175179255015e+02, 2.3878059668569790e+02, 0., 0., 1. ]
D1: !!opencv-matrix
   rows: 5
   cols: 1
   dt: d
   data: [ -2.1859934914563901e-02, -9.9468572971318997e-04,
       1.6448003429794193e-03, -3.1164985765511365e-04,
       3.5195408316194161e-04 ]
P1: !!opencv-matrix
   rows: 3
   cols: 4
   dt: f
   data: [ 3.70883118e+02, 0., 4.25505432e+02, 0., 0., 3.70883118e+02,
       2.33713394e+02, 0., 0., 0., 1., 0. ]
R1: !!opencv-matrix
   rows: 3
   cols: 3
   dt: f
   data: [ 9.96772647e-01, -5.28464839e-02, -6.04281537e-02,
       5.15189767e-02, 9.98399675e-01, -2.33203489e-02, 6.15638494e-02,
       2.01318879e-02, 9.97900069e-01 ]
K2: !!opencv-matrix
   rows: 3
   cols: 3
   dt: d
   data: [ 3.6687495098581172e+02, 0., 3.7621769200552956e+02, 0.,
       3.6726361788508825e+02, 2.2399932895774910e+02, 0., 0., 1. ]
D2: !!opencv-matrix
   rows: 5
   cols: 1
   dt: d
   data: [ -2.2201337830972428e-02, -1.1445843221826492e-03,
       2.9199201696882579e-04, -7.1705872414221615e-04,
       5.1284674356775366e-04 ]
P2: !!opencv-matrix
   rows: 3
   cols: 4
   dt: f
   data: [ 3.70883118e+02, 0., 4.25505432e+02, -2.48417781e+05, 0.,
       3.70883118e+02, 2.33713394e+02, 0., 0., 0., 1., 0. ]
R2: !!opencv-matrix
   rows: 3
   cols: 3
   dt: f
   data: [ 9.96443510e-01, -5.97609617e-02, -5.94051927e-02,
       6.10396452e-02, 9.97936010e-01, 1.99467614e-02, 5.80905415e-02,
       -2.35018935e-02, 9.98034656e-01 ]
