%YAML:1.0
---
Q: !!opencv-matrix
   rows: 4
   cols: 4
   dt: f
   data: [ 1., 0., 0., -4.04998169e+02, 0., 1., 0., -2.33225555e+02, 0.,
       0., 0., 3.69073669e+02, 0., 0., 1.25880772e-03, 0. ]
R: !!opencv-matrix
   rows: 3
   cols: 3
   dt: d
   data: [ 1.0310116583622593e+00, -4.4176588313038563e-02,
       5.0194100377564270e-02, 4.6376560619362794e-02,
       1.0312135124727939e+00, -4.4998309357709987e-02,
       -4.8272626014827680e-02, 4.7167749541311900e-02,
       1.0310354286380858e+00 ]
T: !!opencv-matrix
   rows: 3
   cols: 1
   dt: d
   data: [ -7.9999505821916250e+02, 4.7978920846790494e+01,
       4.7692525498548719e+01 ]
E: !!opencv-matrix
   rows: 0
   cols: 0
   dt: u
   data: []
F: !!opencv-matrix
   rows: 0
   cols: 0
   dt: u
   data: []
K1: !!opencv-matrix
   rows: 3
   cols: 3
   dt: d
   data: [ 3.6627756984521932e+02, 0., 3.8060969928433269e+02, 0.,
       3.6653175179255015e+02, 2.3878059668569790e+02, 0., 0., 1. ]
D1: !!opencv-matrix
   rows: 5
   cols: 1
   dt: d
   data: [ -2.1859934914563901e-02, -9.9468572971318997e-04,
       1.6448003429794193e-03, -3.1164985765511365e-04,
       3.5195408316194161e-04 ]
P1: !!opencv-matrix
   rows: 3
   cols: 4
   dt: f
   data: [ 3.69073669e+02, 0., 4.04998169e+02, 0., 0., 3.69073669e+02,
       2.33225555e+02, 0., 0., 0., 1., 0. ]
R1: !!opencv-matrix
   rows: 3
   cols: 3
   dt: f
   data: [ 9.94442046e-01, -1.04963578e-01, -8.22376646e-03,
       1.04768082e-01, 9.94266450e-01, -2.13984735e-02, 1.04226749e-02,
       2.04179548e-02, 9.99737203e-01 ]
K2: !!opencv-matrix
   rows: 3
   cols: 3
   dt: d
   data: [ 3.6687495098581172e+02, 0., 3.7621769200552956e+02, 0.,
       3.6726361788508825e+02, 2.2399932895774910e+02, 0., 0., 1. ]
D2: !!opencv-matrix
   rows: 5
   cols: 1
   dt: d
   data: [ -2.2201337830972428e-02, -1.1445843221826492e-03,
       2.9199201696882579e-04, -7.1705872414221615e-04,
       5.1284674356775366e-04 ]
P2: !!opencv-matrix
   rows: 3
   cols: 4
   dt: f
   data: [ 3.69073669e+02, 0., 4.04998169e+02, -2.93193063e+05, 0.,
       3.69073669e+02, 2.33225555e+02, 0., 0., 0., 1., 0. ]
R2: !!opencv-matrix
   rows: 3
   cols: 3
   dt: f
   data: [ 9.96443570e-01, -5.97607307e-02, -5.94040081e-02,
       6.09924756e-02, 9.97954667e-01, 1.91411413e-02, 5.81386164e-02,
       -2.26962660e-02, 9.98050511e-01 ]
