%YAML:1.0
---
Q: !!opencv-matrix
   rows: 4
   cols: 4
   dt: f
   data: [ 1., 0., 0., -3.82971069e+02, 0., 1., 0., -2.32164993e+02, 0.,
       0., 0., 3.61179016e+02, 0., 0., 1.70483848e-03, 0. ]
R: !!opencv-matrix
   rows: 3
   cols: 3
   dt: d
   data: [ 1.0310970667491290e+00, 9.9937754481520813e-03,
       -3.2948660073557063e-03, -9.9833400801736805e-03,
       1.0310806863454081e+00, 9.5251198644934459e-03,
       3.3445278928903215e-03, -9.4905674799014815e-03,
       1.0311227773198888e+00 ]
T: !!opencv-matrix
   rows: 3
   cols: 1
   dt: d
   data: [ -5.8550896920942296e+02, 3.5115357114148154e+01,
       2.3738904224524964e+00 ]
E: !!opencv-matrix
   rows: 0
   cols: 0
   dt: u
   data: []
F: !!opencv-matrix
   rows: 0
   cols: 0
   dt: u
   data: []
K1: !!opencv-matrix
   rows: 3
   cols: 3
   dt: d
   data: [ 3.6627756984521932e+02, 0., 3.8060969928433269e+02, 0.,
       3.6653175179255015e+02, 2.3878059668569790e+02, 0., 0., 1. ]
D1: !!opencv-matrix
   rows: 5
   cols: 1
   dt: d
   data: [ -2.1859934914563901e-02, -9.9468572971318997e-04,
       1.6448003429794193e-03, -3.1164985765511365e-04,
       3.5195408316194161e-04 ]
P1: !!opencv-matrix
   rows: 3
   cols: 4
   dt: f
   data: [ 3.61179016e+02, 0., 3.82971069e+02, 0., 0., 3.61179016e+02,
       2.32164993e+02, 0., 0., 0., 1., 0. ]
R1: !!opencv-matrix
   rows: 3
   cols: 3
   dt: f
   data: [ 9.98712003e-01, -5.01394346e-02, -7.76878139e-03,
       5.01742736e-02, 9.98730958e-01, 4.35632560e-03, 7.54049886e-03,
       -4.74050734e-03, 9.99960363e-01 ]
K2: !!opencv-matrix
   rows: 3
   cols: 3
   dt: d
   data: [ 3.6687495098581172e+02, 0., 3.7621769200552956e+02, 0.,
       3.6726361788508825e+02, 2.2399932895774910e+02, 0., 0., 1. ]
D2: !!opencv-matrix
   rows: 5
   cols: 1
   dt: d
   data: [ -2.2201337830972428e-02, -1.1445843221826492e-03,
       2.9199201696882579e-04, -7.1705872414221615e-04,
       5.1284674356775366e-04 ]
P2: !!opencv-matrix
   rows: 3
   cols: 4
   dt: f
   data: [ 3.61179016e+02, 0., 3.82971069e+02, -2.11855266e+05, 0.,
       3.61179016e+02, 2.32164993e+02, 0., 0., 0., 1., 0. ]
R2: !!opencv-matrix
   rows: 3
   cols: 3
   dt: f
   data: [ 9.98198211e-01, -5.98660111e-02, -4.04709950e-03,
       5.98469712e-02, 9.98196602e-01, -4.67314525e-03, 4.31956397e-03,
       4.42251842e-03, 9.99980867e-01 ]
