%YAML:1.0
---
Q: !!opencv-matrix
   rows: 4
   cols: 4
   dt: f
   data: [ 1., 0., 0., -4.04995361e+02, 0., 1., 0., -2.33225342e+02, 0.,
       0., 0., 3.69075195e+02, 0., 0., 1.28262432e-03, 0. ]
R: !!opencv-matrix
   rows: 3
   cols: 3
   dt: d
   data: [ 1.0310761745932060e+00, -4.4189287538450424e-02,
       5.0183374907525800e-02, 4.6380155349170261e-02,
       1.0312852212075692e+00, -4.5000562313584222e-02,
       -4.8275562239140077e-02, 4.7171578409302611e-02,
       1.0311073920136971e+00 ]
T: !!opencv-matrix
   rows: 3
   cols: 1
   dt: d
   data: [ -7.8377390130934293e+02, 4.7006072894735929e+01,
       4.6725485053279087e+01 ]
E: !!opencv-matrix
   rows: 0
   cols: 0
   dt: u
   data: []
F: !!opencv-matrix
   rows: 0
   cols: 0
   dt: u
   data: []
K1: !!opencv-matrix
   rows: 3
   cols: 3
   dt: d
   data: [ 3.6627756984521932e+02, 0., 3.8060969928433269e+02, 0.,
       3.6653175179255015e+02, 2.3878059668569790e+02, 0., 0., 1. ]
D1: !!opencv-matrix
   rows: 5
   cols: 1
   dt: d
   data: [ -2.1859934914563901e-02, -9.9468572971318997e-04,
       1.6448003429794193e-03, -3.1164985765511365e-04,
       3.5195408316194161e-04 ]
P1: !!opencv-matrix
   rows: 3
   cols: 4
   dt: f
   data: [ 3.69075195e+02, 0., 4.04995361e+02, 0., 0., 3.69075195e+02,
       2.33225342e+02, 0., 0., 0., 1., 0. ]
R1: !!opencv-matrix
   rows: 3
   cols: 3
   dt: f
   data: [ 9.94442642e-01, -1.04958564e-01, -8.21654126e-03,
       1.04763225e-01, 9.94266987e-01, -2.13982519e-02, 1.04153650e-02,
       2.04185434e-02, 9.99737263e-01 ]
K2: !!opencv-matrix
   rows: 3
   cols: 3
   dt: d
   data: [ 3.6687495098581172e+02, 0., 3.7621769200552956e+02, 0.,
       3.6726361788508825e+02, 2.2399932895774910e+02, 0., 0., 1. ]
D2: !!opencv-matrix
   rows: 5
   cols: 1
   dt: d
   data: [ -2.2201337830972428e-02, -1.1445843221826492e-03,
       2.9199201696882579e-04, -7.1705872414221615e-04,
       5.1284674356775366e-04 ]
P2: !!opencv-matrix
   rows: 3
   cols: 4
   dt: f
   data: [ 3.69075195e+02, 0., 4.04995361e+02, -2.87750031e+05, 0.,
       3.69075195e+02, 2.33225342e+02, 0., 0., 0., 1., 0. ]
R2: !!opencv-matrix
   rows: 3
   cols: 3
   dt: f
   data: [ 9.96443570e-01, -5.97607307e-02, -5.94040044e-02,
       6.09924830e-02, 9.97954667e-01, 1.91413220e-02, 5.81386052e-02,
       -2.26964466e-02, 9.98050511e-01 ]
