%YAML:1.0
---
Q: !!opencv-matrix
   rows: 4
   cols: 4
   dt: f
   data: [ 1., 0., 0., -4.25404907e+02, 0., 1., 0., -2.33709579e+02, 0.,
       0., 0., 3.70921417e+02, 0., 0., 1.52547937e-03, 0. ]
R: !!opencv-matrix
   rows: 3
   cols: 3
   dt: d
   data: [ 1.0319081174300941e+00, 9.6012641962877898e-03,
       -3.4877990881581134e-03, -9.9784352609975664e-03,
       1.0312431032477973e+00, -4.4516207810195531e-02,
       3.3642341207037211e-03, 4.4547506475114240e-02,
       1.0312529635570320e+00 ]
T: !!opencv-matrix
   rows: 3
   cols: 1
   dt: d
   data: [ -6.5600286188309042e+02, 3.9343285224564958e+01,
       3.9109064279938920e+01 ]
E: !!opencv-matrix
   rows: 0
   cols: 0
   dt: u
   data: []
F: !!opencv-matrix
   rows: 0
   cols: 0
   dt: u
   data: []
K1: !!opencv-matrix
   rows: 3
   cols: 3
   dt: d
   data: [ 3.6627756984521932e+02, 0., 3.8060969928433269e+02, 0.,
       3.6653175179255015e+02, 2.3878059668569790e+02, 0., 0., 1. ]
D1: !!opencv-matrix
   rows: 5
   cols: 1
   dt: d
   data: [ -2.1859934914563901e-02, -9.9468572971318997e-04,
       1.6448003429794193e-03, -3.1164985765511365e-04,
       3.5195408316194161e-04 ]
P1: !!opencv-matrix
   rows: 3
   cols: 4
   dt: f
   data: [ 3.70921417e+02, 0., 4.25404907e+02, 0., 0., 3.70921417e+02,
       2.33709579e+02, 0., 0., 0., 1., 0. ]
R1: !!opencv-matrix
   rows: 3
   cols: 3
   dt: f
   data: [ 9.96787786e-01, -5.28476685e-02, -6.01765774e-02,
       5.15254363e-02, 9.98399436e-01, -2.33173389e-02, 6.13125265e-02,
       2.01418158e-02, 9.97915387e-01 ]
K2: !!opencv-matrix
   rows: 3
   cols: 3
   dt: d
   data: [ 3.6687495098581172e+02, 0., 3.7621769200552956e+02, 0.,
       3.6726361788508825e+02, 2.2399932895774910e+02, 0., 0., 1. ]
D2: !!opencv-matrix
   rows: 5
   cols: 1
   dt: d
   data: [ -2.2201337830972428e-02, -1.1445843221826492e-03,
       2.9199201696882579e-04, -7.1705872414221615e-04,
       5.1284674356775366e-04 ]
P2: !!opencv-matrix
   rows: 3
   cols: 4
   dt: f
   data: [ 3.70921417e+02, 0., 4.25404907e+02, -2.43150719e+05, 0.,
       3.70921417e+02, 2.33709579e+02, 0., 0., 0., 1., 0. ]
R2: !!opencv-matrix
   rows: 3
   cols: 3
   dt: f
   data: [ 9.96443510e-01, -5.97609580e-02, -5.94051853e-02,
       6.10398389e-02, 9.97935951e-01, 1.99501384e-02, 5.80903292e-02,
       -2.35052686e-02, 9.98034596e-01 ]
