%YAML:1.0
---
Q: !!opencv-matrix
   rows: 4
   cols: 4
   dt: f
   data: [ 1., 0., 0., -4.25482910e+02, 0., 1., 0., -2.33713348e+02, 0.,
       0., 0., 3.70884430e+02, 0., 0., 1.50850520e-03, 0. ]
R: !!opencv-matrix
   rows: 3
   cols: 3
   dt: d
   data: [ 1.0319284722602888e+00, 9.6815047058309150e-03,
       -3.7870512405807793e-03, -9.9845662786001207e-03,
       1.0311406874637550e+00, -4.4494029696752743e-02,
       3.3568831752465883e-03, 4.4538454498317732e-02,
       1.0311732738035710e+00 ]
T: !!opencv-matrix
   rows: 3
   cols: 1
   dt: d
   data: [ -6.6741862615336595e+02, 4.0027937502341537e+01,
       3.9789642961009079e+01 ]
E: !!opencv-matrix
   rows: 0
   cols: 0
   dt: u
   data: []
F: !!opencv-matrix
   rows: 0
   cols: 0
   dt: u
   data: []
K1: !!opencv-matrix
   rows: 3
   cols: 3
   dt: d
   data: [ 3.6627756984521932e+02, 0., 3.8060969928433269e+02, 0.,
       3.6653175179255015e+02, 2.3878059668569790e+02, 0., 0., 1. ]
D1: !!opencv-matrix
   rows: 5
   cols: 1
   dt: d
   data: [ -2.1859934914563901e-02, -9.9468572971318997e-04,
       1.6448003429794193e-03, -3.1164985765511365e-04,
       3.5195408316194161e-04 ]
P1: !!opencv-matrix
   rows: 3
   cols: 4
   dt: f
   data: [ 3.70884430e+02, 0., 4.25482910e+02, 0., 0., 3.70884430e+02,
       2.33713348e+02, 0., 0., 0., 1., 0. ]
R1: !!opencv-matrix
   rows: 3
   cols: 3
   dt: f
   data: [ 9.96773720e-01, -5.28903231e-02, -6.03715815e-02,
       5.15639521e-02, 9.98397350e-01, -2.33216546e-02, 6.15083165e-02,
       2.01334152e-02, 9.97903466e-01 ]
K2: !!opencv-matrix
   rows: 3
   cols: 3
   dt: d
   data: [ 3.6687495098581172e+02, 0., 3.7621769200552956e+02, 0.,
       3.6726361788508825e+02, 2.2399932895774910e+02, 0., 0., 1. ]
D2: !!opencv-matrix
   rows: 5
   cols: 1
   dt: d
   data: [ -2.2201337830972428e-02, -1.1445843221826492e-03,
       2.9199201696882579e-04, -7.1705872414221615e-04,
       5.1284674356775366e-04 ]
P2: !!opencv-matrix
   rows: 3
   cols: 4
   dt: f
   data: [ 3.70884430e+02, 0., 4.25482910e+02, -2.45862219e+05, 0.,
       3.70884430e+02, 2.33713348e+02, 0., 0., 0., 1., 0. ]
R2: !!opencv-matrix
   rows: 3
   cols: 3
   dt: f
   data: [ 9.96443510e-01, -5.97609617e-02, -5.94051890e-02,
       6.10397272e-02, 9.97936010e-01, 1.99481733e-02, 5.80904558e-02,
       -2.35033035e-02, 9.98034596e-01 ]
