%YAML:1.0
---
Q: !!opencv-matrix
   rows: 4
   cols: 4
   dt: f
   data: [ 1., 0., 0., -4.26666779e+02, 0., 1., 0., -2.33679932e+02, 0.,
       0., 0., 3.64775116e+02, 0., 0., 1.63534761e-03, 0. ]
R: !!opencv-matrix
   rows: 3
   cols: 3
   dt: d
   data: [ 1.0294395737220068e+00, 1.1097634344005562e-02,
       -3.8023075113122963e-03, -9.8688939099164166e-03,
       1.0313136482630176e+00, 9.5582653801407659e-03,
       3.4632676092849536e-03, -9.5577070981373753e-03,
       1.0314544195853645e+00 ]
T: !!opencv-matrix
   rows: 3
   cols: 1
   dt: d
   data: [ -6.1280848086530114e+02, 3.6752498538913692e+01,
       3.6532576840846339e+01 ]
E: !!opencv-matrix
   rows: 0
   cols: 0
   dt: u
   data: []
F: !!opencv-matrix
   rows: 0
   cols: 0
   dt: u
   data: []
K1: !!opencv-matrix
   rows: 3
   cols: 3
   dt: d
   data: [ 3.6627756984521932e+02, 0., 3.8060969928433269e+02, 0.,
       3.6653175179255015e+02, 2.3878059668569790e+02, 0., 0., 1. ]
D1: !!opencv-matrix
   rows: 5
   cols: 1
   dt: d
   data: [ -2.1859934914563901e-02, -9.9468572971318997e-04,
       1.6448003429794193e-03, -3.1164985765511365e-04,
       3.5195408316194161e-04 ]
P1: !!opencv-matrix
   rows: 3
   cols: 4
   dt: f
   data: [ 3.64775116e+02, 0., 4.26666779e+02, 0., 0., 3.64775116e+02,
       2.33679932e+02, 0., 0., 0., 1., 0. ]
R1: !!opencv-matrix
   rows: 3
   cols: 3
   dt: f
   data: [ 9.96784806e-01, -4.89062220e-02, -6.34683967e-02,
       4.91870008e-02, 9.98785496e-01, 2.86807981e-03, 6.32510483e-02,
       -5.98067837e-03, 9.97979701e-01 ]
K2: !!opencv-matrix
   rows: 3
   cols: 3
   dt: d
   data: [ 3.6687495098581172e+02, 0., 3.7621769200552956e+02, 0.,
       3.6726361788508825e+02, 2.2399932895774910e+02, 0., 0., 1. ]
D2: !!opencv-matrix
   rows: 5
   cols: 1
   dt: d
   data: [ -2.2201337830972428e-02, -1.1445843221826492e-03,
       2.9199201696882579e-04, -7.1705872414221615e-04,
       5.1284674356775366e-04 ]
P2: !!opencv-matrix
   rows: 3
   cols: 4
   dt: f
   data: [ 3.64775116e+02, 0., 4.26666779e+02, -2.23056609e+05, 0.,
       3.64775116e+02, 2.33679932e+02, 0., 0., 0., 1., 0. ]
R2: !!opencv-matrix
   rows: 3
   cols: 3
   dt: f
   data: [ 9.96443629e-01, -5.97605854e-02, -5.94029836e-02,
       5.94967306e-02, 9.98209238e-01, -6.20217109e-03, 5.96672520e-02,
       2.64583086e-03, 9.98214841e-01 ]
