%YAML:1.0
---
Q: !!opencv-matrix
   rows: 4
   cols: 4
   dt: f
   data: [ 1., 0., 0., -4.04996216e+02, 0., 1., 0., -2.33225403e+02, 0.,
       0., 0., 3.69074738e+02, 0., 0., 1.22140907e-03, 0. ]
R: !!opencv-matrix
   rows: 3
   cols: 3
   dt: d
   data: [ 1.0308904607602540e+00, -4.4158471806864115e-02,
       5.0206406427088020e-02, 4.6370177264590244e-02,
       1.0310826602492533e+00, -4.4993750105512861e-02,
       -4.8267065074699050e-02, 4.7161051033716116e-02,
       1.0309042400011517e+00 ]
T: !!opencv-matrix
   rows: 3
   cols: 1
   dt: d
   data: [ -8.3088923627892837e+02, 4.9831768866780919e+01,
       4.9534313005570233e+01 ]
E: !!opencv-matrix
   rows: 0
   cols: 0
   dt: u
   data: []
F: !!opencv-matrix
   rows: 0
   cols: 0
   dt: u
   data: []
K1: !!opencv-matrix
   rows: 3
   cols: 3
   dt: d
   data: [ 3.6627756984521932e+02, 0., 3.8060969928433269e+02, 0.,
       3.6653175179255015e+02, 2.3878059668569790e+02, 0., 0., 1. ]
D1: !!opencv-matrix
   rows: 5
   cols: 1
   dt: d
   data: [ -2.1859934914563901e-02, -9.9468572971318997e-04,
       1.6448003429794193e-03, -3.1164985765511365e-04,
       3.5195408316194161e-04 ]
P1: !!opencv-matrix
   rows: 3
   cols: 4
   dt: f
   data: [ 3.69074738e+02, 0., 4.04996216e+02, 0., 0., 3.69074738e+02,
       2.33225403e+02, 0., 0., 0., 1., 0. ]
R1: !!opencv-matrix
   rows: 3
   cols: 3
   dt: f
   data: [ 9.94442463e-01, -1.04960069e-01, -8.21870752e-03,
       1.04764678e-01, 9.94266808e-01, -2.13983189e-02, 1.04175573e-02,
       2.04183664e-02, 9.99737263e-01 ]
K2: !!opencv-matrix
   rows: 3
   cols: 3
   dt: d
   data: [ 3.6687495098581172e+02, 0., 3.7621769200552956e+02, 0.,
       3.6726361788508825e+02, 2.2399932895774910e+02, 0., 0., 1. ]
D2: !!opencv-matrix
   rows: 5
   cols: 1
   dt: d
   data: [ -2.2201337830972428e-02, -1.1445843221826492e-03,
       2.9199201696882579e-04, -7.1705872414221615e-04,
       5.1284674356775366e-04 ]
P2: !!opencv-matrix
   rows: 3
   cols: 4
   dt: f
   data: [ 3.69074738e+02, 0., 4.04996216e+02, -3.02171281e+05, 0.,
       3.69074738e+02, 2.33225403e+02, 0., 0., 0., 1., 0. ]
R2: !!opencv-matrix
   rows: 3
   cols: 3
   dt: f
   data: [ 9.96443570e-01, -5.97607307e-02, -5.94040044e-02,
       6.09924830e-02, 9.97954667e-01, 1.91412680e-02, 5.81386089e-02,
       -2.26963926e-02, 9.98050511e-01 ]
