%YAML:1.0
---
Q: !!opencv-matrix
   rows: 4
   cols: 4
   dt: f
   data: [ 1., 0., 0., -4.26620483e+02, 0., 1., 0., -2.33684128e+02, 0.,
       0., 0., 3.64739380e+02, 0., 0., 1.61385012e-03, 0. ]
R: !!opencv-matrix
   rows: 3
   cols: 3
   dt: d
   data: [ 1.0304112889996457e+00, 1.0394383925829550e-02,
       -3.5452730506226630e-03, -9.9445468470696474e-03,
       1.0310101348609768e+00, 9.5397245390679529e-03,
       3.3836212792874073e-03, -9.5128031273693844e-03,
       1.0310936580105690e+00 ]
T: !!opencv-matrix
   rows: 3
   cols: 1
   dt: d
   data: [ -6.2353302044791747e+02, 3.7395691254069966e+01,
       3.7171923618676736e+01 ]
E: !!opencv-matrix
   rows: 0
   cols: 0
   dt: u
   data: []
F: !!opencv-matrix
   rows: 0
   cols: 0
   dt: u
   data: []
K1: !!opencv-matrix
   rows: 3
   cols: 3
   dt: d
   data: [ 3.6627756984521932e+02, 0., 3.8060969928433269e+02, 0.,
       3.6653175179255015e+02, 2.3878059668569790e+02, 0., 0., 1. ]
D1: !!opencv-matrix
   rows: 5
   cols: 1
   dt: d
   data: [ -2.1859934914563901e-02, -9.9468572971318997e-04,
       1.6448003429794193e-03, -3.1164985765511365e-04,
       3.5195408316194161e-04 ]
P1: !!opencv-matrix
   rows: 3
   cols: 4
   dt: f
   data: [ 3.64739380e+02, 0., 4.26620483e+02, 0., 0., 3.64739380e+02,
       2.33684128e+02, 0., 0., 0., 1., 0. ]
R1: !!opencv-matrix
   rows: 3
   cols: 3
   dt: f
   data: [ 9.96777356e-01, -4.92059551e-02, -6.33537248e-02,
       4.94858362e-02, 9.98770773e-01, 2.85526388e-03, 6.31353483e-02,
       -5.98117430e-03, 9.97987032e-01 ]
K2: !!opencv-matrix
   rows: 3
   cols: 3
   dt: d
   data: [ 3.6687495098581172e+02, 0., 3.7621769200552956e+02, 0.,
       3.6726361788508825e+02, 2.2399932895774910e+02, 0., 0., 1. ]
D2: !!opencv-matrix
   rows: 5
   cols: 1
   dt: d
   data: [ -2.2201337830972428e-02, -1.1445843221826492e-03,
       2.9199201696882579e-04, -7.1705872414221615e-04,
       5.1284674356775366e-04 ]
P2: !!opencv-matrix
   rows: 3
   cols: 4
   dt: f
   data: [ 3.64739380e+02, 0., 4.26620483e+02, -2.26005719e+05, 0.,
       3.64739380e+02, 2.33684128e+02, 0., 0., 0., 1., 0. ]
R2: !!opencv-matrix
   rows: 3
   cols: 3
   dt: f
   data: [ 9.96443629e-01, -5.97605854e-02, -5.94029911e-02,
       5.94970994e-02, 9.98209238e-01, -6.19602017e-03, 5.96668944e-02,
       2.63967947e-03, 9.98214841e-01 ]
