%YAML:1.0
---
Q: !!opencv-matrix
   rows: 4
   cols: 4
   dt: f
   data: [ 1., 0., 0., -4.26679626e+02, 0., 1., 0., -2.33678070e+02, 0.,
       0., 0., 3.64791718e+02, 0., 0., 1.64359540e-03, 0. ]
R: !!opencv-matrix
   rows: 3
   cols: 3
   dt: d
   data: [ 1.0289332615882867e+00, 1.1434659619177561e-02,
       -3.8519703209673175e-03, -9.8299008611924931e-03,
       1.0314650844836051e+00, 9.5627958114483328e-03,
       3.5042349381602918e-03, -9.5792782678300152e-03,
       1.0316289042992604e+00 ]
T: !!opencv-matrix
   rows: 3
   cols: 1
   dt: d
   data: [ -6.0931610121736833e+02, 3.6543046518311861e+01,
       3.6324375620064366e+01 ]
E: !!opencv-matrix
   rows: 0
   cols: 0
   dt: u
   data: []
F: !!opencv-matrix
   rows: 0
   cols: 0
   dt: u
   data: []
K1: !!opencv-matrix
   rows: 3
   cols: 3
   dt: d
   data: [ 3.6627756984521932e+02, 0., 3.8060969928433269e+02, 0.,
       3.6653175179255015e+02, 2.3878059668569790e+02, 0., 0., 1. ]
D1: !!opencv-matrix
   rows: 5
   cols: 1
   dt: d
   data: [ -2.1859934914563901e-02, -9.9468572971318997e-04,
       1.6448003429794193e-03, -3.1164985765511365e-04,
       3.5195408316194161e-04 ]
P1: !!opencv-matrix
   rows: 3
   cols: 4
   dt: f
   data: [ 3.64791718e+02, 0., 4.26679626e+02, 0., 0., 3.64791718e+02,
       2.33678070e+02, 0., 0., 0., 1., 0. ]
R1: !!opencv-matrix
   rows: 3
   cols: 3
   dt: f
   data: [ 9.96788621e-01, -4.87868972e-02, -6.35000020e-02,
       4.90679629e-02, 9.98791337e-01, 2.87336460e-03, 6.32830709e-02,
       -5.97995287e-03, 9.97977674e-01 ]
K2: !!opencv-matrix
   rows: 3
   cols: 3
   dt: d
   data: [ 3.6687495098581172e+02, 0., 3.7621769200552956e+02, 0.,
       3.6726361788508825e+02, 2.2399932895774910e+02, 0., 0., 1. ]
D2: !!opencv-matrix
   rows: 5
   cols: 1
   dt: d
   data: [ -2.2201337830972428e-02, -1.1445843221826492e-03,
       2.9199201696882579e-04, -7.1705872414221615e-04,
       5.1284674356775366e-04 ]
P2: !!opencv-matrix
   rows: 3
   cols: 4
   dt: f
   data: [ 3.64791718e+02, 0., 4.26679626e+02, -2.21947406e+05, 0.,
       3.64791718e+02, 2.33678070e+02, 0., 0., 0., 1., 0. ]
R2: !!opencv-matrix
   rows: 3
   cols: 3
   dt: f
   data: [ 9.96443629e-01, -5.97605854e-02, -5.94029911e-02,
       5.94965965e-02, 9.98209238e-01, -6.20444678e-03, 5.96673973e-02,
       2.64810584e-03, 9.98214781e-01 ]
