%YAML:1.0
---
Q: !!opencv-matrix
   rows: 4
   cols: 4
   dt: f
   data: [ 1., 0., 0., -4.25365479e+02, 0., 1., 0., -2.33706879e+02, 0.,
       0., 0., 3.70947266e+02, 0., 0., 1.53102435e-03, 0. ]
R: !!opencv-matrix
   rows: 3
   cols: 3
   dt: d
   data: [ 1.0319197202247561e+00, 9.6889764705310136e-03,
       -3.2600675887714814e-03, -9.9777554554476306e-03,
       1.0312651883542954e+00, -4.4531051122436181e-02,
       3.3652618394457404e-03, 4.4543473286604532e-02,
       1.0312667120252110e+00 ]
T: !!opencv-matrix
   rows: 3
   cols: 1
   dt: d
   data: [ -6.5320024569836949e+02, 3.9175200149982025e+01,
       3.8941977787776587e+01 ]
E: !!opencv-matrix
   rows: 0
   cols: 0
   dt: u
   data: []
F: !!opencv-matrix
   rows: 0
   cols: 0
   dt: u
   data: []
K1: !!opencv-matrix
   rows: 3
   cols: 3
   dt: d
   data: [ 3.6627756984521932e+02, 0., 3.8060969928433269e+02, 0.,
       3.6653175179255015e+02, 2.3878059668569790e+02, 0., 0., 1. ]
D1: !!opencv-matrix
   rows: 5
   cols: 1
   dt: d
   data: [ -2.1859934914563901e-02, -9.9468572971318997e-04,
       1.6448003429794193e-03, -3.1164985765511365e-04,
       3.5195408316194161e-04 ]
P1: !!opencv-matrix
   rows: 3
   cols: 4
   dt: f
   data: [ 3.70947266e+02, 0., 4.25365479e+02, 0., 0., 3.70947266e+02,
       2.33706879e+02, 0., 0., 0., 1., 0. ]
R1: !!opencv-matrix
   rows: 3
   cols: 3
   dt: f
   data: [ 9.96797144e-01, -5.27830906e-02, -6.00781515e-02,
       5.14629968e-02, 9.98402774e-01, -2.33132113e-02, 6.12127371e-02,
       2.01467406e-02, 9.97921407e-01 ]
K2: !!opencv-matrix
   rows: 3
   cols: 3
   dt: d
   data: [ 3.6687495098581172e+02, 0., 3.7621769200552956e+02, 0.,
       3.6726361788508825e+02, 2.2399932895774910e+02, 0., 0., 1. ]
D2: !!opencv-matrix
   rows: 5
   cols: 1
   dt: d
   data: [ -2.2201337830972428e-02, -1.1445843221826492e-03,
       2.9199201696882579e-04, -7.1705872414221615e-04,
       5.1284674356775366e-04 ]
P2: !!opencv-matrix
   rows: 3
   cols: 4
   dt: f
   data: [ 3.70947266e+02, 0., 4.25365479e+02, -2.42286984e+05, 0.,
       3.70947266e+02, 2.33706879e+02, 0., 0., 0., 1., 0. ]
R2: !!opencv-matrix
   rows: 3
   cols: 3
   dt: f
   data: [ 9.96443510e-01, -5.97609580e-02, -5.94051741e-02,
       6.10398576e-02, 9.97935951e-01, 1.99504867e-02, 5.80902956e-02,
       -2.35056169e-02, 9.98034596e-01 ]
