%YAML:1.0
---
Q: !!opencv-matrix
   rows: 4
   cols: 4
   dt: f
   data: [ 1., 0., 0., -4.26648499e+02, 0., 1., 0., -2.33682129e+02, 0.,
       0., 0., 3.64755737e+02, 0., 0., 1.62602786e-03, 0. ]
R: !!opencv-matrix
   rows: 3
   cols: 3
   dt: d
   data: [ 1.0299334024362792e+00, 1.0748572966146220e-02,
       -3.7016199171908725e-03, -9.9071692698515720e-03,
       1.0311623177979166e+00, 9.5506692438545610e-03,
       3.4230057160236425e-03, -9.5354130003261414e-03,
       1.0312762774177291e+00 ]
T: !!opencv-matrix
   rows: 3
   cols: 1
   dt: d
   data: [ -6.1743258124068200e+02, 3.7029824096319118e+01,
       3.6808244735181454e+01 ]
E: !!opencv-matrix
   rows: 0
   cols: 0
   dt: u
   data: []
F: !!opencv-matrix
   rows: 0
   cols: 0
   dt: u
   data: []
K1: !!opencv-matrix
   rows: 3
   cols: 3
   dt: d
   data: [ 3.6627756984521932e+02, 0., 3.8060969928433269e+02, 0.,
       3.6653175179255015e+02, 2.3878059668569790e+02, 0., 0., 1. ]
D1: !!opencv-matrix
   rows: 5
   cols: 1
   dt: d
   data: [ -2.1859934914563901e-02, -9.9468572971318997e-04,
       1.6448003429794193e-03, -3.1164985765511365e-04,
       3.5195408316194161e-04 ]
P1: !!opencv-matrix
   rows: 3
   cols: 4
   dt: f
   data: [ 3.64755737e+02, 0., 4.26648499e+02, 0., 0., 3.64755737e+02,
       2.33682129e+02, 0., 0., 0., 1., 0. ]
R1: !!opencv-matrix
   rows: 3
   cols: 3
   dt: f
   data: [ 9.96780455e-01, -4.90530133e-02, -6.34232536e-02,
       4.93334085e-02, 9.98778284e-01, 2.86166160e-03, 6.32053912e-02,
       -5.98133355e-03, 9.97982621e-01 ]
K2: !!opencv-matrix
   rows: 3
   cols: 3
   dt: d
   data: [ 3.6687495098581172e+02, 0., 3.7621769200552956e+02, 0.,
       3.6726361788508825e+02, 2.2399932895774910e+02, 0., 0., 1. ]
D2: !!opencv-matrix
   rows: 5
   cols: 1
   dt: d
   data: [ -2.2201337830972428e-02, -1.1445843221826492e-03,
       2.9199201696882579e-04, -7.1705872414221615e-04,
       5.1284674356775366e-04 ]
P2: !!opencv-matrix
   rows: 3
   cols: 4
   dt: f
   data: [ 3.64755737e+02, 0., 4.26648499e+02, -2.24323188e+05, 0.,
       3.64755737e+02, 2.33682129e+02, 0., 0., 0., 1., 0. ]
R2: !!opencv-matrix
   rows: 3
   cols: 3
   dt: f
   data: [ 9.96443629e-01, -5.97605854e-02, -5.94029874e-02,
       5.94969057e-02, 9.98209238e-01, -6.19929517e-03, 5.96670844e-02,
       2.64295423e-03, 9.98214841e-01 ]
