%YAML:1.0
---
Q: !!opencv-matrix
   rows: 4
   cols: 4
   dt: f
   data: [ 1., 0., 0., -4.04993988e+02, 0., 1., 0., -2.33225220e+02, 0.,
       0., 0., 3.69075836e+02, 0., 0., 1.23257760e-03, 0. ]
R: !!opencv-matrix
   rows: 3
   cols: 3
   dt: d
   data: [ 1.0309443559965779e+00, -4.4175265214523904e-02,
       5.0188883562179654e-02, 4.6373647444698206e-02,
       1.0311473759557639e+00, -4.4995299904445597e-02,
       -4.8269460950895668e-02, 4.7164810558049185e-02,
       1.0309693315804145e+00 ]
T: !!opencv-matrix
   rows: 3
   cols: 1
   dt: d
   data: [ -8.1581482213192828e+02, 4.8927695716111600e+01,
       4.8635636999066499e+01 ]
E: !!opencv-matrix
   rows: 0
   cols: 0
   dt: u
   data: []
F: !!opencv-matrix
   rows: 0
   cols: 0
   dt: u
   data: []
K1: !!opencv-matrix
   rows: 3
   cols: 3
   dt: d
   data: [ 3.6627756984521932e+02, 0., 3.8060969928433269e+02, 0.,
       3.6653175179255015e+02, 2.3878059668569790e+02, 0., 0., 1. ]
D1: !!opencv-matrix
   rows: 5
   cols: 1
   dt: d
   data: [ -2.1859934914563901e-02, -9.9468572971318997e-04,
       1.6448003429794193e-03, -3.1164985765511365e-04,
       3.5195408316194161e-04 ]
P1: !!opencv-matrix
   rows: 3
   cols: 4
   dt: f
   data: [ 3.69075836e+02, 0., 4.04993988e+02, 0., 0., 3.69075836e+02,
       2.33225220e+02, 0., 0., 0., 1., 0. ]
R1: !!opencv-matrix
   rows: 3
   cols: 3
   dt: f
   data: [ 9.94442940e-01, -1.04956001e-01, -8.21305998e-03,
       1.04760729e-01, 9.94267225e-01, -2.13981438e-02, 1.04118399e-02,
       2.04188284e-02, 9.99737322e-01 ]
K2: !!opencv-matrix
   rows: 3
   cols: 3
   dt: d
   data: [ 3.6687495098581172e+02, 0., 3.7621769200552956e+02, 0.,
       3.6726361788508825e+02, 2.2399932895774910e+02, 0., 0., 1. ]
D2: !!opencv-matrix
   rows: 5
   cols: 1
   dt: d
   data: [ -2.2201337830972428e-02, -1.1445843221826492e-03,
       2.9199201696882579e-04, -7.1705872414221615e-04,
       5.1284674356775366e-04 ]
P2: !!opencv-matrix
   rows: 3
   cols: 4
   dt: f
   data: [ 3.69075836e+02, 0., 4.04993988e+02, -2.99434156e+05, 0.,
       3.69075836e+02, 2.33225220e+02, 0., 0., 0., 1., 0. ]
R2: !!opencv-matrix
   rows: 3
   cols: 3
   dt: f
   data: [ 9.96443570e-01, -5.97607307e-02, -5.94040044e-02,
       6.09924905e-02, 9.97954667e-01, 1.91414095e-02, 5.81386015e-02,
       -2.26965323e-02, 9.98050511e-01 ]
