%YAML:1.0
---
Q: !!opencv-matrix
   rows: 4
   cols: 4
   dt: f
   data: [ 1., 0., 0., -4.05168701e+02, 0., 1., 0., -2.32964859e+02, 0.,
       0., 0., 3.78239655e+02, 0., 0., 1.48153852e-03, 0. ]
R: !!opencv-matrix
   rows: 3
   cols: 3
   dt: d
   data: [ 1.0328929662417436e+00, 9.6112052608405690e-03,
       4.9397547672974787e-02, -7.7467573096736573e-03,
       1.0316448553302204e+00, -4.4926289020002376e-02,
       -5.0739853805414653e-02, 4.4564459131606352e-02,
       1.0304857553781712e+00 ]
T: !!opencv-matrix
   rows: 3
   cols: 1
   dt: d
   data: [ -6.8046237701943414e+02, 4.0810051983226863e+01,
       4.0566265175037415e+01 ]
E: !!opencv-matrix
   rows: 0
   cols: 0
   dt: u
   data: []
F: !!opencv-matrix
   rows: 0
   cols: 0
   dt: u
   data: []
K1: !!opencv-matrix
   rows: 3
   cols: 3
   dt: d
   data: [ 3.6627756984521932e+02, 0., 3.8060969928433269e+02, 0.,
       3.6653175179255015e+02, 2.3878059668569790e+02, 0., 0., 1. ]
D1: !!opencv-matrix
   rows: 5
   cols: 1
   dt: d
   data: [ -2.1859934914563901e-02, -9.9468572971318997e-04,
       1.6448003429794193e-03, -3.1164985765511365e-04,
       3.5195408316194161e-04 ]
P1: !!opencv-matrix
   rows: 3
   cols: 4
   dt: f
   data: [ 3.78239655e+02, 0., 4.05168701e+02, 0., 0., 3.78239655e+02,
       2.32964859e+02, 0., 0., 0., 1., 0. ]
R1: !!opencv-matrix
   rows: 3
   cols: 3
   dt: f
   data: [ 9.98565137e-01, -5.28046265e-02, -8.90530832e-03,
       5.26054241e-02, 9.98388410e-01, -2.12888997e-02, 1.00151096e-02,
       2.07898859e-02, 9.99733686e-01 ]
K2: !!opencv-matrix
   rows: 3
   cols: 3
   dt: d
   data: [ 3.6687495098581172e+02, 0., 3.7621769200552956e+02, 0.,
       3.6726361788508825e+02, 2.2399932895774910e+02, 0., 0., 1. ]
D2: !!opencv-matrix
   rows: 5
   cols: 1
   dt: d
   data: [ -2.2201337830972428e-02, -1.1445843221826492e-03,
       2.9199201696882579e-04, -7.1705872414221615e-04,
       5.1284674356775366e-04 ]
P2: !!opencv-matrix
   rows: 3
   cols: 4
   dt: f
   data: [ 3.78239655e+02, 0., 4.05168701e+02, -2.55301938e+05, 0.,
       3.78239655e+02, 2.32964859e+02, 0., 0., 0., 1., 0. ]
R2: !!opencv-matrix
   rows: 3
   cols: 3
   dt: f
   data: [ 9.96443629e-01, -5.97607084e-02, -5.94036989e-02,
       6.09988272e-02, 9.97952163e-01, 1.92506760e-02, 5.81316166e-02,
       -2.28057690e-02, 9.98048425e-01 ]
