%YAML:1.0
---
Q: !!opencv-matrix
   rows: 4
   cols: 4
   dt: f
   data: [ 1., 0., 0., -4.26531128e+02, 0., 1., 0., -2.33687073e+02, 0.,
       0., 0., 3.64720062e+02, 0., 0., 1.57763693e-03, 0. ]
R: !!opencv-matrix
   rows: 3
   cols: 3
   dt: d
   data: [ 1.0319314944947948e+00, 9.8237215954331148e-03,
       -3.0557982853653604e-03, -9.9772369717591371e-03,
       1.0312814526219598e+00, -4.4544357167979887e-02,
       3.3660903980687624e-03, 4.4536505377532773e-02,
       1.0312788616775426e+00 ]
T: !!opencv-matrix
   rows: 3
   cols: 1
   dt: d
   data: [ -6.5083453044374244e+02, 3.9033317308186469e+01,
       3.8800932835655431e+01 ]
E: !!opencv-matrix
   rows: 0
   cols: 0
   dt: u
   data: []
F: !!opencv-matrix
   rows: 0
   cols: 0
   dt: u
   data: []
K1: !!opencv-matrix
   rows: 3
   cols: 3
   dt: d
   data: [ 3.6627756984521932e+02, 0., 3.8060969928433269e+02, 0.,
       3.6653175179255015e+02, 2.3878059668569790e+02, 0., 0., 1. ]
D1: !!opencv-matrix
   rows: 5
   cols: 1
   dt: d
   data: [ -2.1859934914563901e-02, -9.9468572971318997e-04,
       1.6448003429794193e-03, -3.1164985765511365e-04,
       3.5195408316194161e-04 ]
P1: !!opencv-matrix
   rows: 3
   cols: 4
   dt: f
   data: [ 3.64720062e+02, 0., 4.26531128e+02, 0., 0., 3.64720062e+02,
       2.33687073e+02, 0., 0., 0., 1., 0. ]
R1: !!opencv-matrix
   rows: 3
   cols: 3
   dt: f
   data: [ 9.96776164e-01, -4.95150089e-02, -6.31314814e-02,
       4.97934222e-02, 9.98755515e-01, 2.84340768e-03, 6.29121214e-02,
       -5.97777357e-03, 9.98001158e-01 ]
K2: !!opencv-matrix
   rows: 3
   cols: 3
   dt: d
   data: [ 3.6687495098581172e+02, 0., 3.7621769200552956e+02, 0.,
       3.6726361788508825e+02, 2.2399932895774910e+02, 0., 0., 1. ]
D2: !!opencv-matrix
   rows: 5
   cols: 1
   dt: d
   data: [ -2.2201337830972428e-02, -1.1445843221826492e-03,
       2.9199201696882579e-04, -7.1705872414221615e-04,
       5.1284674356775366e-04 ]
P2: !!opencv-matrix
   rows: 3
   cols: 4
   dt: f
   data: [ 3.64720062e+02, 0., 4.26531128e+02, -2.31181250e+05, 0.,
       3.64720062e+02, 2.33687073e+02, 0., 0., 0., 1., 0. ]
R2: !!opencv-matrix
   rows: 3
   cols: 3
   dt: f
   data: [ 9.96443629e-01, -5.97605854e-02, -5.94029911e-02,
       5.94975576e-02, 9.98209298e-01, -6.18839404e-03, 5.96664399e-02,
       2.63205287e-03, 9.98214900e-01 ]
