%YAML:1.0
---
Q: !!opencv-matrix
   rows: 4
   cols: 4
   dt: f
   data: [ 1., 0., 0., -4.04992950e+02, 0., 1., 0., -2.33225143e+02, 0.,
       0., 0., 3.69076385e+02, 0., 0., 1.11771398e-03, 0. ]
R: !!opencv-matrix
   rows: 3
   cols: 3
   dt: d
   data: [ 1.0306517314129353e+00, -4.4150919410906264e-02,
       5.0191266772919900e-02, 4.6359661570620145e-02,
       1.0308461618163920e+00, -4.4983206290041128e-02,
       -4.8255860454176569e-02, 4.7150380632791887e-02,
       1.0306678432026988e+00 ]
T: !!opencv-matrix
   rows: 3
   cols: 1
   dt: d
   data: [ -8.9150142517934910e+02, 5.3466925602144237e+01,
       5.3147770879146442e+01 ]
E: !!opencv-matrix
   rows: 0
   cols: 0
   dt: u
   data: []
F: !!opencv-matrix
   rows: 0
   cols: 0
   dt: u
   data: []
K1: !!opencv-matrix
   rows: 3
   cols: 3
   dt: d
   data: [ 3.6627756984521932e+02, 0., 3.8060969928433269e+02, 0.,
       3.6653175179255015e+02, 2.3878059668569790e+02, 0., 0., 1. ]
D1: !!opencv-matrix
   rows: 5
   cols: 1
   dt: d
   data: [ -2.1859934914563901e-02, -9.9468572971318997e-04,
       1.6448003429794193e-03, -3.1164985765511365e-04,
       3.5195408316194161e-04 ]
P1: !!opencv-matrix
   rows: 3
   cols: 4
   dt: f
   data: [ 3.69076385e+02, 0., 4.04992950e+02, 0., 0., 3.69076385e+02,
       2.33225143e+02, 0., 0., 0., 1., 0. ]
R1: !!opencv-matrix
   rows: 3
   cols: 3
   dt: f
   data: [ 9.94443178e-01, -1.04954168e-01, -8.21041688e-03,
       1.04758948e-01, 9.94267404e-01, -2.13980637e-02, 1.04091661e-02,
       2.04190426e-02, 9.99737322e-01 ]
K2: !!opencv-matrix
   rows: 3
   cols: 3
   dt: d
   data: [ 3.6687495098581172e+02, 0., 3.7621769200552956e+02, 0.,
       3.6726361788508825e+02, 2.2399932895774910e+02, 0., 0., 1. ]
D2: !!opencv-matrix
   rows: 5
   cols: 1
   dt: d
   data: [ -2.2201337830972428e-02, -1.1445843221826492e-03,
       2.9199201696882579e-04, -7.1705872414221615e-04,
       5.1284674356775366e-04 ]
P2: !!opencv-matrix
   rows: 3
   cols: 4
   dt: f
   data: [ 3.69076385e+02, 0., 4.04992950e+02, -3.30206469e+05, 0.,
       3.69076385e+02, 2.33225143e+02, 0., 0., 0., 1., 0. ]
R2: !!opencv-matrix
   rows: 3
   cols: 3
   dt: f
   data: [ 9.96443570e-01, -5.97607307e-02, -5.94040044e-02,
       6.09924942e-02, 9.97954667e-01, 1.91414766e-02, 5.81385940e-02,
       -2.26965994e-02, 9.98050511e-01 ]
