%YAML:1.0
---
Q: !!opencv-matrix
   rows: 4
   cols: 4
   dt: f
   data: [ 1., 0., 0., -4.14007599e+02, 0., 1., 0., -2.33904114e+02, 0.,
       0., 0., 3.68131744e+02, 0., 0., 8.09188843e+00, 0. ]
R: !!opencv-matrix
   rows: 3
   cols: 3
   dt: d
   data: [ 1.1073590605597163e+00, -5.1260707658424658e-02,
       1.9744227340724053e-02, 4.9430135718271699e-02,
       1.1043164293187768e+00, -4.6018065218318173e-02,
       -5.1904061137290333e-02, 5.0749700639805675e-02,
       1.1060201761144666e+00 ]
T: !!opencv-matrix
   rows: 3
   cols: 1
   dt: d
   data: [ -6.5185055375727913e-02, 4.1394509191070607e-03,
       4.1158311143009562e-03 ]
E: !!opencv-matrix
   rows: 0
   cols: 0
   dt: u
   data: []
F: !!opencv-matrix
   rows: 0
   cols: 0
   dt: u
   data: []
K1: !!opencv-matrix
   rows: 3
   cols: 3
   dt: d
   data: [ 3.6627756984521932e+02, 0., 3.8060969928433269e+02, 0.,
       3.6653175179255015e+02, 2.3878059668569790e+02, 0., 0., 1. ]
D1: !!opencv-matrix
   rows: 5
   cols: 1
   dt: d
   data: [ -2.1859934914563901e-02, -9.9468572971318997e-04,
       1.6448003429794193e-03, -3.1164985765511365e-04,
       3.5195408316194161e-04 ]
P1: !!opencv-matrix
   rows: 3
   cols: 4
   dt: f
   data: [ 3.68131744e+02, 0., 4.14007599e+02, 0., 0., 3.68131744e+02,
       2.33904114e+02, 0., 0., 0., 1., 0. ]
R1: !!opencv-matrix
   rows: 3
   cols: 3
   dt: f
   data: [ 9.93672013e-01, -1.08867705e-01, -2.76356414e-02,
       1.08279787e-01, 9.93878067e-01, -2.19511092e-02, 2.98562255e-02,
       1.88198220e-02, 9.99377012e-01 ]
K2: !!opencv-matrix
   rows: 3
   cols: 3
   dt: d
   data: [ 3.6687495098581172e+02, 0., 3.7621769200552956e+02, 0.,
       3.6726361788508825e+02, 2.2399932895774910e+02, 0., 0., 1. ]
D2: !!opencv-matrix
   rows: 5
   cols: 1
   dt: d
   data: [ -2.2201337830972428e-02, -1.1445843221826492e-03,
       2.9199201696882579e-04, -7.1705872414221615e-04,
       5.1284674356775366e-04 ]
P2: !!opencv-matrix
   rows: 3
   cols: 4
   dt: f
   data: [ 3.68131744e+02, 0., 4.14007599e+02, -4.54939194e+01, 0.,
       3.68131744e+02, 2.33904114e+02, 0., 0., 0., 1., 0. ]
R2: !!opencv-matrix
   rows: 3
   cols: 3
   dt: f
   data: [ 9.96014237e-01, -6.32499605e-02, -6.28890544e-02,
       6.45220876e-02, 9.97746527e-01, 1.84052512e-02, 6.15832061e-02,
       -2.23896243e-02, 9.97850776e-01 ]
