%YAML:1.0
---
Q: !!opencv-matrix
   rows: 4
   cols: 4
   dt: f
   data: [ 1., 0., 0., -4.29449524e+02, 0., 1., 0., -2.33898849e+02, 0.,
       0., 0., 3.65854462e+02, 0., 0., 5.49641438e-03, 0. ]
R: !!opencv-matrix
   rows: 3
   cols: 3
   dt: d
   data: [ 9.9906835929564553e-01, 1.0757540100768388e-02,
       -3.5534585286174573e-03, -9.6067918041450144e-03,
       1.0002187064445158e+00, 9.2634581376714563e-03,
       3.3236225756888950e-03, -9.2729769857407360e-03,
       1.0003519738347733e+00 ]
T: !!opencv-matrix
   rows: 3
   cols: 1
   dt: d
   data: [ -1.8108282756225273e+02, 1.1499225739646253e+01,
       1.1430633513192278e+01 ]
E: !!opencv-matrix
   rows: 0
   cols: 0
   dt: u
   data: []
F: !!opencv-matrix
   rows: 0
   cols: 0
   dt: u
   data: []
K1: !!opencv-matrix
   rows: 3
   cols: 3
   dt: d
   data: [ 3.6627756984521932e+02, 0., 3.8060969928433269e+02, 0.,
       3.6653175179255015e+02, 2.3878059668569790e+02, 0., 0., 1. ]
D1: !!opencv-matrix
   rows: 5
   cols: 1
   dt: d
   data: [ -2.1859934914563901e-02, -9.9468572971318997e-04,
       1.6448003429794193e-03, -3.1164985765511365e-04,
       3.5195408316194161e-04 ]
P1: !!opencv-matrix
   rows: 3
   cols: 4
   dt: f
   data: [ 3.65854462e+02, 0., 4.29449524e+02, 0., 0., 3.65854462e+02,
       2.33898849e+02, 0., 0., 0., 1., 0. ]
R1: !!opencv-matrix
   rows: 3
   cols: 3
   dt: f
   data: [ 9.96387422e-01, -5.22899516e-02, -6.69166669e-02,
       5.25853261e-02, 9.98612881e-01, 2.65909173e-03, 6.66847974e-02,
       -6.16832031e-03, 9.97755051e-01 ]
K2: !!opencv-matrix
   rows: 3
   cols: 3
   dt: d
   data: [ 3.6687495098581172e+02, 0., 3.7621769200552956e+02, 0.,
       3.6726361788508825e+02, 2.2399932895774910e+02, 0., 0., 1. ]
D2: !!opencv-matrix
   rows: 5
   cols: 1
   dt: d
   data: [ -2.2201337830972428e-02, -1.1445843221826492e-03,
       2.9199201696882579e-04, -7.1705872414221615e-04,
       5.1284674356775366e-04 ]
P2: !!opencv-matrix
   rows: 3
   cols: 4
   dt: f
   data: [ 3.65854462e+02, 0., 4.29449524e+02, -6.65623906e+04, 0.,
       3.65854462e+02, 2.33898849e+02, 0., 0., 0., 1., 0. ]
R2: !!opencv-matrix
   rows: 3
   cols: 3
   dt: f
   data: [ 9.96015370e-01, -6.32495359e-02, -6.28722608e-02,
       6.29708916e-02, 9.97994781e-01, -6.40561804e-03, 6.31513372e-02,
       2.42097140e-03, 9.98001039e-01 ]
