%YAML:1.0
---
Q: !!opencv-matrix
   rows: 4
   cols: 4
   dt: f
   data: [ 1., 0., 0., -3.83182739e+02, 0., 1., 0., -2.32192841e+02, 0.,
       0., 0., 3.61822021e+02, 0., 0., 5.56670548e-03, 0. ]
R: !!opencv-matrix
   rows: 3
   cols: 3
   dt: d
   data: [ 9.9994741012647836e-01, 9.7195342571941203e-03,
       -3.1443994096864705e-03, -9.6818364887469241e-03,
       9.9992724619535189e-01, 9.2342447097678287e-03,
       3.2433704860723401e-03, -9.2038444833072944e-03,
       9.9996955764278184e-01 ]
T: !!opencv-matrix
   rows: 3
   cols: 1
   dt: d
   data: [ -1.7928310758617351e+02, 1.1384963403620748e+01,
       7.6945461257959391e-01 ]
E: !!opencv-matrix
   rows: 0
   cols: 0
   dt: u
   data: []
F: !!opencv-matrix
   rows: 0
   cols: 0
   dt: u
   data: []
K1: !!opencv-matrix
   rows: 3
   cols: 3
   dt: d
   data: [ 3.6627756984521932e+02, 0., 3.8060969928433269e+02, 0.,
       3.6653175179255015e+02, 2.3878059668569790e+02, 0., 0., 1. ]
D1: !!opencv-matrix
   rows: 5
   cols: 1
   dt: d
   data: [ -2.1859934914563901e-02, -9.9468572971318997e-04,
       1.6448003429794193e-03, -3.1164985765511365e-04,
       3.5195408316194161e-04 ]
P1: !!opencv-matrix
   rows: 3
   cols: 4
   dt: f
   data: [ 3.61822021e+02, 0., 3.83182739e+02, 0., 0., 3.61822021e+02,
       2.32192841e+02, 0., 0., 0., 1., 0. ]
R1: !!opencv-matrix
   rows: 3
   cols: 3
   dt: f
   data: [ 9.98528540e-01, -5.36337607e-02, -8.00810196e-03,
       5.36696240e-02, 9.98549342e-01, 4.33248654e-03, 7.76411779e-03,
       -4.75590304e-03, 9.99958575e-01 ]
K2: !!opencv-matrix
   rows: 3
   cols: 3
   dt: d
   data: [ 3.6687495098581172e+02, 0., 3.7621769200552956e+02, 0.,
       3.6726361788508825e+02, 2.2399932895774910e+02, 0., 0., 1. ]
D2: !!opencv-matrix
   rows: 5
   cols: 1
   dt: d
   data: [ -2.2201337830972428e-02, -1.1445843221826492e-03,
       2.9199201696882579e-04, -7.1705872414221615e-04,
       5.1284674356775366e-04 ]
P2: !!opencv-matrix
   rows: 3
   cols: 4
   dt: f
   data: [ 3.61822021e+02, 0., 3.83182739e+02, -6.49975156e+04, 0.,
       3.61822021e+02, 2.32192841e+02, 0., 0., 0., 1., 0. ]
R2: !!opencv-matrix
   rows: 3
   cols: 3
   dt: f
   data: [ 9.97980654e-01, -6.33744746e-02, -4.28317906e-03,
       6.33543432e-02, 9.97980118e-01, -4.68398025e-03, 4.57137264e-03,
       4.40316321e-03, 9.99979854e-01 ]
