%YAML:1.0
---
Q: !!opencv-matrix
   rows: 4
   cols: 4
   dt: f
   data: [ 1., 0., 0., -3.83192749e+02, 0., 1., 0., -2.32193268e+02, 0.,
       0., 0., 3.61821991e+02, 0., 0., 5.56452479e-03, 0. ]
R: !!opencv-matrix
   rows: 3
   cols: 3
   dt: d
   data: [ 9.9995491983266815e-01, 9.7543758264236717e-03,
       -3.1427829927527656e-03, -9.6787024013004729e-03,
       9.9999206589140632e-01, 9.2346726613994744e-03,
       3.2439246451434209e-03, -9.2052142671388334e-03,
       1.0000360143803282e+00 ]
T: !!opencv-matrix
   rows: 3
   cols: 1
   dt: d
   data: [ -1.7937339177741205e+02, 1.1390965642803263e+01,
       7.7235474848258501e-01 ]
E: !!opencv-matrix
   rows: 0
   cols: 0
   dt: u
   data: []
F: !!opencv-matrix
   rows: 0
   cols: 0
   dt: u
   data: []
K1: !!opencv-matrix
   rows: 3
   cols: 3
   dt: d
   data: [ 3.6627756984521932e+02, 0., 3.8060969928433269e+02, 0.,
       3.6653175179255015e+02, 2.3878059668569790e+02, 0., 0., 1. ]
D1: !!opencv-matrix
   rows: 5
   cols: 1
   dt: d
   data: [ -2.1859934914563901e-02, -9.9468572971318997e-04,
       1.6448003429794193e-03, -3.1164985765511365e-04,
       3.5195408316194161e-04 ]
P1: !!opencv-matrix
   rows: 3
   cols: 4
   dt: f
   data: [ 3.61821991e+02, 0., 3.83192749e+02, 0., 0., 3.61821991e+02,
       2.32193268e+02, 0., 0., 0., 1., 0. ]
R1: !!opencv-matrix
   rows: 3
   cols: 3
   dt: f
   data: [ 9.98527944e-01, -5.36432378e-02, -8.01971275e-03,
       5.36791533e-02, 9.98548865e-01, 4.33218619e-03, 7.77568202e-03,
       -4.75630024e-03, 9.99958456e-01 ]
K2: !!opencv-matrix
   rows: 3
   cols: 3
   dt: d
   data: [ 3.6687495098581172e+02, 0., 3.7621769200552956e+02, 0.,
       3.6726361788508825e+02, 2.2399932895774910e+02, 0., 0., 1. ]
D2: !!opencv-matrix
   rows: 5
   cols: 1
   dt: d
   data: [ -2.2201337830972428e-02, -1.1445843221826492e-03,
       2.9199201696882579e-04, -7.1705872414221615e-04,
       5.1284674356775366e-04 ]
P2: !!opencv-matrix
   rows: 3
   cols: 4
   dt: f
   data: [ 3.61821991e+02, 0., 3.83192749e+02, -6.50229844e+04, 0.,
       3.61821991e+02, 2.32193268e+02, 0., 0., 0., 1., 0. ]
R2: !!opencv-matrix
   rows: 3
   cols: 3
   dt: f
   data: [ 9.97980475e-01, -6.33759648e-02, -4.29717824e-03,
       6.33557662e-02, 9.97979999e-01, -4.68447618e-03, 4.58538113e-03,
       4.40276507e-03, 9.99979794e-01 ]
