%YAML:1.0
---
Q: !!opencv-matrix
   rows: 4
   cols: 4
   dt: f
   data: [ 1., 0., 0., -4.09367004e+02, 0., 1., 0., -2.33572403e+02, 0.,
       0., 0., 3.69374969e+02, 0., 0., 7.07275346e-02, 0. ]
R: !!opencv-matrix
   rows: 3
   cols: 3
   dt: d
   data: [ 1.0419667032514257e+00, -4.9053255511905432e-02,
       3.8582725796495188e-02, 4.6882023967424476e-02,
       1.0425657328935924e+00, -4.4709558387603071e-02,
       -4.8783202004977003e-02, 4.7951699613290294e-02,
       1.0428729440950415e+00 ]
T: !!opencv-matrix
   rows: 3
   cols: 1
   dt: d
   data: [ -1.2269820863819323e+01, 7.7917125307961732e-01,
       7.7472529447844307e-01 ]
E: !!opencv-matrix
   rows: 0
   cols: 0
   dt: u
   data: []
F: !!opencv-matrix
   rows: 0
   cols: 0
   dt: u
   data: []
K1: !!opencv-matrix
   rows: 3
   cols: 3
   dt: d
   data: [ 3.6627756984521932e+02, 0., 3.8060969928433269e+02, 0.,
       3.6653175179255015e+02, 2.3878059668569790e+02, 0., 0., 1. ]
D1: !!opencv-matrix
   rows: 5
   cols: 1
   dt: d
   data: [ -2.1859934914563901e-02, -9.9468572971318997e-04,
       1.6448003429794193e-03, -3.1164985765511365e-04,
       3.5195408316194161e-04 ]
P1: !!opencv-matrix
   rows: 3
   cols: 4
   dt: f
   data: [ 3.69374969e+02, 0., 4.09367004e+02, 0., 0., 3.69374969e+02,
       2.33572403e+02, 0., 0., 0., 1., 0. ]
R1: !!opencv-matrix
   rows: 3
   cols: 3
   dt: f
   data: [ 9.93800700e-01, -1.10050052e-01, -1.57841481e-02,
       1.09698363e-01, 9.93729234e-01, -2.16444246e-02, 1.80671401e-02,
       1.97787490e-02, 9.99641120e-01 ]
K2: !!opencv-matrix
   rows: 3
   cols: 3
   dt: d
   data: [ 3.6687495098581172e+02, 0., 3.7621769200552956e+02, 0.,
       3.6726361788508825e+02, 2.2399932895774910e+02, 0., 0., 1. ]
D2: !!opencv-matrix
   rows: 5
   cols: 1
   dt: d
   data: [ -2.2201337830972428e-02, -1.1445843221826492e-03,
       2.9199201696882579e-04, -7.1705872414221615e-04,
       5.1284674356775366e-04 ]
P2: !!opencv-matrix
   rows: 3
   cols: 4
   dt: f
   data: [ 3.69374969e+02, 0., 4.09367004e+02, -5.22250635e+03, 0.,
       3.69374969e+02, 2.33572403e+02, 0., 0., 0., 1., 0. ]
R2: !!opencv-matrix
   rows: 3
   cols: 3
   dt: f
   data: [ 9.96014237e-01, -6.32499605e-02, -6.28890544e-02,
       6.45421818e-02, 9.97739196e-01, 1.87309124e-02, 6.15621433e-02,
       -2.27152519e-02, 9.97844756e-01 ]
