%YAML:1.0
---
Q: !!opencv-matrix
   rows: 4
   cols: 4
   dt: f
   data: [ 1., 0., 0., -4.13806976e+02, 0., 1., 0., -2.33899368e+02, 0.,
       0., 0., 3.68040649e+02, 0., 0., 4.56176071e+01, 0. ]
R: !!opencv-matrix
   rows: 3
   cols: 3
   dt: d
   data: [ 1.1202578947447723e+00, -5.1214898368697664e-02,
       1.9542564621037921e-02, 4.9955345470113134e-02,
       1.1166740559417405e+00, -4.6507783357256305e-02,
       -5.2516261709178842e-02, 5.1280190819701449e-02,
       1.1184631093534319e+00 ]
T: !!opencv-matrix
   rows: 3
   cols: 1
   dt: d
   data: [ -2.1833986663586265e-02, 1.3865251113334798e-03,
       1.3786135661759029e-03 ]
E: !!opencv-matrix
   rows: 0
   cols: 0
   dt: u
   data: []
F: !!opencv-matrix
   rows: 0
   cols: 0
   dt: u
   data: []
K1: !!opencv-matrix
   rows: 3
   cols: 3
   dt: d
   data: [ 3.6627756984521932e+02, 0., 3.8060969928433269e+02, 0.,
       3.6653175179255015e+02, 2.3878059668569790e+02, 0., 0., 1. ]
D1: !!opencv-matrix
   rows: 5
   cols: 1
   dt: d
   data: [ -2.1859934914563901e-02, -9.9468572971318997e-04,
       1.6448003429794193e-03, -3.1164985765511365e-04,
       3.5195408316194161e-04 ]
P1: !!opencv-matrix
   rows: 3
   cols: 4
   dt: f
   data: [ 3.68040649e+02, 0., 4.13806976e+02, 0., 0., 3.68040649e+02,
       2.33899368e+02, 0., 0., 0., 1., 0. ]
R1: !!opencv-matrix
   rows: 3
   cols: 3
   dt: f
   data: [ 9.93577659e-01, -1.09853946e-01, -2.71207094e-02,
       1.09275848e-01, 9.93768990e-01, -2.19538659e-02, 2.93634403e-02,
       1.88492313e-02, 9.99391079e-01 ]
K2: !!opencv-matrix
   rows: 3
   cols: 3
   dt: d
   data: [ 3.6687495098581172e+02, 0., 3.7621769200552956e+02, 0.,
       3.6726361788508825e+02, 2.2399932895774910e+02, 0., 0., 1. ]
D2: !!opencv-matrix
   rows: 5
   cols: 1
   dt: d
   data: [ -2.2201337830972428e-02, -1.1445843221826492e-03,
       2.9199201696882579e-04, -7.1705872414221615e-04,
       5.1284674356775366e-04 ]
P2: !!opencv-matrix
   rows: 3
   cols: 4
   dt: f
   data: [ 3.68040649e+02, 0., 4.13806976e+02, -8.06795120e+00, 0.,
       3.68040649e+02, 2.33899368e+02, 0., 0., 0., 1., 0. ]
R2: !!opencv-matrix
   rows: 3
   cols: 3
   dt: f
   data: [ 9.96014237e-01, -6.32499605e-02, -6.28890544e-02,
       6.45231083e-02, 9.97746170e-01, 1.84218269e-02, 6.15821332e-02,
       -2.24061999e-02, 9.97850478e-01 ]
