%YAML:1.0
---
Q: !!opencv-matrix
   rows: 4
   cols: 4
   dt: f
   data: [ 1., 0., 0., -4.14144196e+02, 0., 1., 0., -2.33905991e+02, 0.,
       0., 0., 3.68211945e+02, 0., 0., 2.51125979e+00, 0. ]
R: !!opencv-matrix
   rows: 3
   cols: 3
   dt: d
   data: [ 1.0948653726520949e+00, -4.6243882327313517e-02,
       1.7054212798119743e-02, 4.8523834730319342e-02,
       1.0883698867020302e+00, -4.5211877828573430e-02,
       -5.1370902835367438e-02, 4.9758556032077801e-02,
       1.0904739869572448e+00 ]
T: !!opencv-matrix
   rows: 3
   cols: 1
   dt: d
   data: [ -2.5187494024476093e-01, 1.5994831129370519e-02,
       1.5903564243723588e-02 ]
E: !!opencv-matrix
   rows: 0
   cols: 0
   dt: u
   data: []
F: !!opencv-matrix
   rows: 0
   cols: 0
   dt: u
   data: []
K1: !!opencv-matrix
   rows: 3
   cols: 3
   dt: d
   data: [ 3.6627756984521932e+02, 0., 3.8060969928433269e+02, 0.,
       3.6653175179255015e+02, 2.3878059668569790e+02, 0., 0., 1. ]
D1: !!opencv-matrix
   rows: 5
   cols: 1
   dt: d
   data: [ -2.1859934914563901e-02, -9.9468572971318997e-04,
       1.6448003429794193e-03, -3.1164985765511365e-04,
       3.5195408316194161e-04 ]
P1: !!opencv-matrix
   rows: 3
   cols: 4
   dt: f
   data: [ 3.68211945e+02, 0., 4.14144196e+02, 0., 0., 3.68211945e+02,
       2.33905991e+02, 0., 0., 0., 1., 0. ]
R1: !!opencv-matrix
   rows: 3
   cols: 3
   dt: f
   data: [ 9.93748248e-01, -1.08079314e-01, -2.79866010e-02,
       1.07484743e-01, 9.93964493e-01, -2.19469313e-02, 3.01896967e-02,
       1.88015923e-02, 9.99367356e-01 ]
K2: !!opencv-matrix
   rows: 3
   cols: 3
   dt: d
   data: [ 3.6687495098581172e+02, 0., 3.7621769200552956e+02, 0.,
       3.6726361788508825e+02, 2.2399932895774910e+02, 0., 0., 1. ]
D2: !!opencv-matrix
   rows: 5
   cols: 1
   dt: d
   data: [ -2.2201337830972428e-02, -1.1445843221826492e-03,
       2.9199201696882579e-04, -7.1705872414221615e-04,
       5.1284674356775366e-04 ]
P2: !!opencv-matrix
   rows: 3
   cols: 4
   dt: f
   data: [ 3.68211945e+02, 0., 4.14144196e+02, -1.46624390e+02, 0.,
       3.68211945e+02, 2.33905991e+02, 0., 0., 0., 1., 0. ]
R2: !!opencv-matrix
   rows: 3
   cols: 3
   dt: f
   data: [ 9.96014237e-01, -6.32499605e-02, -6.28890544e-02,
       6.45213723e-02, 9.97746766e-01, 1.83936488e-02, 6.15839548e-02,
       -2.23780256e-02, 9.97851014e-01 ]
