%YAML:1.0
---
Q: !!opencv-matrix
   rows: 4
   cols: 4
   dt: f
   data: [ 1., 0., 0., -4.11860168e+02, 0., 1., 0., -2.33317841e+02, 0.,
       0., 0., 3.77373779e+02, 0., 0., 1.23807248e-02, 0. ]
R: !!opencv-matrix
   rows: 3
   cols: 3
   dt: d
   data: [ 1.0298479755770826e+00, 3.6499598795833783e-03,
       2.0598051763707312e-02, -7.7133865129073911e-03,
       1.0292654579420737e+00, -4.2982702703323605e-02,
       -5.0591269502750821e-02, 4.4820582084609720e-02,
       1.0295441918415915e+00 ]
T: !!opencv-matrix
   rows: 3
   cols: 1
   dt: d
   data: [ -4.5376366802059550e+01, 2.8815209194137266e+00,
       2.8647919064262437e+00 ]
E: !!opencv-matrix
   rows: 0
   cols: 0
   dt: u
   data: []
F: !!opencv-matrix
   rows: 0
   cols: 0
   dt: u
   data: []
K1: !!opencv-matrix
   rows: 3
   cols: 3
   dt: d
   data: [ 3.6627756984521932e+02, 0., 3.8060969928433269e+02, 0.,
       3.6653175179255015e+02, 2.3878059668569790e+02, 0., 0., 1. ]
D1: !!opencv-matrix
   rows: 5
   cols: 1
   dt: d
   data: [ -2.1859934914563901e-02, -9.9468572971318997e-04,
       1.6448003429794193e-03, -3.1164985765511365e-04,
       3.5195408316194161e-04 ]
P1: !!opencv-matrix
   rows: 3
   cols: 4
   dt: f
   data: [ 3.77373779e+02, 0., 4.11860168e+02, 0., 0., 3.77373779e+02,
       2.33317841e+02, 0., 0., 0., 1., 0. ]
R1: !!opencv-matrix
   rows: 3
   cols: 3
   dt: f
   data: [ 9.97952402e-01, -5.99221289e-02, -2.23676115e-02,
       5.94419092e-02, 9.97999132e-01, -2.15504654e-02, 2.36142054e-02,
       2.01767646e-02, 9.99517500e-01 ]
K2: !!opencv-matrix
   rows: 3
   cols: 3
   dt: d
   data: [ 3.6687495098581172e+02, 0., 3.7621769200552956e+02, 0.,
       3.6726361788508825e+02, 2.2399932895774910e+02, 0., 0., 1. ]
D2: !!opencv-matrix
   rows: 5
   cols: 1
   dt: d
   data: [ -2.2201337830972428e-02, -1.1445843221826492e-03,
       2.9199201696882579e-04, -7.1705872414221615e-04,
       5.1284674356775366e-04 ]
P2: !!opencv-matrix
   rows: 3
   cols: 4
   dt: f
   data: [ 3.77373779e+02, 0., 4.11860168e+02, -3.04807500e+04, 0.,
       3.77373779e+02, 2.33317841e+02, 0., 0., 0., 1., 0. ]
R2: !!opencv-matrix
   rows: 3
   cols: 3
   dt: f
   data: [ 9.96014714e-01, -6.32496029e-02, -6.28824010e-02,
       6.45497292e-02, 9.97736216e-01, 1.88615583e-02, 6.15470633e-02,
       -2.28454303e-02, 9.97842669e-01 ]
