%YAML:1.0
---
Q: !!opencv-matrix
   rows: 4
   cols: 4
   dt: f
   data: [ 1., 0., 0., -4.13301941e+02, 0., 1., 0., -2.33877853e+02, 0.,
       0., 0., 3.67944122e+02, 0., 0., 2.59130806e-01, 0. ]
R: !!opencv-matrix
   rows: 3
   cols: 3
   dt: d
   data: [ 1.0693724081975504e+00, -4.9188708881016049e-02,
       1.8853455952676734e-02, 4.7733744130022876e-02,
       1.0664073536912628e+00, -4.4425633678601070e-02,
       -5.0123665916438749e-02, 4.8988696213066195e-02,
       1.0680860072714873e+00 ]
T: !!opencv-matrix
   rows: 3
   cols: 1
   dt: d
   data: [ -2.4775864705506629e+00, 1.5733433888405052e-01,
       1.5643658541623229e-01 ]
E: !!opencv-matrix
   rows: 0
   cols: 0
   dt: u
   data: []
F: !!opencv-matrix
   rows: 0
   cols: 0
   dt: u
   data: []
K1: !!opencv-matrix
   rows: 3
   cols: 3
   dt: d
   data: [ 3.6627756984521932e+02, 0., 3.8060969928433269e+02, 0.,
       3.6653175179255015e+02, 2.3878059668569790e+02, 0., 0., 1. ]
D1: !!opencv-matrix
   rows: 5
   cols: 1
   dt: d
   data: [ -2.1859934914563901e-02, -9.9468572971318997e-04,
       1.6448003429794193e-03, -3.1164985765511365e-04,
       3.5195408316194161e-04 ]
P1: !!opencv-matrix
   rows: 3
   cols: 4
   dt: f
   data: [ 3.67944122e+02, 0., 4.13301941e+02, 0., 0., 3.67944122e+02,
       2.33877853e+02, 0., 0., 0., 1., 0. ]
R1: !!opencv-matrix
   rows: 3
   cols: 3
   dt: f
   data: [ 9.93431211e-01, -1.11478142e-01, -2.58270688e-02,
       1.10925049e-01, 9.93586481e-01, -2.19447091e-02, 2.81077828e-02,
       1.89356916e-02, 9.99425530e-01 ]
K2: !!opencv-matrix
   rows: 3
   cols: 3
   dt: d
   data: [ 3.6687495098581172e+02, 0., 3.7621769200552956e+02, 0.,
       3.6726361788508825e+02, 2.2399932895774910e+02, 0., 0., 1. ]
D2: !!opencv-matrix
   rows: 5
   cols: 1
   dt: d
   data: [ -2.2201337830972428e-02, -1.1445843221826492e-03,
       2.9199201696882579e-04, -7.1705872414221615e-04,
       5.1284674356775366e-04 ]
P2: !!opencv-matrix
   rows: 3
   cols: 4
   dt: f
   data: [ 3.67944122e+02, 0., 4.13301941e+02, -1.41991650e+03, 0.,
       3.67944122e+02, 2.33877853e+02, 0., 0., 0., 1., 0. ]
R2: !!opencv-matrix
   rows: 3
   cols: 3
   dt: f
   data: [ 9.96014237e-01, -6.32499605e-02, -6.28890544e-02,
       6.45255446e-02, 9.97745275e-01, 1.84612554e-02, 6.15795851e-02,
       -2.24456247e-02, 9.97849762e-01 ]
