%YAML:1.0
---
Q: !!opencv-matrix
   rows: 4
   cols: 4
   dt: f
   data: [ 1., 0., 0., -4.11026367e+02, 0., 1., 0., -2.33707230e+02, 0.,
       0., 0., 3.68634521e+02, 0., 0., 1.03991009e-01, 0. ]
R: !!opencv-matrix
   rows: 3
   cols: 3
   dt: d
   data: [ 1.0545836986189963e+00, -5.2832040948245049e-02,
       2.6755767411638341e-02, 4.7486327164940050e-02,
       1.0557289041851021e+00, -4.4483910303257809e-02,
       -4.9368400758866816e-02, 4.8747957906468437e-02,
       1.0566157492731367e+00 ]
T: !!opencv-matrix
   rows: 3
   cols: 1
   dt: d
   data: [ -6.4234296912122684e+00, 4.0790748409805988e-01,
       4.0557995435003424e-01 ]
E: !!opencv-matrix
   rows: 0
   cols: 0
   dt: u
   data: []
F: !!opencv-matrix
   rows: 0
   cols: 0
   dt: u
   data: []
K1: !!opencv-matrix
   rows: 3
   cols: 3
   dt: d
   data: [ 3.6627756984521932e+02, 0., 3.8060969928433269e+02, 0.,
       3.6653175179255015e+02, 2.3878059668569790e+02, 0., 0., 1. ]
D1: !!opencv-matrix
   rows: 5
   cols: 1
   dt: d
   data: [ -2.1859934914563901e-02, -9.9468572971318997e-04,
       1.6448003429794193e-03, -3.1164985765511365e-04,
       3.5195408316194161e-04 ]
P1: !!opencv-matrix
   rows: 3
   cols: 4
   dt: f
   data: [ 3.68634521e+02, 0., 4.11026367e+02, 0., 0., 3.68634521e+02,
       2.33707230e+02, 0., 0., 0., 1., 0. ]
R1: !!opencv-matrix
   rows: 3
   cols: 3
   dt: f
   data: [ 9.93561208e-01, -1.11513980e-01, -2.00189464e-02,
       1.11076459e-01, 9.93573129e-01, -2.17809156e-02, 2.23191660e-02,
       1.94170401e-02, 9.99562323e-01 ]
K2: !!opencv-matrix
   rows: 3
   cols: 3
   dt: d
   data: [ 3.6687495098581172e+02, 0., 3.7621769200552956e+02, 0.,
       3.6726361788508825e+02, 2.2399932895774910e+02, 0., 0., 1. ]
D2: !!opencv-matrix
   rows: 5
   cols: 1
   dt: d
   data: [ -2.2201337830972428e-02, -1.1445843221826492e-03,
       2.9199201696882579e-04, -7.1705872414221615e-04,
       5.1284674356775366e-04 ]
P2: !!opencv-matrix
   rows: 3
   cols: 4
   dt: f
   data: [ 3.68634521e+02, 0., 4.11026367e+02, -3.54486914e+03, 0.,
       3.68634521e+02, 2.33707230e+02, 0., 0., 0., 1., 0. ]
R2: !!opencv-matrix
   rows: 3
   cols: 3
   dt: f
   data: [ 9.96014237e-01, -6.32499605e-02, -6.28890619e-02,
       6.45353049e-02, 9.97741699e-01, 1.86194722e-02, 6.15693629e-02,
       -2.26038247e-02, 9.97846842e-01 ]
