%YAML:1.0
---
Q: !!opencv-matrix
   rows: 4
   cols: 4
   dt: f
   data: [ 1., 0., 0., -4.14285248e+02, 0., 1., 0., -2.33906998e+02, 0.,
       0., 0., 3.68306519e+02, 0., 0., 1.17090225e+00, 0. ]
R: !!opencv-matrix
   rows: 3
   cols: 3
   dt: d
   data: [ 1.0832060801642380e+00, -4.3967010949938087e-02,
       1.6092361865381162e-02, 4.7889088541061234e-02,
       1.0755813691224356e+00, -4.4636751482231174e-02,
       -5.0841604654561327e-02, 4.9069181111485068e-02,
       1.0778195279755551e+00 ]
T: !!opencv-matrix
   rows: 3
   cols: 1
   dt: d
   data: [ -8.5063827891807964e-01, 5.4018139360157001e-02,
       5.3709910576259137e-02 ]
E: !!opencv-matrix
   rows: 0
   cols: 0
   dt: u
   data: []
F: !!opencv-matrix
   rows: 0
   cols: 0
   dt: u
   data: []
K1: !!opencv-matrix
   rows: 3
   cols: 3
   dt: d
   data: [ 3.6627756984521932e+02, 0., 3.8060969928433269e+02, 0.,
       3.6653175179255015e+02, 2.3878059668569790e+02, 0., 0., 1. ]
D1: !!opencv-matrix
   rows: 5
   cols: 1
   dt: d
   data: [ -2.1859934914563901e-02, -9.9468572971318997e-04,
       1.6448003429794193e-03, -3.1164985765511365e-04,
       3.5195408316194161e-04 ]
P1: !!opencv-matrix
   rows: 3
   cols: 4
   dt: f
   data: [ 3.68306519e+02, 0., 4.14285248e+02, 0., 0., 3.68306519e+02,
       2.33906998e+02, 0., 0., 0., 1., 0. ]
R1: !!opencv-matrix
   rows: 3
   cols: 3
   dt: f
   data: [ 9.93834317e-01, -1.07190013e-01, -2.83491984e-02,
       1.06588602e-01, 9.94061112e-01, -2.19410174e-02, 3.05326916e-02,
       1.87840350e-02, 9.99357224e-01 ]
K2: !!opencv-matrix
   rows: 3
   cols: 3
   dt: d
   data: [ 3.6687495098581172e+02, 0., 3.7621769200552956e+02, 0.,
       3.6726361788508825e+02, 2.2399932895774910e+02, 0., 0., 1. ]
D2: !!opencv-matrix
   rows: 5
   cols: 1
   dt: d
   data: [ -2.2201337830972428e-02, -1.1445843221826492e-03,
       2.9199201696882579e-04, -7.1705872414221615e-04,
       5.1284674356775366e-04 ]
P2: !!opencv-matrix
   rows: 3
   cols: 4
   dt: f
   data: [ 3.68306519e+02, 0., 4.14285248e+02, -3.14549347e+02, 0.,
       3.68306519e+02, 2.33906998e+02, 0., 0., 0., 1., 0. ]
R2: !!opencv-matrix
   rows: 3
   cols: 3
   dt: f
   data: [ 9.96014237e-01, -6.32499605e-02, -6.28890544e-02,
       6.45206198e-02, 9.97747064e-01, 1.83814690e-02, 6.15847409e-02,
       -2.23658457e-02, 9.97851253e-01 ]
