%YAML:1.0
---
Q: !!opencv-matrix
   rows: 4
   cols: 4
   dt: f
   data: [ 1., 0., 0., -4.28219513e+02, 0., 1., 0., -2.33861603e+02, 0.,
       0., 0., 3.72903198e+02, 0., 0., 5.39507065e-03, 0. ]
R: !!opencv-matrix
   rows: 3
   cols: 3
   dt: d
   data: [ 1.0060451581108418e+00, 1.5123233871376172e-02,
       -3.6257320097625853e-03, -9.8045638164261338e-03,
       1.0035986266116783e+00, -4.3325070639627428e-02,
       3.1859496990665425e-03, 4.3004898410519063e-02,
       1.0039875775371996e+00 ]
T: !!opencv-matrix
   rows: 3
   cols: 1
   dt: d
   data: [ -1.8513918611250622e+02, 1.1756949037649871e+01,
       1.1687850609971253e+01 ]
E: !!opencv-matrix
   rows: 0
   cols: 0
   dt: u
   data: []
F: !!opencv-matrix
   rows: 0
   cols: 0
   dt: u
   data: []
K1: !!opencv-matrix
   rows: 3
   cols: 3
   dt: d
   data: [ 3.6627756984521932e+02, 0., 3.8060969928433269e+02, 0.,
       3.6653175179255015e+02, 2.3878059668569790e+02, 0., 0., 1. ]
D1: !!opencv-matrix
   rows: 5
   cols: 1
   dt: d
   data: [ -2.1859934914563901e-02, -9.9468572971318997e-04,
       1.6448003429794193e-03, -3.1164985765511365e-04,
       3.5195408316194161e-04 ]
P1: !!opencv-matrix
   rows: 3
   cols: 4
   dt: f
   data: [ 3.72903198e+02, 0., 4.28219513e+02, 0., 0., 3.72903198e+02,
       2.33861603e+02, 0., 0., 0., 1., 0. ]
R1: !!opencv-matrix
   rows: 3
   cols: 3
   dt: f
   data: [ 9.96578634e-01, -5.26459105e-02, -6.37134984e-02,
       5.12502156e-02, 9.98412907e-01, -2.33465023e-02, 6.48414716e-02,
       2.00012941e-02, 9.97695088e-01 ]
K2: !!opencv-matrix
   rows: 3
   cols: 3
   dt: d
   data: [ 3.6687495098581172e+02, 0., 3.7621769200552956e+02, 0.,
       3.6726361788508825e+02, 2.2399932895774910e+02, 0., 0., 1. ]
D2: !!opencv-matrix
   rows: 5
   cols: 1
   dt: d
   data: [ -2.2201337830972428e-02, -1.1445843221826492e-03,
       2.9199201696882579e-04, -7.1705872414221615e-04,
       5.1284674356775366e-04 ]
P2: !!opencv-matrix
   rows: 3
   cols: 4
   dt: f
   data: [ 3.72903198e+02, 0., 4.28219513e+02, -6.91192422e+04, 0.,
       3.72903198e+02, 2.33861603e+02, 0., 0., 0., 1., 0. ]
R2: !!opencv-matrix
   rows: 3
   cols: 3
   dt: f
   data: [ 9.96014893e-01, -6.32502288e-02, -6.28784969e-02,
       6.46006688e-02, 9.97717142e-01, 1.96790528e-02, 6.14902489e-02,
       -2.36626230e-02, 9.97827172e-01 ]
