%YAML:1.0
---
Q: !!opencv-matrix
   rows: 4
   cols: 4
   dt: f
   data: [ 1., 0., 0., -4.28247833e+02, 0., 1., 0., -2.33916885e+02, 0.,
       0., 0., 3.72437195e+02, 0., 0., 5.38156135e-03, 0. ]
R: !!opencv-matrix
   rows: 3
   cols: 3
   dt: d
   data: [ 1.0054210533417414e+00, 1.1514649518402604e-02,
       -3.7639182191099713e-03, -9.7556184725134405e-03,
       1.0040007613344162e+00, -4.3323795278548301e-02,
       3.2368343752357501e-03, 4.3240277989596433e-02,
       1.0041691409535329e+00 ]
T: !!opencv-matrix
   rows: 3
   cols: 1
   dt: d
   data: [ -1.8507917575329523e+02, 1.1753138225759606e+01,
       1.1684063006617867e+01 ]
E: !!opencv-matrix
   rows: 0
   cols: 0
   dt: u
   data: []
F: !!opencv-matrix
   rows: 0
   cols: 0
   dt: u
   data: []
K1: !!opencv-matrix
   rows: 3
   cols: 3
   dt: d
   data: [ 3.6627756984521932e+02, 0., 3.8060969928433269e+02, 0.,
       3.6653175179255015e+02, 2.3878059668569790e+02, 0., 0., 1. ]
D1: !!opencv-matrix
   rows: 5
   cols: 1
   dt: d
   data: [ -2.1859934914563901e-02, -9.9468572971318997e-04,
       1.6448003429794193e-03, -3.1164985765511365e-04,
       3.5195408316194161e-04 ]
P1: !!opencv-matrix
   rows: 3
   cols: 4
   dt: f
   data: [ 3.72437195e+02, 0., 4.28247833e+02, 0., 0., 3.72437195e+02,
       2.33916885e+02, 0., 0., 0., 1., 0. ]
R1: !!opencv-matrix
   rows: 3
   cols: 3
   dt: f
   data: [ 9.96423781e-01, -5.54329753e-02, -6.37715906e-02,
       5.40324971e-02, 9.98263061e-01, -2.34810691e-02, 6.49624467e-02,
       1.99513584e-02, 9.97688234e-01 ]
K2: !!opencv-matrix
   rows: 3
   cols: 3
   dt: d
   data: [ 3.6687495098581172e+02, 0., 3.7621769200552956e+02, 0.,
       3.6726361788508825e+02, 2.2399932895774910e+02, 0., 0., 1. ]
D2: !!opencv-matrix
   rows: 5
   cols: 1
   dt: d
   data: [ -2.2201337830972428e-02, -1.1445843221826492e-03,
       2.9199201696882579e-04, -7.1705872414221615e-04,
       5.1284674356775366e-04 ]
P2: !!opencv-matrix
   rows: 3
   cols: 4
   dt: f
   data: [ 3.72437195e+02, 0., 4.28247833e+02, -6.92061641e+04, 0.,
       3.72437195e+02, 2.33916885e+02, 0., 0., 0., 1., 0. ]
R2: !!opencv-matrix
   rows: 3
   cols: 3
   dt: f
   data: [ 9.96014893e-01, -6.32502362e-02, -6.28784969e-02,
       6.46033287e-02, 9.97716129e-01, 1.97222065e-02, 6.14874586e-02,
       -2.37057712e-02, 9.97826278e-01 ]
