%YAML:1.0
---
Q: !!opencv-matrix
   rows: 4
   cols: 4
   dt: f
   data: [ 1., 0., 0., -4.14074463e+02, 0., 1., 0., -2.33905121e+02, 0.,
       0., 0., 3.68169861e+02, 0., 0., 3.14012115e+02, 0. ]
R: !!opencv-matrix
   rows: 3
   cols: 3
   dt: d
   data: [ 1.1434498745146537e+00, -4.9264261662205461e-02,
       1.8301487562613874e-02, 5.0772036743093642e-02,
       1.1376007942587736e+00, -4.7284795214498319e-02,
       -5.3636193299307314e-02, 5.2065403453664741e-02,
       1.1397107236287363e+00 ]
T: !!opencv-matrix
   rows: 3
   cols: 1
   dt: d
   data: [ -3.1718974530810279e-03, 2.0142521551532366e-04,
       2.0027587845996637e-04 ]
E: !!opencv-matrix
   rows: 0
   cols: 0
   dt: u
   data: []
F: !!opencv-matrix
   rows: 0
   cols: 0
   dt: u
   data: []
K1: !!opencv-matrix
   rows: 3
   cols: 3
   dt: d
   data: [ 3.6627756984521932e+02, 0., 3.8060969928433269e+02, 0.,
       3.6653175179255015e+02, 2.3878059668569790e+02, 0., 0., 1. ]
D1: !!opencv-matrix
   rows: 5
   cols: 1
   dt: d
   data: [ -2.1859934914563901e-02, -9.9468572971318997e-04,
       1.6448003429794193e-03, -3.1164985765511365e-04,
       3.5195408316194161e-04 ]
P1: !!opencv-matrix
   rows: 3
   cols: 4
   dt: f
   data: [ 3.68169861e+02, 0., 4.14074463e+02, 0., 0., 3.68169861e+02,
       2.33905121e+02, 0., 0., 0., 1., 0. ]
R1: !!opencv-matrix
   rows: 3
   cols: 3
   dt: f
   data: [ 9.93708670e-01, -1.08488999e-01, -2.78073847e-02,
       1.07897826e-01, 9.93919671e-01, -2.19492204e-02, 3.00195571e-02,
       1.88107751e-02, 9.99372303e-01 ]
K2: !!opencv-matrix
   rows: 3
   cols: 3
   dt: d
   data: [ 3.6687495098581172e+02, 0., 3.7621769200552956e+02, 0.,
       3.6726361788508825e+02, 2.2399932895774910e+02, 0., 0., 1. ]
D2: !!opencv-matrix
   rows: 5
   cols: 1
   dt: d
   data: [ -2.2201337830972428e-02, -1.1445843221826492e-03,
       2.9199201696882579e-04, -7.1705872414221615e-04,
       5.1284674356775366e-04 ]
P2: !!opencv-matrix
   rows: 3
   cols: 4
   dt: f
   data: [ 3.68169861e+02, 0., 4.14074463e+02, -1.17247021e+00, 0.,
       3.68169861e+02, 2.33905121e+02, 0., 0., 0., 1., 0. ]
R2: !!opencv-matrix
   rows: 3
   cols: 3
   dt: f
   data: [ 9.96014237e-01, -6.32499605e-02, -6.28890544e-02,
       6.45217374e-02, 9.97746646e-01, 1.83995925e-02, 6.15835711e-02,
       -2.23839674e-02, 9.97850895e-01 ]
