%YAML:1.0
---
Q: !!opencv-matrix
   rows: 4
   cols: 4
   dt: f
   data: [ 1., 0., 0., -4.14108124e+02, 0., 1., 0., -2.33905579e+02, 0.,
       0., 0., 3.68189880e+02, 0., 0., 6.75561607e-01, 0. ]
R: !!opencv-matrix
   rows: 3
   cols: 3
   dt: d
   data: [ 1.0832060801642380e+00, -4.3967010949938087e-02,
       1.6092361865381162e-02, 4.7889088541061234e-02,
       1.0755813691224356e+00, -4.4636751482231174e-02,
       -5.0841604654561327e-02, 4.9069181111485068e-02,
       1.0778195279755551e+00 ]
T: !!opencv-matrix
   rows: 3
   cols: 1
   dt: d
   data: [ -8.5063827891807964e-01, 5.4018139360157001e-02,
       5.3709910576259137e-02 ]
E: !!opencv-matrix
   rows: 0
   cols: 0
   dt: u
   data: []
F: !!opencv-matrix
   rows: 0
   cols: 0
   dt: u
   data: []
K1: !!opencv-matrix
   rows: 3
   cols: 3
   dt: d
   data: [ 3.6627756984521932e+02, 0., 3.8060969928433269e+02, 0.,
       3.6653175179255015e+02, 2.3878059668569790e+02, 0., 0., 1. ]
D1: !!opencv-matrix
   rows: 5
   cols: 1
   dt: d
   data: [ -2.1859934914563901e-02, -9.9468572971318997e-04,
       1.6448003429794193e-03, -3.1164985765511365e-04,
       3.5195408316194161e-04 ]
P1: !!opencv-matrix
   rows: 3
   cols: 4
   dt: f
   data: [ 3.68189880e+02, 0., 4.14108124e+02, 0., 0., 3.68189880e+02,
       2.33905579e+02, 0., 0., 0., 1., 0. ]
R1: !!opencv-matrix
   rows: 3
   cols: 3
   dt: f
   data: [ 9.93727565e-01, -1.08293243e-01, -2.78938785e-02,
       1.07700422e-01, 9.93941069e-01, -2.19481587e-02, 3.01017091e-02,
       1.88063085e-02, 9.99369919e-01 ]
K2: !!opencv-matrix
   rows: 3
   cols: 3
   dt: d
   data: [ 3.6687495098581172e+02, 0., 3.7621769200552956e+02, 0.,
       3.6726361788508825e+02, 2.2399932895774910e+02, 0., 0., 1. ]
D2: !!opencv-matrix
   rows: 5
   cols: 1
   dt: d
   data: [ -2.2201337830972428e-02, -1.1445843221826492e-03,
       2.9199201696882579e-04, -7.1705872414221615e-04,
       5.1284674356775366e-04 ]
P2: !!opencv-matrix
   rows: 3
   cols: 4
   dt: f
   data: [ 3.68189880e+02, 0., 4.14108124e+02, -5.45013062e+02, 0.,
       3.68189880e+02, 2.33905579e+02, 0., 0., 0., 1., 0. ]
R2: !!opencv-matrix
   rows: 3
   cols: 3
   dt: f
   data: [ 9.96014237e-01, -6.32499605e-02, -6.28890544e-02,
       6.45215586e-02, 9.97746706e-01, 1.83967296e-02, 6.15837574e-02,
       -2.23811045e-02, 9.97850955e-01 ]
