%YAML:1.0
---
Q: !!opencv-matrix
   rows: 4
   cols: 4
   dt: f
   data: [ 1., 0., 0., -4.13774139e+02, 0., 1., 0., -2.33898483e+02, 0.,
       0., 0., 3.68027130e+02, 0., 0., 4.02009875e-01, 0. ]
R: !!opencv-matrix
   rows: 3
   cols: 3
   dt: d
   data: [ 1.0768237157346092e+00, -4.5988581442437747e-02,
       1.7038103904469144e-02, 4.7782588726073889e-02,
       1.0710039521698367e+00, -4.4505492417759335e-02,
       -5.0515613003835794e-02, 4.8993759851283673e-02,
       1.0730274982363526e+00 ]
T: !!opencv-matrix
   rows: 3
   cols: 1
   dt: d
   data: [ -1.4743500665614580e+00, 9.3625750609848901e-02,
       9.3091519857088648e-02 ]
E: !!opencv-matrix
   rows: 0
   cols: 0
   dt: u
   data: []
F: !!opencv-matrix
   rows: 0
   cols: 0
   dt: u
   data: []
K1: !!opencv-matrix
   rows: 3
   cols: 3
   dt: d
   data: [ 3.6627756984521932e+02, 0., 3.8060969928433269e+02, 0.,
       3.6653175179255015e+02, 2.3878059668569790e+02, 0., 0., 1. ]
D1: !!opencv-matrix
   rows: 5
   cols: 1
   dt: d
   data: [ -2.1859934914563901e-02, -9.9468572971318997e-04,
       1.6448003429794193e-03, -3.1164985765511365e-04,
       3.5195408316194161e-04 ]
P1: !!opencv-matrix
   rows: 3
   cols: 4
   dt: f
   data: [ 3.68027130e+02, 0., 4.13774139e+02, 0., 0., 3.68027130e+02,
       2.33898483e+02, 0., 0., 0., 1., 0. ]
R1: !!opencv-matrix
   rows: 3
   cols: 3
   dt: f
   data: [ 9.93563116e-01, -1.10006459e-01, -2.70364136e-02,
       1.09429978e-01, 9.93752003e-01, -2.19541173e-02, 2.92825848e-02,
       1.88542064e-02, 9.99393344e-01 ]
K2: !!opencv-matrix
   rows: 3
   cols: 3
   dt: d
   data: [ 3.6687495098581172e+02, 0., 3.7621769200552956e+02, 0.,
       3.6726361788508825e+02, 2.2399932895774910e+02, 0., 0., 1. ]
D2: !!opencv-matrix
   rows: 5
   cols: 1
   dt: d
   data: [ -2.2201337830972428e-02, -1.1445843221826492e-03,
       2.9199201696882579e-04, -7.1705872414221615e-04,
       5.1284674356775366e-04 ]
P2: !!opencv-matrix
   rows: 3
   cols: 4
   dt: f
   data: [ 3.68027130e+02, 0., 4.13774139e+02, -9.15467834e+02, 0.,
       3.68027130e+02, 2.33898483e+02, 0., 0., 0., 1., 0. ]
R2: !!opencv-matrix
   rows: 3
   cols: 3
   dt: f
   data: [ 9.96014237e-01, -6.32499605e-02, -6.28890544e-02,
       6.45232722e-02, 9.97746110e-01, 1.84245184e-02, 6.15819581e-02,
       -2.24088896e-02, 9.97850418e-01 ]
