%YAML:1.0
---
Q: !!opencv-matrix
   rows: 4
   cols: 4
   dt: f
   data: [ 1., 0., 0., -4.13883575e+02, 0., 1., 0., -2.33901489e+02, 0.,
       0., 0., 3.68071045e+02, 0., 0., 2.34542961e+01, 0. ]
R: !!opencv-matrix
   rows: 3
   cols: 3
   dt: d
   data: [ 1.1128367384454447e+00, -5.0122276390047564e-02,
       1.8960409232026930e-02, 4.9578711357228231e-02,
       1.1088085654922004e+00, -4.6153859765807867e-02,
       -5.2175243186757113e-02, 5.0874783846088102e-02,
       1.1106598223061073e+00 ]
T: !!opencv-matrix
   rows: 3
   cols: 1
   dt: d
   data: [ -4.2466174139008148e-02, 2.6967322886664014e-03,
       2.6813446703044443e-03 ]
E: !!opencv-matrix
   rows: 0
   cols: 0
   dt: u
   data: []
F: !!opencv-matrix
   rows: 0
   cols: 0
   dt: u
   data: []
K1: !!opencv-matrix
   rows: 3
   cols: 3
   dt: d
   data: [ 3.6627756984521932e+02, 0., 3.8060969928433269e+02, 0.,
       3.6653175179255015e+02, 2.3878059668569790e+02, 0., 0., 1. ]
D1: !!opencv-matrix
   rows: 5
   cols: 1
   dt: d
   data: [ -2.1859934914563901e-02, -9.9468572971318997e-04,
       1.6448003429794193e-03, -3.1164985765511365e-04,
       3.5195408316194161e-04 ]
P1: !!opencv-matrix
   rows: 3
   cols: 4
   dt: f
   data: [ 3.68071045e+02, 0., 4.13883575e+02, 0., 0., 3.68071045e+02,
       2.33901489e+02, 0., 0., 0., 1., 0. ]
R1: !!opencv-matrix
   rows: 3
   cols: 3
   dt: f
   data: [ 9.93610740e-01, -1.09505601e-01, -2.73171775e-02,
       1.08923748e-01, 9.93807673e-01, -2.19533481e-02, 2.95520350e-02,
       1.88375916e-02, 9.99385715e-01 ]
K2: !!opencv-matrix
   rows: 3
   cols: 3
   dt: d
   data: [ 3.6687495098581172e+02, 0., 3.7621769200552956e+02, 0.,
       3.6726361788508825e+02, 2.2399932895774910e+02, 0., 0., 1. ]
D2: !!opencv-matrix
   rows: 5
   cols: 1
   dt: d
   data: [ -2.2201337830972428e-02, -1.1445843221826492e-03,
       2.9199201696882579e-04, -7.1705872414221615e-04,
       5.1284674356775366e-04 ]
P2: !!opencv-matrix
   rows: 3
   cols: 4
   dt: f
   data: [ 3.68071045e+02, 0., 4.13883575e+02, -1.56931171e+01, 0.,
       3.68071045e+02, 2.33901489e+02, 0., 0., 0., 1., 0. ]
R2: !!opencv-matrix
   rows: 3
   cols: 3
   dt: f
   data: [ 9.96014237e-01, -6.32499605e-02, -6.28890544e-02,
       6.45227209e-02, 9.97746289e-01, 1.84155758e-02, 6.15825355e-02,
       -2.23999489e-02, 9.97850597e-01 ]
