%YAML:1.0
---
Q: !!opencv-matrix
   rows: 4
   cols: 4
   dt: f
   data: [ 1., 0., 0., -4.13997681e+02, 0., 1., 0., -2.33370331e+02, 0.,
       0., 0., 3.77238586e+02, 0., 0., 5.77295907e-02, 0. ]
R: !!opencv-matrix
   rows: 3
   cols: 3
   dt: d
   data: [ 1.0387051035882882e+00, -4.5857877199209085e-02,
       4.1790166657393039e-02, 4.6595856151877404e-02,
       1.0378272160966562e+00, -4.4728843612225899e-02,
       -4.8651470999232539e-02, 4.7554216333715232e-02,
       1.0381092573123536e+00 ]
T: !!opencv-matrix
   rows: 3
   cols: 1
   dt: d
   data: [ -1.4718728496966241e+01, 9.3468445775562969e-01,
       9.2935256057837046e-01 ]
E: !!opencv-matrix
   rows: 0
   cols: 0
   dt: u
   data: []
F: !!opencv-matrix
   rows: 0
   cols: 0
   dt: u
   data: []
K1: !!opencv-matrix
   rows: 3
   cols: 3
   dt: d
   data: [ 3.6627756984521932e+02, 0., 3.8060969928433269e+02, 0.,
       3.6653175179255015e+02, 2.3878059668569790e+02, 0., 0., 1. ]
D1: !!opencv-matrix
   rows: 5
   cols: 1
   dt: d
   data: [ -2.1859934914563901e-02, -9.9468572971318997e-04,
       1.6448003429794193e-03, -3.1164985765511365e-04,
       3.5195408316194161e-04 ]
P1: !!opencv-matrix
   rows: 3
   cols: 4
   dt: f
   data: [ 3.77238586e+02, 0., 4.13997681e+02, 0., 0., 3.77238586e+02,
       2.33370331e+02, 0., 0., 0., 1., 0. ]
R1: !!opencv-matrix
   rows: 3
   cols: 3
   dt: f
   data: [ 9.98019755e-01, -5.64118922e-02, -2.78257336e-02,
       5.58209792e-02, 9.98207688e-01, -2.15751138e-02, 2.89929546e-02,
       1.99791305e-02, 9.99379933e-01 ]
K2: !!opencv-matrix
   rows: 3
   cols: 3
   dt: d
   data: [ 3.6687495098581172e+02, 0., 3.7621769200552956e+02, 0.,
       3.6726361788508825e+02, 2.2399932895774910e+02, 0., 0., 1. ]
D2: !!opencv-matrix
   rows: 5
   cols: 1
   dt: d
   data: [ -2.2201337830972428e-02, -1.1445843221826492e-03,
       2.9199201696882579e-04, -7.1705872414221615e-04,
       5.1284674356775366e-04 ]
P2: !!opencv-matrix
   rows: 3
   cols: 4
   dt: f
   data: [ 3.77238586e+02, 0., 4.13997681e+02, -6.53457959e+03, 0.,
       3.77238586e+02, 2.33370331e+02, 0., 0., 0., 1., 0. ]
R2: !!opencv-matrix
   rows: 3
   cols: 3
   dt: f
   data: [ 9.96014714e-01, -6.32496029e-02, -6.28824010e-02,
       6.45443723e-02, 9.97738183e-01, 1.87747534e-02, 6.15526773e-02,
       -2.27586348e-02, 9.97844338e-01 ]
