%YAML:1.0
---
Q: !!opencv-matrix
   rows: 4
   cols: 4
   dt: f
   data: [ 1., 0., 0., -3.83180542e+02, 0., 1., 0., -2.32192749e+02, 0.,
       0., 0., 3.61823090e+02, 0., 0., 5.56689873e-03, 0. ]
R: !!opencv-matrix
   rows: 3
   cols: 3
   dt: d
   data: [ 9.9993028232009895e-01, 9.7211948764698488e-03,
       -3.1327602241350192e-03, -9.6803338683103118e-03,
       9.9993485376635804e-01, 9.2335749505899119e-03,
       3.2435023086454171e-03, -9.2039219875613334e-03,
       9.9997721531606409e-01 ]
T: !!opencv-matrix
   rows: 3
   cols: 1
   dt: d
   data: [ -1.7927256271447783e+02, 1.1384294545662144e+01,
       7.6941116727604242e-01 ]
E: !!opencv-matrix
   rows: 0
   cols: 0
   dt: u
   data: []
F: !!opencv-matrix
   rows: 0
   cols: 0
   dt: u
   data: []
K1: !!opencv-matrix
   rows: 3
   cols: 3
   dt: d
   data: [ 3.6627756984521932e+02, 0., 3.8060969928433269e+02, 0.,
       3.6653175179255015e+02, 2.3878059668569790e+02, 0., 0., 1. ]
D1: !!opencv-matrix
   rows: 5
   cols: 1
   dt: d
   data: [ -2.1859934914563901e-02, -9.9468572971318997e-04,
       1.6448003429794193e-03, -3.1164985765511365e-04,
       3.5195408316194161e-04 ]
P1: !!opencv-matrix
   rows: 3
   cols: 4
   dt: f
   data: [ 3.61823090e+02, 0., 3.83180542e+02, 0., 0., 3.61823090e+02,
       2.32192749e+02, 0., 0., 0., 1., 0. ]
R1: !!opencv-matrix
   rows: 3
   cols: 3
   dt: f
   data: [ 9.98528659e-01, -5.36329523e-02, -8.00244417e-03,
       5.36687896e-02, 9.98549402e-01, 4.33256710e-03, 7.75846792e-03,
       -4.75567393e-03, 9.99958575e-01 ]
K2: !!opencv-matrix
   rows: 3
   cols: 3
   dt: d
   data: [ 3.6687495098581172e+02, 0., 3.7621769200552956e+02, 0.,
       3.6726361788508825e+02, 2.2399932895774910e+02, 0., 0., 1. ]
D2: !!opencv-matrix
   rows: 5
   cols: 1
   dt: d
   data: [ -2.2201337830972428e-02, -1.1445843221826492e-03,
       2.9199201696882579e-04, -7.1705872414221615e-04,
       5.1284674356775366e-04 ]
P2: !!opencv-matrix
   rows: 3
   cols: 4
   dt: f
   data: [ 3.61823090e+02, 0., 3.83180542e+02, -6.49954531e+04, 0.,
       3.61823090e+02, 2.32192749e+02, 0., 0., 0., 1., 0. ]
R2: !!opencv-matrix
   rows: 3
   cols: 3
   dt: f
   data: [ 9.97980654e-01, -6.33744821e-02, -4.28318977e-03,
       6.33543432e-02, 9.97980118e-01, -4.68390575e-03, 4.57137823e-03,
       4.40308871e-03, 9.99979854e-01 ]
