%YAML:1.0
---
Q: !!opencv-matrix
   rows: 4
   cols: 4
   dt: f
   data: [ 1., 0., 0., -4.07682434e+02, 0., 1., 0., -2.33439346e+02, 0.,
       0., 0., 3.70128601e+02, 0., 0., 5.47530223e-03, 0. ]
R: !!opencv-matrix
   rows: 3
   cols: 3
   dt: d
   data: [ 1.0007467676813118e+00, -4.2817603542349043e-02,
       4.8818922115520608e-02, 4.5011568054586511e-02,
       1.0009036814618228e+00, -4.3681872726351247e-02,
       -4.6856041802211201e-02, 4.5777659664734627e-02,
       1.0007287047758320e+00 ]
T: !!opencv-matrix
   rows: 3
   cols: 1
   dt: d
   data: [ -1.8202302470718269e+02, 1.1558930618920666e+01,
       1.1490066911192136e+01 ]
E: !!opencv-matrix
   rows: 0
   cols: 0
   dt: u
   data: []
F: !!opencv-matrix
   rows: 0
   cols: 0
   dt: u
   data: []
K1: !!opencv-matrix
   rows: 3
   cols: 3
   dt: d
   data: [ 3.6627756984521932e+02, 0., 3.8060969928433269e+02, 0.,
       3.6653175179255015e+02, 2.3878059668569790e+02, 0., 0., 1. ]
D1: !!opencv-matrix
   rows: 5
   cols: 1
   dt: d
   data: [ -2.1859934914563901e-02, -9.9468572971318997e-04,
       1.6448003429794193e-03, -3.1164985765511365e-04,
       3.5195408316194161e-04 ]
P1: !!opencv-matrix
   rows: 3
   cols: 4
   dt: f
   data: [ 3.70128601e+02, 0., 4.07682434e+02, 0., 0., 3.70128601e+02,
       2.33439346e+02, 0., 0., 0., 1., 0. ]
R1: !!opencv-matrix
   rows: 3
   cols: 3
   dt: f
   data: [ 9.94024515e-01, -1.08549871e-01, -1.14982780e-02,
       1.08286016e-01, 9.93887007e-01, -2.15120129e-02, 1.37631157e-02,
       2.01383661e-02, 9.99702454e-01 ]
K2: !!opencv-matrix
   rows: 3
   cols: 3
   dt: d
   data: [ 3.6687495098581172e+02, 0., 3.7621769200552956e+02, 0.,
       3.6726361788508825e+02, 2.2399932895774910e+02, 0., 0., 1. ]
D2: !!opencv-matrix
   rows: 5
   cols: 1
   dt: d
   data: [ -2.2201337830972428e-02, -1.1445843221826492e-03,
       2.9199201696882579e-04, -7.1705872414221615e-04,
       5.1284674356775366e-04 ]
P2: !!opencv-matrix
   rows: 3
   cols: 4
   dt: f
   data: [ 3.70128601e+02, 0., 4.07682434e+02, -6.75996641e+04, 0.,
       3.70128601e+02, 2.33439346e+02, 0., 0., 0., 1., 0. ]
R2: !!opencv-matrix
   rows: 3
   cols: 3
   dt: f
   data: [ 9.96015310e-01, -6.32495359e-02, -6.28727227e-02,
       6.45483583e-02, 9.97736633e-01, 1.88439619e-02, 6.15385473e-02,
       -2.28272062e-02, 9.97843623e-01 ]
