%YAML:1.0
---
Q: !!opencv-matrix
   rows: 4
   cols: 4
   dt: f
   data: [ 1., 0., 0., -4.13810364e+02, 0., 1., 0., -2.33899521e+02, 0.,
       0., 0., 3.68041107e+02, 0., 0., 1.27719719e+02, 0. ]
R: !!opencv-matrix
   rows: 3
   cols: 3
   dt: d
   data: [ 1.1393339577277004e+00, -4.8870864186696485e-02,
       1.8100974984965875e-02, 5.0550587343876491e-02,
       1.1331364494947269e+00, -4.7091577326536634e-02,
       -5.3448947492003518e-02, 5.1848996391882840e-02,
       1.1352590008981620e+00 ]
T: !!opencv-matrix
   rows: 3
   cols: 1
   dt: d
   data: [ -4.8227261511701027e-03, 3.0625790043345045e-04,
       3.0451038559260133e-04 ]
E: !!opencv-matrix
   rows: 0
   cols: 0
   dt: u
   data: []
F: !!opencv-matrix
   rows: 0
   cols: 0
   dt: u
   data: []
K1: !!opencv-matrix
   rows: 3
   cols: 3
   dt: d
   data: [ 3.6627756984521932e+02, 0., 3.8060969928433269e+02, 0.,
       3.6653175179255015e+02, 2.3878059668569790e+02, 0., 0., 1. ]
D1: !!opencv-matrix
   rows: 5
   cols: 1
   dt: d
   data: [ -2.1859934914563901e-02, -9.9468572971318997e-04,
       1.6448003429794193e-03, -3.1164985765511365e-04,
       3.5195408316194161e-04 ]
P1: !!opencv-matrix
   rows: 3
   cols: 4
   dt: f
   data: [ 3.68041107e+02, 0., 4.13810364e+02, 0., 0., 3.68041107e+02,
       2.33899521e+02, 0., 0., 0., 1., 0. ]
R1: !!opencv-matrix
   rows: 3
   cols: 3
   dt: f
   data: [ 9.93578494e-01, -1.09844126e-01, -2.71293707e-02,
       1.09265856e-01, 9.93770063e-01, -2.19539367e-02, 2.93718688e-02,
       1.88486464e-02, 9.99390841e-01 ]
K2: !!opencv-matrix
   rows: 3
   cols: 3
   dt: d
   data: [ 3.6687495098581172e+02, 0., 3.7621769200552956e+02, 0.,
       3.6726361788508825e+02, 2.2399932895774910e+02, 0., 0., 1. ]
D2: !!opencv-matrix
   rows: 5
   cols: 1
   dt: d
   data: [ -2.2201337830972428e-02, -1.1445843221826492e-03,
       2.9199201696882579e-04, -7.1705872414221615e-04,
       5.1284674356775366e-04 ]
P2: !!opencv-matrix
   rows: 3
   cols: 4
   dt: f
   data: [ 3.68041107e+02, 0., 4.13810364e+02, -2.88163114e+00, 0.,
       3.68041107e+02, 2.33899521e+02, 0., 0., 0., 1., 0. ]
R2: !!opencv-matrix
   rows: 3
   cols: 3
   dt: f
   data: [ 9.96014237e-01, -6.32499605e-02, -6.28890544e-02,
       6.45230934e-02, 9.97746170e-01, 1.84215661e-02, 6.15821481e-02,
       -2.24059392e-02, 9.97850478e-01 ]
