%YAML:1.0
---
Q: !!opencv-matrix
   rows: 4
   cols: 4
   dt: f
   data: [ 1., 0., 0., -4.28209534e+02, 0., 1., 0., -2.33880020e+02, 0.,
       0., 0., 3.72748352e+02, 0., 0., 5.37981698e-03, 0. ]
R: !!opencv-matrix
   rows: 3
   cols: 3
   dt: d
   data: [ 1.0057215467090539e+00, 1.3243892647149006e-02,
       -3.6982602911416903e-03, -9.7791141581944699e-03,
       1.0038089725318367e+00, -4.3324410471190872e-02,
       3.2124213668282011e-03, 4.3127523565168149e-02,
       1.0040830852527725e+00 ]
T: !!opencv-matrix
   rows: 3
   cols: 1
   dt: d
   data: [ -1.8510489034829212e+02, 1.1754771155895659e+01,
       1.1685685750896150e+01 ]
E: !!opencv-matrix
   rows: 0
   cols: 0
   dt: u
   data: []
F: !!opencv-matrix
   rows: 0
   cols: 0
   dt: u
   data: []
K1: !!opencv-matrix
   rows: 3
   cols: 3
   dt: d
   data: [ 3.6627756984521932e+02, 0., 3.8060969928433269e+02, 0.,
       3.6653175179255015e+02, 2.3878059668569790e+02, 0., 0., 1. ]
D1: !!opencv-matrix
   rows: 5
   cols: 1
   dt: d
   data: [ -2.1859934914563901e-02, -9.9468572971318997e-04,
       1.6448003429794193e-03, -3.1164985765511365e-04,
       3.5195408316194161e-04 ]
P1: !!opencv-matrix
   rows: 3
   cols: 4
   dt: f
   data: [ 3.72748352e+02, 0., 4.28209534e+02, 0., 0., 3.72748352e+02,
       2.33880020e+02, 0., 0., 0., 1., 0. ]
R1: !!opencv-matrix
   rows: 3
   cols: 3
   dt: f
   data: [ 9.96528924e-01, -5.36138341e-02, -6.36841580e-02,
       5.22175096e-02, 9.98361707e-01, -2.33926382e-02, 6.48339912e-02,
       1.99860111e-02, 9.97695923e-01 ]
K2: !!opencv-matrix
   rows: 3
   cols: 3
   dt: d
   data: [ 3.6687495098581172e+02, 0., 3.7621769200552956e+02, 0.,
       3.6726361788508825e+02, 2.2399932895774910e+02, 0., 0., 1. ]
D2: !!opencv-matrix
   rows: 5
   cols: 1
   dt: d
   data: [ -2.2201337830972428e-02, -1.1445843221826492e-03,
       2.9199201696882579e-04, -7.1705872414221615e-04,
       5.1284674356775366e-04 ]
P2: !!opencv-matrix
   rows: 3
   cols: 4
   dt: f
   data: [ 3.72748352e+02, 0., 4.28209534e+02, -6.92864375e+04, 0.,
       3.72748352e+02, 2.33880020e+02, 0., 0., 0., 1., 0. ]
R2: !!opencv-matrix
   rows: 3
   cols: 3
   dt: f
   data: [ 9.96014893e-01, -6.32502288e-02, -6.28784969e-02,
       6.46016374e-02, 9.97716784e-01, 1.96947474e-02, 6.14892319e-02,
       -2.36783158e-02, 9.97826874e-01 ]
