%YAML:1.0
---
Q: !!opencv-matrix
   rows: 4
   cols: 4
   dt: f
   data: [ 1., 0., 0., -3.82661072e+02, 0., 1., 0., -2.32002655e+02, 0.,
       0., 0., 3.57410583e+02, 0., 0., 5.48269320e-03, 0. ]
R: !!opencv-matrix
   rows: 3
   cols: 3
   dt: d
   data: [ 9.9976715527074367e-01, 9.7826154058784209e-03,
       -3.1429564229315059e-03, -9.6821114662129400e-03,
       9.9968094736946944e-01, 9.2322840527075799e-03,
       3.2426086141273988e-03, -9.2018115885208474e-03,
       9.9972495393979599e-01 ]
T: !!opencv-matrix
   rows: 3
   cols: 1
   dt: d
   data: [ -1.8230944565046627e+02, 5.8689968173791325e+00,
       7.3948848731859884e-01 ]
E: !!opencv-matrix
   rows: 0
   cols: 0
   dt: u
   data: []
F: !!opencv-matrix
   rows: 0
   cols: 0
   dt: u
   data: []
K1: !!opencv-matrix
   rows: 3
   cols: 3
   dt: d
   data: [ 3.6627756984521932e+02, 0., 3.8060969928433269e+02, 0.,
       3.6653175179255015e+02, 2.3878059668569790e+02, 0., 0., 1. ]
D1: !!opencv-matrix
   rows: 5
   cols: 1
   dt: d
   data: [ -2.1859934914563901e-02, -9.9468572971318997e-04,
       1.6448003429794193e-03, -3.1164985765511365e-04,
       3.5195408316194161e-04 ]
P1: !!opencv-matrix
   rows: 3
   cols: 4
   dt: f
   data: [ 3.57410583e+02, 0., 3.82661072e+02, 0., 0., 3.57410583e+02,
       2.32002655e+02, 0., 0., 0., 1., 0. ]
R1: !!opencv-matrix
   rows: 3
   cols: 3
   dt: f
   data: [ 9.99721169e-01, -2.23916098e-02, -7.49883242e-03,
       2.24256739e-02, 9.99738455e-01, 4.48964583e-03, 7.39634037e-03,
       -4.65656025e-03, 9.99961793e-01 ]
K2: !!opencv-matrix
   rows: 3
   cols: 3
   dt: d
   data: [ 3.6687495098581172e+02, 0., 3.7621769200552956e+02, 0.,
       3.6726361788508825e+02, 2.2399932895774910e+02, 0., 0., 1. ]
D2: !!opencv-matrix
   rows: 5
   cols: 1
   dt: d
   data: [ -2.2201337830972428e-02, -1.1445843221826492e-03,
       2.9199201696882579e-04, -7.1705872414221615e-04,
       5.1284674356775366e-04 ]
P2: !!opencv-matrix
   rows: 3
   cols: 4
   dt: f
   data: [ 3.57410583e+02, 0., 3.82661072e+02, -6.51888711e+04, 0.,
       3.57410583e+02, 2.32002655e+02, 0., 0., 0., 1., 0. ]
R2: !!opencv-matrix
   rows: 3
   cols: 3
   dt: f
   data: [ 9.99473989e-01, -3.21755670e-02, -4.05409234e-03,
       3.21566872e-02, 9.99472082e-01, -4.63922368e-03, 4.20122175e-03,
       4.50641755e-03, 9.99981046e-01 ]
