%YAML:1.0
---
Q: !!opencv-matrix
   rows: 4
   cols: 4
   dt: f
   data: [ 1., 0., 0., -3.83235443e+02, 0., 1., 0., -2.32334045e+02, 0.,
       0., 0., 3.66902130e+02, 0., 0., 5.52481133e-03, 0. ]
R: !!opencv-matrix
   rows: 3
   cols: 3
   dt: d
   data: [ 9.9978661604888852e-01, 9.6842264281316089e-03,
       -3.1021068221693351e-03, -9.6610230089995402e-03,
       1.0000103342093447e+00, 9.2310576721289887e-03,
       3.2447717542274149e-03, -9.2041897333871511e-03,
       1.0000494046576900e+00 ]
T: !!opencv-matrix
   rows: 3
   cols: 1
   dt: d
   data: [ -1.8017021742311536e+02, 1.5810855196088209e+01,
       7.3038750083479154e-01 ]
E: !!opencv-matrix
   rows: 0
   cols: 0
   dt: u
   data: []
F: !!opencv-matrix
   rows: 0
   cols: 0
   dt: u
   data: []
K1: !!opencv-matrix
   rows: 3
   cols: 3
   dt: d
   data: [ 3.6627756984521932e+02, 0., 3.8060969928433269e+02, 0.,
       3.6653175179255015e+02, 2.3878059668569790e+02, 0., 0., 1. ]
D1: !!opencv-matrix
   rows: 5
   cols: 1
   dt: d
   data: [ -2.1859934914563901e-02, -9.9468572971318997e-04,
       1.6448003429794193e-03, -3.1164985765511365e-04,
       3.5195408316194161e-04 ]
P1: !!opencv-matrix
   rows: 3
   cols: 4
   dt: f
   data: [ 3.66902130e+02, 0., 3.83235443e+02, 0., 0., 3.66902130e+02,
       2.32334045e+02, 0., 0., 0., 1., 0. ]
R1: !!opencv-matrix
   rows: 3
   cols: 3
   dt: f
   data: [ 9.96942222e-01, -7.77384192e-02, -7.93428905e-03,
       7.77735412e-02, 9.96962130e-01, 4.21834271e-03, 7.58225843e-03,
       -4.82252194e-03, 9.99959648e-01 ]
K2: !!opencv-matrix
   rows: 3
   cols: 3
   dt: d
   data: [ 3.6687495098581172e+02, 0., 3.7621769200552956e+02, 0.,
       3.6726361788508825e+02, 2.2399932895774910e+02, 0., 0., 1. ]
D2: !!opencv-matrix
   rows: 5
   cols: 1
   dt: d
   data: [ -2.2201337830972428e-02, -1.1445843221826492e-03,
       2.9199201696882579e-04, -7.1705872414221615e-04,
       5.1284674356775366e-04 ]
P2: !!opencv-matrix
   rows: 3
   cols: 4
   dt: f
   data: [ 3.66902130e+02, 0., 3.83235443e+02, -6.64098906e+04, 0.,
       3.66902130e+02, 2.32334045e+02, 0., 0., 0., 1., 0. ]
R2: !!opencv-matrix
   rows: 3
   cols: 3
   dt: f
   data: [ 9.96163487e-01, -8.74184296e-02, -4.03835298e-03,
       8.73992443e-02, 9.96162236e-01, -4.70505096e-03, 4.43416275e-03,
       4.33405070e-03, 9.99980748e-01 ]
