%YAML:1.0
---
Q: !!opencv-matrix
   rows: 4
   cols: 4
   dt: f
   data: [ 1., 0., 0., -3.82666901e+02, 0., 1., 0., -2.32003098e+02, 0.,
       0., 0., 3.57388824e+02, 0., 0., 5.48369437e-03, 0. ]
R: !!opencv-matrix
   rows: 3
   cols: 3
   dt: d
   data: [ 9.9962393259000837e-01, 9.6587044642752248e-03,
       -3.1659679038897265e-03, -9.6761418762142566e-03,
       9.9974532662252669e-01, 9.2335764498344408e-03,
       3.2436299970042145e-03, -9.2018664489748499e-03,
       9.9978542234326251e-01 ]
T: !!opencv-matrix
   rows: 3
   cols: 1
   dt: d
   data: [ -1.8227161228977070e+02, 5.8677780425281130e+00,
       7.3932980550020921e-01 ]
E: !!opencv-matrix
   rows: 0
   cols: 0
   dt: u
   data: []
F: !!opencv-matrix
   rows: 0
   cols: 0
   dt: u
   data: []
K1: !!opencv-matrix
   rows: 3
   cols: 3
   dt: d
   data: [ 3.6627756984521932e+02, 0., 3.8060969928433269e+02, 0.,
       3.6653175179255015e+02, 2.3878059668569790e+02, 0., 0., 1. ]
D1: !!opencv-matrix
   rows: 5
   cols: 1
   dt: d
   data: [ -2.1859934914563901e-02, -9.9468572971318997e-04,
       1.6448003429794193e-03, -3.1164985765511365e-04,
       3.5195408316194161e-04 ]
P1: !!opencv-matrix
   rows: 3
   cols: 4
   dt: f
   data: [ 3.57388824e+02, 0., 3.82666901e+02, 0., 0., 3.57388824e+02,
       2.32003098e+02, 0., 0., 0., 1., 0. ]
R1: !!opencv-matrix
   rows: 3
   cols: 3
   dt: f
   data: [ 9.99719262e-01, -2.24700421e-02, -7.51391612e-03,
       2.25041732e-02, 9.99736667e-01, 4.48912056e-03, 7.41106691e-03,
       -4.65695467e-03, 9.99961674e-01 ]
K2: !!opencv-matrix
   rows: 3
   cols: 3
   dt: d
   data: [ 3.6687495098581172e+02, 0., 3.7621769200552956e+02, 0.,
       3.6726361788508825e+02, 2.2399932895774910e+02, 0., 0., 1. ]
D2: !!opencv-matrix
   rows: 5
   cols: 1
   dt: d
   data: [ -2.2201337830972428e-02, -1.1445843221826492e-03,
       2.9199201696882579e-04, -7.1705872414221615e-04,
       5.1284674356775366e-04 ]
P2: !!opencv-matrix
   rows: 3
   cols: 4
   dt: f
   data: [ 3.57388824e+02, 0., 3.82666901e+02, -6.51730039e+04, 0.,
       3.57388824e+02, 2.32003098e+02, 0., 0., 0., 1., 0. ]
R2: !!opencv-matrix
   rows: 3
   cols: 3
   dt: f
   data: [ 9.99473989e-01, -3.21755670e-02, -4.05409234e-03,
       3.21566872e-02, 9.99472082e-01, -4.63916035e-03, 4.20121988e-03,
       4.50635422e-03, 9.99981046e-01 ]
