%YAML:1.0
---
Q: !!opencv-matrix
   rows: 4
   cols: 4
   dt: f
   data: [ 1., 0., 0., -3.82662140e+02, 0., 1., 0., -2.32002747e+02, 0.,
       0., 0., 3.57406006e+02, 0., 0., 5.48292743e-03, 0. ]
R: !!opencv-matrix
   rows: 3
   cols: 3
   dt: d
   data: [ 9.9976853070606908e-01, 9.7822051308173869e-03,
       -3.1444226649007955e-03, -9.6821109075796823e-03,
       9.9968295308100519e-01, 9.2323494533481151e-03,
       3.2426175800564809e-03, -9.2018282197452797e-03,
       9.9972695188348759e-01 ]
T: !!opencv-matrix
   rows: 3
   cols: 1
   dt: d
   data: [ -1.8229617688529925e+02, 5.8685696427794349e+00,
       7.3943446743290642e-01 ]
E: !!opencv-matrix
   rows: 0
   cols: 0
   dt: u
   data: []
F: !!opencv-matrix
   rows: 0
   cols: 0
   dt: u
   data: []
K1: !!opencv-matrix
   rows: 3
   cols: 3
   dt: d
   data: [ 3.6627756984521932e+02, 0., 3.8060969928433269e+02, 0.,
       3.6653175179255015e+02, 2.3878059668569790e+02, 0., 0., 1. ]
D1: !!opencv-matrix
   rows: 5
   cols: 1
   dt: d
   data: [ -2.1859934914563901e-02, -9.9468572971318997e-04,
       1.6448003429794193e-03, -3.1164985765511365e-04,
       3.5195408316194161e-04 ]
P1: !!opencv-matrix
   rows: 3
   cols: 4
   dt: f
   data: [ 3.57406006e+02, 0., 3.82662140e+02, 0., 0., 3.57406006e+02,
       2.32002747e+02, 0., 0., 0., 1., 0. ]
R1: !!opencv-matrix
   rows: 3
   cols: 3
   dt: f
   data: [ 9.99720752e-01, -2.24083271e-02, -7.50159658e-03,
       2.24424023e-02, 9.99738038e-01, 4.48953686e-03, 7.39902863e-03,
       -4.65663709e-03, 9.99961793e-01 ]
K2: !!opencv-matrix
   rows: 3
   cols: 3
   dt: d
   data: [ 3.6687495098581172e+02, 0., 3.7621769200552956e+02, 0.,
       3.6726361788508825e+02, 2.2399932895774910e+02, 0., 0., 1. ]
D2: !!opencv-matrix
   rows: 5
   cols: 1
   dt: d
   data: [ -2.2201337830972428e-02, -1.1445843221826492e-03,
       2.9199201696882579e-04, -7.1705872414221615e-04,
       5.1284674356775366e-04 ]
P2: !!opencv-matrix
   rows: 3
   cols: 4
   dt: f
   data: [ 3.57406006e+02, 0., 3.82662140e+02, -6.51852539e+04, 0.,
       3.57406006e+02, 2.32002747e+02, 0., 0., 0., 1., 0. ]
R2: !!opencv-matrix
   rows: 3
   cols: 3
   dt: f
   data: [ 9.99473989e-01, -3.21755670e-02, -4.05408535e-03,
       3.21566872e-02, 9.99472082e-01, -4.63920785e-03, 4.20121429e-03,
       4.50640172e-03, 9.99981046e-01 ]
