%YAML:1.0
---
Q: !!opencv-matrix
   rows: 4
   cols: 4
   dt: f
   data: [ 1., 0., 0., -3.82948303e+02, 0., 1., 0., -2.32164398e+02, 0.,
       0., 0., 3.61179749e+02, 0., 0., 5.50018158e-03, 0. ]
R: !!opencv-matrix
   rows: 3
   cols: 3
   dt: d
   data: [ 9.9967314501710991e-01, 9.6592922115603715e-03,
       -3.1198380490291494e-03, -9.6684090658500834e-03,
       9.9987223982986273e-01, 9.2323019945670295e-03,
       3.2441230134673347e-03, -9.2030791095407613e-03,
       9.9991080742208660e-01 ]
T: !!opencv-matrix
   rows: 3
   cols: 1
   dt: d
   data: [ -1.8138540644020944e+02, 1.0878355810698420e+01,
       7.3519909292367380e-01 ]
E: !!opencv-matrix
   rows: 0
   cols: 0
   dt: u
   data: []
F: !!opencv-matrix
   rows: 0
   cols: 0
   dt: u
   data: []
K1: !!opencv-matrix
   rows: 3
   cols: 3
   dt: d
   data: [ 3.6627756984521932e+02, 0., 3.8060969928433269e+02, 0.,
       3.6653175179255015e+02, 2.3878059668569790e+02, 0., 0., 1. ]
D1: !!opencv-matrix
   rows: 5
   cols: 1
   dt: d
   data: [ -2.1859934914563901e-02, -9.9468572971318997e-04,
       1.6448003429794193e-03, -3.1164985765511365e-04,
       3.5195408316194161e-04 ]
P1: !!opencv-matrix
   rows: 3
   cols: 4
   dt: f
   data: [ 3.61179749e+02, 0., 3.82948303e+02, 0., 0., 3.61179749e+02,
       2.32164398e+02, 0., 0., 0., 1., 0. ]
R1: !!opencv-matrix
   rows: 3
   cols: 3
   dt: f
   data: [ 9.98710632e-01, -5.01754358e-02, -7.71182869e-03,
       5.02100103e-02, 9.98729169e-01, 4.35683364e-03, 7.48342229e-03,
       -4.73842723e-03, 9.99960780e-01 ]
K2: !!opencv-matrix
   rows: 3
   cols: 3
   dt: d
   data: [ 3.6687495098581172e+02, 0., 3.7621769200552956e+02, 0.,
       3.6726361788508825e+02, 2.2399932895774910e+02, 0., 0., 1. ]
D2: !!opencv-matrix
   rows: 5
   cols: 1
   dt: d
   data: [ -2.2201337830972428e-02, -1.1445843221826492e-03,
       2.9199201696882579e-04, -7.1705872414221615e-04,
       5.1284674356775366e-04 ]
P2: !!opencv-matrix
   rows: 3
   cols: 4
   dt: f
   data: [ 3.61179749e+02, 0., 3.82948303e+02, -6.56668750e+04, 0.,
       3.61179749e+02, 2.32164398e+02, 0., 0., 0., 1., 0. ]
R2: !!opencv-matrix
   rows: 3
   cols: 3
   dt: f
   data: [ 9.98198271e-01, -5.98656572e-02, -4.04596841e-03,
       5.98466247e-02, 9.98196661e-01, -4.67232568e-03, 4.31838399e-03,
       4.42176964e-03, 9.99980927e-01 ]
