%YAML:1.0
---
Q: !!opencv-matrix
   rows: 4
   cols: 4
   dt: f
   data: [ 1., 0., 0., -3.82664276e+02, 0., 1., 0., -2.32002930e+02, 0.,
       0., 0., 3.57397186e+02, 0., 0., 5.48326550e-03, 0. ]
R: !!opencv-matrix
   rows: 3
   cols: 3
   dt: d
   data: [ 9.9969654931334895e-01, 9.7187300869217251e-03,
       -3.1548167605928022e-03, -9.6791327181434943e-03,
       9.9971436872680663e-01, 9.2329523489209867e-03,
       3.2431237651370575e-03, -9.2018419736875998e-03,
       9.9975635887884828e-01 ]
T: !!opencv-matrix
   rows: 3
   cols: 1
   dt: d
   data: [ -1.8228231892426649e+02, 5.8681231156081726e+00,
       7.3937577727829151e-01 ]
E: !!opencv-matrix
   rows: 0
   cols: 0
   dt: u
   data: []
F: !!opencv-matrix
   rows: 0
   cols: 0
   dt: u
   data: []
K1: !!opencv-matrix
   rows: 3
   cols: 3
   dt: d
   data: [ 3.6627756984521932e+02, 0., 3.8060969928433269e+02, 0.,
       3.6653175179255015e+02, 2.3878059668569790e+02, 0., 0., 1. ]
D1: !!opencv-matrix
   rows: 5
   cols: 1
   dt: d
   data: [ -2.1859934914563901e-02, -9.9468572971318997e-04,
       1.6448003429794193e-03, -3.1164985765511365e-04,
       3.5195408316194161e-04 ]
P1: !!opencv-matrix
   rows: 3
   cols: 4
   dt: f
   data: [ 3.57397186e+02, 0., 3.82664276e+02, 0., 0., 3.57397186e+02,
       2.32002930e+02, 0., 0., 0., 1., 0. ]
R1: !!opencv-matrix
   rows: 3
   cols: 3
   dt: f
   data: [ 9.99719977e-01, -2.24405099e-02, -7.50717008e-03,
       2.24746112e-02, 9.99737322e-01, 4.48932545e-03, 7.40445545e-03,
       -4.65678889e-03, 9.99961734e-01 ]
K2: !!opencv-matrix
   rows: 3
   cols: 3
   dt: d
   data: [ 3.6687495098581172e+02, 0., 3.7621769200552956e+02, 0.,
       3.6726361788508825e+02, 2.2399932895774910e+02, 0., 0., 1. ]
D2: !!opencv-matrix
   rows: 5
   cols: 1
   dt: d
   data: [ -2.2201337830972428e-02, -1.1445843221826492e-03,
       2.9199201696882579e-04, -7.1705872414221615e-04,
       5.1284674356775366e-04 ]
P2: !!opencv-matrix
   rows: 3
   cols: 4
   dt: f
   data: [ 3.57397186e+02, 0., 3.82664276e+02, -6.51796289e+04, 0.,
       3.57397186e+02, 2.32002930e+02, 0., 0., 0., 1., 0. ]
R2: !!opencv-matrix
   rows: 3
   cols: 3
   dt: f
   data: [ 9.99473989e-01, -3.21755633e-02, -4.05407185e-03,
       3.21566835e-02, 9.99472082e-01, -4.63917851e-03, 4.20119986e-03,
       4.50637285e-03, 9.99981046e-01 ]
