%YAML:1.0
---
Q: !!opencv-matrix
   rows: 4
   cols: 4
   dt: f
   data: [ 1., 0., 0., -3.83246338e+02, 0., 1., 0., -2.32334534e+02, 0.,
       0., 0., 3.66901184e+02, 0., 0., 5.52901300e-03, 0. ]
R: !!opencv-matrix
   rows: 3
   cols: 3
   dt: d
   data: [ 9.9984041527776579e-01, 9.7225349328828817e-03,
       -3.1299628283487091e-03, -9.6667964305258529e-03,
       9.9999348316044101e-01, 9.2333814136906708e-03,
       3.2444554247243059e-03, -9.2042208678199226e-03,
       1.0000360391508036e+00 ]
T: !!opencv-matrix
   rows: 3
   cols: 1
   dt: d
   data: [ -1.8012952538998576e+02, 1.5807284367175351e+01,
       7.3022311183834643e-01 ]
E: !!opencv-matrix
   rows: 0
   cols: 0
   dt: u
   data: []
F: !!opencv-matrix
   rows: 0
   cols: 0
   dt: u
   data: []
K1: !!opencv-matrix
   rows: 3
   cols: 3
   dt: d
   data: [ 3.6627756984521932e+02, 0., 3.8060969928433269e+02, 0.,
       3.6653175179255015e+02, 2.3878059668569790e+02, 0., 0., 1. ]
D1: !!opencv-matrix
   rows: 5
   cols: 1
   dt: d
   data: [ -2.1859934914563901e-02, -9.9468572971318997e-04,
       1.6448003429794193e-03, -3.1164985765511365e-04,
       3.5195408316194161e-04 ]
P1: !!opencv-matrix
   rows: 3
   cols: 4
   dt: f
   data: [ 3.66901184e+02, 0., 3.83246338e+02, 0., 0., 3.66901184e+02,
       2.32334534e+02, 0., 0., 0., 1., 0. ]
R1: !!opencv-matrix
   rows: 3
   cols: 3
   dt: f
   data: [ 9.96943176e-01, -7.77229592e-02, -7.96212908e-03,
       7.77582154e-02, 9.96963322e-01, 4.21789335e-03, 7.61012314e-03,
       -4.82412102e-03, 9.99959409e-01 ]
K2: !!opencv-matrix
   rows: 3
   cols: 3
   dt: d
   data: [ 3.6687495098581172e+02, 0., 3.7621769200552956e+02, 0.,
       3.6726361788508825e+02, 2.2399932895774910e+02, 0., 0., 1. ]
D2: !!opencv-matrix
   rows: 5
   cols: 1
   dt: d
   data: [ -2.2201337830972428e-02, -1.1445843221826492e-03,
       2.9199201696882579e-04, -7.1705872414221615e-04,
       5.1284674356775366e-04 ]
P2: !!opencv-matrix
   rows: 3
   cols: 4
   dt: f
   data: [ 3.66901184e+02, 0., 3.83246338e+02, -6.63592500e+04, 0.,
       3.66901184e+02, 2.32334534e+02, 0., 0., 0., 1., 0. ]
R2: !!opencv-matrix
   rows: 3
   cols: 3
   dt: f
   data: [ 9.96163487e-01, -8.74184221e-02, -4.03832225e-03,
       8.73992369e-02, 9.96162236e-01, -4.70562419e-03, 4.43418231e-03,
       4.33462486e-03, 9.99980748e-01 ]
