%YAML:1.0
---
Q: !!opencv-matrix
   rows: 4
   cols: 4
   dt: f
   data: [ 1., 0., 0., -3.82960388e+02, 0., 1., 0., -2.32164566e+02, 0.,
       0., 0., 3.61187103e+02, 0., 0., 5.50382445e-03, 0. ]
R: !!opencv-matrix
   rows: 3
   cols: 3
   dt: d
   data: [ 9.9981518308474882e-01, 9.7729333125050003e-03,
       -3.1453993435092810e-03, -9.6797769191861519e-03,
       9.9980873548018334e-01, 9.2333223605276220e-03,
       3.2431341369232349e-03, -9.2030171036785891e-03,
       9.9985425226478053e-01 ]
T: !!opencv-matrix
   rows: 3
   cols: 1
   dt: d
   data: [ -1.8139674582291613e+02, 1.0879036438865501e+01,
       7.3524801935656869e-01 ]
E: !!opencv-matrix
   rows: 0
   cols: 0
   dt: u
   data: []
F: !!opencv-matrix
   rows: 0
   cols: 0
   dt: u
   data: []
K1: !!opencv-matrix
   rows: 3
   cols: 3
   dt: d
   data: [ 3.6627756984521932e+02, 0., 3.8060969928433269e+02, 0.,
       3.6653175179255015e+02, 2.3878059668569790e+02, 0., 0., 1. ]
D1: !!opencv-matrix
   rows: 5
   cols: 1
   dt: d
   data: [ -2.1859934914563901e-02, -9.9468572971318997e-04,
       1.6448003429794193e-03, -3.1164985765511365e-04,
       3.5195408316194161e-04 ]
P1: !!opencv-matrix
   rows: 3
   cols: 4
   dt: f
   data: [ 3.61187103e+02, 0., 3.82960388e+02, 0., 0., 3.61187103e+02,
       2.32164566e+02, 0., 0., 0., 1., 0. ]
R1: !!opencv-matrix
   rows: 3
   cols: 3
   dt: f
   data: [ 9.98713195e-01, -5.01196757e-02, -7.74258608e-03,
       5.01543954e-02, 9.98731971e-01, 4.35676984e-03, 7.51440832e-03,
       -4.73948848e-03, 9.99960542e-01 ]
K2: !!opencv-matrix
   rows: 3
   cols: 3
   dt: d
   data: [ 3.6687495098581172e+02, 0., 3.7621769200552956e+02, 0.,
       3.6726361788508825e+02, 2.2399932895774910e+02, 0., 0., 1. ]
D2: !!opencv-matrix
   rows: 5
   cols: 1
   dt: d
   data: [ -2.2201337830972428e-02, -1.1445843221826492e-03,
       2.9199201696882579e-04, -7.1705872414221615e-04,
       5.1284674356775366e-04 ]
P2: !!opencv-matrix
   rows: 3
   cols: 4
   dt: f
   data: [ 3.61187103e+02, 0., 3.82960388e+02, -6.56247578e+04, 0.,
       3.61187103e+02, 2.32164566e+02, 0., 0., 0., 1., 0. ]
R2: !!opencv-matrix
   rows: 3
   cols: 3
   dt: f
   data: [ 9.98198271e-01, -5.98656535e-02, -4.04595025e-03,
       5.98466173e-02, 9.98196661e-01, -4.67282115e-03, 4.31839563e-03,
       4.42226510e-03, 9.99980927e-01 ]
