%YAML:1.0
---
Q: !!opencv-matrix
   rows: 4
   cols: 4
   dt: f
   data: [ 1., 0., 0., -3.82660553e+02, 0., 1., 0., -2.32002640e+02, 0.,
       0., 0., 3.57410858e+02, 0., 0., 5.48132928e-03, 0. ]
R: !!opencv-matrix
   rows: 3
   cols: 3
   dt: d
   data: [ 9.9976268066288465e-01, 9.7825266711641674e-03,
       -3.1417141883205257e-03, -9.6820690884238912e-03,
       9.9967643209982826e-01, 9.2322028055368457e-03,
       3.2425937887325981e-03, -9.2017698062576911e-03,
       9.9972043204708794e-01 ]
T: !!opencv-matrix
   rows: 3
   cols: 1
   dt: d
   data: [ -1.8234153675460007e+02, 5.8700299148894368e+00,
       7.3961867890963195e-01 ]
E: !!opencv-matrix
   rows: 0
   cols: 0
   dt: u
   data: []
F: !!opencv-matrix
   rows: 0
   cols: 0
   dt: u
   data: []
K1: !!opencv-matrix
   rows: 3
   cols: 3
   dt: d
   data: [ 3.6627756984521932e+02, 0., 3.8060969928433269e+02, 0.,
       3.6653175179255015e+02, 2.3878059668569790e+02, 0., 0., 1. ]
D1: !!opencv-matrix
   rows: 5
   cols: 1
   dt: d
   data: [ -2.1859934914563901e-02, -9.9468572971318997e-04,
       1.6448003429794193e-03, -3.1164985765511365e-04,
       3.5195408316194161e-04 ]
P1: !!opencv-matrix
   rows: 3
   cols: 4
   dt: f
   data: [ 3.57410858e+02, 0., 3.82660553e+02, 0., 0., 3.57410858e+02,
       2.32002640e+02, 0., 0., 0., 1., 0. ]
R1: !!opencv-matrix
   rows: 3
   cols: 3
   dt: f
   data: [ 9.99721169e-01, -2.23914105e-02, -7.49748619e-03,
       2.24254690e-02, 9.99738455e-01, 4.48965468e-03, 7.39499554e-03,
       -4.65653744e-03, 9.99961793e-01 ]
K2: !!opencv-matrix
   rows: 3
   cols: 3
   dt: d
   data: [ 3.6687495098581172e+02, 0., 3.7621769200552956e+02, 0.,
       3.6726361788508825e+02, 2.2399932895774910e+02, 0., 0., 1. ]
D2: !!opencv-matrix
   rows: 5
   cols: 1
   dt: d
   data: [ -2.2201337830972428e-02, -1.1445843221826492e-03,
       2.9199201696882579e-04, -7.1705872414221615e-04,
       5.1284674356775366e-04 ]
P2: !!opencv-matrix
   rows: 3
   cols: 4
   dt: f
   data: [ 3.57410858e+02, 0., 3.82660553e+02, -6.52051406e+04, 0.,
       3.57410858e+02, 2.32002640e+02, 0., 0., 0., 1., 0. ]
R2: !!opencv-matrix
   rows: 3
   cols: 3
   dt: f
   data: [ 9.99473989e-01, -3.21755670e-02, -4.05409373e-03,
       3.21566872e-02, 9.99472082e-01, -4.63921670e-03, 4.20122268e-03,
       4.50641010e-03, 9.99981046e-01 ]
