%YAML:1.0
---
Q: !!opencv-matrix
   rows: 4
   cols: 4
   dt: f
   data: [ 1., 0., 0., -3.82665466e+02, 0., 1., 0., -2.32003006e+02, 0.,
       0., 0., 3.57392883e+02, 0., 0., 5.48343221e-03, 0. ]
R: !!opencv-matrix
   rows: 3
   cols: 3
   dt: d
   data: [ 9.9966025259751368e-01, 9.6882585161536059e-03,
       -3.1601405710968192e-03, -9.6776385047446581e-03,
       9.9972982544661160e-01, 9.2332559566980707e-03,
       3.2433765637411432e-03, -9.2018520193413895e-03,
       9.9977085260269594e-01 ]
T: !!opencv-matrix
   rows: 3
   cols: 1
   dt: d
   data: [ -1.8227715762095534e+02, 5.8679567602375071e+00,
       7.3935357796634771e-01 ]
E: !!opencv-matrix
   rows: 0
   cols: 0
   dt: u
   data: []
F: !!opencv-matrix
   rows: 0
   cols: 0
   dt: u
   data: []
K1: !!opencv-matrix
   rows: 3
   cols: 3
   dt: d
   data: [ 3.6627756984521932e+02, 0., 3.8060969928433269e+02, 0.,
       3.6653175179255015e+02, 2.3878059668569790e+02, 0., 0., 1. ]
D1: !!opencv-matrix
   rows: 5
   cols: 1
   dt: d
   data: [ -2.1859934914563901e-02, -9.9468572971318997e-04,
       1.6448003429794193e-03, -3.1164985765511365e-04,
       3.5195408316194161e-04 ]
P1: !!opencv-matrix
   rows: 3
   cols: 4
   dt: f
   data: [ 3.57392883e+02, 0., 3.82665466e+02, 0., 0., 3.57392883e+02,
       2.32003006e+02, 0., 0., 0., 1., 0. ]
R1: !!opencv-matrix
   rows: 3
   cols: 3
   dt: f
   data: [ 9.99719620e-01, -2.24559307e-02, -7.51024392e-03,
       2.24900451e-02, 9.99736965e-01, 4.48922161e-03, 7.40745896e-03,
       -4.65686852e-03, 9.99961734e-01 ]
K2: !!opencv-matrix
   rows: 3
   cols: 3
   dt: d
   data: [ 3.6687495098581172e+02, 0., 3.7621769200552956e+02, 0.,
       3.6726361788508825e+02, 2.2399932895774910e+02, 0., 0., 1. ]
D2: !!opencv-matrix
   rows: 5
   cols: 1
   dt: d
   data: [ -2.2201337830972428e-02, -1.1445843221826492e-03,
       2.9199201696882579e-04, -7.1705872414221615e-04,
       5.1284674356775366e-04 ]
P2: !!opencv-matrix
   rows: 3
   cols: 4
   dt: f
   data: [ 3.57392883e+02, 0., 3.82665466e+02, -6.51768633e+04, 0.,
       3.57392883e+02, 2.32003006e+02, 0., 0., 0., 1., 0. ]
R2: !!opencv-matrix
   rows: 3
   cols: 3
   dt: f
   data: [ 9.99473989e-01, -3.21755633e-02, -4.05406486e-03,
       3.21566835e-02, 9.99472082e-01, -4.63916687e-03, 4.20119241e-03,
       4.50636167e-03, 9.99981046e-01 ]
