%YAML:1.0
---
Q: !!opencv-matrix
   rows: 4
   cols: 4
   dt: f
   data: [ 1., 0., 0., -3.82660645e+02, 0., 1., 0., -2.32002640e+02, 0.,
       0., 0., 3.57410797e+02, 0., 0., 5.48000913e-03, 0. ]
R: !!opencv-matrix
   rows: 3
   cols: 3
   dt: d
   data: [ 9.9962413392994354e-01, 9.6317738747719074e-03,
       -3.0817287384050616e-03, -9.6654059276152001e-03,
       9.9987515766068147e-01, 9.2300277295163206e-03,
       3.2443311376619132e-03, -9.2029749645710143e-03,
       9.9991191776009203e-01 ]
T: !!opencv-matrix
   rows: 3
   cols: 1
   dt: d
   data: [ -1.8148459058731171e+02, 1.0884305071240750e+01,
       7.3560628167313746e-01 ]
E: !!opencv-matrix
   rows: 0
   cols: 0
   dt: u
   data: []
F: !!opencv-matrix
   rows: 0
   cols: 0
   dt: u
   data: []
K1: !!opencv-matrix
   rows: 3
   cols: 3
   dt: d
   data: [ 3.6627756984521932e+02, 0., 3.8060969928433269e+02, 0.,
       3.6653175179255015e+02, 2.3878059668569790e+02, 0., 0., 1. ]
D1: !!opencv-matrix
   rows: 5
   cols: 1
   dt: d
   data: [ -2.1859934914563901e-02, -9.9468572971318997e-04,
       1.6448003429794193e-03, -3.1164985765511365e-04,
       3.5195408316194161e-04 ]
P1: !!opencv-matrix
   rows: 3
   cols: 4
   dt: f
   data: [ 3.57410797e+02, 0., 3.82660645e+02, 0., 0., 3.57410797e+02,
       2.32002640e+02, 0., 0., 0., 1., 0. ]
R1: !!opencv-matrix
   rows: 3
   cols: 3
   dt: f
   data: [ 9.99721169e-01, -2.23914571e-02, -7.49776699e-03,
       2.24255156e-02, 9.99738455e-01, 4.48965281e-03, 7.39527587e-03,
       -4.65654209e-03, 9.99961793e-01 ]
K2: !!opencv-matrix
   rows: 3
   cols: 3
   dt: d
   data: [ 3.6687495098581172e+02, 0., 3.7621769200552956e+02, 0.,
       3.6726361788508825e+02, 2.2399932895774910e+02, 0., 0., 1. ]
D2: !!opencv-matrix
   rows: 5
   cols: 1
   dt: d
   data: [ -2.2201337830972428e-02, -1.1445843221826492e-03,
       2.9199201696882579e-04, -7.1705872414221615e-04,
       5.1284674356775366e-04 ]
P2: !!opencv-matrix
   rows: 3
   cols: 4
   dt: f
   data: [ 3.57410797e+02, 0., 3.82660645e+02, -6.52208398e+04, 0.,
       3.57410797e+02, 2.32002640e+02, 0., 0., 0., 1., 0. ]
R2: !!opencv-matrix
   rows: 3
   cols: 3
   dt: f
   data: [ 9.99473989e-01, -3.21755670e-02, -4.05409327e-03,
       3.21566872e-02, 9.99472082e-01, -4.63921810e-03, 4.20122268e-03,
       4.50641150e-03, 9.99981046e-01 ]
