%YAML:1.0
---
Q: !!opencv-matrix
   rows: 4
   cols: 4
   dt: f
   data: [ 1., 0., 0., -3.82352631e+02, 0., 1., 0., -2.31849854e+02, 0.,
       0., 0., 3.58595337e+02, 0., 0., 5.49042830e-03, 0. ]
R: !!opencv-matrix
   rows: 3
   cols: 3
   dt: d
   data: [ 9.9958918420752918e-01, 9.6317433714709494e-03,
       -3.1729317392290590e-03, -9.6746961616272307e-03,
       9.9976072733157439e-01, 9.2339331838930689e-03,
       3.2438771853900749e-03, -9.2018870677649574e-03,
       9.9979997746657534e-01 ]
T: !!opencv-matrix
   rows: 3
   cols: 1
   dt: d
   data: [ -1.8226289794569527e+02, 5.8674982156180508e+00,
       7.3929951341382483e-01 ]
E: !!opencv-matrix
   rows: 0
   cols: 0
   dt: u
   data: []
F: !!opencv-matrix
   rows: 0
   cols: 0
   dt: u
   data: []
K1: !!opencv-matrix
   rows: 3
   cols: 3
   dt: d
   data: [ 3.6627756984521932e+02, 0., 3.8060969928433269e+02, 0.,
       3.6653175179255015e+02, 2.3878059668569790e+02, 0., 0., 1. ]
D1: !!opencv-matrix
   rows: 5
   cols: 1
   dt: d
   data: [ -2.1859934914563901e-02, -9.9468572971318997e-04,
       1.6448003429794193e-03, -3.1164985765511365e-04,
       3.5195408316194161e-04 ]
P1: !!opencv-matrix
   rows: 3
   cols: 4
   dt: f
   data: [ 3.58595337e+02, 0., 3.82352631e+02, 0., 0., 3.58595337e+02,
       2.31849854e+02, 0., 0., 0., 1., 0. ]
R1: !!opencv-matrix
   rows: 3
   cols: 3
   dt: f
   data: [ 9.99959350e-01, 5.35905268e-03, -7.24714622e-03,
       -5.32568572e-03, 9.99975145e-01, 4.61567426e-03, 7.27170194e-03,
       -4.57689073e-03, 9.99963105e-01 ]
K2: !!opencv-matrix
   rows: 3
   cols: 3
   dt: d
   data: [ 3.6687495098581172e+02, 0., 3.7621769200552956e+02, 0.,
       3.6726361788508825e+02, 2.2399932895774910e+02, 0., 0., 1. ]
D2: !!opencv-matrix
   rows: 5
   cols: 1
   dt: d
   data: [ -2.2201337830972428e-02, -1.1445843221826492e-03,
       2.9199201696882579e-04, -7.1705872414221615e-04,
       5.1284674356775366e-04 ]
P2: !!opencv-matrix
   rows: 3
   cols: 4
   dt: f
   data: [ 3.58595337e+02, 0., 3.82352631e+02, -6.53128125e+04, 0.,
       3.58595337e+02, 2.31849854e+02, 0., 0., 0., 1., 0. ]
R2: !!opencv-matrix
   rows: 3
   cols: 3
   dt: f
   data: [ 9.99982059e-01, -4.41127503e-03, -4.05600062e-03,
       4.39258572e-03, 9.99979734e-01, -4.60525788e-03, 4.07623360e-03,
       4.58735880e-03, 9.99981165e-01 ]
