%YAML:1.0
---
Q: !!opencv-matrix
   rows: 4
   cols: 4
   dt: f
   data: [ 1., 0., 0., -3.83251740e+02, 0., 1., 0., -2.32334702e+02, 0.,
       0., 0., 3.66903534e+02, 0., 0., 5.53026237e-03, 0. ]
R: !!opencv-matrix
   rows: 3
   cols: 3
   dt: d
   data: [ 9.9989015700909056e-01, 9.7618925479855175e-03,
       -3.1417136190686167e-03, -9.6728431211165668e-03,
       9.9996847246850606e-01, 9.2342196110026097e-03,
       3.2440966390595389e-03, -9.2041818247493544e-03,
       1.0000145472511419e+00 ]
T: !!opencv-matrix
   rows: 3
   cols: 1
   dt: d
   data: [ -1.8014280802512320e+02, 1.5808450175616731e+01,
       7.3027787779230735e-01 ]
E: !!opencv-matrix
   rows: 0
   cols: 0
   dt: u
   data: []
F: !!opencv-matrix
   rows: 0
   cols: 0
   dt: u
   data: []
K1: !!opencv-matrix
   rows: 3
   cols: 3
   dt: d
   data: [ 3.6627756984521932e+02, 0., 3.8060969928433269e+02, 0.,
       3.6653175179255015e+02, 2.3878059668569790e+02, 0., 0., 1. ]
D1: !!opencv-matrix
   rows: 5
   cols: 1
   dt: d
   data: [ -2.1859934914563901e-02, -9.9468572971318997e-04,
       1.6448003429794193e-03, -3.1164985765511365e-04,
       3.5195408316194161e-04 ]
P1: !!opencv-matrix
   rows: 3
   cols: 4
   dt: f
   data: [ 3.66903534e+02, 0., 3.83251740e+02, 0., 0., 3.66903534e+02,
       2.32334702e+02, 0., 0., 0., 1., 0. ]
R1: !!opencv-matrix
   rows: 3
   cols: 3
   dt: f
   data: [ 9.96944785e-01, -7.77011588e-02, -7.97587819e-03,
       7.77364820e-02, 9.96964991e-01, 4.21775505e-03, 7.62394676e-03,
       -4.82488563e-03, 9.99959290e-01 ]
K2: !!opencv-matrix
   rows: 3
   cols: 3
   dt: d
   data: [ 3.6687495098581172e+02, 0., 3.7621769200552956e+02, 0.,
       3.6726361788508825e+02, 2.2399932895774910e+02, 0., 0., 1. ]
D2: !!opencv-matrix
   rows: 5
   cols: 1
   dt: d
   data: [ -2.2201337830972428e-02, -1.1445843221826492e-03,
       2.9199201696882579e-04, -7.1705872414221615e-04,
       5.1284674356775366e-04 ]
P2: !!opencv-matrix
   rows: 3
   cols: 4
   dt: f
   data: [ 3.66903534e+02, 0., 3.83251740e+02, -6.63446953e+04, 0.,
       3.66903534e+02, 2.32334702e+02, 0., 0., 0., 1., 0. ]
R2: !!opencv-matrix
   rows: 3
   cols: 3
   dt: f
   data: [ 9.96163487e-01, -8.74184296e-02, -4.03832505e-03,
       8.73992369e-02, 9.96162236e-01, -4.70593618e-03, 4.43421258e-03,
       4.33493545e-03, 9.99980748e-01 ]
