%YAML:1.0
---
Q: !!opencv-matrix
   rows: 4
   cols: 4
   dt: f
   data: [ 1., 0., 0., -3.82958984e+02, 0., 1., 0., -2.32164307e+02, 0.,
       0., 0., 3.61197327e+02, 0., 0., 5.49668958e-03, 0. ]
R: !!opencv-matrix
   rows: 3
   cols: 3
   dt: d
   data: [ 9.9983585044526480e-01, 9.8138060325548126e-03,
       -3.1377629980143336e-03, -9.6836130882773774e-03,
       9.9975462209421295e-01, 9.2323972432383789e-03,
       3.2426736407141317e-03, -9.2027078634781788e-03,
       9.9980258718354564e-01 ]
T: !!opencv-matrix
   rows: 3
   cols: 1
   dt: d
   data: [ -1.8162348880477225e+02, 1.0892635341477373e+01,
       7.3616850508058351e-01 ]
E: !!opencv-matrix
   rows: 0
   cols: 0
   dt: u
   data: []
F: !!opencv-matrix
   rows: 0
   cols: 0
   dt: u
   data: []
K1: !!opencv-matrix
   rows: 3
   cols: 3
   dt: d
   data: [ 3.6627756984521932e+02, 0., 3.8060969928433269e+02, 0.,
       3.6653175179255015e+02, 2.3878059668569790e+02, 0., 0., 1. ]
D1: !!opencv-matrix
   rows: 5
   cols: 1
   dt: d
   data: [ -2.1859934914563901e-02, -9.9468572971318997e-04,
       1.6448003429794193e-03, -3.1164985765511365e-04,
       3.5195408316194161e-04 ]
P1: !!opencv-matrix
   rows: 3
   cols: 4
   dt: f
   data: [ 3.61197327e+02, 0., 3.82958984e+02, 0., 0., 3.61197327e+02,
       2.32164307e+02, 0., 0., 0., 1., 0. ]
R1: !!opencv-matrix
   rows: 3
   cols: 3
   dt: f
   data: [ 9.98715460e-01, -5.00758663e-02, -7.73884356e-03,
       5.01105674e-02, 9.98734176e-01, 4.35706927e-03, 7.51086324e-03,
       -4.73927055e-03, 9.99960542e-01 ]
K2: !!opencv-matrix
   rows: 3
   cols: 3
   dt: d
   data: [ 3.6687495098581172e+02, 0., 3.7621769200552956e+02, 0.,
       3.6726361788508825e+02, 2.2399932895774910e+02, 0., 0., 1. ]
D2: !!opencv-matrix
   rows: 5
   cols: 1
   dt: d
   data: [ -2.2201337830972428e-02, -1.1445843221826492e-03,
       2.9199201696882579e-04, -7.1705872414221615e-04,
       5.1284674356775366e-04 ]
P2: !!opencv-matrix
   rows: 3
   cols: 4
   dt: f
   data: [ 3.61197327e+02, 0., 3.82958984e+02, -6.57117969e+04, 0.,
       3.61197327e+02, 2.32164307e+02, 0., 0., 0., 1., 0. ]
R2: !!opencv-matrix
   rows: 3
   cols: 3
   dt: f
   data: [ 9.98198271e-01, -5.98656572e-02, -4.04596422e-03,
       5.98466210e-02, 9.98196661e-01, -4.67285980e-03, 4.31841146e-03,
       4.42230329e-03, 9.99980927e-01 ]
