%YAML:1.0
---
Q: !!opencv-matrix
   rows: 4
   cols: 4
   dt: f
   data: [ 1., 0., 0., -4.07650085e+02, 0., 1., 0., -2.33126266e+02, 0.,
       0., 0., 3.79596954e+02, 0., 0., 5.75927831e-03, 0. ]
R: !!opencv-matrix
   rows: 3
   cols: 3
   dt: d
   data: [ 1.0011667420911874e+00, 9.5315446984487323e-03,
       4.8580065781922428e-02, -7.4504199363899463e-03,
       1.0010794729059103e+00, -4.3633705128726746e-02,
       -4.9170725183883296e-02, 4.3232506814412257e-02,
       9.9992922525189376e-01 ]
T: !!opencv-matrix
   rows: 3
   cols: 1
   dt: d
   data: [ -1.7284849670257293e+02, 1.0976091362585505e+01,
       1.0910378241347392e+01 ]
E: !!opencv-matrix
   rows: 0
   cols: 0
   dt: u
   data: []
F: !!opencv-matrix
   rows: 0
   cols: 0
   dt: u
   data: []
K1: !!opencv-matrix
   rows: 3
   cols: 3
   dt: d
   data: [ 3.6627756984521932e+02, 0., 3.8060969928433269e+02, 0.,
       3.6653175179255015e+02, 2.3878059668569790e+02, 0., 0., 1. ]
D1: !!opencv-matrix
   rows: 5
   cols: 1
   dt: d
   data: [ -2.1859934914563901e-02, -9.9468572971318997e-04,
       1.6448003429794193e-03, -3.1164985765511365e-04,
       3.5195408316194161e-04 ]
P1: !!opencv-matrix
   rows: 3
   cols: 4
   dt: f
   data: [ 3.79596954e+02, 0., 4.07650085e+02, 0., 0., 3.79596954e+02,
       2.33126266e+02, 0., 0., 0., 1., 0. ]
R1: !!opencv-matrix
   rows: 3
   cols: 3
   dt: f
   data: [ 9.98339236e-01, -5.64171076e-02, -1.16564445e-02,
       5.61595596e-02, 9.98193443e-01, -2.13524625e-02, 1.28400307e-02,
       2.06623804e-02, 9.99704063e-01 ]
K2: !!opencv-matrix
   rows: 3
   cols: 3
   dt: d
   data: [ 3.6687495098581172e+02, 0., 3.7621769200552956e+02, 0.,
       3.6726361788508825e+02, 2.2399932895774910e+02, 0., 0., 1. ]
D2: !!opencv-matrix
   rows: 5
   cols: 1
   dt: d
   data: [ -2.2201337830972428e-02, -1.1445843221826492e-03,
       2.9199201696882579e-04, -7.1705872414221615e-04,
       5.1284674356775366e-04 ]
P2: !!opencv-matrix
   rows: 3
   cols: 4
   dt: f
   data: [ 3.79596954e+02, 0., 4.07650085e+02, -6.59105000e+04, 0.,
       3.79596954e+02, 2.33126266e+02, 0., 0., 0., 1., 0. ]
R2: !!opencv-matrix
   rows: 3
   cols: 3
   dt: f
   data: [ 9.96015608e-01, -6.32482097e-02, -6.28695413e-02,
       6.45568073e-02, 9.97733057e-01, 1.90037340e-02, 6.15250692e-02,
       -2.29866728e-02, 9.97840822e-01 ]
