%YAML:1.0
---
Q: !!opencv-matrix
   rows: 4
   cols: 4
   dt: f
   data: [ 1., 0., 0., -4.07683014e+02, 0., 1., 0., -2.33439285e+02, 0.,
       0., 0., 3.70130524e+02, 0., 0., 5.65319415e-03, 0. ]
R: !!opencv-matrix
   rows: 3
   cols: 3
   dt: d
   data: [ 1.0007564264717006e+00, -4.2798310432914349e-02,
       4.8807304045109912e-02, 4.5010315251836984e-02,
       1.0008966400892378e+00, -4.3680859284543572e-02,
       -4.6856804169885934e-02, 4.5776237438565813e-02,
       1.0007236381031661e+00 ]
T: !!opencv-matrix
   rows: 3
   cols: 1
   dt: d
   data: [ -1.7632145464180519e+02, 1.1196722275153093e+01,
       1.1129923698398025e+01 ]
E: !!opencv-matrix
   rows: 0
   cols: 0
   dt: u
   data: []
F: !!opencv-matrix
   rows: 0
   cols: 0
   dt: u
   data: []
K1: !!opencv-matrix
   rows: 3
   cols: 3
   dt: d
   data: [ 3.6627756984521932e+02, 0., 3.8060969928433269e+02, 0.,
       3.6653175179255015e+02, 2.3878059668569790e+02, 0., 0., 1. ]
D1: !!opencv-matrix
   rows: 5
   cols: 1
   dt: d
   data: [ -2.1859934914563901e-02, -9.9468572971318997e-04,
       1.6448003429794193e-03, -3.1164985765511365e-04,
       3.5195408316194161e-04 ]
P1: !!opencv-matrix
   rows: 3
   cols: 4
   dt: f
   data: [ 3.70130524e+02, 0., 4.07683014e+02, 0., 0., 3.70130524e+02,
       2.33439285e+02, 0., 0., 0., 1., 0. ]
R1: !!opencv-matrix
   rows: 3
   cols: 3
   dt: f
   data: [ 9.94026482e-01, -1.08531684e-01, -1.15012648e-02,
       1.08267769e-01, 9.93888974e-01, -2.15119217e-02, 1.37657057e-02,
       2.01382041e-02, 9.99702454e-01 ]
K2: !!opencv-matrix
   rows: 3
   cols: 3
   dt: d
   data: [ 3.6687495098581172e+02, 0., 3.7621769200552956e+02, 0.,
       3.6726361788508825e+02, 2.2399932895774910e+02, 0., 0., 1. ]
D2: !!opencv-matrix
   rows: 5
   cols: 1
   dt: d
   data: [ -2.2201337830972428e-02, -1.1445843221826492e-03,
       2.9199201696882579e-04, -7.1705872414221615e-04,
       5.1284674356775366e-04 ]
P2: !!opencv-matrix
   rows: 3
   cols: 4
   dt: f
   data: [ 3.70130524e+02, 0., 4.07683014e+02, -6.54728125e+04, 0.,
       3.70130524e+02, 2.33439285e+02, 0., 0., 0., 1., 0. ]
R2: !!opencv-matrix
   rows: 3
   cols: 3
   dt: f
   data: [ 9.96015429e-01, -6.32487312e-02, -6.28713965e-02,
       6.45475164e-02, 9.97736692e-01, 1.88438930e-02, 6.15372472e-02,
       -2.28270013e-02, 9.97843742e-01 ]
