%YAML:1.0
---
Q: !!opencv-matrix
   rows: 4
   cols: 4
   dt: f
   data: [ 1., 0., 0., -3.82539520e+02, 0., 1., 0., -2.31851257e+02, 0.,
       0., 0., 3.58741730e+02, 0., 0., 5.55567117e-03, 0. ]
R: !!opencv-matrix
   rows: 3
   cols: 3
   dt: d
   data: [ 9.9994644262041332e-01, 9.7117645392138033e-03,
       -3.1512340758305421e-03, -9.6827167559129599e-03,
       9.9991049907991181e-01, 9.2347125477986042e-03,
       3.2433539910724902e-03, -9.2036940328872417e-03,
       9.9995241379464428e-01 ]
T: !!opencv-matrix
   rows: 3
   cols: 1
   dt: d
   data: [ -1.7999585108833131e+02, 8.4053755098350258e-01,
       7.7227919929426359e-01 ]
E: !!opencv-matrix
   rows: 0
   cols: 0
   dt: u
   data: []
F: !!opencv-matrix
   rows: 0
   cols: 0
   dt: u
   data: []
K1: !!opencv-matrix
   rows: 3
   cols: 3
   dt: d
   data: [ 3.6627756984521932e+02, 0., 3.8060969928433269e+02, 0.,
       3.6653175179255015e+02, 2.3878059668569790e+02, 0., 0., 1. ]
D1: !!opencv-matrix
   rows: 5
   cols: 1
   dt: d
   data: [ -2.1859934914563901e-02, -9.9468572971318997e-04,
       1.6448003429794193e-03, -3.1164985765511365e-04,
       3.5195408316194161e-04 ]
P1: !!opencv-matrix
   rows: 3
   cols: 4
   dt: f
   data: [ 3.58741730e+02, 0., 3.82539520e+02, 0., 0., 3.58741730e+02,
       2.31851257e+02, 0., 0., 0., 1., 0. ]
R1: !!opencv-matrix
   rows: 3
   cols: 3
   dt: f
   data: [ 9.99959052e-01, 5.08252857e-03, -7.48604722e-03,
       -5.04807197e-03, 9.99976635e-01, 4.61451150e-03, 7.50932563e-03,
       -4.57653217e-03, 9.99961317e-01 ]
K2: !!opencv-matrix
   rows: 3
   cols: 3
   dt: d
   data: [ 3.6687495098581172e+02, 0., 3.7621769200552956e+02, 0.,
       3.6726361788508825e+02, 2.2399932895774910e+02, 0., 0., 1. ]
D2: !!opencv-matrix
   rows: 5
   cols: 1
   dt: d
   data: [ -2.2201337830972428e-02, -1.1445843221826492e-03,
       2.9199201696882579e-04, -7.1705872414221615e-04,
       5.1284674356775366e-04 ]
P2: !!opencv-matrix
   rows: 3
   cols: 4
   dt: f
   data: [ 3.58741730e+02, 0., 3.82539520e+02, -6.45721680e+04, 0.,
       3.58741730e+02, 2.31851257e+02, 0., 0., 0., 1., 0. ]
R2: !!opencv-matrix
   rows: 3
   cols: 3
   dt: f
   data: [ 9.99979913e-01, -4.66966629e-03, -4.29045130e-03,
       4.64989990e-03, 9.99978602e-01, -4.60556708e-03, 4.31186566e-03,
       4.58552456e-03, 9.99980211e-01 ]
