%YAML:1.0
---
Q: !!opencv-matrix
   rows: 4
   cols: 4
   dt: f
   data: [ 1., 0., 0., -4.28090729e+02, 0., 1., 0., -2.33934433e+02, 0.,
       0., 0., 3.72293823e+02, 0., 0., 5.60966274e-03, 0. ]
R: !!opencv-matrix
   rows: 3
   cols: 3
   dt: d
   data: [ 1.0009519610129236e+00, 9.1428629692191250e-03,
       -3.0539166087235562e-03, -9.6765885487129187e-03,
       1.0003476355153127e+00, -4.3203903027811658e-02,
       3.2660950505646398e-03, 4.3223908165649465e-02,
       1.0003238867844344e+00 ]
T: !!opencv-matrix
   rows: 3
   cols: 1
   dt: d
   data: [ -1.7765577914740322e+02, 1.1281513779019521e+01,
       1.1214186259835969e+01 ]
E: !!opencv-matrix
   rows: 0
   cols: 0
   dt: u
   data: []
F: !!opencv-matrix
   rows: 0
   cols: 0
   dt: u
   data: []
K1: !!opencv-matrix
   rows: 3
   cols: 3
   dt: d
   data: [ 3.6627756984521932e+02, 0., 3.8060969928433269e+02, 0.,
       3.6653175179255015e+02, 2.3878059668569790e+02, 0., 0., 1. ]
D1: !!opencv-matrix
   rows: 5
   cols: 1
   dt: d
   data: [ -2.1859934914563901e-02, -9.9468572971318997e-04,
       1.6448003429794193e-03, -3.1164985765511365e-04,
       3.5195408316194161e-04 ]
P1: !!opencv-matrix
   rows: 3
   cols: 4
   dt: f
   data: [ 3.72293823e+02, 0., 4.28090729e+02, 0., 0., 3.72293823e+02,
       2.33934433e+02, 0., 0., 0., 1., 0. ]
R1: !!opencv-matrix
   rows: 3
   cols: 3
   dt: f
   data: [ 9.96379435e-01, -5.66653460e-02, -6.33805916e-02,
       5.52714467e-02, 9.98193979e-01, -2.35351436e-02, 6.45997524e-02,
       1.99467968e-02, 9.97711897e-01 ]
K2: !!opencv-matrix
   rows: 3
   cols: 3
   dt: d
   data: [ 3.6687495098581172e+02, 0., 3.7621769200552956e+02, 0.,
       3.6726361788508825e+02, 2.2399932895774910e+02, 0., 0., 1. ]
D2: !!opencv-matrix
   rows: 5
   cols: 1
   dt: d
   data: [ -2.2201337830972428e-02, -1.1445843221826492e-03,
       2.9199201696882579e-04, -7.1705872414221615e-04,
       5.1284674356775366e-04 ]
P2: !!opencv-matrix
   rows: 3
   cols: 4
   dt: f
   data: [ 3.72293823e+02, 0., 4.28090729e+02, -6.63665234e+04, 0.,
       3.72293823e+02, 2.33934433e+02, 0., 0., 0., 1., 0. ]
R2: !!opencv-matrix
   rows: 3
   cols: 3
   dt: f
   data: [ 9.96015429e-01, -6.32490590e-02, -6.28715828e-02,
       6.46035448e-02, 9.97715592e-01, 1.97474677e-02, 6.14789464e-02,
       -2.37305090e-02, 9.97826219e-01 ]
