%YAML:1.0
---
Q: !!opencv-matrix
   rows: 4
   cols: 4
   dt: f
   data: [ 1., 0., 0., -4.29497131e+02, 0., 1., 0., -2.33902924e+02, 0.,
       0., 0., 3.65809479e+02, 0., 0., 5.55367162e-03, 0. ]
R: !!opencv-matrix
   rows: 3
   cols: 3
   dt: d
   data: [ 9.9844685806793010e-01, 1.0692094875412490e-02,
       -3.8530187325789365e-03, -9.5583747897487383e-03,
       1.0003887624414673e+00, 9.2840778751982073e-03,
       3.3738791057928035e-03, -9.2701350462212895e-03,
       1.0005367398863083e+00 ]
T: !!opencv-matrix
   rows: 3
   cols: 1
   dt: d
   data: [ -1.7877207803903895e+02, 1.1352042288725693e+01,
       1.1283995338869229e+01 ]
E: !!opencv-matrix
   rows: 0
   cols: 0
   dt: u
   data: []
F: !!opencv-matrix
   rows: 0
   cols: 0
   dt: u
   data: []
K1: !!opencv-matrix
   rows: 3
   cols: 3
   dt: d
   data: [ 3.6627756984521932e+02, 0., 3.8060969928433269e+02, 0.,
       3.6653175179255015e+02, 2.3878059668569790e+02, 0., 0., 1. ]
D1: !!opencv-matrix
   rows: 5
   cols: 1
   dt: d
   data: [ -2.1859934914563901e-02, -9.9468572971318997e-04,
       1.6448003429794193e-03, -3.1164985765511365e-04,
       3.5195408316194161e-04 ]
P1: !!opencv-matrix
   rows: 3
   cols: 4
   dt: f
   data: [ 3.65809479e+02, 0., 4.29497131e+02, 0., 0., 3.65809479e+02,
       2.33902924e+02, 0., 0., 0., 1., 0. ]
R1: !!opencv-matrix
   rows: 3
   cols: 3
   dt: f
   data: [ 9.96372581e-01, -5.24144210e-02, -6.70401752e-02,
       5.27103096e-02, 9.98606324e-01, 2.65122089e-03, 6.68077841e-02,
       -6.17531221e-03, 9.97746766e-01 ]
K2: !!opencv-matrix
   rows: 3
   cols: 3
   dt: d
   data: [ 3.6687495098581172e+02, 0., 3.7621769200552956e+02, 0.,
       3.6726361788508825e+02, 2.2399932895774910e+02, 0., 0., 1. ]
D2: !!opencv-matrix
   rows: 5
   cols: 1
   dt: d
   data: [ -2.2201337830972428e-02, -1.1445843221826492e-03,
       2.9199201696882579e-04, -7.1705872414221615e-04,
       5.1284674356775366e-04 ]
P2: !!opencv-matrix
   rows: 3
   cols: 4
   dt: f
   data: [ 3.65809479e+02, 0., 4.29497131e+02, -6.58680391e+04, 0.,
       3.65809479e+02, 2.33902924e+02, 0., 0., 0., 1., 0. ]
R2: !!opencv-matrix
   rows: 3
   cols: 3
   dt: f
   data: [ 9.96015787e-01, -6.32470846e-02, -6.28679693e-02,
       6.29684851e-02, 9.97994959e-01, -6.40498195e-03, 6.31470084e-02,
       2.42076255e-03, 9.98001277e-01 ]
