%YAML:1.0
---
Q: !!opencv-matrix
   rows: 4
   cols: 4
   dt: f
   data: [ 1., 0., 0., -3.83182526e+02, 0., 1., 0., -2.32192780e+02, 0.,
       0., 0., 3.61823364e+02, 0., 0., 5.56373270e-03, 0. ]
R: !!opencv-matrix
   rows: 3
   cols: 3
   dt: d
   data: [ 9.9994343144088282e-01, 9.7259618092186920e-03,
       -3.1457537361897570e-03, -9.6818678442005170e-03,
       9.9992068150138691e-01, 9.2343098468704900e-03,
       3.2434084836389424e-03, -9.2038686988752932e-03,
       9.9996340488431090e-01 ]
T: !!opencv-matrix
   rows: 3
   cols: 1
   dt: d
   data: [ -1.7937673346147943e+02, 1.1390725066097684e+01,
       7.6980029383053350e-01 ]
E: !!opencv-matrix
   rows: 0
   cols: 0
   dt: u
   data: []
F: !!opencv-matrix
   rows: 0
   cols: 0
   dt: u
   data: []
K1: !!opencv-matrix
   rows: 3
   cols: 3
   dt: d
   data: [ 3.6627756984521932e+02, 0., 3.8060969928433269e+02, 0.,
       3.6653175179255015e+02, 2.3878059668569790e+02, 0., 0., 1. ]
D1: !!opencv-matrix
   rows: 5
   cols: 1
   dt: d
   data: [ -2.1859934914563901e-02, -9.9468572971318997e-04,
       1.6448003429794193e-03, -3.1164985765511365e-04,
       3.5195408316194161e-04 ]
P1: !!opencv-matrix
   rows: 3
   cols: 4
   dt: f
   data: [ 3.61823364e+02, 0., 3.83182526e+02, 0., 0., 3.61823364e+02,
       2.32192780e+02, 0., 0., 0., 1., 0. ]
R1: !!opencv-matrix
   rows: 3
   cols: 3
   dt: f
   data: [ 9.98529017e-01, -5.36254123e-02, -8.00792873e-03,
       5.36612719e-02, 9.98549819e-01, 4.33256431e-03, 7.76398042e-03,
       -4.75590676e-03, 9.99958575e-01 ]
K2: !!opencv-matrix
   rows: 3
   cols: 3
   dt: d
   data: [ 3.6687495098581172e+02, 0., 3.7621769200552956e+02, 0.,
       3.6726361788508825e+02, 2.2399932895774910e+02, 0., 0., 1. ]
D2: !!opencv-matrix
   rows: 5
   cols: 1
   dt: d
   data: [ -2.2201337830972428e-02, -1.1445843221826492e-03,
       2.9199201696882579e-04, -7.1705872414221615e-04,
       5.1284674356775366e-04 ]
P2: !!opencv-matrix
   rows: 3
   cols: 4
   dt: f
   data: [ 3.61823364e+02, 0., 3.83182526e+02, -6.50324844e+04, 0.,
       3.61823364e+02, 2.32192780e+02, 0., 0., 0., 1., 0. ]
R2: !!opencv-matrix
   rows: 3
   cols: 3
   dt: f
   data: [ 9.97980714e-01, -6.33734465e-02, -4.28283215e-03,
       6.33533075e-02, 9.97980177e-01, -4.68400680e-03, 4.57102340e-03,
       4.40321676e-03, 9.99979854e-01 ]
