%YAML:1.0
---
Q: !!opencv-matrix
   rows: 4
   cols: 4
   dt: f
   data: [ 1., 0., 0., -3.83185089e+02, 0., 1., 0., -2.32192917e+02, 0.,
       0., 0., 3.61820679e+02, 0., 0., 5.56331500e-03, 0. ]
R: !!opencv-matrix
   rows: 3
   cols: 3
   dt: d
   data: [ 9.9995187811108366e-01, 9.7177665375517818e-03,
       -3.1520417067292901e-03, -9.6825757065343611e-03,
       9.9991801466511432e-01, 9.2346807104435533e-03,
       3.2433481741623964e-03, -9.2038037440966055e-03,
       9.9996024694580576e-01 ]
T: !!opencv-matrix
   rows: 3
   cols: 1
   dt: d
   data: [ -1.7938598211867796e+02, 1.1391310887252017e+01,
       7.6983657218448509e-01 ]
E: !!opencv-matrix
   rows: 0
   cols: 0
   dt: u
   data: []
F: !!opencv-matrix
   rows: 0
   cols: 0
   dt: u
   data: []
K1: !!opencv-matrix
   rows: 3
   cols: 3
   dt: d
   data: [ 3.6627756984521932e+02, 0., 3.8060969928433269e+02, 0.,
       3.6653175179255015e+02, 2.3878059668569790e+02, 0., 0., 1. ]
D1: !!opencv-matrix
   rows: 5
   cols: 1
   dt: d
   data: [ -2.1859934914563901e-02, -9.9468572971318997e-04,
       1.6448003429794193e-03, -3.1164985765511365e-04,
       3.5195408316194161e-04 ]
P1: !!opencv-matrix
   rows: 3
   cols: 4
   dt: f
   data: [ 3.61820679e+02, 0., 3.83185089e+02, 0., 0., 3.61820679e+02,
       2.32192917e+02, 0., 0., 0., 1., 0. ]
R1: !!opencv-matrix
   rows: 3
   cols: 3
   dt: f
   data: [ 9.98528540e-01, -5.36331125e-02, -8.01447965e-03,
       5.36690056e-02, 9.98549402e-01, 4.33242973e-03, 7.77049223e-03,
       -4.75618383e-03, 9.99958515e-01 ]
K2: !!opencv-matrix
   rows: 3
   cols: 3
   dt: d
   data: [ 3.6687495098581172e+02, 0., 3.7621769200552956e+02, 0.,
       3.6726361788508825e+02, 2.2399932895774910e+02, 0., 0., 1. ]
D2: !!opencv-matrix
   rows: 5
   cols: 1
   dt: d
   data: [ -2.2201337830972428e-02, -1.1445843221826492e-03,
       2.9199201696882579e-04, -7.1705872414221615e-04,
       5.1284674356775366e-04 ]
P2: !!opencv-matrix
   rows: 3
   cols: 4
   dt: f
   data: [ 3.61820679e+02, 0., 3.83185089e+02, -6.50368867e+04, 0.,
       3.61820679e+02, 2.32192917e+02, 0., 0., 0., 1., 0. ]
R2: !!opencv-matrix
   rows: 3
   cols: 3
   dt: f
   data: [ 9.97980714e-01, -6.33734465e-02, -4.28284332e-03,
       6.33533150e-02, 9.97980177e-01, -4.68407944e-03, 4.57103876e-03,
       4.40328848e-03, 9.99979854e-01 ]
