%YAML:1.0
---
Q: !!opencv-matrix
   rows: 4
   cols: 4
   dt: f
   data: [ 1., 0., 0., -4.07867401e+02, 0., 1., 0., -2.33134689e+02, 0.,
       0., 0., 3.79511383e+02, 0., 0., 5.81967505e-03, 0. ]
R: !!opencv-matrix
   rows: 3
   cols: 3
   dt: d
   data: [ 1.0019079105394988e+00, 9.3907859162324480e-03,
       4.8238498975967145e-02, -7.5127834558697077e-03,
       1.0008153743753796e+00, -4.3600962310912421e-02,
       -4.9221331157505571e-02, 4.3229443755666584e-02,
       9.9967739147295920e-01 ]
T: !!opencv-matrix
   rows: 3
   cols: 1
   dt: d
   data: [ -1.7322168914605174e+02, 1.0999788750999782e+01,
       1.0933932436732261e+01 ]
E: !!opencv-matrix
   rows: 0
   cols: 0
   dt: u
   data: []
F: !!opencv-matrix
   rows: 0
   cols: 0
   dt: u
   data: []
K1: !!opencv-matrix
   rows: 3
   cols: 3
   dt: d
   data: [ 3.6627756984521932e+02, 0., 3.8060969928433269e+02, 0.,
       3.6653175179255015e+02, 2.3878059668569790e+02, 0., 0., 1. ]
D1: !!opencv-matrix
   rows: 5
   cols: 1
   dt: d
   data: [ -2.1859934914563901e-02, -9.9468572971318997e-04,
       1.6448003429794193e-03, -3.1164985765511365e-04,
       3.5195408316194161e-04 ]
P1: !!opencv-matrix
   rows: 3
   cols: 4
   dt: f
   data: [ 3.79511383e+02, 0., 4.07867401e+02, 0., 0., 3.79511383e+02,
       2.33134689e+02, 0., 0., 0., 1., 0. ]
R1: !!opencv-matrix
   rows: 3
   cols: 3
   dt: f
   data: [ 9.98331130e-01, -5.64428382e-02, -1.22112837e-02,
       5.61737232e-02, 9.98192489e-01, -2.13604122e-02, 1.33948540e-02,
       2.06388105e-02, 9.99697268e-01 ]
K2: !!opencv-matrix
   rows: 3
   cols: 3
   dt: d
   data: [ 3.6687495098581172e+02, 0., 3.7621769200552956e+02, 0.,
       3.6726361788508825e+02, 2.2399932895774910e+02, 0., 0., 1. ]
D2: !!opencv-matrix
   rows: 5
   cols: 1
   dt: d
   data: [ -2.2201337830972428e-02, -1.1445843221826492e-03,
       2.9199201696882579e-04, -7.1705872414221615e-04,
       5.1284674356775366e-04 ]
P2: !!opencv-matrix
   rows: 3
   cols: 4
   dt: f
   data: [ 3.79511383e+02, 0., 4.07867401e+02, -6.52117852e+04, 0.,
       3.79511383e+02, 2.33134689e+02, 0., 0., 0., 1., 0. ]
R2: !!opencv-matrix
   rows: 3
   cols: 3
   dt: f
   data: [ 9.96015608e-01, -6.32482022e-02, -6.28695190e-02,
       6.45563155e-02, 9.97733235e-01, 1.89959724e-02, 6.15255497e-02,
       -2.29789093e-02, 9.97840941e-01 ]
