%YAML:1.0
---
Q: !!opencv-matrix
   rows: 4
   cols: 4
   dt: f
   data: [ 1., 0., 0., -4.07683502e+02, 0., 1., 0., -2.33439453e+02, 0.,
       0., 0., 3.70127014e+02, 0., 0., 5.61731448e-03, 0. ]
R: !!opencv-matrix
   rows: 3
   cols: 3
   dt: d
   data: [ 1.0007280157829455e+00, -4.2824238634055593e-02,
       4.8806079646284334e-02, 4.5010645071742524e-02,
       1.0008847309121234e+00, -4.3680230340814578e-02,
       -4.6855232376549753e-02, 4.5777289242163802e-02,
       1.0007100834716134e+00 ]
T: !!opencv-matrix
   rows: 3
   cols: 1
   dt: d
   data: [ -1.7743353377012647e+02, 1.1267340952251804e+01,
       1.1200120588634579e+01 ]
E: !!opencv-matrix
   rows: 0
   cols: 0
   dt: u
   data: []
F: !!opencv-matrix
   rows: 0
   cols: 0
   dt: u
   data: []
K1: !!opencv-matrix
   rows: 3
   cols: 3
   dt: d
   data: [ 3.6627756984521932e+02, 0., 3.8060969928433269e+02, 0.,
       3.6653175179255015e+02, 2.3878059668569790e+02, 0., 0., 1. ]
D1: !!opencv-matrix
   rows: 5
   cols: 1
   dt: d
   data: [ -2.1859934914563901e-02, -9.9468572971318997e-04,
       1.6448003429794193e-03, -3.1164985765511365e-04,
       3.5195408316194161e-04 ]
P1: !!opencv-matrix
   rows: 3
   cols: 4
   dt: f
   data: [ 3.70127014e+02, 0., 4.07683502e+02, 0., 0., 3.70127014e+02,
       2.33439453e+02, 0., 0., 0., 1., 0. ]
R1: !!opencv-matrix
   rows: 3
   cols: 3
   dt: f
   data: [ 9.94024217e-01, -1.08552277e-01, -1.15023917e-02,
       1.08288340e-01, 9.93886769e-01, -2.15121377e-02, 1.37672666e-02,
       2.01380104e-02, 9.99702394e-01 ]
K2: !!opencv-matrix
   rows: 3
   cols: 3
   dt: d
   data: [ 3.6687495098581172e+02, 0., 3.7621769200552956e+02, 0.,
       3.6726361788508825e+02, 2.2399932895774910e+02, 0., 0., 1. ]
D2: !!opencv-matrix
   rows: 5
   cols: 1
   dt: d
   data: [ -2.2201337830972428e-02, -1.1445843221826492e-03,
       2.9199201696882579e-04, -7.1705872414221615e-04,
       5.1284674356775366e-04 ]
P2: !!opencv-matrix
   rows: 3
   cols: 4
   dt: f
   data: [ 3.70127014e+02, 0., 4.07683502e+02, -6.58903828e+04, 0.,
       3.70127014e+02, 2.33439453e+02, 0., 0., 0., 1., 0. ]
R2: !!opencv-matrix
   rows: 3
   cols: 3
   dt: f
   data: [ 9.96015429e-01, -6.32487312e-02, -6.28713891e-02,
       6.45475164e-02, 9.97736692e-01, 1.88439172e-02, 6.15372397e-02,
       -2.28270236e-02, 9.97843742e-01 ]
