%YAML:1.0
---
Q: !!opencv-matrix
   rows: 4
   cols: 4
   dt: f
   data: [ 1., 0., 0., -4.07687103e+02, 0., 1., 0., -2.33127838e+02, 0.,
       0., 0., 3.79577881e+02, 0., 0., 5.74994739e-03, 0. ]
R: !!opencv-matrix
   rows: 3
   cols: 3
   dt: d
   data: [ 1.0016713935153261e+00, 9.4399827564898668e-03,
       4.8340427010671469e-02, -7.4928315243399206e-03,
       1.0009002882922879e+00, -4.3610998711898129e-02,
       -4.9205169394529936e-02, 4.3230190953938555e-02,
       9.9975911083649982e-01 ]
T: !!opencv-matrix
   rows: 3
   cols: 1
   dt: d
   data: [ -1.7310446354056575e+02, 1.0992344841905698e+01,
       1.0926533193693190e+01 ]
E: !!opencv-matrix
   rows: 0
   cols: 0
   dt: u
   data: []
F: !!opencv-matrix
   rows: 0
   cols: 0
   dt: u
   data: []
K1: !!opencv-matrix
   rows: 3
   cols: 3
   dt: d
   data: [ 3.6627756984521932e+02, 0., 3.8060969928433269e+02, 0.,
       3.6653175179255015e+02, 2.3878059668569790e+02, 0., 0., 1. ]
D1: !!opencv-matrix
   rows: 5
   cols: 1
   dt: d
   data: [ -2.1859934914563901e-02, -9.9468572971318997e-04,
       1.6448003429794193e-03, -3.1164985765511365e-04,
       3.5195408316194161e-04 ]
P1: !!opencv-matrix
   rows: 3
   cols: 4
   dt: f
   data: [ 3.79577881e+02, 0., 4.07687103e+02, 0., 0., 3.79577881e+02,
       2.33127838e+02, 0., 0., 0., 1., 0. ]
R1: !!opencv-matrix
   rows: 3
   cols: 3
   dt: f
   data: [ 9.98336613e-01, -5.64443395e-02, -1.17507940e-02,
       5.61848208e-02, 9.98192012e-01, -2.13540178e-02, 1.29348617e-02,
       2.06582807e-02, 9.99702930e-01 ]
K2: !!opencv-matrix
   rows: 3
   cols: 3
   dt: d
   data: [ 3.6687495098581172e+02, 0., 3.7621769200552956e+02, 0.,
       3.6726361788508825e+02, 2.2399932895774910e+02, 0., 0., 1. ]
D2: !!opencv-matrix
   rows: 5
   cols: 1
   dt: d
   data: [ -2.2201337830972428e-02, -1.1445843221826492e-03,
       2.9199201696882579e-04, -7.1705872414221615e-04,
       5.1284674356775366e-04 ]
P2: !!opencv-matrix
   rows: 3
   cols: 4
   dt: f
   data: [ 3.79577881e+02, 0., 4.07687103e+02, -6.60141484e+04, 0.,
       3.79577881e+02, 2.33127838e+02, 0., 0., 0., 1., 0. ]
R2: !!opencv-matrix
   rows: 3
   cols: 3
   dt: f
   data: [ 9.96015608e-01, -6.32482097e-02, -6.28695339e-02,
       6.45567253e-02, 9.97733116e-01, 1.90024767e-02, 6.15251437e-02,
       -2.29854137e-02, 9.97840822e-01 ]
