%YAML:1.0
---
Q: !!opencv-matrix
   rows: 4
   cols: 4
   dt: f
   data: [ 1., 0., 0., -4.29323395e+02, 0., 1., 0., -2.33907837e+02, 0.,
       0., 0., 3.65783508e+02, 0., 0., 5.57192368e-03, 0. ]
R: !!opencv-matrix
   rows: 3
   cols: 3
   dt: d
   data: [ 1.0009084203550642e+00, 9.0461725288295564e-03,
       -2.9431718670288017e-03, -9.6726696129672707e-03,
       1.0003752121953682e+00, -4.3211864690307994e-02,
       3.2702665024887537e-03, 4.3230950056753058e-02,
       1.0003383163879829e+00 ]
T: !!opencv-matrix
   rows: 3
   cols: 1
   dt: d
   data: [ -1.7755352572929624e+02, 1.1275019346598597e+01,
       1.1207728629176588e+01 ]
E: !!opencv-matrix
   rows: 0
   cols: 0
   dt: u
   data: []
F: !!opencv-matrix
   rows: 0
   cols: 0
   dt: u
   data: []
K1: !!opencv-matrix
   rows: 3
   cols: 3
   dt: d
   data: [ 3.6627756984521932e+02, 0., 3.8060969928433269e+02, 0.,
       3.6653175179255015e+02, 2.3878059668569790e+02, 0., 0., 1. ]
D1: !!opencv-matrix
   rows: 5
   cols: 1
   dt: d
   data: [ -2.1859934914563901e-02, -9.9468572971318997e-04,
       1.6448003429794193e-03, -3.1164985765511365e-04,
       3.5195408316194161e-04 ]
P1: !!opencv-matrix
   rows: 3
   cols: 4
   dt: f
   data: [ 3.65783508e+02, 0., 4.29323395e+02, 0., 0., 3.65783508e+02,
       2.33907837e+02, 0., 0., 0., 1., 0. ]
R1: !!opencv-matrix
   rows: 3
   cols: 3
   dt: f
   data: [ 9.96372461e-01, -5.29640280e-02, -6.66089952e-02,
       5.32570183e-02, 9.98577356e-01, 2.62947637e-03, 6.63749725e-02,
       -6.16733450e-03, 9.97775674e-01 ]
K2: !!opencv-matrix
   rows: 3
   cols: 3
   dt: d
   data: [ 3.6687495098581172e+02, 0., 3.7621769200552956e+02, 0.,
       3.6726361788508825e+02, 2.2399932895774910e+02, 0., 0., 1. ]
D2: !!opencv-matrix
   rows: 5
   cols: 1
   dt: d
   data: [ -2.2201337830972428e-02, -1.1445843221826492e-03,
       2.9199201696882579e-04, -7.1705872414221615e-04,
       5.1284674356775366e-04 ]
P2: !!opencv-matrix
   rows: 3
   cols: 4
   dt: f
   data: [ 3.65783508e+02, 0., 4.29323395e+02, -6.56476172e+04, 0.,
       3.65783508e+02, 2.33907837e+02, 0., 0., 0., 1., 0. ]
R2: !!opencv-matrix
   rows: 3
   cols: 3
   dt: f
   data: [ 9.96015787e-01, -6.32470921e-02, -6.28679842e-02,
       6.29694313e-02, 9.97995019e-01, -6.39012316e-03, 6.31460920e-02,
       2.40590191e-03, 9.98001397e-01 ]
