%YAML:1.0
---
Q: !!opencv-matrix
   rows: 4
   cols: 4
   dt: f
   data: [ 1., 0., 0., -4.07683929e+02, 0., 1., 0., -2.33439377e+02, 0.,
       0., 0., 3.70129822e+02, 0., 0., 5.70840714e-03, 0. ]
R: !!opencv-matrix
   rows: 3
   cols: 3
   dt: d
   data: [ 1.0009178906623701e+00, -4.2828443858226498e-02,
       4.8833947222186036e-02, 4.5018498338578260e-02,
       1.0010678076428932e+00, -4.3689454901934904e-02,
       -4.6864153634513135e-02, 4.5785536577314469e-02,
       1.0008919842316957e+00 ]
T: !!opencv-matrix
   rows: 3
   cols: 1
   dt: d
   data: [ -1.7473345002388950e+02, 1.1095954705498558e+01,
       1.1030091809514897e+01 ]
E: !!opencv-matrix
   rows: 0
   cols: 0
   dt: u
   data: []
F: !!opencv-matrix
   rows: 0
   cols: 0
   dt: u
   data: []
K1: !!opencv-matrix
   rows: 3
   cols: 3
   dt: d
   data: [ 3.6627756984521932e+02, 0., 3.8060969928433269e+02, 0.,
       3.6653175179255015e+02, 2.3878059668569790e+02, 0., 0., 1. ]
D1: !!opencv-matrix
   rows: 5
   cols: 1
   dt: d
   data: [ -2.1859934914563901e-02, -9.9468572971318997e-04,
       1.6448003429794193e-03, -3.1164985765511365e-04,
       3.5195408316194161e-04 ]
P1: !!opencv-matrix
   rows: 3
   cols: 4
   dt: f
   data: [ 3.70129822e+02, 0., 4.07683929e+02, 0., 0., 3.70129822e+02,
       2.33439377e+02, 0., 0., 0., 1., 0. ]
R1: !!opencv-matrix
   rows: 3
   cols: 3
   dt: f
   data: [ 9.94025469e-01, -1.08540669e-01, -1.15012052e-02,
       1.08276755e-01, 9.93888021e-01, -2.15120632e-02, 1.37658436e-02,
       2.01382264e-02, 9.99702454e-01 ]
K2: !!opencv-matrix
   rows: 3
   cols: 3
   dt: d
   data: [ 3.6687495098581172e+02, 0., 3.7621769200552956e+02, 0.,
       3.6726361788508825e+02, 2.2399932895774910e+02, 0., 0., 1. ]
D2: !!opencv-matrix
   rows: 5
   cols: 1
   dt: d
   data: [ -2.2201337830972428e-02, -1.1445843221826492e-03,
       2.9199201696882579e-04, -7.1705872414221615e-04,
       5.1284674356775366e-04 ]
P2: !!opencv-matrix
   rows: 3
   cols: 4
   dt: f
   data: [ 3.70129822e+02, 0., 4.07683929e+02, -6.48394180e+04, 0.,
       3.70129822e+02, 2.33439377e+02, 0., 0., 0., 1., 0. ]
R2: !!opencv-matrix
   rows: 3
   cols: 3
   dt: f
   data: [ 9.96015310e-01, -6.32491410e-02, -6.28737137e-02,
       6.45479783e-02, 9.97736692e-01, 1.88438930e-02, 6.15395494e-02,
       -2.28271764e-02, 9.97843564e-01 ]
