%YAML:1.0
---
Q: !!opencv-matrix
   rows: 4
   cols: 4
   dt: f
   data: [ 1., 0., 0., -4.07685883e+02, 0., 1., 0., -2.33439468e+02, 0.,
       0., 0., 3.70130676e+02, 0., 0., 5.71493711e-03, 0. ]
R: !!opencv-matrix
   rows: 3
   cols: 3
   dt: d
   data: [ 1.0009170385270407e+00, -4.2807651468958118e-02,
       4.8822526341833289e-02, 4.5019302976076793e-02,
       1.0010733865983505e+00, -4.3689010218680109e-02,
       -4.6863986762040878e-02, 4.5784521635995896e-02,
       1.0008996432221622e+00 ]
T: !!opencv-matrix
   rows: 3
   cols: 1
   dt: d
   data: [ -1.7448216948277954e+02, 1.1079997983070195e+01,
       1.1014230230662301e+01 ]
E: !!opencv-matrix
   rows: 0
   cols: 0
   dt: u
   data: []
F: !!opencv-matrix
   rows: 0
   cols: 0
   dt: u
   data: []
K1: !!opencv-matrix
   rows: 3
   cols: 3
   dt: d
   data: [ 3.6627756984521932e+02, 0., 3.8060969928433269e+02, 0.,
       3.6653175179255015e+02, 2.3878059668569790e+02, 0., 0., 1. ]
D1: !!opencv-matrix
   rows: 5
   cols: 1
   dt: d
   data: [ -2.1859934914563901e-02, -9.9468572971318997e-04,
       1.6448003429794193e-03, -3.1164985765511365e-04,
       3.5195408316194161e-04 ]
P1: !!opencv-matrix
   rows: 3
   cols: 4
   dt: f
   data: [ 3.70130676e+02, 0., 4.07685883e+02, 0., 0., 3.70130676e+02,
       2.33439468e+02, 0., 0., 0., 1., 0. ]
R1: !!opencv-matrix
   rows: 3
   cols: 3
   dt: f
   data: [ 9.94026363e-01, -1.08531751e-01, -1.15061980e-02,
       1.08267732e-01, 9.93888974e-01, -2.15121191e-02, 1.37706315e-02,
       2.01378632e-02, 9.99702394e-01 ]
K2: !!opencv-matrix
   rows: 3
   cols: 3
   dt: d
   data: [ 3.6687495098581172e+02, 0., 3.7621769200552956e+02, 0.,
       3.6726361788508825e+02, 2.2399932895774910e+02, 0., 0., 1. ]
D2: !!opencv-matrix
   rows: 5
   cols: 1
   dt: d
   data: [ -2.2201337830972428e-02, -1.1445843221826492e-03,
       2.9199201696882579e-04, -7.1705872414221615e-04,
       5.1284674356775366e-04 ]
P2: !!opencv-matrix
   rows: 3
   cols: 4
   dt: f
   data: [ 3.70130676e+02, 0., 4.07685883e+02, -6.47654883e+04, 0.,
       3.70130676e+02, 2.33439468e+02, 0., 0., 0., 1., 0. ]
R2: !!opencv-matrix
   rows: 3
   cols: 3
   dt: f
   data: [ 9.96015310e-01, -6.32491410e-02, -6.28737137e-02,
       6.45479709e-02, 9.97736692e-01, 1.88437328e-02, 6.15395606e-02,
       -2.28270162e-02, 9.97843564e-01 ]
