%YAML:1.0
---
Q: !!opencv-matrix
   rows: 4
   cols: 4
   dt: f
   data: [ 1., 0., 0., -4.29500092e+02, 0., 1., 0., -2.33907700e+02, 0.,
       0., 0., 3.65769653e+02, 0., 0., 5.62657882e-03, 0. ]
R: !!opencv-matrix
   rows: 3
   cols: 3
   dt: d
   data: [ 9.9935730437236958e-01, 1.0127948122765988e-02,
       -3.6500439893158250e-03, -9.6294489771823755e-03,
       1.0001778098983818e+00, 9.2688331517513812e-03,
       3.3000888471348567e-03, -9.2324110638118718e-03,
       1.0002771208546333e+00 ]
T: !!opencv-matrix
   rows: 3
   cols: 1
   dt: d
   data: [ -1.7693348272870878e+02, 1.1235764383846179e+01,
       1.1168745093060076e+01 ]
E: !!opencv-matrix
   rows: 0
   cols: 0
   dt: u
   data: []
F: !!opencv-matrix
   rows: 0
   cols: 0
   dt: u
   data: []
K1: !!opencv-matrix
   rows: 3
   cols: 3
   dt: d
   data: [ 3.6627756984521932e+02, 0., 3.8060969928433269e+02, 0.,
       3.6653175179255015e+02, 2.3878059668569790e+02, 0., 0., 1. ]
D1: !!opencv-matrix
   rows: 5
   cols: 1
   dt: d
   data: [ -2.1859934914563901e-02, -9.9468572971318997e-04,
       1.6448003429794193e-03, -3.1164985765511365e-04,
       3.5195408316194161e-04 ]
P1: !!opencv-matrix
   rows: 3
   cols: 4
   dt: f
   data: [ 3.65769653e+02, 0., 4.29500092e+02, 0., 0., 3.65769653e+02,
       2.33907700e+02, 0., 0., 0., 1., 0. ]
R1: !!opencv-matrix
   rows: 3
   cols: 3
   dt: f
   data: [ 9.96360123e-01, -5.26459888e-02, -6.70439973e-02,
       5.29416390e-02, 9.98594105e-01, 2.63947551e-03, 6.68107793e-02,
       -6.17928710e-03, 9.97746527e-01 ]
K2: !!opencv-matrix
   rows: 3
   cols: 3
   dt: d
   data: [ 3.6687495098581172e+02, 0., 3.7621769200552956e+02, 0.,
       3.6726361788508825e+02, 2.2399932895774910e+02, 0., 0., 1. ]
D2: !!opencv-matrix
   rows: 5
   cols: 1
   dt: d
   data: [ -2.2201337830972428e-02, -1.1445843221826492e-03,
       2.9199201696882579e-04, -7.1705872414221615e-04,
       5.1284674356775366e-04 ]
P2: !!opencv-matrix
   rows: 3
   cols: 4
   dt: f
   data: [ 3.65769653e+02, 0., 4.29500092e+02, -6.50074727e+04, 0.,
       3.65769653e+02, 2.33907700e+02, 0., 0., 0., 1., 0. ]
R2: !!opencv-matrix
   rows: 3
   cols: 3
   dt: f
   data: [ 9.96015310e-01, -6.32497221e-02, -6.28724471e-02,
       6.29713461e-02, 9.97994781e-01, -6.40133535e-03, 6.31512552e-02,
       2.41666567e-03, 9.98001039e-01 ]
