%YAML:1.0
---
Q: !!opencv-matrix
   rows: 4
   cols: 4
   dt: f
   data: [ 1., 0., 0., -4.29579010e+02, 0., 1., 0., -2.33901062e+02, 0.,
       0., 0., 3.65820557e+02, 0., 0., 5.55928703e-03, 0. ]
R: !!opencv-matrix
   rows: 3
   cols: 3
   dt: d
   data: [ 9.9793278489762516e-01, 1.1197311504098206e-02,
       -4.1990788898743012e-03, -9.5152931669607622e-03,
       1.0005504346912268e+00, 9.3076764999367803e-03,
       3.4192291748777288e-03, -9.3036954236668211e-03,
       1.0007519702595900e+00 ]
T: !!opencv-matrix
   rows: 3
   cols: 1
   dt: d
   data: [ -1.7834160999587186e+02, 1.1325183808990371e+01,
       1.1257629238386851e+01 ]
E: !!opencv-matrix
   rows: 0
   cols: 0
   dt: u
   data: []
F: !!opencv-matrix
   rows: 0
   cols: 0
   dt: u
   data: []
K1: !!opencv-matrix
   rows: 3
   cols: 3
   dt: d
   data: [ 3.6627756984521932e+02, 0., 3.8060969928433269e+02, 0.,
       3.6653175179255015e+02, 2.3878059668569790e+02, 0., 0., 1. ]
D1: !!opencv-matrix
   rows: 5
   cols: 1
   dt: d
   data: [ -2.1859934914563901e-02, -9.9468572971318997e-04,
       1.6448003429794193e-03, -3.1164985765511365e-04,
       3.5195408316194161e-04 ]
P1: !!opencv-matrix
   rows: 3
   cols: 4
   dt: f
   data: [ 3.65820557e+02, 0., 4.29579010e+02, 0., 0., 3.65820557e+02,
       2.33901062e+02, 0., 0., 0., 1., 0. ]
R1: !!opencv-matrix
   rows: 3
   cols: 3
   dt: f
   data: [ 9.96371627e-01, -5.21779321e-02, -6.72389641e-02,
       5.24751432e-02, 9.98618662e-01, 2.66041444e-03, 6.70072734e-02,
       -6.17913576e-03, 9.97733355e-01 ]
K2: !!opencv-matrix
   rows: 3
   cols: 3
   dt: d
   data: [ 3.6687495098581172e+02, 0., 3.7621769200552956e+02, 0.,
       3.6726361788508825e+02, 2.2399932895774910e+02, 0., 0., 1. ]
D2: !!opencv-matrix
   rows: 5
   cols: 1
   dt: d
   data: [ -2.2201337830972428e-02, -1.1445843221826492e-03,
       2.9199201696882579e-04, -7.1705872414221615e-04,
       5.1284674356775366e-04 ]
P2: !!opencv-matrix
   rows: 3
   cols: 4
   dt: f
   data: [ 3.65820557e+02, 0., 4.29579010e+02, -6.58035078e+04, 0.,
       3.65820557e+02, 2.33901062e+02, 0., 0., 0., 1., 0. ]
R2: !!opencv-matrix
   rows: 3
   cols: 3
   dt: f
   data: [ 9.96015310e-01, -6.32497221e-02, -6.28724545e-02,
       6.29706904e-02, 9.97994781e-01, -6.41171588e-03, 6.31519184e-02,
       2.42704549e-03, 9.98000979e-01 ]
