%YAML:1.0
---
Q: !!opencv-matrix
   rows: 4
   cols: 4
   dt: f
   data: [ 1., 0., 0., -4.07733246e+02, 0., 1., 0., -2.33130402e+02, 0.,
       0., 0., 3.79536560e+02, 0., 0., 5.82124526e-03, 0. ]
R: !!opencv-matrix
   rows: 3
   cols: 3
   dt: d
   data: [ 1.0018185435091529e+00, 9.2083159268917854e-03,
       4.8170833901236755e-02, -7.4904193628625541e-03,
       1.0011239000529260e+00, -4.3608761243303318e-02,
       -4.9211345425248916e-02, 4.3253918909134499e-02,
       9.9997883709332758e-01 ]
T: !!opencv-matrix
   rows: 3
   cols: 1
   dt: d
   data: [ -1.7088486095247529e+02, 1.0851652048135254e+01,
       1.0786925960595392e+01 ]
E: !!opencv-matrix
   rows: 0
   cols: 0
   dt: u
   data: []
F: !!opencv-matrix
   rows: 0
   cols: 0
   dt: u
   data: []
K1: !!opencv-matrix
   rows: 3
   cols: 3
   dt: d
   data: [ 3.6627756984521932e+02, 0., 3.8060969928433269e+02, 0.,
       3.6653175179255015e+02, 2.3878059668569790e+02, 0., 0., 1. ]
D1: !!opencv-matrix
   rows: 5
   cols: 1
   dt: d
   data: [ -2.1859934914563901e-02, -9.9468572971318997e-04,
       1.6448003429794193e-03, -3.1164985765511365e-04,
       3.5195408316194161e-04 ]
P1: !!opencv-matrix
   rows: 3
   cols: 4
   dt: f
   data: [ 3.79536560e+02, 0., 4.07733246e+02, 0., 0., 3.79536560e+02,
       2.33130402e+02, 0., 0., 0., 1., 0. ]
R1: !!opencv-matrix
   rows: 3
   cols: 3
   dt: f
   data: [ 9.98327732e-01, -5.65770939e-02, -1.18650664e-02,
       5.63151576e-02, 9.98184621e-01, -2.13568341e-02, 1.30518340e-02,
       2.06529368e-02, 9.99701500e-01 ]
K2: !!opencv-matrix
   rows: 3
   cols: 3
   dt: d
   data: [ 3.6687495098581172e+02, 0., 3.7621769200552956e+02, 0.,
       3.6726361788508825e+02, 2.2399932895774910e+02, 0., 0., 1. ]
D2: !!opencv-matrix
   rows: 5
   cols: 1
   dt: d
   data: [ -2.2201337830972428e-02, -1.1445843221826492e-03,
       2.9199201696882579e-04, -7.1705872414221615e-04,
       5.1284674356775366e-04 ]
P2: !!opencv-matrix
   rows: 3
   cols: 4
   dt: f
   data: [ 3.79536560e+02, 0., 4.07733246e+02, -6.51985156e+04, 0.,
       3.79536560e+02, 2.33130402e+02, 0., 0., 0., 1., 0. ]
R2: !!opencv-matrix
   rows: 3
   cols: 3
   dt: f
   data: [ 9.96015310e-01, -6.32496774e-02, -6.28724098e-02,
       6.45581782e-02, 9.97733057e-01, 1.90011188e-02, 6.15280680e-02,
       -2.29843352e-02, 9.97840703e-01 ]
