%YAML:1.0
---
Q: !!opencv-matrix
   rows: 4
   cols: 4
   dt: f
   data: [ 1., 0., 0., -3.01623535e+02, 0., 1., 0., -2.33946136e+02, 0.,
       0., 0., 3.60346619e+02, 0., 0., 5.60866715e-03, 0. ]
R: !!opencv-matrix
   rows: 3
   cols: 3
   dt: d
   data: [ 9.9874496086921782e-01, 8.5172855464158634e-03,
       -4.4457858001255091e-03, -9.6928513721889573e-03,
       9.9912375148976451e-01, 1.0972087341754765e-02,
       1.8683927252388459e-03, -6.9726121423678176e-03,
       1.0011132500688342e+00 ]
T: !!opencv-matrix
   rows: 3
   cols: 1
   dt: d
   data: [ -1.7437494567345712e+02, -8.7128020232691874e+00,
       -1.9364474622268762e+01 ]
E: !!opencv-matrix
   rows: 0
   cols: 0
   dt: u
   data: []
F: !!opencv-matrix
   rows: 0
   cols: 0
   dt: u
   data: []
K1: !!opencv-matrix
   rows: 3
   cols: 3
   dt: d
   data: [ 3.6627756984521932e+02, 0., 3.8060969928433269e+02, 0.,
       3.6653175179255015e+02, 2.3878059668569790e+02, 0., 0., 1. ]
D1: !!opencv-matrix
   rows: 5
   cols: 1
   dt: d
   data: [ -2.1859934914563901e-02, -9.9468572971318997e-04,
       1.6448003429794193e-03, -3.1164985765511365e-04,
       3.5195408316194161e-04 ]
P1: !!opencv-matrix
   rows: 3
   cols: 4
   dt: f
   data: [ 3.60346619e+02, 0., 3.01623535e+02, 0., 0., 3.60346619e+02,
       2.33946136e+02, 0., 0., 0., 1., 0. ]
R1: !!opencv-matrix
   rows: 3
   cols: 3
   dt: f
   data: [ 9.94226277e-01, 5.05407117e-02, 9.46558937e-02,
       -5.09898886e-02, 9.98696446e-01, 2.33115023e-03, -9.44146886e-02,
       -7.14418432e-03, 9.95507300e-01 ]
K2: !!opencv-matrix
   rows: 3
   cols: 3
   dt: d
   data: [ 3.6687495098581172e+02, 0., 3.7621769200552956e+02, 0.,
       3.6726361788508825e+02, 2.2399932895774910e+02, 0., 0., 1. ]
D2: !!opencv-matrix
   rows: 5
   cols: 1
   dt: d
   data: [ -2.2201337830972428e-02, -1.1445843221826492e-03,
       2.9199201696882579e-04, -7.1705872414221615e-04,
       5.1284674356775366e-04 ]
P2: !!opencv-matrix
   rows: 3
   cols: 4
   dt: f
   data: [ 3.60346619e+02, 0., 3.01623535e+02, -6.42481680e+04, 0.,
       3.60346619e+02, 2.33946136e+02, 0., 0., 0., 1., 0. ]
R2: !!opencv-matrix
   rows: 3
   cols: 3
   dt: f
   data: [ 9.94370997e-01, 4.21941541e-02, 9.71903279e-02,
       -4.17319089e-02, 9.99105811e-01, -6.78490428e-03, -9.73897055e-02,
       2.69077439e-03, 9.95242715e-01 ]
