%YAML:1.0
---
Q: !!opencv-matrix
   rows: 4
   cols: 4
   dt: f
   data: [ 1., 0., 0., -3.30048309e+02, 0., 1., 0., -2.33059158e+02, 0.,
       0., 0., 3.57654022e+02, 0., 0., 5.09754382e-03, 0. ]
R: !!opencv-matrix
   rows: 3
   cols: 3
   dt: d
   data: [ 1.0002880691649330e+00, 1.1356821810441162e-02,
       -8.5810922833815938e-04, -9.5988489055217896e-03,
       9.9904253168146329e-01, 1.0993730672283123e-02,
       1.8210050364550763e-03, -7.9207800392173764e-03,
       9.9982566718848864e-01 ]
T: !!opencv-matrix
   rows: 3
   cols: 1
   dt: d
   data: [ -1.9664378815541212e+02, -8.6165516458575624e+00,
       -1.2473380359197689e+01 ]
E: !!opencv-matrix
   rows: 0
   cols: 0
   dt: u
   data: []
F: !!opencv-matrix
   rows: 0
   cols: 0
   dt: u
   data: []
K1: !!opencv-matrix
   rows: 3
   cols: 3
   dt: d
   data: [ 3.6627756984521932e+02, 0., 3.8060969928433269e+02, 0.,
       3.6653175179255015e+02, 2.3878059668569790e+02, 0., 0., 1. ]
D1: !!opencv-matrix
   rows: 5
   cols: 1
   dt: d
   data: [ -2.1859934914563901e-02, -9.9468572971318997e-04,
       1.6448003429794193e-03, -3.1164985765511365e-04,
       3.5195408316194161e-04 ]
P1: !!opencv-matrix
   rows: 3
   cols: 4
   dt: f
   data: [ 3.57654022e+02, 0., 3.30048309e+02, 0., 0., 3.57654022e+02,
       2.33059158e+02, 0., 0., 0., 1., 0. ]
R1: !!opencv-matrix
   rows: 3
   cols: 3
   dt: f
   data: [ 9.97032523e-01, 4.81179319e-02, 6.00903258e-02,
       -4.84097190e-02, 9.98821735e-01, 3.40866135e-03, -5.98555095e-02,
       -6.30750181e-03, 9.98187125e-01 ]
K2: !!opencv-matrix
   rows: 3
   cols: 3
   dt: d
   data: [ 3.6687495098581172e+02, 0., 3.7621769200552956e+02, 0.,
       3.6726361788508825e+02, 2.2399932895774910e+02, 0., 0., 1. ]
D2: !!opencv-matrix
   rows: 5
   cols: 1
   dt: d
   data: [ -2.2201337830972428e-02, -1.1445843221826492e-03,
       2.9199201696882579e-04, -7.1705872414221615e-04,
       5.1284674356775366e-04 ]
P2: !!opencv-matrix
   rows: 3
   cols: 4
   dt: f
   data: [ 3.57654022e+02, 0., 3.30048309e+02, -7.01620313e+04, 0.,
       3.57654022e+02, 2.33059158e+02, 0., 0., 0., 1., 0. ]
R2: !!opencv-matrix
   rows: 3
   cols: 3
   dt: f
   data: [ 9.97398973e-01, 3.82511802e-02, 6.10913225e-02,
       -3.79535295e-02, 9.99261320e-01, -6.02567941e-03, -6.12766854e-02,
       3.69137526e-03, 9.98113990e-01 ]
