%YAML:1.0
---
Q: !!opencv-matrix
   rows: 4
   cols: 4
   dt: f
   data: [ 1., 0., 0., -3.36936829e+02, 0., 1., 0., -2.33668533e+02, 0.,
       0., 0., 3.64721619e+02, 0., 0., 4.98169987e-03, 0. ]
R: !!opencv-matrix
   rows: 3
   cols: 3
   dt: d
   data: [ 9.9934332647101554e-01, 1.0008409027540648e-02,
       -2.1128171277766832e-03, -9.7670063702777980e-03,
       9.9979654019732411e-01, 1.1828447007629908e-02,
       2.0544595112315825e-03, -7.3468224681498455e-03,
       1.0003498601661900e+00 ]
T: !!opencv-matrix
   rows: 3
   cols: 1
   dt: d
   data: [ -1.9633258307872404e+02, -1.5619432164614716e+01,
       -1.8460804128827764e+01 ]
E: !!opencv-matrix
   rows: 0
   cols: 0
   dt: u
   data: []
F: !!opencv-matrix
   rows: 0
   cols: 0
   dt: u
   data: []
K1: !!opencv-matrix
   rows: 3
   cols: 3
   dt: d
   data: [ 3.6627756984521932e+02, 0., 3.8060969928433269e+02, 0.,
       3.6653175179255015e+02, 2.3878059668569790e+02, 0., 0., 1. ]
D1: !!opencv-matrix
   rows: 5
   cols: 1
   dt: d
   data: [ -2.1859934914563901e-02, -9.9468572971318997e-04,
       1.6448003429794193e-03, -3.1164985765511365e-04,
       3.5195408316194161e-04 ]
P1: !!opencv-matrix
   rows: 3
   cols: 4
   dt: f
   data: [ 3.64721619e+02, 0., 3.36936829e+02, 0., 0., 3.64721619e+02,
       2.33668533e+02, 0., 0., 0., 1., 0. ]
R1: !!opencv-matrix
   rows: 3
   cols: 3
   dt: f
   data: [ 9.95451808e-01, 8.04027691e-02, 5.10993637e-02,
       -8.06682035e-02, 9.96736050e-01, 3.15008918e-03, -5.06793037e-02,
       -7.25785596e-03, 9.98688579e-01 ]
K2: !!opencv-matrix
   rows: 3
   cols: 3
   dt: d
   data: [ 3.6687495098581172e+02, 0., 3.7621769200552956e+02, 0.,
       3.6726361788508825e+02, 2.2399932895774910e+02, 0., 0., 1. ]
D2: !!opencv-matrix
   rows: 5
   cols: 1
   dt: d
   data: [ -2.2201337830972428e-02, -1.1445843221826492e-03,
       2.9199201696882579e-04, -7.1705872414221615e-04,
       5.1284674356775366e-04 ]
P2: !!opencv-matrix
   rows: 3
   cols: 4
   dt: f
   data: [ 3.64721619e+02, 0., 3.36936829e+02, -7.32122813e+04, 0.,
       3.64721619e+02, 2.33668533e+02, 0., 0., 0., 1., 0. ]
R2: !!opencv-matrix
   rows: 3
   cols: 3
   dt: f
   data: [ 9.96128321e-01, 7.08086118e-02, 5.21012284e-02,
       -7.05359504e-02, 9.97484267e-01, -7.05601880e-03, -5.24697825e-02,
       3.35369050e-03, 9.98616874e-01 ]
