%YAML:1.0
---
Q: !!opencv-matrix
   rows: 4
   cols: 4
   dt: f
   data: [ 1., 0., 0., -2.90921783e+02, 0., 1., 0., -2.34635269e+02, 0.,
       0., 0., 3.62833221e+02, 0., 0., 5.69271576e-03, 0. ]
R: !!opencv-matrix
   rows: 3
   cols: 3
   dt: d
   data: [ 1.0004255623981821e+00, 1.1307636228354227e-02,
       -8.8086953295793847e-04, -9.6084531965255852e-03,
       9.9892879339358265e-01, 1.0855459675226373e-02,
       1.9162479156839222e-03, -7.8914273579092278e-03,
       9.9975823902253247e-01 ]
T: !!opencv-matrix
   rows: 3
   cols: 1
   dt: d
   data: [ -1.9566265703783543e+02, -7.5038456012136416e+00,
       -1.1984462595591253e+01 ]
E: !!opencv-matrix
   rows: 0
   cols: 0
   dt: u
   data: []
F: !!opencv-matrix
   rows: 0
   cols: 0
   dt: u
   data: []
K1: !!opencv-matrix
   rows: 3
   cols: 3
   dt: d
   data: [ 3.6627756984521932e+02, 0., 3.8060969928433269e+02, 0.,
       3.6653175179255015e+02, 2.3878059668569790e+02, 0., 0., 1. ]
D1: !!opencv-matrix
   rows: 5
   cols: 1
   dt: d
   data: [ -2.1859934914563901e-02, -9.9468572971318997e-04,
       1.6448003429794193e-03, -3.1164985765511365e-04,
       3.5195408316194161e-04 ]
P1: !!opencv-matrix
   rows: 3
   cols: 4
   dt: f
   data: [ 3.62833221e+02, 0., 2.90921783e+02, 0., 0., 3.62833221e+02,
       2.34635269e+02, 0., 0., 0., 1., 0. ]
R1: !!opencv-matrix
   rows: 3
   cols: 3
   dt: f
   data: [ 9.92522895e-01, 5.76675534e-02, 1.07577004e-01,
       -5.81804290e-02, 9.98304725e-01, 1.63243269e-03, -1.07300498e-01,
       -7.87910260e-03, 9.94195402e-01 ]
K2: !!opencv-matrix
   rows: 3
   cols: 3
   dt: d
   data: [ 3.6687495098581172e+02, 0., 3.7621769200552956e+02, 0.,
       3.6726361788508825e+02, 2.2399932895774910e+02, 0., 0., 1. ]
D2: !!opencv-matrix
   rows: 5
   cols: 1
   dt: d
   data: [ -2.2201337830972428e-02, -1.1445843221826492e-03,
       2.9199201696882579e-04, -7.1705872414221615e-04,
       5.1284674356775366e-04 ]
P2: !!opencv-matrix
   rows: 3
   cols: 4
   dt: f
   data: [ 3.62833221e+02, 0., 2.90921783e+02, -6.37364023e+04, 0.,
       3.62833221e+02, 2.34635269e+02, 0., 0., 0., 1., 0. ]
R2: !!opencv-matrix
   rows: 3
   cols: 3
   dt: f
   data: [ 9.92667019e-01, 4.95995060e-02, 1.10236451e-01,
       -4.90727350e-02, 9.98767138e-01, -7.48819718e-03, -1.10471956e-01,
       2.02368223e-03, 9.93877172e-01 ]
