%YAML:1.0
---
Q: !!opencv-matrix
   rows: 4
   cols: 4
   dt: f
   data: [ 1., 0., 0., -3.49847046e+02, 0., 1., 0., -2.32107498e+02, 0.,
       0., 0., 3.54396149e+02, 0., 0., 6.43945998e-03, 0. ]
R: !!opencv-matrix
   rows: 3
   cols: 3
   dt: d
   data: [ 1.0020571685480455e+00, 4.8400630493445852e-03,
       -7.9944023531069042e-03, -9.6844576612205874e-03,
       9.9865242567534052e-01, 9.8803008249884073e-03,
       1.8141280029958188e-03, -9.8141463928406378e-03,
       9.9961068970944311e-01 ]
T: !!opencv-matrix
   rows: 3
   cols: 1
   dt: d
   data: [ -1.5516583622888268e+02, -2.0853651747087252e+00,
       -5.9147296535644358e+00 ]
E: !!opencv-matrix
   rows: 0
   cols: 0
   dt: u
   data: []
F: !!opencv-matrix
   rows: 0
   cols: 0
   dt: u
   data: []
K1: !!opencv-matrix
   rows: 3
   cols: 3
   dt: d
   data: [ 3.6627756984521932e+02, 0., 3.8060969928433269e+02, 0.,
       3.6653175179255015e+02, 2.3878059668569790e+02, 0., 0., 1. ]
D1: !!opencv-matrix
   rows: 5
   cols: 1
   dt: d
   data: [ -2.1859934914563901e-02, -9.9468572971318997e-04,
       1.6448003429794193e-03, -3.1164985765511365e-04,
       3.5195408316194161e-04 ]
P1: !!opencv-matrix
   rows: 3
   cols: 4
   dt: f
   data: [ 3.54396149e+02, 0., 3.49847046e+02, 0., 0., 3.54396149e+02,
       2.32107498e+02, 0., 0., 0., 1., 0. ]
R1: !!opencv-matrix
   rows: 3
   cols: 3
   dt: f
   data: [ 9.99236584e-01, 2.03156564e-02, 3.33693326e-02,
       -2.04823930e-02, 9.99779344e-01, 4.66245925e-03, -3.32672484e-02,
       -5.34238387e-03, 9.99432206e-01 ]
K2: !!opencv-matrix
   rows: 3
   cols: 3
   dt: d
   data: [ 3.6687495098581172e+02, 0., 3.7621769200552956e+02, 0.,
       3.6726361788508825e+02, 2.2399932895774910e+02, 0., 0., 1. ]
D2: !!opencv-matrix
   rows: 5
   cols: 1
   dt: d
   data: [ -2.2201337830972428e-02, -1.1445843221826492e-03,
       2.9199201696882579e-04, -7.1705872414221615e-04,
       5.1284674356775366e-04 ]
P2: !!opencv-matrix
   rows: 3
   cols: 4
   dt: f
   data: [ 3.54396149e+02, 0., 3.49847046e+02, -5.50350742e+04, 0.,
       3.54396149e+02, 2.32107498e+02, 0., 0., 0., 1., 0. ]
R2: !!opencv-matrix
   rows: 3
   cols: 3
   dt: f
   data: [ 9.99184191e-01, 1.34286257e-02, 3.80876623e-02,
       -1.32378517e-02, 9.99898553e-01, -5.25659975e-03, -3.81543897e-02,
       4.74811206e-03, 9.99260604e-01 ]
