%YAML:1.0
---
Q: !!opencv-matrix
   rows: 4
   cols: 4
   dt: f
   data: [ 1., 0., 0., -3.10423706e+02, 0., 1., 0., -2.31418228e+02, 0.,
       0., 0., 3.52104309e+02, 0., 0., 5.81932440e-03, 0. ]
R: !!opencv-matrix
   rows: 3
   cols: 3
   dt: d
   data: [ 1.0020571685480455e+00, 4.8400630493445852e-03,
       -7.9944023531069042e-03, -9.6844576612205874e-03,
       9.9865242567534052e-01, 9.8803008249884073e-03,
       1.8141280029958188e-03, -9.8141463928406378e-03,
       9.9961068970944311e-01 ]
T: !!opencv-matrix
   rows: 3
   cols: 1
   dt: d
   data: [ -1.5516583622888268e+02, -2.0853651747087252e+00,
       -5.9147296535644358e+00 ]
E: !!opencv-matrix
   rows: 0
   cols: 0
   dt: u
   data: []
F: !!opencv-matrix
   rows: 0
   cols: 0
   dt: u
   data: []
K1: !!opencv-matrix
   rows: 3
   cols: 3
   dt: d
   data: [ 3.6627756984521932e+02, 0., 3.8060969928433269e+02, 0.,
       3.6653175179255015e+02, 2.3878059668569790e+02, 0., 0., 1. ]
D1: !!opencv-matrix
   rows: 5
   cols: 1
   dt: d
   data: [ -2.1859934914563901e-02, -9.9468572971318997e-04,
       1.6448003429794193e-03, -3.1164985765511365e-04,
       3.5195408316194161e-04 ]
P1: !!opencv-matrix
   rows: 3
   cols: 4
   dt: f
   data: [ 3.52104309e+02, 0., 3.10423706e+02, 0., 0., 3.52104309e+02,
       2.31418228e+02, 0., 0., 0., 1., 0. ]
R1: !!opencv-matrix
   rows: 3
   cols: 3
   dt: f
   data: [ 9.96493340e-01, -4.68154764e-03, 8.35410804e-02,
       4.29543573e-03, 9.99979258e-01, 4.80096089e-03, -8.35618228e-02,
       -4.42528026e-03, 9.96492743e-01 ]
K2: !!opencv-matrix
   rows: 3
   cols: 3
   dt: d
   data: [ 3.6687495098581172e+02, 0., 3.7621769200552956e+02, 0.,
       3.6726361788508825e+02, 2.2399932895774910e+02, 0., 0., 1. ]
D2: !!opencv-matrix
   rows: 5
   cols: 1
   dt: d
   data: [ -2.2201337830972428e-02, -1.1445843221826492e-03,
       2.9199201696882579e-04, -7.1705872414221615e-04,
       5.1284674356775366e-04 ]
P2: !!opencv-matrix
   rows: 3
   cols: 4
   dt: f
   data: [ 3.52104309e+02, 0., 3.10423706e+02, -6.05060430e+04, 0.,
       3.52104309e+02, 2.31418228e+02, 0., 0., 0., 1., 0. ]
R2: !!opencv-matrix
   rows: 3
   cols: 3
   dt: f
   data: [ 9.96087968e-01, -1.16330041e-02, 8.75980034e-02,
       1.20377308e-02, 9.99919176e-01, -4.09341836e-03, -8.75433087e-02,
       5.13188588e-03, 9.96147513e-01 ]
