%YAML:1.0
---
Q: !!opencv-matrix
   rows: 4
   cols: 4
   dt: f
   data: [ 1., 0., 0., -1.93652283e+02, 0., 1., 0., -2.43377197e+02, 0.,
       0., 0., 3.89227966e+02, 0., 0., 5.12296567e-03, 0. ]
R: !!opencv-matrix
   rows: 3
   cols: 3
   dt: d
   data: [ 9.9871243248105512e-01, 7.2225525467071155e-03,
       -4.8902924349492321e-03, -9.3621099406301592e-03,
       9.9751656088786034e-01, 1.1939665664169947e-02,
       2.1477642693916257e-03, -4.7650919183747590e-03,
       1.0015681196177049e+00 ]
T: !!opencv-matrix
   rows: 3
   cols: 1
   dt: d
   data: [ -1.8369442089588188e+02, -1.7177812017797844e+01,
       -4.2574967151687673e+01 ]
E: !!opencv-matrix
   rows: 0
   cols: 0
   dt: u
   data: []
F: !!opencv-matrix
   rows: 0
   cols: 0
   dt: u
   data: []
K1: !!opencv-matrix
   rows: 3
   cols: 3
   dt: d
   data: [ 3.6627756984521932e+02, 0., 3.8060969928433269e+02, 0.,
       3.6653175179255015e+02, 2.3878059668569790e+02, 0., 0., 1. ]
D1: !!opencv-matrix
   rows: 5
   cols: 1
   dt: d
   data: [ -2.1859934914563901e-02, -9.9468572971318997e-04,
       1.6448003429794193e-03, -3.1164985765511365e-04,
       3.5195408316194161e-04 ]
P1: !!opencv-matrix
   rows: 3
   cols: 4
   dt: f
   data: [ 3.89227966e+02, 0., 1.93652283e+02, 0., 0., 3.89227966e+02,
       2.43377197e+02, 0., 0., 0., 1., 0. ]
R1: !!opencv-matrix
   rows: 3
   cols: 3
   dt: f
   data: [ 9.70577478e-01, 1.05981849e-01, 2.16211110e-01,
       -1.07007973e-01, 9.94233608e-01, -6.98941201e-03, -2.15705112e-01,
       -1.63525473e-02, 9.76321638e-01 ]
K2: !!opencv-matrix
   rows: 3
   cols: 3
   dt: d
   data: [ 3.6687495098581172e+02, 0., 3.7621769200552956e+02, 0.,
       3.6726361788508825e+02, 2.2399932895774910e+02, 0., 0., 1. ]
D2: !!opencv-matrix
   rows: 5
   cols: 1
   dt: d
   data: [ -2.2201337830972428e-02, -1.1445843221826492e-03,
       2.9199201696882579e-04, -7.1705872414221615e-04,
       5.1284674356775366e-04 ]
P2: !!opencv-matrix
   rows: 3
   cols: 4
   dt: f
   data: [ 3.89227966e+02, 0., 1.93652283e+02, -7.59770859e+04, 0.,
       3.89227966e+02, 2.43377197e+02, 0., 0., 0., 1., 0. ]
R2: !!opencv-matrix
   rows: 3
   cols: 3
   dt: f
   data: [ 9.70808208e-01, 9.92533118e-02, 2.18357980e-01,
       -9.82147306e-02, 9.95042443e-01, -1.56330056e-02, -2.18827084e-01,
       -6.26932038e-03, 9.75743532e-01 ]
