%YAML:1.0
---
Q: !!opencv-matrix
   rows: 4
   cols: 4
   dt: f
   data: [ 1., 0., 0., -3.04022339e+02, 0., 1., 0., -2.35591583e+02, 0.,
       0., 0., 3.70713654e+02, 0., 0., 5.05519751e-03, 0. ]
R: !!opencv-matrix
   rows: 3
   cols: 3
   dt: d
   data: [ 9.9921870737730190e-01, 9.6578050474278674e-03,
       -2.5046291382528961e-03, -9.7568595462090898e-03,
       9.9961817410050913e-01, 1.1832802049466953e-02,
       1.9172126854548393e-03, -7.0609671149548395e-03,
       1.0004992306503402e+00 ]
T: !!opencv-matrix
   rows: 3
   cols: 1
   dt: d
   data: [ -1.9492811035255750e+02, -1.5473918196982694e+01,
       -2.0564255789108106e+01 ]
E: !!opencv-matrix
   rows: 0
   cols: 0
   dt: u
   data: []
F: !!opencv-matrix
   rows: 0
   cols: 0
   dt: u
   data: []
K1: !!opencv-matrix
   rows: 3
   cols: 3
   dt: d
   data: [ 3.6627756984521932e+02, 0., 3.8060969928433269e+02, 0.,
       3.6653175179255015e+02, 2.3878059668569790e+02, 0., 0., 1. ]
D1: !!opencv-matrix
   rows: 5
   cols: 1
   dt: d
   data: [ -2.1859934914563901e-02, -9.9468572971318997e-04,
       1.6448003429794193e-03, -3.1164985765511365e-04,
       3.5195408316194161e-04 ]
P1: !!opencv-matrix
   rows: 3
   cols: 4
   dt: f
   data: [ 3.70713654e+02, 0., 3.04022339e+02, 0., 0., 3.70713654e+02,
       2.35591583e+02, 0., 0., 0., 1., 0. ]
R1: !!opencv-matrix
   rows: 3
   cols: 3
   dt: f
   data: [ 9.91868854e-01, 8.78871754e-02, 9.20436010e-02,
       -8.83524790e-02, 9.96088803e-01, 9.84783983e-04, -9.15970504e-02,
       -9.10905749e-03, 9.95754480e-01 ]
K2: !!opencv-matrix
   rows: 3
   cols: 3
   dt: d
   data: [ 3.6687495098581172e+02, 0., 3.7621769200552956e+02, 0.,
       3.6726361788508825e+02, 2.2399932895774910e+02, 0., 0., 1. ]
D2: !!opencv-matrix
   rows: 5
   cols: 1
   dt: d
   data: [ -2.2201337830972428e-02, -1.1445843221826492e-03,
       2.9199201696882579e-04, -7.1705872414221615e-04,
       5.1284674356775366e-04 ]
P2: !!opencv-matrix
   rows: 3
   cols: 4
   dt: f
   data: [ 3.70713654e+02, 0., 3.04022339e+02, -7.33331641e+04, 0.,
       3.70713654e+02, 2.35591583e+02, 0., 0., 0., 1., 0. ]
R2: !!opencv-matrix
   rows: 3
   cols: 3
   dt: f
   data: [ 9.92500007e-01, 7.89593160e-02, 9.33230147e-02,
       -7.84854591e-02, 9.96876895e-01, -8.74275528e-03, -9.37218815e-02,
       1.35268492e-03, 9.95597482e-01 ]
