%YAML:1.0
---
Q: !!opencv-matrix
   rows: 4
   cols: 4
   dt: f
   data: [ 1., 0., 0., -4.23500305e+02, 0., 1., 0., -2.30347733e+02, 0.,
       0., 0., 3.63594452e+02, 0., 0., 5.47118252e-03, 0. ]
R: !!opencv-matrix
   rows: 3
   cols: 3
   dt: d
   data: [ 1.0001786823068131e+00, 8.1189932452779209e-03,
       -3.0842537433393427e-03, -9.7931502822829631e-03,
       1.0015853152582548e+00, 1.0937929461629244e-02,
       2.1835716487948759e-03, -1.0625774832406133e-02,
       1.0003632384872141e+00 ]
T: !!opencv-matrix
   rows: 3
   cols: 1
   dt: d
   data: [ -1.7790550825539057e+02, -7.7897963118920135e+00,
       3.5809082911949348e+00 ]
E: !!opencv-matrix
   rows: 0
   cols: 0
   dt: u
   data: []
F: !!opencv-matrix
   rows: 0
   cols: 0
   dt: u
   data: []
K1: !!opencv-matrix
   rows: 3
   cols: 3
   dt: d
   data: [ 3.6627756984521932e+02, 0., 3.8060969928433269e+02, 0.,
       3.6653175179255015e+02, 2.3878059668569790e+02, 0., 0., 1. ]
D1: !!opencv-matrix
   rows: 5
   cols: 1
   dt: d
   data: [ -2.1859934914563901e-02, -9.9468572971318997e-04,
       1.6448003429794193e-03, -3.1164985765511365e-04,
       3.5195408316194161e-04 ]
P1: !!opencv-matrix
   rows: 3
   cols: 4
   dt: f
   data: [ 3.63594452e+02, 0., 4.23500305e+02, 0., 0., 3.63594452e+02,
       2.30347733e+02, 0., 0., 0., 1., 0. ]
R1: !!opencv-matrix
   rows: 3
   cols: 3
   dt: f
   data: [ 9.96979296e-01, 5.00588864e-02, -5.93833029e-02,
       -4.97355163e-02, 9.98738527e-01, 6.91197859e-03, 5.96543960e-02,
       -3.93764023e-03, 9.98211324e-01 ]
K2: !!opencv-matrix
   rows: 3
   cols: 3
   dt: d
   data: [ 3.6687495098581172e+02, 0., 3.7621769200552956e+02, 0.,
       3.6726361788508825e+02, 2.2399932895774910e+02, 0., 0., 1. ]
D2: !!opencv-matrix
   rows: 5
   cols: 1
   dt: d
   data: [ -2.2201337830972428e-02, -1.1445843221826492e-03,
       2.9199201696882579e-04, -7.1705872414221615e-04,
       5.1284674356775366e-04 ]
P2: !!opencv-matrix
   rows: 3
   cols: 4
   dt: f
   data: [ 3.63594452e+02, 0., 4.23500305e+02, -6.64562813e+04, 0.,
       3.63594452e+02, 2.30347733e+02, 0., 0., 0., 1., 0. ]
R2: !!opencv-matrix
   rows: 3
   cols: 3
   dt: f
   data: [ 9.97532785e-01, 4.03280705e-02, -5.74625097e-02,
       -4.06396240e-02, 9.99164760e-01, -4.26319288e-03, 5.72425872e-02,
       6.58792956e-03, 9.98338580e-01 ]
