%YAML:1.0
---
Q: !!opencv-matrix
   rows: 4
   cols: 4
   dt: f
   data: [ 1., 0., 0., -1.87457336e+02, 0., 1., 0., -2.42665985e+02, 0.,
       0., 0., 3.84911285e+02, 0., 0., 5.28137805e-03, 0. ]
R: !!opencv-matrix
   rows: 3
   cols: 3
   dt: d
   data: [ 9.9864091728570215e-01, 6.0282214972659396e-03,
       -6.1678055875945400e-03, -9.3176525615260072e-03,
       9.9724572290601898e-01, 1.1926018627384551e-02,
       2.2501340127775524e-03, -4.3374686619496025e-03,
       1.0018016666334082e+00 ]
T: !!opencv-matrix
   rows: 3
   cols: 1
   dt: d
   data: [ -1.7477872922126326e+02, -1.7132873169470411e+01,
       -4.6480012657414747e+01 ]
E: !!opencv-matrix
   rows: 0
   cols: 0
   dt: u
   data: []
F: !!opencv-matrix
   rows: 0
   cols: 0
   dt: u
   data: []
K1: !!opencv-matrix
   rows: 3
   cols: 3
   dt: d
   data: [ 3.6627756984521932e+02, 0., 3.8060969928433269e+02, 0.,
       3.6653175179255015e+02, 2.3878059668569790e+02, 0., 0., 1. ]
D1: !!opencv-matrix
   rows: 5
   cols: 1
   dt: d
   data: [ -2.1859934914563901e-02, -9.9468572971318997e-04,
       1.6448003429794193e-03, -3.1164985765511365e-04,
       3.5195408316194161e-04 ]
P1: !!opencv-matrix
   rows: 3
   cols: 4
   dt: f
   data: [ 3.84911285e+02, 0., 1.87457336e+02, 0., 0., 3.84911285e+02,
       2.42665985e+02, 0., 0., 0., 1., 0. ]
R1: !!opencv-matrix
   rows: 3
   cols: 3
   dt: f
   data: [ 9.70169067e-01, 9.69167948e-02, 2.22214192e-01,
       -9.79666561e-02, 9.95169640e-01, -6.32019481e-03, -2.21753344e-01,
       -1.56379230e-02, 9.74977374e-01 ]
K2: !!opencv-matrix
   rows: 3
   cols: 3
   dt: d
   data: [ 3.6687495098581172e+02, 0., 3.7621769200552956e+02, 0.,
       3.6726361788508825e+02, 2.2399932895774910e+02, 0., 0., 1. ]
D2: !!opencv-matrix
   rows: 5
   cols: 1
   dt: d
   data: [ -2.2201337830972428e-02, -1.1445843221826492e-03,
       2.9199201696882579e-04, -7.1705872414221615e-04,
       5.1284674356775366e-04 ]
P2: !!opencv-matrix
   rows: 3
   cols: 4
   dt: f
   data: [ 3.84911285e+02, 0., 1.87457336e+02, -7.28808438e+04, 0.,
       3.84911285e+02, 2.42665985e+02, 0., 0., 0., 1., 0. ]
R2: !!opencv-matrix
   rows: 3
   cols: 3
   dt: f
   data: [ 9.70159709e-01, 9.07225236e-02, 2.24854499e-01,
       -8.96580741e-02, 9.95860219e-01, -1.49621014e-02, -2.25281060e-01,
       -5.64439502e-03, 9.74277496e-01 ]
