%YAML:1.0
---
Q: !!opencv-matrix
   rows: 4
   cols: 4
   dt: f
   data: [ 1., 0., 0., -2.92699432e+02, 0., 1., 0., -2.34203674e+02, 0.,
       0., 0., 3.60592560e+02, 0., 0., 5.45042241e-03, 0. ]
R: !!opencv-matrix
   rows: 3
   cols: 3
   dt: d
   data: [ 9.9247427666990584e-01, 1.4445818462314519e-02,
       4.7106678971670073e-03, -9.0059017251834864e-03,
       9.9125961493691639e-01, 9.6397534847077002e-03,
       1.5361436024035752e-03, 4.4141747559086012e-03,
       1.0080996094504504e+00 ]
T: !!opencv-matrix
   rows: 3
   cols: 1
   dt: d
   data: [ -2.2328902702768147e+02, -1.4535041905234911e+00,
       -1.0769282050049061e+02 ]
E: !!opencv-matrix
   rows: 0
   cols: 0
   dt: u
   data: []
F: !!opencv-matrix
   rows: 0
   cols: 0
   dt: u
   data: []
K1: !!opencv-matrix
   rows: 3
   cols: 3
   dt: d
   data: [ 3.6627756984521932e+02, 0., 3.8060969928433269e+02, 0.,
       3.6653175179255015e+02, 2.3878059668569790e+02, 0., 0., 1. ]
D1: !!opencv-matrix
   rows: 5
   cols: 1
   dt: d
   data: [ -2.1859934914563901e-02, -9.9468572971318997e-04,
       1.6448003429794193e-03, -3.1164985765511365e-04,
       3.5195408316194161e-04 ]
P1: !!opencv-matrix
   rows: 3
   cols: 4
   dt: f
   data: [ 3.60592560e+02, 0., 2.92699432e+02, 0., 0., 3.60592560e+02,
       2.34203674e+02, 0., 0., 0., 1., 0. ]
R1: !!opencv-matrix
   rows: 3
   cols: 3
   dt: f
   data: [ 9.93072152e-01, 5.07501923e-02, 1.05981708e-01,
       -5.12403287e-02, 9.98684525e-01, 1.90515420e-03, -1.05745606e-01,
       -7.32249301e-03, 9.94366229e-01 ]
K2: !!opencv-matrix
   rows: 3
   cols: 3
   dt: d
   data: [ 3.6687495098581172e+02, 0., 3.7621769200552956e+02, 0.,
       3.6726361788508825e+02, 2.2399932895774910e+02, 0., 0., 1. ]
D2: !!opencv-matrix
   rows: 5
   cols: 1
   dt: d
   data: [ -2.2201337830972428e-02, -1.1445843221826492e-03,
       2.9199201696882579e-04, -7.1705872414221615e-04,
       5.1284674356775366e-04 ]
P2: !!opencv-matrix
   rows: 3
   cols: 4
   dt: f
   data: [ 3.60592560e+02, 0., 2.92699432e+02, -6.61586484e+04, 0.,
       3.60592560e+02, 2.34203674e+02, 0., 0., 0., 1., 0. ]
R2: !!opencv-matrix
   rows: 3
   cols: 3
   dt: f
   data: [ 9.93283331e-01, 4.24410291e-02, 1.07642978e-01,
       -4.19422276e-02, 9.99096274e-01, -6.89461548e-03, -1.07838310e-01,
       2.33352045e-03, 9.94165719e-01 ]
