%YAML:1.0
---
Q: !!opencv-matrix
   rows: 4
   cols: 4
   dt: f
   data: [ 1., 0., 0., 1.30342529e+02, 0., 1., 0., -2.31470856e+02, 0.,
       0., 0., 8.05867004e+01, 0., 0., 4.03377181e-03, 0. ]
R: !!opencv-matrix
   rows: 3
   cols: 3
   dt: d
   data: [ 1.0713145387664778e+00, 3.9986289800275814e-03,
       -6.7139505588273252e-02, -1.7767608551892661e-02,
       1.0049269102548282e+00, 2.2138011446899891e-02,
       4.8503209992394880e-02, -2.7962013672117779e-02,
       9.3694119026511014e-01 ]
T: !!opencv-matrix
   rows: 3
   cols: 1
   dt: d
   data: [ -1.1476884854029021e+02, -6.3893644696043443e+00,
       4.4370510276861005e+01 ]
E: !!opencv-matrix
   rows: 0
   cols: 0
   dt: u
   data: []
F: !!opencv-matrix
   rows: 0
   cols: 0
   dt: u
   data: []
K1: !!opencv-matrix
   rows: 3
   cols: 3
   dt: d
   data: [ 3.6627756984521932e+02, 0., 3.8060969928433269e+02, 0.,
       3.6653175179255015e+02, 2.3878059668569790e+02, 0., 0., 1. ]
D1: !!opencv-matrix
   rows: 5
   cols: 1
   dt: d
   data: [ -2.1859934914563901e-02, -9.9468572971318997e-04,
       1.6448003429794193e-03, -3.1164985765511365e-04,
       3.5195408316194161e-04 ]
P1: !!opencv-matrix
   rows: 3
   cols: 4
   dt: f
   data: [ 8.05867004e+01, 0., -1.30342529e+02, 0., 0., 8.05867004e+01,
       2.31470856e+02, 0., 0., 0., 1., 0. ]
R1: !!opencv-matrix
   rows: 3
   cols: 3
   dt: f
   data: [ 8.99900734e-01, 1.53605491e-02, 4.35824126e-01,
       -1.65215861e-02, 9.99862850e-01, -1.12580834e-03, -4.35781658e-01,
       -6.18739054e-03, 9.00031149e-01 ]
K2: !!opencv-matrix
   rows: 3
   cols: 3
   dt: d
   data: [ 3.6687495098581172e+02, 0., 3.7621769200552956e+02, 0.,
       3.6726361788508825e+02, 2.2399932895774910e+02, 0., 0., 1. ]
D2: !!opencv-matrix
   rows: 5
   cols: 1
   dt: d
   data: [ -2.2201337830972428e-02, -1.1445843221826492e-03,
       2.9199201696882579e-04, -7.1705872414221615e-04,
       5.1284674356775366e-04 ]
P2: !!opencv-matrix
   rows: 3
   cols: 4
   dt: f
   data: [ 8.05867004e+01, 0., -1.30342529e+02, -19978., 0.,
       8.05867004e+01, 2.31470856e+02, 0., 0., 0., 1., 0. ]
R2: !!opencv-matrix
   rows: 3
   cols: 3
   dt: f
   data: [ 9.00696993e-01, 5.86310448e-03, 4.34408277e-01,
       -4.70600603e-03, 9.99981940e-01, -3.73913930e-03, -4.34422344e-01,
       1.32350356e-03, 9.00708318e-01 ]
