%YAML:1.0
---
Q: !!opencv-matrix
   rows: 4
   cols: 4
   dt: f
   data: [ 1., 0., 0., -3.31865662e+02, 0., 1., 0., -2.33281097e+02, 0.,
       0., 0., 3.59567780e+02, 0., 0., 4.93378798e-03, 0. ]
R: !!opencv-matrix
   rows: 3
   cols: 3
   dt: d
   data: [ 1.0001534777670298e+00, 1.1197910396955118e-02,
       -8.0862188887574973e-04, -9.6295062114972654e-03,
       9.9937755961889574e-01, 1.1086291642987725e-02,
       1.7719270789655405e-03, -7.6961617829793159e-03,
       9.9980146478814869e-01 ]
T: !!opencv-matrix
   rows: 3
   cols: 1
   dt: d
   data: [ -2.0210178730996796e+02, -9.7236547697212163e+00,
       -1.1879919672839417e+01 ]
E: !!opencv-matrix
   rows: 0
   cols: 0
   dt: u
   data: []
F: !!opencv-matrix
   rows: 0
   cols: 0
   dt: u
   data: []
K1: !!opencv-matrix
   rows: 3
   cols: 3
   dt: d
   data: [ 3.6627756984521932e+02, 0., 3.8060969928433269e+02, 0.,
       3.6653175179255015e+02, 2.3878059668569790e+02, 0., 0., 1. ]
D1: !!opencv-matrix
   rows: 5
   cols: 1
   dt: d
   data: [ -2.1859934914563901e-02, -9.9468572971318997e-04,
       1.6448003429794193e-03, -3.1164985765511365e-04,
       3.5195408316194161e-04 ]
P1: !!opencv-matrix
   rows: 3
   cols: 4
   dt: f
   data: [ 3.59567780e+02, 0., 3.31865662e+02, 0., 0., 3.59567780e+02,
       2.33281097e+02, 0., 0., 0., 1., 0. ]
R1: !!opencv-matrix
   rows: 3
   cols: 3
   dt: f
   data: [ 9.96652067e-01, 5.78139909e-02, 5.78113832e-02,
       -5.80947362e-02, 9.98305976e-01, 3.18602193e-03, -5.75292520e-02,
       -6.53389236e-03, 9.98322427e-01 ]
K2: !!opencv-matrix
   rows: 3
   cols: 3
   dt: d
   data: [ 3.6687495098581172e+02, 0., 3.7621769200552956e+02, 0.,
       3.6726361788508825e+02, 2.2399932895774910e+02, 0., 0., 1. ]
D2: !!opencv-matrix
   rows: 5
   cols: 1
   dt: d
   data: [ -2.2201337830972428e-02, -1.1445843221826492e-03,
       2.9199201696882579e-04, -7.1705872414221615e-04,
       5.1284674356775366e-04 ]
P2: !!opencv-matrix
   rows: 3
   cols: 4
   dt: f
   data: [ 3.59567780e+02, 0., 3.31865662e+02, -7.28786484e+04, 0.,
       3.59567780e+02, 2.33281097e+02, 0., 0., 0., 1., 0. ]
R2: !!opencv-matrix
   rows: 3
   cols: 3
   dt: f
   data: [ 9.97127354e-01, 4.79744487e-02, 5.86130060e-02,
       -4.76885810e-02, 9.98842597e-01, -6.26712292e-03, -5.88458255e-02,
       3.45394854e-03, 9.98261094e-01 ]
