%YAML:1.0
---
Q: !!opencv-matrix
   rows: 4
   cols: 4
   dt: f
   data: [ 1., 0., 0., -2.84072388e+02, 0., 1., 0., -2.37186646e+02, 0.,
       0., 0., 3.76503723e+02, 0., 0., 5.12302574e-03, 0. ]
R: !!opencv-matrix
   rows: 3
   cols: 3
   dt: d
   data: [ 9.9933496431351565e-01, 9.6220813876902820e-03,
       -2.4646617236486427e-03, -9.6629500209130682e-03,
       9.9915370320180397e-01, 1.1998223717616026e-02,
       1.8337027423203311e-03, -6.7789405843785792e-03,
       1.0005092822980262e+00 ]
T: !!opencv-matrix
   rows: 3
   cols: 1
   dt: d
   data: [ -1.9817741050670477e+02, -1.6838542654747794e+01,
       -2.3937321411442223e+01 ]
E: !!opencv-matrix
   rows: 0
   cols: 0
   dt: u
   data: []
F: !!opencv-matrix
   rows: 0
   cols: 0
   dt: u
   data: []
K1: !!opencv-matrix
   rows: 3
   cols: 3
   dt: d
   data: [ 3.6627756984521932e+02, 0., 3.8060969928433269e+02, 0.,
       3.6653175179255015e+02, 2.3878059668569790e+02, 0., 0., 1. ]
D1: !!opencv-matrix
   rows: 5
   cols: 1
   dt: d
   data: [ -2.1859934914563901e-02, -9.9468572971318997e-04,
       1.6448003429794193e-03, -3.1164985765511365e-04,
       3.5195408316194161e-04 ]
P1: !!opencv-matrix
   rows: 3
   cols: 4
   dt: f
   data: [ 3.76503723e+02, 0., 2.84072388e+02, 0., 0., 3.76503723e+02,
       2.37186646e+02, 0., 0., 0., 1., 0. ]
R1: !!opencv-matrix
   rows: 3
   cols: 3
   dt: f
   data: [ 9.88487124e-01, 9.70441326e-02, 1.16084799e-01,
       -9.76282507e-02, 9.95222747e-01, -6.56897202e-04, -1.15593985e-01,
       -1.06838215e-02, 9.93239105e-01 ]
K2: !!opencv-matrix
   rows: 3
   cols: 3
   dt: d
   data: [ 3.6687495098581172e+02, 0., 3.7621769200552956e+02, 0.,
       3.6726361788508825e+02, 2.2399932895774910e+02, 0., 0., 1. ]
D2: !!opencv-matrix
   rows: 5
   cols: 1
   dt: d
   data: [ -2.2201337830972428e-02, -1.1445843221826492e-03,
       2.9199201696882579e-04, -7.1705872414221615e-04,
       5.1284674356775366e-04 ]
P2: !!opencv-matrix
   rows: 3
   cols: 4
   dt: f
   data: [ 3.76503723e+02, 0., 2.84072388e+02, -7.34924453e+04, 0.,
       3.76503723e+02, 2.37186646e+02, 0., 0., 0., 1., 0. ]
R2: !!opencv-matrix
   rows: 3
   cols: 3
   dt: f
   data: [ 9.89069462e-01, 8.88519362e-02, 1.17672898e-01,
       -8.82575288e-02, 9.96044815e-01, -1.02630462e-02, -1.18119366e-01,
       -2.34653140e-04, 9.92999375e-01 ]
