%YAML:1.0
---
Q: !!opencv-matrix
   rows: 4
   cols: 4
   dt: f
   data: [ 1., 0., 0., -3.88578583e+02, 0., 1., 0., -2.31556854e+02, 0.,
       0., 0., 3.59744598e+02, 0., 0., 5.70669724e-03, 0. ]
R: !!opencv-matrix
   rows: 3
   cols: 3
   dt: d
   data: [ 1.0007847255777353e+00, 8.4707778657400843e-03,
       -2.2869605669802984e-03, -9.7719582325940003e-03,
       1.0020252519290036e+00, 1.0886480022256969e-02,
       2.5797420798740712e-03, -1.1288629169911623e-02,
       9.9974044690691921e-01 ]
T: !!opencv-matrix
   rows: 3
   cols: 1
   dt: d
   data: [ -1.8232489695491375e+02, -7.3709967092622533e+00,
       1.0502758411864791e+01 ]
E: !!opencv-matrix
   rows: 0
   cols: 0
   dt: u
   data: []
F: !!opencv-matrix
   rows: 0
   cols: 0
   dt: u
   data: []
K1: !!opencv-matrix
   rows: 3
   cols: 3
   dt: d
   data: [ 3.6627756984521932e+02, 0., 3.8060969928433269e+02, 0.,
       3.6653175179255015e+02, 2.3878059668569790e+02, 0., 0., 1. ]
D1: !!opencv-matrix
   rows: 5
   cols: 1
   dt: d
   data: [ -2.1859934914563901e-02, -9.9468572971318997e-04,
       1.6448003429794193e-03, -3.1164985765511365e-04,
       3.5195408316194161e-04 ]
P1: !!opencv-matrix
   rows: 3
   cols: 4
   dt: f
   data: [ 3.59744598e+02, 0., 3.88578583e+02, 0., 0., 3.59744598e+02,
       2.31556854e+02, 0., 0., 0., 1., 0. ]
R1: !!opencv-matrix
   rows: 3
   cols: 3
   dt: f
   data: [ 9.99249160e-01, 3.56387123e-02, -1.51993912e-02,
       -3.55595723e-02, 9.99352694e-01, 5.44562237e-03, 1.53836282e-02,
       -4.90104966e-03, 9.99869645e-01 ]
K2: !!opencv-matrix
   rows: 3
   cols: 3
   dt: d
   data: [ 3.6687495098581172e+02, 0., 3.7621769200552956e+02, 0.,
       3.6726361788508825e+02, 2.2399932895774910e+02, 0., 0., 1. ]
D2: !!opencv-matrix
   rows: 5
   cols: 1
   dt: d
   data: [ -2.2201337830972428e-02, -1.1445843221826492e-03,
       2.9199201696882579e-04, -7.1705872414221615e-04,
       5.1284674356775366e-04 ]
P2: !!opencv-matrix
   rows: 3
   cols: 4
   dt: f
   data: [ 3.59744598e+02, 0., 3.88578583e+02, -6.30390195e+04, 0.,
       3.59744598e+02, 2.31556854e+02, 0., 0., 0., 1., 0. ]
R2: !!opencv-matrix
   rows: 3
   cols: 3
   dt: f
   data: [ 9.99557674e-01, 2.69128550e-02, -1.26551967e-02,
       -2.69779824e-02, 9.99623477e-01, -5.00413636e-03, 1.25157572e-02,
       5.34333428e-03, 9.99907374e-01 ]
