%YAML:1.0
---
Q: !!opencv-matrix
   rows: 4
   cols: 4
   dt: f
   data: [ 1., 0., 0., -3.82954712e+02, 0., 1., 0., -2.32164474e+02, 0.,
       0., 0., 3.61183746e+02, 0., 0., 5.34909917e-03, 0. ]
R: !!opencv-matrix
   rows: 3
   cols: 3
   dt: d
   data: [ 9.9947690190328964e-01, 9.7115366468643344e-03,
       -3.1316971041628954e-03, -9.6705727336045960e-03,
       9.9959152124660511e-01, 9.2305271456348762e-03,
       3.2427903011363803e-03, -9.2007979897446388e-03,
       9.9963348408453867e-01 ]
T: !!opencv-matrix
   rows: 3
   cols: 1
   dt: d
   data: [ -1.8657199891583559e+02, 1.1189299067868657e+01,
       7.5629043669850182e-01 ]
E: !!opencv-matrix
   rows: 0
   cols: 0
   dt: u
   data: []
F: !!opencv-matrix
   rows: 0
   cols: 0
   dt: u
   data: []
K1: !!opencv-matrix
   rows: 3
   cols: 3
   dt: d
   data: [ 3.6627756984521932e+02, 0., 3.8060969928433269e+02, 0.,
       3.6653175179255015e+02, 2.3878059668569790e+02, 0., 0., 1. ]
D1: !!opencv-matrix
   rows: 5
   cols: 1
   dt: d
   data: [ -2.1859934914563901e-02, -9.9468572971318997e-04,
       1.6448003429794193e-03, -3.1164985765511365e-04,
       3.5195408316194161e-04 ]
P1: !!opencv-matrix
   rows: 3
   cols: 4
   dt: f
   data: [ 3.61183746e+02, 0., 3.82954712e+02, 0., 0., 3.61183746e+02,
       2.32164474e+02, 0., 0., 0., 1., 0. ]
R1: !!opencv-matrix
   rows: 3
   cols: 3
   dt: f
   data: [ 9.98712063e-01, -5.01448140e-02, -7.72781251e-03,
       5.01794629e-02, 9.98730719e-01, 4.35682479e-03, 7.49953138e-03,
       -4.73899115e-03, 9.99960661e-01 ]
K2: !!opencv-matrix
   rows: 3
   cols: 3
   dt: d
   data: [ 3.6687495098581172e+02, 0., 3.7621769200552956e+02, 0.,
       3.6726361788508825e+02, 2.2399932895774910e+02, 0., 0., 1. ]
D2: !!opencv-matrix
   rows: 5
   cols: 1
   dt: d
   data: [ -2.2201337830972428e-02, -1.1445843221826492e-03,
       2.9199201696882579e-04, -7.1705872414221615e-04,
       5.1284674356775366e-04 ]
P2: !!opencv-matrix
   rows: 3
   cols: 4
   dt: f
   data: [ 3.61183746e+02, 0., 3.82954712e+02, -6.75223516e+04, 0.,
       3.61183746e+02, 2.32164474e+02, 0., 0., 0., 1., 0. ]
R2: !!opencv-matrix
   rows: 3
   cols: 3
   dt: f
   data: [ 9.98198271e-01, -5.98650314e-02, -4.04627575e-03,
       5.98459952e-02, 9.98196661e-01, -4.67260927e-03, 4.31870483e-03,
       4.42203740e-03, 9.99980927e-01 ]
