%YAML:1.0
---
Q: !!opencv-matrix
   rows: 4
   cols: 4
   dt: f
   data: [ 1., 0., 0., -3.83241852e+02, 0., 1., 0., -2.32334213e+02, 0.,
       0., 0., 3.66903870e+02, 0., 0., 5.38448198e-03, 0. ]
R: !!opencv-matrix
   rows: 3
   cols: 3
   dt: d
   data: [ 9.9962174673246551e-01, 9.7365748544230961e-03,
       -3.1259743718606726e-03, -9.6660784543444490e-03,
       9.9975542830026387e-01, 9.2308924805355446e-03,
       3.2431787863253683e-03, -9.2023144946099759e-03,
       9.9979968573319966e-01 ]
T: !!opencv-matrix
   rows: 3
   cols: 1
   dt: d
   data: [ -1.8495657936686558e+02, 1.6230903885024290e+01,
       7.4894397142295832e-01 ]
E: !!opencv-matrix
   rows: 0
   cols: 0
   dt: u
   data: []
F: !!opencv-matrix
   rows: 0
   cols: 0
   dt: u
   data: []
K1: !!opencv-matrix
   rows: 3
   cols: 3
   dt: d
   data: [ 3.6627756984521932e+02, 0., 3.8060969928433269e+02, 0.,
       3.6653175179255015e+02, 2.3878059668569790e+02, 0., 0., 1. ]
D1: !!opencv-matrix
   rows: 5
   cols: 1
   dt: d
   data: [ -2.1859934914563901e-02, -9.9468572971318997e-04,
       1.6448003429794193e-03, -3.1164985765511365e-04,
       3.5195408316194161e-04 ]
P1: !!opencv-matrix
   rows: 3
   cols: 4
   dt: f
   data: [ 3.66903870e+02, 0., 3.83241852e+02, 0., 0., 3.66903870e+02,
       2.32334213e+02, 0., 0., 0., 1., 0. ]
R1: !!opencv-matrix
   rows: 3
   cols: 3
   dt: f
   data: [ 9.96944368e-01, -7.77088106e-02, -7.95516092e-03,
       7.77440369e-02, 9.96964455e-01, 4.21826867e-03, 7.60321552e-03,
       -4.82384535e-03, 9.99959469e-01 ]
K2: !!opencv-matrix
   rows: 3
   cols: 3
   dt: d
   data: [ 3.6687495098581172e+02, 0., 3.7621769200552956e+02, 0.,
       3.6726361788508825e+02, 2.2399932895774910e+02, 0., 0., 1. ]
D2: !!opencv-matrix
   rows: 5
   cols: 1
   dt: d
   data: [ -2.2201337830972428e-02, -1.1445843221826492e-03,
       2.9199201696882579e-04, -7.1705872414221615e-04,
       5.1284674356775366e-04 ]
P2: !!opencv-matrix
   rows: 3
   cols: 4
   dt: f
   data: [ 3.66903870e+02, 0., 3.83241852e+02, -6.81409766e+04, 0.,
       3.66903870e+02, 2.32334213e+02, 0., 0., 0., 1., 0. ]
R2: !!opencv-matrix
   rows: 3
   cols: 3
   dt: f
   data: [ 9.96163487e-01, -8.74185413e-02, -4.03372478e-03,
       8.73993710e-02, 9.96162236e-01, -4.70547192e-03, 4.42958996e-03,
       4.33487399e-03, 9.99980807e-01 ]
