%YAML:1.0
---
Q: !!opencv-matrix
   rows: 4
   cols: 4
   dt: f
   data: [ 1., 0., 0., -3.82961273e+02, 0., 1., 0., -2.32164429e+02, 0.,
       0., 0., 3.61194183e+02, 0., 0., 5.35108289e-03, 0. ]
R: !!opencv-matrix
   rows: 3
   cols: 3
   dt: d
   data: [ 9.9960285368112700e-01, 9.7915625775963164e-03,
       -3.1471724955602410e-03, -9.6807611687122208e-03,
       9.9953430352975770e-01, 9.2309811694715350e-03,
       3.2418984750828589e-03, -9.2006412504360129e-03,
       9.9958115393290325e-01 ]
T: !!opencv-matrix
   rows: 3
   cols: 1
   dt: d
   data: [ -1.8653814337115833e+02, 1.1187269340064331e+01,
       7.5616638573310990e-01 ]
E: !!opencv-matrix
   rows: 0
   cols: 0
   dt: u
   data: []
F: !!opencv-matrix
   rows: 0
   cols: 0
   dt: u
   data: []
K1: !!opencv-matrix
   rows: 3
   cols: 3
   dt: d
   data: [ 3.6627756984521932e+02, 0., 3.8060969928433269e+02, 0.,
       3.6653175179255015e+02, 2.3878059668569790e+02, 0., 0., 1. ]
D1: !!opencv-matrix
   rows: 5
   cols: 1
   dt: d
   data: [ -2.1859934914563901e-02, -9.9468572971318997e-04,
       1.6448003429794193e-03, -3.1164985765511365e-04,
       3.5195408316194161e-04 ]
P1: !!opencv-matrix
   rows: 3
   cols: 4
   dt: f
   data: [ 3.61194183e+02, 0., 3.82961273e+02, 0., 0., 3.61194183e+02,
       2.32164429e+02, 0., 0., 0., 1., 0. ]
R1: !!opencv-matrix
   rows: 3
   cols: 3
   dt: f
   data: [ 9.98714924e-01, -5.00855744e-02, -7.74432579e-03,
       5.01203015e-02, 9.98733699e-01, 4.35695797e-03, 7.51629844e-03,
       -4.73950710e-03, 9.99960542e-01 ]
K2: !!opencv-matrix
   rows: 3
   cols: 3
   dt: d
   data: [ 3.6687495098581172e+02, 0., 3.7621769200552956e+02, 0.,
       3.6726361788508825e+02, 2.2399932895774910e+02, 0., 0., 1. ]
D2: !!opencv-matrix
   rows: 5
   cols: 1
   dt: d
   data: [ -2.2201337830972428e-02, -1.1445843221826492e-03,
       2.9199201696882579e-04, -7.1705872414221615e-04,
       5.1284674356775366e-04 ]
P2: !!opencv-matrix
   rows: 3
   cols: 4
   dt: f
   data: [ 3.61194183e+02, 0., 3.82961273e+02, -6.74992656e+04, 0.,
       3.61194183e+02, 2.32164429e+02, 0., 0., 0., 1., 0. ]
R2: !!opencv-matrix
   rows: 3
   cols: 3
   dt: f
   data: [ 9.98198271e-01, -5.98650388e-02, -4.04637866e-03,
       5.98459989e-02, 9.98196661e-01, -4.67293430e-03, 4.31882730e-03,
       4.42235544e-03, 9.99980867e-01 ]
