%YAML:1.0
---
Q: !!opencv-matrix
   rows: 4
   cols: 4
   dt: f
   data: [ 1., 0., 0., -3.82674927e+02, 0., 1., 0., -2.32002274e+02, 0.,
       0., 0., 3.57435181e+02, 0., 0., 5.32080699e-03, 0. ]
R: !!opencv-matrix
   rows: 3
   cols: 3
   dt: d
   data: [ 9.9970184716724275e-01, 9.9574421373042257e-03,
       -3.1947018754662402e-03, -9.6889596508675565e-03,
       9.9927634838226453e-01, 9.2303026586118588e-03,
       3.2396384178737369e-03, -9.1988449644266630e-03,
       9.9932647899260418e-01 ]
T: !!opencv-matrix
   rows: 3
   cols: 1
   dt: d
   data: [ -1.8787654876773669e+02, 6.0482104995554327e+00,
       7.6148675603800653e-01 ]
E: !!opencv-matrix
   rows: 0
   cols: 0
   dt: u
   data: []
F: !!opencv-matrix
   rows: 0
   cols: 0
   dt: u
   data: []
K1: !!opencv-matrix
   rows: 3
   cols: 3
   dt: d
   data: [ 3.6627756984521932e+02, 0., 3.8060969928433269e+02, 0.,
       3.6653175179255015e+02, 2.3878059668569790e+02, 0., 0., 1. ]
D1: !!opencv-matrix
   rows: 5
   cols: 1
   dt: d
   data: [ -2.1859934914563901e-02, -9.9468572971318997e-04,
       1.6448003429794193e-03, -3.1164985765511365e-04,
       3.5195408316194161e-04 ]
P1: !!opencv-matrix
   rows: 3
   cols: 4
   dt: f
   data: [ 3.57435181e+02, 0., 3.82674927e+02, 0., 0., 3.57435181e+02,
       2.32002274e+02, 0., 0., 0., 1., 0. ]
R1: !!opencv-matrix
   rows: 3
   cols: 3
   dt: f
   data: [ 9.99723792e-01, -2.22606063e-02, -7.53696822e-03,
       2.22948492e-02, 9.99741375e-01, 4.49018972e-03, 7.43506430e-03,
       -4.65698494e-03, 9.99961495e-01 ]
K2: !!opencv-matrix
   rows: 3
   cols: 3
   dt: d
   data: [ 3.6687495098581172e+02, 0., 3.7621769200552956e+02, 0.,
       3.6726361788508825e+02, 2.2399932895774910e+02, 0., 0., 1. ]
D2: !!opencv-matrix
   rows: 5
   cols: 1
   dt: d
   data: [ -2.2201337830972428e-02, -1.1445843221826492e-03,
       2.9199201696882579e-04, -7.1705872414221615e-04,
       5.1284674356775366e-04 ]
P2: !!opencv-matrix
   rows: 3
   cols: 4
   dt: f
   data: [ 3.57435181e+02, 0., 3.82674927e+02, -6.71768750e+04, 0.,
       3.57435181e+02, 2.32002274e+02, 0., 0., 0., 1., 0. ]
R2: !!opencv-matrix
   rows: 3
   cols: 3
   dt: f
   data: [ 9.99474049e-01, -3.21755409e-02, -4.05102782e-03,
       3.21566723e-02, 9.99472082e-01, -4.63965582e-03, 4.19817260e-03,
       4.50694794e-03, 9.99981046e-01 ]
