%YAML:1.0
---
Q: !!opencv-matrix
   rows: 4
   cols: 4
   dt: f
   data: [ 1., 0., 0., -3.82659241e+02, 0., 1., 0., -2.32002655e+02, 0.,
       0., 0., 3.57408112e+02, 0., 0., 5.32328803e-03, 0. ]
R: !!opencv-matrix
   rows: 3
   cols: 3
   dt: d
   data: [ 9.9948353634151732e-01, 9.7633031424808406e-03,
       -3.1467713595258969e-03, -9.6790533015514973e-03,
       9.9941050817572097e-01, 9.2299278470934186e-03,
       3.2414535744679047e-03, -9.1992299761460179e-03,
       9.9945416620272953e-01 ]
T: !!opencv-matrix
   rows: 3
   cols: 1
   dt: d
   data: [ -1.8773635621681316e+02, 6.0436965151351929e+00,
       7.6088895696977388e-01 ]
E: !!opencv-matrix
   rows: 0
   cols: 0
   dt: u
   data: []
F: !!opencv-matrix
   rows: 0
   cols: 0
   dt: u
   data: []
K1: !!opencv-matrix
   rows: 3
   cols: 3
   dt: d
   data: [ 3.6627756984521932e+02, 0., 3.8060969928433269e+02, 0.,
       3.6653175179255015e+02, 2.3878059668569790e+02, 0., 0., 1. ]
D1: !!opencv-matrix
   rows: 5
   cols: 1
   dt: d
   data: [ -2.1859934914563901e-02, -9.9468572971318997e-04,
       1.6448003429794193e-03, -3.1164985765511365e-04,
       3.5195408316194161e-04 ]
P1: !!opencv-matrix
   rows: 3
   cols: 4
   dt: f
   data: [ 3.57408112e+02, 0., 3.82659241e+02, 0., 0., 3.57408112e+02,
       2.32002655e+02, 0., 0., 0., 1., 0. ]
R1: !!opencv-matrix
   rows: 3
   cols: 3
   dt: f
   data: [ 9.99720991e-01, -2.23998502e-02, -7.49742286e-03,
       2.24339068e-02, 9.99738276e-01, 4.48962953e-03, 7.39489309e-03,
       -4.65657329e-03, 9.99961793e-01 ]
K2: !!opencv-matrix
   rows: 3
   cols: 3
   dt: d
   data: [ 3.6687495098581172e+02, 0., 3.7621769200552956e+02, 0.,
       3.6726361788508825e+02, 2.2399932895774910e+02, 0., 0., 1. ]
D2: !!opencv-matrix
   rows: 5
   cols: 1
   dt: d
   data: [ -2.2201337830972428e-02, -1.1445843221826492e-03,
       2.9199201696882579e-04, -7.1705872414221615e-04,
       5.1284674356775366e-04 ]
P2: !!opencv-matrix
   rows: 3
   cols: 4
   dt: f
   data: [ 3.57408112e+02, 0., 3.82659241e+02, -6.71404766e+04, 0.,
       3.57408112e+02, 2.32002655e+02, 0., 0., 0., 1., 0. ]
R2: !!opencv-matrix
   rows: 3
   cols: 3
   dt: f
   data: [ 9.99474049e-01, -3.21755335e-02, -4.05083410e-03,
       3.21566686e-02, 9.99472082e-01, -4.63916967e-03, 4.19796305e-03,
       4.50646831e-03, 9.99981046e-01 ]
