%YAML:1.0
---
Q: !!opencv-matrix
   rows: 4
   cols: 4
   dt: f
   data: [ 1., 0., 0., -3.83251587e+02, 0., 1., 0., -2.32334427e+02, 0.,
       0., 0., 3.66913330e+02, 0., 0., 5.38080512e-03, 0. ]
R: !!opencv-matrix
   rows: 3
   cols: 3
   dt: d
   data: [ 9.9973012063798627e-01, 9.8185321139223104e-03,
       -3.1480542436288371e-03, -9.6821369543260653e-03,
       9.9966429547149571e-01, 9.2320785709926311e-03,
       3.2421292649519526e-03, -9.2018765994368919e-03,
       9.9971590001655530e-01 ]
T: !!opencv-matrix
   rows: 3
   cols: 1
   dt: d
   data: [ -1.8514502367388783e+02, 1.6247441589088183e+01,
       7.4971987802035644e-01 ]
E: !!opencv-matrix
   rows: 0
   cols: 0
   dt: u
   data: []
F: !!opencv-matrix
   rows: 0
   cols: 0
   dt: u
   data: []
K1: !!opencv-matrix
   rows: 3
   cols: 3
   dt: d
   data: [ 3.6627756984521932e+02, 0., 3.8060969928433269e+02, 0.,
       3.6653175179255015e+02, 2.3878059668569790e+02, 0., 0., 1. ]
D1: !!opencv-matrix
   rows: 5
   cols: 1
   dt: d
   data: [ -2.1859934914563901e-02, -9.9468572971318997e-04,
       1.6448003429794193e-03, -3.1164985765511365e-04,
       3.5195408316194161e-04 ]
P1: !!opencv-matrix
   rows: 3
   cols: 4
   dt: f
   data: [ 3.66913330e+02, 0., 3.83251587e+02, 0., 0., 3.66913330e+02,
       2.32334427e+02, 0., 0., 0., 1., 0. ]
R1: !!opencv-matrix
   rows: 3
   cols: 3
   dt: f
   data: [ 9.96949255e-01, -7.76436925e-02, -7.97974691e-03,
       7.76790306e-02, 9.96969521e-01, 4.21817508e-03, 7.62804970e-03,
       -4.82516503e-03, 9.99959290e-01 ]
K2: !!opencv-matrix
   rows: 3
   cols: 3
   dt: d
   data: [ 3.6687495098581172e+02, 0., 3.7621769200552956e+02, 0.,
       3.6726361788508825e+02, 2.2399932895774910e+02, 0., 0., 1. ]
D2: !!opencv-matrix
   rows: 5
   cols: 1
   dt: d
   data: [ -2.2201337830972428e-02, -1.1445843221826492e-03,
       2.9199201696882579e-04, -7.1705872414221615e-04,
       5.1284674356775366e-04 ]
P2: !!opencv-matrix
   rows: 3
   cols: 4
   dt: f
   data: [ 3.66913330e+02, 0., 3.83251587e+02, -6.81892969e+04, 0.,
       3.66913330e+02, 2.32334427e+02, 0., 0., 0., 1., 0. ]
R2: !!opencv-matrix
   rows: 3
   cols: 3
   dt: f
   data: [ 9.96163487e-01, -8.74185413e-02, -4.03383002e-03,
       8.73993784e-02, 9.96162236e-01, -4.70608473e-03, 4.42974828e-03,
       4.33547562e-03, 9.99980807e-01 ]
