%YAML:1.0
---
Q: !!opencv-matrix
   rows: 4
   cols: 4
   dt: f
   data: [ 1., 0., 0., -3.82960175e+02, 0., 1., 0., -2.32164520e+02, 0.,
       0., 0., 3.61187958e+02, 0., 0., 5.35049243e-03, 0. ]
R: !!opencv-matrix
   rows: 3
   cols: 3
   dt: d
   data: [ 9.9955799998448769e-01, 9.7639114564220045e-03,
       -3.1460274043834430e-03, -9.6773055218504524e-03,
       9.9955119417302007e-01, 9.2310502691213773e-03,
       3.2421911020480520e-03, -9.2006690874974761e-03,
       9.9959637431369075e-01 ]
T: !!opencv-matrix
   rows: 3
   cols: 1
   dt: d
   data: [ -1.8656815920319980e+02, 1.1189069234153664e+01,
       7.5628391019568431e-01 ]
E: !!opencv-matrix
   rows: 0
   cols: 0
   dt: u
   data: []
F: !!opencv-matrix
   rows: 0
   cols: 0
   dt: u
   data: []
K1: !!opencv-matrix
   rows: 3
   cols: 3
   dt: d
   data: [ 3.6627756984521932e+02, 0., 3.8060969928433269e+02, 0.,
       3.6653175179255015e+02, 2.3878059668569790e+02, 0., 0., 1. ]
D1: !!opencv-matrix
   rows: 5
   cols: 1
   dt: d
   data: [ -2.1859934914563901e-02, -9.9468572971318997e-04,
       1.6448003429794193e-03, -3.1164985765511365e-04,
       3.5195408316194161e-04 ]
P1: !!opencv-matrix
   rows: 3
   cols: 4
   dt: f
   data: [ 3.61187958e+02, 0., 3.82960175e+02, 0., 0., 3.61187958e+02,
       2.32164520e+02, 0., 0., 0., 1., 0. ]
R1: !!opencv-matrix
   rows: 3
   cols: 3
   dt: f
   data: [ 9.98713434e-01, -5.01157828e-02, -7.74168549e-03,
       5.01504987e-02, 9.98732150e-01, 4.35681734e-03, 7.51352496e-03,
       -4.73946147e-03, 9.99960542e-01 ]
K2: !!opencv-matrix
   rows: 3
   cols: 3
   dt: d
   data: [ 3.6687495098581172e+02, 0., 3.7621769200552956e+02, 0.,
       3.6726361788508825e+02, 2.2399932895774910e+02, 0., 0., 1. ]
D2: !!opencv-matrix
   rows: 5
   cols: 1
   dt: d
   data: [ -2.2201337830972428e-02, -1.1445843221826492e-03,
       2.9199201696882579e-04, -7.1705872414221615e-04,
       5.1284674356775366e-04 ]
P2: !!opencv-matrix
   rows: 3
   cols: 4
   dt: f
   data: [ 3.61187958e+02, 0., 3.82960175e+02, -6.75055547e+04, 0.,
       3.61187958e+02, 2.32164520e+02, 0., 0., 0., 1., 0. ]
R2: !!opencv-matrix
   rows: 3
   cols: 3
   dt: f
   data: [ 9.98198271e-01, -5.98650351e-02, -4.04633489e-03,
       5.98459989e-02, 9.98196661e-01, -4.67284117e-03, 4.31877747e-03,
       4.42226510e-03, 9.99980867e-01 ]
