%YAML:1.0
---
Q: !!opencv-matrix
   rows: 4
   cols: 4
   dt: f
   data: [ 1., 0., 0., -5.91575684e+02, 0., 1., 0., 2.00234726e+02, 0.,
       0., 0., 2.92395878e+01, 0., 0., -27682830., 0. ]
R: !!opencv-matrix
   rows: 3
   cols: 3
   dt: d
   data: [ 1.1401069861995665e+00, 6.6984904354805645e-03,
       -5.4630147658358011e-02, -5.8996067460480948e-03,
       1.1370351576218904e+00, 1.0973807726859028e-02,
       3.0606831332783573e-02, 1.0216383256468201e-03,
       1.1414764360745655e+00 ]
T: !!opencv-matrix
   rows: 3
   cols: 1
   dt: d
   data: [ 5.2525757556810404e-09, 6.0841933588059010e-10,
       -7.2547458322866563e-09 ]
E: !!opencv-matrix
   rows: 0
   cols: 0
   dt: u
   data: []
F: !!opencv-matrix
   rows: 0
   cols: 0
   dt: u
   data: []
K1: !!opencv-matrix
   rows: 3
   cols: 3
   dt: d
   data: [ 3.6627756984521932e+02, 0., 3.8060969928433269e+02, 0.,
       3.6653175179255015e+02, 2.3878059668569790e+02, 0., 0., 1. ]
D1: !!opencv-matrix
   rows: 5
   cols: 1
   dt: d
   data: [ -2.1859934914563901e-02, -9.9468572971318997e-04,
       1.6448003429794193e-03, -3.1164985765511365e-04,
       3.5195408316194161e-04 ]
P1: !!opencv-matrix
   rows: 3
   cols: 4
   dt: f
   data: [ 2.92395878e+01, 0., 5.91575684e+02, 0., 0., 2.92395878e+01,
       -2.00234726e+02, 0., 0., 0., 1., 0. ]
R1: !!opencv-matrix
   rows: 3
   cols: 3
   dt: f
   data: [ 9.92852271e-01, -9.57610011e-02, 7.12331310e-02,
       9.34211984e-02, 2.52121866e-01, -9.63175476e-01, 7.42752180e-02,
       9.62945700e-01, 2.59265900e-01 ]
K2: !!opencv-matrix
   rows: 3
   cols: 3
   dt: d
   data: [ 3.6687495098581172e+02, 0., 3.7621769200552956e+02, 0.,
       3.6726361788508825e+02, 2.2399932895774910e+02, 0., 0., 1. ]
D2: !!opencv-matrix
   rows: 5
   cols: 1
   dt: d
   data: [ -2.2201337830972428e-02, -1.1445843221826492e-03,
       2.9199201696882579e-04, -7.1705872414221615e-04,
       5.1284674356775366e-04 ]
P2: !!opencv-matrix
   rows: 3
   cols: 4
   dt: f
   data: [ 2.92395878e+01, 0., 5.91575684e+02, 0., 0., 2.92395878e+01,
       -2.00234726e+02, 1.05623553e-06, 0., 0., 1., 0. ]
R2: !!opencv-matrix
   rows: 3
   cols: 3
   dt: f
   data: [ 9.91746664e-01, -1.01182915e-01, 7.87439495e-02,
       1.03493758e-01, 2.69240886e-01, -9.57495868e-01, 7.56811351e-02,
       9.57742870e-01, 2.77490526e-01 ]
