%YAML:1.0
---
Q: !!opencv-matrix
   rows: 4
   cols: 4
   dt: f
   data: [ 1., 0., 0., -3.14087463e+02, 0., 1., 0., -2.47589935e+02, 0.,
       0., 0., -1.52873306e+01, 0., 0., 32304104., 0. ]
R: !!opencv-matrix
   rows: 3
   cols: 3
   dt: d
   data: [ 4.6022428450122490e+00, 6.3542012606246645e-02,
       -2.6249552581454694e-01, 5.2752450038440250e-02,
       4.6739731044439274e+00, 5.4765208734654278e-02,
       -1.7987276731401461e-01, -2.6771431903789300e-01,
       4.6885392621473629e+00 ]
T: !!opencv-matrix
   rows: 3
   cols: 1
   dt: d
   data: [ 5.6186550480858620e-08, -4.9123167557121660e-08,
       5.2755254948591323e-07 ]
E: !!opencv-matrix
   rows: 0
   cols: 0
   dt: u
   data: []
F: !!opencv-matrix
   rows: 0
   cols: 0
   dt: u
   data: []
K1: !!opencv-matrix
   rows: 3
   cols: 3
   dt: d
   data: [ 3.6627756984521932e+02, 0., 3.8060969928433269e+02, 0.,
       3.6653175179255015e+02, 2.3878059668569790e+02, 0., 0., 1. ]
D1: !!opencv-matrix
   rows: 5
   cols: 1
   dt: d
   data: [ -2.1859934914563901e-02, -9.9468572971318997e-04,
       1.6448003429794193e-03, -3.1164985765511365e-04,
       3.5195408316194161e-04 ]
P1: !!opencv-matrix
   rows: 3
   cols: 4
   dt: f
   data: [ -1.52873306e+01, 0., 3.14087463e+02, 0., 0., -1.52873306e+01,
       2.47589935e+02, 0., 0., 0., 1., 0. ]
R1: !!opencv-matrix
   rows: 3
   cols: 3
   dt: f
   data: [ 6.08915687e-02, 2.33305953e-02, -9.97871697e-01,
       -1.61431897e-02, 9.99619067e-01, 2.23863684e-02, 9.98013854e-01,
       1.47456899e-02, 6.12450019e-02 ]
K2: !!opencv-matrix
   rows: 3
   cols: 3
   dt: d
   data: [ 3.6687495098581172e+02, 0., 3.7621769200552956e+02, 0.,
       3.6726361788508825e+02, 2.2399932895774910e+02, 0., 0., 1. ]
D2: !!opencv-matrix
   rows: 5
   cols: 1
   dt: d
   data: [ -2.2201337830972428e-02, -1.1445843221826492e-03,
       2.9199201696882579e-04, -7.1705872414221615e-04,
       5.1284674356775366e-04 ]
P2: !!opencv-matrix
   rows: 3
   cols: 4
   dt: f
   data: [ -1.52873306e+01, 0., 3.14087463e+02, 4.73231836e-07, 0.,
       -1.52873306e+01, 2.47589935e+02, 0., 0., 0., 1., 0. ]
R2: !!opencv-matrix
   rows: 3
   cols: 3
   dt: f
   data: [ 1.19641535e-01, 4.13362170e-03, -9.92808521e-01,
       -1.10937329e-02, 9.99934494e-01, 2.82640546e-03, 9.92755175e-01,
       1.06757972e-02, 1.19679555e-01 ]
