%YAML:1.0
---
Q: !!opencv-matrix
   rows: 4
   cols: 4
   dt: f
   data: [ 1., 0., 0., -3.88663818e+02, 0., 1., 0., -2.31833862e+02, 0.,
       0., 0., 3.56276276e+02, 0., 0., 1.06935930e+01, 0. ]
R: !!opencv-matrix
   rows: 3
   cols: 3
   dt: d
   data: [ 1.0902247199088346e+00, 9.0095442083177445e-03,
       -3.8493373507290873e-02, -1.0525226470829981e-02,
       1.0841823253381084e+00, 1.0167649751652293e-02,
       3.4924007565011856e-03, -9.9734953205787256e-03,
       1.0843631865975065e+00 ]
T: !!opencv-matrix
   rows: 3
   cols: 1
   dt: d
   data: [ -9.3512261148998022e-02, 4.1245118301900776e-04,
       3.7957034861000255e-04 ]
E: !!opencv-matrix
   rows: 0
   cols: 0
   dt: u
   data: []
F: !!opencv-matrix
   rows: 0
   cols: 0
   dt: u
   data: []
K1: !!opencv-matrix
   rows: 3
   cols: 3
   dt: d
   data: [ 3.6627756984521932e+02, 0., 3.8060969928433269e+02, 0.,
       3.6653175179255015e+02, 2.3878059668569790e+02, 0., 0., 1. ]
D1: !!opencv-matrix
   rows: 5
   cols: 1
   dt: d
   data: [ -2.1859934914563901e-02, -9.9468572971318997e-04,
       1.6448003429794193e-03, -3.1164985765511365e-04,
       3.5195408316194161e-04 ]
P1: !!opencv-matrix
   rows: 3
   cols: 4
   dt: f
   data: [ 3.56276276e+02, 0., 3.88663818e+02, 0., 0., 3.56276276e+02,
       2.31833862e+02, 0., 0., 0., 1., 0. ]
R1: !!opencv-matrix
   rows: 3
   cols: 3
   dt: f
   data: [ 9.99716520e-01, 4.62380238e-03, -2.33571343e-02,
       -4.51692287e-03, 9.99979079e-01, 4.62656794e-03, 2.33780388e-02,
       -4.51975409e-03, 9.99716461e-01 ]
K2: !!opencv-matrix
   rows: 3
   cols: 3
   dt: d
   data: [ 3.6687495098581172e+02, 0., 3.7621769200552956e+02, 0.,
       3.6726361788508825e+02, 2.2399932895774910e+02, 0., 0., 1. ]
D2: !!opencv-matrix
   rows: 5
   cols: 1
   dt: d
   data: [ -2.2201337830972428e-02, -1.1445843221826492e-03,
       2.9199201696882579e-04, -7.1705872414221615e-04,
       5.1284674356775366e-04 ]
P2: !!opencv-matrix
   rows: 3
   cols: 4
   dt: f
   data: [ 3.56276276e+02, 0., 3.88663818e+02, -3.33167992e+01, 0.,
       3.56276276e+02, 2.31833862e+02, 0., 0., 0., 1., 0. ]
R2: !!opencv-matrix
   rows: 3
   cols: 3
   dt: f
   data: [ 9.99982059e-01, -4.41058492e-03, -4.05897060e-03,
       4.39197524e-03, 9.99979854e-01, -4.58241953e-03, 4.07910021e-03,
       4.56451019e-03, 9.99981284e-01 ]
