%YAML:1.0
---
Q: !!opencv-matrix
   rows: 4
   cols: 4
   dt: f
   data: [ 1., 0., 0., -1.74805313e+02, 0., 1., 0., -2.14182983e+02, 0.,
       0., 0., 4.29464813e+02, 0., 0., -17248512., 0. ]
R: !!opencv-matrix
   rows: 3
   cols: 3
   dt: d
   data: [ 3.7265239694211956e+00, 3.3986023132073084e-01,
       -2.9777540778606698e-01, 7.1527555260511619e-02,
       4.2225771089045470e+00, 9.7113584337205933e-02,
       7.2796822143435980e-01, -6.2951429446662843e-01,
       4.0512890775408268e+00 ]
T: !!opencv-matrix
   rows: 3
   cols: 1
   dt: d
   data: [ 5.4691050797355338e-08, -8.0159098992857112e-09,
       1.7488644020578815e-08 ]
E: !!opencv-matrix
   rows: 0
   cols: 0
   dt: u
   data: []
F: !!opencv-matrix
   rows: 0
   cols: 0
   dt: u
   data: []
K1: !!opencv-matrix
   rows: 3
   cols: 3
   dt: d
   data: [ 3.6627756984521932e+02, 0., 3.8060969928433269e+02, 0.,
       3.6653175179255015e+02, 2.3878059668569790e+02, 0., 0., 1. ]
D1: !!opencv-matrix
   rows: 5
   cols: 1
   dt: d
   data: [ -2.1859934914563901e-02, -9.9468572971318997e-04,
       1.6448003429794193e-03, -3.1164985765511365e-04,
       3.5195408316194161e-04 ]
P1: !!opencv-matrix
   rows: 3
   cols: 4
   dt: f
   data: [ 4.29464813e+02, 0., 1.74805313e+02, 0., 0., 4.29464813e+02,
       2.14182983e+02, 0., 0., 0., 1., 0. ]
R1: !!opencv-matrix
   rows: 3
   cols: 3
   dt: f
   data: [ 9.78257656e-01, -1.29104689e-01, 1.62308127e-01,
       1.22056246e-01, 9.91122305e-01, 5.27150221e-02, -1.67672962e-01,
       -3.17581519e-02, 9.85330999e-01 ]
K2: !!opencv-matrix
   rows: 3
   cols: 3
   dt: d
   data: [ 3.6687495098581172e+02, 0., 3.7621769200552956e+02, 0.,
       3.6726361788508825e+02, 2.2399932895774910e+02, 0., 0., 1. ]
D2: !!opencv-matrix
   rows: 5
   cols: 1
   dt: d
   data: [ -2.2201337830972428e-02, -1.1445843221826492e-03,
       2.9199201696882579e-04, -7.1705872414221615e-04,
       5.1284674356775366e-04 ]
P2: !!opencv-matrix
   rows: 3
   cols: 4
   dt: f
   data: [ 4.29464813e+02, 0., 1.74805313e+02, 2.48986598e-05, 0.,
       4.29464813e+02, 2.14182983e+02, 0., 0., 0., 1., 0. ]
R2: !!opencv-matrix
   rows: 3
   cols: 3
   dt: f
   data: [ 9.43339229e-01, -1.38262510e-01, 3.01653087e-01,
       1.51130125e-01, 9.88319099e-01, -1.96235031e-02, -2.95416296e-01,
       6.41004890e-02, 9.53215778e-01 ]
