%YAML:1.0
---
Q: !!opencv-matrix
   rows: 4
   cols: 4
   dt: f
   data: [ 1., 0., 0., -3.85320709e+02, 0., 1., 0., -2.31838593e+02, 0.,
       0., 0., 3.57410156e+02, 0., 0., 1.32366261e-02, 0. ]
R: !!opencv-matrix
   rows: 3
   cols: 3
   dt: d
   data: [ 1.0329662702324709e+00, 8.8171349548811558e-03,
       -2.4815348931941546e-02, -9.9361644138990530e-03,
       1.0203593194620428e+00, 9.5187856967601445e-03,
       3.2587336025744476e-03, -9.3877670873081225e-03,
       1.0204847025223691e+00 ]
T: !!opencv-matrix
   rows: 3
   cols: 1
   dt: d
   data: [ -5.5059569263002828e+01, 2.4284927519505897e-01,
       2.2348941251098212e-01 ]
E: !!opencv-matrix
   rows: 0
   cols: 0
   dt: u
   data: []
F: !!opencv-matrix
   rows: 0
   cols: 0
   dt: u
   data: []
K1: !!opencv-matrix
   rows: 3
   cols: 3
   dt: d
   data: [ 3.6627756984521932e+02, 0., 3.8060969928433269e+02, 0.,
       3.6653175179255015e+02, 2.3878059668569790e+02, 0., 0., 1. ]
D1: !!opencv-matrix
   rows: 5
   cols: 1
   dt: d
   data: [ -2.1859934914563901e-02, -9.9468572971318997e-04,
       1.6448003429794193e-03, -3.1164985765511365e-04,
       3.5195408316194161e-04 ]
P1: !!opencv-matrix
   rows: 3
   cols: 4
   dt: f
   data: [ 3.57410156e+02, 0., 3.85320709e+02, 0., 0., 3.57410156e+02,
       2.31838593e+02, 0., 0., 0., 1., 0. ]
R1: !!opencv-matrix
   rows: 3
   cols: 3
   dt: f
   data: [ 9.99875009e-01, 5.48506854e-03, -1.48273548e-02,
       -5.41700283e-03, 9.99974608e-01, 4.62683057e-03, 1.48523571e-02,
       -4.54593264e-03, 9.99879360e-01 ]
K2: !!opencv-matrix
   rows: 3
   cols: 3
   dt: d
   data: [ 3.6687495098581172e+02, 0., 3.7621769200552956e+02, 0.,
       3.6726361788508825e+02, 2.2399932895774910e+02, 0., 0., 1. ]
D2: !!opencv-matrix
   rows: 5
   cols: 1
   dt: d
   data: [ -2.2201337830972428e-02, -1.1445843221826492e-03,
       2.9199201696882579e-04, -7.1705872414221615e-04,
       5.1284674356775366e-04 ]
P2: !!opencv-matrix
   rows: 3
   cols: 4
   dt: f
   data: [ 3.57410156e+02, 0., 3.85320709e+02, -2.70016055e+04, 0.,
       3.57410156e+02, 2.31838593e+02, 0., 0., 0., 1., 0. ]
R2: !!opencv-matrix
   rows: 3
   cols: 3
   dt: f
   data: [ 9.99982059e-01, -4.41058492e-03, -4.05897014e-03,
       4.39192168e-03, 9.99979794e-01, -4.59545897e-03, 4.07915702e-03,
       4.57754964e-03, 9.99981225e-01 ]
