%YAML:1.0
---
Q: !!opencv-matrix
   rows: 4
   cols: 4
   dt: f
   data: [ 1., 0., 0., 4.79291199e+02, 0., 1., 0., -3.63501923e+02, 0.,
       0., 0., 2.34467316e+01, 0., 0., -111392656., 0. ]
R: !!opencv-matrix
   rows: 3
   cols: 3
   dt: d
   data: [ 1.1604167931593345e+00, 3.6534981514540666e-03,
       -5.5613003325909884e-02, 9.4021518456136879e-04,
       1.1472128924469041e+00, 1.1215346333346974e-02,
       -8.4979014094614998e-03, 3.6622492346042965e-02,
       1.1614866717969794e+00 ]
T: !!opencv-matrix
   rows: 3
   cols: 1
   dt: d
   data: [ 4.2765263538896419e-09, 6.0602159369647580e-09,
       -4.0831225357639994e-08 ]
E: !!opencv-matrix
   rows: 0
   cols: 0
   dt: u
   data: []
F: !!opencv-matrix
   rows: 0
   cols: 0
   dt: u
   data: []
K1: !!opencv-matrix
   rows: 3
   cols: 3
   dt: d
   data: [ 3.6627756984521932e+02, 0., 3.8060969928433269e+02, 0.,
       3.6653175179255015e+02, 2.3878059668569790e+02, 0., 0., 1. ]
D1: !!opencv-matrix
   rows: 5
   cols: 1
   dt: d
   data: [ -2.1859934914563901e-02, -9.9468572971318997e-04,
       1.6448003429794193e-03, -3.1164985765511365e-04,
       3.5195408316194161e-04 ]
P1: !!opencv-matrix
   rows: 3
   cols: 4
   dt: f
   data: [ 2.34467316e+01, 0., -4.79291199e+02, 0., 0., 2.34467316e+01,
       3.63501923e+02, 0., 0., 0., 1., 0. ]
R1: !!opencv-matrix
   rows: 3
   cols: 3
   dt: f
   data: [ 5.54115653e-01, 7.45220408e-02, -8.29097271e-01,
       -7.32252300e-02, 9.96487498e-01, 4.06285711e-02, 8.29212844e-01,
       3.81979123e-02, 5.57626188e-01 ]
K2: !!opencv-matrix
   rows: 3
   cols: 3
   dt: d
   data: [ 3.6687495098581172e+02, 0., 3.7621769200552956e+02, 0.,
       3.6726361788508825e+02, 2.2399932895774910e+02, 0., 0., 1. ]
D2: !!opencv-matrix
   rows: 5
   cols: 1
   dt: d
   data: [ -2.2201337830972428e-02, -1.1445843221826492e-03,
       2.9199201696882579e-04, -7.1705872414221615e-04,
       5.1284674356775366e-04 ]
P2: !!opencv-matrix
   rows: 3
   cols: 4
   dt: f
   data: [ 2.34467316e+01, 0., -4.79291199e+02, 2.10487229e-07, 0.,
       2.34467316e+01, 3.63501923e+02, 0., 0., 0., 1., 0. ]
R2: !!opencv-matrix
   rows: 3
   cols: 3
   dt: f
   data: [ 5.85098386e-01, 6.77734464e-02, -8.08125377e-01,
       -6.90248683e-02, 9.97047544e-01, 3.36420648e-02, 8.08019459e-01,
       3.60968336e-02, 5.88048935e-01 ]
