%YAML:1.0
---
Q: !!opencv-matrix
   rows: 4
   cols: 4
   dt: f
   data: [ 1., 0., 0., -3.88907043e+02, 0., 1., 0., -2.31829437e+02, 0.,
       0., 0., 3.56449829e+02, 0., 0., 4.44883299e+00, 0. ]
R: !!opencv-matrix
   rows: 3
   cols: 3
   dt: d
   data: [ 1.0794751089046517e+00, 9.8306252186452243e-03,
       -3.9441850347485728e-02, -1.0419286694614970e-02,
       1.0730784032108964e+00, 1.0069474663875604e-02,
       3.4549725275470271e-03, -9.8750935597861928e-03,
       1.0732668907231235e+00 ]
T: !!opencv-matrix
   rows: 3
   cols: 1
   dt: d
   data: [ -2.2477402135772331e-01, 9.9140272996381005e-04,
       9.1236754772703059e-04 ]
E: !!opencv-matrix
   rows: 0
   cols: 0
   dt: u
   data: []
F: !!opencv-matrix
   rows: 0
   cols: 0
   dt: u
   data: []
K1: !!opencv-matrix
   rows: 3
   cols: 3
   dt: d
   data: [ 3.6627756984521932e+02, 0., 3.8060969928433269e+02, 0.,
       3.6653175179255015e+02, 2.3878059668569790e+02, 0., 0., 1. ]
D1: !!opencv-matrix
   rows: 5
   cols: 1
   dt: d
   data: [ -2.1859934914563901e-02, -9.9468572971318997e-04,
       1.6448003429794193e-03, -3.1164985765511365e-04,
       3.5195408316194161e-04 ]
P1: !!opencv-matrix
   rows: 3
   cols: 4
   dt: f
   data: [ 3.56449829e+02, 0., 3.88907043e+02, 0., 0., 3.56449829e+02,
       2.31829437e+02, 0., 0., 0., 1., 0. ]
R1: !!opencv-matrix
   rows: 3
   cols: 3
   dt: f
   data: [ 9.99699771e-01, 5.04700420e-03, -2.39757895e-02,
       -4.93729208e-03, 9.99977052e-01, 4.63295728e-03, 2.39986237e-02,
       -4.51319106e-03, 9.99701798e-01 ]
K2: !!opencv-matrix
   rows: 3
   cols: 3
   dt: d
   data: [ 3.6687495098581172e+02, 0., 3.7621769200552956e+02, 0.,
       3.6726361788508825e+02, 2.2399932895774910e+02, 0., 0., 1. ]
D2: !!opencv-matrix
   rows: 5
   cols: 1
   dt: d
   data: [ -2.2201337830972428e-02, -1.1445843221826492e-03,
       2.9199201696882579e-04, -7.1705872414221615e-04,
       5.1284674356775366e-04 ]
P2: !!opencv-matrix
   rows: 3
   cols: 4
   dt: f
   data: [ 3.56449829e+02, 0., 3.88907043e+02, -8.01221008e+01, 0.,
       3.56449829e+02, 2.31829437e+02, 0., 0., 0., 1., 0. ]
R2: !!opencv-matrix
   rows: 3
   cols: 3
   dt: f
   data: [ 9.99982059e-01, -4.41058492e-03, -4.05897060e-03,
       4.39197524e-03, 9.99979854e-01, -4.58235107e-03, 4.07909974e-03,
       4.56444221e-03, 9.99981284e-01 ]
