%YAML:1.0
---
Q: !!opencv-matrix
   rows: 4
   cols: 4
   dt: f
   data: [ 1., 0., 0., -3.88874207e+02, 0., 1., 0., -2.31830170e+02, 0.,
       0., 0., 3.56418671e+02, 0., 0., 7.40965784e-01, 0. ]
R: !!opencv-matrix
   rows: 3
   cols: 3
   dt: d
   data: [ 1.0610941870636441e+00, 9.5093198540762997e-03,
       -3.8594665097906364e-02, -1.0242364606227414e-02,
       1.0549007464196816e+00, 9.8981044680632110e-03,
       3.3968264786381611e-03, -9.7071776551045531e-03,
       1.0550846315671816e+00 ]
T: !!opencv-matrix
   rows: 3
   cols: 1
   dt: d
   data: [ -1.3495657242932300e+00, 5.9524812331766888e-03,
       5.4779461847379515e-03 ]
E: !!opencv-matrix
   rows: 0
   cols: 0
   dt: u
   data: []
F: !!opencv-matrix
   rows: 0
   cols: 0
   dt: u
   data: []
K1: !!opencv-matrix
   rows: 3
   cols: 3
   dt: d
   data: [ 3.6627756984521932e+02, 0., 3.8060969928433269e+02, 0.,
       3.6653175179255015e+02, 2.3878059668569790e+02, 0., 0., 1. ]
D1: !!opencv-matrix
   rows: 5
   cols: 1
   dt: d
   data: [ -2.1859934914563901e-02, -9.9468572971318997e-04,
       1.6448003429794193e-03, -3.1164985765511365e-04,
       3.5195408316194161e-04 ]
P1: !!opencv-matrix
   rows: 3
   cols: 4
   dt: f
   data: [ 3.56418671e+02, 0., 3.88874207e+02, 0., 0., 3.56418671e+02,
       2.31830170e+02, 0., 0., 0., 1., 0. ]
R1: !!opencv-matrix
   rows: 3
   cols: 3
   dt: f
   data: [ 9.99702156e-01, 4.97412030e-03, -2.38923356e-02,
       -4.86479094e-03, 9.99977410e-01, 4.63186251e-03, 2.39148345e-02,
       -4.51425184e-03, 9.99703825e-01 ]
K2: !!opencv-matrix
   rows: 3
   cols: 3
   dt: d
   data: [ 3.6687495098581172e+02, 0., 3.7621769200552956e+02, 0.,
       3.6726361788508825e+02, 2.2399932895774910e+02, 0., 0., 1. ]
D2: !!opencv-matrix
   rows: 5
   cols: 1
   dt: d
   data: [ -2.2201337830972428e-02, -1.1445843221826492e-03,
       2.9199201696882579e-04, -7.1705872414221615e-04,
       5.1284674356775366e-04 ]
P2: !!opencv-matrix
   rows: 3
   cols: 4
   dt: f
   data: [ 3.56418671e+02, 0., 3.88874207e+02, -4.81019043e+02, 0.,
       3.56418671e+02, 2.31830170e+02, 0., 0., 0., 1., 0. ]
R2: !!opencv-matrix
   rows: 3
   cols: 3
   dt: f
   data: [ 9.99982059e-01, -4.41058492e-03, -4.05897060e-03,
       4.39197570e-03, 9.99979854e-01, -4.58233198e-03, 4.07909974e-03,
       4.56442265e-03, 9.99981284e-01 ]
