%YAML:1.0
---
Q: !!opencv-matrix
   rows: 4
   cols: 4
   dt: f
   data: [ 1., 0., 0., -4.10488892e+02, 0., 1., 0., -2.31812531e+02, 0.,
       0., 0., 3.55779938e+02, 0., 0., 6.21398468e+01, 0. ]
R: !!opencv-matrix
   rows: 3
   cols: 3
   dt: d
   data: [ 1.1133966546335234e+00, 1.0337447501387898e-02,
       -4.0694930362843176e-02, -1.0751533523151613e-02,
       1.1077132367240627e+00, 1.0394399050163858e-02,
       3.4133007549789715e-03, -1.0182718217205669e-02,
       1.1089421082936610e+00 ]
T: !!opencv-matrix
   rows: 3
   cols: 1
   dt: d
   data: [ -6.9524315546029064e-03, 3.0667075191911646e-05,
       2.2133330737127605e-04 ]
E: !!opencv-matrix
   rows: 0
   cols: 0
   dt: u
   data: []
F: !!opencv-matrix
   rows: 0
   cols: 0
   dt: u
   data: []
K1: !!opencv-matrix
   rows: 3
   cols: 3
   dt: d
   data: [ 3.6627756984521932e+02, 0., 3.8060969928433269e+02, 0.,
       3.6653175179255015e+02, 2.3878059668569790e+02, 0., 0., 1. ]
D1: !!opencv-matrix
   rows: 5
   cols: 1
   dt: d
   data: [ -2.1859934914563901e-02, -9.9468572971318997e-04,
       1.6448003429794193e-03, -3.1164985765511365e-04,
       3.5195408316194161e-04 ]
P1: !!opencv-matrix
   rows: 3
   cols: 4
   dt: f
   data: [ 3.55779938e+02, 0., 4.10488892e+02, 0., 0., 3.55779938e+02,
       2.31812531e+02, 0., 0., 0., 1., 0. ]
R1: !!opencv-matrix
   rows: 3
   cols: 3
   dt: f
   data: [ 9.98676658e-01, 5.13115013e-03, -5.11722788e-02,
       -4.90066875e-03, 9.99977291e-01, 4.62848134e-03, 5.11948690e-02,
       -4.37157787e-03, 9.98679101e-01 ]
K2: !!opencv-matrix
   rows: 3
   cols: 3
   dt: d
   data: [ 3.6687495098581172e+02, 0., 3.7621769200552956e+02, 0.,
       3.6726361788508825e+02, 2.2399932895774910e+02, 0., 0., 1. ]
D2: !!opencv-matrix
   rows: 5
   cols: 1
   dt: d
   data: [ -2.2201337830972428e-02, -1.1445843221826492e-03,
       2.9199201696882579e-04, -7.1705872414221615e-04,
       5.1284674356775366e-04 ]
P2: !!opencv-matrix
   rows: 3
   cols: 4
   dt: f
   data: [ 3.55779938e+02, 0., 4.10488892e+02, -5.72547197e+00, 0.,
       3.55779938e+02, 2.31812531e+02, 0., 0., 0., 1., 0. ]
R2: !!opencv-matrix
   rows: 3
   cols: 3
   dt: f
   data: [ 9.99483943e-01, -4.40870924e-03, -3.18189524e-02,
       4.26541222e-03, 9.99980450e-01, -4.56997799e-03, 3.18384767e-02,
       4.43189824e-03, 9.99483228e-01 ]
