%YAML:1.0
---
Q: !!opencv-matrix
   rows: 4
   cols: 4
   dt: f
   data: [ 1., 0., 0., -3.46688281e+03, 0., 1., 0., -3.87561255e+03, 0.,
       0., 0., 2.39387285e+04, 0., 0., -1746649., 0. ]
R: !!opencv-matrix
   rows: 3
   cols: 3
   dt: d
   data: [ 3.5235993142816149e+00, 2.8416264130319518e-01,
       8.5474809545787109e-03, -1.1229134469328912e-01,
       4.7395013462190354e+00, 5.2840004641055843e-02,
       1.7816914635425445e-02, 4.5517321784721565e+00,
       3.9231172631703166e+00 ]
T: !!opencv-matrix
   rows: 3
   cols: 1
   dt: d
   data: [ 3.9290359357833180e-07, -1.1018117878669810e-07,
       -4.0158634902097971e-07 ]
E: !!opencv-matrix
   rows: 0
   cols: 0
   dt: u
   data: []
F: !!opencv-matrix
   rows: 0
   cols: 0
   dt: u
   data: []
K1: !!opencv-matrix
   rows: 3
   cols: 3
   dt: d
   data: [ 3.6627756984521932e+02, 0., 3.8060969928433269e+02, 0.,
       3.6653175179255015e+02, 2.3878059668569790e+02, 0., 0., 1. ]
D1: !!opencv-matrix
   rows: 5
   cols: 1
   dt: d
   data: [ -2.1859934914563901e-02, -9.9468572971318997e-04,
       1.6448003429794193e-03, -3.1164985765511365e-04,
       3.5195408316194161e-04 ]
P1: !!opencv-matrix
   rows: 3
   cols: 4
   dt: f
   data: [ 2.39387285e+04, 0., 3.46688281e+03, 0., 0., 2.39387285e+04,
       3.87561255e+03, 0., 0., 0., 1., 0. ]
R1: !!opencv-matrix
   rows: 3
   cols: 3
   dt: f
   data: [ 6.95768833e-01, -4.64929134e-01, -5.47491252e-01,
       3.16028059e-01, 8.82650733e-01, -3.47928077e-01, 6.45005405e-01,
       6.90549165e-02, 7.61051536e-01 ]
K2: !!opencv-matrix
   rows: 3
   cols: 3
   dt: d
   data: [ 3.6687495098581172e+02, 0., 3.7621769200552956e+02, 0.,
       3.6726361788508825e+02, 2.2399932895774910e+02, 0., 0., 1. ]
D2: !!opencv-matrix
   rows: 5
   cols: 1
   dt: d
   data: [ -2.2201337830972428e-02, -1.1445843221826492e-03,
       2.9199201696882579e-04, -7.1705872414221615e-04,
       5.1284674356775366e-04 ]
P2: !!opencv-matrix
   rows: 3
   cols: 4
   dt: f
   data: [ 2.39387285e+04, 0., 3.46688281e+03, 1.37055172e-02, 0.,
       2.39387285e+04, 3.87561255e+03, 0., 0., 0., 1., 0. ]
R2: !!opencv-matrix
   rows: 3
   cols: 3
   dt: f
   data: [ 6.86264694e-01, -1.92447856e-01, -7.01430380e-01,
       3.59462470e-01, 9.28098857e-01, 9.70527753e-02, 6.32319152e-01,
       -3.18741798e-01, 7.06099272e-01 ]
