%YAML:1.0
---
Q: !!opencv-matrix
   rows: 4
   cols: 4
   dt: f
   data: [ 1., 0., 0., -1.25726770e+03, 0., 1., 0., -2.42344025e+02, 0.,
       0., 0., 8.64595276e+02, 0., 0., -268693856., 0. ]
R: !!opencv-matrix
   rows: 3
   cols: 3
   dt: d
   data: [ 7.7227356170979595e+00, -2.5569763834737641e-01,
       -4.0220601601899991e-01, -1.3747238548963242e-01,
       7.7544583981592403e+00, 7.5158376839352906e-02,
       -9.2788752278596398e-01, 5.3034730104788286e-01,
       8.7573515802076916e+00 ]
T: !!opencv-matrix
   rows: 3
   cols: 1
   dt: d
   data: [ -1.8699348943170097e-07, -8.2200115163780598e-08,
       -1.0295724664243962e-06 ]
E: !!opencv-matrix
   rows: 0
   cols: 0
   dt: u
   data: []
F: !!opencv-matrix
   rows: 0
   cols: 0
   dt: u
   data: []
K1: !!opencv-matrix
   rows: 3
   cols: 3
   dt: d
   data: [ 3.6627756984521932e+02, 0., 3.8060969928433269e+02, 0.,
       3.6653175179255015e+02, 2.3878059668569790e+02, 0., 0., 1. ]
D1: !!opencv-matrix
   rows: 5
   cols: 1
   dt: d
   data: [ -2.1859934914563901e-02, -9.9468572971318997e-04,
       1.6448003429794193e-03, -3.1164985765511365e-04,
       3.5195408316194161e-04 ]
P1: !!opencv-matrix
   rows: 3
   cols: 4
   dt: f
   data: [ 8.64595276e+02, 0., 1.25726770e+03, 0., 0., 8.64595276e+02,
       2.42344025e+02, 0., 0., 0., 1., 0. ]
R1: !!opencv-matrix
   rows: 3
   cols: 3
   dt: f
   data: [ 8.99980068e-01, -3.62258703e-01, -2.42496386e-01,
       3.90192062e-01, 4.21365917e-01, 8.18657994e-01, -1.94386274e-01,
       -8.31396043e-01, 5.20571411e-01 ]
K2: !!opencv-matrix
   rows: 3
   cols: 3
   dt: d
   data: [ 3.6687495098581172e+02, 0., 3.7621769200552956e+02, 0.,
       3.6726361788508825e+02, 2.2399932895774910e+02, 0., 0., 1. ]
D2: !!opencv-matrix
   rows: 5
   cols: 1
   dt: d
   data: [ -2.2201337830972428e-02, -1.1445843221826492e-03,
       2.9199201696882579e-04, -7.1705872414221615e-04,
       5.1284674356775366e-04 ]
P2: !!opencv-matrix
   rows: 3
   cols: 4
   dt: f
   data: [ 8.64595276e+02, 0., 1.25726770e+03, 0., 0., 8.64595276e+02,
       2.42344025e+02, 3.21777088e-06, 0., 0., 1., 0. ]
R2: !!opencv-matrix
   rows: 3
   cols: 3
   dt: f
   data: [ 9.10188437e-01, -3.71922761e-01, -1.82292163e-01,
       3.44055951e-01, 4.33854520e-01, 8.32703888e-01, -2.30613247e-01,
       -8.20636153e-01, 5.22851586e-01 ]
