%YAML:1.0
---
Q: !!opencv-matrix
   rows: 4
   cols: 4
   dt: f
   data: [ 1., 0., 0., -2.75343555e+04, 0., 1., 0., 1.72571211e+04, 0.,
       0., 0., 3.84973781e+05, 0., 0., 41430348., 0. ]
R: !!opencv-matrix
   rows: 3
   cols: 3
   dt: d
   data: [ 4.0601189438994272e+00, -3.0242146253643912e-02,
       -1.6531828756717054e-01, -2.8484121472602701e-02,
       3.9875206298796493e+00, 5.0978180965553510e-02,
       5.4066040385233860e-01, -2.2403455793292898e-03,
       4.0636142621406384e+00 ]
T: !!opencv-matrix
   rows: 3
   cols: 1
   dt: d
   data: [ -1.7014989941937772e-09, 1.0655049761737958e-08,
       -2.1349753271756457e-09 ]
E: !!opencv-matrix
   rows: 0
   cols: 0
   dt: u
   data: []
F: !!opencv-matrix
   rows: 0
   cols: 0
   dt: u
   data: []
K1: !!opencv-matrix
   rows: 3
   cols: 3
   dt: d
   data: [ 3.6627756984521932e+02, 0., 3.8060969928433269e+02, 0.,
       3.6653175179255015e+02, 2.3878059668569790e+02, 0., 0., 1. ]
D1: !!opencv-matrix
   rows: 5
   cols: 1
   dt: d
   data: [ -2.1859934914563901e-02, -9.9468572971318997e-04,
       1.6448003429794193e-03, -3.1164985765511365e-04,
       3.5195408316194161e-04 ]
P1: !!opencv-matrix
   rows: 3
   cols: 4
   dt: f
   data: [ 3.84973781e+05, 0., 2.75343555e+04, 0., 0., 3.84973781e+05,
       -1.72571211e+04, 0., 0., 0., 1., 0. ]
R1: !!opencv-matrix
   rows: 3
   cols: 3
   dt: f
   data: [ 6.79224253e-01, 5.07153757e-02, -7.32176423e-01,
       -4.43965681e-02, 9.98621941e-01, 2.79854126e-02, 7.32586741e-01,
       1.34977493e-02, 6.80539846e-01 ]
K2: !!opencv-matrix
   rows: 3
   cols: 3
   dt: d
   data: [ 3.6687495098581172e+02, 0., 3.7621769200552956e+02, 0.,
       3.6726361788508825e+02, 2.2399932895774910e+02, 0., 0., 1. ]
D2: !!opencv-matrix
   rows: 5
   cols: 1
   dt: d
   data: [ -2.2201337830972428e-02, -1.1445843221826492e-03,
       2.9199201696882579e-04, -7.1705872414221615e-04,
       5.1284674356775366e-04 ]
P2: !!opencv-matrix
   rows: 3
   cols: 4
   dt: f
   data: [ 3.84973781e+05, 0., 2.75343555e+04, -9.29207169e-03, 0.,
       3.84973781e+05, -1.72571211e+04, 0., 0., 0., 1., 0. ]
R2: !!opencv-matrix
   rows: 3
   cols: 3
   dt: f
   data: [ 7.20615327e-01, 3.34497541e-02, -6.92527771e-01,
       -3.93510871e-02, 9.99198675e-01, 7.31516583e-03, 6.92217529e-01,
       2.19802987e-02, 7.21354127e-01 ]
