%YAML:1.0
---
Q: !!opencv-matrix
   rows: 4
   cols: 4
   dt: f
   data: [ 1., 0., 0., 2.88714661e+02, 0., 1., 0., -4.94318771e+01, 0.,
       0., 0., 4.69900894e+01, 0., 0., -3871623., 0. ]
R: !!opencv-matrix
   rows: 3
   cols: 3
   dt: d
   data: [ 3.8436550511827652e+00, -1.5062856391723703e-01,
       -3.4418705316895615e-01, -1.5692487687035533e-01,
       3.6874599942038389e+00, 1.1530685526342239e-01,
       5.2802015570465377e-01, 1.6202471344206357e+00,
       3.8378605890815303e+00 ]
T: !!opencv-matrix
   rows: 3
   cols: 1
   dt: d
   data: [ 1.4225138869631317e-07, -1.9293195857041034e-08,
       -2.1472269570008590e-07 ]
E: !!opencv-matrix
   rows: 0
   cols: 0
   dt: u
   data: []
F: !!opencv-matrix
   rows: 0
   cols: 0
   dt: u
   data: []
K1: !!opencv-matrix
   rows: 3
   cols: 3
   dt: d
   data: [ 3.6627756984521932e+02, 0., 3.8060969928433269e+02, 0.,
       3.6653175179255015e+02, 2.3878059668569790e+02, 0., 0., 1. ]
D1: !!opencv-matrix
   rows: 5
   cols: 1
   dt: d
   data: [ -2.1859934914563901e-02, -9.9468572971318997e-04,
       1.6448003429794193e-03, -3.1164985765511365e-04,
       3.5195408316194161e-04 ]
P1: !!opencv-matrix
   rows: 3
   cols: 4
   dt: f
   data: [ 4.69900894e+01, 0., -2.88714661e+02, 0., 0., 4.69900894e+01,
       4.94318771e+01, 0., 0., 0., 1., 0. ]
R1: !!opencv-matrix
   rows: 3
   cols: 3
   dt: f
   data: [ 4.53409761e-01, -2.37465665e-01, -8.59086514e-01,
       1.41283333e-01, 9.70817745e-01, -1.93783313e-01, 8.80033314e-01,
       -3.35113592e-02, 4.73728180e-01 ]
K2: !!opencv-matrix
   rows: 3
   cols: 3
   dt: d
   data: [ 3.6687495098581172e+02, 0., 3.7621769200552956e+02, 0.,
       3.6726361788508825e+02, 2.2399932895774910e+02, 0., 0., 1. ]
D2: !!opencv-matrix
   rows: 5
   cols: 1
   dt: d
   data: [ -2.2201337830972428e-02, -1.1445843221826492e-03,
       2.9199201696882579e-04, -7.1705872414221615e-04,
       5.1284674356775366e-04 ]
P2: !!opencv-matrix
   rows: 3
   cols: 4
   dt: f
   data: [ 4.69900894e+01, 0., -2.88714661e+02, 1.21370513e-05, 0.,
       4.69900894e+01, 4.94318771e+01, 0., 0., 0., 1., 0. ]
R2: !!opencv-matrix
   rows: 3
   cols: 3
   dt: f
   data: [ 5.50743759e-01, -7.46959820e-02, -8.31325352e-01,
       1.63026765e-01, 9.86431479e-01, 1.93708800e-02, 8.18598568e-01,
       -1.46196663e-01, 5.55448413e-01 ]
