%YAML:1.0
---
Q: !!opencv-matrix
   rows: 4
   cols: 4
   dt: f
   data: [ 1., 0., 0., -1.88893326e+02, 0., 1., 0., -2.38768921e+02, 0.,
       0., 0., 3.68784637e+02, 0., 0., -43622420., 0. ]
R: !!opencv-matrix
   rows: 3
   cols: 3
   dt: d
   data: [ 4.6153746063494010e+00, 3.7143676141825961e-02,
       -2.1526269146745930e-01, -1.7723223059868263e-02,
       4.5834599827733564e+00, 4.1987324030863804e-02,
       3.2945323421384282e-01, -1.2986328667401947e-01,
       4.6155592461832340e+00 ]
T: !!opencv-matrix
   rows: 3
   cols: 1
   dt: d
   data: [ -3.7036017284666515e-09, -1.2795963979349014e-10,
       3.0733201581746022e-08 ]
E: !!opencv-matrix
   rows: 0
   cols: 0
   dt: u
   data: []
F: !!opencv-matrix
   rows: 0
   cols: 0
   dt: u
   data: []
K1: !!opencv-matrix
   rows: 3
   cols: 3
   dt: d
   data: [ 3.6627756984521932e+02, 0., 3.8060969928433269e+02, 0.,
       3.6653175179255015e+02, 2.3878059668569790e+02, 0., 0., 1. ]
D1: !!opencv-matrix
   rows: 5
   cols: 1
   dt: d
   data: [ -2.1859934914563901e-02, -9.9468572971318997e-04,
       1.6448003429794193e-03, -3.1164985765511365e-04,
       3.5195408316194161e-04 ]
P1: !!opencv-matrix
   rows: 3
   cols: 4
   dt: f
   data: [ 3.68784637e+02, 0., 1.88893326e+02, 0., 0., 3.68784637e+02,
       2.38768921e+02, 0., 0., 0., 1., 0. ]
R1: !!opencv-matrix
   rows: 3
   cols: 3
   dt: f
   data: [ 9.79163766e-01, 6.33808672e-02, 1.92927793e-01,
       -6.53518736e-02, 9.97854829e-01, 3.86303663e-03, -1.92269087e-01,
       -1.63907390e-02, 9.81205344e-01 ]
K2: !!opencv-matrix
   rows: 3
   cols: 3
   dt: d
   data: [ 3.6687495098581172e+02, 0., 3.7621769200552956e+02, 0.,
       3.6726361788508825e+02, 2.2399932895774910e+02, 0., 0., 1. ]
D2: !!opencv-matrix
   rows: 5
   cols: 1
   dt: d
   data: [ -2.2201337830972428e-02, -1.1445843221826492e-03,
       2.9199201696882579e-04, -7.1705872414221615e-04,
       5.1284674356775366e-04 ]
P2: !!opencv-matrix
   rows: 3
   cols: 4
   dt: f
   data: [ 3.68784637e+02, 0., 1.88893326e+02, 8.45401610e-06, 0.,
       3.68784637e+02, 2.38768921e+02, 0., 0., 0., 1., 0. ]
R2: !!opencv-matrix
   rows: 3
   cols: 3
   dt: f
   data: [ 9.66380000e-01, 6.29422069e-02, 2.49294922e-01,
       -6.03794456e-02, 9.98014629e-01, -1.79215334e-02, -2.49927998e-01,
       2.26672250e-03, 9.68261778e-01 ]
