%YAML:1.0
---
Q: !!opencv-matrix
   rows: 4
   cols: 4
   dt: f
   data: [ 1., 0., 0., 5.69594824e+03, 0., 1., 0., 4.49590527e+03, 0.,
       0., 0., 2.20067322e+02, 0., 0., 4024207., 0. ]
R: !!opencv-matrix
   rows: 3
   cols: 3
   dt: d
   data: [ 2.2782439213459926e+00, 5.8143268379070884e-02,
       -1.1584827730073620e-01, -1.8415301587816249e-02,
       2.2939328166170014e+00, 8.2320365479664585e-03,
       1.0987860500214186e-02, -3.7384096259799998e-01,
       2.3187612270353153e+00 ]
T: !!opencv-matrix
   rows: 3
   cols: 1
   dt: d
   data: [ 1.1264953823038999e-08, 2.2953384276015500e-08,
       5.9214926705974712e-08 ]
E: !!opencv-matrix
   rows: 0
   cols: 0
   dt: u
   data: []
F: !!opencv-matrix
   rows: 0
   cols: 0
   dt: u
   data: []
K1: !!opencv-matrix
   rows: 3
   cols: 3
   dt: d
   data: [ 3.6627756984521932e+02, 0., 3.8060969928433269e+02, 0.,
       3.6653175179255015e+02, 2.3878059668569790e+02, 0., 0., 1. ]
D1: !!opencv-matrix
   rows: 5
   cols: 1
   dt: d
   data: [ -2.1859934914563901e-02, -9.9468572971318997e-04,
       1.6448003429794193e-03, -3.1164985765511365e-04,
       3.5195408316194161e-04 ]
P1: !!opencv-matrix
   rows: 3
   cols: 4
   dt: f
   data: [ 2.20067322e+02, 0., -5.69594824e+03, 0., 0., 2.20067322e+02,
       -4.49590527e+03, 0., 0., 0., 1., 0. ]
R1: !!opencv-matrix
   rows: 3
   cols: 3
   dt: f
   data: [ 9.70094085e-01, 1.94989190e-01, -1.44556835e-01,
       -1.90101489e-01, 2.40025535e-01, -9.51971173e-01, -1.50926769e-01,
       9.50982094e-01, 2.69915104e-01 ]
K2: !!opencv-matrix
   rows: 3
   cols: 3
   dt: d
   data: [ 3.6687495098581172e+02, 0., 3.7621769200552956e+02, 0.,
       3.6726361788508825e+02, 2.2399932895774910e+02, 0., 0., 1. ]
D2: !!opencv-matrix
   rows: 5
   cols: 1
   dt: d
   data: [ -2.2201337830972428e-02, -1.1445843221826492e-03,
       2.9199201696882579e-04, -7.1705872414221615e-04,
       5.1284674356775366e-04 ]
P2: !!opencv-matrix
   rows: 3
   cols: 4
   dt: f
   data: [ 2.20067322e+02, 0., -5.69594824e+03, 0., 0., 2.20067322e+02,
       -4.49590527e+03, -5.46858828e-05, 0., 0., 1., 0. ]
R2: !!opencv-matrix
   rows: 3
   cols: 3
   dt: f
   data: [ 9.72152293e-01, 1.95110157e-01, -1.29814953e-01,
       -1.99444786e-01, 3.97963613e-01, -8.95458937e-01, -1.23051517e-01,
       8.96413386e-01, 4.25794929e-01 ]
