%YAML:1.0
---
Q: !!opencv-matrix
   rows: 4
   cols: 4
   dt: f
   data: [ 1., 0., 0., -5.17734253e+02, 0., 1., 0., -3.59832764e+01, 0.,
       0., 0., -4.88378048e+00, 0., 0., -24096708., 0. ]
R: !!opencv-matrix
   rows: 3
   cols: 3
   dt: d
   data: [ 1.1707957074793760e+00, 3.1454199534782790e-03,
       -5.4933653630452682e-02, 5.8379932388381312e-03,
       1.1481919596347052e+00, 1.0567183793112885e-02,
       6.7579587528462909e-02, -1.6819464090371814e-03,
       1.1681223116985544e+00 ]
T: !!opencv-matrix
   rows: 3
   cols: 1
   dt: d
   data: [ 1.0361856538289700e-08, 3.3293062350733327e-09,
       8.4314898868932076e-09 ]
E: !!opencv-matrix
   rows: 0
   cols: 0
   dt: u
   data: []
F: !!opencv-matrix
   rows: 0
   cols: 0
   dt: u
   data: []
K1: !!opencv-matrix
   rows: 3
   cols: 3
   dt: d
   data: [ 3.6627756984521932e+02, 0., 3.8060969928433269e+02, 0.,
       3.6653175179255015e+02, 2.3878059668569790e+02, 0., 0., 1. ]
D1: !!opencv-matrix
   rows: 5
   cols: 1
   dt: d
   data: [ -2.1859934914563901e-02, -9.9468572971318997e-04,
       1.6448003429794193e-03, -3.1164985765511365e-04,
       3.5195408316194161e-04 ]
P1: !!opencv-matrix
   rows: 3
   cols: 4
   dt: f
   data: [ -4.88378048e+00, 0., 5.17734253e+02, 0., 0., -4.88378048e+00,
       3.59832764e+01, 0., 0., 0., 1., 0. ]
R1: !!opencv-matrix
   rows: 3
   cols: 3
   dt: f
   data: [ 9.93263721e-01, -9.17681977e-02, 7.07512870e-02,
       8.28318074e-02, 1.35327920e-01, -9.87332404e-01, 8.10310841e-02,
       9.86541927e-01, 1.42017633e-01 ]
K2: !!opencv-matrix
   rows: 3
   cols: 3
   dt: d
   data: [ 3.6687495098581172e+02, 0., 3.7621769200552956e+02, 0.,
       3.6726361788508825e+02, 2.2399932895774910e+02, 0., 0., 1. ]
D2: !!opencv-matrix
   rows: 5
   cols: 1
   dt: d
   data: [ -2.2201337830972428e-02, -1.1445843221826492e-03,
       2.9199201696882579e-04, -7.1705872414221615e-04,
       5.1284674356775366e-04 ]
P2: !!opencv-matrix
   rows: 3
   cols: 4
   dt: f
   data: [ -4.88378048e+00, 0., 5.17734253e+02, 0., 0., -4.88378048e+00,
       3.59832764e+01, -2.02674173e-07, 0., 0., 1., 0. ]
R2: !!opencv-matrix
   rows: 3
   cols: 3
   dt: f
   data: [ 9.91490901e-01, -9.41790342e-02, 8.98672938e-02,
       1.03050210e-01, 1.46031260e-01, -9.83898103e-01, 7.95391425e-02,
       9.84786868e-01, 1.54493824e-01 ]
