%YAML:1.0
---
Q: !!opencv-matrix
   rows: 4
   cols: 4
   dt: f
   data: [ 1., 0., 0., -3.82644409e+02, 0., 1., 0., -2.31851974e+02, 0.,
       0., 0., 3.58699036e+02, 0., 0., 5.54176001e-03, 0. ]
R: !!opencv-matrix
   rows: 3
   cols: 3
   dt: d
   data: [ 9.9990544976481432e-01, 9.7337306201535634e-03,
       -3.1445430210430255e-03, -9.6822443315554476e-03,
       9.9984585017131977e-01, 9.2340376435512822e-03,
       3.2428378012267891e-03, -9.2030410584553971e-03,
       9.9988766795969863e-01 ]
T: !!opencv-matrix
   rows: 3
   cols: 1
   dt: d
   data: [ -1.8044423586286732e+02, 8.6845694793024741e-01,
       7.9837334332392507e-01 ]
E: !!opencv-matrix
   rows: 0
   cols: 0
   dt: u
   data: []
F: !!opencv-matrix
   rows: 0
   cols: 0
   dt: u
   data: []
K1: !!opencv-matrix
   rows: 3
   cols: 3
   dt: d
   data: [ 3.6627756984521932e+02, 0., 3.8060969928433269e+02, 0.,
       3.6653175179255015e+02, 2.3878059668569790e+02, 0., 0., 1. ]
D1: !!opencv-matrix
   rows: 5
   cols: 1
   dt: d
   data: [ -2.1859934914563901e-02, -9.9468572971318997e-04,
       1.6448003429794193e-03, -3.1164985765511365e-04,
       3.5195408316194161e-04 ]
P1: !!opencv-matrix
   rows: 3
   cols: 4
   dt: f
   data: [ 3.58699036e+02, 0., 3.82644409e+02, 0., 0., 3.58699036e+02,
       2.31851974e+02, 0., 0., 0., 1., 0. ]
R1: !!opencv-matrix
   rows: 3
   cols: 3
   dt: f
   data: [ 9.99958754e-01, 4.95141419e-03, -7.61771761e-03,
       -4.91635734e-03, 9.99977291e-01, 4.61387448e-03, 7.64038973e-03,
       -4.57623275e-03, 9.99960363e-01 ]
K2: !!opencv-matrix
   rows: 3
   cols: 3
   dt: d
   data: [ 3.6687495098581172e+02, 0., 3.7621769200552956e+02, 0.,
       3.6726361788508825e+02, 2.2399932895774910e+02, 0., 0., 1. ]
D2: !!opencv-matrix
   rows: 5
   cols: 1
   dt: d
   data: [ -2.2201337830972428e-02, -1.1445843221826492e-03,
       2.9199201696882579e-04, -7.1705872414221615e-04,
       5.1284674356775366e-04 ]
P2: !!opencv-matrix
   rows: 3
   cols: 4
   dt: f
   data: [ 3.58699036e+02, 0., 3.82644409e+02, -6.47265586e+04, 0.,
       3.58699036e+02, 2.31851974e+02, 0., 0., 0., 1., 0. ]
R2: !!opencv-matrix
   rows: 3
   cols: 3
   dt: f
   data: [ 9.99978602e-01, -4.81277984e-03, -4.42439318e-03,
       4.79239831e-03, 9.99977887e-01, -4.60572774e-03, 4.44646180e-03,
       4.58442559e-03, 9.99979615e-01 ]
