%YAML:1.0
---
Q: !!opencv-matrix
   rows: 4
   cols: 4
   dt: f
   data: [ 1., 0., 0., -3.82644592e+02, 0., 1., 0., -2.31851990e+02, 0.,
       0., 0., 3.58698669e+02, 0., 0., 5.54070435e-03, 0. ]
R: !!opencv-matrix
   rows: 3
   cols: 3
   dt: d
   data: [ 9.9990940020285857e-01, 9.7315958378206644e-03,
       -3.1455400162182646e-03, -9.6822334027068992e-03,
       9.9983971475721956e-01, 9.2339857742642882e-03,
       3.2427732630740300e-03, -9.2029752533971301e-03,
       9.9988152680230102e-01 ]
T: !!opencv-matrix
   rows: 3
   cols: 1
   dt: d
   data: [ -1.8047860487458274e+02, 8.6862238641769607e-01,
       7.9852533857687480e-01 ]
E: !!opencv-matrix
   rows: 0
   cols: 0
   dt: u
   data: []
F: !!opencv-matrix
   rows: 0
   cols: 0
   dt: u
   data: []
K1: !!opencv-matrix
   rows: 3
   cols: 3
   dt: d
   data: [ 3.6627756984521932e+02, 0., 3.8060969928433269e+02, 0.,
       3.6653175179255015e+02, 2.3878059668569790e+02, 0., 0., 1. ]
D1: !!opencv-matrix
   rows: 5
   cols: 1
   dt: d
   data: [ -2.1859934914563901e-02, -9.9468572971318997e-04,
       1.6448003429794193e-03, -3.1164985765511365e-04,
       3.5195408316194161e-04 ]
P1: !!opencv-matrix
   rows: 3
   cols: 4
   dt: f
   data: [ 3.58698669e+02, 0., 3.82644592e+02, 0., 0., 3.58698669e+02,
       2.31851990e+02, 0., 0., 0., 1., 0. ]
R1: !!opencv-matrix
   rows: 3
   cols: 3
   dt: f
   data: [ 9.99958754e-01, 4.95035155e-03, -7.61818700e-03,
       -4.91529237e-03, 9.99977291e-01, 4.61386936e-03, 7.64085446e-03,
       -4.57623322e-03, 9.99960363e-01 ]
K2: !!opencv-matrix
   rows: 3
   cols: 3
   dt: d
   data: [ 3.6687495098581172e+02, 0., 3.7621769200552956e+02, 0.,
       3.6726361788508825e+02, 2.2399932895774910e+02, 0., 0., 1. ]
D2: !!opencv-matrix
   rows: 5
   cols: 1
   dt: d
   data: [ -2.2201337830972428e-02, -1.1445843221826492e-03,
       2.9199201696882579e-04, -7.1705872414221615e-04,
       5.1284674356775366e-04 ]
P2: !!opencv-matrix
   rows: 3
   cols: 4
   dt: f
   data: [ 3.58698669e+02, 0., 3.82644592e+02, -6.47388164e+04, 0.,
       3.58698669e+02, 2.31851990e+02, 0., 0., 0., 1., 0. ]
R2: !!opencv-matrix
   rows: 3
   cols: 3
   dt: f
   data: [ 9.99978602e-01, -4.81277984e-03, -4.42439318e-03,
       4.79239877e-03, 9.99977887e-01, -4.60572494e-03, 4.44646180e-03,
       4.58442280e-03, 9.99979615e-01 ]
