%YAML:1.0
---
Q: !!opencv-matrix
   rows: 4
   cols: 4
   dt: f
   data: [ 1., 0., 0., -3.82441956e+02, 0., 1., 0., -2.31850540e+02, 0.,
       0., 0., 3.58667816e+02, 0., 0., 5.55243343e-03, 0. ]
R: !!opencv-matrix
   rows: 3
   cols: 3
   dt: d
   data: [ 9.9995668597036547e-01, 9.7334083399126890e-03,
       -3.1445660700729927e-03, -9.6826761264256402e-03,
       9.9988533174420546e-01, 9.2344070339780704e-03,
       3.2431393934890043e-03, -9.2032252314704875e-03,
       9.9992721959400854e-01 ]
T: !!opencv-matrix
   rows: 3
   cols: 1
   dt: d
   data: [ -1.8011514003206139e+02, 8.1731967418450813e-01,
       7.5091694598760805e-01 ]
E: !!opencv-matrix
   rows: 0
   cols: 0
   dt: u
   data: []
F: !!opencv-matrix
   rows: 0
   cols: 0
   dt: u
   data: []
K1: !!opencv-matrix
   rows: 3
   cols: 3
   dt: d
   data: [ 3.6627756984521932e+02, 0., 3.8060969928433269e+02, 0.,
       3.6653175179255015e+02, 2.3878059668569790e+02, 0., 0., 1. ]
D1: !!opencv-matrix
   rows: 5
   cols: 1
   dt: d
   data: [ -2.1859934914563901e-02, -9.9468572971318997e-04,
       1.6448003429794193e-03, -3.1164985765511365e-04,
       3.5195408316194161e-04 ]
P1: !!opencv-matrix
   rows: 3
   cols: 4
   dt: f
   data: [ 3.58667816e+02, 0., 3.82441956e+02, 0., 0., 3.58667816e+02,
       2.31850540e+02, 0., 0., 0., 1., 0. ]
R1: !!opencv-matrix
   rows: 3
   cols: 3
   dt: f
   data: [ 9.99959290e-01, 5.22350147e-03, -7.36031355e-03,
       -5.18961856e-03, 9.99975860e-01, 4.61504562e-03, 7.38424296e-03,
       -4.57666069e-03, 9.99962270e-01 ]
K2: !!opencv-matrix
   rows: 3
   cols: 3
   dt: d
   data: [ 3.6687495098581172e+02, 0., 3.7621769200552956e+02, 0.,
       3.6726361788508825e+02, 2.2399932895774910e+02, 0., 0., 1. ]
D2: !!opencv-matrix
   rows: 5
   cols: 1
   dt: d
   data: [ -2.2201337830972428e-02, -1.1445843221826492e-03,
       2.9199201696882579e-04, -7.1705872414221615e-04,
       5.1284674356775366e-04 ]
P2: !!opencv-matrix
   rows: 3
   cols: 4
   dt: f
   data: [ 3.58667816e+02, 0., 3.82441956e+02, -6.45965117e+04, 0.,
       3.58667816e+02, 2.31850540e+02, 0., 0., 0., 1., 0. ]
R2: !!opencv-matrix
   rows: 3
   cols: 3
   dt: f
   data: [ 9.99980986e-01, -4.53767600e-03, -4.16901475e-03,
       4.51846747e-03, 9.99979198e-01, -4.60534077e-03, 4.18982562e-03,
       4.58641583e-03, 9.99980688e-01 ]
