%YAML:1.0
---
Q: !!opencv-matrix
   rows: 4
   cols: 4
   dt: f
   data: [ 1., 0., 0., -3.82664673e+02, 0., 1., 0., -2.32002762e+02, 0.,
       0., 0., 3.57408295e+02, 0., 0., 5.53968921e-03, 0. ]
R: !!opencv-matrix
   rows: 3
   cols: 3
   dt: d
   data: [ 9.9989970693991848e-01, 9.7628486448682501e-03,
       -3.1443406462240107e-03, -9.6829011559296223e-03,
       9.9983429391763068e-01, 9.2337372692347028e-03,
       3.2428552277346929e-03, -9.2036668278988251e-03,
       9.9987749252563851e-01 ]
T: !!opencv-matrix
   rows: 3
   cols: 1
   dt: d
   data: [ -1.8044499597244643e+02, 5.8088668607941401e+00,
       7.3283784411560493e-01 ]
E: !!opencv-matrix
   rows: 0
   cols: 0
   dt: u
   data: []
F: !!opencv-matrix
   rows: 0
   cols: 0
   dt: u
   data: []
K1: !!opencv-matrix
   rows: 3
   cols: 3
   dt: d
   data: [ 3.6627756984521932e+02, 0., 3.8060969928433269e+02, 0.,
       3.6653175179255015e+02, 2.3878059668569790e+02, 0., 0., 1. ]
D1: !!opencv-matrix
   rows: 5
   cols: 1
   dt: d
   data: [ -2.1859934914563901e-02, -9.9468572971318997e-04,
       1.6448003429794193e-03, -3.1164985765511365e-04,
       3.5195408316194161e-04 ]
P1: !!opencv-matrix
   rows: 3
   cols: 4
   dt: f
   data: [ 3.57408295e+02, 0., 3.82664673e+02, 0., 0., 3.57408295e+02,
       2.32002762e+02, 0., 0., 0., 1., 0. ]
R1: !!opencv-matrix
   rows: 3
   cols: 3
   dt: f
   data: [ 9.99720931e-01, -2.24014185e-02, -7.50304479e-03,
       2.24355031e-02, 9.99738216e-01, 4.48966585e-03, 7.40050571e-03,
       -4.65674698e-03, 9.99961793e-01 ]
K2: !!opencv-matrix
   rows: 3
   cols: 3
   dt: d
   data: [ 3.6687495098581172e+02, 0., 3.7621769200552956e+02, 0.,
       3.6726361788508825e+02, 2.2399932895774910e+02, 0., 0., 1. ]
D2: !!opencv-matrix
   rows: 5
   cols: 1
   dt: d
   data: [ -2.2201337830972428e-02, -1.1445843221826492e-03,
       2.9199201696882579e-04, -7.1705872414221615e-04,
       5.1284674356775366e-04 ]
P2: !!opencv-matrix
   rows: 3
   cols: 4
   dt: f
   data: [ 3.57408295e+02, 0., 3.82664673e+02, -6.45177539e+04, 0.,
       3.57408295e+02, 2.32002762e+02, 0., 0., 0., 1., 0. ]
R2: !!opencv-matrix
   rows: 3
   cols: 3
   dt: f
   data: [ 9.99473989e-01, -3.21749635e-02, -4.05914523e-03,
       3.21560614e-02, 9.99472082e-01, -4.63940715e-03, 4.20627510e-03,
       4.50644083e-03, 9.99980986e-01 ]
