%YAML:1.0
---
Q: !!opencv-matrix
   rows: 4
   cols: 4
   dt: f
   data: [ 1., 0., 0., -3.82671143e+02, 0., 1., 0., -2.32002991e+02, 0.,
       0., 0., 3.57398010e+02, 0., 0., 5.54267457e-03, 0. ]
R: !!opencv-matrix
   rows: 3
   cols: 3
   dt: d
   data: [ 9.9983037903035599e-01, 9.7191492696871128e-03,
       -3.1690490232558375e-03, -9.6797256344823852e-03,
       9.9987764382173860e-01, 9.2349157160035462e-03,
       3.2434417477173209e-03, -9.2038734220898574e-03,
       9.9991952418664332e-01 ]
T: !!opencv-matrix
   rows: 3
   cols: 1
   dt: d
   data: [ -1.8032849790912789e+02, 5.8051164386805718e+00,
       7.3236467321337151e-01 ]
E: !!opencv-matrix
   rows: 0
   cols: 0
   dt: u
   data: []
F: !!opencv-matrix
   rows: 0
   cols: 0
   dt: u
   data: []
K1: !!opencv-matrix
   rows: 3
   cols: 3
   dt: d
   data: [ 3.6627756984521932e+02, 0., 3.8060969928433269e+02, 0.,
       3.6653175179255015e+02, 2.3878059668569790e+02, 0., 0., 1. ]
D1: !!opencv-matrix
   rows: 5
   cols: 1
   dt: d
   data: [ -2.1859934914563901e-02, -9.9468572971318997e-04,
       1.6448003429794193e-03, -3.1164985765511365e-04,
       3.5195408316194161e-04 ]
P1: !!opencv-matrix
   rows: 3
   cols: 4
   dt: f
   data: [ 3.57398010e+02, 0., 3.82671143e+02, 0., 0., 3.57398010e+02,
       2.32002991e+02, 0., 0., 0., 1., 0. ]
R1: !!opencv-matrix
   rows: 3
   cols: 3
   dt: f
   data: [ 9.99720097e-01, -2.24318095e-02, -7.51962606e-03,
       2.24659685e-02, 9.99737501e-01, 4.48940136e-03, 7.41694681e-03,
       -4.65708040e-03, 9.99961674e-01 ]
K2: !!opencv-matrix
   rows: 3
   cols: 3
   dt: d
   data: [ 3.6687495098581172e+02, 0., 3.7621769200552956e+02, 0.,
       3.6726361788508825e+02, 2.2399932895774910e+02, 0., 0., 1. ]
D2: !!opencv-matrix
   rows: 5
   cols: 1
   dt: d
   data: [ -2.2201337830972428e-02, -1.1445843221826492e-03,
       2.9199201696882579e-04, -7.1705872414221615e-04,
       5.1284674356775366e-04 ]
P2: !!opencv-matrix
   rows: 3
   cols: 4
   dt: f
   data: [ 3.57398010e+02, 0., 3.82671143e+02, -6.44811445e+04, 0.,
       3.57398010e+02, 2.32002991e+02, 0., 0., 0., 1., 0. ]
R2: !!opencv-matrix
   rows: 3
   cols: 3
   dt: f
   data: [ 9.99473989e-01, -3.21749635e-02, -4.05914523e-03,
       3.21560614e-02, 9.99472082e-01, -4.63944254e-03, 4.20627650e-03,
       4.50647622e-03, 9.99980986e-01 ]
