%YAML:1.0
---
Q: !!opencv-matrix
   rows: 4
   cols: 4
   dt: f
   data: [ 1., 0., 0., -3.82348053e+02, 0., 1., 0., -2.31849899e+02, 0.,
       0., 0., 3.58596527e+02, 0., 0., 5.55327395e-03, 0. ]
R: !!opencv-matrix
   rows: 3
   cols: 3
   dt: d
   data: [ 9.9996028129760073e-01, 9.7336979486375916e-03,
       -3.1481794096860690e-03, -9.6826868583711357e-03,
       9.9988713891881298e-01, 9.2344785542130374e-03,
       3.2430179889051001e-03, -9.2037795734652879e-03,
       9.9992927302028889e-01 ]
T: !!opencv-matrix
   rows: 3
   cols: 1
   dt: d
   data: [ -1.8008090935495238e+02, 7.9428045765719058e-01,
       7.2931476312835342e-01 ]
E: !!opencv-matrix
   rows: 0
   cols: 0
   dt: u
   data: []
F: !!opencv-matrix
   rows: 0
   cols: 0
   dt: u
   data: []
K1: !!opencv-matrix
   rows: 3
   cols: 3
   dt: d
   data: [ 3.6627756984521932e+02, 0., 3.8060969928433269e+02, 0.,
       3.6653175179255015e+02, 2.3878059668569790e+02, 0., 0., 1. ]
D1: !!opencv-matrix
   rows: 5
   cols: 1
   dt: d
   data: [ -2.1859934914563901e-02, -9.9468572971318997e-04,
       1.6448003429794193e-03, -3.1164985765511365e-04,
       3.5195408316194161e-04 ]
P1: !!opencv-matrix
   rows: 3
   cols: 4
   dt: f
   data: [ 3.58596527e+02, 0., 3.82348053e+02, 0., 0., 3.58596527e+02,
       2.31849899e+02, 0., 0., 0., 1., 0. ]
R1: !!opencv-matrix
   rows: 3
   cols: 3
   dt: f
   data: [ 9.99959469e-01, 5.34972129e-03, -7.24156434e-03,
       -5.31637901e-03, 9.99975204e-01, 4.61573014e-03, 7.26607768e-03,
       -4.57704440e-03, 9.99963105e-01 ]
K2: !!opencv-matrix
   rows: 3
   cols: 3
   dt: d
   data: [ 3.6687495098581172e+02, 0., 3.7621769200552956e+02, 0.,
       3.6726361788508825e+02, 2.2399932895774910e+02, 0., 0., 1. ]
D2: !!opencv-matrix
   rows: 5
   cols: 1
   dt: d
   data: [ -2.2201337830972428e-02, -1.1445843221826492e-03,
       2.9199201696882579e-04, -7.1705872414221615e-04,
       5.1284674356775366e-04 ]
P2: !!opencv-matrix
   rows: 3
   cols: 4
   dt: f
   data: [ 3.58596527e+02, 0., 3.82348053e+02, -6.45738945e+04, 0.,
       3.58596527e+02, 2.31849899e+02, 0., 0., 0., 1., 0. ]
R2: !!opencv-matrix
   rows: 3
   cols: 3
   dt: f
   data: [ 9.99982059e-01, -4.41060774e-03, -4.04985528e-03,
       4.39194590e-03, 9.99979734e-01, -4.60534776e-03, 4.07008594e-03,
       4.58747847e-03, 9.99981165e-01 ]
