%YAML:1.0
---
Q: !!opencv-matrix
   rows: 4
   cols: 4
   dt: f
   data: [ 1., 0., 0., -3.82672485e+02, 0., 1., 0., -2.32003036e+02, 0.,
       0., 0., 3.57395630e+02, 0., 0., 5.54291159e-03, 0. ]
R: !!opencv-matrix
   rows: 3
   cols: 3
   dt: d
   data: [ 9.9980204061802647e-01, 9.7063103286510743e-03,
       -3.1756004763080661e-03, -9.6785994016917298e-03,
       9.9988756721285343e-01, 9.2352134729468162e-03,
       3.2436258032133096e-03, -9.2039083342188889e-03,
       9.9992905816259336e-01 ]
T: !!opencv-matrix
   rows: 3
   cols: 1
   dt: d
   data: [ -1.8032341074949508e+02, 5.8049526348333416e+00,
       7.3234415911070139e-01 ]
E: !!opencv-matrix
   rows: 0
   cols: 0
   dt: u
   data: []
F: !!opencv-matrix
   rows: 0
   cols: 0
   dt: u
   data: []
K1: !!opencv-matrix
   rows: 3
   cols: 3
   dt: d
   data: [ 3.6627756984521932e+02, 0., 3.8060969928433269e+02, 0.,
       3.6653175179255015e+02, 2.3878059668569790e+02, 0., 0., 1. ]
D1: !!opencv-matrix
   rows: 5
   cols: 1
   dt: d
   data: [ -2.1859934914563901e-02, -9.9468572971318997e-04,
       1.6448003429794193e-03, -3.1164985765511365e-04,
       3.5195408316194161e-04 ]
P1: !!opencv-matrix
   rows: 3
   cols: 4
   dt: f
   data: [ 3.57395630e+02, 0., 3.82672485e+02, 0., 0., 3.57395630e+02,
       2.32003036e+02, 0., 0., 0., 1., 0. ]
R1: !!opencv-matrix
   rows: 3
   cols: 3
   dt: f
   data: [ 9.99719918e-01, -2.24389192e-02, -7.52318138e-03,
       2.24730950e-02, 9.99737382e-01, 4.48934175e-03, 7.42046954e-03,
       -4.65715351e-03, 9.99961615e-01 ]
K2: !!opencv-matrix
   rows: 3
   cols: 3
   dt: d
   data: [ 3.6687495098581172e+02, 0., 3.7621769200552956e+02, 0.,
       3.6726361788508825e+02, 2.2399932895774910e+02, 0., 0., 1. ]
D2: !!opencv-matrix
   rows: 5
   cols: 1
   dt: d
   data: [ -2.2201337830972428e-02, -1.1445843221826492e-03,
       2.9199201696882579e-04, -7.1705872414221615e-04,
       5.1284674356775366e-04 ]
P2: !!opencv-matrix
   rows: 3
   cols: 4
   dt: f
   data: [ 3.57395630e+02, 0., 3.82672485e+02, -6.44779570e+04, 0.,
       3.57395630e+02, 2.32003036e+02, 0., 0., 0., 1., 0. ]
R2: !!opencv-matrix
   rows: 3
   cols: 3
   dt: f
   data: [ 9.99473989e-01, -3.21749561e-02, -4.05906979e-03,
       3.21560539e-02, 9.99472082e-01, -4.63944860e-03, 4.20620106e-03,
       4.50648461e-03, 9.99980986e-01 ]
