%YAML:1.0
---
Q: !!opencv-matrix
   rows: 4
   cols: 4
   dt: f
   data: [ 1., 0., 0., -3.83241821e+02, 0., 1., 0., -2.32334106e+02, 0.,
       0., 0., 3.66915649e+02, 0., 0., 5.57574676e-03, 0. ]
R: !!opencv-matrix
   rows: 3
   cols: 3
   dt: d
   data: [ 9.9991827274937550e-01, 9.7678470249211360e-03,
       -3.0948240218563613e-03, -9.6650691587413153e-03,
       1.0000993220369134e+00, 9.2312882945329959e-03,
       3.2449542279151468e-03, -9.2062639337982671e-03,
       1.0001452428855326e+00 ]
T: !!opencv-matrix
   rows: 3
   cols: 1
   dt: d
   data: [ -1.7852870274063545e+02, 1.5666701076323287e+01,
       7.2552981168025354e-01 ]
E: !!opencv-matrix
   rows: 0
   cols: 0
   dt: u
   data: []
F: !!opencv-matrix
   rows: 0
   cols: 0
   dt: u
   data: []
K1: !!opencv-matrix
   rows: 3
   cols: 3
   dt: d
   data: [ 3.6627756984521932e+02, 0., 3.8060969928433269e+02, 0.,
       3.6653175179255015e+02, 2.3878059668569790e+02, 0., 0., 1. ]
D1: !!opencv-matrix
   rows: 5
   cols: 1
   dt: d
   data: [ -2.1859934914563901e-02, -9.9468572971318997e-04,
       1.6448003429794193e-03, -3.1164985765511365e-04,
       3.5195408316194161e-04 ]
P1: !!opencv-matrix
   rows: 3
   cols: 4
   dt: f
   data: [ 3.66915649e+02, 0., 3.83241821e+02, 0., 0., 3.66915649e+02,
       2.32334106e+02, 0., 0., 0., 1., 0. ]
R1: !!opencv-matrix
   rows: 3
   cols: 3
   dt: f
   data: [ 9.96946990e-01, -7.76768997e-02, -7.94050749e-03,
       7.77120590e-02, 9.96966898e-01, 4.21858532e-03, 7.58873718e-03,
       -4.82277898e-03, 9.99959588e-01 ]
K2: !!opencv-matrix
   rows: 3
   cols: 3
   dt: d
   data: [ 3.6687495098581172e+02, 0., 3.7621769200552956e+02, 0.,
       3.6726361788508825e+02, 2.2399932895774910e+02, 0., 0., 1. ]
D2: !!opencv-matrix
   rows: 5
   cols: 1
   dt: d
   data: [ -2.2201337830972428e-02, -1.1445843221826492e-03,
       2.9199201696882579e-04, -7.1705872414221615e-04,
       5.1284674356775366e-04 ]
P2: !!opencv-matrix
   rows: 3
   cols: 4
   dt: f
   data: [ 3.66915649e+02, 0., 3.83241821e+02, -6.58056563e+04, 0.,
       3.66915649e+02, 2.32334106e+02, 0., 0., 0., 1., 0. ]
R2: !!opencv-matrix
   rows: 3
   cols: 3
   dt: f
   data: [ 9.96163487e-01, -8.74178410e-02, -4.04827436e-03,
       8.73986110e-02, 9.96162295e-01, -4.70572896e-03, 4.44410322e-03,
       4.33386164e-03, 9.99980748e-01 ]
