%YAML:1.0
---
Q: !!opencv-matrix
   rows: 4
   cols: 4
   dt: f
   data: [ 1., 0., 0., -3.83259216e+02, 0., 1., 0., -2.32334991e+02, 0.,
       0., 0., 3.66909821e+02, 0., 0., 5.58154378e-03, 0. ]
R: !!opencv-matrix
   rows: 3
   cols: 3
   dt: d
   data: [ 1.0000102527532602e+00, 9.7854262827061205e-03,
       -3.1459584491528702e-03, -9.6748302780025469e-03,
       1.0000761202026529e+00, 9.2355816643264563e-03,
       3.2444241101108511e-03, -9.2061371893939186e-03,
       1.0001238098885670e+00 ]
T: !!opencv-matrix
   rows: 3
   cols: 1
   dt: d
   data: [ -1.7847381479017102e+02, 1.5661884475922168e+01,
       7.2530429187287049e-01 ]
E: !!opencv-matrix
   rows: 0
   cols: 0
   dt: u
   data: []
F: !!opencv-matrix
   rows: 0
   cols: 0
   dt: u
   data: []
K1: !!opencv-matrix
   rows: 3
   cols: 3
   dt: d
   data: [ 3.6627756984521932e+02, 0., 3.8060969928433269e+02, 0.,
       3.6653175179255015e+02, 2.3878059668569790e+02, 0., 0., 1. ]
D1: !!opencv-matrix
   rows: 5
   cols: 1
   dt: d
   data: [ -2.1859934914563901e-02, -9.9468572971318997e-04,
       1.6448003429794193e-03, -3.1164985765511365e-04,
       3.5195408316194161e-04 ]
P1: !!opencv-matrix
   rows: 3
   cols: 4
   dt: f
   data: [ 3.66909821e+02, 0., 3.83259216e+02, 0., 0., 3.66909821e+02,
       2.32334991e+02, 0., 0., 0., 1., 0. ]
R1: !!opencv-matrix
   rows: 3
   cols: 3
   dt: f
   data: [ 9.96946812e-01, -7.76742399e-02, -7.98494928e-03,
       7.77096003e-02, 9.96967137e-01, 4.21773409e-03, 7.63312308e-03,
       -4.82536387e-03, 9.99959230e-01 ]
K2: !!opencv-matrix
   rows: 3
   cols: 3
   dt: d
   data: [ 3.6687495098581172e+02, 0., 3.7621769200552956e+02, 0.,
       3.6726361788508825e+02, 2.2399932895774910e+02, 0., 0., 1. ]
D2: !!opencv-matrix
   rows: 5
   cols: 1
   dt: d
   data: [ -2.2201337830972428e-02, -1.1445843221826492e-03,
       2.9199201696882579e-04, -7.1705872414221615e-04,
       5.1284674356775366e-04 ]
P2: !!opencv-matrix
   rows: 3
   cols: 4
   dt: f
   data: [ 3.66909821e+02, 0., 3.83259216e+02, -6.57362578e+04, 0.,
       3.66909821e+02, 2.32334991e+02, 0., 0., 0., 1., 0. ]
R2: !!opencv-matrix
   rows: 3
   cols: 3
   dt: f
   data: [ 9.96163487e-01, -8.74178559e-02, -4.04834049e-03,
       8.73986185e-02, 9.96162295e-01, -4.70660022e-03, 4.44424525e-03,
       4.33472404e-03, 9.99980748e-01 ]
