%YAML:1.0
---
Q: !!opencv-matrix
   rows: 4
   cols: 4
   dt: f
   data: [ 1., 0., 0., -3.82963409e+02, 0., 1., 0., -2.32164520e+02, 0.,
       0., 0., 3.61194916e+02, 0., 0., 5.55495545e-03, 0. ]
R: !!opencv-matrix
   rows: 3
   cols: 3
   dt: d
   data: [ 9.9996893067289727e-01, 9.7930826497070536e-03,
       -3.1412372072621318e-03, -9.6836223690335219e-03,
       9.9991344106137303e-01, 9.2340053683952553e-03,
       3.2432545487326102e-03, -9.2045799110327311e-03,
       9.9995996105133944e-01 ]
T: !!opencv-matrix
   rows: 3
   cols: 1
   dt: d
   data: [ -1.7972366568807959e+02, 1.0778750909562383e+01,
       7.2935787591119183e-01 ]
E: !!opencv-matrix
   rows: 0
   cols: 0
   dt: u
   data: []
F: !!opencv-matrix
   rows: 0
   cols: 0
   dt: u
   data: []
K1: !!opencv-matrix
   rows: 3
   cols: 3
   dt: d
   data: [ 3.6627756984521932e+02, 0., 3.8060969928433269e+02, 0.,
       3.6653175179255015e+02, 2.3878059668569790e+02, 0., 0., 1. ]
D1: !!opencv-matrix
   rows: 5
   cols: 1
   dt: d
   data: [ -2.1859934914563901e-02, -9.9468572971318997e-04,
       1.6448003429794193e-03, -3.1164985765511365e-04,
       3.5195408316194161e-04 ]
P1: !!opencv-matrix
   rows: 3
   cols: 4
   dt: f
   data: [ 3.61194916e+02, 0., 3.82963409e+02, 0., 0., 3.61194916e+02,
       2.32164520e+02, 0., 0., 0., 1., 0. ]
R1: !!opencv-matrix
   rows: 3
   cols: 3
   dt: f
   data: [ 9.98714805e-01, -5.00878468e-02, -7.74532277e-03,
       5.01225814e-02, 9.98733580e-01, 4.35696729e-03, 7.51728285e-03,
       -4.73958347e-03, 9.99960542e-01 ]
K2: !!opencv-matrix
   rows: 3
   cols: 3
   dt: d
   data: [ 3.6687495098581172e+02, 0., 3.7621769200552956e+02, 0.,
       3.6726361788508825e+02, 2.2399932895774910e+02, 0., 0., 1. ]
D2: !!opencv-matrix
   rows: 5
   cols: 1
   dt: d
   data: [ -2.2201337830972428e-02, -1.1445843221826492e-03,
       2.9199201696882579e-04, -7.1705872414221615e-04,
       5.1284674356775366e-04 ]
P2: !!opencv-matrix
   rows: 3
   cols: 4
   dt: f
   data: [ 3.61194916e+02, 0., 3.82963409e+02, -6.50221094e+04, 0.,
       3.61194916e+02, 2.32164520e+02, 0., 0., 0., 1., 0. ]
R2: !!opencv-matrix
   rows: 3
   cols: 3
   dt: f
   data: [ 9.98198211e-01, -5.98659590e-02, -4.05090628e-03,
       5.98469004e-02, 9.98196602e-01, -4.67311498e-03, 4.32336144e-03,
       4.42226045e-03, 9.99980867e-01 ]
