%YAML:1.0
---
Q: !!opencv-matrix
   rows: 4
   cols: 4
   dt: f
   data: [ 1., 0., 0., -3.82668518e+02, 0., 1., 0., -2.32002899e+02, 0.,
       0., 0., 3.57402618e+02, 0., 0., 5.54233696e-03, 0. ]
R: !!opencv-matrix
   rows: 3
   cols: 3
   dt: d
   data: [ 9.9988594604316494e-01, 9.7467956611438714e-03,
       -3.1559493674896124e-03, -9.6819508363873829e-03,
       9.9985735769469053e-01, 9.2343168733843763e-03,
       3.2430753394677662e-03, -9.2038081323794832e-03,
       9.9990008034157307e-01 ]
T: !!opencv-matrix
   rows: 3
   cols: 1
   dt: d
   data: [ -1.8034273410139704e+02, 5.8055748094667470e+00,
       7.3242235024535007e-01 ]
E: !!opencv-matrix
   rows: 0
   cols: 0
   dt: u
   data: []
F: !!opencv-matrix
   rows: 0
   cols: 0
   dt: u
   data: []
K1: !!opencv-matrix
   rows: 3
   cols: 3
   dt: d
   data: [ 3.6627756984521932e+02, 0., 3.8060969928433269e+02, 0.,
       3.6653175179255015e+02, 2.3878059668569790e+02, 0., 0., 1. ]
D1: !!opencv-matrix
   rows: 5
   cols: 1
   dt: d
   data: [ -2.1859934914563901e-02, -9.9468572971318997e-04,
       1.6448003429794193e-03, -3.1164985765511365e-04,
       3.5195408316194161e-04 ]
P1: !!opencv-matrix
   rows: 3
   cols: 4
   dt: f
   data: [ 3.57402618e+02, 0., 3.82668518e+02, 0., 0., 3.57402618e+02,
       2.32002899e+02, 0., 0., 0., 1., 0. ]
R1: !!opencv-matrix
   rows: 3
   cols: 3
   dt: f
   data: [ 9.99720454e-01, -2.24177223e-02, -7.51288095e-03,
       2.24518497e-02, 9.99737859e-01, 4.48951870e-03, 7.41026644e-03,
       -4.65694163e-03, 9.99961674e-01 ]
K2: !!opencv-matrix
   rows: 3
   cols: 3
   dt: d
   data: [ 3.6687495098581172e+02, 0., 3.7621769200552956e+02, 0.,
       3.6726361788508825e+02, 2.2399932895774910e+02, 0., 0., 1. ]
D2: !!opencv-matrix
   rows: 5
   cols: 1
   dt: d
   data: [ -2.2201337830972428e-02, -1.1445843221826492e-03,
       2.9199201696882579e-04, -7.1705872414221615e-04,
       5.1284674356775366e-04 ]
P2: !!opencv-matrix
   rows: 3
   cols: 4
   dt: f
   data: [ 3.57402618e+02, 0., 3.82668518e+02, -6.44859023e+04, 0.,
       3.57402618e+02, 2.32002899e+02, 0., 0., 0., 1., 0. ]
R2: !!opencv-matrix
   rows: 3
   cols: 3
   dt: f
   data: [ 9.99473989e-01, -3.21749635e-02, -4.05914430e-03,
       3.21560614e-02, 9.99472082e-01, -4.63943137e-03, 4.20627464e-03,
       4.50646505e-03, 9.99980986e-01 ]
