%YAML:1.0
---
Q: !!opencv-matrix
   rows: 4
   cols: 4
   dt: f
   data: [ 1., 0., 0., -3.83261047e+02, 0., 1., 0., -2.32334946e+02, 0.,
       0., 0., 3.66915253e+02, 0., 0., 5.56787709e-03, 0. ]
R: !!opencv-matrix
   rows: 3
   cols: 3
   dt: d
   data: [ 1.0000314858165644e+00, 9.8210333054694413e-03,
       -3.1385405962139515e-03, -9.6840560584338566e-03,
       9.9997861226352802e-01, 9.2340858314321136e-03,
       3.2436506237897567e-03, -9.2054177924477381e-03,
       1.0000294745445721e+00 ]
T: !!opencv-matrix
   rows: 3
   cols: 1
   dt: d
   data: [ -1.7894932889442862e+02, 1.5703613092632880e+01,
       7.2723489596264845e-01 ]
E: !!opencv-matrix
   rows: 0
   cols: 0
   dt: u
   data: []
F: !!opencv-matrix
   rows: 0
   cols: 0
   dt: u
   data: []
K1: !!opencv-matrix
   rows: 3
   cols: 3
   dt: d
   data: [ 3.6627756984521932e+02, 0., 3.8060969928433269e+02, 0.,
       3.6653175179255015e+02, 2.3878059668569790e+02, 0., 0., 1. ]
D1: !!opencv-matrix
   rows: 5
   cols: 1
   dt: d
   data: [ -2.1859934914563901e-02, -9.9468572971318997e-04,
       1.6448003429794193e-03, -3.1164985765511365e-04,
       3.5195408316194161e-04 ]
P1: !!opencv-matrix
   rows: 3
   cols: 4
   dt: f
   data: [ 3.66915253e+02, 0., 3.83261047e+02, 0., 0., 3.66915253e+02,
       2.32334946e+02, 0., 0., 0., 1., 0. ]
R1: !!opencv-matrix
   rows: 3
   cols: 3
   dt: f
   data: [ 9.96949136e-01, -7.76436627e-02, -7.98950065e-03,
       7.76790455e-02, 9.96969521e-01, 4.21782862e-03, 7.63780065e-03,
       -4.82557761e-03, 9.99959171e-01 ]
K2: !!opencv-matrix
   rows: 3
   cols: 3
   dt: d
   data: [ 3.6687495098581172e+02, 0., 3.7621769200552956e+02, 0.,
       3.6726361788508825e+02, 2.2399932895774910e+02, 0., 0., 1. ]
D2: !!opencv-matrix
   rows: 5
   cols: 1
   dt: d
   data: [ -2.2201337830972428e-02, -1.1445843221826492e-03,
       2.9199201696882579e-04, -7.1705872414221615e-04,
       5.1284674356775366e-04 ]
P2: !!opencv-matrix
   rows: 3
   cols: 4
   dt: f
   data: [ 3.66915253e+02, 0., 3.83261047e+02, -6.58985859e+04, 0.,
       3.66915253e+02, 2.32334946e+02, 0., 0., 0., 1., 0. ]
R2: !!opencv-matrix
   rows: 3
   cols: 3
   dt: f
   data: [ 9.96163487e-01, -8.74178559e-02, -4.04832419e-03,
       8.73986185e-02, 9.96162295e-01, -4.70675109e-03, 4.44424199e-03,
       4.33487585e-03, 9.99980748e-01 ]
