%YAML:1.0
---
Q: !!opencv-matrix
   rows: 4
   cols: 4
   dt: f
   data: [ 1., 0., 0., -3.83263794e+02, 0., 1., 0., -2.32335144e+02, 0.,
       0., 0., 3.66911621e+02, 0., 0., 5.58024226e-03, 0. ]
R: !!opencv-matrix
   rows: 3
   cols: 3
   dt: d
   data: [ 1.0000803465898420e+00, 9.8169046080916790e-03,
       -3.1513533539183004e-03, -9.6844825341423548e-03,
       1.0000284732503515e+00, 9.2356532823877971e-03,
       3.2438135275391568e-03, -9.2058542715420157e-03,
       1.0000789846848952e+00 ]
T: !!opencv-matrix
   rows: 3
   cols: 1
   dt: d
   data: [ -1.7859746164934651e+02, 1.5672735135782116e+01,
       7.2580439658812146e-01 ]
E: !!opencv-matrix
   rows: 0
   cols: 0
   dt: u
   data: []
F: !!opencv-matrix
   rows: 0
   cols: 0
   dt: u
   data: []
K1: !!opencv-matrix
   rows: 3
   cols: 3
   dt: d
   data: [ 3.6627756984521932e+02, 0., 3.8060969928433269e+02, 0.,
       3.6653175179255015e+02, 2.3878059668569790e+02, 0., 0., 1. ]
D1: !!opencv-matrix
   rows: 5
   cols: 1
   dt: d
   data: [ -2.1859934914563901e-02, -9.9468572971318997e-04,
       1.6448003429794193e-03, -3.1164985765511365e-04,
       3.5195408316194161e-04 ]
P1: !!opencv-matrix
   rows: 3
   cols: 4
   dt: f
   data: [ 3.66911621e+02, 0., 3.83263794e+02, 0., 0., 3.66911621e+02,
       2.32335144e+02, 0., 0., 0., 1., 0. ]
R1: !!opencv-matrix
   rows: 3
   cols: 3
   dt: f
   data: [ 9.96948063e-01, -7.76567757e-02, -7.99658243e-03,
       7.76921958e-02, 9.96968448e-01, 4.21761209e-03, 7.64481444e-03,
       -4.82601253e-03, 9.99959111e-01 ]
K2: !!opencv-matrix
   rows: 3
   cols: 3
   dt: d
   data: [ 3.6687495098581172e+02, 0., 3.7621769200552956e+02, 0.,
       3.6726361788508825e+02, 2.2399932895774910e+02, 0., 0., 1. ]
D2: !!opencv-matrix
   rows: 5
   cols: 1
   dt: d
   data: [ -2.2201337830972428e-02, -1.1445843221826492e-03,
       2.9199201696882579e-04, -7.1705872414221615e-04,
       5.1284674356775366e-04 ]
P2: !!opencv-matrix
   rows: 3
   cols: 4
   dt: f
   data: [ 3.66911621e+02, 0., 3.83263794e+02, -6.57519141e+04, 0.,
       3.66911621e+02, 2.32335144e+02, 0., 0., 0., 1., 0. ]
R2: !!opencv-matrix
   rows: 3
   cols: 3
   dt: f
   data: [ 9.96163487e-01, -8.74178559e-02, -4.04832792e-03,
       8.73986185e-02, 9.96162295e-01, -4.70686192e-03, 4.44425549e-03,
       4.33498574e-03, 9.99980748e-01 ]
