%YAML:1.0
---
Q: !!opencv-matrix
   rows: 4
   cols: 4
   dt: f
   data: [ 1., 0., 0., -3.82664917e+02, 0., 1., 0., -2.32002762e+02, 0.,
       0., 0., 3.57408142e+02, 0., 0., 5.54064522e-03, 0. ]
R: !!opencv-matrix
   rows: 3
   cols: 3
   dt: d
   data: [ 9.9990552205158212e-01, 9.7631971615555063e-03,
       -3.1438135205412885e-03, -9.6829627469142612e-03,
       9.9983986471239095e-01, 9.2337712702156970e-03,
       3.2428723672885073e-03, -9.2037193897717539e-03,
       9.9988307080737893e-01 ]
T: !!opencv-matrix
   rows: 3
   cols: 1
   dt: d
   data: [ -1.8040501264022052e+02, 5.8075797220514813e+00,
       7.3267549058214976e-01 ]
E: !!opencv-matrix
   rows: 0
   cols: 0
   dt: u
   data: []
F: !!opencv-matrix
   rows: 0
   cols: 0
   dt: u
   data: []
K1: !!opencv-matrix
   rows: 3
   cols: 3
   dt: d
   data: [ 3.6627756984521932e+02, 0., 3.8060969928433269e+02, 0.,
       3.6653175179255015e+02, 2.3878059668569790e+02, 0., 0., 1. ]
D1: !!opencv-matrix
   rows: 5
   cols: 1
   dt: d
   data: [ -2.1859934914563901e-02, -9.9468572971318997e-04,
       1.6448003429794193e-03, -3.1164985765511365e-04,
       3.5195408316194161e-04 ]
P1: !!opencv-matrix
   rows: 3
   cols: 4
   dt: f
   data: [ 3.57408142e+02, 0., 3.82664917e+02, 0., 0., 3.57408142e+02,
       2.32002762e+02, 0., 0., 0., 1., 0. ]
R1: !!opencv-matrix
   rows: 3
   cols: 3
   dt: f
   data: [ 9.99720871e-01, -2.24015824e-02, -7.50365667e-03,
       2.24356689e-02, 9.99738216e-01, 4.48966119e-03, 7.40111712e-03,
       -4.65675769e-03, 9.99961793e-01 ]
K2: !!opencv-matrix
   rows: 3
   cols: 3
   dt: d
   data: [ 3.6687495098581172e+02, 0., 3.7621769200552956e+02, 0.,
       3.6726361788508825e+02, 2.2399932895774910e+02, 0., 0., 1. ]
D2: !!opencv-matrix
   rows: 5
   cols: 1
   dt: d
   data: [ -2.2201337830972428e-02, -1.1445843221826492e-03,
       2.9199201696882579e-04, -7.1705872414221615e-04,
       5.1284674356775366e-04 ]
P2: !!opencv-matrix
   rows: 3
   cols: 4
   dt: f
   data: [ 3.57408142e+02, 0., 3.82664917e+02, -6.45065938e+04, 0.,
       3.57408142e+02, 2.32002762e+02, 0., 0., 0., 1., 0. ]
R2: !!opencv-matrix
   rows: 3
   cols: 3
   dt: f
   data: [ 9.99473989e-01, -3.21749635e-02, -4.05914476e-03,
       3.21560614e-02, 9.99472082e-01, -4.63941041e-03, 4.20627510e-03,
       4.50644409e-03, 9.99980986e-01 ]
