%YAML:1.0
---
Q: !!opencv-matrix
   rows: 4
   cols: 4
   dt: f
   data: [ 1., 0., 0., -3.82347839e+02, 0., 1., 0., -2.31849899e+02, 0.,
       0., 0., 3.58596375e+02, 0., 0., 5.55267697e-03, 0. ]
R: !!opencv-matrix
   rows: 3
   cols: 3
   dt: d
   data: [ 9.9995898668653116e-01, 9.7338207599959124e-03,
       -3.1477417201937899e-03, -9.6826744654309321e-03,
       9.9988587089481340e-01, 9.2344649359031427e-03,
       3.2430139869425354e-03, -9.2037684548821382e-03,
       9.9992800378071423e-01 ]
T: !!opencv-matrix
   rows: 3
   cols: 1
   dt: d
   data: [ -1.8009008165575281e+02, 7.9432091397785110e-01,
       7.2935191768970031e-01 ]
E: !!opencv-matrix
   rows: 0
   cols: 0
   dt: u
   data: []
F: !!opencv-matrix
   rows: 0
   cols: 0
   dt: u
   data: []
K1: !!opencv-matrix
   rows: 3
   cols: 3
   dt: d
   data: [ 3.6627756984521932e+02, 0., 3.8060969928433269e+02, 0.,
       3.6653175179255015e+02, 2.3878059668569790e+02, 0., 0., 1. ]
D1: !!opencv-matrix
   rows: 5
   cols: 1
   dt: d
   data: [ -2.1859934914563901e-02, -9.9468572971318997e-04,
       1.6448003429794193e-03, -3.1164985765511365e-04,
       3.5195408316194161e-04 ]
P1: !!opencv-matrix
   rows: 3
   cols: 4
   dt: f
   data: [ 3.58596375e+02, 0., 3.82347839e+02, 0., 0., 3.58596375e+02,
       2.31849899e+02, 0., 0., 0., 1., 0. ]
R1: !!opencv-matrix
   rows: 3
   cols: 3
   dt: f
   data: [ 9.99959469e-01, 5.34994341e-03, -7.24103162e-03,
       -5.31660393e-03, 9.99975204e-01, 4.61573061e-03, 7.26554589e-03,
       -4.57704626e-03, 9.99963105e-01 ]
K2: !!opencv-matrix
   rows: 3
   cols: 3
   dt: d
   data: [ 3.6687495098581172e+02, 0., 3.7621769200552956e+02, 0.,
       3.6726361788508825e+02, 2.2399932895774910e+02, 0., 0., 1. ]
D2: !!opencv-matrix
   rows: 5
   cols: 1
   dt: d
   data: [ -2.2201337830972428e-02, -1.1445843221826492e-03,
       2.9199201696882579e-04, -7.1705872414221615e-04,
       5.1284674356775366e-04 ]
P2: !!opencv-matrix
   rows: 3
   cols: 4
   dt: f
   data: [ 3.58596375e+02, 0., 3.82347839e+02, -6.45808047e+04, 0.,
       3.58596375e+02, 2.31849899e+02, 0., 0., 0., 1., 0. ]
R2: !!opencv-matrix
   rows: 3
   cols: 3
   dt: f
   data: [ 9.99982059e-01, -4.41060774e-03, -4.04985575e-03,
       4.39194590e-03, 9.99979734e-01, -4.60534915e-03, 4.07008594e-03,
       4.58747987e-03, 9.99981165e-01 ]
