%YAML:1.0
---
Q: !!opencv-matrix
   rows: 4
   cols: 4
   dt: f
   data: [ 1., 0., 0., -3.83261841e+02, 0., 1., 0., -2.32334976e+02, 0.,
       0., 0., 3.66914856e+02, 0., 0., 5.57701616e-03, 0. ]
R: !!opencv-matrix
   rows: 3
   cols: 3
   dt: d
   data: [ 1.0000743153210914e+00, 9.8213016544359405e-03,
       -3.1398046371730595e-03, -9.6844905308425318e-03,
       1.0000212000497333e+00, 9.2345781770413644e-03,
       3.2437876886512295e-03, -9.2058091059476314e-03,
       1.0000720559455287e+00 ]
T: !!opencv-matrix
   rows: 3
   cols: 1
   dt: d
   data: [ -1.7864891622370291e+02, 1.5677250521494022e+01,
       7.2601404542062831e-01 ]
E: !!opencv-matrix
   rows: 0
   cols: 0
   dt: u
   data: []
F: !!opencv-matrix
   rows: 0
   cols: 0
   dt: u
   data: []
K1: !!opencv-matrix
   rows: 3
   cols: 3
   dt: d
   data: [ 3.6627756984521932e+02, 0., 3.8060969928433269e+02, 0.,
       3.6653175179255015e+02, 2.3878059668569790e+02, 0., 0., 1. ]
D1: !!opencv-matrix
   rows: 5
   cols: 1
   dt: d
   data: [ -2.1859934914563901e-02, -9.9468572971318997e-04,
       1.6448003429794193e-03, -3.1164985765511365e-04,
       3.5195408316194161e-04 ]
P1: !!opencv-matrix
   rows: 3
   cols: 4
   dt: f
   data: [ 3.66914856e+02, 0., 3.83261841e+02, 0., 0., 3.66914856e+02,
       2.32334976e+02, 0., 0., 0., 1., 0. ]
R1: !!opencv-matrix
   rows: 3
   cols: 3
   dt: f
   data: [ 9.96949136e-01, -7.76440725e-02, -7.99156912e-03,
       7.76794627e-02, 9.96969461e-01, 4.21778578e-03, 7.63986493e-03,
       -4.82569868e-03, 9.99959171e-01 ]
K2: !!opencv-matrix
   rows: 3
   cols: 3
   dt: d
   data: [ 3.6687495098581172e+02, 0., 3.7621769200552956e+02, 0.,
       3.6726361788508825e+02, 2.2399932895774910e+02, 0., 0., 1. ]
D2: !!opencv-matrix
   rows: 5
   cols: 1
   dt: d
   data: [ -2.2201337830972428e-02, -1.1445843221826492e-03,
       2.9199201696882579e-04, -7.1705872414221615e-04,
       5.1284674356775366e-04 ]
P2: !!opencv-matrix
   rows: 3
   cols: 4
   dt: f
   data: [ 3.66914856e+02, 0., 3.83261841e+02, -6.57905313e+04, 0.,
       3.66914856e+02, 2.32334976e+02, 0., 0., 0., 1., 0. ]
R2: !!opencv-matrix
   rows: 3
   cols: 3
   dt: f
   data: [ 9.96163487e-01, -8.74178559e-02, -4.04832372e-03,
       8.73986185e-02, 9.96162295e-01, -4.70679067e-03, 4.44424525e-03,
       4.33491496e-03, 9.99980748e-01 ]
