%YAML:1.0
---
Q: !!opencv-matrix
   rows: 4
   cols: 4
   dt: f
   data: [ 1., 0., 0., -3.82347809e+02, 0., 1., 0., -2.31849899e+02, 0.,
       0., 0., 3.58596344e+02, 0., 0., 5.55041386e-03, 0. ]
R: !!opencv-matrix
   rows: 3
   cols: 3
   dt: d
   data: [ 9.9994865556936430e-01, 9.7337665026357573e-03,
       -3.1475742807407160e-03, -9.6825744630153060e-03,
       9.9987554687598190e-01, 9.2343689949261152e-03,
       3.2429805290885090e-03, -9.2036736135068294e-03,
       9.9991767898373207e-01 ]
T: !!opencv-matrix
   rows: 3
   cols: 1
   dt: d
   data: [ -1.8016351400929648e+02, 7.9464480113731717e-01,
       7.2964931591448823e-01 ]
E: !!opencv-matrix
   rows: 0
   cols: 0
   dt: u
   data: []
F: !!opencv-matrix
   rows: 0
   cols: 0
   dt: u
   data: []
K1: !!opencv-matrix
   rows: 3
   cols: 3
   dt: d
   data: [ 3.6627756984521932e+02, 0., 3.8060969928433269e+02, 0.,
       3.6653175179255015e+02, 2.3878059668569790e+02, 0., 0., 1. ]
D1: !!opencv-matrix
   rows: 5
   cols: 1
   dt: d
   data: [ -2.1859934914563901e-02, -9.9468572971318997e-04,
       1.6448003429794193e-03, -3.1164985765511365e-04,
       3.5195408316194161e-04 ]
P1: !!opencv-matrix
   rows: 3
   cols: 4
   dt: f
   data: [ 3.58596344e+02, 0., 3.82347809e+02, 0., 0., 3.58596344e+02,
       2.31849899e+02, 0., 0., 0., 1., 0. ]
R1: !!opencv-matrix
   rows: 3
   cols: 3
   dt: f
   data: [ 9.99959469e-01, 5.34996670e-03, -7.24096410e-03,
       -5.31662721e-03, 9.99975204e-01, 4.61573107e-03, 7.26547837e-03,
       -4.57704626e-03, 9.99963105e-01 ]
K2: !!opencv-matrix
   rows: 3
   cols: 3
   dt: d
   data: [ 3.6687495098581172e+02, 0., 3.7621769200552956e+02, 0.,
       3.6726361788508825e+02, 2.2399932895774910e+02, 0., 0., 1. ]
D2: !!opencv-matrix
   rows: 5
   cols: 1
   dt: d
   data: [ -2.2201337830972428e-02, -1.1445843221826492e-03,
       2.9199201696882579e-04, -7.1705872414221615e-04,
       5.1284674356775366e-04 ]
P2: !!opencv-matrix
   rows: 3
   cols: 4
   dt: f
   data: [ 3.58596344e+02, 0., 3.82347809e+02, -6.46071367e+04, 0.,
       3.58596344e+02, 2.31849899e+02, 0., 0., 0., 1., 0. ]
R2: !!opencv-matrix
   rows: 3
   cols: 3
   dt: f
   data: [ 9.99982059e-01, -4.41060774e-03, -4.04985575e-03,
       4.39194590e-03, 9.99979734e-01, -4.60534915e-03, 4.07008594e-03,
       4.58747987e-03, 9.99981165e-01 ]
