%YAML:1.0
---
Q: !!opencv-matrix
   rows: 4
   cols: 4
   dt: f
   data: [ 1., 0., 0., -3.83261139e+02, 0., 1., 0., -2.32334946e+02, 0.,
       0., 0., 3.66915222e+02, 0., 0., 5.57496306e-03, 0. ]
R: !!opencv-matrix
   rows: 3
   cols: 3
   dt: d
   data: [ 1.0000633080432699e+00, 9.8210837480533688e-03,
       -3.1394254103549058e-03, -9.6843745827014105e-03,
       1.0000103229208306e+00, 9.2344473641631543e-03,
       3.2437528762952971e-03, -9.2057084375588173e-03,
       1.0000611671273540e+00 ]
T: !!opencv-matrix
   rows: 3
   cols: 1
   dt: d
   data: [ -1.7872577916665554e+02, 1.5683995592345076e+01,
       7.2632638481767919e-01 ]
E: !!opencv-matrix
   rows: 0
   cols: 0
   dt: u
   data: []
F: !!opencv-matrix
   rows: 0
   cols: 0
   dt: u
   data: []
K1: !!opencv-matrix
   rows: 3
   cols: 3
   dt: d
   data: [ 3.6627756984521932e+02, 0., 3.8060969928433269e+02, 0.,
       3.6653175179255015e+02, 2.3878059668569790e+02, 0., 0., 1. ]
D1: !!opencv-matrix
   rows: 5
   cols: 1
   dt: d
   data: [ -2.1859934914563901e-02, -9.9468572971318997e-04,
       1.6448003429794193e-03, -3.1164985765511365e-04,
       3.5195408316194161e-04 ]
P1: !!opencv-matrix
   rows: 3
   cols: 4
   dt: f
   data: [ 3.66915222e+02, 0., 3.83261139e+02, 0., 0., 3.66915222e+02,
       2.32334946e+02, 0., 0., 0., 1., 0. ]
R1: !!opencv-matrix
   rows: 3
   cols: 3
   dt: f
   data: [ 9.96949136e-01, -7.76436999e-02, -7.98975304e-03,
       7.76790902e-02, 9.96969521e-01, 4.21782350e-03, 7.63805304e-03,
       -4.82559204e-03, 9.99959171e-01 ]
K2: !!opencv-matrix
   rows: 3
   cols: 3
   dt: d
   data: [ 3.6687495098581172e+02, 0., 3.7621769200552956e+02, 0.,
       3.6726361788508825e+02, 2.2399932895774910e+02, 0., 0., 1. ]
D2: !!opencv-matrix
   rows: 5
   cols: 1
   dt: d
   data: [ -2.2201337830972428e-02, -1.1445843221826492e-03,
       2.9199201696882579e-04, -7.1705872414221615e-04,
       5.1284674356775366e-04 ]
P2: !!opencv-matrix
   rows: 3
   cols: 4
   dt: f
   data: [ 3.66915222e+02, 0., 3.83261139e+02, -6.58148203e+04, 0.,
       3.66915222e+02, 2.32334946e+02, 0., 0., 0., 1., 0. ]
R2: !!opencv-matrix
   rows: 3
   cols: 3
   dt: f
   data: [ 9.96163487e-01, -8.74178559e-02, -4.04832372e-03,
       8.73986185e-02, 9.96162295e-01, -4.70675575e-03, 4.44424199e-03,
       4.33488050e-03, 9.99980748e-01 ]
