%YAML:1.0
---
Q: !!opencv-matrix
   rows: 4
   cols: 4
   dt: f
   data: [ 1., 0., 0., -3.82963928e+02, 0., 1., 0., -2.32164536e+02, 0.,
       0., 0., 3.61194672e+02, 0., 0., 5.55641251e-03, 0. ]
R: !!opencv-matrix
   rows: 3
   cols: 3
   dt: d
   data: [ 9.9997667763473574e-01, 9.7932188159597210e-03,
       -3.1415436017885223e-03, -9.6837025151287684e-03,
       9.9992108202146890e-01, 9.2340929005696078e-03,
       3.2432789225663302e-03, -9.2046505300883309e-03,
       9.9996760718517053e-01 ]
T: !!opencv-matrix
   rows: 3
   cols: 1
   dt: d
   data: [ -1.7966921600701576e+02, 1.0775485343343737e+01,
       7.2913692373108541e-01 ]
E: !!opencv-matrix
   rows: 0
   cols: 0
   dt: u
   data: []
F: !!opencv-matrix
   rows: 0
   cols: 0
   dt: u
   data: []
K1: !!opencv-matrix
   rows: 3
   cols: 3
   dt: d
   data: [ 3.6627756984521932e+02, 0., 3.8060969928433269e+02, 0.,
       3.6653175179255015e+02, 2.3878059668569790e+02, 0., 0., 1. ]
D1: !!opencv-matrix
   rows: 5
   cols: 1
   dt: d
   data: [ -2.1859934914563901e-02, -9.9468572971318997e-04,
       1.6448003429794193e-03, -3.1164985765511365e-04,
       3.5195408316194161e-04 ]
P1: !!opencv-matrix
   rows: 3
   cols: 4
   dt: f
   data: [ 3.61194672e+02, 0., 3.82963928e+02, 0., 0., 3.61194672e+02,
       2.32164536e+02, 0., 0., 0., 1., 0. ]
R1: !!opencv-matrix
   rows: 3
   cols: 3
   dt: f
   data: [ 9.98714745e-01, -5.00880927e-02, -7.74657540e-03,
       5.01228310e-02, 9.98733580e-01, 4.35695052e-03, 7.51853362e-03,
       -4.73963097e-03, 9.99960482e-01 ]
K2: !!opencv-matrix
   rows: 3
   cols: 3
   dt: d
   data: [ 3.6687495098581172e+02, 0., 3.7621769200552956e+02, 0.,
       3.6726361788508825e+02, 2.2399932895774910e+02, 0., 0., 1. ]
D2: !!opencv-matrix
   rows: 5
   cols: 1
   dt: d
   data: [ -2.2201337830972428e-02, -1.1445843221826492e-03,
       2.9199201696882579e-04, -7.1705872414221615e-04,
       5.1284674356775366e-04 ]
P2: !!opencv-matrix
   rows: 3
   cols: 4
   dt: f
   data: [ 3.61194672e+02, 0., 3.82963928e+02, -6.50050117e+04, 0.,
       3.61194672e+02, 2.32164536e+02, 0., 0., 0., 1., 0. ]
R2: !!opencv-matrix
   rows: 3
   cols: 3
   dt: f
   data: [ 9.98198211e-01, -5.98659590e-02, -4.05090628e-03,
       5.98469004e-02, 9.98196602e-01, -4.67312988e-03, 4.32336237e-03,
       4.42227582e-03, 9.99980867e-01 ]
