%YAML:1.0
---
Q: !!opencv-matrix
   rows: 4
   cols: 4
   dt: f
   data: [ 1., 0., 0., -3.82964844e+02, 0., 1., 0., -2.32164658e+02, 0.,
       0., 0., 3.61189850e+02, 0., 0., 5.55953151e-03, 0. ]
R: !!opencv-matrix
   rows: 3
   cols: 3
   dt: d
   data: [ 9.9994879923300406e-01, 9.7732308993214601e-03,
       -3.1509949899818147e-03, -9.6807720814067900e-03,
       9.9994731900475908e-01, 9.2348861315142035e-03,
       3.2435740580591698e-03, -9.2047986940070829e-03,
       9.9999266982409174e-01 ]
T: !!opencv-matrix
   rows: 3
   cols: 1
   dt: d
   data: [ -1.7957738158005986e+02, 1.0769977611369216e+01,
       7.2876474920994494e-01 ]
E: !!opencv-matrix
   rows: 0
   cols: 0
   dt: u
   data: []
F: !!opencv-matrix
   rows: 0
   cols: 0
   dt: u
   data: []
K1: !!opencv-matrix
   rows: 3
   cols: 3
   dt: d
   data: [ 3.6627756984521932e+02, 0., 3.8060969928433269e+02, 0.,
       3.6653175179255015e+02, 2.3878059668569790e+02, 0., 0., 1. ]
D1: !!opencv-matrix
   rows: 5
   cols: 1
   dt: d
   data: [ -2.1859934914563901e-02, -9.9468572971318997e-04,
       1.6448003429794193e-03, -3.1164985765511365e-04,
       3.5195408316194161e-04 ]
P1: !!opencv-matrix
   rows: 3
   cols: 4
   dt: f
   data: [ 3.61189850e+02, 0., 3.82964844e+02, 0., 0., 3.61189850e+02,
       2.32164658e+02, 0., 0., 0., 1., 0. ]
R1: !!opencv-matrix
   rows: 3
   cols: 3
   dt: f
   data: [ 9.98713732e-01, -5.01082763e-02, -7.74902198e-03,
       5.01430258e-02, 9.98732567e-01, 4.35680244e-03, 7.52088847e-03,
       -4.73975809e-03, 9.99960482e-01 ]
K2: !!opencv-matrix
   rows: 3
   cols: 3
   dt: d
   data: [ 3.6687495098581172e+02, 0., 3.7621769200552956e+02, 0.,
       3.6726361788508825e+02, 2.2399932895774910e+02, 0., 0., 1. ]
D2: !!opencv-matrix
   rows: 5
   cols: 1
   dt: d
   data: [ -2.2201337830972428e-02, -1.1445843221826492e-03,
       2.9199201696882579e-04, -7.1705872414221615e-04,
       5.1284674356775366e-04 ]
P2: !!opencv-matrix
   rows: 3
   cols: 4
   dt: f
   data: [ 3.61189850e+02, 0., 3.82964844e+02, -6.49676719e+04, 0.,
       3.61189850e+02, 2.32164658e+02, 0., 0., 0., 1., 0. ]
R2: !!opencv-matrix
   rows: 3
   cols: 3
   dt: f
   data: [ 9.98198211e-01, -5.98659590e-02, -4.05091373e-03,
       5.98469004e-02, 9.98196602e-01, -4.67312103e-03, 4.32336936e-03,
       4.42226650e-03, 9.99980867e-01 ]
