%YAML:1.0
---
Q: !!opencv-matrix
   rows: 4
   cols: 4
   dt: f
   data: [ 1., 0., 0., -3.82951447e+02, 0., 1., 0., -2.32164276e+02, 0.,
       0., 0., 3.61192291e+02, 0., 0., 5.55561623e-03, 0. ]
R: !!opencv-matrix
   rows: 3
   cols: 3
   dt: d
   data: [ 9.9983182869583842e-01, 9.7362325489575435e-03,
       -3.1161324297842062e-03, -9.6718528352503549e-03,
       9.9998742254758211e-01, 9.2331378509912486e-03,
       3.2443229772013984e-03, -9.2049954011454264e-03,
       1.0000303914238273e+00 ]
T: !!opencv-matrix
   rows: 3
   cols: 1
   dt: d
   data: [ -1.7958132387962323e+02, 1.0770213936128537e+01,
       7.2878340856133605e-01 ]
E: !!opencv-matrix
   rows: 0
   cols: 0
   dt: u
   data: []
F: !!opencv-matrix
   rows: 0
   cols: 0
   dt: u
   data: []
K1: !!opencv-matrix
   rows: 3
   cols: 3
   dt: d
   data: [ 3.6627756984521932e+02, 0., 3.8060969928433269e+02, 0.,
       3.6653175179255015e+02, 2.3878059668569790e+02, 0., 0., 1. ]
D1: !!opencv-matrix
   rows: 5
   cols: 1
   dt: d
   data: [ -2.1859934914563901e-02, -9.9468572971318997e-04,
       1.6448003429794193e-03, -3.1164985765511365e-04,
       3.5195408316194161e-04 ]
P1: !!opencv-matrix
   rows: 3
   cols: 4
   dt: f
   data: [ 3.61192291e+02, 0., 3.82951447e+02, 0., 0., 3.61192291e+02,
       2.32164276e+02, 0., 0., 0., 1., 0. ]
R1: !!opencv-matrix
   rows: 3
   cols: 3
   dt: f
   data: [ 9.98713315e-01, -5.01217470e-02, -7.71487877e-03,
       5.01563363e-02, 9.98731852e-01, 4.35715448e-03, 7.48670707e-03,
       -4.73849848e-03, 9.99960721e-01 ]
K2: !!opencv-matrix
   rows: 3
   cols: 3
   dt: d
   data: [ 3.6687495098581172e+02, 0., 3.7621769200552956e+02, 0.,
       3.6726361788508825e+02, 2.2399932895774910e+02, 0., 0., 1. ]
D2: !!opencv-matrix
   rows: 5
   cols: 1
   dt: d
   data: [ -2.2201337830972428e-02, -1.1445843221826492e-03,
       2.9199201696882579e-04, -7.1705872414221615e-04,
       5.1284674356775366e-04 ]
P2: !!opencv-matrix
   rows: 3
   cols: 4
   dt: f
   data: [ 3.61192291e+02, 0., 3.82951447e+02, -6.50138984e+04, 0.,
       3.61192291e+02, 2.32164276e+02, 0., 0., 0., 1., 0. ]
R2: !!opencv-matrix
   rows: 3
   cols: 3
   dt: f
   data: [ 9.98198211e-01, -5.98659478e-02, -4.05084994e-03,
       5.98468892e-02, 9.98196661e-01, -4.67266515e-03, 4.32327809e-03,
       4.42181528e-03, 9.99980867e-01 ]
