%YAML:1.0
---
Q: !!opencv-matrix
   rows: 4
   cols: 4
   dt: f
   data: [ 1., 0., 0., -3.82348206e+02, 0., 1., 0., -2.31849899e+02, 0.,
       0., 0., 3.58596619e+02, 0., 0., 5.55533264e-03, 0. ]
R: !!opencv-matrix
   rows: 3
   cols: 3
   dt: d
   data: [ 9.9997047490887137e-01, 9.7336548127583081e-03,
       -3.1484438885535011e-03, -9.6827805478082660e-03,
       9.9989638118857926e-01, 9.2345649438664267e-03,
       3.2430441202325726e-03, -9.2038641040632068e-03,
       9.9993851604633199e-01 ]
T: !!opencv-matrix
   rows: 3
   cols: 1
   dt: d
   data: [ -1.8001354712349925e+02, 7.9398334467633103e-01,
       7.2904194665683753e-01 ]
E: !!opencv-matrix
   rows: 0
   cols: 0
   dt: u
   data: []
F: !!opencv-matrix
   rows: 0
   cols: 0
   dt: u
   data: []
K1: !!opencv-matrix
   rows: 3
   cols: 3
   dt: d
   data: [ 3.6627756984521932e+02, 0., 3.8060969928433269e+02, 0.,
       3.6653175179255015e+02, 2.3878059668569790e+02, 0., 0., 1. ]
D1: !!opencv-matrix
   rows: 5
   cols: 1
   dt: d
   data: [ -2.1859934914563901e-02, -9.9468572971318997e-04,
       1.6448003429794193e-03, -3.1164985765511365e-04,
       3.5195408316194161e-04 ]
P1: !!opencv-matrix
   rows: 3
   cols: 4
   dt: f
   data: [ 3.58596619e+02, 0., 3.82348206e+02, 0., 0., 3.58596619e+02,
       2.31849899e+02, 0., 0., 0., 1., 0. ]
R1: !!opencv-matrix
   rows: 3
   cols: 3
   dt: f
   data: [ 9.99959469e-01, 5.34962956e-03, -7.24191358e-03,
       -5.31628542e-03, 9.99975204e-01, 4.61573014e-03, 7.26642646e-03,
       -4.57704300e-03, 9.99963105e-01 ]
K2: !!opencv-matrix
   rows: 3
   cols: 3
   dt: d
   data: [ 3.6687495098581172e+02, 0., 3.7621769200552956e+02, 0.,
       3.6726361788508825e+02, 2.2399932895774910e+02, 0., 0., 1. ]
D2: !!opencv-matrix
   rows: 5
   cols: 1
   dt: d
   data: [ -2.2201337830972428e-02, -1.1445843221826492e-03,
       2.9199201696882579e-04, -7.1705872414221615e-04,
       5.1284674356775366e-04 ]
P2: !!opencv-matrix
   rows: 3
   cols: 4
   dt: f
   data: [ 3.58596619e+02, 0., 3.82348206e+02, -6.45499805e+04, 0.,
       3.58596619e+02, 2.31849899e+02, 0., 0., 0., 1., 0. ]
R2: !!opencv-matrix
   rows: 3
   cols: 3
   dt: f
   data: [ 9.99982059e-01, -4.41060774e-03, -4.04985575e-03,
       4.39194590e-03, 9.99979734e-01, -4.60534729e-03, 4.07008594e-03,
       4.58747800e-03, 9.99981165e-01 ]
