%YAML:1.0
---
Q: !!opencv-matrix
   rows: 4
   cols: 4
   dt: f
   data: [ 1., 0., 0., -3.82664673e+02, 0., 1., 0., -2.32002762e+02, 0.,
       0., 0., 3.57408295e+02, 0., 0., 5.53795835e-03, 0. ]
R: !!opencv-matrix
   rows: 3
   cols: 3
   dt: d
   data: [ 9.9978774205770260e-01, 9.7385912290022976e-03,
       -3.0787521433658588e-03, -9.6692519058288705e-03,
       9.9998643073660221e-01, 9.2308889052499996e-03,
       3.2444922267354098e-03, -9.2049957752996583e-03,
       1.0000293934324340e+00 ]
T: !!opencv-matrix
   rows: 3
   cols: 1
   dt: d
   data: [ -1.7967371073280756e+02, 1.0775752661548665e+01,
       7.2914500216590006e-01 ]
E: !!opencv-matrix
   rows: 0
   cols: 0
   dt: u
   data: []
F: !!opencv-matrix
   rows: 0
   cols: 0
   dt: u
   data: []
K1: !!opencv-matrix
   rows: 3
   cols: 3
   dt: d
   data: [ 3.6627756984521932e+02, 0., 3.8060969928433269e+02, 0.,
       3.6653175179255015e+02, 2.3878059668569790e+02, 0., 0., 1. ]
D1: !!opencv-matrix
   rows: 5
   cols: 1
   dt: d
   data: [ -2.1859934914563901e-02, -9.9468572971318997e-04,
       1.6448003429794193e-03, -3.1164985765511365e-04,
       3.5195408316194161e-04 ]
P1: !!opencv-matrix
   rows: 3
   cols: 4
   dt: f
   data: [ 3.57408295e+02, 0., 3.82664673e+02, 0., 0., 3.57408295e+02,
       2.32002762e+02, 0., 0., 0., 1., 0. ]
R1: !!opencv-matrix
   rows: 3
   cols: 3
   dt: f
   data: [ 9.99720931e-01, -2.24014167e-02, -7.50303501e-03,
       2.24354994e-02, 9.99738216e-01, 4.48966585e-03, 7.40049593e-03,
       -4.65674698e-03, 9.99961793e-01 ]
K2: !!opencv-matrix
   rows: 3
   cols: 3
   dt: d
   data: [ 3.6687495098581172e+02, 0., 3.7621769200552956e+02, 0.,
       3.6726361788508825e+02, 2.2399932895774910e+02, 0., 0., 1. ]
D2: !!opencv-matrix
   rows: 5
   cols: 1
   dt: d
   data: [ -2.2201337830972428e-02, -1.1445843221826492e-03,
       2.9199201696882579e-04, -7.1705872414221615e-04,
       5.1284674356775366e-04 ]
P2: !!opencv-matrix
   rows: 3
   cols: 4
   dt: f
   data: [ 3.57408295e+02, 0., 3.82664673e+02, -6.45379180e+04, 0.,
       3.57408295e+02, 2.32002762e+02, 0., 0., 0., 1., 0. ]
R2: !!opencv-matrix
   rows: 3
   cols: 3
   dt: f
   data: [ 9.99473989e-01, -3.21749635e-02, -4.05914523e-03,
       3.21560614e-02, 9.99472082e-01, -4.63940715e-03, 4.20627510e-03,
       4.50644083e-03, 9.99980986e-01 ]
