%YAML:1.0
---
Q: !!opencv-matrix
   rows: 4
   cols: 4
   dt: f
   data: [ 1., 0., 0., -3.82962891e+02, 0., 1., 0., -2.32164627e+02, 0.,
       0., 0., 3.61188934e+02, 0., 0., 5.55957993e-03, 0. ]
R: !!opencv-matrix
   rows: 3
   cols: 3
   dt: d
   data: [ 9.9991368138841497e-01, 9.7580096863116132e-03,
       -3.1478439029494066e-03, -9.6778268529404878e-03,
       9.9996492639591639e-01, 9.2348481021403833e-03,
       3.2438376540636304e-03, -9.2048897915246591e-03,
       1.0000093421372813e+00 ]
T: !!opencv-matrix
   rows: 3
   cols: 1
   dt: d
   data: [ -1.7954717397781866e+02, 1.0768165899356170e+01,
       7.2864300675680749e-01 ]
E: !!opencv-matrix
   rows: 0
   cols: 0
   dt: u
   data: []
F: !!opencv-matrix
   rows: 0
   cols: 0
   dt: u
   data: []
K1: !!opencv-matrix
   rows: 3
   cols: 3
   dt: d
   data: [ 3.6627756984521932e+02, 0., 3.8060969928433269e+02, 0.,
       3.6653175179255015e+02, 2.3878059668569790e+02, 0., 0., 1. ]
D1: !!opencv-matrix
   rows: 5
   cols: 1
   dt: d
   data: [ -2.1859934914563901e-02, -9.9468572971318997e-04,
       1.6448003429794193e-03, -3.1164985765511365e-04,
       3.5195408316194161e-04 ]
P1: !!opencv-matrix
   rows: 3
   cols: 4
   dt: f
   data: [ 3.61188934e+02, 0., 3.82962891e+02, 0., 0., 3.61188934e+02,
       2.32164627e+02, 0., 0., 0., 1., 0. ]
R1: !!opencv-matrix
   rows: 3
   cols: 3
   dt: f
   data: [ 9.98713374e-01, -5.01159914e-02, -7.74405617e-03,
       5.01507185e-02, 9.98732150e-01, 4.35682014e-03, 7.51589146e-03,
       -4.73958487e-03, 9.99960542e-01 ]
K2: !!opencv-matrix
   rows: 3
   cols: 3
   dt: d
   data: [ 3.6687495098581172e+02, 0., 3.7621769200552956e+02, 0.,
       3.6726361788508825e+02, 2.2399932895774910e+02, 0., 0., 1. ]
D2: !!opencv-matrix
   rows: 5
   cols: 1
   dt: d
   data: [ -2.2201337830972428e-02, -1.1445843221826492e-03,
       2.9199201696882579e-04, -7.1705872414221615e-04,
       5.1284674356775366e-04 ]
P2: !!opencv-matrix
   rows: 3
   cols: 4
   dt: f
   data: [ 3.61188934e+02, 0., 3.82962891e+02, -6.49669453e+04, 0.,
       3.61188934e+02, 2.32164627e+02, 0., 0., 0., 1., 0. ]
R2: !!opencv-matrix
   rows: 3
   cols: 3
   dt: f
   data: [ 9.98198211e-01, -5.98659590e-02, -4.05091839e-03,
       5.98469004e-02, 9.98196602e-01, -4.67304373e-03, 4.32336936e-03,
       4.42218874e-03, 9.99980867e-01 ]
