%YAML:1.0
---
Q: !!opencv-matrix
   rows: 4
   cols: 4
   dt: f
   data: [ 1., 0., 0., -3.82965057e+02, 0., 1., 0., -2.32164581e+02, 0.,
       0., 0., 3.61193909e+02, 0., 0., 5.55690145e-03, 0. ]
R: !!opencv-matrix
   rows: 3
   cols: 3
   dt: d
   data: [ 9.9997965923059107e-01, 9.7927670405787513e-03,
       -3.1436486179696990e-03, -9.6837369049556296e-03,
       9.9992398256121773e-01, 9.2342451262678055e-03,
       3.2432877841488783e-03, -9.2046750132755793e-03,
       9.9997048758677298e-01 ]
T: !!opencv-matrix
   rows: 3
   cols: 1
   dt: d
   data: [ -1.7964796430561887e+02, 1.0774210792463949e+01,
       7.2905066474243252e-01 ]
E: !!opencv-matrix
   rows: 0
   cols: 0
   dt: u
   data: []
F: !!opencv-matrix
   rows: 0
   cols: 0
   dt: u
   data: []
K1: !!opencv-matrix
   rows: 3
   cols: 3
   dt: d
   data: [ 3.6627756984521932e+02, 0., 3.8060969928433269e+02, 0.,
       3.6653175179255015e+02, 2.3878059668569790e+02, 0., 0., 1. ]
D1: !!opencv-matrix
   rows: 5
   cols: 1
   dt: d
   data: [ -2.1859934914563901e-02, -9.9468572971318997e-04,
       1.6448003429794193e-03, -3.1164985765511365e-04,
       3.5195408316194161e-04 ]
P1: !!opencv-matrix
   rows: 3
   cols: 4
   dt: f
   data: [ 3.61193909e+02, 0., 3.82965057e+02, 0., 0., 3.61193909e+02,
       2.32164581e+02, 0., 0., 0., 1., 0. ]
R1: !!opencv-matrix
   rows: 3
   cols: 3
   dt: f
   data: [ 9.98714685e-01, -5.00894003e-02, -7.74950860e-03,
       5.01241535e-02, 9.98733521e-01, 4.35690582e-03, 7.52145890e-03,
       -4.73974366e-03, 9.99960482e-01 ]
K2: !!opencv-matrix
   rows: 3
   cols: 3
   dt: d
   data: [ 3.6687495098581172e+02, 0., 3.7621769200552956e+02, 0.,
       3.6726361788508825e+02, 2.2399932895774910e+02, 0., 0., 1. ]
D2: !!opencv-matrix
   rows: 5
   cols: 1
   dt: d
   data: [ -2.2201337830972428e-02, -1.1445843221826492e-03,
       2.9199201696882579e-04, -7.1705872414221615e-04,
       5.1284674356775366e-04 ]
P2: !!opencv-matrix
   rows: 3
   cols: 4
   dt: f
   data: [ 3.61193909e+02, 0., 3.82965057e+02, -6.49991563e+04, 0.,
       3.61193909e+02, 2.32164581e+02, 0., 0., 0., 1., 0. ]
R2: !!opencv-matrix
   rows: 3
   cols: 3
   dt: f
   data: [ 9.98198211e-01, -5.98659590e-02, -4.05090395e-03,
       5.98469004e-02, 9.98196602e-01, -4.67316434e-03, 4.32336237e-03,
       4.42230981e-03, 9.99980867e-01 ]
