%YAML:1.0
---
Q: !!opencv-matrix
   rows: 4
   cols: 4
   dt: f
   data: [ 1., 0., 0., -3.83260925e+02, 0., 1., 0., -2.32334930e+02, 0.,
       0., 0., 3.66915314e+02, 0., 0., 5.55898622e-03, 0. ]
R: !!opencv-matrix
   rows: 3
   cols: 3
   dt: d
   data: [ 9.9999114650032561e-01, 9.8208079976225531e-03,
       -3.1379007600767029e-03, -9.6836620838935700e-03,
       9.9993830288737917e-01, 9.2336686909303047e-03,
       3.2435200913312960e-03, -9.2050475508538669e-03,
       9.9998917598550507e-01 ]
T: !!opencv-matrix
   rows: 3
   cols: 1
   dt: d
   data: [ -1.7923359823577249e+02, 1.5728559013541412e+01,
       7.2839015636220250e-01 ]
E: !!opencv-matrix
   rows: 0
   cols: 0
   dt: u
   data: []
F: !!opencv-matrix
   rows: 0
   cols: 0
   dt: u
   data: []
K1: !!opencv-matrix
   rows: 3
   cols: 3
   dt: d
   data: [ 3.6627756984521932e+02, 0., 3.8060969928433269e+02, 0.,
       3.6653175179255015e+02, 2.3878059668569790e+02, 0., 0., 1. ]
D1: !!opencv-matrix
   rows: 5
   cols: 1
   dt: d
   data: [ -2.1859934914563901e-02, -9.9468572971318997e-04,
       1.6448003429794193e-03, -3.1164985765511365e-04,
       3.5195408316194161e-04 ]
P1: !!opencv-matrix
   rows: 3
   cols: 4
   dt: f
   data: [ 3.66915314e+02, 0., 3.83260925e+02, 0., 0., 3.66915314e+02,
       2.32334930e+02, 0., 0., 0., 1., 0. ]
R1: !!opencv-matrix
   rows: 3
   cols: 3
   dt: f
   data: [ 9.96949196e-01, -7.76435733e-02, -7.98924174e-03,
       7.76789561e-02, 9.96969521e-01, 4.21783421e-03, 7.63754221e-03,
       -4.82556224e-03, 9.99959171e-01 ]
K2: !!opencv-matrix
   rows: 3
   cols: 3
   dt: d
   data: [ 3.6687495098581172e+02, 0., 3.7621769200552956e+02, 0.,
       3.6726361788508825e+02, 2.2399932895774910e+02, 0., 0., 1. ]
D2: !!opencv-matrix
   rows: 5
   cols: 1
   dt: d
   data: [ -2.2201337830972428e-02, -1.1445843221826492e-03,
       2.9199201696882579e-04, -7.1705872414221615e-04,
       5.1284674356775366e-04 ]
P2: !!opencv-matrix
   rows: 3
   cols: 4
   dt: f
   data: [ 3.66915314e+02, 0., 3.83260925e+02, -6.60039922e+04, 0.,
       3.66915314e+02, 2.32334930e+02, 0., 0., 0., 1., 0. ]
R2: !!opencv-matrix
   rows: 3
   cols: 3
   dt: f
   data: [ 9.96163487e-01, -8.74178559e-02, -4.04832419e-03,
       8.73986185e-02, 9.96162295e-01, -4.70674643e-03, 4.44424152e-03,
       4.33487073e-03, 9.99980748e-01 ]
