%YAML:1.0
---
Q: !!opencv-matrix
   rows: 4
   cols: 4
   dt: f
   data: [ 1., 0., 0., -3.83260986e+02, 0., 1., 0., -2.32334946e+02, 0.,
       0., 0., 3.66915283e+02, 0., 0., 5.56449266e-03, 0. ]
R: !!opencv-matrix
   rows: 3
   cols: 3
   dt: d
   data: [ 1.0000161489819865e+00, 9.8209553301546459e-03,
       -3.1382720052141933e-03, -9.6839060802220451e-03,
       9.9996328858347816e-01, 9.2339250356491924e-03,
       3.2436010135465797e-03, -9.2052770818078396e-03,
       1.0000141555464956e+00 ]
T: !!opencv-matrix
   rows: 3
   cols: 1
   dt: d
   data: [ -1.7905735007169164e+02, 1.5713092439698366e+01,
       7.2767389076591049e-01 ]
E: !!opencv-matrix
   rows: 0
   cols: 0
   dt: u
   data: []
F: !!opencv-matrix
   rows: 0
   cols: 0
   dt: u
   data: []
K1: !!opencv-matrix
   rows: 3
   cols: 3
   dt: d
   data: [ 3.6627756984521932e+02, 0., 3.8060969928433269e+02, 0.,
       3.6653175179255015e+02, 2.3878059668569790e+02, 0., 0., 1. ]
D1: !!opencv-matrix
   rows: 5
   cols: 1
   dt: d
   data: [ -2.1859934914563901e-02, -9.9468572971318997e-04,
       1.6448003429794193e-03, -3.1164985765511365e-04,
       3.5195408316194161e-04 ]
P1: !!opencv-matrix
   rows: 3
   cols: 4
   dt: f
   data: [ 3.66915283e+02, 0., 3.83260986e+02, 0., 0., 3.66915283e+02,
       2.32334946e+02, 0., 0., 0., 1., 0. ]
R1: !!opencv-matrix
   rows: 3
   cols: 3
   dt: f
   data: [ 9.96949136e-01, -7.76436180e-02, -7.98938517e-03,
       7.76790082e-02, 9.96969521e-01, 4.21783095e-03, 7.63768563e-03,
       -4.82557062e-03, 9.99959171e-01 ]
K2: !!opencv-matrix
   rows: 3
   cols: 3
   dt: d
   data: [ 3.6687495098581172e+02, 0., 3.7621769200552956e+02, 0.,
       3.6726361788508825e+02, 2.2399932895774910e+02, 0., 0., 1. ]
D2: !!opencv-matrix
   rows: 5
   cols: 1
   dt: d
   data: [ -2.2201337830972428e-02, -1.1445843221826492e-03,
       2.9199201696882579e-04, -7.1705872414221615e-04,
       5.1284674356775366e-04 ]
P2: !!opencv-matrix
   rows: 3
   cols: 4
   dt: f
   data: [ 3.66915283e+02, 0., 3.83260986e+02, -6.59386797e+04, 0.,
       3.66915283e+02, 2.32334946e+02, 0., 0., 0., 1., 0. ]
R2: !!opencv-matrix
   rows: 3
   cols: 3
   dt: f
   data: [ 9.96163487e-01, -8.74178559e-02, -4.04832419e-03,
       8.73986185e-02, 9.96162295e-01, -4.70674876e-03, 4.44424152e-03,
       4.33487352e-03, 9.99980748e-01 ]
