%YAML:1.0
---
R: !!opencv-matrix
   rows: 3
   cols: 3
   dt: d
   data: [ 9.9994786107858491e-01, 9.7122672864599323e-03,
       -3.1538846712214478e-03, -9.6827774839271553e-03,
       9.9991047802584609e-01, 9.2347038025383243e-03,
       3.2432922408809684e-03, -9.2036839515610668e-03,
       9.9995238549500942e-01 ]
T: !!opencv-matrix
   rows: 3
   cols: 1
   dt: d
   data: [ -1.7997624825260075e+02, 1.0793888964106854e+01,
       7.2945572664474645e-01 ]
Q: !!opencv-matrix
   rows: 4
   cols: 4
   dt: d
   data: [ 1., 0., 0., -3.8294647979736328e+02, 0., 1., 0.,
       -2.3201969909667969e+02, 0., 0., 0., 3.6108951265517027e+02, 0.,
       0., 5.5462775735780371e-03, 0. ]
K1: !!opencv-matrix
   rows: 3
   cols: 3
   dt: d
   data: [ 3.6627756984521932e+02, 0., 3.8060969928433269e+02, 0.,
       3.6653175179255015e+02, 2.3878059668569790e+02, 0., 0., 1. ]
K2: !!opencv-matrix
   rows: 3
   cols: 3
   dt: d
   data: [ 3.6687495098581172e+02, 0., 3.7621769200552956e+02, 0.,
       3.6726361788508825e+02, 2.2399932895774910e+02, 0., 0., 1. ]
D1: !!opencv-matrix
   rows: 5
   cols: 1
   dt: d
   data: [ -2.1859934914563901e-02, -9.9468572971318997e-04,
       1.6448003429794193e-03, -3.1164985765511365e-04,
       3.5195408316194161e-04 ]
D2: !!opencv-matrix
   rows: 5
   cols: 1
   dt: d
   data: [ -2.2201337830972428e-02, -1.1445843221826492e-03,
       2.9199201696882579e-04, -7.1705872414221615e-04,
       5.1284674356775366e-04 ]
R1: !!opencv-matrix
   rows: 3
   cols: 3
   dt: d
   data: [ 9.9871273111642911e-01, -5.0128541037379779e-02,
       -7.7466172893109570e-03, 5.0164499164398989e-02,
       9.9873074421463270e-01, 4.5192459626203184e-03,
       7.5102416438042070e-03, -4.9020336544520066e-03,
       9.9995978235952188e-01 ]
R2: !!opencv-matrix
   rows: 3
   cols: 3
   dt: d
   data: [ 9.9819822946011316e-01, -5.9865904293317333e-02,
       -4.0457639376078680e-03, 5.9847570395958546e-02,
       9.9819733808163735e-01, -4.5102732105799376e-03,
       4.3084823773881075e-03, 4.2600175911208429e-03,
       9.9998164444640036e-01 ]
P1: !!opencv-matrix
   rows: 3
   cols: 4
   dt: d
   data: [ 3.6108951265517027e+02, 0., 3.8294647979736328e+02, 0., 0.,
       3.6108951265517027e+02, 2.3201969909667969e+02, 0., 0., 0., 1.,
       0. ]
P2: !!opencv-matrix
   rows: 3
   cols: 4
   dt: d
   data: [ 3.6108951265517027e+02, 0., 3.8294647979736328e+02,
       -6.5104839753309127e+04, 0., 3.6108951265517027e+02,
       2.3201969909667969e+02, 0., 0., 0., 1., 0. ]
