%YAML:1.0
---
R: !!opencv-matrix
   rows: 3
   cols: 3
   dt: d
   data: [ 9.9946055109341936e-01, 9.5962818479623391e-03,
       3.1408887002454290e-02, -8.7811033495990738e-03,
       9.9962364609421495e-01, -2.5989582398940093e-02,
       -3.1646469502965624e-02, 2.5699757664268064e-02,
       9.9916866615401612e-01 ]
T: !!opencv-matrix
   rows: 3
   cols: 1
   dt: d
   data: [ -1.7997624825260075e+02, 7.9388896410685417e-01,
       7.2945572664474645e-01 ]
Q: !!opencv-matrix
   rows: 4
   cols: 4
   dt: d
   data: [ 1., 0., 0., -3.6868668746948242e+02, 0., 1., 0.,
       -2.3186687278747559e+02, 0., 0., 0., 3.5381667402523237e+02, 0.,
       0., 5.5561890400545200e-03, 0. ]
K1: !!opencv-matrix
   rows: 3
   cols: 3
   dt: d
   data: [ 3.6627756984521932e+02, 0., 3.8060969928433269e+02, 0.,
       3.6653175179255015e+02, 2.3878059668569790e+02, 0., 0., 1. ]
K2: !!opencv-matrix
   rows: 3
   cols: 3
   dt: d
   data: [ 3.6687495098581172e+02, 0., 3.7621769200552956e+02, 0.,
       3.6726361788508825e+02, 2.2399932895774910e+02, 0., 0., 1. ]
D1: !!opencv-matrix
   rows: 5
   cols: 1
   dt: d
   data: [ -2.1859934914563901e-02, -9.9468572971318997e-04,
       1.6448003429794193e-03, -3.1164985765511365e-04,
       3.5195408316194161e-04 ]
D2: !!opencv-matrix
   rows: 5
   cols: 1
   dt: d
   data: [ -2.2201337830972428e-02, -1.1445843221826492e-03,
       2.9199201696882579e-04, -7.1705872414221615e-04,
       5.1284674356775366e-04 ]
R1: !!opencv-matrix
   rows: 3
   cols: 3
   dt: d
   data: [ 9.9960961515366853e-01, 5.0826116448052126e-03,
       2.7473338916168856e-02, -4.7277793089339406e-03,
       9.9990477289122126e-01, -1.2965078177979901e-02,
       -2.7536619166858591e-02, 1.2830128924652512e-02,
       9.9953845468627966e-01 ]
R2: !!opencv-matrix
   rows: 3
   cols: 3
   dt: d
   data: [ 9.9998205801123174e-01, -4.4109971613907062e-03,
       -4.0529939135885533e-03, 4.4629204327602317e-03,
       9.9990692691087180e-01, 1.2892628004687948e-02,
       3.9957473433932418e-03, -1.2910484874651915e-02,
       9.9990867252138027e-01 ]
P1: !!opencv-matrix
   rows: 3
   cols: 4
   dt: d
   data: [ 3.5381667402523237e+02, 0., 3.6868668746948242e+02, 0., 0.,
       3.5381667402523237e+02, 2.3186687278747559e+02, 0., 0., 0., 1.,
       0. ]
P2: !!opencv-matrix
   rows: 3
   cols: 4
   dt: d
   data: [ 3.5381667402523237e+02, 0., 3.6868668746948242e+02,
       -6.3679740101456395e+04, 0., 3.5381667402523237e+02,
       2.3186687278747559e+02, 0., 0., 0., 1., 0. ]
