%YAML:1.0
---
R: !!opencv-matrix
   rows: 3
   cols: 3
   dt: d
   data: [ 9.9994786107858491e-01, 9.7122672864599323e-03,
       -3.1538846712214478e-03, -9.6827774839271553e-03,
       9.9991047802584609e-01, 9.2347038025383243e-03,
       3.2432922408809684e-03, -9.2036839515610668e-03,
       9.9995238549500942e-01 ]
T: !!opencv-matrix
   rows: 3
   cols: 1
   dt: d
   data: [ -1.7497624825260075e+02, 7.9388896410685417e-01,
       7.2945572664474645e-01 ]
Q: !!opencv-matrix
   rows: 4
   cols: 4
   dt: d
   data: [ 1., 0., 0., -3.8239999771118164e+02, 0., 1., 0.,
       -2.3182281303405762e+02, 0., 0., 0., 3.5862737949937588e+02, 0.,
       0., 5.7149529034996411e-03, 0. ]
K1: !!opencv-matrix
   rows: 3
   cols: 3
   dt: d
   data: [ 3.6627756984521932e+02, 0., 3.8060969928433269e+02, 0.,
       3.6653175179255015e+02, 2.3878059668569790e+02, 0., 0., 1. ]
K2: !!opencv-matrix
   rows: 3
   cols: 3
   dt: d
   data: [ 3.6687495098581172e+02, 0., 3.7621769200552956e+02, 0.,
       3.6726361788508825e+02, 2.2399932895774910e+02, 0., 0., 1. ]
D1: !!opencv-matrix
   rows: 5
   cols: 1
   dt: d
   data: [ -2.1859934914563901e-02, -9.9468572971318997e-04,
       1.6448003429794193e-03, -3.1164985765511365e-04,
       3.5195408316194161e-04 ]
D2: !!opencv-matrix
   rows: 5
   cols: 1
   dt: d
   data: [ -2.2201337830972428e-02, -1.1445843221826492e-03,
       2.9199201696882579e-04, -7.1705872414221615e-04,
       5.1284674356775366e-04 ]
R1: !!opencv-matrix
   rows: 3
   cols: 3
   dt: d
   data: [ 9.9995929053943411e-01, 5.2138194170700310e-03,
       -7.3643296339773803e-03, -5.1799249756149749e-03,
       9.9997593887104164e-01, 4.6141148908464824e-03,
       7.3882096017028123e-03, -4.5757803777186001e-03,
       9.9996223758340819e-01 ]
R2: !!opencv-matrix
   rows: 3
   cols: 3
   dt: d
   data: [ 9.9998101799467476e-01, -4.5370380404788019e-03,
       -4.1688051229628762e-03, 4.5178263121937630e-03,
       9.9997918509613781e-01, -4.6063673189556988e-03,
       4.1896176134395020e-03, 4.5874459433917760e-03,
       9.9998070103575987e-01 ]
P1: !!opencv-matrix
   rows: 3
   cols: 4
   dt: d
   data: [ 3.5862737949937588e+02, 0., 3.8239999771118164e+02, 0., 0.,
       3.5862737949937588e+02, 2.3182281303405762e+02, 0., 0., 0., 1.,
       0. ]
P2: !!opencv-matrix
   rows: 3
   cols: 4
   dt: d
   data: [ 3.5862737949937588e+02, 0., 3.8239999771118164e+02,
       -6.2752464553078782e+04, 0., 3.5862737949937588e+02,
       2.3182281303405762e+02, 0., 0., 0., 1., 0. ]
