%YAML:1.0
---
Q: !!opencv-matrix
   rows: 4
   cols: 4
   dt: f
   data: [ 1., 0., 0., -3.82967163e+02, 0., 1., 0., -2.32164642e+02, 0.,
       0., 0., 3.61193787e+02, 0., 0., 5.42039657e-03, 0. ]
R: !!opencv-matrix
   rows: 3
   cols: 3
   dt: d
   data: [ 9.9968428016179112e-01, 9.7907852207751236e-03,
       -3.1503220862779640e-03, -9.6814864754129377e-03,
       9.9961754530999170e-01, 9.2319256754340405e-03,
       3.2422416806508199e-03, -9.2009766864191347e-03,
       9.9966395059115931e-01 ]
T: !!opencv-matrix
   rows: 3
   cols: 1
   dt: d
   data: [ -1.8414221302772893e+02, 1.1043634115670518e+01,
       7.4748067477633062e-01 ]
E: !!opencv-matrix
   rows: 0
   cols: 0
   dt: u
   data: []
F: !!opencv-matrix
   rows: 0
   cols: 0
   dt: u
   data: []
K1: !!opencv-matrix
   rows: 3
   cols: 3
   dt: d
   data: [ 3.6627756984521932e+02, 0., 3.8060969928433269e+02, 0.,
       3.6653175179255015e+02, 2.3878059668569790e+02, 0., 0., 1. ]
D1: !!opencv-matrix
   rows: 5
   cols: 1
   dt: d
   data: [ -2.1859934914563901e-02, -9.9468572971318997e-04,
       1.6448003429794193e-03, -3.1164985765511365e-04,
       3.5195408316194161e-04 ]
P1: !!opencv-matrix
   rows: 3
   cols: 4
   dt: f
   data: [ 3.61193787e+02, 0., 3.82967163e+02, 0., 0., 3.61193787e+02,
       2.32164642e+02, 0., 0., 0., 1., 0. ]
R1: !!opencv-matrix
   rows: 3
   cols: 3
   dt: f
   data: [ 9.98714745e-01, -5.00869416e-02, -7.75384670e-03,
       5.01217097e-02, 9.98733640e-01, 4.35664272e-03, 7.52581609e-03,
       -4.73967940e-03, 9.99960423e-01 ]
K2: !!opencv-matrix
   rows: 3
   cols: 3
   dt: d
   data: [ 3.6687495098581172e+02, 0., 3.7621769200552956e+02, 0.,
       3.6726361788508825e+02, 2.2399932895774910e+02, 0., 0., 1. ]
D2: !!opencv-matrix
   rows: 5
   cols: 1
   dt: d
   data: [ -2.2201337830972428e-02, -1.1445843221826492e-03,
       2.9199201696882579e-04, -7.1705872414221615e-04,
       5.1284674356775366e-04 ]
P2: !!opencv-matrix
   rows: 3
   cols: 4
   dt: f
   data: [ 3.61193787e+02, 0., 3.82967163e+02, -6.66360469e+04, 0.,
       3.61193787e+02, 2.32164642e+02, 0., 0., 0., 1., 0. ]
R2: !!opencv-matrix
   rows: 3
   cols: 3
   dt: f
   data: [ 9.98198211e-01, -5.98653406e-02, -4.05194890e-03,
       5.98462783e-02, 9.98196661e-01, -4.67303023e-03, 4.32439428e-03,
       4.42211656e-03, 9.99980867e-01 ]
