%YAML:1.0
---
Q: !!opencv-matrix
   rows: 4
   cols: 4
   dt: f
   data: [ 1., 0., 0., -3.82354828e+02, 0., 1., 0., -2.31849899e+02, 0.,
       0., 0., 3.58596924e+02, 0., 0., 5.38975000e-03, 0. ]
R: !!opencv-matrix
   rows: 3
   cols: 3
   dt: d
   data: [ 9.9955845490414152e-01, 9.7327016874175377e-03,
       -3.1362903720120413e-03, -9.6788256833611822e-03,
       9.9948399596674775e-01, 9.2307088790062088e-03,
       3.2419861294082333e-03, -9.1995685490656853e-03,
       9.9952530077955359e-01 ]
T: !!opencv-matrix
   rows: 3
   cols: 1
   dt: d
   data: [ -1.8554122767617275e+02, 8.1843169406433458e-01,
       7.5420572441497613e-01 ]
E: !!opencv-matrix
   rows: 0
   cols: 0
   dt: u
   data: []
F: !!opencv-matrix
   rows: 0
   cols: 0
   dt: u
   data: []
K1: !!opencv-matrix
   rows: 3
   cols: 3
   dt: d
   data: [ 3.6627756984521932e+02, 0., 3.8060969928433269e+02, 0.,
       3.6653175179255015e+02, 2.3878059668569790e+02, 0., 0., 1. ]
D1: !!opencv-matrix
   rows: 5
   cols: 1
   dt: d
   data: [ -2.1859934914563901e-02, -9.9468572971318997e-04,
       1.6448003429794193e-03, -3.1164985765511365e-04,
       3.5195408316194161e-04 ]
P1: !!opencv-matrix
   rows: 3
   cols: 4
   dt: f
   data: [ 3.58596924e+02, 0., 3.82354828e+02, 0., 0., 3.58596924e+02,
       2.31849899e+02, 0., 0., 0., 1., 0. ]
R1: !!opencv-matrix
   rows: 3
   cols: 3
   dt: f
   data: [ 9.99959409e-01, 5.35256276e-03, -7.24394480e-03,
       -5.31921070e-03, 9.99975204e-01, 4.61560674e-03, 7.26847025e-03,
       -4.57688747e-03, 9.99963105e-01 ]
K2: !!opencv-matrix
   rows: 3
   cols: 3
   dt: d
   data: [ 3.6687495098581172e+02, 0., 3.7621769200552956e+02, 0.,
       3.6726361788508825e+02, 2.2399932895774910e+02, 0., 0., 1. ]
D2: !!opencv-matrix
   rows: 5
   cols: 1
   dt: d
   data: [ -2.2201337830972428e-02, -1.1445843221826492e-03,
       2.9199201696882579e-04, -7.1705872414221615e-04,
       5.1284674356775366e-04 ]
P2: !!opencv-matrix
   rows: 3
   cols: 4
   dt: f
   data: [ 3.58596924e+02, 0., 3.82354828e+02, -6.65331328e+04, 0.,
       3.58596924e+02, 2.31849899e+02, 0., 0., 0., 1., 0. ]
R2: !!opencv-matrix
   rows: 3
   cols: 3
   dt: f
   data: [ 9.99981999e-01, -4.41097142e-03, -4.06482397e-03,
       4.39224159e-03, 9.99979734e-01, -4.60524112e-03, 4.08505509e-03,
       4.58730478e-03, 9.99981105e-01 ]
