%YAML:1.0
---
Q: !!opencv-matrix
   rows: 4
   cols: 4
   dt: f
   data: [ 1., 0., 0., -3.82358551e+02, 0., 1., 0., -2.31849884e+02, 0.,
       0., 0., 3.58598907e+02, 0., 0., 5.39263850e-03, 0. ]
R: !!opencv-matrix
   rows: 3
   cols: 3
   dt: d
   data: [ 9.9943186059401579e-01, 9.6741082116603132e-03,
       -3.1843264245064993e-03, -9.6747048371744210e-03,
       9.9953279681389751e-01, 9.2322181256706930e-03,
       3.2424599788592264e-03, -9.1998338337618939e-03,
       9.9957358589630563e-01 ]
T: !!opencv-matrix
   rows: 3
   cols: 1
   dt: d
   data: [ -1.8551121637425445e+02, 5.9721246789078339e+00,
       7.5227588936008272e-01 ]
E: !!opencv-matrix
   rows: 0
   cols: 0
   dt: u
   data: []
F: !!opencv-matrix
   rows: 0
   cols: 0
   dt: u
   data: []
K1: !!opencv-matrix
   rows: 3
   cols: 3
   dt: d
   data: [ 3.6627756984521932e+02, 0., 3.8060969928433269e+02, 0.,
       3.6653175179255015e+02, 2.3878059668569790e+02, 0., 0., 1. ]
D1: !!opencv-matrix
   rows: 5
   cols: 1
   dt: d
   data: [ -2.1859934914563901e-02, -9.9468572971318997e-04,
       1.6448003429794193e-03, -3.1164985765511365e-04,
       3.5195408316194161e-04 ]
P1: !!opencv-matrix
   rows: 3
   cols: 4
   dt: f
   data: [ 3.58598907e+02, 0., 3.82358551e+02, 0., 0., 3.58598907e+02,
       2.31849884e+02, 0., 0., 0., 1., 0. ]
R1: !!opencv-matrix
   rows: 3
   cols: 3
   dt: f
   data: [ 9.99959350e-01, 5.35148336e-03, -7.25349179e-03,
       -5.31808753e-03, 9.99975204e-01, 4.61561326e-03, 7.27801258e-03,
       -4.57685115e-03, 9.99963045e-01 ]
K2: !!opencv-matrix
   rows: 3
   cols: 3
   dt: d
   data: [ 3.6687495098581172e+02, 0., 3.7621769200552956e+02, 0.,
       3.6726361788508825e+02, 2.2399932895774910e+02, 0., 0., 1. ]
D2: !!opencv-matrix
   rows: 5
   cols: 1
   dt: d
   data: [ -2.2201337830972428e-02, -1.1445843221826492e-03,
       2.9199201696882579e-04, -7.1705872414221615e-04,
       5.1284674356775366e-04 ]
P2: !!opencv-matrix
   rows: 3
   cols: 4
   dt: f
   data: [ 3.58598907e+02, 0., 3.82358551e+02, -6.64978594e+04, 0.,
       3.58598907e+02, 2.31849884e+02, 0., 0., 0., 1., 0. ]
R2: !!opencv-matrix
   rows: 3
   cols: 3
   dt: f
   data: [ 9.99981999e-01, -4.41097189e-03, -4.06483142e-03,
       4.39224206e-03, 9.99979734e-01, -4.60522668e-03, 4.08506254e-03,
       4.58728988e-03, 9.99981105e-01 ]
