%YAML:1.0
---
Q: !!opencv-matrix
   rows: 4
   cols: 4
   dt: f
   data: [ 1., 0., 0., -3.82663483e+02, 0., 1., 0., -2.32002777e+02, 0.,
       0., 0., 3.57404266e+02, 0., 0., 5.38996188e-03, 0. ]
R: !!opencv-matrix
   rows: 3
   cols: 3
   dt: d
   data: [ 9.9956316424250691e-01, 9.7617363621536266e-03,
       -3.1504196289567129e-03, -9.6797252173664791e-03,
       9.9949472121271443e-01, 9.2308045964257374e-03,
       3.2416704535032765e-03, -9.1998660681858954e-03,
       9.9953820320708120e-01 ]
T: !!opencv-matrix
   rows: 3
   cols: 1
   dt: d
   data: [ -1.8542164197727703e+02, 5.9692412815517342e+00,
       7.5191484242000106e-01 ]
E: !!opencv-matrix
   rows: 0
   cols: 0
   dt: u
   data: []
F: !!opencv-matrix
   rows: 0
   cols: 0
   dt: u
   data: []
K1: !!opencv-matrix
   rows: 3
   cols: 3
   dt: d
   data: [ 3.6627756984521932e+02, 0., 3.8060969928433269e+02, 0.,
       3.6653175179255015e+02, 2.3878059668569790e+02, 0., 0., 1. ]
D1: !!opencv-matrix
   rows: 5
   cols: 1
   dt: d
   data: [ -2.1859934914563901e-02, -9.9468572971318997e-04,
       1.6448003429794193e-03, -3.1164985765511365e-04,
       3.5195408316194161e-04 ]
P1: !!opencv-matrix
   rows: 3
   cols: 4
   dt: f
   data: [ 3.57404266e+02, 0., 3.82663483e+02, 0., 0., 3.57404266e+02,
       2.32002777e+02, 0., 0., 0., 1., 0. ]
R1: !!opencv-matrix
   rows: 3
   cols: 3
   dt: f
   data: [ 9.99720633e-01, -2.24117059e-02, -7.50612468e-03,
       2.24458016e-02, 9.99737978e-01, 4.48946282e-03, 7.40354136e-03,
       -4.65668971e-03, 9.99961734e-01 ]
K2: !!opencv-matrix
   rows: 3
   cols: 3
   dt: d
   data: [ 3.6687495098581172e+02, 0., 3.7621769200552956e+02, 0.,
       3.6726361788508825e+02, 2.2399932895774910e+02, 0., 0., 1. ]
D2: !!opencv-matrix
   rows: 5
   cols: 1
   dt: d
   data: [ -2.2201337830972428e-02, -1.1445843221826492e-03,
       2.9199201696882579e-04, -7.1705872414221615e-04,
       5.1284674356775366e-04 ]
P2: !!opencv-matrix
   rows: 3
   cols: 4
   dt: f
   data: [ 3.57404266e+02, 0., 3.82663483e+02, -6.63092422e+04, 0.,
       3.57404266e+02, 2.32002777e+02, 0., 0., 0., 1., 0. ]
R2: !!opencv-matrix
   rows: 3
   cols: 3
   dt: f
   data: [ 9.99473989e-01, -3.21758613e-02, -4.05301340e-03,
       3.21569890e-02, 9.99472082e-01, -4.63918084e-03, 4.20014327e-03,
       4.50640777e-03, 9.99981046e-01 ]
