%YAML:1.0
---
Q: !!opencv-matrix
   rows: 4
   cols: 4
   dt: f
   data: [ 1., 0., 0., -3.82348450e+02, 0., 1., 0., -2.31849396e+02, 0.,
       0., 0., 3.58561584e+02, 0., 0., 5.38831856e-03, 0. ]
R: !!opencv-matrix
   rows: 3
   cols: 3
   dt: d
   data: [ 9.9956141256140296e-01, 9.7355856601213202e-03,
       -3.1221138406667278e-03, -9.6788418162648045e-03,
       9.9948456753344994e-01, 9.2306517158228796e-03,
       3.2419783107722473e-03, -9.1995854914285607e-03,
       9.9952582734740425e-01 ]
T: !!opencv-matrix
   rows: 3
   cols: 1
   dt: d
   data: [ -1.8553403084388600e+02, 8.1840003225251701e-01,
       7.5417675702448383e-01 ]
E: !!opencv-matrix
   rows: 0
   cols: 0
   dt: u
   data: []
F: !!opencv-matrix
   rows: 0
   cols: 0
   dt: u
   data: []
K1: !!opencv-matrix
   rows: 3
   cols: 3
   dt: d
   data: [ 3.6627756984521932e+02, 0., 3.8060969928433269e+02, 0.,
       3.6653175179255015e+02, 2.3878059668569790e+02, 0., 0., 1. ]
D1: !!opencv-matrix
   rows: 5
   cols: 1
   dt: d
   data: [ -2.1859934914563901e-02, -9.9468572971318997e-04,
       1.6448003429794193e-03, -3.1164985765511365e-04,
       3.5195408316194161e-04 ]
P1: !!opencv-matrix
   rows: 3
   cols: 4
   dt: f
   data: [ 3.58561584e+02, 0., 3.82348450e+02, 0., 0., 3.58561584e+02,
       2.31849396e+02, 0., 0., 0., 1., 0. ]
R1: !!opencv-matrix
   rows: 3
   cols: 3
   dt: f
   data: [ 9.99958932e-01, 5.47208404e-03, -7.22730858e-03,
       -5.43880509e-03, 9.99974549e-01, 4.61623399e-03, 7.25238491e-03,
       -4.57673660e-03, 9.99963224e-01 ]
K2: !!opencv-matrix
   rows: 3
   cols: 3
   dt: d
   data: [ 3.6687495098581172e+02, 0., 3.7621769200552956e+02, 0.,
       3.6726361788508825e+02, 2.2399932895774910e+02, 0., 0., 1. ]
D2: !!opencv-matrix
   rows: 5
   cols: 1
   dt: d
   data: [ -2.2201337830972428e-02, -1.1445843221826492e-03,
       2.9199201696882579e-04, -7.1705872414221615e-04,
       5.1284674356775366e-04 ]
P2: !!opencv-matrix
   rows: 3
   cols: 4
   dt: f
   data: [ 3.58561584e+02, 0., 3.82348450e+02, -6.65442422e+04, 0.,
       3.58561584e+02, 2.31849396e+02, 0., 0., 0., 1., 0. ]
R2: !!opencv-matrix
   rows: 3
   cols: 3
   dt: f
   data: [ 9.99981999e-01, -4.41097049e-03, -4.06481605e-03,
       4.39223973e-03, 9.99979734e-01, -4.60548000e-03, 4.08504810e-03,
       4.58754366e-03, 9.99981105e-01 ]
