%YAML:1.0
---
Q: !!opencv-matrix
   rows: 4
   cols: 4
   dt: f
   data: [ 1., 0., 0., -3.82966003e+02, 0., 1., 0., -2.32164612e+02, 0.,
       0., 0., 3.61194305e+02, 0., 0., 5.42095862e-03, 0. ]
R: !!opencv-matrix
   rows: 3
   cols: 3
   dt: d
   data: [ 9.9968480709511687e-01, 9.7906078551023325e-03,
       -3.1493894138443280e-03, -9.6814796936546439e-03,
       9.9961831963537295e-01, 9.2318766534062301e-03,
       3.2422450750416009e-03, -9.2009829356122924e-03,
       9.9966471016572256e-01 ]
T: !!opencv-matrix
   rows: 3
   cols: 1
   dt: d
   data: [ -1.8413629872454865e+02, 1.1043279381431260e+01,
       7.4745629618288212e-01 ]
E: !!opencv-matrix
   rows: 0
   cols: 0
   dt: u
   data: []
F: !!opencv-matrix
   rows: 0
   cols: 0
   dt: u
   data: []
K1: !!opencv-matrix
   rows: 3
   cols: 3
   dt: d
   data: [ 3.6627756984521932e+02, 0., 3.8060969928433269e+02, 0.,
       3.6653175179255015e+02, 2.3878059668569790e+02, 0., 0., 1. ]
D1: !!opencv-matrix
   rows: 5
   cols: 1
   dt: d
   data: [ -2.1859934914563901e-02, -9.9468572971318997e-04,
       1.6448003429794193e-03, -3.1164985765511365e-04,
       3.5195408316194161e-04 ]
P1: !!opencv-matrix
   rows: 3
   cols: 4
   dt: f
   data: [ 3.61194305e+02, 0., 3.82966003e+02, 0., 0., 3.61194305e+02,
       2.32164612e+02, 0., 0., 0., 1., 0. ]
R1: !!opencv-matrix
   rows: 3
   cols: 3
   dt: f
   data: [ 9.98714805e-01, -5.00867143e-02, -7.75086368e-03,
       5.01214713e-02, 9.98733640e-01, 4.35668137e-03, 7.52283633e-03,
       -4.73956671e-03, 9.99960482e-01 ]
K2: !!opencv-matrix
   rows: 3
   cols: 3
   dt: d
   data: [ 3.6687495098581172e+02, 0., 3.7621769200552956e+02, 0.,
       3.6726361788508825e+02, 2.2399932895774910e+02, 0., 0., 1. ]
D2: !!opencv-matrix
   rows: 5
   cols: 1
   dt: d
   data: [ -2.2201337830972428e-02, -1.1445843221826492e-03,
       2.9199201696882579e-04, -7.1705872414221615e-04,
       5.1284674356775366e-04 ]
P2: !!opencv-matrix
   rows: 3
   cols: 4
   dt: f
   data: [ 3.61194305e+02, 0., 3.82966003e+02, -6.66292344e+04, 0.,
       3.61194305e+02, 2.32164612e+02, 0., 0., 0., 1., 0. ]
R2: !!opencv-matrix
   rows: 3
   cols: 3
   dt: f
   data: [ 9.98198211e-01, -5.98653406e-02, -4.05194191e-03,
       5.98462746e-02, 9.98196661e-01, -4.67299297e-03, 4.32438497e-03,
       4.42207977e-03, 9.99980867e-01 ]
