%YAML:1.0
---
Q: !!opencv-matrix
   rows: 4
   cols: 4
   dt: f
   data: [ 1., 0., 0., -3.82966187e+02, 0., 1., 0., -2.32164612e+02, 0.,
       0., 0., 3.61194244e+02, 0., 0., 5.42080076e-03, 0. ]
R: !!opencv-matrix
   rows: 3
   cols: 3
   dt: d
   data: [ 9.9968480732715859e-01, 9.7906739662694219e-03,
       -3.1493240082426507e-03, -9.6814837901375832e-03,
       9.9961823444989040e-01, 9.2318719965274621e-03,
       3.2422444780172725e-03, -9.2009824563653950e-03,
       9.9966462872694228e-01 ]
T: !!opencv-matrix
   rows: 3
   cols: 1
   dt: d
   data: [ -1.8413684638133714e+02, 1.1043312226424650e+01,
       7.4745850921935719e-01 ]
E: !!opencv-matrix
   rows: 0
   cols: 0
   dt: u
   data: []
F: !!opencv-matrix
   rows: 0
   cols: 0
   dt: u
   data: []
K1: !!opencv-matrix
   rows: 3
   cols: 3
   dt: d
   data: [ 3.6627756984521932e+02, 0., 3.8060969928433269e+02, 0.,
       3.6653175179255015e+02, 2.3878059668569790e+02, 0., 0., 1. ]
D1: !!opencv-matrix
   rows: 5
   cols: 1
   dt: d
   data: [ -2.1859934914563901e-02, -9.9468572971318997e-04,
       1.6448003429794193e-03, -3.1164985765511365e-04,
       3.5195408316194161e-04 ]
P1: !!opencv-matrix
   rows: 3
   cols: 4
   dt: f
   data: [ 3.61194244e+02, 0., 3.82966187e+02, 0., 0., 3.61194244e+02,
       2.32164612e+02, 0., 0., 0., 1., 0. ]
R1: !!opencv-matrix
   rows: 3
   cols: 3
   dt: f
   data: [ 9.98714805e-01, -5.00866510e-02, -7.75136659e-03,
       5.01214080e-02, 9.98733640e-01, 4.35667532e-03, 7.52333924e-03,
       -4.73958580e-03, 9.99960482e-01 ]
K2: !!opencv-matrix
   rows: 3
   cols: 3
   dt: d
   data: [ 3.6687495098581172e+02, 0., 3.7621769200552956e+02, 0.,
       3.6726361788508825e+02, 2.2399932895774910e+02, 0., 0., 1. ]
D2: !!opencv-matrix
   rows: 5
   cols: 1
   dt: d
   data: [ -2.2201337830972428e-02, -1.1445843221826492e-03,
       2.9199201696882579e-04, -7.1705872414221615e-04,
       5.1284674356775366e-04 ]
P2: !!opencv-matrix
   rows: 3
   cols: 4
   dt: f
   data: [ 3.61194244e+02, 0., 3.82966187e+02, -6.66311641e+04, 0.,
       3.61194244e+02, 2.32164612e+02, 0., 0., 0., 1., 0. ]
R2: !!opencv-matrix
   rows: 3
   cols: 3
   dt: f
   data: [ 9.98198211e-01, -5.98653406e-02, -4.05194378e-03,
       5.98462783e-02, 9.98196661e-01, -4.67299949e-03, 4.32438729e-03,
       4.42208629e-03, 9.99980867e-01 ]
