%YAML:1.0
---
Q: !!opencv-matrix
   rows: 4
   cols: 4
   dt: f
   data: [ 1., 0., 0., -3.82966003e+02, 0., 1., 0., -2.32164825e+02, 0.,
       0., 0., 3.61183563e+02, 0., 0., 5.41936653e-03, 0. ]
R: !!opencv-matrix
   rows: 3
   cols: 3
   dt: d
   data: [ 9.9957989736038899e-01, 9.7235866111248289e-03,
       -3.1634581368477537e-03, -9.6732481690851926e-03,
       9.9966093301592462e-01, 9.2330697960733617e-03,
       3.2429497730466299e-03, -9.2010626795287695e-03,
       9.9970334512999459e-01 ]
T: !!opencv-matrix
   rows: 3
   cols: 1
   dt: d
   data: [ -1.8414033961096416e+02, 1.1043520033567662e+01,
       7.4745190385685767e-01 ]
E: !!opencv-matrix
   rows: 0
   cols: 0
   dt: u
   data: []
F: !!opencv-matrix
   rows: 0
   cols: 0
   dt: u
   data: []
K1: !!opencv-matrix
   rows: 3
   cols: 3
   dt: d
   data: [ 3.6627756984521932e+02, 0., 3.8060969928433269e+02, 0.,
       3.6653175179255015e+02, 2.3878059668569790e+02, 0., 0., 1. ]
D1: !!opencv-matrix
   rows: 5
   cols: 1
   dt: d
   data: [ -2.1859934914563901e-02, -9.9468572971318997e-04,
       1.6448003429794193e-03, -3.1164985765511365e-04,
       3.5195408316194161e-04 ]
P1: !!opencv-matrix
   rows: 3
   cols: 4
   dt: f
   data: [ 3.61183563e+02, 0., 3.82966003e+02, 0., 0., 3.61183563e+02,
       2.32164825e+02, 0., 0., 0., 1., 0. ]
R1: !!opencv-matrix
   rows: 3
   cols: 3
   dt: f
   data: [ 9.98712361e-01, -5.01352437e-02, -7.75122084e-03,
       5.01700006e-02, 9.98731196e-01, 4.35639825e-03, 7.52297696e-03,
       -4.73966729e-03, 9.99960482e-01 ]
K2: !!opencv-matrix
   rows: 3
   cols: 3
   dt: d
   data: [ 3.6687495098581172e+02, 0., 3.7621769200552956e+02, 0.,
       3.6726361788508825e+02, 2.2399932895774910e+02, 0., 0., 1. ]
D2: !!opencv-matrix
   rows: 5
   cols: 1
   dt: d
   data: [ -2.2201337830972428e-02, -1.1445843221826492e-03,
       2.9199201696882579e-04, -7.1705872414221615e-04,
       5.1284674356775366e-04 ]
P2: !!opencv-matrix
   rows: 3
   cols: 4
   dt: f
   data: [ 3.61183563e+02, 0., 3.82966003e+02, -6.66468203e+04, 0.,
       3.61183563e+02, 2.32164825e+02, 0., 0., 0., 1., 0. ]
R2: !!opencv-matrix
   rows: 3
   cols: 3
   dt: f
   data: [ 9.98198211e-01, -5.98653220e-02, -4.05174587e-03,
       5.98462634e-02, 9.98196661e-01, -4.67289845e-03, 4.32418380e-03,
       4.42199735e-03, 9.99980867e-01 ]
