%YAML:1.0
---
Q: !!opencv-matrix
   rows: 4
   cols: 4
   dt: f
   data: [ 1., 0., 0., -3.82665253e+02, 0., 1., 0., -2.32002853e+02, 0.,
       0., 0., 3.57401123e+02, 0., 0., 5.38957398e-03, 0. ]
R: !!opencv-matrix
   rows: 3
   cols: 3
   dt: d
   data: [ 9.9953808527021082e-01, 9.7419968374716295e-03,
       -3.1606179208725476e-03, -9.6787487986000550e-03,
       9.9950286954134882e-01, 9.2312015735471643e-03,
       3.2418266176509219e-03, -9.1998547054054722e-03,
       9.9954575604429674e-01 ]
T: !!opencv-matrix
   rows: 3
   cols: 1
   dt: d
   data: [ -1.8543248458410113e+02, 5.9695900881107855e+00,
       7.5195588209783437e-01 ]
E: !!opencv-matrix
   rows: 0
   cols: 0
   dt: u
   data: []
F: !!opencv-matrix
   rows: 0
   cols: 0
   dt: u
   data: []
K1: !!opencv-matrix
   rows: 3
   cols: 3
   dt: d
   data: [ 3.6627756984521932e+02, 0., 3.8060969928433269e+02, 0.,
       3.6653175179255015e+02, 2.3878059668569790e+02, 0., 0., 1. ]
D1: !!opencv-matrix
   rows: 5
   cols: 1
   dt: d
   data: [ -2.1859934914563901e-02, -9.9468572971318997e-04,
       1.6448003429794193e-03, -3.1164985765511365e-04,
       3.5195408316194161e-04 ]
P1: !!opencv-matrix
   rows: 3
   cols: 4
   dt: f
   data: [ 3.57401123e+02, 0., 3.82665253e+02, 0., 0., 3.57401123e+02,
       2.32002853e+02, 0., 0., 0., 1., 0. ]
R1: !!opencv-matrix
   rows: 3
   cols: 3
   dt: f
   data: [ 9.99720395e-01, -2.24214103e-02, -7.51071749e-03,
       2.24555284e-02, 9.99737740e-01, 4.48938273e-03, 7.40808947e-03,
       -4.65678424e-03, 9.99961734e-01 ]
K2: !!opencv-matrix
   rows: 3
   cols: 3
   dt: d
   data: [ 3.6687495098581172e+02, 0., 3.7621769200552956e+02, 0.,
       3.6726361788508825e+02, 2.2399932895774910e+02, 0., 0., 1. ]
D2: !!opencv-matrix
   rows: 5
   cols: 1
   dt: d
   data: [ -2.2201337830972428e-02, -1.1445843221826492e-03,
       2.9199201696882579e-04, -7.1705872414221615e-04,
       5.1284674356775366e-04 ]
P2: !!opencv-matrix
   rows: 3
   cols: 4
   dt: f
   data: [ 3.57401123e+02, 0., 3.82665253e+02, -6.63134297e+04, 0.,
       3.57401123e+02, 2.32002853e+02, 0., 0., 0., 1., 0. ]
R2: !!opencv-matrix
   rows: 3
   cols: 3
   dt: f
   data: [ 9.99473989e-01, -3.21758613e-02, -4.05299431e-03,
       3.21569853e-02, 9.99472082e-01, -4.63918783e-03, 4.20012465e-03,
       4.50641569e-03, 9.99981046e-01 ]
