%YAML:1.0
---
Q: !!opencv-matrix
   rows: 4
   cols: 4
   dt: f
   data: [ 1., 0., 0., -3.83257477e+02, 0., 1., 0., -2.32334747e+02, 0.,
       0., 0., 3.66913605e+02, 0., 0., 5.45988232e-03, 0. ]
R: !!opencv-matrix
   rows: 3
   cols: 3
   dt: d
   data: [ 9.9983586665758095e-01, 9.8182643428630888e-03,
       -3.1534134966622099e-03, -9.6831709397133450e-03,
       9.9977006108700994e-01, 9.2334851207837975e-03,
       3.2426738772879616e-03, -9.2027558881726795e-03,
       9.9982125893198937e-01 ]
T: !!opencv-matrix
   rows: 3
   cols: 1
   dt: d
   data: [ -1.8245876168800825e+02, 1.6011780211725974e+01,
       7.3997410652454843e-01 ]
E: !!opencv-matrix
   rows: 0
   cols: 0
   dt: u
   data: []
F: !!opencv-matrix
   rows: 0
   cols: 0
   dt: u
   data: []
K1: !!opencv-matrix
   rows: 3
   cols: 3
   dt: d
   data: [ 3.6627756984521932e+02, 0., 3.8060969928433269e+02, 0.,
       3.6653175179255015e+02, 2.3878059668569790e+02, 0., 0., 1. ]
D1: !!opencv-matrix
   rows: 5
   cols: 1
   dt: d
   data: [ -2.1859934914563901e-02, -9.9468572971318997e-04,
       1.6448003429794193e-03, -3.1164985765511365e-04,
       3.5195408316194161e-04 ]
P1: !!opencv-matrix
   rows: 3
   cols: 4
   dt: f
   data: [ 3.66913605e+02, 0., 3.83257477e+02, 0., 0., 3.66913605e+02,
       2.32334747e+02, 0., 0., 0., 1., 0. ]
R1: !!opencv-matrix
   rows: 3
   cols: 3
   dt: f
   data: [ 9.96949077e-01, -7.76446089e-02, -7.98865221e-03,
       7.76799917e-02, 9.96969402e-01, 4.21783328e-03, 7.63695035e-03,
       -4.82552359e-03, 9.99959171e-01 ]
K2: !!opencv-matrix
   rows: 3
   cols: 3
   dt: d
   data: [ 3.6687495098581172e+02, 0., 3.7621769200552956e+02, 0.,
       3.6726361788508825e+02, 2.2399932895774910e+02, 0., 0., 1. ]
D2: !!opencv-matrix
   rows: 5
   cols: 1
   dt: d
   data: [ -2.2201337830972428e-02, -1.1445843221826492e-03,
       2.9199201696882579e-04, -7.1705872414221615e-04,
       5.1284674356775366e-04 ]
P2: !!opencv-matrix
   rows: 3
   cols: 4
   dt: f
   data: [ 3.66913605e+02, 0., 3.83257477e+02, -6.72017422e+04, 0.,
       3.66913605e+02, 2.32334747e+02, 0., 0., 0., 1., 0. ]
R2: !!opencv-matrix
   rows: 3
   cols: 3
   dt: f
   data: [ 9.96163428e-01, -8.74189287e-02, -4.04000934e-03,
       8.73997360e-02, 9.96162176e-01, -4.70636506e-03, 4.43592994e-03,
       4.33521299e-03, 9.99980748e-01 ]
