%YAML:1.0
---
Q: !!opencv-matrix
   rows: 4
   cols: 4
   dt: f
   data: [ 1., 0., 0., -3.82348450e+02, 0., 1., 0., -2.31849396e+02, 0.,
       0., 0., 3.58561584e+02, 0., 0., 5.38831856e-03, 0. ]
R: !!opencv-matrix
   rows: 3
   cols: 3
   dt: d
   data: [ 9.9981069560035740e-01, 9.9754229347159447e-03,
       -3.0911139330639021e-03, -9.6793898784956860e-03,
       9.9937889854933570e-01, 9.2295503760306714e-03,
       3.2402003563273014e-03, -9.1996018753700819e-03,
       9.9942109220413167e-01 ]
T: !!opencv-matrix
   rows: 3
   cols: 1
   dt: d
   data: [ -1.8558330535295173e+02, 8.1861718636076108e-01,
       7.5437553807597579e-01 ]
E: !!opencv-matrix
   rows: 0
   cols: 0
   dt: u
   data: []
F: !!opencv-matrix
   rows: 0
   cols: 0
   dt: u
   data: []
K1: !!opencv-matrix
   rows: 3
   cols: 3
   dt: d
   data: [ 3.6627756984521932e+02, 0., 3.8060969928433269e+02, 0.,
       3.6653175179255015e+02, 2.3878059668569790e+02, 0., 0., 1. ]
D1: !!opencv-matrix
   rows: 5
   cols: 1
   dt: d
   data: [ -2.1859934914563901e-02, -9.9468572971318997e-04,
       1.6448003429794193e-03, -3.1164985765511365e-04,
       3.5195408316194161e-04 ]
P1: !!opencv-matrix
   rows: 3
   cols: 4
   dt: f
   data: [ 3.58561584e+02, 0., 3.82348450e+02, 0., 0., 3.58561584e+02,
       2.31849396e+02, 0., 0., 0., 1., 0. ]
R1: !!opencv-matrix
   rows: 3
   cols: 3
   dt: f
   data: [ 9.99958932e-01, 5.47208404e-03, -7.22730858e-03,
       -5.43880509e-03, 9.99974549e-01, 4.61623399e-03, 7.25238491e-03,
       -4.57673660e-03, 9.99963224e-01 ]
K2: !!opencv-matrix
   rows: 3
   cols: 3
   dt: d
   data: [ 3.6687495098581172e+02, 0., 3.7621769200552956e+02, 0.,
       3.6726361788508825e+02, 2.2399932895774910e+02, 0., 0., 1. ]
D2: !!opencv-matrix
   rows: 5
   cols: 1
   dt: d
   data: [ -2.2201337830972428e-02, -1.1445843221826492e-03,
       2.9199201696882579e-04, -7.1705872414221615e-04,
       5.1284674356775366e-04 ]
P2: !!opencv-matrix
   rows: 3
   cols: 4
   dt: f
   data: [ 3.58561584e+02, 0., 3.82348450e+02, -6.65442422e+04, 0.,
       3.58561584e+02, 2.31849396e+02, 0., 0., 0., 1., 0. ]
R2: !!opencv-matrix
   rows: 3
   cols: 3
   dt: f
   data: [ 9.99981999e-01, -4.41097049e-03, -4.06481605e-03,
       4.39223973e-03, 9.99979734e-01, -4.60548000e-03, 4.08504810e-03,
       4.58754366e-03, 9.99981105e-01 ]
