%YAML:1.0
---
Q: !!opencv-matrix
   rows: 4
   cols: 4
   dt: f
   data: [ 1., 0., 0., -3.82667847e+02, 0., 1., 0., -2.32002960e+02, 0.,
       0., 0., 3.57395599e+02, 0., 0., 5.38850296e-03, 0. ]
R: !!opencv-matrix
   rows: 3
   cols: 3
   dt: d
   data: [ 9.9948641958841300e-01, 9.7059020993011096e-03,
       -3.1771615266417350e-03, -9.6767573179837862e-03,
       9.9951861795260255e-01, 9.2318675159605949e-03,
       3.2421415931031374e-03, -9.1998414694133002e-03,
       9.9956040739340490e-01 ]
T: !!opencv-matrix
   rows: 3
   cols: 1
   dt: d
   data: [ -1.8546204668663802e+02, 5.9705411474391177e+00,
       7.5206802611353307e-01 ]
E: !!opencv-matrix
   rows: 0
   cols: 0
   dt: u
   data: []
F: !!opencv-matrix
   rows: 0
   cols: 0
   dt: u
   data: []
K1: !!opencv-matrix
   rows: 3
   cols: 3
   dt: d
   data: [ 3.6627756984521932e+02, 0., 3.8060969928433269e+02, 0.,
       3.6653175179255015e+02, 2.3878059668569790e+02, 0., 0., 1. ]
D1: !!opencv-matrix
   rows: 5
   cols: 1
   dt: d
   data: [ -2.1859934914563901e-02, -9.9468572971318997e-04,
       1.6448003429794193e-03, -3.1164985765511365e-04,
       3.5195408316194161e-04 ]
P1: !!opencv-matrix
   rows: 3
   cols: 4
   dt: f
   data: [ 3.57395599e+02, 0., 3.82667847e+02, 0., 0., 3.57395599e+02,
       2.32002960e+02, 0., 0., 0., 1., 0. ]
R1: !!opencv-matrix
   rows: 3
   cols: 3
   dt: f
   data: [ 9.99719918e-01, -2.24392172e-02, -7.51740532e-03,
       2.24733651e-02, 9.99737382e-01, 4.48924489e-03, 7.41469581e-03,
       -4.65692906e-03, 9.99961674e-01 ]
K2: !!opencv-matrix
   rows: 3
   cols: 3
   dt: d
   data: [ 3.6687495098581172e+02, 0., 3.7621769200552956e+02, 0.,
       3.6726361788508825e+02, 2.2399932895774910e+02, 0., 0., 1. ]
D2: !!opencv-matrix
   rows: 5
   cols: 1
   dt: d
   data: [ -2.2201337830972428e-02, -1.1445843221826492e-03,
       2.9199201696882579e-04, -7.1705872414221615e-04,
       5.1284674356775366e-04 ]
P2: !!opencv-matrix
   rows: 3
   cols: 4
   dt: f
   data: [ 3.57395599e+02, 0., 3.82667847e+02, -6.63255859e+04, 0.,
       3.57395599e+02, 2.32002960e+02, 0., 0., 0., 1., 0. ]
R2: !!opencv-matrix
   rows: 3
   cols: 3
   dt: f
   data: [ 9.99473989e-01, -3.21758576e-02, -4.05294402e-03,
       3.21569815e-02, 9.99472082e-01, -4.63919109e-03, 4.20007436e-03,
       4.50642034e-03, 9.99981046e-01 ]
