%YAML:1.0
---
Q: !!opencv-matrix
   rows: 4
   cols: 4
   dt: f
   data: [ 1., 0., 0., -3.82660522e+02, 0., 1., 0., -2.32002686e+02, 0.,
       0., 0., 3.57408112e+02, 0., 0., 5.39155724e-03, 0. ]
R: !!opencv-matrix
   rows: 3
   cols: 3
   dt: d
   data: [ 9.9956845026478147e-01, 9.7618367145404679e-03,
       -3.1456363911634695e-03, -9.6797568280052211e-03,
       9.9950087557449130e-01, 9.2307068618823866e-03,
       3.2416937932529298e-03, -9.1999227708419104e-03,
       9.9954433996535230e-01 ]
T: !!opencv-matrix
   rows: 3
   cols: 1
   dt: d
   data: [ -1.8537008460192615e+02, 5.9675814134110299e+00,
       7.5170454392082064e-01 ]
E: !!opencv-matrix
   rows: 0
   cols: 0
   dt: u
   data: []
F: !!opencv-matrix
   rows: 0
   cols: 0
   dt: u
   data: []
K1: !!opencv-matrix
   rows: 3
   cols: 3
   dt: d
   data: [ 3.6627756984521932e+02, 0., 3.8060969928433269e+02, 0.,
       3.6653175179255015e+02, 2.3878059668569790e+02, 0., 0., 1. ]
D1: !!opencv-matrix
   rows: 5
   cols: 1
   dt: d
   data: [ -2.1859934914563901e-02, -9.9468572971318997e-04,
       1.6448003429794193e-03, -3.1164985765511365e-04,
       3.5195408316194161e-04 ]
P1: !!opencv-matrix
   rows: 3
   cols: 4
   dt: f
   data: [ 3.57408112e+02, 0., 3.82660522e+02, 0., 0., 3.57408112e+02,
       2.32002686e+02, 0., 0., 0., 1., 0. ]
R1: !!opencv-matrix
   rows: 3
   cols: 3
   dt: f
   data: [ 9.99720931e-01, -2.24014204e-02, -7.49852695e-03,
       2.24354826e-02, 9.99738216e-01, 4.48956341e-03, 7.39599159e-03,
       -4.65654349e-03, 9.99961793e-01 ]
K2: !!opencv-matrix
   rows: 3
   cols: 3
   dt: d
   data: [ 3.6687495098581172e+02, 0., 3.7621769200552956e+02, 0.,
       3.6726361788508825e+02, 2.2399932895774910e+02, 0., 0., 1. ]
D2: !!opencv-matrix
   rows: 5
   cols: 1
   dt: d
   data: [ -2.2201337830972428e-02, -1.1445843221826492e-03,
       2.9199201696882579e-04, -7.1705872414221615e-04,
       5.1284674356775366e-04 ]
P2: !!opencv-matrix
   rows: 3
   cols: 4
   dt: f
   data: [ 3.57408112e+02, 0., 3.82660522e+02, -6.62903281e+04, 0.,
       3.57408112e+02, 2.32002686e+02, 0., 0., 0., 1., 0. ]
R2: !!opencv-matrix
   rows: 3
   cols: 3
   dt: f
   data: [ 9.99473989e-01, -3.21758650e-02, -4.05302271e-03,
       3.21569890e-02, 9.99472082e-01, -4.63915756e-03, 4.20015166e-03,
       4.50638449e-03, 9.99981046e-01 ]
