%YAML:1.0
---
Q: !!opencv-matrix
   rows: 4
   cols: 4
   dt: f
   data: [ 1., 0., 0., -3.82969116e+02, 0., 1., 0., -2.32164825e+02, 0.,
       0., 0., 3.61187378e+02, 0., 0., 5.42118214e-03, 0. ]
R: !!opencv-matrix
   rows: 3
   cols: 3
   dt: d
   data: [ 9.9964918678716175e-01, 9.7667492494586602e-03,
       -3.1612128898581048e-03, -9.6787024312195817e-03,
       9.9963250370220236e-01, 9.2327011409607355e-03,
       3.2424821959426320e-03, -9.2010026311547203e-03,
       9.9967750532422517e-01 ]
T: !!opencv-matrix
   rows: 3
   cols: 1
   dt: d
   data: [ -1.8413752256852953e+02, 1.1043352442520074e+01,
       7.4745724510635514e-01 ]
E: !!opencv-matrix
   rows: 0
   cols: 0
   dt: u
   data: []
F: !!opencv-matrix
   rows: 0
   cols: 0
   dt: u
   data: []
K1: !!opencv-matrix
   rows: 3
   cols: 3
   dt: d
   data: [ 3.6627756984521932e+02, 0., 3.8060969928433269e+02, 0.,
       3.6653175179255015e+02, 2.3878059668569790e+02, 0., 0., 1. ]
D1: !!opencv-matrix
   rows: 5
   cols: 1
   dt: d
   data: [ -2.1859934914563901e-02, -9.9468572971318997e-04,
       1.6448003429794193e-03, -3.1164985765511365e-04,
       3.5195408316194161e-04 ]
P1: !!opencv-matrix
   rows: 3
   cols: 4
   dt: f
   data: [ 3.61187378e+02, 0., 3.82969116e+02, 0., 0., 3.61187378e+02,
       2.32164825e+02, 0., 0., 0., 1., 0. ]
R1: !!opencv-matrix
   rows: 3
   cols: 3
   dt: f
   data: [ 9.98713434e-01, -5.01122922e-02, -7.75901740e-03,
       5.01470864e-02, 9.98732328e-01, 4.35643177e-03, 7.53087085e-03,
       -4.73991875e-03, 9.99960423e-01 ]
K2: !!opencv-matrix
   rows: 3
   cols: 3
   dt: d
   data: [ 3.6687495098581172e+02, 0., 3.7621769200552956e+02, 0.,
       3.6726361788508825e+02, 2.2399932895774910e+02, 0., 0., 1. ]
D2: !!opencv-matrix
   rows: 5
   cols: 1
   dt: d
   data: [ -2.2201337830972428e-02, -1.1445843221826492e-03,
       2.9199201696882579e-04, -7.1705872414221615e-04,
       5.1284674356775366e-04 ]
P2: !!opencv-matrix
   rows: 3
   cols: 4
   dt: f
   data: [ 3.61187378e+02, 0., 3.82969116e+02, -6.66252031e+04, 0.,
       3.61187378e+02, 2.32164825e+02, 0., 0., 0., 1., 0. ]
R2: !!opencv-matrix
   rows: 3
   cols: 3
   dt: f
   data: [ 9.98198211e-01, -5.98653331e-02, -4.05188231e-03,
       5.98462708e-02, 9.98196661e-01, -4.67304373e-03, 4.32432909e-03,
       4.42213425e-03, 9.99980867e-01 ]
