%YAML:1.0
---
Q: !!opencv-matrix
   rows: 4
   cols: 4
   dt: f
   data: [ 1., 0., 0., -3.82368347e+02, 0., 1., 0., -2.31848938e+02, 0.,
       0., 0., 3.58547943e+02, 0., 0., 5.39894402e-03, 0. ]
R: !!opencv-matrix
   rows: 3
   cols: 3
   dt: d
   data: [ 9.9991069379882180e-01, 1.0072637005330339e-02,
       -3.1180033393773351e-03, -9.6797017036484752e-03,
       9.9935395032715657e-01, 9.2294428852664010e-03,
       3.2396146841298964e-03, -9.1997723438185814e-03,
       9.9939668242877144e-01 ]
T: !!opencv-matrix
   rows: 3
   cols: 1
   dt: d
   data: [ -1.8548010598823524e+02, 8.1816197625536924e-01,
       7.5395614031681113e-01 ]
E: !!opencv-matrix
   rows: 0
   cols: 0
   dt: u
   data: []
F: !!opencv-matrix
   rows: 0
   cols: 0
   dt: u
   data: []
K1: !!opencv-matrix
   rows: 3
   cols: 3
   dt: d
   data: [ 3.6627756984521932e+02, 0., 3.8060969928433269e+02, 0.,
       3.6653175179255015e+02, 2.3878059668569790e+02, 0., 0., 1. ]
D1: !!opencv-matrix
   rows: 5
   cols: 1
   dt: d
   data: [ -2.1859934914563901e-02, -9.9468572971318997e-04,
       1.6448003429794193e-03, -3.1164985765511365e-04,
       3.5195408316194161e-04 ]
P1: !!opencv-matrix
   rows: 3
   cols: 4
   dt: f
   data: [ 3.58547943e+02, 0., 3.82368347e+02, 0., 0., 3.58547943e+02,
       2.31848938e+02, 0., 0., 0., 1., 0. ]
R1: !!opencv-matrix
   rows: 3
   cols: 3
   dt: f
   data: [ 9.99958098e-01, 5.55565115e-03, -7.27799349e-03,
       -5.52213797e-03, 9.99974072e-01, 4.61675972e-03, 7.30345398e-03,
       -4.57637617e-03, 9.99962866e-01 ]
K2: !!opencv-matrix
   rows: 3
   cols: 3
   dt: d
   data: [ 3.6687495098581172e+02, 0., 3.7621769200552956e+02, 0.,
       3.6726361788508825e+02, 2.2399932895774910e+02, 0., 0., 1. ]
D2: !!opencv-matrix
   rows: 5
   cols: 1
   dt: d
   data: [ -2.2201337830972428e-02, -1.1445843221826492e-03,
       2.9199201696882579e-04, -7.1705872414221615e-04,
       5.1284674356775366e-04 ]
P2: !!opencv-matrix
   rows: 3
   cols: 4
   dt: f
   data: [ 3.58547943e+02, 0., 3.82368347e+02, -6.64107500e+04, 0.,
       3.58547943e+02, 2.31848938e+02, 0., 0., 0., 1., 0. ]
R2: !!opencv-matrix
   rows: 3
   cols: 3
   dt: f
   data: [ 9.99981999e-01, -4.41097096e-03, -4.06482304e-03,
       4.39223973e-03, 9.99979734e-01, -4.60556382e-03, 4.08505602e-03,
       4.58762702e-03, 9.99981105e-01 ]
