%YAML:1.0
---
Q: !!opencv-matrix
   rows: 4
   cols: 4
   dt: f
   data: [ 1., 0., 0., -4.04738342e+02, 0., 1., 0., -2.31817657e+02, 0.,
       0., 0., 3.56651978e+02, 0., 0., 6.38765609e-03, 0. ]
R: !!opencv-matrix
   rows: 3
   cols: 3
   dt: d
   data: [ 1.0041123667225613e+00, 1.0688071318703776e-02,
       -6.2832500939208318e-03, -9.7397713919769244e-03,
       1.0072312258143805e+00, 9.3159991618363119e-03,
       3.3678115513919348e-03, -9.2996798718191619e-03,
       1.0073763396411222e+00 ]
T: !!opencv-matrix
   rows: 3
   cols: 1
   dt: d
   data: [ -1.5349930471428098e+02, 6.7730649824630840e-01,
       4.8864609779578059e+00 ]
E: !!opencv-matrix
   rows: 0
   cols: 0
   dt: u
   data: []
F: !!opencv-matrix
   rows: 0
   cols: 0
   dt: u
   data: []
K1: !!opencv-matrix
   rows: 3
   cols: 3
   dt: d
   data: [ 3.6627756984521932e+02, 0., 3.8060969928433269e+02, 0.,
       3.6653175179255015e+02, 2.3878059668569790e+02, 0., 0., 1. ]
D1: !!opencv-matrix
   rows: 5
   cols: 1
   dt: d
   data: [ -2.1859934914563901e-02, -9.9468572971318997e-04,
       1.6448003429794193e-03, -3.1164985765511365e-04,
       3.5195408316194161e-04 ]
P1: !!opencv-matrix
   rows: 3
   cols: 4
   dt: f
   data: [ 3.56651978e+02, 0., 4.04738342e+02, 0., 0., 3.56651978e+02,
       2.31817657e+02, 0., 0., 0., 1., 0. ]
R1: !!opencv-matrix
   rows: 3
   cols: 3
   dt: f
   data: [ 9.99308527e-01, 6.34967349e-03, -3.66361849e-02,
       -6.18351623e-03, 9.99970078e-01, 4.64685867e-03, 3.66645940e-02,
       -4.41710511e-03, 9.99317884e-01 ]
K2: !!opencv-matrix
   rows: 3
   cols: 3
   dt: d
   data: [ 3.6687495098581172e+02, 0., 3.7621769200552956e+02, 0.,
       3.6726361788508825e+02, 2.2399932895774910e+02, 0., 0., 1. ]
D2: !!opencv-matrix
   rows: 5
   cols: 1
   dt: d
   data: [ -2.2201337830972428e-02, -1.1445843221826492e-03,
       2.9199201696882579e-04, -7.1705872414221615e-04,
       5.1284674356775366e-04 ]
P2: !!opencv-matrix
   rows: 3
   cols: 4
   dt: f
   data: [ 3.56651978e+02, 0., 4.04738342e+02, -5.58345664e+04, 0.,
       3.56651978e+02, 2.31817657e+02, 0., 0., 0., 1., 0. ]
R2: !!opencv-matrix
   rows: 3
   cols: 3
   dt: f
   data: [ 9.99483943e-01, -4.41016303e-03, -3.18173356e-02,
       4.26587835e-03, 9.99980330e-01, -4.60123271e-03, 3.18370014e-02,
       4.46312921e-03, 9.99483109e-01 ]
