%YAML:1.0
---
Q: !!opencv-matrix
   rows: 4
   cols: 4
   dt: f
   data: [ 1., 0., 0., -4.48829987e+02, 0., 1., 0., -2.31682800e+02, 0.,
       0., 0., 3.56141571e+02, 0., 0., 7.24023441e-03, 0. ]
R: !!opencv-matrix
   rows: 3
   cols: 3
   dt: d
   data: [ 1.0038867107189293e+00, 1.1933089042347307e-02,
       -5.9325933969061797e-03, -9.7585209542066162e-03,
       1.0109726189095374e+00, 9.3490290057143717e-03,
       3.9026763859647028e-03, -9.4899997728431600e-03,
       1.0112645839974026e+00 ]
T: !!opencv-matrix
   rows: 3
   cols: 1
   dt: d
   data: [ -1.3544707314352902e+02, 5.9755187682427835e-01,
       1.1836406105444002e+01 ]
E: !!opencv-matrix
   rows: 0
   cols: 0
   dt: u
   data: []
F: !!opencv-matrix
   rows: 0
   cols: 0
   dt: u
   data: []
K1: !!opencv-matrix
   rows: 3
   cols: 3
   dt: d
   data: [ 3.6627756984521932e+02, 0., 3.8060969928433269e+02, 0.,
       3.6653175179255015e+02, 2.3878059668569790e+02, 0., 0., 1. ]
D1: !!opencv-matrix
   rows: 5
   cols: 1
   dt: d
   data: [ -2.1859934914563901e-02, -9.9468572971318997e-04,
       1.6448003429794193e-03, -3.1164985765511365e-04,
       3.5195408316194161e-04 ]
P1: !!opencv-matrix
   rows: 3
   cols: 4
   dt: f
   data: [ 3.56141571e+02, 0., 4.48829987e+02, 0., 0., 3.56141571e+02,
       2.31682800e+02, 0., 0., 0., 1., 0. ]
R1: !!opencv-matrix
   rows: 3
   cols: 3
   dt: f
   data: [ 9.95745063e-01, 7.37920962e-03, -9.18549523e-02,
       -6.97294855e-03, 9.99964416e-01, 4.74300375e-03, 9.18866843e-02,
       -4.08232305e-03, 9.95761096e-01 ]
K2: !!opencv-matrix
   rows: 3
   cols: 3
   dt: d
   data: [ 3.6687495098581172e+02, 0., 3.7621769200552956e+02, 0.,
       3.6726361788508825e+02, 2.2399932895774910e+02, 0., 0., 1. ]
D2: !!opencv-matrix
   rows: 5
   cols: 1
   dt: d
   data: [ -2.2201337830972428e-02, -1.1445843221826492e-03,
       2.9199201696882579e-04, -7.1705872414221615e-04,
       5.1284674356775366e-04 ]
P2: !!opencv-matrix
   rows: 3
   cols: 4
   dt: f
   data: [ 3.56141571e+02, 0., 4.48829987e+02, -4.91892344e+04, 0.,
       3.56141571e+02, 2.31682800e+02, 0., 0., 0., 1., 0. ]
R2: !!opencv-matrix
   rows: 3
   cols: 3
   dt: f
   data: [ 9.96193826e-01, -4.39490797e-03, -8.70550647e-02,
       4.00994485e-03, 9.99981403e-01, -4.59644990e-03, 8.70736465e-02,
       4.22986923e-03, 9.96192873e-01 ]
