%YAML:1.0
---
Q: !!opencv-matrix
   rows: 4
   cols: 4
   dt: f
   data: [ 1., 0., 0., -4.04136871e+02, 0., 1., 0., -2.31828857e+02, 0.,
       0., 0., 3.56247101e+02, 0., 0., 6.51659584e-03, 0. ]
R: !!opencv-matrix
   rows: 3
   cols: 3
   dt: d
   data: [ 1.0065765787128327e+00, 9.7985931598085479e-03,
       -3.2814939293522426e-03, -9.7468859158379439e-03,
       1.0065220538409929e+00, 9.2961779636255275e-03,
       3.2643539014844346e-03, -9.2650219601884617e-03,
       1.0065677533225008e+00 ]
T: !!opencv-matrix
   rows: 3
   cols: 1
   dt: d
   data: [ -1.5376327863725680e+02, 6.7847302231739648e-01,
       4.8948790192471519e+00 ]
E: !!opencv-matrix
   rows: 0
   cols: 0
   dt: u
   data: []
F: !!opencv-matrix
   rows: 0
   cols: 0
   dt: u
   data: []
K1: !!opencv-matrix
   rows: 3
   cols: 3
   dt: d
   data: [ 3.6627756984521932e+02, 0., 3.8060969928433269e+02, 0.,
       3.6653175179255015e+02, 2.3878059668569790e+02, 0., 0., 1. ]
D1: !!opencv-matrix
   rows: 5
   cols: 1
   dt: d
   data: [ -2.1859934914563901e-02, -9.9468572971318997e-04,
       1.6448003429794193e-03, -3.1164985765511365e-04,
       3.5195408316194161e-04 ]
P1: !!opencv-matrix
   rows: 3
   cols: 4
   dt: f
   data: [ 3.56247101e+02, 0., 4.04136871e+02, 0., 0., 3.56247101e+02,
       2.31828857e+02, 0., 0., 0., 1., 0. ]
R1: !!opencv-matrix
   rows: 3
   cols: 3
   dt: f
   data: [ 9.99367654e-01, 5.60638355e-03, -3.51119526e-02,
       -5.44729922e-03, 9.99974489e-01, 4.62480215e-03, 3.51369865e-02,
       -4.43061208e-03, 9.99372661e-01 ]
K2: !!opencv-matrix
   rows: 3
   cols: 3
   dt: d
   data: [ 3.6687495098581172e+02, 0., 3.7621769200552956e+02, 0.,
       3.6726361788508825e+02, 2.2399932895774910e+02, 0., 0., 1. ]
D2: !!opencv-matrix
   rows: 5
   cols: 1
   dt: d
   data: [ -2.2201337830972428e-02, -1.1445843221826492e-03,
       2.9199201696882579e-04, -7.1705872414221615e-04,
       5.1284674356775366e-04 ]
P2: !!opencv-matrix
   rows: 3
   cols: 4
   dt: f
   data: [ 3.56247101e+02, 0., 4.04136871e+02, -5.46676680e+04, 0.,
       3.56247101e+02, 2.31828857e+02, 0., 0., 0., 1., 0. ]
R2: !!opencv-matrix
   rows: 3
   cols: 3
   dt: f
   data: [ 9.99483943e-01, -4.41018585e-03, -3.18175331e-02,
       4.26603900e-03, 9.99980330e-01, -4.59689228e-03, 3.18371803e-02,
       4.45878552e-03, 9.99483109e-01 ]
