%YAML:1.0
---
Q: !!opencv-matrix
   rows: 4
   cols: 4
   dt: f
   data: [ 1., 0., 0., -3.82362549e+02, 0., 1., 0., -2.31849838e+02, 0.,
       0., 0., 3.58604706e+02, 0., 0., 5.98129071e-03, 0. ]
R: !!opencv-matrix
   rows: 3
   cols: 3
   dt: d
   data: [ 1.0048888910417486e+00, 9.7738684069313547e-03,
       -3.2180174713378556e-03, -9.7304108214969643e-03,
       1.0048107774529313e+00, 9.2801687752008116e-03,
       3.2588498730072575e-03, -9.2484451733764218e-03,
       1.0048535754026877e+00 ]
T: !!opencv-matrix
   rows: 3
   cols: 1
   dt: d
   data: [ -1.6744283623250283e+02, 7.3865395526286937e-01,
       6.7717766055861017e-01 ]
E: !!opencv-matrix
   rows: 0
   cols: 0
   dt: u
   data: []
F: !!opencv-matrix
   rows: 0
   cols: 0
   dt: u
   data: []
K1: !!opencv-matrix
   rows: 3
   cols: 3
   dt: d
   data: [ 3.6627756984521932e+02, 0., 3.8060969928433269e+02, 0.,
       3.6653175179255015e+02, 2.3878059668569790e+02, 0., 0., 1. ]
D1: !!opencv-matrix
   rows: 5
   cols: 1
   dt: d
   data: [ -2.1859934914563901e-02, -9.9468572971318997e-04,
       1.6448003429794193e-03, -3.1164985765511365e-04,
       3.5195408316194161e-04 ]
P1: !!opencv-matrix
   rows: 3
   cols: 4
   dt: f
   data: [ 3.58604706e+02, 0., 3.82362549e+02, 0., 0., 3.58604706e+02,
       2.31849838e+02, 0., 0., 0., 1., 0. ]
R1: !!opencv-matrix
   rows: 3
   cols: 3
   dt: f
   data: [ 9.99959171e-01, 5.34679275e-03, -7.28430226e-03,
       -5.31325582e-03, 9.99975204e-01, 4.61561605e-03, 7.30880024e-03,
       -4.57672402e-03, 9.99962807e-01 ]
K2: !!opencv-matrix
   rows: 3
   cols: 3
   dt: d
   data: [ 3.6687495098581172e+02, 0., 3.7621769200552956e+02, 0.,
       3.6726361788508825e+02, 2.2399932895774910e+02, 0., 0., 1. ]
D2: !!opencv-matrix
   rows: 5
   cols: 1
   dt: d
   data: [ -2.2201337830972428e-02, -1.1445843221826492e-03,
       2.9199201696882579e-04, -7.1705872414221615e-04,
       5.1284674356775366e-04 ]
P2: !!opencv-matrix
   rows: 3
   cols: 4
   dt: f
   data: [ 3.58604706e+02, 0., 3.82362549e+02, -5.99543984e+04, 0.,
       3.58604706e+02, 2.31849838e+02, 0., 0., 0., 1., 0. ]
R2: !!opencv-matrix
   rows: 3
   cols: 3
   dt: f
   data: [ 9.99982119e-01, -4.41130530e-03, -4.04419983e-03,
       4.39267093e-03, 9.99979734e-01, -4.60512005e-03, 4.06443235e-03,
       4.58727265e-03, 9.99981225e-01 ]
