%YAML:1.0
---
Q: !!opencv-matrix
   rows: 4
   cols: 4
   dt: f
   data: [ 1., 0., 0., -3.82758575e+02, 0., 1., 0., -2.31850586e+02, 0.,
       0., 0., 3.58502594e+02, 0., 0., 5.94469067e-03, 0. ]
R: !!opencv-matrix
   rows: 3
   cols: 3
   dt: d
   data: [ 1.0189460983632825e+00, 9.5931573893128265e-03,
       -5.5182529163013694e-03, -9.7651719442013347e-03,
       9.9964252303087542e-01, 9.2426514736230602e-03,
       3.1643289818965459e-03, -9.2003407778503028e-03,
       9.9969389913201678e-01 ]
T: !!opencv-matrix
   rows: 3
   cols: 1
   dt: d
   data: [ -1.6752648135451224e+02, 7.3902157284146719e-01,
       6.7750049692597836e-01 ]
E: !!opencv-matrix
   rows: 0
   cols: 0
   dt: u
   data: []
F: !!opencv-matrix
   rows: 0
   cols: 0
   dt: u
   data: []
K1: !!opencv-matrix
   rows: 3
   cols: 3
   dt: d
   data: [ 3.6627756984521932e+02, 0., 3.8060969928433269e+02, 0.,
       3.6653175179255015e+02, 2.3878059668569790e+02, 0., 0., 1. ]
D1: !!opencv-matrix
   rows: 5
   cols: 1
   dt: d
   data: [ -2.1859934914563901e-02, -9.9468572971318997e-04,
       1.6448003429794193e-03, -3.1164985765511365e-04,
       3.5195408316194161e-04 ]
P1: !!opencv-matrix
   rows: 3
   cols: 4
   dt: f
   data: [ 3.58502594e+02, 0., 3.82758575e+02, 0., 0., 3.58502594e+02,
       2.31850586e+02, 0., 0., 0., 1., 0. ]
R1: !!opencv-matrix
   rows: 3
   cols: 3
   dt: f
   data: [ 9.99953628e-01, 4.89246938e-03, -8.29795375e-03,
       -4.85429587e-03, 9.99977589e-01, 4.61423211e-03, 8.32034275e-03,
       -4.57373727e-03, 9.99954939e-01 ]
K2: !!opencv-matrix
   rows: 3
   cols: 3
   dt: d
   data: [ 3.6687495098581172e+02, 0., 3.7621769200552956e+02, 0.,
       3.6726361788508825e+02, 2.2399932895774910e+02, 0., 0., 1. ]
D2: !!opencv-matrix
   rows: 5
   cols: 1
   dt: d
   data: [ -2.2201337830972428e-02, -1.1445843221826492e-03,
       2.9199201696882579e-04, -7.1705872414221615e-04,
       5.1284674356775366e-04 ]
P2: !!opencv-matrix
   rows: 3
   cols: 4
   dt: f
   data: [ 3.58502594e+02, 0., 3.82758575e+02, -6.03063516e+04, 0.,
       3.58502594e+02, 2.31850586e+02, 0., 0., 0., 1., 0. ]
R2: !!opencv-matrix
   rows: 3
   cols: 3
   dt: f
   data: [ 9.99982119e-01, -4.41128854e-03, -4.04400518e-03,
       4.39266395e-03, 9.99979734e-01, -4.60294075e-03, 4.06422839e-03,
       4.58509428e-03, 9.99981225e-01 ]
