%YAML:1.0
---
Q: !!opencv-matrix
   rows: 4
   cols: 4
   dt: f
   data: [ 1., 0., 0., -4.04197876e+02, 0., 1., 0., -2.31828583e+02, 0.,
       0., 0., 3.56247437e+02, 0., 0., 6.53116358e-03, 0. ]
R: !!opencv-matrix
   rows: 3
   cols: 3
   dt: d
   data: [ 1.0066677088623577e+00, 9.8162944076139111e-03,
       -3.6963452970019241e-03, -9.7476206154214901e-03,
       1.0065850633221134e+00, 9.2985907376443785e-03,
       3.2636647429699242e-03, -9.2661461617815251e-03,
       1.0066440452819485e+00 ]
T: !!opencv-matrix
   rows: 3
   cols: 1
   dt: d
   data: [ -1.5303305941015918e+02, 6.7524930517382387e-01,
       4.8716190761415818e+00 ]
E: !!opencv-matrix
   rows: 0
   cols: 0
   dt: u
   data: []
F: !!opencv-matrix
   rows: 0
   cols: 0
   dt: u
   data: []
K1: !!opencv-matrix
   rows: 3
   cols: 3
   dt: d
   data: [ 3.6627756984521932e+02, 0., 3.8060969928433269e+02, 0.,
       3.6653175179255015e+02, 2.3878059668569790e+02, 0., 0., 1. ]
D1: !!opencv-matrix
   rows: 5
   cols: 1
   dt: d
   data: [ -2.1859934914563901e-02, -9.9468572971318997e-04,
       1.6448003429794193e-03, -3.1164985765511365e-04,
       3.5195408316194161e-04 ]
P1: !!opencv-matrix
   rows: 3
   cols: 4
   dt: f
   data: [ 3.56247437e+02, 0., 4.04197876e+02, 0., 0., 3.56247437e+02,
       2.31828583e+02, 0., 0., 0., 1., 0. ]
R1: !!opencv-matrix
   rows: 3
   cols: 3
   dt: f
   data: [ 9.99362171e-01, 5.60962455e-03, -3.52668837e-02,
       -5.44984499e-03, 9.99974430e-01, 4.62508434e-03, 3.52919288e-02,
       -4.42993548e-03, 9.99367237e-01 ]
K2: !!opencv-matrix
   rows: 3
   cols: 3
   dt: d
   data: [ 3.6687495098581172e+02, 0., 3.7621769200552956e+02, 0.,
       3.6726361788508825e+02, 2.2399932895774910e+02, 0., 0., 1. ]
D2: !!opencv-matrix
   rows: 5
   cols: 1
   dt: d
   data: [ -2.2201337830972428e-02, -1.1445843221826492e-03,
       2.9199201696882579e-04, -7.1705872414221615e-04,
       5.1284674356775366e-04 ]
P2: !!opencv-matrix
   rows: 3
   cols: 4
   dt: f
   data: [ 3.56247437e+02, 0., 4.04197876e+02, -5.45457813e+04, 0.,
       3.56247437e+02, 2.31828583e+02, 0., 0., 0., 1., 0. ]
R2: !!opencv-matrix
   rows: 3
   cols: 3
   dt: f
   data: [ 9.99483943e-01, -4.41016397e-03, -3.18173431e-02,
       4.26602364e-03, 9.99980330e-01, -4.59670043e-03, 3.18369903e-02,
       4.45859507e-03, 9.99483109e-01 ]
