%YAML:1.0
---
Q: !!opencv-matrix
   rows: 4
   cols: 4
   dt: f
   data: [ 1., 0., 0., -4.26353546e+02, 0., 1., 0., -2.31783691e+02, 0.,
       0., 0., 3.55991028e+02, 0., 0., 7.05826003e-03, 0. ]
R: !!opencv-matrix
   rows: 3
   cols: 3
   dt: d
   data: [ 1.0081668806576118e+00, 9.8531975498683654e-03,
       -4.3591157407183384e-03, -9.7625657618564902e-03,
       1.0081593280294379e+00, 9.3160754225244911e-03,
       3.2720880600405132e-03, -9.2832086357284727e-03,
       1.0082723709279733e+00 ]
T: !!opencv-matrix
   rows: 3
   cols: 1
   dt: d
   data: [ -1.4154851912596999e+02, 6.2443780871881338e-01,
       8.4379152763543352e+00 ]
E: !!opencv-matrix
   rows: 0
   cols: 0
   dt: u
   data: []
F: !!opencv-matrix
   rows: 0
   cols: 0
   dt: u
   data: []
K1: !!opencv-matrix
   rows: 3
   cols: 3
   dt: d
   data: [ 3.6627756984521932e+02, 0., 3.8060969928433269e+02, 0.,
       3.6653175179255015e+02, 2.3878059668569790e+02, 0., 0., 1. ]
D1: !!opencv-matrix
   rows: 5
   cols: 1
   dt: d
   data: [ -2.1859934914563901e-02, -9.9468572971318997e-04,
       1.6448003429794193e-03, -3.1164985765511365e-04,
       3.5195408316194161e-04 ]
P1: !!opencv-matrix
   rows: 3
   cols: 4
   dt: f
   data: [ 3.55991028e+02, 0., 4.26353546e+02, 0., 0., 3.55991028e+02,
       2.31783691e+02, 0., 0., 0., 1., 0. ]
R1: !!opencv-matrix
   rows: 3
   cols: 3
   dt: f
   data: [ 9.97958839e-01, 5.88596193e-03, -6.35888129e-02,
       -5.60219772e-03, 9.99973536e-01, 4.63986443e-03, 6.36144429e-02,
       -4.27415641e-03, 9.97965395e-01 ]
K2: !!opencv-matrix
   rows: 3
   cols: 3
   dt: d
   data: [ 3.6687495098581172e+02, 0., 3.7621769200552956e+02, 0.,
       3.6726361788508825e+02, 2.2399932895774910e+02, 0., 0., 1. ]
D2: !!opencv-matrix
   rows: 5
   cols: 1
   dt: d
   data: [ -2.2201337830972428e-02, -1.1445843221826492e-03,
       2.9199201696882579e-04, -7.1705872414221615e-04,
       5.1284674356775366e-04 ]
P2: !!opencv-matrix
   rows: 3
   cols: 4
   dt: f
   data: [ 3.55991028e+02, 0., 4.26353546e+02, -5.04360898e+04, 0.,
       3.55991028e+02, 2.31783691e+02, 0., 0., 0., 1., 0. ]
R2: !!opencv-matrix
   rows: 3
   cols: 3
   dt: f
   data: [ 9.98218298e-01, -4.40361537e-03, -5.95052578e-02,
       4.13810229e-03, 9.99980927e-01, -4.58450336e-03, 5.95243126e-02,
       4.33009630e-03, 9.98217463e-01 ]
