%YAML:1.0
---
Q: !!opencv-matrix
   rows: 4
   cols: 4
   dt: f
   data: [ 1., 0., 0., -4.48192474e+02, 0., 1., 0., -2.31719574e+02, 0.,
       0., 0., 3.55466003e+02, 0., 0., 7.35230418e-03, 0. ]
R: !!opencv-matrix
   rows: 3
   cols: 3
   dt: d
   data: [ 1.0091525295323587e+00, 9.8350778227978709e-03,
       -3.2800003975871012e-03, -9.7721329453652004e-03,
       1.0091571470080376e+00, 9.3205000913439105e-03,
       3.2771332077291566e-03, -9.2914143220253868e-03,
       1.0092085533295214e+00 ]
T: !!opencv-matrix
   rows: 3
   cols: 1
   dt: d
   data: [ -1.3582777349415824e+02, 5.9923224854836088e-01,
       1.1869682487079816e+01 ]
E: !!opencv-matrix
   rows: 0
   cols: 0
   dt: u
   data: []
F: !!opencv-matrix
   rows: 0
   cols: 0
   dt: u
   data: []
K1: !!opencv-matrix
   rows: 3
   cols: 3
   dt: d
   data: [ 3.6627756984521932e+02, 0., 3.8060969928433269e+02, 0.,
       3.6653175179255015e+02, 2.3878059668569790e+02, 0., 0., 1. ]
D1: !!opencv-matrix
   rows: 5
   cols: 1
   dt: d
   data: [ -2.1859934914563901e-02, -9.9468572971318997e-04,
       1.6448003429794193e-03, -3.1164985765511365e-04,
       3.5195408316194161e-04 ]
P1: !!opencv-matrix
   rows: 3
   cols: 4
   dt: f
   data: [ 3.55466003e+02, 0., 4.48192474e+02, 0., 0., 3.55466003e+02,
       2.31719574e+02, 0., 0., 0., 1., 0. ]
R1: !!opencv-matrix
   rows: 3
   cols: 3
   dt: f
   data: [ 9.95895922e-01, 6.09745085e-03, -9.03005600e-02,
       -5.70048671e-03, 9.99972939e-01, 4.65328852e-03, 9.03264880e-02,
       -4.11943393e-03, 9.95903671e-01 ]
K2: !!opencv-matrix
   rows: 3
   cols: 3
   dt: d
   data: [ 3.6687495098581172e+02, 0., 3.7621769200552956e+02, 0.,
       3.6726361788508825e+02, 2.2399932895774910e+02, 0., 0., 1. ]
D2: !!opencv-matrix
   rows: 5
   cols: 1
   dt: d
   data: [ -2.2201337830972428e-02, -1.1445843221826492e-03,
       2.9199201696882579e-04, -7.1705872414221615e-04,
       5.1284674356775366e-04 ]
P2: !!opencv-matrix
   rows: 3
   cols: 4
   dt: f
   data: [ 3.55466003e+02, 0., 4.48192474e+02, -4.83475664e+04, 0.,
       3.55466003e+02, 2.31719574e+02, 0., 0., 0., 1., 0. ]
R2: !!opencv-matrix
   rows: 3
   cols: 3
   dt: f
   data: [ 9.96193826e-01, -4.39491635e-03, -8.70551467e-02,
       4.01226198e-03, 9.99981523e-01, -4.57002968e-03, 8.70736241e-02,
       4.20334749e-03, 9.96192992e-01 ]
