%YAML:1.0
---
Q: !!opencv-matrix
   rows: 4
   cols: 4
   dt: f
   data: [ 1., 0., 0., -4.48851349e+02, 0., 1., 0., -2.31688660e+02, 0.,
       0., 0., 3.56013855e+02, 0., 0., 7.35485647e-03, 0. ]
R: !!opencv-matrix
   rows: 3
   cols: 3
   dt: d
   data: [ 1.0053217270430344e+00, 1.1415417722350451e-02,
       -6.0434667554788227e-03, -9.7638420111480148e-03,
       1.0107833482570507e+00, 9.3477517759401000e-03,
       3.7599131073670095e-03, -9.4431613748380862e-03,
       1.0110827712618637e+00 ]
T: !!opencv-matrix
   rows: 3
   cols: 1
   dt: d
   data: [ -1.3327904594793665e+02, 5.8798720903153634e-01,
       1.1646947608264542e+01 ]
E: !!opencv-matrix
   rows: 0
   cols: 0
   dt: u
   data: []
F: !!opencv-matrix
   rows: 0
   cols: 0
   dt: u
   data: []
K1: !!opencv-matrix
   rows: 3
   cols: 3
   dt: d
   data: [ 3.6627756984521932e+02, 0., 3.8060969928433269e+02, 0.,
       3.6653175179255015e+02, 2.3878059668569790e+02, 0., 0., 1. ]
D1: !!opencv-matrix
   rows: 5
   cols: 1
   dt: d
   data: [ -2.1859934914563901e-02, -9.9468572971318997e-04,
       1.6448003429794193e-03, -3.1164985765511365e-04,
       3.5195408316194161e-04 ]
P1: !!opencv-matrix
   rows: 3
   cols: 4
   dt: f
   data: [ 3.56013855e+02, 0., 4.48851349e+02, 0., 0., 3.56013855e+02,
       2.31688660e+02, 0., 0., 0., 1., 0. ]
R1: !!opencv-matrix
   rows: 3
   cols: 3
   dt: f
   data: [ 9.95741844e-01, 7.15535739e-03, -9.19075534e-02,
       -6.74933800e-03, 9.99966025e-01, 4.72775195e-03, 9.19382572e-02,
       -4.08730516e-03, 9.95756328e-01 ]
K2: !!opencv-matrix
   rows: 3
   cols: 3
   dt: d
   data: [ 3.6687495098581172e+02, 0., 3.7621769200552956e+02, 0.,
       3.6726361788508825e+02, 2.2399932895774910e+02, 0., 0., 1. ]
D2: !!opencv-matrix
   rows: 5
   cols: 1
   dt: d
   data: [ -2.2201337830972428e-02, -1.1445843221826492e-03,
       2.9199201696882579e-04, -7.1705872414221615e-04,
       5.1284674356775366e-04 ]
P2: !!opencv-matrix
   rows: 3
   cols: 4
   dt: f
   data: [ 3.56013855e+02, 0., 4.48851349e+02, -4.84052734e+04, 0.,
       3.56013855e+02, 2.31688660e+02, 0., 0., 0., 1., 0. ]
R2: !!opencv-matrix
   rows: 3
   cols: 3
   dt: f
   data: [ 9.96193826e-01, -4.39490844e-03, -8.70550722e-02,
       4.01039282e-03, 9.99981403e-01, -4.59132763e-03, 8.70736316e-02,
       4.22472740e-03, 9.96192932e-01 ]
