%YAML:1.0
---
Q: !!opencv-matrix
   rows: 4
   cols: 4
   dt: f
   data: [ 1., 0., 0., -4.26618347e+02, 0., 1., 0., -2.31763748e+02, 0.,
       0., 0., 3.56531647e+02, 0., 0., 6.84875995e-03, 0. ]
R: !!opencv-matrix
   rows: 3
   cols: 3
   dt: d
   data: [ 1.0039612727902942e+00, 1.1332570512289156e-02,
       -6.0314330413375394e-03, -9.7498457600672349e-03,
       1.0092592375940759e+00, 9.3336555207677325e-03,
       3.5923352890326991e-03, -9.3809393484465941e-03,
       1.0094782875028434e+00 ]
T: !!opencv-matrix
   rows: 3
   cols: 1
   dt: d
   data: [ -1.4329106419225852e+02, 6.3212487539455331e-01,
       8.5417899509333779e+00 ]
E: !!opencv-matrix
   rows: 0
   cols: 0
   dt: u
   data: []
F: !!opencv-matrix
   rows: 0
   cols: 0
   dt: u
   data: []
K1: !!opencv-matrix
   rows: 3
   cols: 3
   dt: d
   data: [ 3.6627756984521932e+02, 0., 3.8060969928433269e+02, 0.,
       3.6653175179255015e+02, 2.3878059668569790e+02, 0., 0., 1. ]
D1: !!opencv-matrix
   rows: 5
   cols: 1
   dt: d
   data: [ -2.1859934914563901e-02, -9.9468572971318997e-04,
       1.6448003429794193e-03, -3.1164985765511365e-04,
       3.5195408316194161e-04 ]
P1: !!opencv-matrix
   rows: 3
   cols: 4
   dt: f
   data: [ 3.56531647e+02, 0., 4.26618347e+02, 0., 0., 3.56531647e+02,
       2.31763748e+02, 0., 0., 0., 1., 0. ]
R1: !!opencv-matrix
   rows: 3
   cols: 3
   dt: f
   data: [ 9.97910321e-01, 6.86731096e-03, -6.42479211e-02,
       -6.57966686e-03, 9.99967396e-01, 4.68761055e-03, 6.42780215e-02,
       -4.25508479e-03, 9.97922957e-01 ]
K2: !!opencv-matrix
   rows: 3
   cols: 3
   dt: d
   data: [ 3.6687495098581172e+02, 0., 3.7621769200552956e+02, 0.,
       3.6726361788508825e+02, 2.2399932895774910e+02, 0., 0., 1. ]
D2: !!opencv-matrix
   rows: 5
   cols: 1
   dt: d
   data: [ -2.2201337830972428e-02, -1.1445843221826492e-03,
       2.9199201696882579e-04, -7.1705872414221615e-04,
       5.1284674356775366e-04 ]
P2: !!opencv-matrix
   rows: 3
   cols: 4
   dt: f
   data: [ 3.56531647e+02, 0., 4.26618347e+02, -5.20578398e+04, 0.,
       3.56531647e+02, 2.31763748e+02, 0., 0., 0., 1., 0. ]
R2: !!opencv-matrix
   rows: 3
   cols: 3
   dt: f
   data: [ 9.98218298e-01, -4.40361444e-03, -5.95052503e-02,
       4.13724361e-03, 9.99980867e-01, -4.59888298e-03, 5.95243610e-02,
       4.34450153e-03, 9.98217404e-01 ]
