%YAML:1.0
---
Q: !!opencv-matrix
   rows: 4
   cols: 4
   dt: f
   data: [ 1., 0., 0., -3.82775696e+02, 0., 1., 0., -2.31848938e+02, 0.,
       0., 0., 3.58585571e+02, 0., 0., 5.96909877e-03, 0. ]
R: !!opencv-matrix
   rows: 3
   cols: 3
   dt: d
   data: [ 1.0149933173102135e+00, 9.9105435840741579e-03,
       -5.2743334713724896e-03, -9.7552726487240681e-03,
       1.0010709662680570e+00, 9.2547602132556275e-03,
       3.1907353786693763e-03, -9.2147294371338027e-03,
       1.0011227355662593e+00 ]
T: !!opencv-matrix
   rows: 3
   cols: 1
   dt: d
   data: [ -1.6705541908966339e+02, 7.3694391761966738e-01,
       6.7560132224790259e-01 ]
E: !!opencv-matrix
   rows: 0
   cols: 0
   dt: u
   data: []
F: !!opencv-matrix
   rows: 0
   cols: 0
   dt: u
   data: []
K1: !!opencv-matrix
   rows: 3
   cols: 3
   dt: d
   data: [ 3.6627756984521932e+02, 0., 3.8060969928433269e+02, 0.,
       3.6653175179255015e+02, 2.3878059668569790e+02, 0., 0., 1. ]
D1: !!opencv-matrix
   rows: 5
   cols: 1
   dt: d
   data: [ -2.1859934914563901e-02, -9.9468572971318997e-04,
       1.6448003429794193e-03, -3.1164985765511365e-04,
       3.5195408316194161e-04 ]
P1: !!opencv-matrix
   rows: 3
   cols: 4
   dt: f
   data: [ 3.58585571e+02, 0., 3.82775696e+02, 0., 0., 3.58585571e+02,
       2.31848938e+02, 0., 0., 0., 1., 0. ]
R1: !!opencv-matrix
   rows: 3
   cols: 3
   dt: f
   data: [ 9.99951541e-01, 5.22970874e-03, -8.34085420e-03,
       -5.19133033e-03, 9.99975860e-01, 4.61629638e-03, 8.36479478e-03,
       -4.57277289e-03, 9.99954581e-01 ]
K2: !!opencv-matrix
   rows: 3
   cols: 3
   dt: d
   data: [ 3.6687495098581172e+02, 0., 3.7621769200552956e+02, 0.,
       3.6726361788508825e+02, 2.2399932895774910e+02, 0., 0., 1. ]
D2: !!opencv-matrix
   rows: 5
   cols: 1
   dt: d
   data: [ -2.2201337830972428e-02, -1.1445843221826492e-03,
       2.9199201696882579e-04, -7.1705872414221615e-04,
       5.1284674356775366e-04 ]
P2: !!opencv-matrix
   rows: 3
   cols: 4
   dt: f
   data: [ 3.58585571e+02, 0., 3.82775696e+02, -6.00736563e+04, 0.,
       3.58585571e+02, 2.31848938e+02, 0., 0., 0., 1., 0. ]
R2: !!opencv-matrix
   rows: 3
   cols: 3
   dt: f
   data: [ 9.99982119e-01, -4.41129273e-03, -4.04406711e-03,
       4.39266535e-03, 9.99979734e-01, -4.60349303e-03, 4.06429265e-03,
       4.58564656e-03, 9.99981225e-01 ]
