%YAML:1.0
---
Q: !!opencv-matrix
   rows: 4
   cols: 4
   dt: f
   data: [ 1., 0., 0., -3.82355133e+02, 0., 1., 0., -2.31849884e+02, 0.,
       0., 0., 3.58601898e+02, 0., 0., 5.91879664e-03, 0. ]
R: !!opencv-matrix
   rows: 3
   cols: 3
   dt: d
   data: [ 1.0046856719654071e+00, 9.7719649440375159e-03,
       -3.2027668805020698e-03, -9.7284911781579456e-03,
       1.0046167038154781e+00, 9.2783119053391622e-03,
       3.2582572207021186e-03, -9.2466587608860413e-03,
       1.0046594349280316e+00 ]
T: !!opencv-matrix
   rows: 3
   cols: 1
   dt: d
   data: [ -1.6918414375230856e+02, 7.4633525070763040e-01,
       6.8421758600200000e-01 ]
E: !!opencv-matrix
   rows: 0
   cols: 0
   dt: u
   data: []
F: !!opencv-matrix
   rows: 0
   cols: 0
   dt: u
   data: []
K1: !!opencv-matrix
   rows: 3
   cols: 3
   dt: d
   data: [ 3.6627756984521932e+02, 0., 3.8060969928433269e+02, 0.,
       3.6653175179255015e+02, 2.3878059668569790e+02, 0., 0., 1. ]
D1: !!opencv-matrix
   rows: 5
   cols: 1
   dt: d
   data: [ -2.1859934914563901e-02, -9.9468572971318997e-04,
       1.6448003429794193e-03, -3.1164985765511365e-04,
       3.5195408316194161e-04 ]
P1: !!opencv-matrix
   rows: 3
   cols: 4
   dt: f
   data: [ 3.58601898e+02, 0., 3.82355133e+02, 0., 0., 3.58601898e+02,
       2.31849884e+02, 0., 0., 0., 1., 0. ]
R1: !!opencv-matrix
   rows: 3
   cols: 3
   dt: f
   data: [ 9.99959350e-01, 5.34463907e-03, -7.26534287e-03,
       -5.31118875e-03, 9.99975264e-01, 4.61557973e-03, 7.28983153e-03,
       -4.57680412e-03, 9.99962926e-01 ]
K2: !!opencv-matrix
   rows: 3
   cols: 3
   dt: d
   data: [ 3.6687495098581172e+02, 0., 3.7621769200552956e+02, 0.,
       3.6726361788508825e+02, 2.2399932895774910e+02, 0., 0., 1. ]
D2: !!opencv-matrix
   rows: 5
   cols: 1
   dt: d
   data: [ -2.2201337830972428e-02, -1.1445843221826492e-03,
       2.9199201696882579e-04, -7.1705872414221615e-04,
       5.1284674356775366e-04 ]
P2: !!opencv-matrix
   rows: 3
   cols: 4
   dt: f
   data: [ 3.58601898e+02, 0., 3.82355133e+02, -6.05869609e+04, 0.,
       3.58601898e+02, 2.31849884e+02, 0., 0., 0., 1., 0. ]
R2: !!opencv-matrix
   rows: 3
   cols: 3
   dt: f
   data: [ 9.99982119e-01, -4.41130018e-03, -4.04415792e-03,
       4.39266581e-03, 9.99979734e-01, -4.60514147e-03, 4.06439044e-03,
       4.58729453e-03, 9.99981225e-01 ]
