%YAML:1.0
---
Q: !!opencv-matrix
   rows: 4
   cols: 4
   dt: f
   data: [ 1., 0., 0., -4.48771088e+02, 0., 1., 0., -2.31704636e+02, 0.,
       0., 0., 3.55689545e+02, 0., 0., 7.57276826e-03, 0. ]
R: !!opencv-matrix
   rows: 3
   cols: 3
   dt: d
   data: [ 1.0095299190087150e+00, 9.9042595441396018e-03,
       -4.9331443678574559e-03, -9.7761886447618358e-03,
       1.0096103538886116e+00, 9.3319754453687568e-03,
       3.2852553575274581e-03, -9.3012485930404360e-03,
       1.0098064069471657e+00 ]
T: !!opencv-matrix
   rows: 3
   cols: 1
   dt: d
   data: [ -1.3184204077059871e+02, 5.8164769127842997e-01,
       1.1521371991796501e+01 ]
E: !!opencv-matrix
   rows: 0
   cols: 0
   dt: u
   data: []
F: !!opencv-matrix
   rows: 0
   cols: 0
   dt: u
   data: []
K1: !!opencv-matrix
   rows: 3
   cols: 3
   dt: d
   data: [ 3.6627756984521932e+02, 0., 3.8060969928433269e+02, 0.,
       3.6653175179255015e+02, 2.3878059668569790e+02, 0., 0., 1. ]
D1: !!opencv-matrix
   rows: 5
   cols: 1
   dt: d
   data: [ -2.1859934914563901e-02, -9.9468572971318997e-04,
       1.6448003429794193e-03, -3.1164985765511365e-04,
       3.5195408316194161e-04 ]
P1: !!opencv-matrix
   rows: 3
   cols: 4
   dt: f
   data: [ 3.55689545e+02, 0., 4.48771088e+02, 0., 0., 3.55689545e+02,
       2.31704636e+02, 0., 0., 0., 1., 0. ]
R1: !!opencv-matrix
   rows: 3
   cols: 3
   dt: f
   data: [ 9.95763838e-01, 6.56893989e-03, -9.17130187e-02,
       -6.16497546e-03, 9.99970019e-01, 4.68726410e-03, 9.17410553e-02,
       -4.10199957e-03, 9.95774448e-01 ]
K2: !!opencv-matrix
   rows: 3
   cols: 3
   dt: d
   data: [ 3.6687495098581172e+02, 0., 3.7621769200552956e+02, 0.,
       3.6726361788508825e+02, 2.2399932895774910e+02, 0., 0., 1. ]
D2: !!opencv-matrix
   rows: 5
   cols: 1
   dt: d
   data: [ -2.2201337830972428e-02, -1.1445843221826492e-03,
       2.9199201696882579e-04, -7.1705872414221615e-04,
       5.1284674356775366e-04 ]
P2: !!opencv-matrix
   rows: 3
   cols: 4
   dt: f
   data: [ 3.55689545e+02, 0., 4.48771088e+02, -4.69695547e+04, 0.,
       3.55689545e+02, 2.31704636e+02, 0., 0., 0., 1., 0. ]
R2: !!opencv-matrix
   rows: 3
   cols: 3
   dt: f
   data: [ 9.96193826e-01, -4.39490890e-03, -8.70550722e-02,
       4.01152018e-03, 9.99981463e-01, -4.57842974e-03, 8.70735869e-02,
       4.21178015e-03, 9.96192992e-01 ]
