%YAML:1.0
---
Q: !!opencv-matrix
   rows: 4
   cols: 4
   dt: f
   data: [ 1., 0., 0., -3.82638763e+02, 0., 1., 0., -2.31848450e+02, 0.,
       0., 0., 3.58705475e+02, 0., 0., 5.99751435e-03, 0. ]
R: !!opencv-matrix
   rows: 3
   cols: 3
   dt: d
   data: [ 1.0050265059669714e+00, 9.8152592330748821e-03,
       -3.7245008319920126e-03, -9.7312795366416120e-03,
       1.0048602193053557e+00, 9.2828609691893316e-03,
       3.2586544706824910e-03, -9.2490673184314649e-03,
       1.0049052500592259e+00 ]
T: !!opencv-matrix
   rows: 3
   cols: 1
   dt: d
   data: [ -1.6664454000613443e+02, 7.3513128756813106e-01,
       6.7394038845668747e-01 ]
E: !!opencv-matrix
   rows: 0
   cols: 0
   dt: u
   data: []
F: !!opencv-matrix
   rows: 0
   cols: 0
   dt: u
   data: []
K1: !!opencv-matrix
   rows: 3
   cols: 3
   dt: d
   data: [ 3.6627756984521932e+02, 0., 3.8060969928433269e+02, 0.,
       3.6653175179255015e+02, 2.3878059668569790e+02, 0., 0., 1. ]
D1: !!opencv-matrix
   rows: 5
   cols: 1
   dt: d
   data: [ -2.1859934914563901e-02, -9.9468572971318997e-04,
       1.6448003429794193e-03, -3.1164985765511365e-04,
       3.5195408316194161e-04 ]
P1: !!opencv-matrix
   rows: 3
   cols: 4
   dt: f
   data: [ 3.58705475e+02, 0., 3.82638763e+02, 0., 0., 3.58705475e+02,
       2.31848450e+02, 0., 0., 0., 1., 0. ]
R1: !!opencv-matrix
   rows: 3
   cols: 3
   dt: f
   data: [ 9.99953270e-01, 5.43775735e-03, -7.99021963e-03,
       -5.40098082e-03, 9.99974728e-01, 4.61706799e-03, 8.01512506e-03,
       -4.57369722e-03, 9.99957442e-01 ]
K2: !!opencv-matrix
   rows: 3
   cols: 3
   dt: d
   data: [ 3.6687495098581172e+02, 0., 3.7621769200552956e+02, 0.,
       3.6726361788508825e+02, 2.2399932895774910e+02, 0., 0., 1. ]
D2: !!opencv-matrix
   rows: 5
   cols: 1
   dt: d
   data: [ -2.2201337830972428e-02, -1.1445843221826492e-03,
       2.9199201696882579e-04, -7.1705872414221615e-04,
       5.1284674356775366e-04 ]
P2: !!opencv-matrix
   rows: 3
   cols: 4
   dt: f
   data: [ 3.58705475e+02, 0., 3.82638763e+02, -5.98090234e+04, 0.,
       3.58705475e+02, 2.31848450e+02, 0., 0., 0., 1., 0. ]
R2: !!opencv-matrix
   rows: 3
   cols: 3
   dt: f
   data: [ 9.99982119e-01, -4.41129599e-03, -4.04411880e-03,
       4.39266488e-03, 9.99979734e-01, -4.60433913e-03, 4.06434806e-03,
       4.58649220e-03, 9.99981225e-01 ]
