%YAML:1.0
---
Q: !!opencv-matrix
   rows: 4
   cols: 4
   dt: f
   data: [ 1., 0., 0., -4.04197876e+02, 0., 1., 0., -2.31828583e+02, 0.,
       0., 0., 3.56247437e+02, 0., 0., 6.53116358e-03, 0. ]
R: !!opencv-matrix
   rows: 3
   cols: 3
   dt: d
   data: [ 1.0066208999884791e+00, 9.8094071395570994e-03,
       -3.3827826063770501e-03, -9.7473091303438945e-03,
       1.0065652075445732e+00, 9.2970227096197226e-03,
       3.2644592868447831e-03, -9.2657509293316495e-03,
       1.0066141700997595e+00 ]
T: !!opencv-matrix
   rows: 3
   cols: 1
   dt: d
   data: [ -1.5337516843541653e+02, 6.7676225883713026e-01,
       4.8825389471139298e+00 ]
E: !!opencv-matrix
   rows: 0
   cols: 0
   dt: u
   data: []
F: !!opencv-matrix
   rows: 0
   cols: 0
   dt: u
   data: []
K1: !!opencv-matrix
   rows: 3
   cols: 3
   dt: d
   data: [ 3.6627756984521932e+02, 0., 3.8060969928433269e+02, 0.,
       3.6653175179255015e+02, 2.3878059668569790e+02, 0., 0., 1. ]
D1: !!opencv-matrix
   rows: 5
   cols: 1
   dt: d
   data: [ -2.1859934914563901e-02, -9.9468572971318997e-04,
       1.6448003429794193e-03, -3.1164985765511365e-04,
       3.5195408316194161e-04 ]
P1: !!opencv-matrix
   rows: 3
   cols: 4
   dt: f
   data: [ 3.56247437e+02, 0., 4.04197876e+02, 0., 0., 3.56247437e+02,
       2.31828583e+02, 0., 0., 0., 1., 0. ]
R1: !!opencv-matrix
   rows: 3
   cols: 3
   dt: f
   data: [ 9.99362171e-01, 5.60962455e-03, -3.52668837e-02,
       -5.44984499e-03, 9.99974430e-01, 4.62508434e-03, 3.52919288e-02,
       -4.42993548e-03, 9.99367237e-01 ]
K2: !!opencv-matrix
   rows: 3
   cols: 3
   dt: d
   data: [ 3.6687495098581172e+02, 0., 3.7621769200552956e+02, 0.,
       3.6726361788508825e+02, 2.2399932895774910e+02, 0., 0., 1. ]
D2: !!opencv-matrix
   rows: 5
   cols: 1
   dt: d
   data: [ -2.2201337830972428e-02, -1.1445843221826492e-03,
       2.9199201696882579e-04, -7.1705872414221615e-04,
       5.1284674356775366e-04 ]
P2: !!opencv-matrix
   rows: 3
   cols: 4
   dt: f
   data: [ 3.56247437e+02, 0., 4.04197876e+02, -5.45457813e+04, 0.,
       3.56247437e+02, 2.31828583e+02, 0., 0., 0., 1., 0. ]
R2: !!opencv-matrix
   rows: 3
   cols: 3
   dt: f
   data: [ 9.99483943e-01, -4.41016397e-03, -3.18173431e-02,
       4.26602364e-03, 9.99980330e-01, -4.59670043e-03, 3.18369903e-02,
       4.45859507e-03, 9.99483109e-01 ]
