%YAML:1.0
---
Q: !!opencv-matrix
   rows: 4
   cols: 4
   dt: f
   data: [ 1., 0., 0., -3.82661011e+02, 0., 1., 0., -2.31854050e+02, 0.,
       0., 0., 3.58366394e+02, 0., 0., 5.90652414e-03, 0. ]
R: !!opencv-matrix
   rows: 3
   cols: 3
   dt: d
   data: [ 1.0230498451847765e+00, 8.9267781599115283e-03,
       -5.4701397133106655e-03, -9.7757046176941715e-03,
       9.9820943569704468e-01, 9.2291975472599177e-03,
       3.1372670039303938e-03, -9.1844830594210326e-03,
       9.9825769925772978e-01 ]
T: !!opencv-matrix
   rows: 3
   cols: 1
   dt: d
   data: [ -1.6821431633435949e+02, 7.4205520858315732e-01,
       6.8027173932855900e-01 ]
E: !!opencv-matrix
   rows: 0
   cols: 0
   dt: u
   data: []
F: !!opencv-matrix
   rows: 0
   cols: 0
   dt: u
   data: []
K1: !!opencv-matrix
   rows: 3
   cols: 3
   dt: d
   data: [ 3.6627756984521932e+02, 0., 3.8060969928433269e+02, 0.,
       3.6653175179255015e+02, 2.3878059668569790e+02, 0., 0., 1. ]
D1: !!opencv-matrix
   rows: 5
   cols: 1
   dt: d
   data: [ -2.1859934914563901e-02, -9.9468572971318997e-04,
       1.6448003429794193e-03, -3.1164985765511365e-04,
       3.5195408316194161e-04 ]
P1: !!opencv-matrix
   rows: 3
   cols: 4
   dt: f
   data: [ 3.58366394e+02, 0., 3.82661011e+02, 0., 0., 3.58366394e+02,
       2.31854050e+02, 0., 0., 0., 1., 0. ]
R1: !!opencv-matrix
   rows: 3
   cols: 3
   dt: f
   data: [ 9.99958694e-01, 4.21282556e-03, -8.05038400e-03,
       -4.17580409e-03, 9.99980628e-01, 4.60999878e-03, 8.06964934e-03,
       -4.57619131e-03, 9.99956965e-01 ]
K2: !!opencv-matrix
   rows: 3
   cols: 3
   dt: d
   data: [ 3.6687495098581172e+02, 0., 3.7621769200552956e+02, 0.,
       3.6726361788508825e+02, 2.2399932895774910e+02, 0., 0., 1. ]
D2: !!opencv-matrix
   rows: 5
   cols: 1
   dt: d
   data: [ -2.2201337830972428e-02, -1.1445843221826492e-03,
       2.9199201696882579e-04, -7.1705872414221615e-04,
       5.1284674356775366e-04 ]
P2: !!opencv-matrix
   rows: 3
   cols: 4
   dt: f
   data: [ 3.58366394e+02, 0., 3.82661011e+02, -6.06729727e+04, 0.,
       3.58366394e+02, 2.31854050e+02, 0., 0., 0., 1., 0. ]
R2: !!opencv-matrix
   rows: 3
   cols: 3
   dt: f
   data: [ 9.99982119e-01, -4.41127457e-03, -4.04391065e-03,
       4.39265370e-03, 9.99979734e-01, -4.60204482e-03, 4.06412967e-03,
       4.58419882e-03, 9.99981225e-01 ]
