%YAML:1.0
---
Q: !!opencv-matrix
   rows: 4
   cols: 4
   dt: f
   data: [ 1., 0., 0., -4.48843475e+02, 0., 1., 0., -2.31695679e+02, 0.,
       0., 0., 3.55866638e+02, 0., 0., 7.47449696e-03, 0. ]
R: !!opencv-matrix
   rows: 3
   cols: 3
   dt: d
   data: [ 1.0071453861557900e+00, 1.0774729720785007e-02,
       -5.8858234446588298e-03, -9.7699711981817771e-03,
       1.0104226688176636e+00, 9.3437043328099025e-03,
       3.5676030485130295e-03, -9.3841361003291230e-03,
       1.0107055894587984e+00 ]
T: !!opencv-matrix
   rows: 3
   cols: 1
   dt: d
   data: [ -1.3154949452616052e+02, 5.8035697105365258e-01,
       1.1495806438555453e+01 ]
E: !!opencv-matrix
   rows: 0
   cols: 0
   dt: u
   data: []
F: !!opencv-matrix
   rows: 0
   cols: 0
   dt: u
   data: []
K1: !!opencv-matrix
   rows: 3
   cols: 3
   dt: d
   data: [ 3.6627756984521932e+02, 0., 3.8060969928433269e+02, 0.,
       3.6653175179255015e+02, 2.3878059668569790e+02, 0., 0., 1. ]
D1: !!opencv-matrix
   rows: 5
   cols: 1
   dt: d
   data: [ -2.1859934914563901e-02, -9.9468572971318997e-04,
       1.6448003429794193e-03, -3.1164985765511365e-04,
       3.5195408316194161e-04 ]
P1: !!opencv-matrix
   rows: 3
   cols: 4
   dt: f
   data: [ 3.55866638e+02, 0., 4.48843475e+02, 0., 0., 3.55866638e+02,
       2.31695679e+02, 0., 0., 0., 1., 0. ]
R1: !!opencv-matrix
   rows: 3
   cols: 3
   dt: f
   data: [ 9.95745420e-01, 6.89299963e-03, -9.18889642e-02,
       -6.48760796e-03, 9.99967873e-01, 4.70973318e-03, 9.19184759e-02,
       -4.09355527e-03, 9.95758116e-01 ]
K2: !!opencv-matrix
   rows: 3
   cols: 3
   dt: d
   data: [ 3.6687495098581172e+02, 0., 3.7621769200552956e+02, 0.,
       3.6726361788508825e+02, 2.2399932895774910e+02, 0., 0., 1. ]
D2: !!opencv-matrix
   rows: 5
   cols: 1
   dt: d
   data: [ -2.2201337830972428e-02, -1.1445843221826492e-03,
       2.9199201696882579e-04, -7.1705872414221615e-04,
       5.1284674356775366e-04 ]
P2: !!opencv-matrix
   rows: 3
   cols: 4
   dt: f
   data: [ 3.55866638e+02, 0., 4.48843475e+02, -4.76107813e+04, 0.,
       3.55866638e+02, 2.31695679e+02, 0., 0., 0., 1., 0. ]
R2: !!opencv-matrix
   rows: 3
   cols: 3
   dt: f
   data: [ 9.96193826e-01, -4.39490844e-03, -8.70550722e-02,
       4.01090644e-03, 9.99981463e-01, -4.58545005e-03, 8.70736092e-02,
       4.21882700e-03, 9.96192932e-01 ]
