%YAML:1.0
---
Q: !!opencv-matrix
   rows: 4
   cols: 4
   dt: f
   data: [ 1., 0., 0., -4.04533447e+02, 0., 1., 0., -2.31827011e+02, 0.,
       0., 0., 3.56254517e+02, 0., 0., 6.52736565e-03, 0. ]
R: !!opencv-matrix
   rows: 3
   cols: 3
   dt: d
   data: [ 1.0065795624529528e+00, 9.8397733340931243e-03,
       -4.7969450636613318e-03, -9.7472382240158268e-03,
       1.0065862029971093e+00, 9.3034585270503484e-03,
       3.2665144363220916e-03, -9.2669046806155789e-03,
       1.0066803246051352e+00 ]
T: !!opencv-matrix
   rows: 3
   cols: 1
   dt: d
   data: [ -1.5271913881515772e+02, 6.7386416701360652e-01,
       4.8616260169281933e+00 ]
E: !!opencv-matrix
   rows: 0
   cols: 0
   dt: u
   data: []
F: !!opencv-matrix
   rows: 0
   cols: 0
   dt: u
   data: []
K1: !!opencv-matrix
   rows: 3
   cols: 3
   dt: d
   data: [ 3.6627756984521932e+02, 0., 3.8060969928433269e+02, 0.,
       3.6653175179255015e+02, 2.3878059668569790e+02, 0., 0., 1. ]
D1: !!opencv-matrix
   rows: 5
   cols: 1
   dt: d
   data: [ -2.1859934914563901e-02, -9.9468572971318997e-04,
       1.6448003429794193e-03, -3.1164985765511365e-04,
       3.5195408316194161e-04 ]
P1: !!opencv-matrix
   rows: 3
   cols: 4
   dt: f
   data: [ 3.56254517e+02, 0., 4.04533447e+02, 0., 0., 3.56254517e+02,
       2.31827011e+02, 0., 0., 0., 1., 0. ]
R1: !!opencv-matrix
   rows: 3
   cols: 3
   dt: f
   data: [ 9.99331653e-01, 5.63697098e-03, -3.61182727e-02,
       -5.47336880e-03, 9.99974310e-01, 4.62689810e-03, 3.61434259e-02,
       -4.42611659e-03, 9.99336839e-01 ]
K2: !!opencv-matrix
   rows: 3
   cols: 3
   dt: d
   data: [ 3.6687495098581172e+02, 0., 3.7621769200552956e+02, 0.,
       3.6726361788508825e+02, 2.2399932895774910e+02, 0., 0., 1. ]
D2: !!opencv-matrix
   rows: 5
   cols: 1
   dt: d
   data: [ -2.2201337830972428e-02, -1.1445843221826492e-03,
       2.9199201696882579e-04, -7.1705872414221615e-04,
       5.1284674356775366e-04 ]
P2: !!opencv-matrix
   rows: 3
   cols: 4
   dt: f
   data: [ 3.56254517e+02, 0., 4.04533447e+02, -5.45786055e+04, 0.,
       3.56254517e+02, 2.31827011e+02, 0., 0., 0., 1., 0. ]
R2: !!opencv-matrix
   rows: 3
   cols: 3
   dt: f
   data: [ 9.99483943e-01, -4.41016397e-03, -3.18173431e-02,
       4.26605484e-03, 9.99980330e-01, -4.59573278e-03, 3.18369865e-02,
       4.45762696e-03, 9.99483109e-01 ]
