%YAML:1.0
---
Q: !!opencv-matrix
   rows: 4
   cols: 4
   dt: f
   data: [ 1., 0., 0., -4.26055084e+02, 0., 1., 0., -2.31785416e+02, 0.,
       0., 0., 3.55989227e+02, 0., 0., 7.02345325e-03, 0. ]
R: !!opencv-matrix
   rows: 3
   cols: 3
   dt: d
   data: [ 1.0081884729752606e+00, 9.8275340292774353e-03,
       -3.4874952635087363e-03, -9.7624779135542534e-03,
       1.0081247084812259e+00, 9.3119100186979092e-03,
       3.2686177539001512e-03, -9.2813791963541944e-03,
       1.0081856862045422e+00 ]
T: !!opencv-matrix
   rows: 3
   cols: 1
   dt: d
   data: [ -1.4212641820018408e+02, 6.2698717888902400e-01,
       8.4723645033426624e+00 ]
E: !!opencv-matrix
   rows: 0
   cols: 0
   dt: u
   data: []
F: !!opencv-matrix
   rows: 0
   cols: 0
   dt: u
   data: []
K1: !!opencv-matrix
   rows: 3
   cols: 3
   dt: d
   data: [ 3.6627756984521932e+02, 0., 3.8060969928433269e+02, 0.,
       3.6653175179255015e+02, 2.3878059668569790e+02, 0., 0., 1. ]
D1: !!opencv-matrix
   rows: 5
   cols: 1
   dt: d
   data: [ -2.1859934914563901e-02, -9.9468572971318997e-04,
       1.6448003429794193e-03, -3.1164985765511365e-04,
       3.5195408316194161e-04 ]
P1: !!opencv-matrix
   rows: 3
   cols: 4
   dt: f
   data: [ 3.55989227e+02, 0., 4.26055084e+02, 0., 0., 3.55989227e+02,
       2.31785416e+02, 0., 0., 0., 1., 0. ]
R1: !!opencv-matrix
   rows: 3
   cols: 3
   dt: f
   data: [ 9.98006225e-01, 5.85692376e-03, -6.28429204e-02,
       -5.57644945e-03, 9.99973714e-01, 4.63756686e-03, 6.28684312e-02,
       -4.27788030e-03, 9.98012662e-01 ]
K2: !!opencv-matrix
   rows: 3
   cols: 3
   dt: d
   data: [ 3.6687495098581172e+02, 0., 3.7621769200552956e+02, 0.,
       3.6726361788508825e+02, 2.2399932895774910e+02, 0., 0., 1. ]
D2: !!opencv-matrix
   rows: 5
   cols: 1
   dt: d
   data: [ -2.2201337830972428e-02, -1.1445843221826492e-03,
       2.9199201696882579e-04, -7.1705872414221615e-04,
       5.1284674356775366e-04 ]
P2: !!opencv-matrix
   rows: 3
   cols: 4
   dt: f
   data: [ 3.55989227e+02, 0., 4.26055084e+02, -5.06857813e+04, 0.,
       3.55989227e+02, 2.31785416e+02, 0., 0., 0., 1., 0. ]
R2: !!opencv-matrix
   rows: 3
   cols: 3
   dt: f
   data: [ 9.98218298e-01, -4.40361537e-03, -5.95052578e-02,
       4.13806271e-03, 9.99980927e-01, -4.58516320e-03, 5.95243126e-02,
       4.33075707e-03, 9.98217463e-01 ]
