%YAML:1.0
---
Q: !!opencv-matrix
   rows: 4
   cols: 4
   dt: f
   data: [ 1., 0., 0., -4.04638611e+02, 0., 1., 0., -2.31812683e+02, 0.,
       0., 0., 3.56910400e+02, 0., 0., 6.13665814e-03, 0. ]
R: !!opencv-matrix
   rows: 3
   cols: 3
   dt: d
   data: [ 1.0008268314732633e+00, 1.1762810541803313e-02,
       -5.9991391187292648e-03, -9.7270312655611067e-03,
       1.0075598421349545e+00, 9.3178195154597944e-03,
       3.4840954142554121e-03, -9.3368577220495179e-03,
       1.0077006203515317e+00 ]
T: !!opencv-matrix
   rows: 3
   cols: 1
   dt: d
   data: [ -1.5980133147016170e+02, 7.0511375056768333e-01,
       5.0870772273862954e+00 ]
E: !!opencv-matrix
   rows: 0
   cols: 0
   dt: u
   data: []
F: !!opencv-matrix
   rows: 0
   cols: 0
   dt: u
   data: []
K1: !!opencv-matrix
   rows: 3
   cols: 3
   dt: d
   data: [ 3.6627756984521932e+02, 0., 3.8060969928433269e+02, 0.,
       3.6653175179255015e+02, 2.3878059668569790e+02, 0., 0., 1. ]
D1: !!opencv-matrix
   rows: 5
   cols: 1
   dt: d
   data: [ -2.1859934914563901e-02, -9.9468572971318997e-04,
       1.6448003429794193e-03, -3.1164985765511365e-04,
       3.5195408316194161e-04 ]
P1: !!opencv-matrix
   rows: 3
   cols: 4
   dt: f
   data: [ 3.56910400e+02, 0., 4.04638611e+02, 0., 0., 3.56910400e+02,
       2.31812683e+02, 0., 0., 0., 1., 0. ]
R1: !!opencv-matrix
   rows: 3
   cols: 3
   dt: f
   data: [ 9.99314785e-01, 6.80147903e-03, -3.63821574e-02,
       -6.63631223e-03, 9.99967098e-01, 4.65861987e-03, 3.64126451e-02,
       -4.41398425e-03, 9.99327064e-01 ]
K2: !!opencv-matrix
   rows: 3
   cols: 3
   dt: d
   data: [ 3.6687495098581172e+02, 0., 3.7621769200552956e+02, 0.,
       3.6726361788508825e+02, 2.2399932895774910e+02, 0., 0., 1. ]
D2: !!opencv-matrix
   rows: 5
   cols: 1
   dt: d
   data: [ -2.2201337830972428e-02, -1.1445843221826492e-03,
       2.9199201696882579e-04, -7.1705872414221615e-04,
       5.1284674356775366e-04 ]
P2: !!opencv-matrix
   rows: 3
   cols: 4
   dt: f
   data: [ 3.56910400e+02, 0., 4.04638611e+02, -5.81603828e+04, 0.,
       3.56910400e+02, 2.31812683e+02, 0., 0., 0., 1., 0. ]
R2: !!opencv-matrix
   rows: 3
   cols: 3
   dt: f
   data: [ 9.99483943e-01, -4.41016257e-03, -3.18173282e-02,
       4.26574098e-03, 9.99980271e-01, -4.60554427e-03, 3.18370126e-02,
       4.46744310e-03, 9.99483109e-01 ]
