%YAML:1.0
---
Q: !!opencv-matrix
   rows: 4
   cols: 4
   dt: f
   data: [ 1., 0., 0., -3.83187805e+02, 0., 1., 0., -2.32192886e+02, 0.,
       0., 0., 3.61826569e+02, 0., 0., 5.56690665e-03, 0. ]
R: !!opencv-matrix
   rows: 3
   cols: 3
   dt: d
   data: [ 9.9992113309915598e-01, 9.7640156488602078e-03,
       -3.1577104440411101e-03, -9.6799583632071282e-03,
       9.9992821344853144e-01, 9.2351231726754465e-03,
       3.2435663522350174e-03, -9.2041186101636842e-03,
       9.9997332961150998e-01 ]
T: !!opencv-matrix
   rows: 3
   cols: 1
   dt: d
   data: [ -1.7927303466536540e+02, 1.1384277639483239e+01,
       7.6957378392173392e-01 ]
E: !!opencv-matrix
   rows: 0
   cols: 0
   dt: u
   data: []
F: !!opencv-matrix
   rows: 0
   cols: 0
   dt: u
   data: []
K1: !!opencv-matrix
   rows: 3
   cols: 3
   dt: d
   data: [ 3.6627756984521932e+02, 0., 3.8060969928433269e+02, 0.,
       3.6653175179255015e+02, 2.3878059668569790e+02, 0., 0., 1. ]
D1: !!opencv-matrix
   rows: 5
   cols: 1
   dt: d
   data: [ -2.1859934914563901e-02, -9.9468572971318997e-04,
       1.6448003429794193e-03, -3.1164985765511365e-04,
       3.5195408316194161e-04 ]
P1: !!opencv-matrix
   rows: 3
   cols: 4
   dt: f
   data: [ 3.61826569e+02, 0., 3.83187805e+02, 0., 0., 3.61826569e+02,
       2.32192886e+02, 0., 0., 0., 1., 0. ]
R1: !!opencv-matrix
   rows: 3
   cols: 3
   dt: f
   data: [ 9.98530030e-01, -5.36045320e-02, -8.02009180e-03,
       5.36404513e-02, 9.98550892e-01, 4.33249725e-03, 7.77622871e-03,
       -4.75632958e-03, 9.99958456e-01 ]
K2: !!opencv-matrix
   rows: 3
   cols: 3
   dt: d
   data: [ 3.6687495098581172e+02, 0., 3.7621769200552956e+02, 0.,
       3.6726361788508825e+02, 2.2399932895774910e+02, 0., 0., 1. ]
D2: !!opencv-matrix
   rows: 5
   cols: 1
   dt: d
   data: [ -2.2201337830972428e-02, -1.1445843221826492e-03,
       2.9199201696882579e-04, -7.1705872414221615e-04,
       5.1284674356775366e-04 ]
P2: !!opencv-matrix
   rows: 3
   cols: 4
   dt: f
   data: [ 3.61826569e+02, 0., 3.83187805e+02, -6.49959805e+04, 0.,
       3.61826569e+02, 2.32192886e+02, 0., 0., 0., 1., 0. ]
R2: !!opencv-matrix
   rows: 3
   cols: 3
   dt: f
   data: [ 9.97980654e-01, -6.33742213e-02, -4.28407872e-03,
       6.33540750e-02, 9.97980118e-01, -4.68422519e-03, 4.57228441e-03,
       4.40335227e-03, 9.99979854e-01 ]
