%YAML:1.0
---
Q: !!opencv-matrix
   rows: 4
   cols: 4
   dt: f
   data: [ 1., 0., 0., -4.28256958e+02, 0., 1., 0., -2.33932266e+02, 0.,
       0., 0., 3.72306152e+02, 0., 0., 6.03742478e-03, 0. ]
R: !!opencv-matrix
   rows: 3
   cols: 3
   dt: d
   data: [ 1.0080557721603698e+00, 1.0006163535101323e-02,
       -3.8166282285219473e-03, -9.7644985533950953e-03,
       1.0070383939415326e+00, -4.3447918852486653e-02,
       3.2653393873668620e-03, 4.3464561589640641e-02,
       1.0071120753454021e+00 ]
T: !!opencv-matrix
   rows: 3
   cols: 1
   dt: d
   data: [ -1.6497353055937225e+02, 1.0476075889912650e+01,
       1.0414104687410196e+01 ]
E: !!opencv-matrix
   rows: 0
   cols: 0
   dt: u
   data: []
F: !!opencv-matrix
   rows: 0
   cols: 0
   dt: u
   data: []
K1: !!opencv-matrix
   rows: 3
   cols: 3
   dt: d
   data: [ 3.6627756984521932e+02, 0., 3.8060969928433269e+02, 0.,
       3.6653175179255015e+02, 2.3878059668569790e+02, 0., 0., 1. ]
D1: !!opencv-matrix
   rows: 5
   cols: 1
   dt: d
   data: [ -2.1859934914563901e-02, -9.9468572971318997e-04,
       1.6448003429794193e-03, -3.1164985765511365e-04,
       3.5195408316194161e-04 ]
P1: !!opencv-matrix
   rows: 3
   cols: 4
   dt: f
   data: [ 3.72306152e+02, 0., 4.28256958e+02, 0., 0., 3.72306152e+02,
       2.33932266e+02, 0., 0., 0., 1., 0. ]
R1: !!opencv-matrix
   rows: 3
   cols: 3
   dt: f
   data: [ 9.96379018e-01, -5.62051423e-02, -6.37950152e-02,
       5.48031852e-02, 9.98220146e-01, -2.35184953e-02, 6.50033280e-02,
       1.99371651e-02, 9.97685850e-01 ]
K2: !!opencv-matrix
   rows: 3
   cols: 3
   dt: d
   data: [ 3.6687495098581172e+02, 0., 3.7621769200552956e+02, 0.,
       3.6726361788508825e+02, 2.2399932895774910e+02, 0., 0., 1. ]
D2: !!opencv-matrix
   rows: 5
   cols: 1
   dt: d
   data: [ -2.2201337830972428e-02, -1.1445843221826492e-03,
       2.9199201696882579e-04, -7.1705872414221615e-04,
       5.1284674356775366e-04 ]
P2: !!opencv-matrix
   rows: 3
   cols: 4
   dt: f
   data: [ 3.72306152e+02, 0., 4.28256958e+02, -6.16663828e+04, 0.,
       3.72306152e+02, 2.33932266e+02, 0., 0., 0., 1., 0. ]
R2: !!opencv-matrix
   rows: 3
   cols: 3
   dt: f
   data: [ 9.96015251e-01, -6.32485226e-02, -6.28743768e-02,
       6.46022558e-02, 9.97715950e-01, 1.97342541e-02, 6.14826009e-02,
       -2.37174463e-02, 9.97826338e-01 ]
