%YAML:1.0
---
Q: !!opencv-matrix
   rows: 4
   cols: 4
   dt: f
   data: [ 1., 0., 0., -4.10327667e+02, 0., 1., 0., -2.33638855e+02, 0.,
       0., 0., 3.69171997e+02, 0., 0., 9.66593251e-02, 0. ]
R: !!opencv-matrix
   rows: 3
   cols: 3
   dt: d
   data: [ 1.0462599188054225e+00, -4.7095084992554992e-02,
       3.2132327392069615e-02, 4.7504617461368838e-02,
       1.0506721972353590e+00, -4.4634544662290103e-02,
       -4.8920176024265162e-02, 4.8183988357725603e-02,
       1.0515579423843007e+00 ]
T: !!opencv-matrix
   rows: 3
   cols: 1
   dt: d
   data: [ -7.9418653023082433e+00, 5.0432796520645096e-01,
       5.0128986107472817e-01 ]
E: !!opencv-matrix
   rows: 0
   cols: 0
   dt: u
   data: []
F: !!opencv-matrix
   rows: 0
   cols: 0
   dt: u
   data: []
K1: !!opencv-matrix
   rows: 3
   cols: 3
   dt: d
   data: [ 3.6627756984521932e+02, 0., 3.8060969928433269e+02, 0.,
       3.6653175179255015e+02, 2.3878059668569790e+02, 0., 0., 1. ]
D1: !!opencv-matrix
   rows: 5
   cols: 1
   dt: d
   data: [ -2.1859934914563901e-02, -9.9468572971318997e-04,
       1.6448003429794193e-03, -3.1164985765511365e-04,
       3.5195408316194161e-04 ]
P1: !!opencv-matrix
   rows: 3
   cols: 4
   dt: f
   data: [ 3.69171997e+02, 0., 4.10327667e+02, 0., 0., 3.69171997e+02,
       2.33638855e+02, 0., 0., 0., 1., 0. ]
R1: !!opencv-matrix
   rows: 3
   cols: 3
   dt: f
   data: [ 9.93826389e-01, -1.09433129e-01, -1.82632487e-02,
       1.09031498e-01, 9.93801296e-01, -2.17051934e-02, 2.05253065e-02,
       1.95799246e-02, 9.99597609e-01 ]
K2: !!opencv-matrix
   rows: 3
   cols: 3
   dt: d
   data: [ 3.6687495098581172e+02, 0., 3.7621769200552956e+02, 0.,
       3.6726361788508825e+02, 2.2399932895774910e+02, 0., 0., 1. ]
D2: !!opencv-matrix
   rows: 5
   cols: 1
   dt: d
   data: [ -2.2201337830972428e-02, -1.1445843221826492e-03,
       2.9199201696882579e-04, -7.1705872414221615e-04,
       5.1284674356775366e-04 ]
P2: !!opencv-matrix
   rows: 3
   cols: 4
   dt: f
   data: [ 3.69171997e+02, 0., 4.10327667e+02, -3.81931079e+03, 0.,
       3.69171997e+02, 2.33638855e+02, 0., 0., 0., 1., 0. ]
R2: !!opencv-matrix
   rows: 3
   cols: 3
   dt: f
   data: [ 9.96015608e-01, -6.32494390e-02, -6.28684163e-02,
       6.45369589e-02, 9.97740805e-01, 1.86624005e-02, 6.15459941e-02,
       -2.26453785e-02, 9.97847319e-01 ]
