%YAML:1.0
---
Q: !!opencv-matrix
   rows: 4
   cols: 4
   dt: f
   data: [ 1., 0., 0., -4.07688629e+02, 0., 1., 0., -2.33439575e+02, 0.,
       0., 0., 3.70132324e+02, 0., 0., 5.72399935e-03, 0. ]
R: !!opencv-matrix
   rows: 3
   cols: 3
   dt: d
   data: [ 1.0009333905437379e+00, -4.2775729405883277e-02,
       4.8804171714044157e-02, 4.5018607747543744e-02,
       1.0010745123862306e+00, -4.3687972954091499e-02,
       -4.6864966979634159e-02, 4.5782642382773173e-02,
       1.0009039722990793e+00 ]
T: !!opencv-matrix
   rows: 3
   cols: 1
   dt: d
   data: [ -1.7412414244134169e+02, 1.1057262700318990e+01,
       1.0991630558088673e+01 ]
E: !!opencv-matrix
   rows: 0
   cols: 0
   dt: u
   data: []
F: !!opencv-matrix
   rows: 0
   cols: 0
   dt: u
   data: []
K1: !!opencv-matrix
   rows: 3
   cols: 3
   dt: d
   data: [ 3.6627756984521932e+02, 0., 3.8060969928433269e+02, 0.,
       3.6653175179255015e+02, 2.3878059668569790e+02, 0., 0., 1. ]
D1: !!opencv-matrix
   rows: 5
   cols: 1
   dt: d
   data: [ -2.1859934914563901e-02, -9.9468572971318997e-04,
       1.6448003429794193e-03, -3.1164985765511365e-04,
       3.5195408316194161e-04 ]
P1: !!opencv-matrix
   rows: 3
   cols: 4
   dt: f
   data: [ 3.70132324e+02, 0., 4.07688629e+02, 0., 0., 3.70132324e+02,
       2.33439575e+02, 0., 0., 0., 1., 0. ]
R1: !!opencv-matrix
   rows: 3
   cols: 3
   dt: f
   data: [ 9.94027972e-01, -1.08516738e-01, -1.15133356e-02,
       1.08252577e-01, 9.93890643e-01, -2.15121768e-02, 1.37774274e-02,
       2.01373566e-02, 9.99702275e-01 ]
K2: !!opencv-matrix
   rows: 3
   cols: 3
   dt: d
   data: [ 3.6687495098581172e+02, 0., 3.7621769200552956e+02, 0.,
       3.6726361788508825e+02, 2.2399932895774910e+02, 0., 0., 1. ]
D2: !!opencv-matrix
   rows: 5
   cols: 1
   dt: d
   data: [ -2.2201337830972428e-02, -1.1445843221826492e-03,
       2.9199201696882579e-04, -7.1705872414221615e-04,
       5.1284674356775366e-04 ]
P2: !!opencv-matrix
   rows: 3
   cols: 4
   dt: f
   data: [ 3.70132324e+02, 0., 4.07688629e+02, -6.46632344e+04, 0.,
       3.70132324e+02, 2.33439575e+02, 0., 0., 0., 1., 0. ]
R2: !!opencv-matrix
   rows: 3
   cols: 3
   dt: f
   data: [ 9.96015310e-01, -6.32491410e-02, -6.28737211e-02,
       6.45479560e-02, 9.97736692e-01, 1.88434999e-02, 6.15395792e-02,
       -2.28267834e-02, 9.97843564e-01 ]
