%YAML:1.0
---
Q: !!opencv-matrix
   rows: 4
   cols: 4
   dt: f
   data: [ 1., 0., 0., -4.07590729e+02, 0., 1., 0., -2.33123871e+02, 0.,
       0., 0., 3.79626312e+02, 0., 0., 5.82792005e-03, 0. ]
R: !!opencv-matrix
   rows: 3
   cols: 3
   dt: d
   data: [ 1.0010827171128920e+00, 9.5876950675500838e-03,
       4.8783159267025838e-02, -7.4302392042073671e-03,
       1.0013399066921216e+00, -4.3657364886293966e-02,
       -4.9161534967908128e-02, 4.3240477806427008e-02,
       1.0001805971654816e+00 ]
T: !!opencv-matrix
   rows: 3
   cols: 1
   dt: d
   data: [ -1.7090408667311817e+02, 1.0852872928701030e+01,
       1.0788139538457250e+01 ]
E: !!opencv-matrix
   rows: 0
   cols: 0
   dt: u
   data: []
F: !!opencv-matrix
   rows: 0
   cols: 0
   dt: u
   data: []
K1: !!opencv-matrix
   rows: 3
   cols: 3
   dt: d
   data: [ 3.6627756984521932e+02, 0., 3.8060969928433269e+02, 0.,
       3.6653175179255015e+02, 2.3878059668569790e+02, 0., 0., 1. ]
D1: !!opencv-matrix
   rows: 5
   cols: 1
   dt: d
   data: [ -2.1859934914563901e-02, -9.9468572971318997e-04,
       1.6448003429794193e-03, -3.1164985765511365e-04,
       3.5195408316194161e-04 ]
P1: !!opencv-matrix
   rows: 3
   cols: 4
   dt: f
   data: [ 3.79626312e+02, 0., 4.07590729e+02, 0., 0., 3.79626312e+02,
       2.33123871e+02, 0., 0., 0., 1., 0. ]
R1: !!opencv-matrix
   rows: 3
   cols: 3
   dt: f
   data: [ 9.98342633e-01, -5.63887954e-02, -1.15019754e-02,
       5.61344735e-02, 9.98194933e-01, -2.13501006e-02, 1.26851201e-02,
       2.06690580e-02, 9.99705911e-01 ]
K2: !!opencv-matrix
   rows: 3
   cols: 3
   dt: d
   data: [ 3.6687495098581172e+02, 0., 3.7621769200552956e+02, 0.,
       3.6726361788508825e+02, 2.2399932895774910e+02, 0., 0., 1. ]
D2: !!opencv-matrix
   rows: 5
   cols: 1
   dt: d
   data: [ -2.2201337830972428e-02, -1.1445843221826492e-03,
       2.9199201696882579e-04, -7.1705872414221615e-04,
       5.1284674356775366e-04 ]
P2: !!opencv-matrix
   rows: 3
   cols: 4
   dt: f
   data: [ 3.79626312e+02, 0., 4.07590729e+02, -6.51392461e+04, 0.,
       3.79626312e+02, 2.33123871e+02, 0., 0., 0., 1., 0. ]
R2: !!opencv-matrix
   rows: 3
   cols: 3
   dt: f
   data: [ 9.96015310e-01, -6.32496774e-02, -6.28724098e-02,
       6.45584613e-02, 9.97732937e-01, 1.90057326e-02, 6.15277700e-02,
       -2.29889471e-02, 9.97840583e-01 ]
