%YAML:1.0
---
Q: !!opencv-matrix
   rows: 4
   cols: 4
   dt: f
   data: [ 1., 0., 0., -3.82539948e+02, 0., 1., 0., -2.31851273e+02, 0.,
       0., 0., 3.58741577e+02, 0., 0., 5.55465324e-03, 0. ]
R: !!opencv-matrix
   rows: 3
   cols: 3
   dt: d
   data: [ 9.9990260281636845e-01, 9.7966385695279316e-03,
       -3.1591803755211074e-03, -9.6784508692108334e-03,
       9.9993229113541915e-01, 9.2352720361568059e-03,
       3.2436922408300949e-03, -9.2043149767238024e-03,
       9.9997948161252270e-01 ]
T: !!opencv-matrix
   rows: 3
   cols: 1
   dt: d
   data: [ -1.7928686881935042e+02, 1.1385156156476008e+01,
       7.6963323006461981e-01 ]
E: !!opencv-matrix
   rows: 0
   cols: 0
   dt: u
   data: []
F: !!opencv-matrix
   rows: 0
   cols: 0
   dt: u
   data: []
K1: !!opencv-matrix
   rows: 3
   cols: 3
   dt: d
   data: [ 3.6627756984521932e+02, 0., 3.8060969928433269e+02, 0.,
       3.6653175179255015e+02, 2.3878059668569790e+02, 0., 0., 1. ]
D1: !!opencv-matrix
   rows: 5
   cols: 1
   dt: d
   data: [ -2.1859934914563901e-02, -9.9468572971318997e-04,
       1.6448003429794193e-03, -3.1164985765511365e-04,
       3.5195408316194161e-04 ]
P1: !!opencv-matrix
   rows: 3
   cols: 4
   dt: f
   data: [ 3.58741577e+02, 0., 3.82539948e+02, 0., 0., 3.58741577e+02,
       2.31851273e+02, 0., 0., 0., 1., 0. ]
R1: !!opencv-matrix
   rows: 3
   cols: 3
   dt: f
   data: [ 9.99959052e-01, 5.08156233e-03, -7.48602673e-03,
       -5.04710618e-03, 9.99976635e-01, 4.61450219e-03, 7.50930049e-03,
       -4.57653077e-03, 9.99961317e-01 ]
K2: !!opencv-matrix
   rows: 3
   cols: 3
   dt: d
   data: [ 3.6687495098581172e+02, 0., 3.7621769200552956e+02, 0.,
       3.6726361788508825e+02, 2.2399932895774910e+02, 0., 0., 1. ]
D2: !!opencv-matrix
   rows: 5
   cols: 1
   dt: d
   data: [ -2.2201337830972428e-02, -1.1445843221826492e-03,
       2.9199201696882579e-04, -7.1705872414221615e-04,
       5.1284674356775366e-04 ]
P2: !!opencv-matrix
   rows: 3
   cols: 4
   dt: f
   data: [ 3.58741577e+02, 0., 3.82539948e+02, -6.45839727e+04, 0.,
       3.58741577e+02, 2.31851273e+02, 0., 0., 0., 1., 0. ]
R2: !!opencv-matrix
   rows: 3
   cols: 3
   dt: f
   data: [ 9.99979913e-01, -4.67051147e-03, -4.29152558e-03,
       4.65073995e-03, 9.99978602e-01, -4.60556615e-03, 4.31294413e-03,
       4.58551478e-03, 9.99980211e-01 ]
