%YAML:1.0
---
Q: !!opencv-matrix
   rows: 4
   cols: 4
   dt: f
   data: [ 1., 0., 0., -4.28125580e+02, 0., 1., 0., -2.33932861e+02, 0.,
       0., 0., 3.72305878e+02, 0., 0., 5.62236737e-03, 0. ]
R: !!opencv-matrix
   rows: 3
   cols: 3
   dt: d
   data: [ 1.0011566613484375e+00, 9.4250427298840003e-03,
       -3.3043514413440495e-03, -9.6854845997653791e-03,
       1.0004058280725276e+00, -4.3191315688296227e-02,
       3.2582688634064778e-03, 4.3209445815398088e-02,
       1.0004157052250797e+00 ]
T: !!opencv-matrix
   rows: 3
   cols: 1
   dt: d
   data: [ -1.7718036852626935e+02, 1.1251354110623417e+01,
       1.1184277154195188e+01 ]
E: !!opencv-matrix
   rows: 0
   cols: 0
   dt: u
   data: []
F: !!opencv-matrix
   rows: 0
   cols: 0
   dt: u
   data: []
K1: !!opencv-matrix
   rows: 3
   cols: 3
   dt: d
   data: [ 3.6627756984521932e+02, 0., 3.8060969928433269e+02, 0.,
       3.6653175179255015e+02, 2.3878059668569790e+02, 0., 0., 1. ]
D1: !!opencv-matrix
   rows: 5
   cols: 1
   dt: d
   data: [ -2.1859934914563901e-02, -9.9468572971318997e-04,
       1.6448003429794193e-03, -3.1164985765511365e-04,
       3.5195408316194161e-04 ]
P1: !!opencv-matrix
   rows: 3
   cols: 4
   dt: f
   data: [ 3.72305878e+02, 0., 4.28125580e+02, 0., 0., 3.72305878e+02,
       2.33932861e+02, 0., 0., 0., 1., 0. ]
R1: !!opencv-matrix
   rows: 3
   cols: 3
   dt: f
   data: [ 9.96382654e-01, -5.65110333e-02, -6.34677559e-02,
       5.51155135e-02, 9.98202741e-01, -2.35289112e-02, 6.46833256e-02,
       1.99457407e-02, 9.97706473e-01 ]
K2: !!opencv-matrix
   rows: 3
   cols: 3
   dt: d
   data: [ 3.6687495098581172e+02, 0., 3.7621769200552956e+02, 0.,
       3.6726361788508825e+02, 2.2399932895774910e+02, 0., 0., 1. ]
D2: !!opencv-matrix
   rows: 5
   cols: 1
   dt: d
   data: [ -2.2201337830972428e-02, -1.1445843221826492e-03,
       2.9199201696882579e-04, -7.1705872414221615e-04,
       5.1284674356775366e-04 ]
P2: !!opencv-matrix
   rows: 3
   cols: 4
   dt: f
   data: [ 3.72305878e+02, 0., 4.28125580e+02, -6.62187031e+04, 0.,
       3.72305878e+02, 2.33932861e+02, 0., 0., 0., 1., 0. ]
R2: !!opencv-matrix
   rows: 3
   cols: 3
   dt: f
   data: [ 9.96015370e-01, -6.32492304e-02, -6.28721565e-02,
       6.46035001e-02, 9.97715652e-01, 1.97437815e-02, 6.14797547e-02,
       -2.37268712e-02, 9.97826278e-01 ]
