%YAML:1.0
---
Q: !!opencv-matrix
   rows: 4
   cols: 4
   dt: f
   data: [ 1., 0., 0., -3.83185364e+02, 0., 1., 0., -2.32193176e+02, 0.,
       0., 0., 3.61805237e+02, 0., 0., 5.57094859e-03, 0. ]
R: !!opencv-matrix
   rows: 3
   cols: 3
   dt: d
   data: [ 9.9990046841892466e-01, 9.6776176240512234e-03,
       -3.1735340670540932e-03, -9.6722464812973360e-03,
       1.0000524040799919e+00, 9.2372119692651772e-03,
       3.2442266166203535e-03, -9.2046801517174717e-03,
       1.0000923591922830e+00 ]
T: !!opencv-matrix
   rows: 3
   cols: 1
   dt: d
   data: [ -1.7915683598679513e+02, 1.1376883204380645e+01,
       7.6769977703592251e-01 ]
E: !!opencv-matrix
   rows: 0
   cols: 0
   dt: u
   data: []
F: !!opencv-matrix
   rows: 0
   cols: 0
   dt: u
   data: []
K1: !!opencv-matrix
   rows: 3
   cols: 3
   dt: d
   data: [ 3.6627756984521932e+02, 0., 3.8060969928433269e+02, 0.,
       3.6653175179255015e+02, 2.3878059668569790e+02, 0., 0., 1. ]
D1: !!opencv-matrix
   rows: 5
   cols: 1
   dt: d
   data: [ -2.1859934914563901e-02, -9.9468572971318997e-04,
       1.6448003429794193e-03, -3.1164985765511365e-04,
       3.5195408316194161e-04 ]
P1: !!opencv-matrix
   rows: 3
   cols: 4
   dt: f
   data: [ 3.61805237e+02, 0., 3.83185364e+02, 0., 0., 3.61805237e+02,
       2.32193176e+02, 0., 0., 0., 1., 0. ]
R1: !!opencv-matrix
   rows: 3
   cols: 3
   dt: f
   data: [ 9.98525262e-01, -5.36932759e-02, -8.02179426e-03,
       5.37291989e-02, 9.98546124e-01, 4.33203205e-03, 7.77753070e-03,
       -4.75664809e-03, 9.99958456e-01 ]
K2: !!opencv-matrix
   rows: 3
   cols: 3
   dt: d
   data: [ 3.6687495098581172e+02, 0., 3.7621769200552956e+02, 0.,
       3.6726361788508825e+02, 2.2399932895774910e+02, 0., 0., 1. ]
D2: !!opencv-matrix
   rows: 5
   cols: 1
   dt: d
   data: [ -2.2201337830972428e-02, -1.1445843221826492e-03,
       2.9199201696882579e-04, -7.1705872414221615e-04,
       5.1284674356775366e-04 ]
P2: !!opencv-matrix
   rows: 3
   cols: 4
   dt: f
   data: [ 3.61805237e+02, 0., 3.83185364e+02, -6.49449961e+04, 0.,
       3.61805237e+02, 2.32193176e+02, 0., 0., 0., 1., 0. ]
R2: !!opencv-matrix
   rows: 3
   cols: 3
   dt: f
   data: [ 9.97980654e-01, -6.33741394e-02, -4.27637855e-03,
       6.33540303e-02, 9.97980118e-01, -4.68391320e-03, 4.56458004e-03,
       4.40352876e-03, 9.99979913e-01 ]
