%YAML:1.0
---
Q: !!opencv-matrix
   rows: 4
   cols: 4
   dt: f
   data: [ 1., 0., 0., -3.82539703e+02, 0., 1., 0., -2.31851242e+02, 0.,
       0., 0., 3.58742828e+02, 0., 0., 5.55237615e-03, 0. ]
R: !!opencv-matrix
   rows: 3
   cols: 3
   dt: d
   data: [ 9.9990665685307500e-01, 9.7326420126812602e-03,
       -3.1513486362888953e-03, -9.6825446613398054e-03,
       9.9990248895286948e-01, 9.2346332703680568e-03,
       3.2434809836057229e-03, -9.2037158091429865e-03,
       9.9994450342106944e-01 ]
T: !!opencv-matrix
   rows: 3
   cols: 1
   dt: d
   data: [ -1.8010078379679058e+02, 8.4111942586588928e-01,
       7.7279835701139388e-01 ]
E: !!opencv-matrix
   rows: 0
   cols: 0
   dt: u
   data: []
F: !!opencv-matrix
   rows: 0
   cols: 0
   dt: u
   data: []
K1: !!opencv-matrix
   rows: 3
   cols: 3
   dt: d
   data: [ 3.6627756984521932e+02, 0., 3.8060969928433269e+02, 0.,
       3.6653175179255015e+02, 2.3878059668569790e+02, 0., 0., 1. ]
D1: !!opencv-matrix
   rows: 5
   cols: 1
   dt: d
   data: [ -2.1859934914563901e-02, -9.9468572971318997e-04,
       1.6448003429794193e-03, -3.1164985765511365e-04,
       3.5195408316194161e-04 ]
P1: !!opencv-matrix
   rows: 3
   cols: 4
   dt: f
   data: [ 3.58742828e+02, 0., 3.82539703e+02, 0., 0., 3.58742828e+02,
       2.31851242e+02, 0., 0., 0., 1., 0. ]
R1: !!opencv-matrix
   rows: 3
   cols: 3
   dt: f
   data: [ 9.99959052e-01, 5.09041315e-03, -7.48609891e-03,
       -5.05595608e-03, 9.99976575e-01, 4.61455528e-03, 7.50941364e-03,
       -4.57651680e-03, 9.99961317e-01 ]
K2: !!opencv-matrix
   rows: 3
   cols: 3
   dt: d
   data: [ 3.6687495098581172e+02, 0., 3.7621769200552956e+02, 0.,
       3.6726361788508825e+02, 2.2399932895774910e+02, 0., 0., 1. ]
D2: !!opencv-matrix
   rows: 5
   cols: 1
   dt: d
   data: [ -2.2201337830972428e-02, -1.1445843221826492e-03,
       2.9199201696882579e-04, -7.1705872414221615e-04,
       5.1284674356775366e-04 ]
P2: !!opencv-matrix
   rows: 3
   cols: 4
   dt: f
   data: [ 3.58742828e+02, 0., 3.82539703e+02, -6.46106875e+04, 0.,
       3.58742828e+02, 2.31851242e+02, 0., 0., 0., 1., 0. ]
R2: !!opencv-matrix
   rows: 3
   cols: 3
   dt: f
   data: [ 9.99979913e-01, -4.67017712e-03, -4.29082941e-03,
       4.65040840e-03, 9.99978602e-01, -4.60558338e-03, 4.31224657e-03,
       4.58553666e-03, 9.99980211e-01 ]
