%YAML:1.0
---
Q: !!opencv-matrix
   rows: 4
   cols: 4
   dt: f
   data: [ 1., 0., 0., -4.13486450e+02, 0., 1., 0., -2.33871216e+02, 0.,
       0., 0., 3.68205231e+02, 0., 0., 1.41562767e+01, 0. ]
R: !!opencv-matrix
   rows: 3
   cols: 3
   dt: d
   data: [ 1.0929728144882198e+00, -4.8296057430283382e-02,
       2.1197096626115811e-02, 4.9786253293856490e-02,
       1.0990021629618301e+00, -4.5901911089553264e-02,
       -5.1080199766615333e-02, 5.0342120385507588e-02,
       1.1007738255508157e+00 ]
T: !!opencv-matrix
   rows: 3
   cols: 1
   dt: d
   data: [ -7.0358585977195034e-02, 4.4679431640746777e-03,
       4.4410273969995723e-03 ]
E: !!opencv-matrix
   rows: 0
   cols: 0
   dt: u
   data: []
F: !!opencv-matrix
   rows: 0
   cols: 0
   dt: u
   data: []
K1: !!opencv-matrix
   rows: 3
   cols: 3
   dt: d
   data: [ 3.6627756984521932e+02, 0., 3.8060969928433269e+02, 0.,
       3.6653175179255015e+02, 2.3878059668569790e+02, 0., 0., 1. ]
D1: !!opencv-matrix
   rows: 5
   cols: 1
   dt: d
   data: [ -2.1859934914563901e-02, -9.9468572971318997e-04,
       1.6448003429794193e-03, -3.1164985765511365e-04,
       3.5195408316194161e-04 ]
P1: !!opencv-matrix
   rows: 3
   cols: 4
   dt: f
   data: [ 3.68205231e+02, 0., 4.13486450e+02, 0., 0., 3.68205231e+02,
       2.33871216e+02, 0., 0., 0., 1., 0. ]
R1: !!opencv-matrix
   rows: 3
   cols: 3
   dt: f
   data: [ 9.93650854e-01, -1.09384008e-01, -2.63263080e-02,
       1.08821698e-01, 9.93819475e-01, -2.19242107e-02, 2.85617560e-02,
       1.89201385e-02, 9.99412954e-01 ]
K2: !!opencv-matrix
   rows: 3
   cols: 3
   dt: d
   data: [ 3.6687495098581172e+02, 0., 3.7621769200552956e+02, 0.,
       3.6726361788508825e+02, 2.2399932895774910e+02, 0., 0., 1. ]
D2: !!opencv-matrix
   rows: 5
   cols: 1
   dt: d
   data: [ -2.2201337830972428e-02, -1.1445843221826492e-03,
       2.9199201696882579e-04, -7.1705872414221615e-04,
       5.1284674356775366e-04 ]
P2: !!opencv-matrix
   rows: 3
   cols: 4
   dt: f
   data: [ 3.68205231e+02, 0., 4.13486450e+02, -2.60100346e+01, 0.,
       3.68205231e+02, 2.33871216e+02, 0., 0., 0., 1., 0. ]
R2: !!opencv-matrix
   rows: 3
   cols: 3
   dt: f
   data: [ 9.96015608e-01, -6.32494390e-02, -6.28684089e-02,
       6.45234138e-02, 9.97745752e-01, 1.84427835e-02, 6.15601949e-02,
       -2.24257838e-02, 9.97851431e-01 ]
