%YAML:1.0
---
Q: !!opencv-matrix
   rows: 4
   cols: 4
   dt: f
   data: [ 1., 0., 0., -4.28066589e+02, 0., 1., 0., -2.33931778e+02, 0.,
       0., 0., 3.72317108e+02, 0., 0., 5.62890572e-03, 0. ]
R: !!opencv-matrix
   rows: 3
   cols: 3
   dt: d
   data: [ 1.0010602374980648e+00, 9.2832654587477349e-03,
       -2.9397305893433690e-03, -9.6768282596709967e-03,
       1.0004618884307537e+00, -4.3216510148000709e-02,
       3.2674791951689932e-03, 4.3220454723368322e-02,
       1.0004397089349901e+00 ]
T: !!opencv-matrix
   rows: 3
   cols: 1
   dt: d
   data: [ -1.7714896934830193e+02, 1.1249360064008357e+01,
       1.1182294358585715e+01 ]
E: !!opencv-matrix
   rows: 0
   cols: 0
   dt: u
   data: []
F: !!opencv-matrix
   rows: 0
   cols: 0
   dt: u
   data: []
K1: !!opencv-matrix
   rows: 3
   cols: 3
   dt: d
   data: [ 3.6627756984521932e+02, 0., 3.8060969928433269e+02, 0.,
       3.6653175179255015e+02, 2.3878059668569790e+02, 0., 0., 1. ]
D1: !!opencv-matrix
   rows: 5
   cols: 1
   dt: d
   data: [ -2.1859934914563901e-02, -9.9468572971318997e-04,
       1.6448003429794193e-03, -3.1164985765511365e-04,
       3.5195408316194161e-04 ]
P1: !!opencv-matrix
   rows: 3
   cols: 4
   dt: f
   data: [ 3.72317108e+02, 0., 4.28066589e+02, 0., 0., 3.72317108e+02,
       2.33931778e+02, 0., 0., 0., 1., 0. ]
R1: !!opencv-matrix
   rows: 3
   cols: 3
   dt: f
   data: [ 9.96388137e-01, -5.65795936e-02, -6.33200854e-02,
       5.51870689e-02, 9.98198748e-01, -2.35302635e-02, 6.45373613e-02,
       1.99508257e-02, 9.97715831e-01 ]
K2: !!opencv-matrix
   rows: 3
   cols: 3
   dt: d
   data: [ 3.6687495098581172e+02, 0., 3.7621769200552956e+02, 0.,
       3.6726361788508825e+02, 2.2399932895774910e+02, 0., 0., 1. ]
D2: !!opencv-matrix
   rows: 5
   cols: 1
   dt: d
   data: [ -2.2201337830972428e-02, -1.1445843221826492e-03,
       2.9199201696882579e-04, -7.1705872414221615e-04,
       5.1284674356775366e-04 ]
P2: !!opencv-matrix
   rows: 3
   cols: 4
   dt: f
   data: [ 3.72317108e+02, 0., 4.28066589e+02, -6.61437813e+04, 0.,
       3.72317108e+02, 2.33931778e+02, 0., 0., 0., 1., 0. ]
R2: !!opencv-matrix
   rows: 3
   cols: 3
   dt: f
   data: [ 9.96015370e-01, -6.32492304e-02, -6.28721416e-02,
       6.46036938e-02, 9.97715592e-01, 1.97469704e-02, 6.14795387e-02,
       -2.37300582e-02, 9.97826219e-01 ]
