%YAML:1.0
---
Q: !!opencv-matrix
   rows: 4
   cols: 4
   dt: f
   data: [ 1., 0., 0., -3.82350769e+02, 0., 1., 0., -2.31849945e+02, 0.,
       0., 0., 3.58600494e+02, 0., 0., 5.55536570e-03, 0. ]
R: !!opencv-matrix
   rows: 3
   cols: 3
   dt: d
   data: [ 9.9994937666377359e-01, 9.7110187909869184e-03,
       -3.1481701135874663e-03, -9.6827516750497208e-03,
       9.9990933646105751e-01, 9.2346584041077592e-03,
       3.2433639980427101e-03, -9.2036996304619388e-03,
       9.9995116688876440e-01 ]
T: !!opencv-matrix
   rows: 3
   cols: 1
   dt: d
   data: [ -1.8000823540230954e+02, 7.9404839109223369e-01,
       7.2966527161138806e-01 ]
E: !!opencv-matrix
   rows: 0
   cols: 0
   dt: u
   data: []
F: !!opencv-matrix
   rows: 0
   cols: 0
   dt: u
   data: []
K1: !!opencv-matrix
   rows: 3
   cols: 3
   dt: d
   data: [ 3.6627756984521932e+02, 0., 3.8060969928433269e+02, 0.,
       3.6653175179255015e+02, 2.3878059668569790e+02, 0., 0., 1. ]
D1: !!opencv-matrix
   rows: 5
   cols: 1
   dt: d
   data: [ -2.1859934914563901e-02, -9.9468572971318997e-04,
       1.6448003429794193e-03, -3.1164985765511365e-04,
       3.5195408316194161e-04 ]
P1: !!opencv-matrix
   rows: 3
   cols: 4
   dt: f
   data: [ 3.58600494e+02, 0., 3.82350769e+02, 0., 0., 3.58600494e+02,
       2.31849945e+02, 0., 0., 0., 1., 0. ]
R1: !!opencv-matrix
   rows: 3
   cols: 3
   dt: f
   data: [ 9.99959528e-01, 5.33805788e-03, -7.24498788e-03,
       -5.30470069e-03, 9.99975264e-01, 4.61561512e-03, 7.26944720e-03,
       -4.57699550e-03, 9.99963105e-01 ]
K2: !!opencv-matrix
   rows: 3
   cols: 3
   dt: d
   data: [ 3.6687495098581172e+02, 0., 3.7621769200552956e+02, 0.,
       3.6726361788508825e+02, 2.2399932895774910e+02, 0., 0., 1. ]
D2: !!opencv-matrix
   rows: 5
   cols: 1
   dt: d
   data: [ -2.2201337830972428e-02, -1.1445843221826492e-03,
       2.9199201696882579e-04, -7.1705872414221615e-04,
       5.1284674356775366e-04 ]
P2: !!opencv-matrix
   rows: 3
   cols: 4
   dt: f
   data: [ 3.58600494e+02, 0., 3.82350769e+02, -6.45502969e+04, 0.,
       3.58600494e+02, 2.31849945e+02, 0., 0., 0., 1., 0. ]
R2: !!opencv-matrix
   rows: 3
   cols: 3
   dt: f
   data: [ 9.99982059e-01, -4.41109901e-03, -4.05343762e-03,
       4.39242134e-03, 9.99979734e-01, -4.60527465e-03, 4.07367013e-03,
       4.58738767e-03, 9.99981165e-01 ]
