%YAML:1.0
---
Q: !!opencv-matrix
   rows: 4
   cols: 4
   dt: f
   data: [ 1., 0., 0., -4.28089783e+02, 0., 1., 0., -2.33932083e+02, 0.,
       0., 0., 3.72313782e+02, 0., 0., 5.62247355e-03, 0. ]
R: !!opencv-matrix
   rows: 3
   cols: 3
   dt: d
   data: [ 1.0011086360249801e+00, 9.3484944785443835e-03,
       -3.1234259047112937e-03, -9.6811679185394295e-03,
       1.0004342242977464e+00, -4.3203825264078233e-02,
       3.2628626976197155e-03, 4.3215307813330189e-02,
       1.0004278011378775e+00 ]
T: !!opencv-matrix
   rows: 3
   cols: 1
   dt: d
   data: [ -1.7715230478204697e+02, 1.1249571937550835e+01,
       1.1182505298038629e+01 ]
E: !!opencv-matrix
   rows: 0
   cols: 0
   dt: u
   data: []
F: !!opencv-matrix
   rows: 0
   cols: 0
   dt: u
   data: []
K1: !!opencv-matrix
   rows: 3
   cols: 3
   dt: d
   data: [ 3.6627756984521932e+02, 0., 3.8060969928433269e+02, 0.,
       3.6653175179255015e+02, 2.3878059668569790e+02, 0., 0., 1. ]
D1: !!opencv-matrix
   rows: 5
   cols: 1
   dt: d
   data: [ -2.1859934914563901e-02, -9.9468572971318997e-04,
       1.6448003429794193e-03, -3.1164985765511365e-04,
       3.5195408316194161e-04 ]
P1: !!opencv-matrix
   rows: 3
   cols: 4
   dt: f
   data: [ 3.72313782e+02, 0., 4.28089783e+02, 0., 0., 3.72313782e+02,
       2.33932083e+02, 0., 0., 0., 1., 0. ]
R1: !!opencv-matrix
   rows: 3
   cols: 3
   dt: f
   data: [ 9.96386349e-01, -5.65461032e-02, -6.33781478e-02,
       5.51524088e-02, 9.98200655e-01, -2.35294197e-02, 6.45946041e-02,
       1.99489351e-02, 9.97712195e-01 ]
K2: !!opencv-matrix
   rows: 3
   cols: 3
   dt: d
   data: [ 3.6687495098581172e+02, 0., 3.7621769200552956e+02, 0.,
       3.6726361788508825e+02, 2.2399932895774910e+02, 0., 0., 1. ]
D2: !!opencv-matrix
   rows: 5
   cols: 1
   dt: d
   data: [ -2.2201337830972428e-02, -1.1445843221826492e-03,
       2.9199201696882579e-04, -7.1705872414221615e-04,
       5.1284674356775366e-04 ]
P2: !!opencv-matrix
   rows: 3
   cols: 4
   dt: f
   data: [ 3.72313782e+02, 0., 4.28089783e+02, -6.62188594e+04, 0.,
       3.72313782e+02, 2.33932083e+02, 0., 0., 0., 1., 0. ]
R2: !!opencv-matrix
   rows: 3
   cols: 3
   dt: f
   data: [ 9.96015370e-01, -6.32492304e-02, -6.28721565e-02,
       6.46036118e-02, 9.97715652e-01, 1.97456125e-02, 6.14796355e-02,
       -2.37287022e-02, 9.97826219e-01 ]
