%YAML:1.0
---
R: !!opencv-matrix
   rows: 3
   cols: 3
   dt: d
   data: [ 9.9994786107858491e-01, 9.7122672864599323e-03,
       -3.1538846712214478e-03, -9.6827774839271553e-03,
       9.9991047802584609e-01, 9.2347038025383243e-03,
       3.2432922408809684e-03, -9.2036839515610668e-03,
       9.9995238549500942e-01 ]
T: !!opencv-matrix
   rows: 3
   cols: 1
   dt: d
   data: [ -1.6997624825260075e+02, 1.0793888964106854e+01,
       7.2945572664474645e-01 ]
Q: !!opencv-matrix
   rows: 4
   cols: 4
   dt: d
   data: [ 1., 0., 0., -3.8318545913696289e+02, 0., 1., 0.,
       -2.3219293975830078e+02, 0., 0., 0., 3.6182008180981728e+02, 0.,
       0., 5.8712947337153879e-03, 0. ]
K1: !!opencv-matrix
   rows: 3
   cols: 3
   dt: d
   data: [ 3.6627756984521932e+02, 0., 3.8060969928433269e+02, 0.,
       3.6653175179255015e+02, 2.3878059668569790e+02, 0., 0., 1. ]
K2: !!opencv-matrix
   rows: 3
   cols: 3
   dt: d
   data: [ 3.6687495098581172e+02, 0., 3.7621769200552956e+02, 0.,
       3.6726361788508825e+02, 2.2399932895774910e+02, 0., 0., 1. ]
D1: !!opencv-matrix
   rows: 5
   cols: 1
   dt: d
   data: [ -2.1859934914563901e-02, -9.9468572971318997e-04,
       1.6448003429794193e-03, -3.1164985765511365e-04,
       3.5195408316194161e-04 ]
D2: !!opencv-matrix
   rows: 5
   cols: 1
   dt: d
   data: [ -2.2201337830972428e-02, -1.1445843221826492e-03,
       2.9199201696882579e-04, -7.1705872414221615e-04,
       5.1284674356775366e-04 ]
R1: !!opencv-matrix
   rows: 3
   cols: 3
   dt: d
   data: [ 9.9852836439644688e-01, -5.3636357231226076e-02,
       -8.0154025925660982e-03, 5.3672253826050294e-02,
       9.9854920739672970e-01, 4.3323869396802734e-03,
       7.7714004522119393e-03, -4.7562159672776749e-03,
       9.9995849101084389e-01 ]
R2: !!opencv-matrix
   rows: 3
   cols: 3
   dt: d
   data: [ 9.9798065122219426e-01, -6.3374103431269993e-02,
       -4.2828495663279481e-03, 6.3353968364775526e-02,
       9.9798012711968198e-01, -4.6840758553455177e-03,
       4.5710478623749813e-03, 4.4032815565556299e-03,
       9.9997985811363899e-01 ]
P1: !!opencv-matrix
   rows: 3
   cols: 4
   dt: d
   data: [ 3.6182008180981728e+02, 0., 3.8318545913696289e+02, 0., 0.,
       3.6182008180981728e+02, 2.3219293975830078e+02, 0., 0., 0., 1.,
       0. ]
P2: !!opencv-matrix
   rows: 3
   cols: 4
   dt: d
   data: [ 3.6182008180981728e+02, 0., 3.8318545913696289e+02,
       -6.1625262947897609e+04, 0., 3.6182008180981728e+02,
       2.3219293975830078e+02, 0., 0., 0., 1., 0. ]
