%YAML:1.0
---
R: !!opencv-matrix
   rows: 3
   cols: 3
   dt: d
   data: [ 9.9789909251439113e-01, -4.2750696192514939e-02,
       4.8680377299376146e-02, 4.4881661743347616e-02,
       9.9804230012197226e-01, -4.3556900789640543e-02,
       -4.6722987897929377e-02, 4.5650247998210811e-02,
       9.9786422786849693e-01 ]
T: !!opencv-matrix
   rows: 3
   cols: 1
   dt: d
   data: [ -1.6997624825260075e+02, 1.0793888964106854e+01,
       1.0729455726644746e+01 ]
Q: !!opencv-matrix
   rows: 4
   cols: 4
   dt: d
   data: [ 1., 0., 0., -4.0768122482299805e+02, 0., 1., 0.,
       -2.3343943405151367e+02, 0., 0., 0., 3.7012421271643279e+02, 0.,
       0., 5.8597327940479154e-03, 0. ]
K1: !!opencv-matrix
   rows: 3
   cols: 3
   dt: d
   data: [ 3.6627756984521932e+02, 0., 3.8060969928433269e+02, 0.,
       3.6653175179255015e+02, 2.3878059668569790e+02, 0., 0., 1. ]
K2: !!opencv-matrix
   rows: 3
   cols: 3
   dt: d
   data: [ 3.6687495098581172e+02, 0., 3.7621769200552956e+02, 0.,
       3.6726361788508825e+02, 2.2399932895774910e+02, 0., 0., 1. ]
D1: !!opencv-matrix
   rows: 5
   cols: 1
   dt: d
   data: [ -2.1859934914563901e-02, -9.9468572971318997e-04,
       1.6448003429794193e-03, -3.1164985765511365e-04,
       3.5195408316194161e-04 ]
D2: !!opencv-matrix
   rows: 5
   cols: 1
   dt: d
   data: [ -2.2201337830972428e-02, -1.1445843221826492e-03,
       2.9199201696882579e-04, -7.1705872414221615e-04,
       5.1284674356775366e-04 ]
R1: !!opencv-matrix
   rows: 3
   cols: 3
   dt: d
   data: [ 9.9402168168942151e-01, -1.0857594426953453e-01,
       -1.1496114879087228e-02, 1.0831212799872446e-01,
       9.9388415231412708e-01, -2.1512199032572142e-02,
       1.3761513714783083e-02, 2.0138423592923144e-02,
       9.9970248806105810e-01 ]
R2: !!opencv-matrix
   rows: 3
   cols: 3
   dt: d
   data: [ 9.9601539609499434e-01, -6.3249305138289136e-02,
       -6.2871743583705592e-02, 6.4548112826648990e-02,
       9.9773665844093784e-01, 1.8844137911556397e-02,
       6.1537564724725817e-02, -2.2827303884496747e-02,
       9.9784369633982017e-01 ]
P1: !!opencv-matrix
   rows: 3
   cols: 4
   dt: d
   data: [ 3.7012421271643279e+02, 0., 4.0768122482299805e+02, 0., 0.,
       3.7012421271643279e+02, 2.3343943405151367e+02, 0., 0., 0., 1.,
       0. ]
P2: !!opencv-matrix
   rows: 3
   cols: 4
   dt: d
   data: [ 3.7012421271643279e+02, 0., 4.0768122482299805e+02,
       -6.3164008620391418e+04, 0., 3.7012421271643279e+02,
       2.3343943405151367e+02, 0., 0., 0., 1., 0. ]
