%YAML:1.0
---
Q: !!opencv-matrix
   rows: 4
   cols: 4
   dt: f
   data: [ 1., 0., 0., -3.82958344e+02, 0., 1., 0., -2.32164490e+02, 0.,
       0., 0., 3.61186646e+02, 0., 0., 5.45458496e-03, 0. ]
R: !!opencv-matrix
   rows: 3
   cols: 3
   dt: d
   data: [ 9.9963946755372601e-01, 9.7465508408587104e-03,
       -3.1468392329910316e-03, -9.6755842660297322e-03,
       9.9968406252929887e-01, 9.2322721504623888e-03,
       3.2427487134844861e-03, -9.2018019779479612e-03,
       9.9972821555635660e-01 ]
T: !!opencv-matrix
   rows: 3
   cols: 1
   dt: d
   data: [ -1.8300622481308156e+02, 1.0975544167433753e+01,
       7.4136516441982536e-01 ]
E: !!opencv-matrix
   rows: 0
   cols: 0
   dt: u
   data: []
F: !!opencv-matrix
   rows: 0
   cols: 0
   dt: u
   data: []
K1: !!opencv-matrix
   rows: 3
   cols: 3
   dt: d
   data: [ 3.6627756984521932e+02, 0., 3.8060969928433269e+02, 0.,
       3.6653175179255015e+02, 2.3878059668569790e+02, 0., 0., 1. ]
D1: !!opencv-matrix
   rows: 5
   cols: 1
   dt: d
   data: [ -2.1859934914563901e-02, -9.9468572971318997e-04,
       1.6448003429794193e-03, -3.1164985765511365e-04,
       3.5195408316194161e-04 ]
P1: !!opencv-matrix
   rows: 3
   cols: 4
   dt: f
   data: [ 3.61186646e+02, 0., 3.82958344e+02, 0., 0., 3.61186646e+02,
       2.32164490e+02, 0., 0., 0., 1., 0. ]
R1: !!opencv-matrix
   rows: 3
   cols: 3
   dt: f
   data: [ 9.98713136e-01, -5.01215197e-02, -7.73956999e-03,
       5.01562245e-02, 9.98731911e-01, 4.35684528e-03, 7.51138339e-03,
       -4.73942608e-03, 9.99960542e-01 ]
K2: !!opencv-matrix
   rows: 3
   cols: 3
   dt: d
   data: [ 3.6687495098581172e+02, 0., 3.7621769200552956e+02, 0.,
       3.6726361788508825e+02, 2.2399932895774910e+02, 0., 0., 1. ]
D2: !!opencv-matrix
   rows: 5
   cols: 1
   dt: d
   data: [ -2.2201337830972428e-02, -1.1445843221826492e-03,
       2.9199201696882579e-04, -7.1705872414221615e-04,
       5.1284674356775366e-04 ]
P2: !!opencv-matrix
   rows: 3
   cols: 4
   dt: f
   data: [ 3.61186646e+02, 0., 3.82958344e+02, -6.62170703e+04, 0.,
       3.61186646e+02, 2.32164490e+02, 0., 0., 0., 1., 0. ]
R2: !!opencv-matrix
   rows: 3
   cols: 3
   dt: f
   data: [ 9.98198271e-01, -5.98655529e-02, -4.04373743e-03,
       5.98465279e-02, 9.98196661e-01, -4.67276108e-03, 4.31618281e-03,
       4.42233868e-03, 9.99980927e-01 ]
