%YAML:1.0
---
Q: !!opencv-matrix
   rows: 4
   cols: 4
   dt: f
   data: [ 1., 0., 0., -3.83251556e+02, 0., 1., 0., -2.32334457e+02, 0.,
       0., 0., 3.66913544e+02, 0., 0., 5.47695998e-03, 0. ]
R: !!opencv-matrix
   rows: 3
   cols: 3
   dt: d
   data: [ 9.9979999699264166e-01, 9.8107660544108962e-03,
       -3.1360957630789995e-03, -9.6818975249515615e-03,
       9.9974721849147363e-01, 9.2317626566356774e-03,
       3.2429594780989824e-03, -9.2023383623974376e-03,
       9.9979783102761743e-01 ]
T: !!opencv-matrix
   rows: 3
   cols: 1
   dt: d
   data: [ -1.8190973253291091e+02, 1.5963599962342569e+01,
       7.3710846127858776e-01 ]
E: !!opencv-matrix
   rows: 0
   cols: 0
   dt: u
   data: []
F: !!opencv-matrix
   rows: 0
   cols: 0
   dt: u
   data: []
K1: !!opencv-matrix
   rows: 3
   cols: 3
   dt: d
   data: [ 3.6627756984521932e+02, 0., 3.8060969928433269e+02, 0.,
       3.6653175179255015e+02, 2.3878059668569790e+02, 0., 0., 1. ]
D1: !!opencv-matrix
   rows: 5
   cols: 1
   dt: d
   data: [ -2.1859934914563901e-02, -9.9468572971318997e-04,
       1.6448003429794193e-03, -3.1164985765511365e-04,
       3.5195408316194161e-04 ]
P1: !!opencv-matrix
   rows: 3
   cols: 4
   dt: f
   data: [ 3.66913544e+02, 0., 3.83251556e+02, 0., 0., 3.66913544e+02,
       2.32334457e+02, 0., 0., 0., 1., 0. ]
R1: !!opencv-matrix
   rows: 3
   cols: 3
   dt: f
   data: [ 9.96948838e-01, -7.76488483e-02, -7.97700975e-03,
       7.76841715e-02, 9.96969104e-01, 4.21806378e-03, 7.62530463e-03,
       -4.82488144e-03, 9.99959290e-01 ]
K2: !!opencv-matrix
   rows: 3
   cols: 3
   dt: d
   data: [ 3.6687495098581172e+02, 0., 3.7621769200552956e+02, 0.,
       3.6726361788508825e+02, 2.2399932895774910e+02, 0., 0., 1. ]
D2: !!opencv-matrix
   rows: 5
   cols: 1
   dt: d
   data: [ -2.2201337830972428e-02, -1.1445843221826492e-03,
       2.9199201696882579e-04, -7.1705872414221615e-04,
       5.1284674356775366e-04 ]
P2: !!opencv-matrix
   rows: 3
   cols: 4
   dt: f
   data: [ 3.66913544e+02, 0., 3.83251556e+02, -6.69921875e+04, 0.,
       3.66913544e+02, 2.32334457e+02, 0., 0., 0., 1., 0. ]
R2: !!opencv-matrix
   rows: 3
   cols: 3
   dt: f
   data: [ 9.96163487e-01, -8.74189362e-02, -4.03651036e-03,
       8.73997584e-02, 9.96162176e-01, -4.70600603e-03, 4.43241280e-03,
       4.33516130e-03, 9.99980807e-01 ]
