%YAML:1.0
---
Q: !!opencv-matrix
   rows: 4
   cols: 4
   dt: f
   data: [ 1., 0., 0., -3.82957458e+02, 0., 1., 0., -2.32164322e+02, 0.,
       0., 0., 3.61193848e+02, 0., 0., 5.44906734e-03, 0. ]
R: !!opencv-matrix
   rows: 3
   cols: 3
   dt: d
   data: [ 9.9969104554068977e-01, 9.7848086279958210e-03,
       -3.1386272924405550e-03, -9.6809867765472249e-03,
       9.9963582583454347e-01, 9.2313641623130282e-03,
       3.2422041983099252e-03, -9.2015342177820397e-03,
       9.9968226499373813e-01 ]
T: !!opencv-matrix
   rows: 3
   cols: 1
   dt: d
   data: [ -1.8320313584974335e+02, 1.0987354251453842e+01,
       7.4216365188587852e-01 ]
E: !!opencv-matrix
   rows: 0
   cols: 0
   dt: u
   data: []
F: !!opencv-matrix
   rows: 0
   cols: 0
   dt: u
   data: []
K1: !!opencv-matrix
   rows: 3
   cols: 3
   dt: d
   data: [ 3.6627756984521932e+02, 0., 3.8060969928433269e+02, 0.,
       3.6653175179255015e+02, 2.3878059668569790e+02, 0., 0., 1. ]
D1: !!opencv-matrix
   rows: 5
   cols: 1
   dt: d
   data: [ -2.1859934914563901e-02, -9.9468572971318997e-04,
       1.6448003429794193e-03, -3.1164985765511365e-04,
       3.5195408316194161e-04 ]
P1: !!opencv-matrix
   rows: 3
   cols: 4
   dt: f
   data: [ 3.61193848e+02, 0., 3.82957458e+02, 0., 0., 3.61193848e+02,
       2.32164322e+02, 0., 0., 0., 1., 0. ]
R1: !!opencv-matrix
   rows: 3
   cols: 3
   dt: f
   data: [ 9.98714745e-01, -5.00903018e-02, -7.73725333e-03,
       5.01249954e-02, 9.98733461e-01, 4.35705436e-03, 7.50920782e-03,
       -4.73928405e-03, 9.99960601e-01 ]
K2: !!opencv-matrix
   rows: 3
   cols: 3
   dt: d
   data: [ 3.6687495098581172e+02, 0., 3.7621769200552956e+02, 0.,
       3.6726361788508825e+02, 2.2399932895774910e+02, 0., 0., 1. ]
D2: !!opencv-matrix
   rows: 5
   cols: 1
   dt: d
   data: [ -2.2201337830972428e-02, -1.1445843221826492e-03,
       2.9199201696882579e-04, -7.1705872414221615e-04,
       5.1284674356775366e-04 ]
P2: !!opencv-matrix
   rows: 3
   cols: 4
   dt: f
   data: [ 3.61193848e+02, 0., 3.82957458e+02, -6.62854453e+04, 0.,
       3.61193848e+02, 2.32164322e+02, 0., 0., 0., 1., 0. ]
R2: !!opencv-matrix
   rows: 3
   cols: 3
   dt: f
   data: [ 9.98198271e-01, -5.98655567e-02, -4.04374348e-03,
       5.98465316e-02, 9.98196661e-01, -4.67279321e-03, 4.31619026e-03,
       4.42236988e-03, 9.99980927e-01 ]
