%YAML:1.0
---
Q: !!opencv-matrix
   rows: 4
   cols: 4
   dt: f
   data: [ 1., 0., 0., -3.82652252e+02, 0., 1., 0., -2.32002563e+02, 0.,
       0., 0., 3.57407532e+02, 0., 0., 5.43022109e-03, 0. ]
R: !!opencv-matrix
   rows: 3
   cols: 3
   dt: d
   data: [ 9.9961611242451165e-01, 9.7576492793856086e-03,
       -3.1424436621185639e-03, -9.6800732806998947e-03,
       9.9955662715594173e-01, 9.2310968113933790e-03,
       3.2421218337267015e-03, -9.2002751041196703e-03,
       9.9960035777967160e-01 ]
T: !!opencv-matrix
   rows: 3
   cols: 1
   dt: d
   data: [ -1.8406990147903866e+02, 5.9258066566273611e+00,
       7.4466576426168163e-01 ]
E: !!opencv-matrix
   rows: 0
   cols: 0
   dt: u
   data: []
F: !!opencv-matrix
   rows: 0
   cols: 0
   dt: u
   data: []
K1: !!opencv-matrix
   rows: 3
   cols: 3
   dt: d
   data: [ 3.6627756984521932e+02, 0., 3.8060969928433269e+02, 0.,
       3.6653175179255015e+02, 2.3878059668569790e+02, 0., 0., 1. ]
D1: !!opencv-matrix
   rows: 5
   cols: 1
   dt: d
   data: [ -2.1859934914563901e-02, -9.9468572971318997e-04,
       1.6448003429794193e-03, -3.1164985765511365e-04,
       3.5195408316194161e-04 ]
P1: !!opencv-matrix
   rows: 3
   cols: 4
   dt: f
   data: [ 3.57407532e+02, 0., 3.82652252e+02, 0., 0., 3.57407532e+02,
       2.32002563e+02, 0., 0., 0., 1., 0. ]
R1: !!opencv-matrix
   rows: 3
   cols: 3
   dt: f
   data: [ 9.99720931e-01, -2.24044211e-02, -7.48691568e-03,
       2.24384293e-02, 9.99738157e-01, 4.48964816e-03, 7.38436682e-03,
       -4.65639029e-03, 9.99961913e-01 ]
K2: !!opencv-matrix
   rows: 3
   cols: 3
   dt: d
   data: [ 3.6687495098581172e+02, 0., 3.7621769200552956e+02, 0.,
       3.6726361788508825e+02, 2.2399932895774910e+02, 0., 0., 1. ]
D2: !!opencv-matrix
   rows: 5
   cols: 1
   dt: d
   data: [ -2.2201337830972428e-02, -1.1445843221826492e-03,
       2.9199201696882579e-04, -7.1705872414221615e-04,
       5.1284674356775366e-04 ]
P2: !!opencv-matrix
   rows: 3
   cols: 4
   dt: f
   data: [ 3.57407532e+02, 0., 3.82652252e+02, -6.58182266e+04, 0.,
       3.57407532e+02, 2.32002563e+02, 0., 0., 0., 1., 0. ]
R2: !!opencv-matrix
   rows: 3
   cols: 3
   dt: f
   data: [ 9.99474049e-01, -3.21763083e-02, -4.04343149e-03,
       3.21574770e-02, 9.99472022e-01, -4.63897036e-03, 4.19056183e-03,
       4.50650370e-03, 9.99981046e-01 ]
