%YAML:1.0
---
Q: !!opencv-matrix
   rows: 4
   cols: 4
   dt: f
   data: [ 1., 0., 0., -3.82957428e+02, 0., 1., 0., -2.32164322e+02, 0.,
       0., 0., 3.61193878e+02, 0., 0., 5.45201916e-03, 0. ]
R: !!opencv-matrix
   rows: 3
   cols: 3
   dt: d
   data: [ 9.9970238192921557e-01, 9.7849327016932396e-03,
       -3.1386524186506762e-03, -9.6811000003403681e-03,
       9.9964709232145554e-01, 9.2314675981411826e-03,
       3.2422404653682105e-03, -9.2016379881636103e-03,
       9.9969353278960660e-01 ]
T: !!opencv-matrix
   rows: 3
   cols: 1
   dt: d
   data: [ -1.8310429163717299e+02, 1.0981426206640478e+01,
       7.4176322872702294e-01 ]
E: !!opencv-matrix
   rows: 0
   cols: 0
   dt: u
   data: []
F: !!opencv-matrix
   rows: 0
   cols: 0
   dt: u
   data: []
K1: !!opencv-matrix
   rows: 3
   cols: 3
   dt: d
   data: [ 3.6627756984521932e+02, 0., 3.8060969928433269e+02, 0.,
       3.6653175179255015e+02, 2.3878059668569790e+02, 0., 0., 1. ]
D1: !!opencv-matrix
   rows: 5
   cols: 1
   dt: d
   data: [ -2.1859934914563901e-02, -9.9468572971318997e-04,
       1.6448003429794193e-03, -3.1164985765511365e-04,
       3.5195408316194161e-04 ]
P1: !!opencv-matrix
   rows: 3
   cols: 4
   dt: f
   data: [ 3.61193878e+02, 0., 3.82957428e+02, 0., 0., 3.61193878e+02,
       2.32164322e+02, 0., 0., 0., 1., 0. ]
R1: !!opencv-matrix
   rows: 3
   cols: 3
   dt: f
   data: [ 9.98714745e-01, -5.00902459e-02, -7.73716858e-03,
       5.01249395e-02, 9.98733461e-01, 4.35705576e-03, 7.50912307e-03,
       -4.73928079e-03, 9.99960601e-01 ]
K2: !!opencv-matrix
   rows: 3
   cols: 3
   dt: d
   data: [ 3.6687495098581172e+02, 0., 3.7621769200552956e+02, 0.,
       3.6726361788508825e+02, 2.2399932895774910e+02, 0., 0., 1. ]
D2: !!opencv-matrix
   rows: 5
   cols: 1
   dt: d
   data: [ -2.2201337830972428e-02, -1.1445843221826492e-03,
       2.9199201696882579e-04, -7.1705872414221615e-04,
       5.1284674356775366e-04 ]
P2: !!opencv-matrix
   rows: 3
   cols: 4
   dt: f
   data: [ 3.61193878e+02, 0., 3.82957428e+02, -6.62495625e+04, 0.,
       3.61193878e+02, 2.32164322e+02, 0., 0., 0., 1., 0. ]
R2: !!opencv-matrix
   rows: 3
   cols: 3
   dt: f
   data: [ 9.98198271e-01, -5.98655567e-02, -4.04374348e-03,
       5.98465316e-02, 9.98196661e-01, -4.67279181e-03, 4.31619026e-03,
       4.42236895e-03, 9.99980927e-01 ]
