%YAML:1.0
---
Q: !!opencv-matrix
   rows: 4
   cols: 4
   dt: f
   data: [ 1., 0., 0., -3.82958405e+02, 0., 1., 0., -2.32164368e+02, 0.,
       0., 0., 3.61193359e+02, 0., 0., 5.45247644e-03, 0. ]
R: !!opencv-matrix
   rows: 3
   cols: 3
   dt: d
   data: [ 9.9970564237113280e-01, 9.7850218056460287e-03,
       -3.1392300704457081e-03, -9.6811375878066968e-03,
       9.9965022951409499e-01, 9.2315306535116753e-03,
       3.2422501649010068e-03, -9.2016671278194722e-03,
       9.9969667592420441e-01 ]
T: !!opencv-matrix
   rows: 3
   cols: 1
   dt: d
   data: [ -1.8307634870615118e+02, 1.0979750370662256e+01,
       7.4165004354280883e-01 ]
E: !!opencv-matrix
   rows: 0
   cols: 0
   dt: u
   data: []
F: !!opencv-matrix
   rows: 0
   cols: 0
   dt: u
   data: []
K1: !!opencv-matrix
   rows: 3
   cols: 3
   dt: d
   data: [ 3.6627756984521932e+02, 0., 3.8060969928433269e+02, 0.,
       3.6653175179255015e+02, 2.3878059668569790e+02, 0., 0., 1. ]
D1: !!opencv-matrix
   rows: 5
   cols: 1
   dt: d
   data: [ -2.1859934914563901e-02, -9.9468572971318997e-04,
       1.6448003429794193e-03, -3.1164985765511365e-04,
       3.5195408316194161e-04 ]
P1: !!opencv-matrix
   rows: 3
   cols: 4
   dt: f
   data: [ 3.61193359e+02, 0., 3.82958405e+02, 0., 0., 3.61193359e+02,
       2.32164368e+02, 0., 0., 0., 1., 0. ]
R1: !!opencv-matrix
   rows: 3
   cols: 3
   dt: f
   data: [ 9.98714685e-01, -5.00909425e-02, -7.73962820e-03,
       5.01256473e-02, 9.98733401e-01, 4.35702084e-03, 7.51157803e-03,
       -4.73937439e-03, 9.99960542e-01 ]
K2: !!opencv-matrix
   rows: 3
   cols: 3
   dt: d
   data: [ 3.6687495098581172e+02, 0., 3.7621769200552956e+02, 0.,
       3.6726361788508825e+02, 2.2399932895774910e+02, 0., 0., 1. ]
D2: !!opencv-matrix
   rows: 5
   cols: 1
   dt: d
   data: [ -2.2201337830972428e-02, -1.1445843221826492e-03,
       2.9199201696882579e-04, -7.1705872414221615e-04,
       5.1284674356775366e-04 ]
P2: !!opencv-matrix
   rows: 3
   cols: 4
   dt: f
   data: [ 3.61193359e+02, 0., 3.82958405e+02, -6.62439141e+04, 0.,
       3.61193359e+02, 2.32164368e+02, 0., 0., 0., 1., 0. ]
R2: !!opencv-matrix
   rows: 3
   cols: 3
   dt: f
   data: [ 9.98198271e-01, -5.98655567e-02, -4.04374208e-03,
       5.98465316e-02, 9.98196661e-01, -4.67282161e-03, 4.31619072e-03,
       4.42239828e-03, 9.99980927e-01 ]
