%YAML:1.0
---
Q: !!opencv-matrix
   rows: 4
   cols: 4
   dt: f
   data: [ 1., 0., 0., -3.83236542e+02, 0., 1., 0., -2.32333893e+02, 0.,
       0., 0., 3.66910034e+02, 0., 0., 5.47891296e-03, 0. ]
R: !!opencv-matrix
   rows: 3
   cols: 3
   dt: d
   data: [ 9.9966698837531032e-01, 9.7416307425960413e-03,
       -3.1127150022152369e-03, -9.6639939282855344e-03,
       9.9983316502373054e-01, 9.2304261041568081e-03,
       3.2440823784235183e-03, -9.2027938210301249e-03,
       9.9987755075409890e-01 ]
T: !!opencv-matrix
   rows: 3
   cols: 1
   dt: d
   data: [ -1.8167211283714087e+02, 1.5942746283732296e+01,
       7.3614517554883674e-01 ]
E: !!opencv-matrix
   rows: 0
   cols: 0
   dt: u
   data: []
F: !!opencv-matrix
   rows: 0
   cols: 0
   dt: u
   data: []
K1: !!opencv-matrix
   rows: 3
   cols: 3
   dt: d
   data: [ 3.6627756984521932e+02, 0., 3.8060969928433269e+02, 0.,
       3.6653175179255015e+02, 2.3878059668569790e+02, 0., 0., 1. ]
D1: !!opencv-matrix
   rows: 5
   cols: 1
   dt: d
   data: [ -2.1859934914563901e-02, -9.9468572971318997e-04,
       1.6448003429794193e-03, -3.1164985765511365e-04,
       3.5195408316194161e-04 ]
P1: !!opencv-matrix
   rows: 3
   cols: 4
   dt: f
   data: [ 3.66910034e+02, 0., 3.83236542e+02, 0., 0., 3.66910034e+02,
       2.32333893e+02, 0., 0., 0., 1., 0. ]
R1: !!opencv-matrix
   rows: 3
   cols: 3
   dt: f
   data: [ 9.96945620e-01, -7.76942149e-02, -7.93874171e-03,
       7.77293593e-02, 9.96965587e-01, 4.21853922e-03, 7.58689642e-03,
       -4.82272776e-03, 9.99959588e-01 ]
K2: !!opencv-matrix
   rows: 3
   cols: 3
   dt: d
   data: [ 3.6687495098581172e+02, 0., 3.7621769200552956e+02, 0.,
       3.6726361788508825e+02, 2.2399932895774910e+02, 0., 0., 1. ]
D2: !!opencv-matrix
   rows: 5
   cols: 1
   dt: d
   data: [ -2.2201337830972428e-02, -1.1445843221826492e-03,
       2.9199201696882579e-04, -7.1705872414221615e-04,
       5.1284674356775366e-04 ]
P2: !!opencv-matrix
   rows: 3
   cols: 4
   dt: f
   data: [ 3.66910034e+02, 0., 3.83236542e+02, -6.69676719e+04, 0.,
       3.66910034e+02, 2.32333893e+02, 0., 0., 0., 1., 0. ]
R2: !!opencv-matrix
   rows: 3
   cols: 3
   dt: f
   data: [ 9.96163487e-01, -8.74189362e-02, -4.03652200e-03,
       8.73997584e-02, 9.96162236e-01, -4.70516924e-03, 4.43235179e-03,
       4.33432683e-03, 9.99980807e-01 ]
