%YAML:1.0
---
Q: !!opencv-matrix
   rows: 4
   cols: 4
   dt: f
   data: [ 1., 0., 0., -3.82674255e+02, 0., 1., 0., -2.32002396e+02, 0.,
       0., 0., 3.57424103e+02, 0., 0., 5.44027751e-03, 0. ]
R: !!opencv-matrix
   rows: 3
   cols: 3
   dt: d
   data: [ 9.9991414584404670e-01, 9.9507040693157488e-03,
       -3.1740139832037544e-03, -9.6915574140698617e-03,
       9.9946644908924720e-01, 9.2313461904411902e-03,
       3.2403028243190401e-03, -9.2002820622776298e-03,
       9.9951654534668288e-01 ]
T: !!opencv-matrix
   rows: 3
   cols: 1
   dt: d
   data: [ -1.8397271573110507e+02, 5.9226794810912935e+00,
       7.4427369089122097e-01 ]
E: !!opencv-matrix
   rows: 0
   cols: 0
   dt: u
   data: []
F: !!opencv-matrix
   rows: 0
   cols: 0
   dt: u
   data: []
K1: !!opencv-matrix
   rows: 3
   cols: 3
   dt: d
   data: [ 3.6627756984521932e+02, 0., 3.8060969928433269e+02, 0.,
       3.6653175179255015e+02, 2.3878059668569790e+02, 0., 0., 1. ]
D1: !!opencv-matrix
   rows: 5
   cols: 1
   dt: d
   data: [ -2.1859934914563901e-02, -9.9468572971318997e-04,
       1.6448003429794193e-03, -3.1164985765511365e-04,
       3.5195408316194161e-04 ]
P1: !!opencv-matrix
   rows: 3
   cols: 4
   dt: f
   data: [ 3.57424103e+02, 0., 3.82674255e+02, 0., 0., 3.57424103e+02,
       2.32002396e+02, 0., 0., 0., 1., 0. ]
R1: !!opencv-matrix
   rows: 3
   cols: 3
   dt: f
   data: [ 9.99722958e-01, -2.22962834e-02, -7.54287373e-03,
       2.23305523e-02, 9.99740541e-01, 4.48994292e-03, 7.44080776e-03,
       -4.65713535e-03, 9.99961495e-01 ]
K2: !!opencv-matrix
   rows: 3
   cols: 3
   dt: d
   data: [ 3.6687495098581172e+02, 0., 3.7621769200552956e+02, 0.,
       3.6726361788508825e+02, 2.2399932895774910e+02, 0., 0., 1. ]
D2: !!opencv-matrix
   rows: 5
   cols: 1
   dt: d
   data: [ -2.2201337830972428e-02, -1.1445843221826492e-03,
       2.9199201696882579e-04, -7.1705872414221615e-04,
       5.1284674356775366e-04 ]
P2: !!opencv-matrix
   rows: 3
   cols: 4
   dt: f
   data: [ 3.57424103e+02, 0., 3.82674255e+02, -6.56996094e+04, 0.,
       3.57424103e+02, 2.32002396e+02, 0., 0., 0., 1., 0. ]
R2: !!opencv-matrix
   rows: 3
   cols: 3
   dt: f
   data: [ 9.99474049e-01, -3.21763083e-02, -4.04343521e-03,
       3.21574733e-02, 9.99472022e-01, -4.63948771e-03, 4.19058185e-03,
       4.50702105e-03, 9.99981046e-01 ]
