%YAML:1.0
---
Q: !!opencv-matrix
   rows: 4
   cols: 4
   dt: f
   data: [ 1., 0., 0., -3.83251740e+02, 0., 1., 0., -2.32334625e+02, 0.,
       0., 0., 3.66906616e+02, 0., 0., 5.48457075e-03, 0. ]
R: !!opencv-matrix
   rows: 3
   cols: 3
   dt: d
   data: [ 9.9975065131924934e-01, 9.7708538322406543e-03,
       -3.1452020906420821e-03, -9.6731988239790682e-03,
       9.9980671880104988e-01, 9.2330631536240264e-03,
       3.2435685267817368e-03, -9.2026915951074293e-03,
       9.9985382003854284e-01 ]
T: !!opencv-matrix
   rows: 3
   cols: 1
   dt: d
   data: [ -1.8164120421605304e+02, 1.5940034445579077e+01,
       7.3601998215924069e-01 ]
E: !!opencv-matrix
   rows: 0
   cols: 0
   dt: u
   data: []
F: !!opencv-matrix
   rows: 0
   cols: 0
   dt: u
   data: []
K1: !!opencv-matrix
   rows: 3
   cols: 3
   dt: d
   data: [ 3.6627756984521932e+02, 0., 3.8060969928433269e+02, 0.,
       3.6653175179255015e+02, 2.3878059668569790e+02, 0., 0., 1. ]
D1: !!opencv-matrix
   rows: 5
   cols: 1
   dt: d
   data: [ -2.1859934914563901e-02, -9.9468572971318997e-04,
       1.6448003429794193e-03, -3.1164985765511365e-04,
       3.5195408316194161e-04 ]
P1: !!opencv-matrix
   rows: 3
   cols: 4
   dt: f
   data: [ 3.66906616e+02, 0., 3.83251740e+02, 0., 0., 3.66906616e+02,
       2.32334625e+02, 0., 0., 0., 1., 0. ]
R1: !!opencv-matrix
   rows: 3
   cols: 3
   dt: f
   data: [ 9.96946156e-01, -7.76833668e-02, -7.97761139e-03,
       7.77186975e-02, 9.96966422e-01, 4.21784725e-03, 7.62575399e-03,
       -4.82497644e-03, 9.99959290e-01 ]
K2: !!opencv-matrix
   rows: 3
   cols: 3
   dt: d
   data: [ 3.6687495098581172e+02, 0., 3.7621769200552956e+02, 0.,
       3.6726361788508825e+02, 2.2399932895774910e+02, 0., 0., 1. ]
D2: !!opencv-matrix
   rows: 5
   cols: 1
   dt: d
   data: [ -2.2201337830972428e-02, -1.1445843221826492e-03,
       2.9199201696882579e-04, -7.1705872414221615e-04,
       5.1284674356775366e-04 ]
P2: !!opencv-matrix
   rows: 3
   cols: 4
   dt: f
   data: [ 3.66906616e+02, 0., 3.83251740e+02, -6.68979609e+04, 0.,
       3.66906616e+02, 2.32334625e+02, 0., 0., 0., 1., 0. ]
R2: !!opencv-matrix
   rows: 3
   cols: 3
   dt: f
   data: [ 9.96163487e-01, -8.74189287e-02, -4.03650757e-03,
       8.73997509e-02, 9.96162176e-01, -4.70594782e-03, 4.43240535e-03,
       4.33510356e-03, 9.99980807e-01 ]
