%YAML:1.0
---
Q: !!opencv-matrix
   rows: 4
   cols: 4
   dt: f
   data: [ 1., 0., 0., -3.83247101e+02, 0., 1., 0., -2.32334412e+02, 0.,
       0., 0., 3.66906586e+02, 0., 0., 5.48330415e-03, 0. ]
R: !!opencv-matrix
   rows: 3
   cols: 3
   dt: d
   data: [ 9.9971210977488834e-01, 9.7544638953250065e-03,
       -3.1367231834790997e-03, -9.6686900226600255e-03,
       9.9982259849246735e-01, 9.2324484046778579e-03,
       3.2438303734554459e-03, -9.2027584385143187e-03,
       9.9986821534264148e-01 ]
T: !!opencv-matrix
   rows: 3
   cols: 1
   dt: d
   data: [ -1.8163016036839974e+02, 1.5939064988016222e+01,
       7.3597513396661696e-01 ]
E: !!opencv-matrix
   rows: 0
   cols: 0
   dt: u
   data: []
F: !!opencv-matrix
   rows: 0
   cols: 0
   dt: u
   data: []
K1: !!opencv-matrix
   rows: 3
   cols: 3
   dt: d
   data: [ 3.6627756984521932e+02, 0., 3.8060969928433269e+02, 0.,
       3.6653175179255015e+02, 2.3878059668569790e+02, 0., 0., 1. ]
D1: !!opencv-matrix
   rows: 5
   cols: 1
   dt: d
   data: [ -2.1859934914563901e-02, -9.9468572971318997e-04,
       1.6448003429794193e-03, -3.1164985765511365e-04,
       3.5195408316194161e-04 ]
P1: !!opencv-matrix
   rows: 3
   cols: 4
   dt: f
   data: [ 3.66906586e+02, 0., 3.83247101e+02, 0., 0., 3.66906586e+02,
       2.32334412e+02, 0., 0., 0., 1., 0. ]
R1: !!opencv-matrix
   rows: 3
   cols: 3
   dt: f
   data: [ 9.96945560e-01, -7.76919425e-02, -7.96575937e-03,
       7.77272210e-02, 9.96965766e-01, 4.21802746e-03, 7.61388196e-03,
       -4.82430030e-03, 9.99959350e-01 ]
K2: !!opencv-matrix
   rows: 3
   cols: 3
   dt: d
   data: [ 3.6687495098581172e+02, 0., 3.7621769200552956e+02, 0.,
       3.6726361788508825e+02, 2.2399932895774910e+02, 0., 0., 1. ]
D2: !!opencv-matrix
   rows: 5
   cols: 1
   dt: d
   data: [ -2.2201337830972428e-02, -1.1445843221826492e-03,
       2.9199201696882579e-04, -7.1705872414221615e-04,
       5.1284674356775366e-04 ]
P2: !!opencv-matrix
   rows: 3
   cols: 4
   dt: f
   data: [ 3.66906586e+02, 0., 3.83247101e+02, -6.69134141e+04, 0.,
       3.66906586e+02, 2.32334412e+02, 0., 0., 0., 1., 0. ]
R2: !!opencv-matrix
   rows: 3
   cols: 3
   dt: f
   data: [ 9.96163487e-01, -8.74189287e-02, -4.03650803e-03,
       8.73997509e-02, 9.96162176e-01, -4.70570009e-03, 4.43238392e-03,
       4.33485676e-03, 9.99980807e-01 ]
