%YAML:1.0
---
Q: !!opencv-matrix
   rows: 4
   cols: 4
   dt: f
   data: [ 1., 0., 0., -3.82959167e+02, 0., 1., 0., -2.32164474e+02, 0.,
       0., 0., 3.61188385e+02, 0., 0., 5.45444991e-03, 0. ]
R: !!opencv-matrix
   rows: 3
   cols: 3
   dt: d
   data: [ 9.9967339308320013e-01, 9.7645347201697590e-03,
       -3.1463079048814654e-03, -9.6783625362761513e-03,
       9.9966818912015754e-01, 9.2321064661757407e-03,
       3.2425031083170687e-03, -9.2017383734541835e-03,
       9.9971342653444506e-01 ]
T: !!opencv-matrix
   rows: 3
   cols: 1
   dt: d
   data: [ -1.8303191376118721e+02, 1.0977085121976605e+01,
       7.4146951773350511e-01 ]
E: !!opencv-matrix
   rows: 0
   cols: 0
   dt: u
   data: []
F: !!opencv-matrix
   rows: 0
   cols: 0
   dt: u
   data: []
K1: !!opencv-matrix
   rows: 3
   cols: 3
   dt: d
   data: [ 3.6627756984521932e+02, 0., 3.8060969928433269e+02, 0.,
       3.6653175179255015e+02, 2.3878059668569790e+02, 0., 0., 1. ]
D1: !!opencv-matrix
   rows: 5
   cols: 1
   dt: d
   data: [ -2.1859934914563901e-02, -9.9468572971318997e-04,
       1.6448003429794193e-03, -3.1164985765511365e-04,
       3.5195408316194161e-04 ]
P1: !!opencv-matrix
   rows: 3
   cols: 4
   dt: f
   data: [ 3.61188385e+02, 0., 3.82959167e+02, 0., 0., 3.61188385e+02,
       2.32164474e+02, 0., 0., 0., 1., 0. ]
R1: !!opencv-matrix
   rows: 3
   cols: 3
   dt: f
   data: [ 9.98713613e-01, -5.01120873e-02, -7.74166966e-03,
       5.01467995e-02, 9.98732328e-01, 4.35687322e-03, 7.51352403e-03,
       -4.73948848e-03, 9.99960542e-01 ]
K2: !!opencv-matrix
   rows: 3
   cols: 3
   dt: d
   data: [ 3.6687495098581172e+02, 0., 3.7621769200552956e+02, 0.,
       3.6726361788508825e+02, 2.2399932895774910e+02, 0., 0., 1. ]
D2: !!opencv-matrix
   rows: 5
   cols: 1
   dt: d
   data: [ -2.2201337830972428e-02, -1.1445843221826492e-03,
       2.9199201696882579e-04, -7.1705872414221615e-04,
       5.1284674356775366e-04 ]
P2: !!opencv-matrix
   rows: 3
   cols: 4
   dt: f
   data: [ 3.61188385e+02, 0., 3.82959167e+02, -6.62190313e+04, 0.,
       3.61188385e+02, 2.32164474e+02, 0., 0., 0., 1., 0. ]
R2: !!opencv-matrix
   rows: 3
   cols: 3
   dt: f
   data: [ 9.98198271e-01, -5.98655529e-02, -4.04373882e-03,
       5.98465279e-02, 9.98196661e-01, -4.67280578e-03, 4.31618700e-03,
       4.42238292e-03, 9.99980927e-01 ]
