%YAML:1.0
---
Q: !!opencv-matrix
   rows: 4
   cols: 4
   dt: f
   data: [ 1., 0., 0., -3.82962738e+02, 0., 1., 0., -2.32164490e+02, 0.,
       0., 0., 3.61194092e+02, 0., 0., 5.41840773e-03, 0. ]
R: !!opencv-matrix
   rows: 3
   cols: 3
   dt: d
   data: [ 9.9974525354823152e-01, 9.7891088542573067e-03,
       -3.1448411174120369e-03, -9.6813962191605561e-03,
       9.9969133217857231e-01, 9.2322744987060144e-03,
       3.2419423547934228e-03, -9.2014727647170714e-03,
       9.9973775739808857e-01 ]
T: !!opencv-matrix
   rows: 3
   cols: 1
   dt: d
   data: [ -1.8423378691778203e+02, 1.1049044506794226e+01,
       7.4731162353203540e-01 ]
E: !!opencv-matrix
   rows: 0
   cols: 0
   dt: u
   data: []
F: !!opencv-matrix
   rows: 0
   cols: 0
   dt: u
   data: []
K1: !!opencv-matrix
   rows: 3
   cols: 3
   dt: d
   data: [ 3.6627756984521932e+02, 0., 3.8060969928433269e+02, 0.,
       3.6653175179255015e+02, 2.3878059668569790e+02, 0., 0., 1. ]
D1: !!opencv-matrix
   rows: 5
   cols: 1
   dt: d
   data: [ -2.1859934914563901e-02, -9.9468572971318997e-04,
       1.6448003429794193e-03, -3.1164985765511365e-04,
       3.5195408316194161e-04 ]
P1: !!opencv-matrix
   rows: 3
   cols: 4
   dt: f
   data: [ 3.61194092e+02, 0., 3.82962738e+02, 0., 0., 3.61194092e+02,
       2.32164490e+02, 0., 0., 0., 1., 0. ]
R1: !!opencv-matrix
   rows: 3
   cols: 3
   dt: f
   data: [ 9.98714805e-01, -5.00878394e-02, -7.74544897e-03,
       5.01225665e-02, 9.98733580e-01, 4.35675308e-03, 7.51741976e-03,
       -4.73937578e-03, 9.99960542e-01 ]
K2: !!opencv-matrix
   rows: 3
   cols: 3
   dt: d
   data: [ 3.6687495098581172e+02, 0., 3.7621769200552956e+02, 0.,
       3.6726361788508825e+02, 2.2399932895774910e+02, 0., 0., 1. ]
D2: !!opencv-matrix
   rows: 5
   cols: 1
   dt: d
   data: [ -2.2201337830972428e-02, -1.1445843221826492e-03,
       2.9199201696882579e-04, -7.1705872414221615e-04,
       5.1284674356775366e-04 ]
P2: !!opencv-matrix
   rows: 3
   cols: 4
   dt: f
   data: [ 3.61194092e+02, 0., 3.82962738e+02, -6.66605547e+04, 0.,
       3.61194092e+02, 2.32164490e+02, 0., 0., 0., 1., 0. ]
R2: !!opencv-matrix
   rows: 3
   cols: 3
   dt: f
   data: [ 9.98198271e-01, -5.98649010e-02, -4.04901383e-03,
       5.98458499e-02, 9.98196721e-01, -4.67284489e-03, 4.32145176e-03,
       4.42210911e-03, 9.99980867e-01 ]
