%YAML:1.0
---
Q: !!opencv-matrix
   rows: 4
   cols: 4
   dt: f
   data: [ 1., 0., 0., -3.82661743e+02, 0., 1., 0., -2.32002716e+02, 0.,
       0., 0., 3.57407074e+02, 0., 0., 5.40053286e-03, 0. ]
R: !!opencv-matrix
   rows: 3
   cols: 3
   dt: d
   data: [ 9.9967386092370925e-01, 9.7560694495772687e-03,
       -3.1477563606321390e-03, -9.6807635261812741e-03,
       9.9960735307220239e-01, 9.2317602864324857e-03,
       3.2425619141325419e-03, -9.2013111666967556e-03,
       9.9965055055425656e-01 ]
T: !!opencv-matrix
   rows: 3
   cols: 1
   dt: d
   data: [ -1.8506810442258450e+02, 5.9577798084661309e+00,
       7.5065826631970556e-01 ]
E: !!opencv-matrix
   rows: 0
   cols: 0
   dt: u
   data: []
F: !!opencv-matrix
   rows: 0
   cols: 0
   dt: u
   data: []
K1: !!opencv-matrix
   rows: 3
   cols: 3
   dt: d
   data: [ 3.6627756984521932e+02, 0., 3.8060969928433269e+02, 0.,
       3.6653175179255015e+02, 2.3878059668569790e+02, 0., 0., 1. ]
D1: !!opencv-matrix
   rows: 5
   cols: 1
   dt: d
   data: [ -2.1859934914563901e-02, -9.9468572971318997e-04,
       1.6448003429794193e-03, -3.1164985765511365e-04,
       3.5195408316194161e-04 ]
P1: !!opencv-matrix
   rows: 3
   cols: 4
   dt: f
   data: [ 3.57407074e+02, 0., 3.82661743e+02, 0., 0., 3.57407074e+02,
       2.32002716e+02, 0., 0., 0., 1., 0. ]
R1: !!opencv-matrix
   rows: 3
   cols: 3
   dt: f
   data: [ 9.99720871e-01, -2.24043876e-02, -7.50064803e-03,
       2.24384610e-02, 9.99738157e-01, 4.48963698e-03, 7.39809638e-03,
       -4.65668645e-03, 9.99961793e-01 ]
K2: !!opencv-matrix
   rows: 3
   cols: 3
   dt: d
   data: [ 3.6687495098581172e+02, 0., 3.7621769200552956e+02, 0.,
       3.6726361788508825e+02, 2.2399932895774910e+02, 0., 0., 1. ]
D2: !!opencv-matrix
   rows: 5
   cols: 1
   dt: d
   data: [ -2.2201337830972428e-02, -1.1445843221826492e-03,
       2.9199201696882579e-04, -7.1705872414221615e-04,
       5.1284674356775366e-04 ]
P2: !!opencv-matrix
   rows: 3
   cols: 4
   dt: f
   data: [ 3.57407074e+02, 0., 3.82661743e+02, -6.61799609e+04, 0.,
       3.57407074e+02, 2.32002716e+02, 0., 0., 0., 1., 0. ]
R2: !!opencv-matrix
   rows: 3
   cols: 3
   dt: f
   data: [ 9.99473989e-01, -3.21754329e-02, -4.05398570e-03,
       3.21565531e-02, 9.99472082e-01, -4.63928049e-03, 4.20111604e-03,
       4.50647809e-03, 9.99981046e-01 ]
