%YAML:1.0
---
Q: !!opencv-matrix
   rows: 4
   cols: 4
   dt: f
   data: [ 1., 0., 0., -3.83254028e+02, 0., 1., 0., -2.32334564e+02, 0.,
       0., 0., 3.66914093e+02, 0., 0., 5.44475159e-03, 0. ]
R: !!opencv-matrix
   rows: 3
   cols: 3
   dt: d
   data: [ 9.9985434149922070e-01, 9.8205570755306466e-03,
       -3.1418334174328376e-03, -9.6817027843743662e-03,
       9.9980948164591055e-01, 9.2328392712173590e-03,
       3.2429661602062128e-03, -9.2031360904247881e-03,
       9.9986085318433804e-01 ]
T: !!opencv-matrix
   rows: 3
   cols: 1
   dt: d
   data: [ -1.8297614812766156e+02, 1.6057107068116622e+01,
       7.4176701359571173e-01 ]
E: !!opencv-matrix
   rows: 0
   cols: 0
   dt: u
   data: []
F: !!opencv-matrix
   rows: 0
   cols: 0
   dt: u
   data: []
K1: !!opencv-matrix
   rows: 3
   cols: 3
   dt: d
   data: [ 3.6627756984521932e+02, 0., 3.8060969928433269e+02, 0.,
       3.6653175179255015e+02, 2.3878059668569790e+02, 0., 0., 1. ]
D1: !!opencv-matrix
   rows: 5
   cols: 1
   dt: d
   data: [ -2.1859934914563901e-02, -9.9468572971318997e-04,
       1.6448003429794193e-03, -3.1164985765511365e-04,
       3.5195408316194161e-04 ]
P1: !!opencv-matrix
   rows: 3
   cols: 4
   dt: f
   data: [ 3.66914093e+02, 0., 3.83254028e+02, 0., 0., 3.66914093e+02,
       2.32334564e+02, 0., 0., 0., 1., 0. ]
R1: !!opencv-matrix
   rows: 3
   cols: 3
   dt: f
   data: [ 9.96949196e-01, -7.76441842e-02, -7.98152108e-03,
       7.76795298e-02, 9.96969461e-01, 4.21801489e-03, 7.62982853e-03,
       -4.82514733e-03, 9.99959230e-01 ]
K2: !!opencv-matrix
   rows: 3
   cols: 3
   dt: d
   data: [ 3.6687495098581172e+02, 0., 3.7621769200552956e+02, 0.,
       3.6726361788508825e+02, 2.2399932895774910e+02, 0., 0., 1. ]
D2: !!opencv-matrix
   rows: 5
   cols: 1
   dt: d
   data: [ -2.2201337830972428e-02, -1.1445843221826492e-03,
       2.9199201696882579e-04, -7.1705872414221615e-04,
       5.1284674356775366e-04 ]
P2: !!opencv-matrix
   rows: 3
   cols: 4
   dt: f
   data: [ 3.66914093e+02, 0., 3.83254028e+02, -6.73885859e+04, 0.,
       3.66914093e+02, 2.32334564e+02, 0., 0., 0., 1., 0. ]
R2: !!opencv-matrix
   rows: 3
   cols: 3
   dt: f
   data: [ 9.96163487e-01, -8.74185190e-02, -4.03834740e-03,
       8.73993337e-02, 9.96162236e-01, -4.70619369e-03, 4.43425775e-03,
       4.33518970e-03, 9.99980748e-01 ]
