%YAML:1.0
---
Q: !!opencv-matrix
   rows: 4
   cols: 4
   dt: f
   data: [ 1., 0., 0., -3.82962677e+02, 0., 1., 0., -2.32164490e+02, 0.,
       0., 0., 3.61194122e+02, 0., 0., 5.41675789e-03, 0. ]
R: !!opencv-matrix
   rows: 3
   cols: 3
   dt: d
   data: [ 9.9973953393516024e-01, 9.7890327610478927e-03,
       -3.1448553934205693e-03, -9.6813405423179406e-03,
       9.9968561982561954e-01, 9.2322236673735344e-03,
       3.2419238506444480e-03, -9.2014200942230912e-03,
       9.9973204370261382e-01 ]
T: !!opencv-matrix
   rows: 3
   cols: 1
   dt: d
   data: [ -1.8427965313408012e+02, 1.1051795239237560e+01,
       7.4749767075478291e-01 ]
E: !!opencv-matrix
   rows: 0
   cols: 0
   dt: u
   data: []
F: !!opencv-matrix
   rows: 0
   cols: 0
   dt: u
   data: []
K1: !!opencv-matrix
   rows: 3
   cols: 3
   dt: d
   data: [ 3.6627756984521932e+02, 0., 3.8060969928433269e+02, 0.,
       3.6653175179255015e+02, 2.3878059668569790e+02, 0., 0., 1. ]
D1: !!opencv-matrix
   rows: 5
   cols: 1
   dt: d
   data: [ -2.1859934914563901e-02, -9.9468572971318997e-04,
       1.6448003429794193e-03, -3.1164985765511365e-04,
       3.5195408316194161e-04 ]
P1: !!opencv-matrix
   rows: 3
   cols: 4
   dt: f
   data: [ 3.61194122e+02, 0., 3.82962677e+02, 0., 0., 3.61194122e+02,
       2.32164490e+02, 0., 0., 0., 1., 0. ]
R1: !!opencv-matrix
   rows: 3
   cols: 3
   dt: f
   data: [ 9.98714805e-01, -5.00877909e-02, -7.74533721e-03,
       5.01225218e-02, 9.98733580e-01, 4.35675494e-03, 7.51730800e-03,
       -4.73937159e-03, 9.99960542e-01 ]
K2: !!opencv-matrix
   rows: 3
   cols: 3
   dt: d
   data: [ 3.6687495098581172e+02, 0., 3.7621769200552956e+02, 0.,
       3.6726361788508825e+02, 2.2399932895774910e+02, 0., 0., 1. ]
D2: !!opencv-matrix
   rows: 5
   cols: 1
   dt: d
   data: [ -2.2201337830972428e-02, -1.1445843221826492e-03,
       2.9199201696882579e-04, -7.1705872414221615e-04,
       5.1284674356775366e-04 ]
P2: !!opencv-matrix
   rows: 3
   cols: 4
   dt: f
   data: [ 3.61194122e+02, 0., 3.82962677e+02, -6.66808672e+04, 0.,
       3.61194122e+02, 2.32164490e+02, 0., 0., 0., 1., 0. ]
R2: !!opencv-matrix
   rows: 3
   cols: 3
   dt: f
   data: [ 9.98198271e-01, -5.98649010e-02, -4.04901383e-03,
       5.98458499e-02, 9.98196721e-01, -4.67284350e-03, 4.32145176e-03,
       4.42210771e-03, 9.99980867e-01 ]
