%YAML:1.0
---
Q: !!opencv-matrix
   rows: 4
   cols: 4
   dt: f
   data: [ 1., 0., 0., -3.82962891e+02, 0., 1., 0., -2.32164505e+02, 0.,
       0., 0., 3.61193970e+02, 0., 0., 5.41978143e-03, 0. ]
R: !!opencv-matrix
   rows: 3
   cols: 3
   dt: d
   data: [ 9.9975213975284338e-01, 9.7895055392376307e-03,
       -3.1442647322653095e-03, -9.6814494561553270e-03,
       9.9969846583141675e-01, 9.2323046429070472e-03,
       3.2419666251521993e-03, -9.2015399232502106e-03,
       9.9974490854657216e-01 ]
T: !!opencv-matrix
   rows: 3
   cols: 1
   dt: d
   data: [ -1.8417721115017380e+02, 1.1045651490468369e+01,
       7.4708212319644418e-01 ]
E: !!opencv-matrix
   rows: 0
   cols: 0
   dt: u
   data: []
F: !!opencv-matrix
   rows: 0
   cols: 0
   dt: u
   data: []
K1: !!opencv-matrix
   rows: 3
   cols: 3
   dt: d
   data: [ 3.6627756984521932e+02, 0., 3.8060969928433269e+02, 0.,
       3.6653175179255015e+02, 2.3878059668569790e+02, 0., 0., 1. ]
D1: !!opencv-matrix
   rows: 5
   cols: 1
   dt: d
   data: [ -2.1859934914563901e-02, -9.9468572971318997e-04,
       1.6448003429794193e-03, -3.1164985765511365e-04,
       3.5195408316194161e-04 ]
P1: !!opencv-matrix
   rows: 3
   cols: 4
   dt: f
   data: [ 3.61193970e+02, 0., 3.82962891e+02, 0., 0., 3.61193970e+02,
       2.32164505e+02, 0., 0., 0., 1., 0. ]
R1: !!opencv-matrix
   rows: 3
   cols: 3
   dt: f
   data: [ 9.98714745e-01, -5.00880517e-02, -7.74587691e-03,
       5.01227826e-02, 9.98733580e-01, 4.35674656e-03, 7.51784630e-03,
       -4.73939208e-03, 9.99960482e-01 ]
K2: !!opencv-matrix
   rows: 3
   cols: 3
   dt: d
   data: [ 3.6687495098581172e+02, 0., 3.7621769200552956e+02, 0.,
       3.6726361788508825e+02, 2.2399932895774910e+02, 0., 0., 1. ]
D2: !!opencv-matrix
   rows: 5
   cols: 1
   dt: d
   data: [ -2.2201337830972428e-02, -1.1445843221826492e-03,
       2.9199201696882579e-04, -7.1705872414221615e-04,
       5.1284674356775366e-04 ]
P2: !!opencv-matrix
   rows: 3
   cols: 4
   dt: f
   data: [ 3.61193970e+02, 0., 3.82962891e+02, -6.66436406e+04, 0.,
       3.61193970e+02, 2.32164505e+02, 0., 0., 0., 1., 0. ]
R2: !!opencv-matrix
   rows: 3
   cols: 3
   dt: f
   data: [ 9.98198271e-01, -5.98649010e-02, -4.04901197e-03,
       5.98458499e-02, 9.98196721e-01, -4.67284955e-03, 4.32144990e-03,
       4.42211377e-03, 9.99980867e-01 ]
