%YAML:1.0
---
Q: !!opencv-matrix
   rows: 4
   cols: 4
   dt: f
   data: [ 1., 0., 0., -3.83253876e+02, 0., 1., 0., -2.32334579e+02, 0.,
       0., 0., 3.66913086e+02, 0., 0., 5.44694113e-03, 0. ]
R: !!opencv-matrix
   rows: 3
   cols: 3
   dt: d
   data: [ 9.9985584773561198e-01, 9.8188392942707252e-03,
       -3.1457828433179729e-03, -9.6815523043638652e-03,
       9.9981325581519398e-01, 9.2332182910055995e-03,
       3.2429865566411401e-03, -9.2031623238823888e-03,
       9.9986448971218744e-01 ]
T: !!opencv-matrix
   rows: 3
   cols: 1
   dt: d
   data: [ -1.8295030386569971e+02, 1.6054839083682346e+01,
       7.4166192986779955e-01 ]
E: !!opencv-matrix
   rows: 0
   cols: 0
   dt: u
   data: []
F: !!opencv-matrix
   rows: 0
   cols: 0
   dt: u
   data: []
K1: !!opencv-matrix
   rows: 3
   cols: 3
   dt: d
   data: [ 3.6627756984521932e+02, 0., 3.8060969928433269e+02, 0.,
       3.6653175179255015e+02, 2.3878059668569790e+02, 0., 0., 1. ]
D1: !!opencv-matrix
   rows: 5
   cols: 1
   dt: d
   data: [ -2.1859934914563901e-02, -9.9468572971318997e-04,
       1.6448003429794193e-03, -3.1164985765511365e-04,
       3.5195408316194161e-04 ]
P1: !!opencv-matrix
   rows: 3
   cols: 4
   dt: f
   data: [ 3.66913086e+02, 0., 3.83253876e+02, 0., 0., 3.66913086e+02,
       2.32334579e+02, 0., 0., 0., 1., 0. ]
R1: !!opencv-matrix
   rows: 3
   cols: 3
   dt: f
   data: [ 9.96948779e-01, -7.76495263e-02, -7.98112527e-03,
       7.76848719e-02, 9.96969044e-01, 4.21799067e-03, 7.62940990e-03,
       -4.82513336e-03, 9.99959230e-01 ]
K2: !!opencv-matrix
   rows: 3
   cols: 3
   dt: d
   data: [ 3.6687495098581172e+02, 0., 3.7621769200552956e+02, 0.,
       3.6726361788508825e+02, 2.2399932895774910e+02, 0., 0., 1. ]
D2: !!opencv-matrix
   rows: 5
   cols: 1
   dt: d
   data: [ -2.2201337830972428e-02, -1.1445843221826492e-03,
       2.9199201696882579e-04, -7.1705872414221615e-04,
       5.1284674356775366e-04 ]
P2: !!opencv-matrix
   rows: 3
   cols: 4
   dt: f
   data: [ 3.66913086e+02, 0., 3.83253876e+02, -6.73613125e+04, 0.,
       3.66913086e+02, 2.32334579e+02, 0., 0., 0., 1., 0. ]
R2: !!opencv-matrix
   rows: 3
   cols: 3
   dt: f
   data: [ 9.96163487e-01, -8.74185190e-02, -4.03834460e-03,
       8.73993337e-02, 9.96162236e-01, -4.70617507e-03, 4.43425309e-03,
       4.33517108e-03, 9.99980748e-01 ]
