%YAML:1.0
---
Q: !!opencv-matrix
   rows: 4
   cols: 4
   dt: f
   data: [ 1., 0., 0., -3.82661743e+02, 0., 1., 0., -2.32002716e+02, 0.,
       0., 0., 3.57407043e+02, 0., 0., 5.40030282e-03, 0. ]
R: !!opencv-matrix
   rows: 3
   cols: 3
   dt: d
   data: [ 9.9967271797437585e-01, 9.7560278646453384e-03,
       -3.1478544495024611e-03, -9.6807513652007685e-03,
       9.9960625973775763e-01, 9.2317534484829405e-03,
       3.2425585618548023e-03, -9.2013009687349837e-03,
       9.9964945658851390e-01 ]
T: !!opencv-matrix
   rows: 3
   cols: 1
   dt: d
   data: [ -1.8507701548387092e+02, 5.9580666767533890e+00,
       7.5069441446223084e-01 ]
E: !!opencv-matrix
   rows: 0
   cols: 0
   dt: u
   data: []
F: !!opencv-matrix
   rows: 0
   cols: 0
   dt: u
   data: []
K1: !!opencv-matrix
   rows: 3
   cols: 3
   dt: d
   data: [ 3.6627756984521932e+02, 0., 3.8060969928433269e+02, 0.,
       3.6653175179255015e+02, 2.3878059668569790e+02, 0., 0., 1. ]
D1: !!opencv-matrix
   rows: 5
   cols: 1
   dt: d
   data: [ -2.1859934914563901e-02, -9.9468572971318997e-04,
       1.6448003429794193e-03, -3.1164985765511365e-04,
       3.5195408316194161e-04 ]
P1: !!opencv-matrix
   rows: 3
   cols: 4
   dt: f
   data: [ 3.57407043e+02, 0., 3.82661743e+02, 0., 0., 3.57407043e+02,
       2.32002716e+02, 0., 0., 0., 1., 0. ]
R1: !!opencv-matrix
   rows: 3
   cols: 3
   dt: f
   data: [ 9.99720871e-01, -2.24043950e-02, -7.50066480e-03,
       2.24384684e-02, 9.99738157e-01, 4.48963651e-03, 7.39811314e-03,
       -4.65668691e-03, 9.99961793e-01 ]
K2: !!opencv-matrix
   rows: 3
   cols: 3
   dt: d
   data: [ 3.6687495098581172e+02, 0., 3.7621769200552956e+02, 0.,
       3.6726361788508825e+02, 2.2399932895774910e+02, 0., 0., 1. ]
D2: !!opencv-matrix
   rows: 5
   cols: 1
   dt: d
   data: [ -2.2201337830972428e-02, -1.1445843221826492e-03,
       2.9199201696882579e-04, -7.1705872414221615e-04,
       5.1284674356775366e-04 ]
P2: !!opencv-matrix
   rows: 3
   cols: 4
   dt: f
   data: [ 3.57407043e+02, 0., 3.82661743e+02, -6.61827813e+04, 0.,
       3.57407043e+02, 2.32002716e+02, 0., 0., 0., 1., 0. ]
R2: !!opencv-matrix
   rows: 3
   cols: 3
   dt: f
   data: [ 9.99473989e-01, -3.21754329e-02, -4.05398570e-03,
       3.21565531e-02, 9.99472082e-01, -4.63928049e-03, 4.20111604e-03,
       4.50647809e-03, 9.99981046e-01 ]
