%YAML:1.0
---
Q: !!opencv-matrix
   rows: 4
   cols: 4
   dt: f
   data: [ 1., 0., 0., -3.82664581e+02, 0., 1., 0., -2.32002853e+02, 0.,
       0., 0., 3.57401337e+02, 0., 0., 5.40106138e-03, 0. ]
R: !!opencv-matrix
   rows: 3
   cols: 3
   dt: d
   data: [ 9.9954242932449222e-01, 9.7330536221064273e-03,
       -3.1522095310329099e-03, -9.6754640202696505e-03,
       9.9965557398935445e-01, 9.2323372611177179e-03,
       3.2434412255333009e-03, -9.2016524229424357e-03,
       9.9969803664971213e-01 ]
T: !!opencv-matrix
   rows: 3
   cols: 1
   dt: d
   data: [ -1.8507937936638189e+02, 5.9581424879979998e+00,
       7.5069790951231274e-01 ]
E: !!opencv-matrix
   rows: 0
   cols: 0
   dt: u
   data: []
F: !!opencv-matrix
   rows: 0
   cols: 0
   dt: u
   data: []
K1: !!opencv-matrix
   rows: 3
   cols: 3
   dt: d
   data: [ 3.6627756984521932e+02, 0., 3.8060969928433269e+02, 0.,
       3.6653175179255015e+02, 2.3878059668569790e+02, 0., 0., 1. ]
D1: !!opencv-matrix
   rows: 5
   cols: 1
   dt: d
   data: [ -2.1859934914563901e-02, -9.9468572971318997e-04,
       1.6448003429794193e-03, -3.1164985765511365e-04,
       3.5195408316194161e-04 ]
P1: !!opencv-matrix
   rows: 3
   cols: 4
   dt: f
   data: [ 3.57401337e+02, 0., 3.82664581e+02, 0., 0., 3.57401337e+02,
       2.32002853e+02, 0., 0., 0., 1., 0. ]
R1: !!opencv-matrix
   rows: 3
   cols: 3
   dt: f
   data: [ 9.99720395e-01, -2.24224012e-02, -7.50815775e-03,
       2.24565081e-02, 9.99737740e-01, 4.48949449e-03, 7.40552321e-03,
       -4.65684617e-03, 9.99961734e-01 ]
K2: !!opencv-matrix
   rows: 3
   cols: 3
   dt: d
   data: [ 3.6687495098581172e+02, 0., 3.7621769200552956e+02, 0.,
       3.6726361788508825e+02, 2.2399932895774910e+02, 0., 0., 1. ]
D2: !!opencv-matrix
   rows: 5
   cols: 1
   dt: d
   data: [ -2.2201337830972428e-02, -1.1445843221826492e-03,
       2.9199201696882579e-04, -7.1705872414221615e-04,
       5.1284674356775366e-04 ]
P2: !!opencv-matrix
   rows: 3
   cols: 4
   dt: f
   data: [ 3.57401337e+02, 0., 3.82664581e+02, -6.61724219e+04, 0.,
       3.57401337e+02, 2.32002853e+02, 0., 0., 0., 1., 0. ]
R2: !!opencv-matrix
   rows: 3
   cols: 3
   dt: f
   data: [ 9.99473989e-01, -3.21754217e-02, -4.05380921e-03,
       3.21565419e-02, 9.99472082e-01, -4.63928701e-03, 4.20094002e-03,
       4.50649019e-03, 9.99981046e-01 ]
