%YAML:1.0
---
Q: !!opencv-matrix
   rows: 4
   cols: 4
   dt: f
   data: [ 1., 0., 0., -3.82962677e+02, 0., 1., 0., -2.32164490e+02, 0.,
       0., 0., 3.61194122e+02, 0., 0., 5.41675789e-03, 0. ]
R: !!opencv-matrix
   rows: 3
   cols: 3
   dt: d
   data: [ 9.9964495733290026e-01, 9.8315255021957926e-03,
       -3.0385346636953867e-03, -9.6567823295956746e-03,
       9.9989243173444819e-01, 9.2245260946026281e-03,
       3.2444274862523151e-03, -9.2039465574117602e-03,
       9.9994428761745757e-01 ]
T: !!opencv-matrix
   rows: 3
   cols: 1
   dt: d
   data: [ -1.8298794060451797e+02, 1.6058138977675590e+01,
       7.4177559201879095e-01 ]
E: !!opencv-matrix
   rows: 0
   cols: 0
   dt: u
   data: []
F: !!opencv-matrix
   rows: 0
   cols: 0
   dt: u
   data: []
K1: !!opencv-matrix
   rows: 3
   cols: 3
   dt: d
   data: [ 3.6627756984521932e+02, 0., 3.8060969928433269e+02, 0.,
       3.6653175179255015e+02, 2.3878059668569790e+02, 0., 0., 1. ]
D1: !!opencv-matrix
   rows: 5
   cols: 1
   dt: d
   data: [ -2.1859934914563901e-02, -9.9468572971318997e-04,
       1.6448003429794193e-03, -3.1164985765511365e-04,
       3.5195408316194161e-04 ]
P1: !!opencv-matrix
   rows: 3
   cols: 4
   dt: f
   data: [ 3.61194122e+02, 0., 3.82962677e+02, 0., 0., 3.61194122e+02,
       2.32164490e+02, 0., 0., 0., 1., 0. ]
R1: !!opencv-matrix
   rows: 3
   cols: 3
   dt: f
   data: [ 9.98714805e-01, -5.00877909e-02, -7.74533721e-03,
       5.01225218e-02, 9.98733580e-01, 4.35675494e-03, 7.51730800e-03,
       -4.73937159e-03, 9.99960542e-01 ]
K2: !!opencv-matrix
   rows: 3
   cols: 3
   dt: d
   data: [ 3.6687495098581172e+02, 0., 3.7621769200552956e+02, 0.,
       3.6726361788508825e+02, 2.2399932895774910e+02, 0., 0., 1. ]
D2: !!opencv-matrix
   rows: 5
   cols: 1
   dt: d
   data: [ -2.2201337830972428e-02, -1.1445843221826492e-03,
       2.9199201696882579e-04, -7.1705872414221615e-04,
       5.1284674356775366e-04 ]
P2: !!opencv-matrix
   rows: 3
   cols: 4
   dt: f
   data: [ 3.61194122e+02, 0., 3.82962677e+02, -6.66808672e+04, 0.,
       3.61194122e+02, 2.32164490e+02, 0., 0., 0., 1., 0. ]
R2: !!opencv-matrix
   rows: 3
   cols: 3
   dt: f
   data: [ 9.98198271e-01, -5.98649010e-02, -4.04901383e-03,
       5.98458499e-02, 9.98196721e-01, -4.67284350e-03, 4.32145176e-03,
       4.42210771e-03, 9.99980867e-01 ]
