%YAML:1.0
---
Q: !!opencv-matrix
   rows: 4
   cols: 4
   dt: f
   data: [ 1., 0., 0., -3.83253967e+02, 0., 1., 0., -2.32334564e+02, 0.,
       0., 0., 3.66914154e+02, 0., 0., 5.44422586e-03, 0. ]
R: !!opencv-matrix
   rows: 3
   cols: 3
   dt: d
   data: [ 9.9985120807502570e-01, 9.8202863903179335e-03,
       -3.1423362817366192e-03, -9.6816734318557300e-03,
       9.9980635673655982e-01, 9.2328552160280981e-03,
       3.2429559127056919e-03, -9.2031061646435583e-03,
       9.9985770914836303e-01 ]
T: !!opencv-matrix
   rows: 3
   cols: 1
   dt: d
   data: [ -1.8300089724663013e+02, 1.6059278931923782e+01,
       7.4186734778319052e-01 ]
E: !!opencv-matrix
   rows: 0
   cols: 0
   dt: u
   data: []
F: !!opencv-matrix
   rows: 0
   cols: 0
   dt: u
   data: []
K1: !!opencv-matrix
   rows: 3
   cols: 3
   dt: d
   data: [ 3.6627756984521932e+02, 0., 3.8060969928433269e+02, 0.,
       3.6653175179255015e+02, 2.3878059668569790e+02, 0., 0., 1. ]
D1: !!opencv-matrix
   rows: 5
   cols: 1
   dt: d
   data: [ -2.1859934914563901e-02, -9.9468572971318997e-04,
       1.6448003429794193e-03, -3.1164985765511365e-04,
       3.5195408316194161e-04 ]
P1: !!opencv-matrix
   rows: 3
   cols: 4
   dt: f
   data: [ 3.66914154e+02, 0., 3.83253967e+02, 0., 0., 3.66914154e+02,
       2.32334564e+02, 0., 0., 0., 1., 0. ]
R1: !!opencv-matrix
   rows: 3
   cols: 3
   dt: f
   data: [ 9.96949196e-01, -7.76441321e-02, -7.98133761e-03,
       7.76794776e-02, 9.96969461e-01, 4.21801908e-03, 7.62964552e-03,
       -4.82513662e-03, 9.99959230e-01 ]
K2: !!opencv-matrix
   rows: 3
   cols: 3
   dt: d
   data: [ 3.6687495098581172e+02, 0., 3.7621769200552956e+02, 0.,
       3.6726361788508825e+02, 2.2399932895774910e+02, 0., 0., 1. ]
D2: !!opencv-matrix
   rows: 5
   cols: 1
   dt: d
   data: [ -2.2201337830972428e-02, -1.1445843221826492e-03,
       2.9199201696882579e-04, -7.1705872414221615e-04,
       5.1284674356775366e-04 ]
P2: !!opencv-matrix
   rows: 3
   cols: 4
   dt: f
   data: [ 3.66914154e+02, 0., 3.83253967e+02, -6.73951016e+04, 0.,
       3.66914154e+02, 2.32334564e+02, 0., 0., 0., 1., 0. ]
R2: !!opencv-matrix
   rows: 3
   cols: 3
   dt: f
   data: [ 9.96163487e-01, -8.74185190e-02, -4.03834740e-03,
       8.73993337e-02, 9.96162236e-01, -4.70619043e-03, 4.43425728e-03,
       4.33518598e-03, 9.99980748e-01 ]
