%YAML:1.0
---
Q: !!opencv-matrix
   rows: 4
   cols: 4
   dt: f
   data: [ 1., 0., 0., -3.82372620e+02, 0., 1., 0., -2.31849442e+02, 0.,
       0., 0., 3.58585266e+02, 0., 0., 5.40029537e-03, 0. ]
R: !!opencv-matrix
   rows: 3
   cols: 3
   dt: d
   data: [ 9.9979384595078846e-01, 9.7473057776017967e-03,
       -3.1960897621219927e-03, -9.6802821837501159e-03,
       9.9956425621882017e-01, 9.2316790364421475e-03,
       3.2414107610688097e-03, -9.2003442695914751e-03,
       9.9960666534189635e-01 ]
T: !!opencv-matrix
   rows: 3
   cols: 1
   dt: d
   data: [ -1.8506901563668703e+02, 8.1647159507809997e-01,
       7.4939883572578259e-01 ]
E: !!opencv-matrix
   rows: 0
   cols: 0
   dt: u
   data: []
F: !!opencv-matrix
   rows: 0
   cols: 0
   dt: u
   data: []
K1: !!opencv-matrix
   rows: 3
   cols: 3
   dt: d
   data: [ 3.6627756984521932e+02, 0., 3.8060969928433269e+02, 0.,
       3.6653175179255015e+02, 2.3878059668569790e+02, 0., 0., 1. ]
D1: !!opencv-matrix
   rows: 5
   cols: 1
   dt: d
   data: [ -2.1859934914563901e-02, -9.9468572971318997e-04,
       1.6448003429794193e-03, -3.1164985765511365e-04,
       3.5195408316194161e-04 ]
P1: !!opencv-matrix
   rows: 3
   cols: 4
   dt: f
   data: [ 3.58585266e+02, 0., 3.82372620e+02, 0., 0., 3.58585266e+02,
       2.31849442e+02, 0., 0., 0., 1., 0. ]
R1: !!opencv-matrix
   rows: 3
   cols: 3
   dt: f
   data: [ 9.99958575e-01, 5.43290051e-03, -7.30487285e-03,
       -5.39926672e-03, 9.99974787e-01, 4.61612828e-03, 7.32976757e-03,
       -4.57649631e-03, 9.99962687e-01 ]
K2: !!opencv-matrix
   rows: 3
   cols: 3
   dt: d
   data: [ 3.6687495098581172e+02, 0., 3.7621769200552956e+02, 0.,
       3.6726361788508825e+02, 2.2399932895774910e+02, 0., 0., 1. ]
D2: !!opencv-matrix
   rows: 5
   cols: 1
   dt: d
   data: [ -2.2201337830972428e-02, -1.1445843221826492e-03,
       2.9199201696882579e-04, -7.1705872414221615e-04,
       5.1284674356775366e-04 ]
P2: !!opencv-matrix
   rows: 3
   cols: 4
   dt: f
   data: [ 3.58585266e+02, 0., 3.82372620e+02, -6.64010547e+04, 0.,
       3.58585266e+02, 2.31849442e+02, 0., 0., 0., 1., 0. ]
R2: !!opencv-matrix
   rows: 3
   cols: 3
   dt: f
   data: [ 9.99982059e-01, -4.41163266e-03, -4.04916285e-03,
       4.39297454e-03, 9.99979734e-01, -4.60527465e-03, 4.06939769e-03,
       4.58740396e-03, 9.99981225e-01 ]
