%YAML:1.0
---
Q: !!opencv-matrix
   rows: 4
   cols: 4
   dt: f
   data: [ 1., 0., 0., -3.82661743e+02, 0., 1., 0., -2.32002747e+02, 0.,
       0., 0., 3.57405334e+02, 0., 0., 5.40001690e-03, 0. ]
R: !!opencv-matrix
   rows: 3
   cols: 3
   dt: d
   data: [ 9.9964058632468300e-01, 9.7498210234695046e-03,
       -3.1470345258726761e-03, -9.6794616720968316e-03,
       9.9961780506103970e-01, 9.2318306734872797e-03,
       3.2427715928576716e-03, -9.2013795913759404e-03,
       9.9966079604802105e-01 ]
T: !!opencv-matrix
   rows: 3
   cols: 1
   dt: d
   data: [ -1.8508228650418678e+02, 5.9582362708469248e+00,
       7.5071380880806871e-01 ]
E: !!opencv-matrix
   rows: 0
   cols: 0
   dt: u
   data: []
F: !!opencv-matrix
   rows: 0
   cols: 0
   dt: u
   data: []
K1: !!opencv-matrix
   rows: 3
   cols: 3
   dt: d
   data: [ 3.6627756984521932e+02, 0., 3.8060969928433269e+02, 0.,
       3.6653175179255015e+02, 2.3878059668569790e+02, 0., 0., 1. ]
D1: !!opencv-matrix
   rows: 5
   cols: 1
   dt: d
   data: [ -2.1859934914563901e-02, -9.9468572971318997e-04,
       1.6448003429794193e-03, -3.1164985765511365e-04,
       3.5195408316194161e-04 ]
P1: !!opencv-matrix
   rows: 3
   cols: 4
   dt: f
   data: [ 3.57405334e+02, 0., 3.82661743e+02, 0., 0., 3.57405334e+02,
       2.32002747e+02, 0., 0., 0., 1., 0. ]
R1: !!opencv-matrix
   rows: 3
   cols: 3
   dt: f
   data: [ 9.99720693e-01, -2.24115234e-02, -7.50065595e-03,
       2.24455949e-02, 9.99737978e-01, 4.48959693e-03, 7.39807170e-03,
       -4.65669949e-03, 9.99961793e-01 ]
K2: !!opencv-matrix
   rows: 3
   cols: 3
   dt: d
   data: [ 3.6687495098581172e+02, 0., 3.7621769200552956e+02, 0.,
       3.6726361788508825e+02, 2.2399932895774910e+02, 0., 0., 1. ]
D2: !!opencv-matrix
   rows: 5
   cols: 1
   dt: d
   data: [ -2.2201337830972428e-02, -1.1445843221826492e-03,
       2.9199201696882579e-04, -7.1705872414221615e-04,
       5.1284674356775366e-04 ]
P2: !!opencv-matrix
   rows: 3
   cols: 4
   dt: f
   data: [ 3.57405334e+02, 0., 3.82661743e+02, -6.61859609e+04, 0.,
       3.57405334e+02, 2.32002747e+02, 0., 0., 0., 1., 0. ]
R2: !!opencv-matrix
   rows: 3
   cols: 3
   dt: f
   data: [ 9.99473989e-01, -3.21754292e-02, -4.05396661e-03,
       3.21565494e-02, 9.99472082e-01, -4.63926699e-03, 4.20109648e-03,
       4.50646505e-03, 9.99981046e-01 ]
