%YAML:1.0
---
Q: !!opencv-matrix
   rows: 4
   cols: 4
   dt: f
   data: [ 1., 0., 0., -3.82349701e+02, 0., 1., 0., -2.31849915e+02, 0.,
       0., 0., 3.58599152e+02, 0., 0., 5.40352101e-03, 0. ]
R: !!opencv-matrix
   rows: 3
   cols: 3
   dt: d
   data: [ 9.9968948702201332e-01, 9.7217354503768283e-03,
       -3.1549896435088235e-03, -9.6800540407004938e-03,
       9.9960843126379961e-01, 9.2319041141190866e-03,
       3.2421556187626631e-03, -9.2006444369136173e-03,
       9.9965056280508779e-01 ]
T: !!opencv-matrix
   rows: 3
   cols: 1
   dt: d
   data: [ -1.8505708990426967e+02, 8.1641856467246021e-01,
       7.4934116288870578e-01 ]
E: !!opencv-matrix
   rows: 0
   cols: 0
   dt: u
   data: []
F: !!opencv-matrix
   rows: 0
   cols: 0
   dt: u
   data: []
K1: !!opencv-matrix
   rows: 3
   cols: 3
   dt: d
   data: [ 3.6627756984521932e+02, 0., 3.8060969928433269e+02, 0.,
       3.6653175179255015e+02, 2.3878059668569790e+02, 0., 0., 1. ]
D1: !!opencv-matrix
   rows: 5
   cols: 1
   dt: d
   data: [ -2.1859934914563901e-02, -9.9468572971318997e-04,
       1.6448003429794193e-03, -3.1164985765511365e-04,
       3.5195408316194161e-04 ]
P1: !!opencv-matrix
   rows: 3
   cols: 4
   dt: f
   data: [ 3.58599152e+02, 0., 3.82349701e+02, 0., 0., 3.58599152e+02,
       2.31849915e+02, 0., 0., 0., 1., 0. ]
R1: !!opencv-matrix
   rows: 3
   cols: 3
   dt: f
   data: [ 9.99959469e-01, 5.34333708e-03, -7.24642631e-03,
       -5.30997338e-03, 9.99975264e-01, 4.61556250e-03, 7.27090938e-03,
       -4.57689678e-03, 9.99963105e-01 ]
K2: !!opencv-matrix
   rows: 3
   cols: 3
   dt: d
   data: [ 3.6687495098581172e+02, 0., 3.7621769200552956e+02, 0.,
       3.6726361788508825e+02, 2.2399932895774910e+02, 0., 0., 1. ]
D2: !!opencv-matrix
   rows: 5
   cols: 1
   dt: d
   data: [ -2.2201337830972428e-02, -1.1445843221826492e-03,
       2.9199201696882579e-04, -7.1705872414221615e-04,
       5.1284674356775366e-04 ]
P2: !!opencv-matrix
   rows: 3
   cols: 4
   dt: f
   data: [ 3.58599152e+02, 0., 3.82349701e+02, -6.63639766e+04, 0.,
       3.58599152e+02, 2.31849915e+02, 0., 0., 0., 1., 0. ]
R2: !!opencv-matrix
   rows: 3
   cols: 3
   dt: f
   data: [ 9.99982059e-01, -4.41163266e-03, -4.04917216e-03,
       4.39297501e-03, 9.99979734e-01, -4.60519083e-03, 4.06940654e-03,
       4.58732015e-03, 9.99981225e-01 ]
