%YAML:1.0
---
Q: !!opencv-matrix
   rows: 4
   cols: 4
   dt: f
   data: [ 1., 0., 0., -3.82661621e+02, 0., 1., 0., -2.32002731e+02, 0.,
       0., 0., 3.57406219e+02, 0., 0., 5.40016033e-03, 0. ]
R: !!opencv-matrix
   rows: 3
   cols: 3
   dt: d
   data: [ 9.9967282905210830e-01, 9.7564120455461145e-03,
       -3.1470647233619625e-03, -9.6807488599152912e-03,
       9.9960651761143837e-01, 9.2317304959969020e-03,
       3.2425600883636209e-03, -9.2013049833072867e-03,
       9.9964972361668580e-01 ]
T: !!opencv-matrix
   rows: 3
   cols: 1
   dt: d
   data: [ -1.8507546327000782e+02, 5.9580166948241118e+00,
       7.5068784242449915e-01 ]
E: !!opencv-matrix
   rows: 0
   cols: 0
   dt: u
   data: []
F: !!opencv-matrix
   rows: 0
   cols: 0
   dt: u
   data: []
K1: !!opencv-matrix
   rows: 3
   cols: 3
   dt: d
   data: [ 3.6627756984521932e+02, 0., 3.8060969928433269e+02, 0.,
       3.6653175179255015e+02, 2.3878059668569790e+02, 0., 0., 1. ]
D1: !!opencv-matrix
   rows: 5
   cols: 1
   dt: d
   data: [ -2.1859934914563901e-02, -9.9468572971318997e-04,
       1.6448003429794193e-03, -3.1164985765511365e-04,
       3.5195408316194161e-04 ]
P1: !!opencv-matrix
   rows: 3
   cols: 4
   dt: f
   data: [ 3.57406219e+02, 0., 3.82661621e+02, 0., 0., 3.57406219e+02,
       2.32002731e+02, 0., 0., 0., 1., 0. ]
R1: !!opencv-matrix
   rows: 3
   cols: 3
   dt: f
   data: [ 9.99720752e-01, -2.24080496e-02, -7.50041613e-03,
       2.24421211e-02, 9.99738038e-01, 4.48961742e-03, 7.39784818e-03,
       -4.65668924e-03, 9.99961793e-01 ]
K2: !!opencv-matrix
   rows: 3
   cols: 3
   dt: d
   data: [ 3.6687495098581172e+02, 0., 3.7621769200552956e+02, 0.,
       3.6726361788508825e+02, 2.2399932895774910e+02, 0., 0., 1. ]
D2: !!opencv-matrix
   rows: 5
   cols: 1
   dt: d
   data: [ -2.2201337830972428e-02, -1.1445843221826492e-03,
       2.9199201696882579e-04, -7.1705872414221615e-04,
       5.1284674356775366e-04 ]
P2: !!opencv-matrix
   rows: 3
   cols: 4
   dt: f
   data: [ 3.57406219e+02, 0., 3.82661621e+02, -6.61843672e+04, 0.,
       3.57406219e+02, 2.32002731e+02, 0., 0., 0., 1., 0. ]
R2: !!opencv-matrix
   rows: 3
   cols: 3
   dt: f
   data: [ 9.99473989e-01, -3.21754292e-02, -4.05397499e-03,
       3.21565494e-02, 9.99472082e-01, -4.63927211e-03, 4.20110533e-03,
       4.50647017e-03, 9.99981046e-01 ]
