%YAML:1.0
---
Q: !!opencv-matrix
   rows: 4
   cols: 4
   dt: f
   data: [ 1., 0., 0., -3.82356812e+02, 0., 1., 0., -2.31849823e+02, 0.,
       0., 0., 3.58598724e+02, 0., 0., 5.40329283e-03, 0. ]
R: !!opencv-matrix
   rows: 3
   cols: 3
   dt: d
   data: [ 9.9969066652604244e-01, 9.7170704461709036e-03,
       -3.1668344250788865e-03, -9.6800580718088263e-03,
       9.9960822974062824e-01, 9.2319543039186373e-03,
       3.2421492151562151e-03, -9.2006236377439720e-03,
       9.9965038825388852e-01 ]
T: !!opencv-matrix
   rows: 3
   cols: 1
   dt: d
   data: [ -1.8505217018857584e+02, 8.1639693301926042e-01,
       7.4932294245847730e-01 ]
E: !!opencv-matrix
   rows: 0
   cols: 0
   dt: u
   data: []
F: !!opencv-matrix
   rows: 0
   cols: 0
   dt: u
   data: []
K1: !!opencv-matrix
   rows: 3
   cols: 3
   dt: d
   data: [ 3.6627756984521932e+02, 0., 3.8060969928433269e+02, 0.,
       3.6653175179255015e+02, 2.3878059668569790e+02, 0., 0., 1. ]
D1: !!opencv-matrix
   rows: 5
   cols: 1
   dt: d
   data: [ -2.1859934914563901e-02, -9.9468572971318997e-04,
       1.6448003429794193e-03, -3.1164985765511365e-04,
       3.5195408316194161e-04 ]
P1: !!opencv-matrix
   rows: 3
   cols: 4
   dt: f
   data: [ 3.58598724e+02, 0., 3.82356812e+02, 0., 0., 3.58598724e+02,
       2.31849823e+02, 0., 0., 0., 1., 0. ]
R1: !!opencv-matrix
   rows: 3
   cols: 3
   dt: f
   data: [ 9.99959290e-01, 5.35681518e-03, -7.26456288e-03,
       -5.32336859e-03, 9.99975204e-01, 4.61565936e-03, 7.28910789e-03,
       -4.57679946e-03, 9.99962986e-01 ]
K2: !!opencv-matrix
   rows: 3
   cols: 3
   dt: d
   data: [ 3.6687495098581172e+02, 0., 3.7621769200552956e+02, 0.,
       3.6726361788508825e+02, 2.2399932895774910e+02, 0., 0., 1. ]
D2: !!opencv-matrix
   rows: 5
   cols: 1
   dt: d
   data: [ -2.2201337830972428e-02, -1.1445843221826492e-03,
       2.9199201696882579e-04, -7.1705872414221615e-04,
       5.1284674356775366e-04 ]
P2: !!opencv-matrix
   rows: 3
   cols: 4
   dt: f
   data: [ 3.58598724e+02, 0., 3.82356812e+02, -6.63667031e+04, 0.,
       3.58598724e+02, 2.31849823e+02, 0., 0., 0., 1., 0. ]
R2: !!opencv-matrix
   rows: 3
   cols: 3
   dt: f
   data: [ 9.99982059e-01, -4.41163499e-03, -4.04922152e-03,
       4.39297687e-03, 9.99979734e-01, -4.60519083e-03, 4.06945590e-03,
       4.58732015e-03, 9.99981225e-01 ]
