%YAML:1.0
---
Q: !!opencv-matrix
   rows: 4
   cols: 4
   dt: f
   data: [ 1., 0., 0., -3.82645935e+02, 0., 1., 0., -2.31851990e+02, 0.,
       0., 0., 3.58698212e+02, 0., 0., 5.53684542e-03, 0. ]
R: !!opencv-matrix
   rows: 3
   cols: 3
   dt: d
   data: [ 9.9991797524351733e-01, 9.7288783049446111e-03,
       -3.1404581660627404e-03, -9.6822956490425615e-03,
       9.9984366767817401e-01, 9.2339960943468163e-03,
       3.2427951909107001e-03, -9.2030764148902985e-03,
       9.9988537125666632e-01 ]
T: !!opencv-matrix
   rows: 3
   cols: 1
   dt: d
   data: [ -1.8062524895812888e+02, 8.6931916628949402e-01,
       7.9961077562588412e-01 ]
E: !!opencv-matrix
   rows: 0
   cols: 0
   dt: u
   data: []
F: !!opencv-matrix
   rows: 0
   cols: 0
   dt: u
   data: []
K1: !!opencv-matrix
   rows: 3
   cols: 3
   dt: d
   data: [ 3.6627756984521932e+02, 0., 3.8060969928433269e+02, 0.,
       3.6653175179255015e+02, 2.3878059668569790e+02, 0., 0., 1. ]
D1: !!opencv-matrix
   rows: 5
   cols: 1
   dt: d
   data: [ -2.1859934914563901e-02, -9.9468572971318997e-04,
       1.6448003429794193e-03, -3.1164985765511365e-04,
       3.5195408316194161e-04 ]
P1: !!opencv-matrix
   rows: 3
   cols: 4
   dt: f
   data: [ 3.58698212e+02, 0., 3.82645935e+02, 0., 0., 3.58698212e+02,
       2.31851990e+02, 0., 0., 0., 1., 0. ]
R1: !!opencv-matrix
   rows: 3
   cols: 3
   dt: f
   data: [ 9.99958754e-01, 4.94901743e-03, -7.61926081e-03,
       -4.91395360e-03, 9.99977291e-01, 4.61387914e-03, 7.64192175e-03,
       -4.57624765e-03, 9.99960303e-01 ]
K2: !!opencv-matrix
   rows: 3
   cols: 3
   dt: d
   data: [ 3.6687495098581172e+02, 0., 3.7621769200552956e+02, 0.,
       3.6726361788508825e+02, 2.2399932895774910e+02, 0., 0., 1. ]
D2: !!opencv-matrix
   rows: 5
   cols: 1
   dt: d
   data: [ -2.2201337830972428e-02, -1.1445843221826492e-03,
       2.9199201696882579e-04, -7.1705872414221615e-04,
       5.1284674356775366e-04 ]
P2: !!opencv-matrix
   rows: 3
   cols: 4
   dt: f
   data: [ 3.58698212e+02, 0., 3.82645935e+02, -6.47838594e+04, 0.,
       3.58698212e+02, 2.31851990e+02, 0., 0., 0., 1., 0. ]
R2: !!opencv-matrix
   rows: 3
   cols: 3
   dt: f
   data: [ 9.99978602e-01, -4.81273048e-03, -4.42681508e-03,
       4.79233777e-03, 9.99977887e-01, -4.60574264e-03, 4.44888370e-03,
       4.58442979e-03, 9.99979615e-01 ]
