%YAML:1.0
---
Q: !!opencv-matrix
   rows: 4
   cols: 4
   dt: f
   data: [ 1., 0., 0., -3.82444214e+02, 0., 1., 0., -2.31850540e+02, 0.,
       0., 0., 3.58668518e+02, 0., 0., 5.55379456e-03, 0. ]
R: !!opencv-matrix
   rows: 3
   cols: 3
   dt: d
   data: [ 9.9996477000183026e-01, 9.7300738266188243e-03,
       -3.1429723330164746e-03, -9.6827472550288559e-03,
       9.9988986967712012e-01, 9.2344418451379973e-03,
       3.2429033529801509e-03, -9.2036849422162826e-03,
       9.9993167360007329e-01 ]
T: !!opencv-matrix
   rows: 3
   cols: 1
   dt: d
   data: [ -1.8010293494929195e+02, 8.1722597822712117e-01,
       7.5152875087944349e-01 ]
E: !!opencv-matrix
   rows: 0
   cols: 0
   dt: u
   data: []
F: !!opencv-matrix
   rows: 0
   cols: 0
   dt: u
   data: []
K1: !!opencv-matrix
   rows: 3
   cols: 3
   dt: d
   data: [ 3.6627756984521932e+02, 0., 3.8060969928433269e+02, 0.,
       3.6653175179255015e+02, 2.3878059668569790e+02, 0., 0., 1. ]
D1: !!opencv-matrix
   rows: 5
   cols: 1
   dt: d
   data: [ -2.1859934914563901e-02, -9.9468572971318997e-04,
       1.6448003429794193e-03, -3.1164985765511365e-04,
       3.5195408316194161e-04 ]
P1: !!opencv-matrix
   rows: 3
   cols: 4
   dt: f
   data: [ 3.58668518e+02, 0., 3.82444214e+02, 0., 0., 3.58668518e+02,
       2.31850540e+02, 0., 0., 0., 1., 0. ]
R1: !!opencv-matrix
   rows: 3
   cols: 3
   dt: f
   data: [ 9.99959230e-01, 5.22278203e-03, -7.36237736e-03,
       -5.18888887e-03, 9.99975860e-01, 4.61514806e-03, 7.38630397e-03,
       -4.57675755e-03, 9.99962270e-01 ]
K2: !!opencv-matrix
   rows: 3
   cols: 3
   dt: d
   data: [ 3.6687495098581172e+02, 0., 3.7621769200552956e+02, 0.,
       3.6726361788508825e+02, 2.2399932895774910e+02, 0., 0., 1. ]
D2: !!opencv-matrix
   rows: 5
   cols: 1
   dt: d
   data: [ -2.2201337830972428e-02, -1.1445843221826492e-03,
       2.9199201696882579e-04, -7.1705872414221615e-04,
       5.1284674356775366e-04 ]
P2: !!opencv-matrix
   rows: 3
   cols: 4
   dt: f
   data: [ 3.58668518e+02, 0., 3.82444214e+02, -6.45808047e+04, 0.,
       3.58668518e+02, 2.31850540e+02, 0., 0., 0., 1., 0. ]
R2: !!opencv-matrix
   rows: 3
   cols: 3
   dt: f
   data: [ 9.99980986e-01, -4.53746272e-03, -4.17268602e-03,
       4.51823696e-03, 9.99979198e-01, -4.60544787e-03, 4.19349596e-03,
       4.58650710e-03, 9.99980688e-01 ]
