%YAML:1.0
---
Q: !!opencv-matrix
   rows: 4
   cols: 4
   dt: f
   data: [ 1., 0., 0., -3.82645905e+02, 0., 1., 0., -2.31851990e+02, 0.,
       0., 0., 3.58698364e+02, 0., 0., 5.54141402e-03, 0. ]
R: !!opencv-matrix
   rows: 3
   cols: 3
   dt: d
   data: [ 9.9992751247788181e-01, 9.7289522031179868e-03,
       -3.1426997345702186e-03, -9.6823930131001608e-03,
       9.9985423391760564e-01, 9.2341042966862935e-03,
       3.2428340293872674e-03, -9.2031736030415458e-03,
       9.9989594745318955e-01 ]
T: !!opencv-matrix
   rows: 3
   cols: 1
   dt: d
   data: [ -1.8050361259550689e+02, 8.6873378276216606e-01,
       7.9907285757257918e-01 ]
E: !!opencv-matrix
   rows: 0
   cols: 0
   dt: u
   data: []
F: !!opencv-matrix
   rows: 0
   cols: 0
   dt: u
   data: []
K1: !!opencv-matrix
   rows: 3
   cols: 3
   dt: d
   data: [ 3.6627756984521932e+02, 0., 3.8060969928433269e+02, 0.,
       3.6653175179255015e+02, 2.3878059668569790e+02, 0., 0., 1. ]
D1: !!opencv-matrix
   rows: 5
   cols: 1
   dt: d
   data: [ -2.1859934914563901e-02, -9.9468572971318997e-04,
       1.6448003429794193e-03, -3.1164985765511365e-04,
       3.5195408316194161e-04 ]
P1: !!opencv-matrix
   rows: 3
   cols: 4
   dt: f
   data: [ 3.58698364e+02, 0., 3.82645905e+02, 0., 0., 3.58698364e+02,
       2.31851990e+02, 0., 0., 0., 1., 0. ]
R1: !!opencv-matrix
   rows: 3
   cols: 3
   dt: f
   data: [ 9.99958754e-01, 4.94951615e-03, -7.61919236e-03,
       -4.91445232e-03, 9.99977291e-01, 4.61388147e-03, 7.64185563e-03,
       -4.57624719e-03, 9.99960303e-01 ]
K2: !!opencv-matrix
   rows: 3
   cols: 3
   dt: d
   data: [ 3.6687495098581172e+02, 0., 3.7621769200552956e+02, 0.,
       3.6726361788508825e+02, 2.2399932895774910e+02, 0., 0., 1. ]
D2: !!opencv-matrix
   rows: 5
   cols: 1
   dt: d
   data: [ -2.2201337830972428e-02, -1.1445843221826492e-03,
       2.9199201696882579e-04, -7.1705872414221615e-04,
       5.1284674356775366e-04 ]
P2: !!opencv-matrix
   rows: 3
   cols: 4
   dt: f
   data: [ 3.58698364e+02, 0., 3.82645905e+02, -6.47304766e+04, 0.,
       3.58698364e+02, 2.31851990e+02, 0., 0., 0., 1., 0. ]
R2: !!opencv-matrix
   rows: 3
   cols: 3
   dt: f
   data: [ 9.99978602e-01, -4.81272908e-03, -4.42680204e-03,
       4.79233684e-03, 9.99977887e-01, -4.60574403e-03, 4.44887020e-03,
       4.58443072e-03, 9.99979615e-01 ]
