%YAML:1.0
---
Q: !!opencv-matrix
   rows: 4
   cols: 4
   dt: f
   data: [ 1., 0., 0., -4.28086517e+02, 0., 1., 0., -2.33935944e+02, 0.,
       0., 0., 3.72282654e+02, 0., 0., 5.54634305e-03, 0. ]
R: !!opencv-matrix
   rows: 3
   cols: 3
   dt: d
   data: [ 1.0010883112189619e+00, 9.0054889276189251e-03,
       -3.0172869632891768e-03, -9.6735063064666144e-03,
       1.0005744536812111e+00, -4.3215694111346313e-02,
       3.2719974063586108e-03, 4.3242149222633239e-02,
       1.0005393841222618e+00 ]
T: !!opencv-matrix
   rows: 3
   cols: 1
   dt: d
   data: [ -1.7970474097952152e+02, 1.1411697191482171e+01,
       1.1343996837937945e+01 ]
E: !!opencv-matrix
   rows: 0
   cols: 0
   dt: u
   data: []
F: !!opencv-matrix
   rows: 0
   cols: 0
   dt: u
   data: []
K1: !!opencv-matrix
   rows: 3
   cols: 3
   dt: d
   data: [ 3.6627756984521932e+02, 0., 3.8060969928433269e+02, 0.,
       3.6653175179255015e+02, 2.3878059668569790e+02, 0., 0., 1. ]
D1: !!opencv-matrix
   rows: 5
   cols: 1
   dt: d
   data: [ -2.1859934914563901e-02, -9.9468572971318997e-04,
       1.6448003429794193e-03, -3.1164985765511365e-04,
       3.5195408316194161e-04 ]
P1: !!opencv-matrix
   rows: 3
   cols: 4
   dt: f
   data: [ 3.72282654e+02, 0., 4.28086517e+02, 0., 0., 3.72282654e+02,
       2.33935944e+02, 0., 0., 0., 1., 0. ]
R1: !!opencv-matrix
   rows: 3
   cols: 3
   dt: f
   data: [ 9.96375382e-01, -5.67517951e-02, -6.33670315e-02,
       5.53580709e-02, 9.98189032e-01, -2.35391483e-02, 6.45881668e-02,
       1.99459512e-02, 9.97712672e-01 ]
K2: !!opencv-matrix
   rows: 3
   cols: 3
   dt: d
   data: [ 3.6687495098581172e+02, 0., 3.7621769200552956e+02, 0.,
       3.6726361788508825e+02, 2.2399932895774910e+02, 0., 0., 1. ]
D2: !!opencv-matrix
   rows: 5
   cols: 1
   dt: d
   data: [ -2.2201337830972428e-02, -1.1445843221826492e-03,
       2.9199201696882579e-04, -7.1705872414221615e-04,
       5.1284674356775366e-04 ]
P2: !!opencv-matrix
   rows: 3
   cols: 4
   dt: f
   data: [ 3.72282654e+02, 0., 4.28086517e+02, -6.71221797e+04, 0.,
       3.72282654e+02, 2.33935944e+02, 0., 0., 0., 1., 0. ]
R2: !!opencv-matrix
   rows: 3
   cols: 3
   dt: f
   data: [ 9.96015251e-01, -6.32494390e-02, -6.28742129e-02,
       6.46040812e-02, 9.97715533e-01, 1.97489709e-02, 6.14814647e-02,
       -2.37322059e-02, 9.97826040e-01 ]
