%YAML:1.0
---
Q: !!opencv-matrix
   rows: 4
   cols: 4
   dt: f
   data: [ 1., 0., 0., -4.28139557e+02, 0., 1., 0., -2.33935455e+02, 0.,
       0., 0., 3.72284790e+02, 0., 0., 5.54215861e-03, 0. ]
R: !!opencv-matrix
   rows: 3
   cols: 3
   dt: d
   data: [ 1.0012217705329967e+00, 9.2911330615092960e-03,
       -3.3461779218077496e-03, -9.6844004029323482e-03,
       1.0005113803903996e+00, -4.3192860479623611e-02,
       3.2605894796852242e-03, 4.3222151380679252e-02,
       1.0005152472235557e+00 ]
T: !!opencv-matrix
   rows: 3
   cols: 1
   dt: d
   data: [ -1.7973928041081953e+02, 1.1413890530265745e+01,
       1.1346177171113728e+01 ]
E: !!opencv-matrix
   rows: 0
   cols: 0
   dt: u
   data: []
F: !!opencv-matrix
   rows: 0
   cols: 0
   dt: u
   data: []
K1: !!opencv-matrix
   rows: 3
   cols: 3
   dt: d
   data: [ 3.6627756984521932e+02, 0., 3.8060969928433269e+02, 0.,
       3.6653175179255015e+02, 2.3878059668569790e+02, 0., 0., 1. ]
D1: !!opencv-matrix
   rows: 5
   cols: 1
   dt: d
   data: [ -2.1859934914563901e-02, -9.9468572971318997e-04,
       1.6448003429794193e-03, -3.1164985765511365e-04,
       3.5195408316194161e-04 ]
P1: !!opencv-matrix
   rows: 3
   cols: 4
   dt: f
   data: [ 3.72284790e+02, 0., 4.28139557e+02, 0., 0., 3.72284790e+02,
       2.33935455e+02, 0., 0., 0., 1., 0. ]
R1: !!opencv-matrix
   rows: 3
   cols: 3
   dt: f
   data: [ 9.96374667e-01, -5.66144846e-02, -6.35001138e-02,
       5.52181564e-02, 9.98196900e-01, -2.35343203e-02, 6.47180006e-02,
       1.99426431e-02, 9.97704327e-01 ]
K2: !!opencv-matrix
   rows: 3
   cols: 3
   dt: d
   data: [ 3.6687495098581172e+02, 0., 3.7621769200552956e+02, 0.,
       3.6726361788508825e+02, 2.2399932895774910e+02, 0., 0., 1. ]
D2: !!opencv-matrix
   rows: 5
   cols: 1
   dt: d
   data: [ -2.2201337830972428e-02, -1.1445843221826492e-03,
       2.9199201696882579e-04, -7.1705872414221615e-04,
       5.1284674356775366e-04 ]
P2: !!opencv-matrix
   rows: 3
   cols: 4
   dt: f
   data: [ 3.72284790e+02, 0., 4.28139557e+02, -6.71732500e+04, 0.,
       3.72284790e+02, 2.33935455e+02, 0., 0., 0., 1., 0. ]
R2: !!opencv-matrix
   rows: 3
   cols: 3
   dt: f
   data: [ 9.96015251e-01, -6.32494390e-02, -6.28742129e-02,
       6.46038353e-02, 9.97715652e-01, 1.97449066e-02, 6.14817291e-02,
       -2.37281416e-02, 9.97826099e-01 ]
