%YAML:1.0
---
Q: !!opencv-matrix
   rows: 4
   cols: 4
   dt: f
   data: [ 1., 0., 0., -4.29416870e+02, 0., 1., 0., -2.33902100e+02, 0.,
       0., 0., 3.65829010e+02, 0., 0., 5.48723899e-03, 0. ]
R: !!opencv-matrix
   rows: 3
   cols: 3
   dt: d
   data: [ 9.9939795954734545e-01, 1.0275626598536780e-02,
       -3.3735768150821616e-03, -9.6382865965782619e-03,
       1.0000520330227507e+00, 9.2502634636436390e-03,
       3.2898160102366098e-03, -9.2408686802636104e-03,
       1.0001434584219160e+00 ]
T: !!opencv-matrix
   rows: 3
   cols: 1
   dt: d
   data: [ -1.8147328291935148e+02, 1.1523989608146911e+01,
       1.1455428676683091e+01 ]
E: !!opencv-matrix
   rows: 0
   cols: 0
   dt: u
   data: []
F: !!opencv-matrix
   rows: 0
   cols: 0
   dt: u
   data: []
K1: !!opencv-matrix
   rows: 3
   cols: 3
   dt: d
   data: [ 3.6627756984521932e+02, 0., 3.8060969928433269e+02, 0.,
       3.6653175179255015e+02, 2.3878059668569790e+02, 0., 0., 1. ]
D1: !!opencv-matrix
   rows: 5
   cols: 1
   dt: d
   data: [ -2.1859934914563901e-02, -9.9468572971318997e-04,
       1.6448003429794193e-03, -3.1164985765511365e-04,
       3.5195408316194161e-04 ]
P1: !!opencv-matrix
   rows: 3
   cols: 4
   dt: f
   data: [ 3.65829010e+02, 0., 4.29416870e+02, 0., 0., 3.65829010e+02,
       2.33902100e+02, 0., 0., 0., 1., 0. ]
R1: !!opencv-matrix
   rows: 3
   cols: 3
   dt: f
   data: [ 9.96381342e-01, -5.25092930e-02, -6.68352693e-02,
       5.28039858e-02, 9.98601377e-01, 2.64916290e-03, 6.66026920e-02,
       -6.16874546e-03, 9.97760534e-01 ]
K2: !!opencv-matrix
   rows: 3
   cols: 3
   dt: d
   data: [ 3.6687495098581172e+02, 0., 3.7621769200552956e+02, 0.,
       3.6726361788508825e+02, 2.2399932895774910e+02, 0., 0., 1. ]
D2: !!opencv-matrix
   rows: 5
   cols: 1
   dt: d
   data: [ -2.2201337830972428e-02, -1.1445843221826492e-03,
       2.9199201696882579e-04, -7.1705872414221615e-04,
       5.1284674356775366e-04 ]
P2: !!opencv-matrix
   rows: 3
   cols: 4
   dt: f
   data: [ 3.65829010e+02, 0., 4.29416870e+02, -6.66690469e+04, 0.,
       3.65829010e+02, 2.33902100e+02, 0., 0., 0., 1., 0. ]
R2: !!opencv-matrix
   rows: 3
   cols: 3
   dt: f
   data: [ 9.96015310e-01, -6.32493645e-02, -6.28730729e-02,
       6.29710183e-02, 9.97994840e-01, -6.40089344e-03, 6.31518513e-02,
       2.41620676e-03, 9.98000979e-01 ]
