%YAML:1.0
---
Q: !!opencv-matrix
   rows: 4
   cols: 4
   dt: f
   data: [ 1., 0., 0., -4.13489594e+02, 0., 1., 0., -2.33912857e+02, 0.,
       0., 0., 3.67560760e+02, 0., 0., 8.04463744e-01, 0. ]
R: !!opencv-matrix
   rows: 3
   cols: 3
   dt: d
   data: [ 1.0635842052276623e+00, -5.6231178467247622e-02,
       2.2269921941305320e-02, 4.8472558598071064e-02,
       1.0702680102032867e+00, -4.4781352189745348e-02,
       -4.9702895810005754e-02, 4.9581218598403351e-02,
       1.0713033032350487e+00 ]
T: !!opencv-matrix
   rows: 3
   cols: 1
   dt: d
   data: [ -5.3025412396076432e-01, 3.3672643461224366e-02,
       3.3469355110331681e-02 ]
E: !!opencv-matrix
   rows: 0
   cols: 0
   dt: u
   data: []
F: !!opencv-matrix
   rows: 0
   cols: 0
   dt: u
   data: []
K1: !!opencv-matrix
   rows: 3
   cols: 3
   dt: d
   data: [ 3.6627756984521932e+02, 0., 3.8060969928433269e+02, 0.,
       3.6653175179255015e+02, 2.3878059668569790e+02, 0., 0., 1. ]
D1: !!opencv-matrix
   rows: 5
   cols: 1
   dt: d
   data: [ -2.1859934914563901e-02, -9.9468572971318997e-04,
       1.6448003429794193e-03, -3.1164985765511365e-04,
       3.5195408316194161e-04 ]
P1: !!opencv-matrix
   rows: 3
   cols: 4
   dt: f
   data: [ 3.67560760e+02, 0., 4.13489594e+02, 0., 0., 3.67560760e+02,
       2.33912857e+02, 0., 0., 0., 1., 0. ]
R1: !!opencv-matrix
   rows: 3
   cols: 3
   dt: f
   data: [ 9.93184745e-01, -1.13539852e-01, -2.63195001e-02,
       1.12976424e-01, 9.93354261e-01, -2.19923351e-02, 2.86415927e-02,
       1.88689698e-02, 9.99411643e-01 ]
K2: !!opencv-matrix
   rows: 3
   cols: 3
   dt: d
   data: [ 3.6687495098581172e+02, 0., 3.7621769200552956e+02, 0.,
       3.6726361788508825e+02, 2.2399932895774910e+02, 0., 0., 1. ]
D2: !!opencv-matrix
   rows: 5
   cols: 1
   dt: d
   data: [ -2.2201337830972428e-02, -1.1445843221826492e-03,
       2.9199201696882579e-04, -7.1705872414221615e-04,
       5.1284674356775366e-04 ]
P2: !!opencv-matrix
   rows: 3
   cols: 4
   dt: f
   data: [ 3.67560760e+02, 0., 4.13489594e+02, -4.56901581e+02, 0.,
       3.67560760e+02, 2.33912857e+02, 0., 0., 0., 1., 0. ]
R2: !!opencv-matrix
   rows: 3
   cols: 3
   dt: f
   data: [ 9.96015608e-01, -6.32498190e-02, -6.28679693e-02,
       6.45244569e-02, 9.97745514e-01, 1.84536595e-02, 6.15590401e-02,
       -2.24366561e-02, 9.97851253e-01 ]
