%YAML:1.0
---
Q: !!opencv-matrix
   rows: 4
   cols: 4
   dt: f
   data: [ 1., 0., 0., -4.11774261e+02, 0., 1., 0., -2.33319717e+02, 0.,
       0., 0., 3.77283569e+02, 0., 0., 1.49639761e-02, 0. ]
R: !!opencv-matrix
   rows: 3
   cols: 3
   dt: d
   data: [ 1.0227513682484644e+00, -3.3499168501710644e-04,
       2.1294193488952267e-02, -7.2627108028063330e-03,
       1.0295187878484056e+00, -4.3026912595209355e-02,
       -5.0143969020644545e-02, 4.5072675486965315e-02,
       1.0295006673970499e+00 ]
T: !!opencv-matrix
   rows: 3
   cols: 1
   dt: d
   data: [ -3.4068809802430216e+01, 2.1634642402526691e+00,
       2.1505179819930933e+00 ]
E: !!opencv-matrix
   rows: 0
   cols: 0
   dt: u
   data: []
F: !!opencv-matrix
   rows: 0
   cols: 0
   dt: u
   data: []
K1: !!opencv-matrix
   rows: 3
   cols: 3
   dt: d
   data: [ 3.6627756984521932e+02, 0., 3.8060969928433269e+02, 0.,
       3.6653175179255015e+02, 2.3878059668569790e+02, 0., 0., 1. ]
D1: !!opencv-matrix
   rows: 5
   cols: 1
   dt: d
   data: [ -2.1859934914563901e-02, -9.9468572971318997e-04,
       1.6448003429794193e-03, -3.1164985765511365e-04,
       3.5195408316194161e-04 ]
P1: !!opencv-matrix
   rows: 3
   cols: 4
   dt: f
   data: [ 3.77283569e+02, 0., 4.11774261e+02, 0., 0., 3.77283569e+02,
       2.33319717e+02, 0., 0., 0., 1., 0. ]
R1: !!opencv-matrix
   rows: 3
   cols: 3
   dt: f
   data: [ 9.97919321e-01, -6.05478510e-02, -2.21571401e-02,
       6.00717813e-02, 9.97961283e-01, -2.15559993e-02, 2.34171376e-02,
       2.01801285e-02, 9.99522090e-01 ]
K2: !!opencv-matrix
   rows: 3
   cols: 3
   dt: d
   data: [ 3.6687495098581172e+02, 0., 3.7621769200552956e+02, 0.,
       3.6726361788508825e+02, 2.2399932895774910e+02, 0., 0., 1. ]
D2: !!opencv-matrix
   rows: 5
   cols: 1
   dt: d
   data: [ -2.2201337830972428e-02, -1.1445843221826492e-03,
       2.9199201696882579e-04, -7.1705872414221615e-04,
       5.1284674356775366e-04 ]
P2: !!opencv-matrix
   rows: 3
   cols: 4
   dt: f
   data: [ 3.77283569e+02, 0., 4.11774261e+02, -2.52127871e+04, 0.,
       3.77283569e+02, 2.33319717e+02, 0., 0., 0., 1., 0. ]
R2: !!opencv-matrix
   rows: 3
   cols: 3
   dt: f
   data: [ 9.96015370e-01, -6.32497519e-02, -6.28712624e-02,
       6.45499304e-02, 9.97736096e-01, 1.88665371e-02, 6.15356229e-02,
       -2.28496976e-02, 9.97843325e-01 ]
