%YAML:1.0
---
Q: !!opencv-matrix
   rows: 4
   cols: 4
   dt: f
   data: [ 1., 0., 0., -4.28234924e+02, 0., 1., 0., -2.33920776e+02, 0.,
       0., 0., 3.72403625e+02, 0., 0., 6.19706511e-03, 0. ]
R: !!opencv-matrix
   rows: 3
   cols: 3
   dt: d
   data: [ 1.0072320362172396e+00, 9.8627466021825524e-03,
       -3.8317311749639532e-03, -9.7491320753850547e-03,
       1.0063616968255729e+00, -4.3417278694665599e-02,
       3.2719798294585153e-03, 4.3443707758944565e-02,
       1.0064277989327952e+00 ]
T: !!opencv-matrix
   rows: 3
   cols: 1
   dt: d
   data: [ -1.6059096864859319e+02, 1.0197976118451747e+01,
       1.0137496667078354e+01 ]
E: !!opencv-matrix
   rows: 0
   cols: 0
   dt: u
   data: []
F: !!opencv-matrix
   rows: 0
   cols: 0
   dt: u
   data: []
K1: !!opencv-matrix
   rows: 3
   cols: 3
   dt: d
   data: [ 3.6627756984521932e+02, 0., 3.8060969928433269e+02, 0.,
       3.6653175179255015e+02, 2.3878059668569790e+02, 0., 0., 1. ]
D1: !!opencv-matrix
   rows: 5
   cols: 1
   dt: d
   data: [ -2.1859934914563901e-02, -9.9468572971318997e-04,
       1.6448003429794193e-03, -3.1164985765511365e-04,
       3.5195408316194161e-04 ]
P1: !!opencv-matrix
   rows: 3
   cols: 4
   dt: f
   data: [ 3.72403625e+02, 0., 4.28234924e+02, 0., 0., 3.72403625e+02,
       2.33920776e+02, 0., 0., 0., 1., 0. ]
R1: !!opencv-matrix
   rows: 3
   cols: 3
   dt: f
   data: [ 9.96413052e-01, -5.56594916e-02, -6.37421533e-02,
       5.42593338e-02, 9.98250484e-01, -2.34916229e-02, 6.49381652e-02,
       1.99487526e-02, 9.97689843e-01 ]
K2: !!opencv-matrix
   rows: 3
   cols: 3
   dt: d
   data: [ 3.6687495098581172e+02, 0., 3.7621769200552956e+02, 0.,
       3.6726361788508825e+02, 2.2399932895774910e+02, 0., 0., 1. ]
D2: !!opencv-matrix
   rows: 5
   cols: 1
   dt: d
   data: [ -2.2201337830972428e-02, -1.1445843221826492e-03,
       2.9199201696882579e-04, -7.1705872414221615e-04,
       5.1284674356775366e-04 ]
P2: !!opencv-matrix
   rows: 3
   cols: 4
   dt: f
   data: [ 3.72403625e+02, 0., 4.28234924e+02, -6.00935469e+04, 0.,
       3.72403625e+02, 2.33920776e+02, 0., 0., 0., 1., 0. ]
R2: !!opencv-matrix
   rows: 3
   cols: 3
   dt: f
   data: [ 9.96015191e-01, -6.32497519e-02, -6.28746450e-02,
       6.46030158e-02, 9.97716069e-01, 1.97263807e-02, 6.14833571e-02,
       -2.37096660e-02, 9.97826457e-01 ]
