%YAML:1.0
---
Q: !!opencv-matrix
   rows: 4
   cols: 4
   dt: f
   data: [ 1., 0., 0., -3.83186981e+02, 0., 1., 0., -2.32192993e+02, 0.,
       0., 0., 3.61820831e+02, 0., 0., 5.57115488e-03, 0. ]
R: !!opencv-matrix
   rows: 3
   cols: 3
   dt: d
   data: [ 9.9736613271382613e-01, 1.1976051167155641e-02,
       -3.8353117744665930e-03, -9.4801337222078508e-03,
       1.0004855709275742e+00, 9.2844745518604211e-03,
       3.4539926380162838e-03, -9.3528569214460858e-03,
       1.0007137054545185e+00 ]
T: !!opencv-matrix
   rows: 3
   cols: 1
   dt: d
   data: [ -1.8180200101581951e+02, 1.1544863919724973e+01,
       1.1476178936772818e+01 ]
E: !!opencv-matrix
   rows: 0
   cols: 0
   dt: u
   data: []
F: !!opencv-matrix
   rows: 0
   cols: 0
   dt: u
   data: []
K1: !!opencv-matrix
   rows: 3
   cols: 3
   dt: d
   data: [ 3.6627756984521932e+02, 0., 3.8060969928433269e+02, 0.,
       3.6653175179255015e+02, 2.3878059668569790e+02, 0., 0., 1. ]
D1: !!opencv-matrix
   rows: 5
   cols: 1
   dt: d
   data: [ -2.1859934914563901e-02, -9.9468572971318997e-04,
       1.6448003429794193e-03, -3.1164985765511365e-04,
       3.5195408316194161e-04 ]
P1: !!opencv-matrix
   rows: 3
   cols: 4
   dt: f
   data: [ 3.61820831e+02, 0., 3.83186981e+02, 0., 0., 3.61820831e+02,
       2.32192993e+02, 0., 0., 0., 1., 0. ]
R1: !!opencv-matrix
   rows: 3
   cols: 3
   dt: f
   data: [ 9.98528421e-01, -5.36353812e-02, -8.01664498e-03,
       5.36712855e-02, 9.98549283e-01, 4.33236687e-03, 7.77264684e-03,
       -4.75625508e-03, 9.99958456e-01 ]
K2: !!opencv-matrix
   rows: 3
   cols: 3
   dt: d
   data: [ 3.6687495098581172e+02, 0., 3.7621769200552956e+02, 0.,
       3.6726361788508825e+02, 2.2399932895774910e+02, 0., 0., 1. ]
D2: !!opencv-matrix
   rows: 5
   cols: 1
   dt: d
   data: [ -2.2201337830972428e-02, -1.1445843221826492e-03,
       2.9199201696882579e-04, -7.1705872414221615e-04,
       5.1284674356775366e-04 ]
P2: !!opencv-matrix
   rows: 3
   cols: 4
   dt: f
   data: [ 3.61820831e+02, 0., 3.83186981e+02, -6.49453945e+04, 0.,
       3.61820831e+02, 2.32192993e+02, 0., 0., 0., 1., 0. ]
R2: !!opencv-matrix
   rows: 3
   cols: 3
   dt: f
   data: [ 9.97980595e-01, -6.33744150e-02, -4.28548595e-03,
       6.33542687e-02, 9.97980118e-01, -4.68416978e-03, 4.57368605e-03,
       4.40320699e-03, 9.99979854e-01 ]
