%YAML:1.0
---
Q: !!opencv-matrix
   rows: 4
   cols: 4
   dt: f
   data: [ 1., 0., 0., -4.30015869e+02, 0., 1., 0., -2.33933792e+02, 0.,
       0., 0., 3.65481628e+02, 0., 0., 6.16184017e-03, 0. ]
R: !!opencv-matrix
   rows: 3
   cols: 3
   dt: d
   data: [ 1.0020203116734863e+00, 9.0461891979842085e-03,
       -5.8332906439286141e-03, -9.6791320742774817e-03,
       1.0024676165427016e+00, 9.4275267160276108e-03,
       3.2791679070405450e-03, -9.1832219512414884e-03,
       1.0026344113216026e+00 ]
T: !!opencv-matrix
   rows: 3
   cols: 1
   dt: d
   data: [ -1.5936158946559576e+02, 1.0119990906334426e+01,
       1.0059419425094529e+01 ]
E: !!opencv-matrix
   rows: 0
   cols: 0
   dt: u
   data: []
F: !!opencv-matrix
   rows: 0
   cols: 0
   dt: u
   data: []
K1: !!opencv-matrix
   rows: 3
   cols: 3
   dt: d
   data: [ 3.6627756984521932e+02, 0., 3.8060969928433269e+02, 0.,
       3.6653175179255015e+02, 2.3878059668569790e+02, 0., 0., 1. ]
D1: !!opencv-matrix
   rows: 5
   cols: 1
   dt: d
   data: [ -2.1859934914563901e-02, -9.9468572971318997e-04,
       1.6448003429794193e-03, -3.1164985765511365e-04,
       3.5195408316194161e-04 ]
P1: !!opencv-matrix
   rows: 3
   cols: 4
   dt: f
   data: [ 3.65481628e+02, 0., 4.30015869e+02, 0., 0., 3.65481628e+02,
       2.33933792e+02, 0., 0., 0., 1., 0. ]
R1: !!opencv-matrix
   rows: 3
   cols: 3
   dt: f
   data: [ 9.96251047e-01, -5.30529320e-02, -6.83320910e-02,
       5.33549748e-02, 9.98572230e-01, 2.60146405e-03, 6.80965111e-02,
       -6.23756833e-03, 9.97659266e-01 ]
K2: !!opencv-matrix
   rows: 3
   cols: 3
   dt: d
   data: [ 3.6687495098581172e+02, 0., 3.7621769200552956e+02, 0.,
       3.6726361788508825e+02, 2.2399932895774910e+02, 0., 0., 1. ]
D2: !!opencv-matrix
   rows: 5
   cols: 1
   dt: d
   data: [ -2.2201337830972428e-02, -1.1445843221826492e-03,
       2.9199201696882579e-04, -7.1705872414221615e-04,
       5.1284674356775366e-04 ]
P2: !!opencv-matrix
   rows: 3
   cols: 4
   dt: f
   data: [ 3.65481628e+02, 0., 4.30015869e+02, -5.93137109e+04, 0.,
       3.65481628e+02, 2.33933792e+02, 0., 0., 0., 1., 0. ]
R2: !!opencv-matrix
   rows: 3
   cols: 3
   dt: f
   data: [ 9.96015310e-01, -6.32502884e-02, -6.28717095e-02,
       6.29712641e-02, 9.97994721e-01, -6.41158456e-03, 6.31511658e-02,
       2.42692581e-03, 9.98001039e-01 ]
