%YAML:1.0
---
Q: !!opencv-matrix
   rows: 4
   cols: 4
   dt: f
   data: [ 1., 0., 0., -4.07685028e+02, 0., 1., 0., -2.33439560e+02, 0.,
       0., 0., 3.70127319e+02, 0., 0., 5.54285571e-03, 0. ]
R: !!opencv-matrix
   rows: 3
   cols: 3
   dt: d
   data: [ 1.0009229377315014e+00, -4.2840015885830002e-02,
       4.8820220492815106e-02, 4.5018892764967490e-02,
       1.0010753391525156e+00, -4.3688857509194143e-02,
       -4.6864353392365887e-02, 4.5786457529590797e-02,
       1.0008997448791805e+00 ]
T: !!opencv-matrix
   rows: 3
   cols: 1
   dt: d
   data: [ -1.8004644931972379e+02, 1.1433415652431306e+01,
       1.1365619172921445e+01 ]
E: !!opencv-matrix
   rows: 0
   cols: 0
   dt: u
   data: []
F: !!opencv-matrix
   rows: 0
   cols: 0
   dt: u
   data: []
K1: !!opencv-matrix
   rows: 3
   cols: 3
   dt: d
   data: [ 3.6627756984521932e+02, 0., 3.8060969928433269e+02, 0.,
       3.6653175179255015e+02, 2.3878059668569790e+02, 0., 0., 1. ]
D1: !!opencv-matrix
   rows: 5
   cols: 1
   dt: d
   data: [ -2.1859934914563901e-02, -9.9468572971318997e-04,
       1.6448003429794193e-03, -3.1164985765511365e-04,
       3.5195408316194161e-04 ]
P1: !!opencv-matrix
   rows: 3
   cols: 4
   dt: f
   data: [ 3.70127319e+02, 0., 4.07685028e+02, 0., 0., 3.70127319e+02,
       2.33439560e+02, 0., 0., 0., 1., 0. ]
R1: !!opencv-matrix
   rows: 3
   cols: 3
   dt: f
   data: [ 9.94023681e-01, -1.08556703e-01, -1.15031265e-02,
       1.08292751e-01, 9.93886292e-01, -2.15122383e-02, 1.37680965e-02,
       2.01379694e-02, 9.99702394e-01 ]
K2: !!opencv-matrix
   rows: 3
   cols: 3
   dt: d
   data: [ 3.6687495098581172e+02, 0., 3.7621769200552956e+02, 0.,
       3.6726361788508825e+02, 2.2399932895774910e+02, 0., 0., 1. ]
D2: !!opencv-matrix
   rows: 5
   cols: 1
   dt: d
   data: [ -2.2201337830972428e-02, -1.1445843221826492e-03,
       2.9199201696882579e-04, -7.1705872414221615e-04,
       5.1284674356775366e-04 ]
P2: !!opencv-matrix
   rows: 3
   cols: 4
   dt: f
   data: [ 3.70127319e+02, 0., 4.07685028e+02, -6.67755703e+04, 0.,
       3.70127319e+02, 2.33439560e+02, 0., 0., 0., 1., 0. ]
R2: !!opencv-matrix
   rows: 3
   cols: 3
   dt: f
   data: [ 9.96015191e-01, -6.32495433e-02, -6.28744960e-02,
       6.45483956e-02, 9.97736633e-01, 1.88438222e-02, 6.15403242e-02,
       -2.28271820e-02, 9.97843504e-01 ]
