%YAML:1.0
---
Q: !!opencv-matrix
   rows: 4
   cols: 4
   dt: f
   data: [ 1., 0., 0., -3.83188416e+02, 0., 1., 0., -2.32192993e+02, 0.,
       0., 0., 3.61822510e+02, 0., 0., 5.57143847e-03, 0. ]
R: !!opencv-matrix
   rows: 3
   cols: 3
   dt: d
   data: [ 9.9993084525855791e-01, 9.7300484628900872e-03,
       -3.1555697810556000e-03, -9.6804966725046425e-03,
       9.9993160634679124e-01, 9.2350174186985514e-03,
       3.2435616551661252e-03, -9.2040898163034159e-03,
       9.9997459668861444e-01 ]
T: !!opencv-matrix
   rows: 3
   cols: 1
   dt: d
   data: [ -1.7912519968677995e+02, 1.1374924877608604e+01,
       7.6919269013794622e-01 ]
E: !!opencv-matrix
   rows: 0
   cols: 0
   dt: u
   data: []
F: !!opencv-matrix
   rows: 0
   cols: 0
   dt: u
   data: []
K1: !!opencv-matrix
   rows: 3
   cols: 3
   dt: d
   data: [ 3.6627756984521932e+02, 0., 3.8060969928433269e+02, 0.,
       3.6653175179255015e+02, 2.3878059668569790e+02, 0., 0., 1. ]
D1: !!opencv-matrix
   rows: 5
   cols: 1
   dt: d
   data: [ -2.1859934914563901e-02, -9.9468572971318997e-04,
       1.6448003429794193e-03, -3.1164985765511365e-04,
       3.5195408316194161e-04 ]
P1: !!opencv-matrix
   rows: 3
   cols: 4
   dt: f
   data: [ 3.61822510e+02, 0., 3.83188416e+02, 0., 0., 3.61822510e+02,
       2.32192993e+02, 0., 0., 0., 1., 0. ]
R1: !!opencv-matrix
   rows: 3
   cols: 3
   dt: f
   data: [ 9.98528957e-01, -5.36249913e-02, -8.02025665e-03,
       5.36609143e-02, 9.98549819e-01, 4.33238083e-03, 7.77630182e-03,
       -4.75638174e-03, 9.99958456e-01 ]
K2: !!opencv-matrix
   rows: 3
   cols: 3
   dt: d
   data: [ 3.6687495098581172e+02, 0., 3.7621769200552956e+02, 0.,
       3.6726361788508825e+02, 2.2399932895774910e+02, 0., 0., 1. ]
D2: !!opencv-matrix
   rows: 5
   cols: 1
   dt: d
   data: [ -2.2201337830972428e-02, -1.1445843221826492e-03,
       2.9199201696882579e-04, -7.1705872414221615e-04,
       5.1284674356775366e-04 ]
P2: !!opencv-matrix
   rows: 3
   cols: 4
   dt: f
   data: [ 3.61822510e+02, 0., 3.83188416e+02, -6.49423867e+04, 0.,
       3.61822510e+02, 2.32192993e+02, 0., 0., 0., 1., 0. ]
R2: !!opencv-matrix
   rows: 3
   cols: 3
   dt: f
   data: [ 9.97980595e-01, -6.33744150e-02, -4.28549340e-03,
       6.33542687e-02, 9.97980118e-01, -4.68423963e-03, 4.57369816e-03,
       4.40327590e-03, 9.99979854e-01 ]
