%YAML:1.0
---
Q: !!opencv-matrix
   rows: 4
   cols: 4
   dt: f
   data: [ 1., 0., 0., -4.07673767e+02, 0., 1., 0., -2.33126785e+02, 0.,
       0., 0., 3.79603363e+02, 0., 0., 5.66305919e-03, 0. ]
R: !!opencv-matrix
   rows: 3
   cols: 3
   dt: d
   data: [ 1.0017130831598016e+00, 9.6018504330314114e-03,
       4.8463114698167588e-02, -7.4764393754013034e-03,
       1.0012296662246054e+00, -4.3632572890530456e-02,
       -4.9202987820350166e-02, 4.3234706914752147e-02,
       1.0000913970804366e+00 ]
T: !!opencv-matrix
   rows: 3
   cols: 1
   dt: d
   data: [ -1.7580507594391872e+02, 1.1164012889570436e+01,
       1.1097617570744921e+01 ]
E: !!opencv-matrix
   rows: 0
   cols: 0
   dt: u
   data: []
F: !!opencv-matrix
   rows: 0
   cols: 0
   dt: u
   data: []
K1: !!opencv-matrix
   rows: 3
   cols: 3
   dt: d
   data: [ 3.6627756984521932e+02, 0., 3.8060969928433269e+02, 0.,
       3.6653175179255015e+02, 2.3878059668569790e+02, 0., 0., 1. ]
D1: !!opencv-matrix
   rows: 5
   cols: 1
   dt: d
   data: [ -2.1859934914563901e-02, -9.9468572971318997e-04,
       1.6448003429794193e-03, -3.1164985765511365e-04,
       3.5195408316194161e-04 ]
P1: !!opencv-matrix
   rows: 3
   cols: 4
   dt: f
   data: [ 3.79603363e+02, 0., 4.07673767e+02, 0., 0., 3.79603363e+02,
       2.33126785e+02, 0., 0., 0., 1., 0. ]
R1: !!opencv-matrix
   rows: 3
   cols: 3
   dt: f
   data: [ 9.98342395e-01, -5.63491397e-02, -1.17136380e-02,
       5.60904182e-02, 9.98197317e-01, -2.13526692e-02, 1.28957275e-02,
       2.06602532e-02, 9.99703407e-01 ]
K2: !!opencv-matrix
   rows: 3
   cols: 3
   dt: d
   data: [ 3.6687495098581172e+02, 0., 3.7621769200552956e+02, 0.,
       3.6726361788508825e+02, 2.2399932895774910e+02, 0., 0., 1. ]
D2: !!opencv-matrix
   rows: 5
   cols: 1
   dt: d
   data: [ -2.2201337830972428e-02, -1.1445843221826492e-03,
       2.9199201696882579e-04, -7.1705872414221615e-04,
       5.1284674356775366e-04 ]
P2: !!opencv-matrix
   rows: 3
   cols: 4
   dt: f
   data: [ 3.79603363e+02, 0., 4.07673767e+02, -6.70315000e+04, 0.,
       3.79603363e+02, 2.33126785e+02, 0., 0., 0., 1., 0. ]
R2: !!opencv-matrix
   rows: 3
   cols: 3
   dt: f
   data: [ 9.96015310e-01, -6.32491857e-02, -6.28730282e-02,
       6.45577982e-02, 9.97732997e-01, 1.90026127e-02, 6.15285933e-02,
       -2.29858384e-02, 9.97840583e-01 ]
