%YAML:1.0
---
Q: !!opencv-matrix
   rows: 4
   cols: 4
   dt: f
   data: [ 1., 0., 0., -4.07697052e+02, 0., 1., 0., -2.33127640e+02, 0.,
       0., 0., 3.79595490e+02, 0., 0., 5.66258561e-03, 0. ]
R: !!opencv-matrix
   rows: 3
   cols: 3
   dt: d
   data: [ 1.0019846413665676e+00, 9.6030900966832481e-03,
       4.8340321249850736e-02, -7.4976295341691677e-03,
       1.0011591699579221e+00, -4.3621924686805098e-02,
       -4.9221115952586700e-02, 4.3231547165193229e-02,
       1.0000286386595849e+00 ]
T: !!opencv-matrix
   rows: 3
   cols: 1
   dt: d
   data: [ -1.7587938145282544e+02, 1.1168731451293965e+01,
       1.1102308076092687e+01 ]
E: !!opencv-matrix
   rows: 0
   cols: 0
   dt: u
   data: []
F: !!opencv-matrix
   rows: 0
   cols: 0
   dt: u
   data: []
K1: !!opencv-matrix
   rows: 3
   cols: 3
   dt: d
   data: [ 3.6627756984521932e+02, 0., 3.8060969928433269e+02, 0.,
       3.6653175179255015e+02, 2.3878059668569790e+02, 0., 0., 1. ]
D1: !!opencv-matrix
   rows: 5
   cols: 1
   dt: d
   data: [ -2.1859934914563901e-02, -9.9468572971318997e-04,
       1.6448003429794193e-03, -3.1164985765511365e-04,
       3.5195408316194161e-04 ]
P1: !!opencv-matrix
   rows: 3
   cols: 4
   dt: f
   data: [ 3.79595490e+02, 0., 4.07697052e+02, 0., 0., 3.79595490e+02,
       2.33127640e+02, 0., 0., 0., 1., 0. ]
R1: !!opencv-matrix
   rows: 3
   cols: 3
   dt: f
   data: [ 9.98341918e-01, -5.63452728e-02, -1.17731737e-02,
       5.60853109e-02, 9.98197615e-01, -2.13534608e-02, 1.29551198e-02,
       2.06577536e-02, 9.99702692e-01 ]
K2: !!opencv-matrix
   rows: 3
   cols: 3
   dt: d
   data: [ 3.6687495098581172e+02, 0., 3.7621769200552956e+02, 0.,
       3.6726361788508825e+02, 2.2399932895774910e+02, 0., 0., 1. ]
D2: !!opencv-matrix
   rows: 5
   cols: 1
   dt: d
   data: [ -2.2201337830972428e-02, -1.1445843221826492e-03,
       2.9199201696882579e-04, -7.1705872414221615e-04,
       5.1284674356775366e-04 ]
P2: !!opencv-matrix
   rows: 3
   cols: 4
   dt: f
   data: [ 3.79595490e+02, 0., 4.07697052e+02, -6.70357188e+04, 0.,
       3.79595490e+02, 2.33127640e+02, 0., 0., 0., 1., 0. ]
R2: !!opencv-matrix
   rows: 3
   cols: 3
   dt: f
   data: [ 9.96015310e-01, -6.32491857e-02, -6.28730282e-02,
       6.45577461e-02, 9.97733057e-01, 1.90017615e-02, 6.15286492e-02,
       -2.29849871e-02, 9.97840643e-01 ]
