%YAML:1.0
---
Q: !!opencv-matrix
   rows: 4
   cols: 4
   dt: f
   data: [ 1., 0., 0., -3.83178558e+02, 0., 1., 0., -2.32192749e+02, 0.,
       0., 0., 3.61818634e+02, 0., 0., 5.56709338e-03, 0. ]
R: !!opencv-matrix
   rows: 3
   cols: 3
   dt: d
   data: [ 9.9977183168489037e-01, 9.7084700735406409e-03,
       -3.1703218879294516e-03, -9.6623815646862364e-03,
       1.0000829769926041e+00, 9.2372874936514499e-03,
       3.2453876690087700e-03, -9.2052969307992345e-03,
       1.0001247916807328e+00 ]
T: !!opencv-matrix
   rows: 3
   cols: 1
   dt: d
   data: [ -1.7912052305771437e+02, 1.1374659665887009e+01,
       7.6789598934151126e-01 ]
E: !!opencv-matrix
   rows: 0
   cols: 0
   dt: u
   data: []
F: !!opencv-matrix
   rows: 0
   cols: 0
   dt: u
   data: []
K1: !!opencv-matrix
   rows: 3
   cols: 3
   dt: d
   data: [ 3.6627756984521932e+02, 0., 3.8060969928433269e+02, 0.,
       3.6653175179255015e+02, 2.3878059668569790e+02, 0., 0., 1. ]
D1: !!opencv-matrix
   rows: 5
   cols: 1
   dt: d
   data: [ -2.1859934914563901e-02, -9.9468572971318997e-04,
       1.6448003429794193e-03, -3.1164985765511365e-04,
       3.5195408316194161e-04 ]
P1: !!opencv-matrix
   rows: 3
   cols: 4
   dt: f
   data: [ 3.61818634e+02, 0., 3.83178558e+02, 0., 0., 3.61818634e+02,
       2.32192749e+02, 0., 0., 0., 1., 0. ]
R1: !!opencv-matrix
   rows: 3
   cols: 3
   dt: f
   data: [ 9.98527825e-01, -5.36488257e-02, -8.00213870e-03,
       5.36846593e-02, 9.98548567e-01, 4.33256850e-03, 7.75808655e-03,
       -4.75578196e-03, 9.99958575e-01 ]
K2: !!opencv-matrix
   rows: 3
   cols: 3
   dt: d
   data: [ 3.6687495098581172e+02, 0., 3.7621769200552956e+02, 0.,
       3.6726361788508825e+02, 2.2399932895774910e+02, 0., 0., 1. ]
D2: !!opencv-matrix
   rows: 5
   cols: 1
   dt: d
   data: [ -2.2201337830972428e-02, -1.1445843221826492e-03,
       2.9199201696882579e-04, -7.1705872414221615e-04,
       5.1284674356775366e-04 ]
P2: !!opencv-matrix
   rows: 3
   cols: 4
   dt: f
   data: [ 3.61818634e+02, 0., 3.83178558e+02, -6.49923750e+04, 0.,
       3.61818634e+02, 2.32192749e+02, 0., 0., 0., 1., 0. ]
R2: !!opencv-matrix
   rows: 3
   cols: 3
   dt: f
   data: [ 9.97980654e-01, -6.33746013e-02, -4.27845586e-03,
       6.33544847e-02, 9.97980118e-01, -4.68381215e-03, 4.56664851e-03,
       4.40329406e-03, 9.99979854e-01 ]
