%YAML:1.0
---
Q: !!opencv-matrix
   rows: 4
   cols: 4
   dt: f
   data: [ 1., 0., 0., -3.83188843e+02, 0., 1., 0., -2.32192993e+02, 0.,
       0., 0., 3.61823303e+02, 0., 0., 5.57138538e-03, 0. ]
R: !!opencv-matrix
   rows: 3
   cols: 3
   dt: d
   data: [ 9.9991657981702509e-01, 9.7389170844460384e-03,
       -3.1578675164253638e-03, -9.6793909180732489e-03,
       9.9993476059478670e-01, 9.2351968805343271e-03,
       3.2436507407143174e-03, -9.2041619715719399e-03,
       9.9997832171499823e-01 ]
T: !!opencv-matrix
   rows: 3
   cols: 1
   dt: d
   data: [ -1.7912440709363560e+02, 1.1374874669106040e+01,
       7.6918976553789620e-01 ]
E: !!opencv-matrix
   rows: 0
   cols: 0
   dt: u
   data: []
F: !!opencv-matrix
   rows: 0
   cols: 0
   dt: u
   data: []
K1: !!opencv-matrix
   rows: 3
   cols: 3
   dt: d
   data: [ 3.6627756984521932e+02, 0., 3.8060969928433269e+02, 0.,
       3.6653175179255015e+02, 2.3878059668569790e+02, 0., 0., 1. ]
D1: !!opencv-matrix
   rows: 5
   cols: 1
   dt: d
   data: [ -2.1859934914563901e-02, -9.9468572971318997e-04,
       1.6448003429794193e-03, -3.1164985765511365e-04,
       3.5195408316194161e-04 ]
P1: !!opencv-matrix
   rows: 3
   cols: 4
   dt: f
   data: [ 3.61823303e+02, 0., 3.83188843e+02, 0., 0., 3.61823303e+02,
       2.32192993e+02, 0., 0., 0., 1., 0. ]
R1: !!opencv-matrix
   rows: 3
   cols: 3
   dt: f
   data: [ 9.98529136e-01, -5.36205620e-02, -8.02140404e-03,
       5.36564887e-02, 9.98550057e-01, 4.33239155e-03, 7.77746830e-03,
       -4.75641992e-03, 9.99958456e-01 ]
K2: !!opencv-matrix
   rows: 3
   cols: 3
   dt: d
   data: [ 3.6687495098581172e+02, 0., 3.7621769200552956e+02, 0.,
       3.6726361788508825e+02, 2.2399932895774910e+02, 0., 0., 1. ]
D2: !!opencv-matrix
   rows: 5
   cols: 1
   dt: d
   data: [ -2.2201337830972428e-02, -1.1445843221826492e-03,
       2.9199201696882579e-04, -7.1705872414221615e-04,
       5.1284674356775366e-04 ]
P2: !!opencv-matrix
   rows: 3
   cols: 4
   dt: f
   data: [ 3.61823303e+02, 0., 3.83188843e+02, -6.49431484e+04, 0.,
       3.61823303e+02, 2.32192993e+02, 0., 0., 0., 1., 0. ]
R2: !!opencv-matrix
   rows: 3
   cols: 3
   dt: f
   data: [ 9.97980595e-01, -6.33744150e-02, -4.28549619e-03,
       6.33542687e-02, 9.97980118e-01, -4.68426384e-03, 4.57370235e-03,
       4.40330012e-03, 9.99979854e-01 ]
