%YAML:1.0
---
Q: !!opencv-matrix
   rows: 4
   cols: 4
   dt: f
   data: [ 1., 0., 0., -4.28406158e+02, 0., 1., 0., -2.33876526e+02, 0.,
       0., 0., 3.72764557e+02, 0., 0., 6.35624817e-03, 0. ]
R: !!opencv-matrix
   rows: 3
   cols: 3
   dt: d
   data: [ 1.0076240826682989e+00, 1.5488290169455830e-02,
       -3.6201345258000421e-03, -9.7717596476291583e-03,
       1.0060465953234987e+00, -4.3432542607993542e-02,
       3.2500287538823358e-03, 4.3090432730504384e-02,
       1.0064565443299747e+00 ]
T: !!opencv-matrix
   rows: 3
   cols: 1
   dt: d
   data: [ -1.5994796801433304e+02, 1.0157143816164648e+01,
       1.0096906497624810e+01 ]
E: !!opencv-matrix
   rows: 0
   cols: 0
   dt: u
   data: []
F: !!opencv-matrix
   rows: 0
   cols: 0
   dt: u
   data: []
K1: !!opencv-matrix
   rows: 3
   cols: 3
   dt: d
   data: [ 3.6627756984521932e+02, 0., 3.8060969928433269e+02, 0.,
       3.6653175179255015e+02, 2.3878059668569790e+02, 0., 0., 1. ]
D1: !!opencv-matrix
   rows: 5
   cols: 1
   dt: d
   data: [ -2.1859934914563901e-02, -9.9468572971318997e-04,
       1.6448003429794193e-03, -3.1164985765511365e-04,
       3.5195408316194161e-04 ]
P1: !!opencv-matrix
   rows: 3
   cols: 4
   dt: f
   data: [ 3.72764557e+02, 0., 4.28406158e+02, 0., 0., 3.72764557e+02,
       2.33876526e+02, 0., 0., 0., 1., 0. ]
R1: !!opencv-matrix
   rows: 3
   cols: 3
   dt: f
   data: [ 9.96527553e-01, -5.30435927e-02, -6.41815066e-02,
       5.16376495e-02, 9.98392403e-01, -2.33709272e-02, 6.53180033e-02,
       1.99755915e-02, 9.97664511e-01 ]
K2: !!opencv-matrix
   rows: 3
   cols: 3
   dt: d
   data: [ 3.6687495098581172e+02, 0., 3.7621769200552956e+02, 0.,
       3.6726361788508825e+02, 2.2399932895774910e+02, 0., 0., 1. ]
D2: !!opencv-matrix
   rows: 5
   cols: 1
   dt: d
   data: [ -2.2201337830972428e-02, -1.1445843221826492e-03,
       2.9199201696882579e-04, -7.1705872414221615e-04,
       5.1284674356775366e-04 ]
P2: !!opencv-matrix
   rows: 3
   cols: 4
   dt: f
   data: [ 3.72764557e+02, 0., 4.28406158e+02, -5.86453750e+04, 0.,
       3.72764557e+02, 2.33876526e+02, 0., 0., 0., 1., 0. ]
R2: !!opencv-matrix
   rows: 3
   cols: 3
   dt: f
   data: [ 9.96015191e-01, -6.32497519e-02, -6.28746152e-02,
       6.46000803e-02, 9.97717202e-01, 1.96788330e-02, 6.14864044e-02,
       -2.36621220e-02, 9.97827411e-01 ]
