%YAML:1.0
---
Q: !!opencv-matrix
   rows: 4
   cols: 4
   dt: f
   data: [ 1., 0., 0., -4.08993286e+02, 0., 1., 0., -2.33539734e+02, 0.,
       0., 0., 3.69607605e+02, 0., 0., 3.34916636e-02, 0. ]
R: !!opencv-matrix
   rows: 3
   cols: 3
   dt: d
   data: [ 1.0245487516679845e+00, -4.6536983198086072e-02,
       4.3022902892165857e-02, 4.6160958975434763e-02,
       1.0256059213276156e+00, -4.4308492047941496e-02,
       -4.7958723664851072e-02, 4.7068556748626950e-02,
       1.0256986643782717e+00 ]
T: !!opencv-matrix
   rows: 3
   cols: 1
   dt: d
   data: [ -2.8572641824851065e+01, 1.8144439332668723e+00,
       1.8034900971129959e+00 ]
E: !!opencv-matrix
   rows: 0
   cols: 0
   dt: u
   data: []
F: !!opencv-matrix
   rows: 0
   cols: 0
   dt: u
   data: []
K1: !!opencv-matrix
   rows: 3
   cols: 3
   dt: d
   data: [ 3.6627756984521932e+02, 0., 3.8060969928433269e+02, 0.,
       3.6653175179255015e+02, 2.3878059668569790e+02, 0., 0., 1. ]
D1: !!opencv-matrix
   rows: 5
   cols: 1
   dt: d
   data: [ -2.1859934914563901e-02, -9.9468572971318997e-04,
       1.6448003429794193e-03, -3.1164985765511365e-04,
       3.5195408316194161e-04 ]
P1: !!opencv-matrix
   rows: 3
   cols: 4
   dt: f
   data: [ 3.69607605e+02, 0., 4.08993286e+02, 0., 0., 3.69607605e+02,
       2.33539734e+02, 0., 0., 0., 1., 0. ]
R1: !!opencv-matrix
   rows: 3
   cols: 3
   dt: f
   data: [ 9.93900955e-01, -1.09271362e-01, -1.48532912e-02,
       1.08938798e-01, 9.93813515e-01, -2.16101743e-02, 1.71227753e-02,
       1.98602732e-02, 9.99656141e-01 ]
K2: !!opencv-matrix
   rows: 3
   cols: 3
   dt: d
   data: [ 3.6687495098581172e+02, 0., 3.7621769200552956e+02, 0.,
       3.6726361788508825e+02, 2.2399932895774910e+02, 0., 0., 1. ]
D2: !!opencv-matrix
   rows: 5
   cols: 1
   dt: d
   data: [ -2.2201337830972428e-02, -1.1445843221826492e-03,
       2.9199201696882579e-04, -7.1705872414221615e-04,
       5.1284674356775366e-04 ]
P2: !!opencv-matrix
   rows: 3
   cols: 4
   dt: f
   data: [ 3.69607605e+02, 0., 4.08993286e+02, -1.10358086e+04, 0.,
       3.69607605e+02, 2.33539734e+02, 0., 0., 0., 1., 0. ]
R2: !!opencv-matrix
   rows: 3
   cols: 3
   dt: f
   data: [ 9.96015608e-01, -6.32498190e-02, -6.28680065e-02,
       6.45430312e-02, 9.97738659e-01, 1.87547356e-02, 6.15396053e-02,
       -2.27377005e-02, 9.97845590e-01 ]
