%YAML:1.0
---
Q: !!opencv-matrix
   rows: 4
   cols: 4
   dt: f
   data: [ 1., 0., 0., -4.29983459e+02, 0., 1., 0., -2.33924484e+02, 0.,
       0., 0., 3.65567139e+02, 0., 0., 5.97988488e-03, 0. ]
R: !!opencv-matrix
   rows: 3
   cols: 3
   dt: d
   data: [ 9.9766931647675605e-01, 9.9468005793036853e-03,
       -6.2331328874467417e-03, -9.3268633404295156e-03,
       1.0038227258068400e+00, 9.4656705974400825e-03,
       3.6474922167591245e-03, -9.2521976742013217e-03,
       1.0040708595033883e+00 ]
T: !!opencv-matrix
   rows: 3
   cols: 1
   dt: d
   data: [ -1.6164251212126004e+02, 1.0264836986296121e+01,
       1.0203397800977339e+01 ]
E: !!opencv-matrix
   rows: 0
   cols: 0
   dt: u
   data: []
F: !!opencv-matrix
   rows: 0
   cols: 0
   dt: u
   data: []
K1: !!opencv-matrix
   rows: 3
   cols: 3
   dt: d
   data: [ 3.6627756984521932e+02, 0., 3.8060969928433269e+02, 0.,
       3.6653175179255015e+02, 2.3878059668569790e+02, 0., 0., 1. ]
D1: !!opencv-matrix
   rows: 5
   cols: 1
   dt: d
   data: [ -2.1859934914563901e-02, -9.9468572971318997e-04,
       1.6448003429794193e-03, -3.1164985765511365e-04,
       3.5195408316194161e-04 ]
P1: !!opencv-matrix
   rows: 3
   cols: 4
   dt: f
   data: [ 3.65567139e+02, 0., 4.29983459e+02, 0., 0., 3.65567139e+02,
       2.33924484e+02, 0., 0., 0., 1., 0. ]
R1: !!opencv-matrix
   rows: 3
   cols: 3
   dt: f
   data: [ 9.96278107e-01, -5.26490696e-02, -6.82497248e-02,
       5.29511310e-02, 9.98593688e-01, 2.62312451e-03, 6.80156425e-02,
       -6.22726185e-03, 9.97664809e-01 ]
K2: !!opencv-matrix
   rows: 3
   cols: 3
   dt: d
   data: [ 3.6687495098581172e+02, 0., 3.7621769200552956e+02, 0.,
       3.6726361788508825e+02, 2.2399932895774910e+02, 0., 0., 1. ]
D2: !!opencv-matrix
   rows: 5
   cols: 1
   dt: d
   data: [ -2.2201337830972428e-02, -1.1445843221826492e-03,
       2.9199201696882579e-04, -7.1705872414221615e-04,
       5.1284674356775366e-04 ]
P2: !!opencv-matrix
   rows: 3
   cols: 4
   dt: f
   data: [ 3.65567139e+02, 0., 4.29983459e+02, -6.11328047e+04, 0.,
       3.65567139e+02, 2.33924484e+02, 0., 0., 0., 1., 0. ]
R2: !!opencv-matrix
   rows: 3
   cols: 3
   dt: f
   data: [ 9.96015310e-01, -6.32502884e-02, -6.28717095e-02,
       6.29709065e-02, 9.97994721e-01, -6.41723163e-03, 6.31515235e-02,
       2.43257242e-03, 9.98000979e-01 ]
