%YAML:1.0
---
Q: !!opencv-matrix
   rows: 4
   cols: 4
   dt: f
   data: [ 1., 0., 0., -3.82537140e+02, 0., 1., 0., -2.31851227e+02, 0.,
       0., 0., 3.58741943e+02, 0., 0., 5.55310678e-03, 0. ]
R: !!opencv-matrix
   rows: 3
   cols: 3
   dt: d
   data: [ 9.9994795531150249e-01, 9.7303683977647756e-03,
       -3.1495642520469125e-03, -9.6827283769186662e-03,
       9.9989561995392406e-01, 9.2345565348829362e-03,
       3.2430637362928327e-03, -9.2036013640715199e-03,
       9.9993776703868253e-01 ]
T: !!opencv-matrix
   rows: 3
   cols: 1
   dt: d
   data: [ -1.8007575201240186e+02, 8.4102734354464592e-01,
       7.7216673953851689e-01 ]
E: !!opencv-matrix
   rows: 0
   cols: 0
   dt: u
   data: []
F: !!opencv-matrix
   rows: 0
   cols: 0
   dt: u
   data: []
K1: !!opencv-matrix
   rows: 3
   cols: 3
   dt: d
   data: [ 3.6627756984521932e+02, 0., 3.8060969928433269e+02, 0.,
       3.6653175179255015e+02, 2.3878059668569790e+02, 0., 0., 1. ]
D1: !!opencv-matrix
   rows: 5
   cols: 1
   dt: d
   data: [ -2.1859934914563901e-02, -9.9468572971318997e-04,
       1.6448003429794193e-03, -3.1164985765511365e-04,
       3.5195408316194161e-04 ]
P1: !!opencv-matrix
   rows: 3
   cols: 4
   dt: f
   data: [ 3.58741943e+02, 0., 3.82537140e+02, 0., 0., 3.58741943e+02,
       2.31851227e+02, 0., 0., 0., 1., 0. ]
R1: !!opencv-matrix
   rows: 3
   cols: 3
   dt: f
   data: [ 9.99959052e-01, 5.09073632e-03, -7.48241879e-03,
       -5.05629648e-03, 9.99976575e-01, 4.61454364e-03, 7.50573492e-03,
       -4.57652146e-03, 9.99961376e-01 ]
K2: !!opencv-matrix
   rows: 3
   cols: 3
   dt: d
   data: [ 3.6687495098581172e+02, 0., 3.7621769200552956e+02, 0.,
       3.6726361788508825e+02, 2.2399932895774910e+02, 0., 0., 1. ]
D2: !!opencv-matrix
   rows: 5
   cols: 1
   dt: d
   data: [ -2.2201337830972428e-02, -1.1445843221826492e-03,
       2.9199201696882579e-04, -7.1705872414221615e-04,
       5.1284674356775366e-04 ]
P2: !!opencv-matrix
   rows: 3
   cols: 4
   dt: f
   data: [ 3.58741943e+02, 0., 3.82537140e+02, -6.46020234e+04, 0.,
       3.58741943e+02, 2.31851227e+02, 0., 0., 0., 1., 0. ]
R2: !!opencv-matrix
   rows: 3
   cols: 3
   dt: f
   data: [ 9.99979913e-01, -4.67031496e-03, -4.28792462e-03,
       4.65055974e-03, 9.99978602e-01, -4.60557360e-03, 4.30934224e-03,
       4.58553946e-03, 9.99980211e-01 ]
