%YAML:1.0
---
Q: !!opencv-matrix
   rows: 4
   cols: 4
   dt: f
   data: [ 1., 0., 0., -3.82537476e+02, 0., 1., 0., -2.31851227e+02, 0.,
       0., 0., 3.58741821e+02, 0., 0., 5.55349095e-03, 0. ]
R: !!opencv-matrix
   rows: 3
   cols: 3
   dt: d
   data: [ 9.9994795531150249e-01, 9.7303683977647756e-03,
       -3.1495642520469125e-03, -9.6827283769186662e-03,
       9.9989561995392406e-01, 9.2345565348829362e-03,
       3.2430637362928327e-03, -9.2036013640715199e-03,
       9.9993776703868253e-01 ]
T: !!opencv-matrix
   rows: 3
   cols: 1
   dt: d
   data: [ -1.8007575201240186e+02, 8.4102734354464592e-01,
       7.7216673953851689e-01 ]
E: !!opencv-matrix
   rows: 0
   cols: 0
   dt: u
   data: []
F: !!opencv-matrix
   rows: 0
   cols: 0
   dt: u
   data: []
K1: !!opencv-matrix
   rows: 3
   cols: 3
   dt: d
   data: [ 3.6627756984521932e+02, 0., 3.8060969928433269e+02, 0.,
       3.6653175179255015e+02, 2.3878059668569790e+02, 0., 0., 1. ]
D1: !!opencv-matrix
   rows: 5
   cols: 1
   dt: d
   data: [ -2.1859934914563901e-02, -9.9468572971318997e-04,
       1.6448003429794193e-03, -3.1164985765511365e-04,
       3.5195408316194161e-04 ]
P1: !!opencv-matrix
   rows: 3
   cols: 4
   dt: f
   data: [ 3.58741821e+02, 0., 3.82537476e+02, 0., 0., 3.58741821e+02,
       2.31851227e+02, 0., 0., 0., 1., 0. ]
R1: !!opencv-matrix
   rows: 3
   cols: 3
   dt: f
   data: [ 9.99959052e-01, 5.09183947e-03, -7.48332357e-03,
       -5.05739497e-03, 9.99976575e-01, 4.61455109e-03, 7.50664435e-03,
       -4.57651587e-03, 9.99961376e-01 ]
K2: !!opencv-matrix
   rows: 3
   cols: 3
   dt: d
   data: [ 3.6687495098581172e+02, 0., 3.7621769200552956e+02, 0.,
       3.6726361788508825e+02, 2.2399932895774910e+02, 0., 0., 1. ]
D2: !!opencv-matrix
   rows: 5
   cols: 1
   dt: d
   data: [ -2.2201337830972428e-02, -1.1445843221826492e-03,
       2.9199201696882579e-04, -7.1705872414221615e-04,
       5.1284674356775366e-04 ]
P2: !!opencv-matrix
   rows: 3
   cols: 4
   dt: f
   data: [ 3.58741821e+02, 0., 3.82537476e+02, -6.45975352e+04, 0.,
       3.58741821e+02, 2.31851227e+02, 0., 0., 0., 1., 0. ]
R2: !!opencv-matrix
   rows: 3
   cols: 3
   dt: f
   data: [ 9.99979913e-01, -4.67031449e-03, -4.28792136e-03,
       4.65055928e-03, 9.99978602e-01, -4.60557453e-03, 4.30933898e-03,
       4.58554039e-03, 9.99980211e-01 ]
