%YAML:1.0
---
Q: !!opencv-matrix
   rows: 4
   cols: 4
   dt: f
   data: [ 1., 0., 0., -4.28168915e+02, 0., 1., 0., -2.33889679e+02, 0.,
       0., 0., 3.72667358e+02, 0., 0., 6.18368806e-03, 0. ]
R: !!opencv-matrix
   rows: 3
   cols: 3
   dt: d
   data: [ 1.0073520677918344e+00, 1.2510469084803792e-02,
       -3.5039096869148904e-03, -9.7600135176476848e-03,
       1.0061330222788576e+00, -4.3435471549539202e-02,
       3.2603835492632932e-03, 4.3273918123861964e-02,
       1.0063466162924117e+00 ]
T: !!opencv-matrix
   rows: 3
   cols: 1
   dt: d
   data: [ -1.6103991503220047e+02, 1.0226485488894546e+01,
       1.0165836848119410e+01 ]
E: !!opencv-matrix
   rows: 0
   cols: 0
   dt: u
   data: []
F: !!opencv-matrix
   rows: 0
   cols: 0
   dt: u
   data: []
K1: !!opencv-matrix
   rows: 3
   cols: 3
   dt: d
   data: [ 3.6627756984521932e+02, 0., 3.8060969928433269e+02, 0.,
       3.6653175179255015e+02, 2.3878059668569790e+02, 0., 0., 1. ]
D1: !!opencv-matrix
   rows: 5
   cols: 1
   dt: d
   data: [ -2.1859934914563901e-02, -9.9468572971318997e-04,
       1.6448003429794193e-03, -3.1164985765511365e-04,
       3.5195408316194161e-04 ]
P1: !!opencv-matrix
   rows: 3
   cols: 4
   dt: f
   data: [ 3.72667358e+02, 0., 4.28168915e+02, 0., 0., 3.72667358e+02,
       2.33889679e+02, 0., 0., 0., 1., 0. ]
R1: !!opencv-matrix
   rows: 3
   cols: 3
   dt: f
   data: [ 9.96503949e-01, -5.41936867e-02, -6.35839179e-02,
       5.27987070e-02, 9.98330534e-01, -2.34193243e-02, 6.47469461e-02,
       1.99803002e-02, 9.97701645e-01 ]
K2: !!opencv-matrix
   rows: 3
   cols: 3
   dt: d
   data: [ 3.6687495098581172e+02, 0., 3.7621769200552956e+02, 0.,
       3.6726361788508825e+02, 2.2399932895774910e+02, 0., 0., 1. ]
D2: !!opencv-matrix
   rows: 5
   cols: 1
   dt: d
   data: [ -2.2201337830972428e-02, -1.1445843221826492e-03,
       2.9199201696882579e-04, -7.1705872414221615e-04,
       5.1284674356775366e-04 ]
P2: !!opencv-matrix
   rows: 3
   cols: 4
   dt: f
   data: [ 3.72667358e+02, 0., 4.28168915e+02, -6.02661953e+04, 0.,
       3.72667358e+02, 2.33889679e+02, 0., 0., 0., 1., 0. ]
R2: !!opencv-matrix
   rows: 3
   cols: 3
   dt: f
   data: [ 9.96015191e-01, -6.32497519e-02, -6.28746450e-02,
       6.46017268e-02, 9.97716546e-01, 1.97055116e-02, 6.14847057e-02,
       -2.36887988e-02, 9.97826874e-01 ]
