%YAML:1.0
---
Q: !!opencv-matrix
   rows: 4
   cols: 4
   dt: f
   data: [ 1., 0., 0., -4.04097260e+02, 0., 1., 0., -2.31816559e+02, 0.,
       0., 0., 3.56854126e+02, 0., 0., 5.42683387e-03, 0. ]
R: !!opencv-matrix
   rows: 3
   cols: 3
   dt: d
   data: [ 9.9361546854565286e-01, 1.1630356561577385e-02,
       -2.6210805561822943e-03, -9.6630704931931037e-03,
       1.0014690100301009e+00, 9.2467836143725161e-03,
       3.4999089224505603e-03, -9.2788312497725303e-03,
       1.0015022050769622e+00 ]
T: !!opencv-matrix
   rows: 3
   cols: 1
   dt: d
   data: [ -1.8542947474617429e+02, 8.1801541693144586e-01,
       5.9032357495418486e+00 ]
E: !!opencv-matrix
   rows: 0
   cols: 0
   dt: u
   data: []
F: !!opencv-matrix
   rows: 0
   cols: 0
   dt: u
   data: []
K1: !!opencv-matrix
   rows: 3
   cols: 3
   dt: d
   data: [ 3.6627756984521932e+02, 0., 3.8060969928433269e+02, 0.,
       3.6653175179255015e+02, 2.3878059668569790e+02, 0., 0., 1. ]
D1: !!opencv-matrix
   rows: 5
   cols: 1
   dt: d
   data: [ -2.1859934914563901e-02, -9.9468572971318997e-04,
       1.6448003429794193e-03, -3.1164985765511365e-04,
       3.5195408316194161e-04 ]
P1: !!opencv-matrix
   rows: 3
   cols: 4
   dt: f
   data: [ 3.56854126e+02, 0., 4.04097260e+02, 0., 0., 3.56854126e+02,
       2.31816559e+02, 0., 0., 0., 1., 0. ]
R1: !!opencv-matrix
   rows: 3
   cols: 3
   dt: f
   data: [ 9.99364734e-01, 6.67828228e-03, -3.50072831e-02,
       -6.51932368e-03, 9.99967933e-01, 4.65291273e-03, 3.50372344e-02,
       -4.42173285e-03, 9.99376237e-01 ]
K2: !!opencv-matrix
   rows: 3
   cols: 3
   dt: d
   data: [ 3.6687495098581172e+02, 0., 3.7621769200552956e+02, 0.,
       3.6726361788508825e+02, 2.2399932895774910e+02, 0., 0., 1. ]
D2: !!opencv-matrix
   rows: 5
   cols: 1
   dt: d
   data: [ -2.2201337830972428e-02, -1.1445843221826492e-03,
       2.9199201696882579e-04, -7.1705872414221615e-04,
       5.1284674356775366e-04 ]
P2: !!opencv-matrix
   rows: 3
   cols: 4
   dt: f
   data: [ 3.56854126e+02, 0., 4.04097260e+02, -6.57573359e+04, 0.,
       3.56854126e+02, 2.31816559e+02, 0., 0., 0., 1., 0. ]
R2: !!opencv-matrix
   rows: 3
   cols: 3
   dt: f
   data: [ 9.99483943e-01, -4.40918747e-03, -3.18190455e-02,
       4.26472723e-03, 9.99980271e-01, -4.60649654e-03, 3.18387300e-02,
       4.46841959e-03, 9.99483049e-01 ]
