%YAML:1.0
---
Q: !!opencv-matrix
   rows: 4
   cols: 4
   dt: f
   data: [ 1., 0., 0., -4.26036011e+02, 0., 1., 0., -2.31764404e+02, 0.,
       0., 0., 3.56621185e+02, 0., 0., 5.26547804e-03, 0. ]
R: !!opencv-matrix
   rows: 3
   cols: 3
   dt: d
   data: [ 9.9309091653015202e-01, 1.1698610629332506e-02,
       -2.5791344134500631e-03, -9.6589096891934369e-03,
       1.0011147276592556e+00, 9.2433539293728419e-03,
       3.7283540800567231e-03, -9.3323062479663925e-03,
       1.0011311648573611e+00 ]
T: !!opencv-matrix
   rows: 3
   cols: 1
   dt: d
   data: [ -1.9080434294710901e+02, 8.4166627376805780e-01,
       1.1373654889602534e+01 ]
E: !!opencv-matrix
   rows: 0
   cols: 0
   dt: u
   data: []
F: !!opencv-matrix
   rows: 0
   cols: 0
   dt: u
   data: []
K1: !!opencv-matrix
   rows: 3
   cols: 3
   dt: d
   data: [ 3.6627756984521932e+02, 0., 3.8060969928433269e+02, 0.,
       3.6653175179255015e+02, 2.3878059668569790e+02, 0., 0., 1. ]
D1: !!opencv-matrix
   rows: 5
   cols: 1
   dt: d
   data: [ -2.1859934914563901e-02, -9.9468572971318997e-04,
       1.6448003429794193e-03, -3.1164985765511365e-04,
       3.5195408316194161e-04 ]
P1: !!opencv-matrix
   rows: 3
   cols: 4
   dt: f
   data: [ 3.56621185e+02, 0., 4.26036011e+02, 0., 0., 3.56621185e+02,
       2.31764404e+02, 0., 0., 0., 1., 0. ]
R1: !!opencv-matrix
   rows: 3
   cols: 3
   dt: f
   data: [ 9.98002052e-01, 6.97521772e-03, -6.27949834e-02,
       -6.69384236e-03, 9.99966621e-01, 4.69011674e-03, 6.28255978e-02,
       -4.26040636e-03, 9.98015404e-01 ]
K2: !!opencv-matrix
   rows: 3
   cols: 3
   dt: d
   data: [ 3.6687495098581172e+02, 0., 3.7621769200552956e+02, 0.,
       3.6726361788508825e+02, 2.2399932895774910e+02, 0., 0., 1. ]
D2: !!opencv-matrix
   rows: 5
   cols: 1
   dt: d
   data: [ -2.2201337830972428e-02, -1.1445843221826492e-03,
       2.9199201696882579e-04, -7.1705872414221615e-04,
       5.1284674356775366e-04 ]
P2: !!opencv-matrix
   rows: 3
   cols: 4
   dt: f
   data: [ 3.56621185e+02, 0., 4.26036011e+02, -6.77281641e+04, 0.,
       3.56621185e+02, 2.31764404e+02, 0., 0., 0., 1., 0. ]
R2: !!opencv-matrix
   rows: 3
   cols: 3
   dt: f
   data: [ 9.98218417e-01, -4.40328987e-03, -5.95027953e-02,
       4.13670298e-03, 9.99980867e-01, -4.60267672e-03, 5.95219247e-02,
       4.34833113e-03, 9.98217523e-01 ]
