%YAML:1.0
---
Q: !!opencv-matrix
   rows: 4
   cols: 4
   dt: f
   data: [ 1., 0., 0., -4.48166779e+02, 0., 1., 0., -2.31719543e+02, 0.,
       0., 0., 3.55470398e+02, 0., 0., 5.07798884e-03, 0. ]
R: !!opencv-matrix
   rows: 3
   cols: 3
   dt: d
   data: [ 9.9868724306669687e-01, 9.7375964395541633e-03,
       -3.1338794460648990e-03, -9.6707247053419779e-03,
       9.9868856972171893e-01, 9.2233565788785599e-03,
       3.2427972122271221e-03, -9.1958258028240793e-03,
       9.9872932920746171e-01 ]
T: !!opencv-matrix
   rows: 3
   cols: 1
   dt: d
   data: [ -1.9612607759386674e+02, 8.6509142993661015e-01,
       1.7140091572851819e+01 ]
E: !!opencv-matrix
   rows: 0
   cols: 0
   dt: u
   data: []
F: !!opencv-matrix
   rows: 0
   cols: 0
   dt: u
   data: []
K1: !!opencv-matrix
   rows: 3
   cols: 3
   dt: d
   data: [ 3.6627756984521932e+02, 0., 3.8060969928433269e+02, 0.,
       3.6653175179255015e+02, 2.3878059668569790e+02, 0., 0., 1. ]
D1: !!opencv-matrix
   rows: 5
   cols: 1
   dt: d
   data: [ -2.1859934914563901e-02, -9.9468572971318997e-04,
       1.6448003429794193e-03, -3.1164985765511365e-04,
       3.5195408316194161e-04 ]
P1: !!opencv-matrix
   rows: 3
   cols: 4
   dt: f
   data: [ 3.55470398e+02, 0., 4.48166779e+02, 0., 0., 3.55470398e+02,
       2.31719543e+02, 0., 0., 0., 1., 0. ]
R1: !!opencv-matrix
   rows: 3
   cols: 3
   dt: f
   data: [ 9.95902061e-01, 6.10176427e-03, -9.02324021e-02,
       -5.70507394e-03, 9.99972880e-01, 4.65358514e-03, 9.02583525e-02,
       -4.11973242e-03, 9.95909870e-01 ]
K2: !!opencv-matrix
   rows: 3
   cols: 3
   dt: d
   data: [ 3.6687495098581172e+02, 0., 3.7621769200552956e+02, 0.,
       3.6726361788508825e+02, 2.2399932895774910e+02, 0., 0., 1. ]
D2: !!opencv-matrix
   rows: 5
   cols: 1
   dt: d
   data: [ -2.2201337830972428e-02, -1.1445843221826492e-03,
       2.9199201696882579e-04, -7.1705872414221615e-04,
       5.1284674356775366e-04 ]
P2: !!opencv-matrix
   rows: 3
   cols: 4
   dt: f
   data: [ 3.55470398e+02, 0., 4.48166779e+02, -7.00022031e+04, 0.,
       3.55470398e+02, 2.31719543e+02, 0., 0., 0., 1., 0. ]
R2: !!opencv-matrix
   rows: 3
   cols: 3
   dt: f
   data: [ 9.96193349e-01, -4.39410377e-03, -8.70605558e-02,
       4.01140004e-03, 9.99981523e-01, -4.57029510e-03, 8.70790258e-02,
       4.20366274e-03, 9.96192515e-01 ]
