%YAML:1.0
---
Q: !!opencv-matrix
   rows: 4
   cols: 4
   dt: f
   data: [ 1., 0., 0., -4.48166901e+02, 0., 1., 0., -2.31719543e+02, 0.,
       0., 0., 3.55470306e+02, 0., 0., 5.08616678e-03, 0. ]
R: !!opencv-matrix
   rows: 3
   cols: 3
   dt: d
   data: [ 9.9872083072927154e-01, 9.7377854173271126e-03,
       -3.1343011444454612e-03, -9.6710496308227839e-03,
       9.9872209766764231e-01, 9.2236676156911800e-03,
       3.2429008032611420e-03, -9.1961224687030271e-03,
       9.9876288557257886e-01 ]
T: !!opencv-matrix
   rows: 3
   cols: 1
   dt: d
   data: [ -1.9581163914075785e+02, 8.6370447410495754e-01,
       1.7112611780982618e+01 ]
E: !!opencv-matrix
   rows: 0
   cols: 0
   dt: u
   data: []
F: !!opencv-matrix
   rows: 0
   cols: 0
   dt: u
   data: []
K1: !!opencv-matrix
   rows: 3
   cols: 3
   dt: d
   data: [ 3.6627756984521932e+02, 0., 3.8060969928433269e+02, 0.,
       3.6653175179255015e+02, 2.3878059668569790e+02, 0., 0., 1. ]
D1: !!opencv-matrix
   rows: 5
   cols: 1
   dt: d
   data: [ -2.1859934914563901e-02, -9.9468572971318997e-04,
       1.6448003429794193e-03, -3.1164985765511365e-04,
       3.5195408316194161e-04 ]
P1: !!opencv-matrix
   rows: 3
   cols: 4
   dt: f
   data: [ 3.55470306e+02, 0., 4.48166901e+02, 0., 0., 3.55470306e+02,
       2.31719543e+02, 0., 0., 0., 1., 0. ]
R1: !!opencv-matrix
   rows: 3
   cols: 3
   dt: f
   data: [ 9.95902002e-01, 6.10159943e-03, -9.02327299e-02,
       -5.70490817e-03, 9.99972880e-01, 4.65357443e-03, 9.02586728e-02,
       -4.11973475e-03, 9.95909810e-01 ]
K2: !!opencv-matrix
   rows: 3
   cols: 3
   dt: d
   data: [ 3.6687495098581172e+02, 0., 3.7621769200552956e+02, 0.,
       3.6726361788508825e+02, 2.2399932895774910e+02, 0., 0., 1. ]
D2: !!opencv-matrix
   rows: 5
   cols: 1
   dt: d
   data: [ -2.2201337830972428e-02, -1.1445843221826492e-03,
       2.9199201696882579e-04, -7.1705872414221615e-04,
       5.1284674356775366e-04 ]
P2: !!opencv-matrix
   rows: 3
   cols: 4
   dt: f
   data: [ 3.55470306e+02, 0., 4.48166901e+02, -6.98896250e+04, 0.,
       3.55470306e+02, 2.31719543e+02, 0., 0., 0., 1., 0. ]
R2: !!opencv-matrix
   rows: 3
   cols: 3
   dt: f
   data: [ 9.96193349e-01, -4.39410377e-03, -8.70605558e-02,
       4.01140051e-03, 9.99981523e-01, -4.57029091e-03, 8.70790258e-02,
       4.20365855e-03, 9.96192515e-01 ]
