%YAML:1.0
---
Q: !!opencv-matrix
   rows: 4
   cols: 4
   dt: f
   data: [ 1., 0., 0., -4.48166992e+02, 0., 1., 0., -2.31719559e+02, 0.,
       0., 0., 3.55470245e+02, 0., 0., 5.07489778e-03, 0. ]
R: !!opencv-matrix
   rows: 3
   cols: 3
   dt: d
   data: [ 9.9867540516502373e-01, 9.7377938488678699e-03,
       -3.1333805129864821e-03, -9.6706114851843657e-03,
       9.9867699798156806e-01, 9.2232476795841827e-03,
       3.2427830194974986e-03, -9.1957463713143450e-03,
       9.9871771792762398e-01 ]
T: !!opencv-matrix
   rows: 3
   cols: 1
   dt: d
   data: [ -1.9623551443596222e+02, 8.6557414901557106e-01,
       1.7149655635111809e+01 ]
E: !!opencv-matrix
   rows: 0
   cols: 0
   dt: u
   data: []
F: !!opencv-matrix
   rows: 0
   cols: 0
   dt: u
   data: []
K1: !!opencv-matrix
   rows: 3
   cols: 3
   dt: d
   data: [ 3.6627756984521932e+02, 0., 3.8060969928433269e+02, 0.,
       3.6653175179255015e+02, 2.3878059668569790e+02, 0., 0., 1. ]
D1: !!opencv-matrix
   rows: 5
   cols: 1
   dt: d
   data: [ -2.1859934914563901e-02, -9.9468572971318997e-04,
       1.6448003429794193e-03, -3.1164985765511365e-04,
       3.5195408316194161e-04 ]
P1: !!opencv-matrix
   rows: 3
   cols: 4
   dt: f
   data: [ 3.55470245e+02, 0., 4.48166992e+02, 0., 0., 3.55470245e+02,
       2.31719559e+02, 0., 0., 0., 1., 0. ]
R1: !!opencv-matrix
   rows: 3
   cols: 3
   dt: f
   data: [ 9.95902002e-01, 6.10152539e-03, -9.02329683e-02,
       -5.70483319e-03, 9.99972880e-01, 4.65356978e-03, 9.02589187e-02,
       -4.11973568e-03, 9.95909810e-01 ]
K2: !!opencv-matrix
   rows: 3
   cols: 3
   dt: d
   data: [ 3.6687495098581172e+02, 0., 3.7621769200552956e+02, 0.,
       3.6726361788508825e+02, 2.2399932895774910e+02, 0., 0., 1. ]
D2: !!opencv-matrix
   rows: 5
   cols: 1
   dt: d
   data: [ -2.2201337830972428e-02, -1.1445843221826492e-03,
       2.9199201696882579e-04, -7.1705872414221615e-04,
       5.1284674356775366e-04 ]
P2: !!opencv-matrix
   rows: 3
   cols: 4
   dt: f
   data: [ 3.55470245e+02, 0., 4.48166992e+02, -7.00448125e+04, 0.,
       3.55470245e+02, 2.31719559e+02, 0., 0., 0., 1., 0. ]
R2: !!opencv-matrix
   rows: 3
   cols: 3
   dt: f
   data: [ 9.96193349e-01, -4.39410377e-03, -8.70605558e-02,
       4.01140051e-03, 9.99981523e-01, -4.57028905e-03, 8.70790258e-02,
       4.20365669e-03, 9.96192515e-01 ]
