%YAML:1.0
---
Q: !!opencv-matrix
   rows: 4
   cols: 4
   dt: f
   data: [ 1., 0., 0., -4.48163635e+02, 0., 1., 0., -2.31711456e+02, 0.,
       0., 0., 3.55644440e+02, 0., 0., 5.07018762e-03, 0. ]
R: !!opencv-matrix
   rows: 3
   cols: 3
   dt: d
   data: [ 9.9861248652522816e-01, 9.7610203742983723e-03,
       -3.0786045081257485e-03, -9.6701660238401096e-03,
       9.9864507021873317e-01, 9.2227129553593239e-03,
       3.2453972323219023e-03, -9.1975084346949051e-03,
       9.9868111782122582e-01 ]
T: !!opencv-matrix
   rows: 3
   cols: 1
   dt: d
   data: [ -1.9664292750536600e+02, 8.6736965585226267e-01,
       1.7185244905215690e+01 ]
E: !!opencv-matrix
   rows: 0
   cols: 0
   dt: u
   data: []
F: !!opencv-matrix
   rows: 0
   cols: 0
   dt: u
   data: []
K1: !!opencv-matrix
   rows: 3
   cols: 3
   dt: d
   data: [ 3.6627756984521932e+02, 0., 3.8060969928433269e+02, 0.,
       3.6653175179255015e+02, 2.3878059668569790e+02, 0., 0., 1. ]
D1: !!opencv-matrix
   rows: 5
   cols: 1
   dt: d
   data: [ -2.1859934914563901e-02, -9.9468572971318997e-04,
       1.6448003429794193e-03, -3.1164985765511365e-04,
       3.5195408316194161e-04 ]
P1: !!opencv-matrix
   rows: 3
   cols: 4
   dt: f
   data: [ 3.55644440e+02, 0., 4.48163635e+02, 0., 0., 3.55644440e+02,
       2.31711456e+02, 0., 0., 0., 1., 0. ]
R1: !!opencv-matrix
   rows: 3
   cols: 3
   dt: f
   data: [ 9.95900869e-01, 6.41124649e-03, -9.02240425e-02,
       -6.01395732e-03, 9.99970973e-01, 4.67453431e-03, 9.02513936e-02,
       -4.11276938e-03, 9.95910525e-01 ]
K2: !!opencv-matrix
   rows: 3
   cols: 3
   dt: d
   data: [ 3.6687495098581172e+02, 0., 3.7621769200552956e+02, 0.,
       3.6726361788508825e+02, 2.2399932895774910e+02, 0., 0., 1. ]
D2: !!opencv-matrix
   rows: 5
   cols: 1
   dt: d
   data: [ -2.2201337830972428e-02, -1.1445843221826492e-03,
       2.9199201696882579e-04, -7.1705872414221615e-04,
       5.1284674356775366e-04 ]
P2: !!opencv-matrix
   rows: 3
   cols: 4
   dt: f
   data: [ 3.55644440e+02, 0., 4.48163635e+02, -7.01442344e+04, 0.,
       3.55644440e+02, 2.31711456e+02, 0., 0., 0., 1., 0. ]
R2: !!opencv-matrix
   rows: 3
   cols: 3
   dt: f
   data: [ 9.96193349e-01, -4.39410470e-03, -8.70605633e-02,
       4.01079096e-03, 9.99981463e-01, -4.57727676e-03, 8.70790705e-02,
       4.21067094e-03, 9.96192515e-01 ]
