%YAML:1.0
---
Q: !!opencv-matrix
   rows: 4
   cols: 4
   dt: f
   data: [ 1., 0., 0., -4.48156128e+02, 0., 1., 0., -2.31719269e+02, 0.,
       0., 0., 3.55477875e+02, 0., 0., 5.06600132e-03, 0. ]
R: !!opencv-matrix
   rows: 3
   cols: 3
   dt: d
   data: [ 9.9863821710066636e-01, 9.7490360068871462e-03,
       -3.1078741960892929e-03, -9.6703102556786671e-03,
       9.9865092393029631e-01, 9.2228951959817933e-03,
       3.2436741124161777e-03, -9.1965111383888864e-03,
       9.9868947167333288e-01 ]
T: !!opencv-matrix
   rows: 3
   cols: 1
   dt: d
   data: [ -1.9652282961921742e+02, 8.6684149188583581e-01,
       1.7174764530865794e+01 ]
E: !!opencv-matrix
   rows: 0
   cols: 0
   dt: u
   data: []
F: !!opencv-matrix
   rows: 0
   cols: 0
   dt: u
   data: []
K1: !!opencv-matrix
   rows: 3
   cols: 3
   dt: d
   data: [ 3.6627756984521932e+02, 0., 3.8060969928433269e+02, 0.,
       3.6653175179255015e+02, 2.3878059668569790e+02, 0., 0., 1. ]
D1: !!opencv-matrix
   rows: 5
   cols: 1
   dt: d
   data: [ -2.1859934914563901e-02, -9.9468572971318997e-04,
       1.6448003429794193e-03, -3.1164985765511365e-04,
       3.5195408316194161e-04 ]
P1: !!opencv-matrix
   rows: 3
   cols: 4
   dt: f
   data: [ 3.55477875e+02, 0., 4.48156128e+02, 0., 0., 3.55477875e+02,
       2.31719269e+02, 0., 0., 0., 1., 0. ]
R1: !!opencv-matrix
   rows: 3
   cols: 3
   dt: f
   data: [ 9.95904326e-01, 6.11376157e-03, -9.02064368e-02,
       -5.71715692e-03, 9.99972820e-01, 4.65436606e-03, 9.02324468e-02,
       -4.11957875e-03, 9.95912194e-01 ]
K2: !!opencv-matrix
   rows: 3
   cols: 3
   dt: d
   data: [ 3.6687495098581172e+02, 0., 3.7621769200552956e+02, 0.,
       3.6726361788508825e+02, 2.2399932895774910e+02, 0., 0., 1. ]
D2: !!opencv-matrix
   rows: 5
   cols: 1
   dt: d
   data: [ -2.2201337830972428e-02, -1.1445843221826492e-03,
       2.9199201696882579e-04, -7.1705872414221615e-04,
       5.1284674356775366e-04 ]
P2: !!opencv-matrix
   rows: 3
   cols: 4
   dt: f
   data: [ 3.55477875e+02, 0., 4.48156128e+02, -7.01693203e+04, 0.,
       3.55477875e+02, 2.31719269e+02, 0., 0., 0., 1., 0. ]
R2: !!opencv-matrix
   rows: 3
   cols: 3
   dt: f
   data: [ 9.96193349e-01, -4.39409586e-03, -8.70604739e-02,
       4.01136559e-03, 9.99981523e-01, -4.57060523e-03, 8.70789513e-02,
       4.20397473e-03, 9.96192515e-01 ]
