%YAML:1.0
---
Q: !!opencv-matrix
   rows: 4
   cols: 4
   dt: f
   data: [ 1., 0., 0., -4.25966705e+02, 0., 1., 0., -2.31770767e+02, 0.,
       0., 0., 3.56443176e+02, 0., 0., 5.22015989e-03, 0. ]
R: !!opencv-matrix
   rows: 3
   cols: 3
   dt: d
   data: [ 9.9604535148078910e-01, 1.0833535439117624e-02,
       -2.7916825818714752e-03, -9.6660878232996111e-03,
       1.0000081088724155e+00, 9.2340519442248529e-03,
       3.4824499965168967e-03, -9.2711627045458881e-03,
       1.0000336093442581e+00 ]
T: !!opencv-matrix
   rows: 3
   cols: 1
   dt: d
   data: [ -1.9127509525934784e+02, 8.4374282790515354e-01,
       1.1401716234576698e+01 ]
E: !!opencv-matrix
   rows: 0
   cols: 0
   dt: u
   data: []
F: !!opencv-matrix
   rows: 0
   cols: 0
   dt: u
   data: []
K1: !!opencv-matrix
   rows: 3
   cols: 3
   dt: d
   data: [ 3.6627756984521932e+02, 0., 3.8060969928433269e+02, 0.,
       3.6653175179255015e+02, 2.3878059668569790e+02, 0., 0., 1. ]
D1: !!opencv-matrix
   rows: 5
   cols: 1
   dt: d
   data: [ -2.1859934914563901e-02, -9.9468572971318997e-04,
       1.6448003429794193e-03, -3.1164985765511365e-04,
       3.5195408316194161e-04 ]
P1: !!opencv-matrix
   rows: 3
   cols: 4
   dt: f
   data: [ 3.56443176e+02, 0., 4.25966705e+02, 0., 0., 3.56443176e+02,
       2.31770767e+02, 0., 0., 0., 1., 0. ]
R1: !!opencv-matrix
   rows: 3
   cols: 3
   dt: f
   data: [ 9.98015106e-01, 6.65435428e-03, -6.26224652e-02,
       -6.37405552e-03, 9.99968767e-01, 4.67472570e-03, 6.26516119e-02,
       -4.26628767e-03, 9.98026311e-01 ]
K2: !!opencv-matrix
   rows: 3
   cols: 3
   dt: d
   data: [ 3.6687495098581172e+02, 0., 3.7621769200552956e+02, 0.,
       3.6726361788508825e+02, 2.2399932895774910e+02, 0., 0., 1. ]
D2: !!opencv-matrix
   rows: 5
   cols: 1
   dt: d
   data: [ -2.2201337830972428e-02, -1.1445843221826492e-03,
       2.9199201696882579e-04, -7.1705872414221615e-04,
       5.1284674356775366e-04 ]
P2: !!opencv-matrix
   rows: 3
   cols: 4
   dt: f
   data: [ 3.56443176e+02, 0., 4.25966705e+02, -6.82820469e+04, 0.,
       3.56443176e+02, 2.31770767e+02, 0., 0., 0., 1., 0. ]
R2: !!opencv-matrix
   rows: 3
   cols: 3
   dt: f
   data: [ 9.98218417e-01, -4.40328941e-03, -5.95027953e-02,
       4.13698703e-03, 9.99980867e-01, -4.59791115e-03, 5.95219061e-02,
       4.34355717e-03, 9.98217523e-01 ]
