%YAML:1.0
---
Q: !!opencv-matrix
   rows: 4
   cols: 4
   dt: f
   data: [ 1., 0., 0., -4.25988403e+02, 0., 1., 0., -2.31785645e+02, 0.,
       0., 0., 3.55993225e+02, 0., 0., 5.22060227e-03, 0. ]
R: !!opencv-matrix
   rows: 3
   cols: 3
   dt: d
   data: [ 9.9903945474737388e-01, 9.7375462062309886e-03,
       -3.1362782206700050e-03, -9.6740793291733729e-03,
       9.9902359763067761e-01, 9.2264490650662296e-03,
       3.2417918926018474e-03, -9.1972985140124676e-03,
       9.9906499161456719e-01 ]
T: !!opencv-matrix
   rows: 3
   cols: 1
   dt: d
   data: [ -1.9116979803766736e+02, 8.4327820906698703e-01,
       1.1395437708600559e+01 ]
E: !!opencv-matrix
   rows: 0
   cols: 0
   dt: u
   data: []
F: !!opencv-matrix
   rows: 0
   cols: 0
   dt: u
   data: []
K1: !!opencv-matrix
   rows: 3
   cols: 3
   dt: d
   data: [ 3.6627756984521932e+02, 0., 3.8060969928433269e+02, 0.,
       3.6653175179255015e+02, 2.3878059668569790e+02, 0., 0., 1. ]
D1: !!opencv-matrix
   rows: 5
   cols: 1
   dt: d
   data: [ -2.1859934914563901e-02, -9.9468572971318997e-04,
       1.6448003429794193e-03, -3.1164985765511365e-04,
       3.5195408316194161e-04 ]
P1: !!opencv-matrix
   rows: 3
   cols: 4
   dt: f
   data: [ 3.55993225e+02, 0., 4.25988403e+02, 0., 0., 3.55993225e+02,
       2.31785645e+02, 0., 0., 0., 1., 0. ]
R1: !!opencv-matrix
   rows: 3
   cols: 3
   dt: f
   data: [ 9.98016596e-01, 5.85840037e-03, -6.26786202e-02,
       -5.57864644e-03, 9.99973714e-01, 4.63738246e-03, 6.27041459e-02,
       -4.27852245e-03, 9.98022974e-01 ]
K2: !!opencv-matrix
   rows: 3
   cols: 3
   dt: d
   data: [ 3.6687495098581172e+02, 0., 3.7621769200552956e+02, 0.,
       3.6726361788508825e+02, 2.2399932895774910e+02, 0., 0., 1. ]
D2: !!opencv-matrix
   rows: 5
   cols: 1
   dt: d
   data: [ -2.2201337830972428e-02, -1.1445843221826492e-03,
       2.9199201696882579e-04, -7.1705872414221615e-04,
       5.1284674356775366e-04 ]
P2: !!opencv-matrix
   rows: 3
   cols: 4
   dt: f
   data: [ 3.55993225e+02, 0., 4.25988403e+02, -6.81900703e+04, 0.,
       3.55993225e+02, 2.31785645e+02, 0., 0., 0., 1., 0. ]
R2: !!opencv-matrix
   rows: 3
   cols: 3
   dt: f
   data: [ 9.98218417e-01, -4.40328894e-03, -5.95027879e-02,
       4.13773488e-03, 9.99980927e-01, -4.58536576e-03, 5.95218427e-02,
       4.33098990e-03, 9.98217583e-01 ]
