%YAML:1.0
---
Q: !!opencv-matrix
   rows: 4
   cols: 4
   dt: f
   data: [ 1., 0., 0., -4.04094604e+02, 0., 1., 0., -2.31829010e+02, 0.,
       0., 0., 3.56248169e+02, 0., 0., 5.37578668e-03, 0. ]
R: !!opencv-matrix
   rows: 3
   cols: 3
   dt: d
   data: [ 9.9945965668406445e-01, 9.7347231246605187e-03,
       -3.1447994646051913e-03, -9.6779774995640836e-03,
       9.9941460478968047e-01, 9.2300727994283557e-03,
       3.2414970141532878e-03, -9.2001341961145348e-03,
       9.9945631947199298e-01 ]
T: !!opencv-matrix
   rows: 3
   cols: 1
   dt: d
   data: [ -1.8589867653030828e+02, 8.2008523064149119e-01,
       5.9181722947430160e+00 ]
E: !!opencv-matrix
   rows: 0
   cols: 0
   dt: u
   data: []
F: !!opencv-matrix
   rows: 0
   cols: 0
   dt: u
   data: []
K1: !!opencv-matrix
   rows: 3
   cols: 3
   dt: d
   data: [ 3.6627756984521932e+02, 0., 3.8060969928433269e+02, 0.,
       3.6653175179255015e+02, 2.3878059668569790e+02, 0., 0., 1. ]
D1: !!opencv-matrix
   rows: 5
   cols: 1
   dt: d
   data: [ -2.1859934914563901e-02, -9.9468572971318997e-04,
       1.6448003429794193e-03, -3.1164985765511365e-04,
       3.5195408316194161e-04 ]
P1: !!opencv-matrix
   rows: 3
   cols: 4
   dt: f
   data: [ 3.56248169e+02, 0., 4.04094604e+02, 0., 0., 3.56248169e+02,
       2.31829010e+02, 0., 0., 0., 1., 0. ]
R1: !!opencv-matrix
   rows: 3
   cols: 3
   dt: f
   data: [ 9.99371469e-01, 5.60644781e-03, -3.50032263e-02,
       -5.44784730e-03, 9.99974489e-01, 4.62475792e-03, 3.50282639e-02,
       -4.43115877e-03, 9.99376476e-01 ]
K2: !!opencv-matrix
   rows: 3
   cols: 3
   dt: d
   data: [ 3.6687495098581172e+02, 0., 3.7621769200552956e+02, 0.,
       3.6726361788508825e+02, 2.2399932895774910e+02, 0., 0., 1. ]
D2: !!opencv-matrix
   rows: 5
   cols: 1
   dt: d
   data: [ -2.2201337830972428e-02, -1.1445843221826492e-03,
       2.9199201696882579e-04, -7.1705872414221615e-04,
       5.1284674356775366e-04 ]
P2: !!opencv-matrix
   rows: 3
   cols: 4
   dt: f
   data: [ 3.56248169e+02, 0., 4.04094604e+02, -6.62690313e+04, 0.,
       3.56248169e+02, 2.31829010e+02, 0., 0., 0., 1., 0. ]
R2: !!opencv-matrix
   rows: 3
   cols: 3
   dt: f
   data: [ 9.99483943e-01, -4.40918701e-03, -3.18190418e-02,
       4.26502526e-03, 9.99980330e-01, -4.59712651e-03, 3.18386890e-02,
       4.45904490e-03, 9.99483049e-01 ]
