%YAML:1.0
---
Q: !!opencv-matrix
   rows: 4
   cols: 4
   dt: f
   data: [ 1., 0., 0., -4.04985046e+02, 0., 1., 0., -2.33224609e+02, 0.,
       0., 0., 3.69083405e+02, 0., 0., 2.50571524e-04, 0. ]
R: !!opencv-matrix
   rows: 3
   cols: 3
   dt: d
   data: [ 1.0432852286180041e+00, -4.4767713955961935e-02,
       5.0750522968657751e-02, 4.6929531639884295e-02,
       1.0435018615795886e+00, -4.5531838912838858e-02,
       -4.8847271539433509e-02, 4.7733545377717332e-02,
       1.0433203884867654e+00 ]
T: !!opencv-matrix
   rows: 3
   cols: 1
   dt: d
   data: [ -4.0101213434866313e+03, 2.4050158212825761e+02,
       2.3905826135738477e+02 ]
E: !!opencv-matrix
   rows: 0
   cols: 0
   dt: u
   data: []
F: !!opencv-matrix
   rows: 0
   cols: 0
   dt: u
   data: []
K1: !!opencv-matrix
   rows: 3
   cols: 3
   dt: d
   data: [ 3.6627756984521932e+02, 0., 3.8060969928433269e+02, 0.,
       3.6653175179255015e+02, 2.3878059668569790e+02, 0., 0., 1. ]
D1: !!opencv-matrix
   rows: 5
   cols: 1
   dt: d
   data: [ -2.1859934914563901e-02, -9.9468572971318997e-04,
       1.6448003429794193e-03, -3.1164985765511365e-04,
       3.5195408316194161e-04 ]
P1: !!opencv-matrix
   rows: 3
   cols: 4
   dt: f
   data: [ 3.69083405e+02, 0., 4.04985046e+02, 0., 0., 3.69083405e+02,
       2.33224609e+02, 0., 0., 0., 1., 0. ]
R1: !!opencv-matrix
   rows: 3
   cols: 3
   dt: f
   data: [ 9.94443476e-01, -1.04952715e-01, -8.19250755e-03,
       1.04757868e-01, 9.94267523e-01, -2.13975552e-02, 1.03912763e-02,
       2.04204302e-02, 9.99737501e-01 ]
K2: !!opencv-matrix
   rows: 3
   cols: 3
   dt: d
   data: [ 3.6687495098581172e+02, 0., 3.7621769200552956e+02, 0.,
       3.6726361788508825e+02, 2.2399932895774910e+02, 0., 0., 1. ]
D2: !!opencv-matrix
   rows: 5
   cols: 1
   dt: d
   data: [ -2.2201337830972428e-02, -1.1445843221826492e-03,
       2.9199201696882579e-04, -7.1705872414221615e-04,
       5.1284674356775366e-04 ]
P2: !!opencv-matrix
   rows: 3
   cols: 4
   dt: f
   data: [ 3.69083405e+02, 0., 4.04985046e+02, -1.47296625e+06, 0.,
       3.69083405e+02, 2.33224609e+02, 0., 0., 0., 1., 0. ]
R2: !!opencv-matrix
   rows: 3
   cols: 3
   dt: f
   data: [ 9.96443748e-01, -5.97603619e-02, -5.94017208e-02,
       6.09921031e-02, 9.97954667e-01, 1.91419944e-02, 5.81362918e-02,
       -2.26969570e-02, 9.98050630e-01 ]
