%YAML:1.0
---
Q: !!opencv-matrix
   rows: 4
   cols: 4
   dt: f
   data: [ 1., 0., 0., -4.04996521e+02, 0., 1., 0., -2.33225540e+02, 0.,
       0., 0., 3.69078857e+02, 0., 0., 2.60652014e-04, 0. ]
R: !!opencv-matrix
   rows: 3
   cols: 3
   dt: d
   data: [ 1.0433350761254911e+00, -4.4693058403669654e-02,
       5.0840591061402707e-02, 4.6928628403878805e-02,
       1.0435172150324341e+00, -4.5538050156539070e-02,
       -4.8849988836859377e-02, 4.7729953508378012e-02,
       1.0433349553518048e+00 ]
T: !!opencv-matrix
   rows: 3
   cols: 1
   dt: d
   data: [ -3.9766839207135727e+03, 2.3849621812086653e+02,
       2.3706493209852195e+02 ]
E: !!opencv-matrix
   rows: 0
   cols: 0
   dt: u
   data: []
F: !!opencv-matrix
   rows: 0
   cols: 0
   dt: u
   data: []
K1: !!opencv-matrix
   rows: 3
   cols: 3
   dt: d
   data: [ 3.6627756984521932e+02, 0., 3.8060969928433269e+02, 0.,
       3.6653175179255015e+02, 2.3878059668569790e+02, 0., 0., 1. ]
D1: !!opencv-matrix
   rows: 5
   cols: 1
   dt: d
   data: [ -2.1859934914563901e-02, -9.9468572971318997e-04,
       1.6448003429794193e-03, -3.1164985765511365e-04,
       3.5195408316194161e-04 ]
P1: !!opencv-matrix
   rows: 3
   cols: 4
   dt: f
   data: [ 3.69078857e+02, 0., 4.04996521e+02, 0., 0., 3.69078857e+02,
       2.33225540e+02, 0., 0., 0., 1., 0. ]
R1: !!opencv-matrix
   rows: 3
   cols: 3
   dt: f
   data: [ 9.94440556e-01, -1.04978018e-01, -8.22183304e-03,
       1.04782559e-01, 9.94264901e-01, -2.13984866e-02, 1.04210507e-02,
       2.04180181e-02, 9.99737203e-01 ]
K2: !!opencv-matrix
   rows: 3
   cols: 3
   dt: d
   data: [ 3.6687495098581172e+02, 0., 3.7621769200552956e+02, 0.,
       3.6726361788508825e+02, 2.2399932895774910e+02, 0., 0., 1. ]
D2: !!opencv-matrix
   rows: 5
   cols: 1
   dt: d
   data: [ -2.2201337830972428e-02, -1.1445843221826492e-03,
       2.9199201696882579e-04, -7.1705872414221615e-04,
       5.1284674356775366e-04 ]
P2: !!opencv-matrix
   rows: 3
   cols: 4
   dt: f
   data: [ 3.69078857e+02, 0., 4.04996521e+02, -1.41598313e+06, 0.,
       3.69078857e+02, 2.33225540e+02, 0., 0., 0., 1., 0. ]
R2: !!opencv-matrix
   rows: 3
   cols: 3
   dt: f
   data: [ 9.96443748e-01, -5.97603619e-02, -5.94017208e-02,
       6.09920584e-02, 9.97954726e-01, 1.91412698e-02, 5.81363365e-02,
       -2.26962324e-02, 9.98050630e-01 ]
