%YAML:1.0
---
Q: !!opencv-matrix
   rows: 4
   cols: 4
   dt: f
   data: [ 1., 0., 0., -3.83040619e+02, 0., 1., 0., -2.32169159e+02, 0.,
       0., 0., 3.61060791e+02, 0., 0., 4.42853052e-04, 0. ]
R: !!opencv-matrix
   rows: 3
   cols: 3
   dt: d
   data: [ 1.0449445778109361e+00, 9.3526161013938874e-03,
       -3.7460729567524755e-03, -1.0170987004003257e-02,
       1.0439088821614171e+00, 9.6678074897970489e-03,
       3.3816362552494105e-03, -9.6050423838902627e-03,
       1.0439072695687139e+00 ]
T: !!opencv-matrix
   rows: 3
   cols: 1
   dt: d
   data: [ -2.2702726785478485e+03, 1.3615799703475133e+02,
       9.2028461639535362e+00 ]
E: !!opencv-matrix
   rows: 0
   cols: 0
   dt: u
   data: []
F: !!opencv-matrix
   rows: 0
   cols: 0
   dt: u
   data: []
K1: !!opencv-matrix
   rows: 3
   cols: 3
   dt: d
   data: [ 3.6627756984521932e+02, 0., 3.8060969928433269e+02, 0.,
       3.6653175179255015e+02, 2.3878059668569790e+02, 0., 0., 1. ]
D1: !!opencv-matrix
   rows: 5
   cols: 1
   dt: d
   data: [ -2.1859934914563901e-02, -9.9468572971318997e-04,
       1.6448003429794193e-03, -3.1164985765511365e-04,
       3.5195408316194161e-04 ]
P1: !!opencv-matrix
   rows: 3
   cols: 4
   dt: f
   data: [ 3.61060791e+02, 0., 3.83040619e+02, 0., 0., 3.61060791e+02,
       2.32169159e+02, 0., 0., 0., 1., 0. ]
R1: !!opencv-matrix
   rows: 3
   cols: 3
   dt: f
   data: [ 9.98690009e-01, -5.05479425e-02, -7.94870406e-03,
       5.05836084e-02, 9.98710334e-01, 4.35164757e-03, 7.71848625e-03,
       -4.74802125e-03, 9.99958932e-01 ]
K2: !!opencv-matrix
   rows: 3
   cols: 3
   dt: d
   data: [ 3.6687495098581172e+02, 0., 3.7621769200552956e+02, 0.,
       3.6726361788508825e+02, 2.2399932895774910e+02, 0., 0., 1. ]
D2: !!opencv-matrix
   rows: 5
   cols: 1
   dt: d
   data: [ -2.2201337830972428e-02, -1.1445843221826492e-03,
       2.9199201696882579e-04, -7.1705872414221615e-04,
       5.1284674356775366e-04 ]
P2: !!opencv-matrix
   rows: 3
   cols: 4
   dt: f
   data: [ 3.61060791e+02, 0., 3.83040619e+02, -8.15306063e+05, 0.,
       3.61060791e+02, 2.32169159e+02, 0., 0., 0., 1., 0. ]
R2: !!opencv-matrix
   rows: 3
   cols: 3
   dt: f
   data: [ 9.98198211e-01, -5.98662309e-02, -4.04632650e-03,
       5.98471873e-02, 9.98196602e-01, -4.67456644e-03, 4.31887805e-03,
       4.42398246e-03, 9.99980867e-01 ]
