%YAML:1.0
---
Q: !!opencv-matrix
   rows: 4
   cols: 4
   dt: f
   data: [ 1., 0., 0., -4.05017761e+02, 0., 1., 0., -2.33227371e+02, 0.,
       0., 0., 3.69075867e+02, 0., 0., 2.97170540e-04, 0. ]
R: !!opencv-matrix
   rows: 3
   cols: 3
   dt: d
   data: [ 1.0436163827623393e+00, -4.4922997822833731e-02,
       5.0675717168744597e-02, 4.6967574267095392e-02,
       1.0440615585082442e+00, -4.5549820266647292e-02,
       -4.8859955056546021e-02, 4.7766632675989948e-02,
       1.0438781555779388e+00 ]
T: !!opencv-matrix
   rows: 3
   cols: 1
   dt: d
   data: [ -3.3874710094857528e+03, 2.0315897383820288e+02,
       2.0193975715062129e+02 ]
E: !!opencv-matrix
   rows: 0
   cols: 0
   dt: u
   data: []
F: !!opencv-matrix
   rows: 0
   cols: 0
   dt: u
   data: []
K1: !!opencv-matrix
   rows: 3
   cols: 3
   dt: d
   data: [ 3.6627756984521932e+02, 0., 3.8060969928433269e+02, 0.,
       3.6653175179255015e+02, 2.3878059668569790e+02, 0., 0., 1. ]
D1: !!opencv-matrix
   rows: 5
   cols: 1
   dt: d
   data: [ -2.1859934914563901e-02, -9.9468572971318997e-04,
       1.6448003429794193e-03, -3.1164985765511365e-04,
       3.5195408316194161e-04 ]
P1: !!opencv-matrix
   rows: 3
   cols: 4
   dt: f
   data: [ 3.69075867e+02, 0., 4.05017761e+02, 0., 0., 3.69075867e+02,
       2.33227371e+02, 0., 0., 0., 1., 0. ]
R1: !!opencv-matrix
   rows: 3
   cols: 3
   dt: f
   data: [ 9.94433284e-01, -1.05042465e-01, -8.27590935e-03,
       1.04845874e-01, 9.94258225e-01, -2.14003194e-02, 1.04763340e-02,
       2.04134956e-02, 9.99736726e-01 ]
K2: !!opencv-matrix
   rows: 3
   cols: 3
   dt: d
   data: [ 3.6687495098581172e+02, 0., 3.7621769200552956e+02, 0.,
       3.6726361788508825e+02, 2.2399932895774910e+02, 0., 0., 1. ]
D2: !!opencv-matrix
   rows: 5
   cols: 1
   dt: d
   data: [ -2.2201337830972428e-02, -1.1445843221826492e-03,
       2.9199201696882579e-04, -7.1705872414221615e-04,
       5.1284674356775366e-04 ]
P2: !!opencv-matrix
   rows: 3
   cols: 4
   dt: f
   data: [ 3.69075867e+02, 0., 4.05017761e+02, -1.24196650e+06, 0.,
       3.69075867e+02, 2.33227371e+02, 0., 0., 0., 1., 0. ]
R2: !!opencv-matrix
   rows: 3
   cols: 3
   dt: f
   data: [ 9.96443748e-01, -5.97603619e-02, -5.94017208e-02,
       6.09919839e-02, 9.97954726e-01, 1.91399623e-02, 5.81364185e-02,
       -2.26949248e-02, 9.98050630e-01 ]
