%YAML:1.0
---
Q: !!opencv-matrix
   rows: 4
   cols: 4
   dt: f
   data: [ 1., 0., 0., -4.05006287e+02, 0., 1., 0., -2.33226349e+02, 0.,
       0., 0., 3.69075134e+02, 0., 0., 2.64737289e-04, 0. ]
R: !!opencv-matrix
   rows: 3
   cols: 3
   dt: d
   data: [ 1.0434359440602694e+00, -4.4749527060331591e-02,
       5.0785460718112858e-02, 4.6935221141496529e-02,
       1.0436407685287323e+00, -4.5539649230893021e-02,
       -4.8854460997715718e-02, 4.7738522739536889e-02,
       1.0434590470708605e+00 ]
T: !!opencv-matrix
   rows: 3
   cols: 1
   dt: d
   data: [ -3.8228892216895633e+03, 2.2927258987638660e+02,
       2.2789665758269459e+02 ]
E: !!opencv-matrix
   rows: 0
   cols: 0
   dt: u
   data: []
F: !!opencv-matrix
   rows: 0
   cols: 0
   dt: u
   data: []
K1: !!opencv-matrix
   rows: 3
   cols: 3
   dt: d
   data: [ 3.6627756984521932e+02, 0., 3.8060969928433269e+02, 0.,
       3.6653175179255015e+02, 2.3878059668569790e+02, 0., 0., 1. ]
D1: !!opencv-matrix
   rows: 5
   cols: 1
   dt: d
   data: [ -2.1859934914563901e-02, -9.9468572971318997e-04,
       1.6448003429794193e-03, -3.1164985765511365e-04,
       3.5195408316194161e-04 ]
P1: !!opencv-matrix
   rows: 3
   cols: 4
   dt: f
   data: [ 3.69075134e+02, 0., 4.05006287e+02, 0., 0., 3.69075134e+02,
       2.33226349e+02, 0., 0., 0., 1., 0. ]
R1: !!opencv-matrix
   rows: 3
   cols: 3
   dt: f
   data: [ 9.94438052e-01, -1.04999870e-01, -8.24669842e-03,
       1.04803890e-01, 9.94262636e-01, -2.13992782e-02, 1.04463063e-02,
       2.04159711e-02, 9.99737024e-01 ]
K2: !!opencv-matrix
   rows: 3
   cols: 3
   dt: d
   data: [ 3.6687495098581172e+02, 0., 3.7621769200552956e+02, 0.,
       3.6726361788508825e+02, 2.2399932895774910e+02, 0., 0., 1. ]
D2: !!opencv-matrix
   rows: 5
   cols: 1
   dt: d
   data: [ -2.2201337830972428e-02, -1.1445843221826492e-03,
       2.9199201696882579e-04, -7.1705872414221615e-04,
       5.1284674356775366e-04 ]
P2: !!opencv-matrix
   rows: 3
   cols: 4
   dt: f
   data: [ 3.69075134e+02, 0., 4.05006287e+02, -1.39411838e+06, 0.,
       3.69075134e+02, 2.33226349e+02, 0., 0., 0., 1., 0. ]
R2: !!opencv-matrix
   rows: 3
   cols: 3
   dt: f
   data: [ 9.96443748e-01, -5.97603619e-02, -5.94017208e-02,
       6.09920248e-02, 9.97954726e-01, 1.91406552e-02, 5.81363738e-02,
       -2.26956178e-02, 9.98050630e-01 ]
