%YAML:1.0
---
Q: !!opencv-matrix
   rows: 4
   cols: 4
   dt: f
   data: [ 1., 0., 0., -3.83037079e+02, 0., 1., 0., -2.32168350e+02, 0.,
       0., 0., 3.61095398e+02, 0., 0., 4.35082446e-04, 0. ]
R: !!opencv-matrix
   rows: 3
   cols: 3
   dt: d
   data: [ 1.0442181988396282e+00, 9.7784421830027658e-03,
       -3.5894659148125270e-03, -1.0122888777002421e-02,
       1.0439735512328645e+00, 9.6592306720758581e-03,
       3.3852386196002210e-03, -9.6075948151056727e-03,
       1.0439967925452334e+00 ]
T: !!opencv-matrix
   rows: 3
   cols: 1
   dt: d
   data: [ -2.3277623615673519e+03, 1.3960589998567116e+02,
       9.4358879834676035e+00 ]
E: !!opencv-matrix
   rows: 0
   cols: 0
   dt: u
   data: []
F: !!opencv-matrix
   rows: 0
   cols: 0
   dt: u
   data: []
K1: !!opencv-matrix
   rows: 3
   cols: 3
   dt: d
   data: [ 3.6627756984521932e+02, 0., 3.8060969928433269e+02, 0.,
       3.6653175179255015e+02, 2.3878059668569790e+02, 0., 0., 1. ]
D1: !!opencv-matrix
   rows: 5
   cols: 1
   dt: d
   data: [ -2.1859934914563901e-02, -9.9468572971318997e-04,
       1.6448003429794193e-03, -3.1164985765511365e-04,
       3.5195408316194161e-04 ]
P1: !!opencv-matrix
   rows: 3
   cols: 4
   dt: f
   data: [ 3.61095398e+02, 0., 3.83037079e+02, 0., 0., 3.61095398e+02,
       2.32168350e+02, 0., 0., 0., 1., 0. ]
R1: !!opencv-matrix
   rows: 3
   cols: 3
   dt: f
   data: [ 9.98697698e-01, -5.03969155e-02, -7.93915801e-03,
       5.04325405e-02, 9.98717964e-01, 4.35265852e-03, 7.70961959e-03,
       -4.74738190e-03, 9.99958992e-01 ]
K2: !!opencv-matrix
   rows: 3
   cols: 3
   dt: d
   data: [ 3.6687495098581172e+02, 0., 3.7621769200552956e+02, 0.,
       3.6726361788508825e+02, 2.2399932895774910e+02, 0., 0., 1. ]
D2: !!opencv-matrix
   rows: 5
   cols: 1
   dt: d
   data: [ -2.2201337830972428e-02, -1.1445843221826492e-03,
       2.9199201696882579e-04, -7.1705872414221615e-04,
       5.1284674356775366e-04 ]
P2: !!opencv-matrix
   rows: 3
   cols: 4
   dt: f
   data: [ 3.61095398e+02, 0., 3.83037079e+02, -8.29947063e+05, 0.,
       3.61095398e+02, 2.32168350e+02, 0., 0., 0., 1., 0. ]
R2: !!opencv-matrix
   rows: 3
   cols: 3
   dt: f
   data: [ 9.98198211e-01, -5.98662309e-02, -4.04632650e-03,
       5.98471835e-02, 9.98196602e-01, -4.67474386e-03, 4.31888876e-03,
       4.42415988e-03, 9.99980867e-01 ]
