%YAML:1.0
---
Q: !!opencv-matrix
   rows: 4
   cols: 4
   dt: f
   data: [ 1., 0., 0., -4.26658478e+02, 0., 1., 0., -2.33686127e+02, 0.,
       0., 0., 3.64716309e+02, 0., 0., 3.88644112e-04, 0. ]
R: !!opencv-matrix
   rows: 3
   cols: 3
   dt: d
   data: [ 1.0433458721865323e+00, 1.0401106379459372e-02,
       -3.7563253372052364e-03, -1.0077876439689619e-02,
       1.0437920682477633e+00, 9.6679586327339910e-03,
       3.4154587078938548e-03, -9.6233901549810097e-03,
       1.0438792379785606e+00 ]
T: !!opencv-matrix
   rows: 3
   cols: 1
   dt: d
   data: [ -2.5984521840835246e+03, 1.5583961630047946e+02,
       1.5490871834672157e+02 ]
E: !!opencv-matrix
   rows: 0
   cols: 0
   dt: u
   data: []
F: !!opencv-matrix
   rows: 0
   cols: 0
   dt: u
   data: []
K1: !!opencv-matrix
   rows: 3
   cols: 3
   dt: d
   data: [ 3.6627756984521932e+02, 0., 3.8060969928433269e+02, 0.,
       3.6653175179255015e+02, 2.3878059668569790e+02, 0., 0., 1. ]
D1: !!opencv-matrix
   rows: 5
   cols: 1
   dt: d
   data: [ -2.1859934914563901e-02, -9.9468572971318997e-04,
       1.6448003429794193e-03, -3.1164985765511365e-04,
       3.5195408316194161e-04 ]
P1: !!opencv-matrix
   rows: 3
   cols: 4
   dt: f
   data: [ 3.64716309e+02, 0., 4.26658478e+02, 0., 0., 3.64716309e+02,
       2.33686127e+02, 0., 0., 0., 1., 0. ]
R1: !!opencv-matrix
   rows: 3
   cols: 3
   dt: f
   data: [ 9.96769369e-01, -4.92460541e-02, -6.34481087e-02,
       4.95263860e-02, 9.98768747e-01, 2.85216421e-03, 6.32295310e-02,
       -5.98530518e-03, 9.97981071e-01 ]
K2: !!opencv-matrix
   rows: 3
   cols: 3
   dt: d
   data: [ 3.6687495098581172e+02, 0., 3.7621769200552956e+02, 0.,
       3.6726361788508825e+02, 2.2399932895774910e+02, 0., 0., 1. ]
D2: !!opencv-matrix
   rows: 5
   cols: 1
   dt: d
   data: [ -2.2201337830972428e-02, -1.1445843221826492e-03,
       2.9199201696882579e-04, -7.1705872414221615e-04,
       5.1284674356775366e-04 ]
P2: !!opencv-matrix
   rows: 3
   cols: 4
   dt: f
   data: [ 3.64716309e+02, 0., 4.26658478e+02, -9.38432625e+05, 0.,
       3.64716309e+02, 2.33686127e+02, 0., 0., 0., 1., 0. ]
R2: !!opencv-matrix
   rows: 3
   cols: 3
   dt: f
   data: [ 9.96443629e-01, -5.97607270e-02, -5.94037473e-02,
       5.94972037e-02, 9.98209238e-01, -6.19657151e-03, 5.96676841e-02,
       2.64017703e-03, 9.98214781e-01 ]
