%YAML:1.0
---
Q: !!opencv-matrix
   rows: 4
   cols: 4
   dt: f
   data: [ 1., 0., 0., -3.83045380e+02, 0., 1., 0., -2.32169006e+02, 0.,
       0., 0., 3.61073792e+02, 0., 0., 4.39682073e-04, 0. ]
R: !!opencv-matrix
   rows: 3
   cols: 3
   dt: d
   data: [ 1.0445509893546399e+00, 9.5495935382251939e-03,
       -3.6977651938128130e-03, -1.0144455891084403e-02,
       1.0439552801614946e+00, 9.6654365637344527e-03,
       3.3836562607613583e-03, -9.6063740677317828e-03,
       1.0439652531372599e+00 ]
T: !!opencv-matrix
   rows: 3
   cols: 1
   dt: d
   data: [ -2.2942736208377510e+03, 1.3759743649910627e+02,
       9.3001370584705665e+00 ]
E: !!opencv-matrix
   rows: 0
   cols: 0
   dt: u
   data: []
F: !!opencv-matrix
   rows: 0
   cols: 0
   dt: u
   data: []
K1: !!opencv-matrix
   rows: 3
   cols: 3
   dt: d
   data: [ 3.6627756984521932e+02, 0., 3.8060969928433269e+02, 0.,
       3.6653175179255015e+02, 2.3878059668569790e+02, 0., 0., 1. ]
D1: !!opencv-matrix
   rows: 5
   cols: 1
   dt: d
   data: [ -2.1859934914563901e-02, -9.9468572971318997e-04,
       1.6448003429794193e-03, -3.1164985765511365e-04,
       3.5195408316194161e-04 ]
P1: !!opencv-matrix
   rows: 3
   cols: 4
   dt: f
   data: [ 3.61073792e+02, 0., 3.83045380e+02, 0., 0., 3.61073792e+02,
       2.32169006e+02, 0., 0., 0., 1., 0. ]
R1: !!opencv-matrix
   rows: 3
   cols: 3
   dt: f
   data: [ 9.98693347e-01, -5.04799671e-02, -7.96066690e-03,
       5.05156890e-02, 9.98713791e-01, 4.35189530e-03, 7.73074385e-03,
       -4.74834768e-03, 9.99958873e-01 ]
K2: !!opencv-matrix
   rows: 3
   cols: 3
   dt: d
   data: [ 3.6687495098581172e+02, 0., 3.7621769200552956e+02, 0.,
       3.6726361788508825e+02, 2.2399932895774910e+02, 0., 0., 1. ]
D2: !!opencv-matrix
   rows: 5
   cols: 1
   dt: d
   data: [ -2.2201337830972428e-02, -1.1445843221826492e-03,
       2.9199201696882579e-04, -7.1705872414221615e-04,
       5.1284674356775366e-04 ]
P2: !!opencv-matrix
   rows: 3
   cols: 4
   dt: f
   data: [ 3.61073792e+02, 0., 3.83045380e+02, -8.21215625e+05, 0.,
       3.61073792e+02, 2.32169006e+02, 0., 0., 0., 1., 0. ]
R2: !!opencv-matrix
   rows: 3
   cols: 3
   dt: f
   data: [ 9.98198211e-01, -5.98662309e-02, -4.04632650e-03,
       5.98471835e-02, 9.98196602e-01, -4.67485003e-03, 4.31889482e-03,
       4.42426559e-03, 9.99980867e-01 ]
