%YAML:1.0
---
Q: !!opencv-matrix
   rows: 4
   cols: 4
   dt: f
   data: [ 1., 0., 0., -4.05002930e+02, 0., 1., 0., -2.33226074e+02, 0.,
       0., 0., 3.69076447e+02, 0., 0., 2.72402976e-04, 0. ]
R: !!opencv-matrix
   rows: 3
   cols: 3
   dt: d
   data: [ 1.0434694615548394e+00, -4.4795960841701746e-02,
       5.0736224456159579e-02, 4.6938561877941369e-02,
       1.0436944150062644e+00, -4.5538772624021999e-02,
       -4.8855806878481726e-02, 4.7743493012795131e-02,
       1.0435131140805285e+00 ]
T: !!opencv-matrix
   rows: 3
   cols: 1
   dt: d
   data: [ -3.7638963434097700e+03, 2.2573457210203907e+02,
       2.2437987251991802e+02 ]
E: !!opencv-matrix
   rows: 0
   cols: 0
   dt: u
   data: []
F: !!opencv-matrix
   rows: 0
   cols: 0
   dt: u
   data: []
K1: !!opencv-matrix
   rows: 3
   cols: 3
   dt: d
   data: [ 3.6627756984521932e+02, 0., 3.8060969928433269e+02, 0.,
       3.6653175179255015e+02, 2.3878059668569790e+02, 0., 0., 1. ]
D1: !!opencv-matrix
   rows: 5
   cols: 1
   dt: d
   data: [ -2.1859934914563901e-02, -9.9468572971318997e-04,
       1.6448003429794193e-03, -3.1164985765511365e-04,
       3.5195408316194161e-04 ]
P1: !!opencv-matrix
   rows: 3
   cols: 4
   dt: f
   data: [ 3.69076447e+02, 0., 4.05002930e+02, 0., 0., 3.69076447e+02,
       2.33226074e+02, 0., 0., 0., 1., 0. ]
R1: !!opencv-matrix
   rows: 3
   cols: 3
   dt: f
   data: [ 9.94438887e-01, -1.04992524e-01, -8.23815539e-03,
       1.04796730e-01, 9.94263411e-01, -2.13990081e-02, 1.04376320e-02,
       2.04166733e-02, 9.99737084e-01 ]
K2: !!opencv-matrix
   rows: 3
   cols: 3
   dt: d
   data: [ 3.6687495098581172e+02, 0., 3.7621769200552956e+02, 0.,
       3.6726361788508825e+02, 2.2399932895774910e+02, 0., 0., 1. ]
D2: !!opencv-matrix
   rows: 5
   cols: 1
   dt: d
   data: [ -2.2201337830972428e-02, -1.1445843221826492e-03,
       2.9199201696882579e-04, -7.1705872414221615e-04,
       5.1284674356775366e-04 ]
P2: !!opencv-matrix
   rows: 3
   cols: 4
   dt: f
   data: [ 3.69076447e+02, 0., 4.05002930e+02, -1.35489138e+06, 0.,
       3.69076447e+02, 2.33226074e+02, 0., 0., 0., 1., 0. ]
R2: !!opencv-matrix
   rows: 3
   cols: 3
   dt: f
   data: [ 9.96443748e-01, -5.97603619e-02, -5.94017208e-02,
       6.09920360e-02, 9.97954726e-01, 1.91408657e-02, 5.81363626e-02,
       -2.26958282e-02, 9.98050630e-01 ]
