%YAML:1.0
---
Q: !!opencv-matrix
   rows: 4
   cols: 4
   dt: f
   data: [ 1., 0., 0., -4.25523376e+02, 0., 1., 0., -2.33716003e+02, 0.,
       0., 0., 3.70857147e+02, 0., 0., 3.49842885e-04, 0. ]
R: !!opencv-matrix
   rows: 3
   cols: 3
   dt: d
   data: [ 1.0447051234371538e+00, 9.9549224823389897e-03,
       -3.9073508909371404e-03, -1.0113504653386082e-02,
       1.0437930164474158e+00, -4.5035924820634149e-02,
       3.3918444985256485e-03, 4.5076164546090376e-02,
       1.0438399173239059e+00 ]
T: !!opencv-matrix
   rows: 3
   cols: 1
   dt: d
   data: [ -2.9121760869580171e+03, 1.7465421309836799e+02,
       1.7360281800748530e+02 ]
E: !!opencv-matrix
   rows: 0
   cols: 0
   dt: u
   data: []
F: !!opencv-matrix
   rows: 0
   cols: 0
   dt: u
   data: []
K1: !!opencv-matrix
   rows: 3
   cols: 3
   dt: d
   data: [ 3.6627756984521932e+02, 0., 3.8060969928433269e+02, 0.,
       3.6653175179255015e+02, 2.3878059668569790e+02, 0., 0., 1. ]
D1: !!opencv-matrix
   rows: 5
   cols: 1
   dt: d
   data: [ -2.1859934914563901e-02, -9.9468572971318997e-04,
       1.6448003429794193e-03, -3.1164985765511365e-04,
       3.5195408316194161e-04 ]
P1: !!opencv-matrix
   rows: 3
   cols: 4
   dt: f
   data: [ 3.70857147e+02, 0., 4.25523376e+02, 0., 0., 3.70857147e+02,
       2.33716003e+02, 0., 0., 0., 1., 0. ]
R1: !!opencv-matrix
   rows: 3
   cols: 3
   dt: f
   data: [ 9.96764183e-01, -5.29493764e-02, -6.04770370e-02,
       5.16207293e-02, 9.98394310e-01, -2.33255699e-02, 6.16150051e-02,
       2.01282240e-02, 9.97897029e-01 ]
K2: !!opencv-matrix
   rows: 3
   cols: 3
   dt: d
   data: [ 3.6687495098581172e+02, 0., 3.7621769200552956e+02, 0.,
       3.6726361788508825e+02, 2.2399932895774910e+02, 0., 0., 1. ]
D2: !!opencv-matrix
   rows: 5
   cols: 1
   dt: d
   data: [ -2.2201337830972428e-02, -1.1445843221826492e-03,
       2.9199201696882579e-04, -7.1705872414221615e-04,
       5.1284674356775366e-04 ]
P2: !!opencv-matrix
   rows: 3
   cols: 4
   dt: f
   data: [ 3.70857147e+02, 0., 4.25523376e+02, -1.06006763e+06, 0.,
       3.70857147e+02, 2.33716003e+02, 0., 0., 0., 1., 0. ]
R2: !!opencv-matrix
   rows: 3
   cols: 3
   dt: f
   data: [ 9.96443808e-01, -5.97605035e-02, -5.94007522e-02,
       6.10391386e-02, 9.97936010e-01, 1.99477375e-02, 5.80860637e-02,
       -2.35025696e-02, 9.98034894e-01 ]
