%YAML:1.0
---
Q: !!opencv-matrix
   rows: 4
   cols: 4
   dt: f
   data: [ 1., 0., 0., -4.05000824e+02, 0., 1., 0., -2.33225891e+02, 0.,
       0., 0., 3.69077332e+02, 0., 0., 2.75832572e-04, 0. ]
R: !!opencv-matrix
   rows: 3
   cols: 3
   dt: d
   data: [ 1.0435592846461721e+00, -4.4784679478167506e-02,
       5.0758090864247360e-02, 4.6942009479898010e-02,
       1.0437777137113027e+00, -4.5543512064515124e-02,
       -4.8860084716266253e-02, 4.7746456409292884e-02,
       1.0435962319101733e+00 ]
T: !!opencv-matrix
   rows: 3
   cols: 1
   dt: d
   data: [ -3.6579766044323578e+03, 2.1938217958970489e+02,
       2.1806560257225377e+02 ]
E: !!opencv-matrix
   rows: 0
   cols: 0
   dt: u
   data: []
F: !!opencv-matrix
   rows: 0
   cols: 0
   dt: u
   data: []
K1: !!opencv-matrix
   rows: 3
   cols: 3
   dt: d
   data: [ 3.6627756984521932e+02, 0., 3.8060969928433269e+02, 0.,
       3.6653175179255015e+02, 2.3878059668569790e+02, 0., 0., 1. ]
D1: !!opencv-matrix
   rows: 5
   cols: 1
   dt: d
   data: [ -2.1859934914563901e-02, -9.9468572971318997e-04,
       1.6448003429794193e-03, -3.1164985765511365e-04,
       3.5195408316194161e-04 ]
P1: !!opencv-matrix
   rows: 3
   cols: 4
   dt: f
   data: [ 3.69077332e+02, 0., 4.05000824e+02, 0., 0., 3.69077332e+02,
       2.33225891e+02, 0., 0., 0., 1., 0. ]
R1: !!opencv-matrix
   rows: 3
   cols: 3
   dt: f
   data: [ 9.94439423e-01, -1.04987949e-01, -8.23273230e-03,
       1.04792260e-01, 9.94263887e-01, -2.13988349e-02, 1.04321279e-02,
       2.04171184e-02, 9.99737144e-01 ]
K2: !!opencv-matrix
   rows: 3
   cols: 3
   dt: d
   data: [ 3.6687495098581172e+02, 0., 3.7621769200552956e+02, 0.,
       3.6726361788508825e+02, 2.2399932895774910e+02, 0., 0., 1. ]
D2: !!opencv-matrix
   rows: 5
   cols: 1
   dt: d
   data: [ -2.2201337830972428e-02, -1.1445843221826492e-03,
       2.9199201696882579e-04, -7.1705872414221615e-04,
       5.1284674356775366e-04 ]
P2: !!opencv-matrix
   rows: 3
   cols: 4
   dt: f
   data: [ 3.69077332e+02, 0., 4.05000824e+02, -1.33804838e+06, 0.,
       3.69077332e+02, 2.33225891e+02, 0., 0., 0., 1., 0. ]
R2: !!opencv-matrix
   rows: 3
   cols: 3
   dt: f
   data: [ 9.96443748e-01, -5.97603619e-02, -5.94017208e-02,
       6.09920435e-02, 9.97954726e-01, 1.91409998e-02, 5.81363551e-02,
       -2.26959623e-02, 9.98050630e-01 ]
