%YAML:1.0
---
Q: !!opencv-matrix
   rows: 4
   cols: 4
   dt: f
   data: [ 1., 0., 0., -4.26703918e+02, 0., 1., 0., -2.33676224e+02, 0.,
       0., 0., 3.64807312e+02, 0., 0., 3.97069845e-04, 0. ]
R: !!opencv-matrix
   rows: 3
   cols: 3
   dt: d
   data: [ 1.0421212689475461e+00, 1.1687387735627172e-02,
       -4.0893119728746740e-03, -9.9823935251565788e-03,
       1.0441533869050785e+00, 9.6918933597411865e-03,
       3.5160106975737973e-03, -9.7038525315936118e-03,
       1.0443372320453650e+00 ]
T: !!opencv-matrix
   rows: 3
   cols: 1
   dt: d
   data: [ -2.5236266175543019e+03, 1.5135202665640912e+02,
       1.5044793503291152e+02 ]
E: !!opencv-matrix
   rows: 0
   cols: 0
   dt: u
   data: []
F: !!opencv-matrix
   rows: 0
   cols: 0
   dt: u
   data: []
K1: !!opencv-matrix
   rows: 3
   cols: 3
   dt: d
   data: [ 3.6627756984521932e+02, 0., 3.8060969928433269e+02, 0.,
       3.6653175179255015e+02, 2.3878059668569790e+02, 0., 0., 1. ]
D1: !!opencv-matrix
   rows: 5
   cols: 1
   dt: d
   data: [ -2.1859934914563901e-02, -9.9468572971318997e-04,
       1.6448003429794193e-03, -3.1164985765511365e-04,
       3.5195408316194161e-04 ]
P1: !!opencv-matrix
   rows: 3
   cols: 4
   dt: f
   data: [ 3.64807312e+02, 0., 4.26703918e+02, 0., 0., 3.64807312e+02,
       2.33676224e+02, 0., 0., 0., 1., 0. ]
R1: !!opencv-matrix
   rows: 3
   cols: 3
   dt: f
   data: [ 9.96791601e-01, -4.86487262e-02, -6.35594800e-02,
       4.89302389e-02, 9.98798072e-01, 2.87920074e-03, 6.33430108e-02,
       -5.97994355e-03, 9.97973919e-01 ]
K2: !!opencv-matrix
   rows: 3
   cols: 3
   dt: d
   data: [ 3.6687495098581172e+02, 0., 3.7621769200552956e+02, 0.,
       3.6726361788508825e+02, 2.2399932895774910e+02, 0., 0., 1. ]
D2: !!opencv-matrix
   rows: 5
   cols: 1
   dt: d
   data: [ -2.2201337830972428e-02, -1.1445843221826492e-03,
       2.9199201696882579e-04, -7.1705872414221615e-04,
       5.1284674356775366e-04 ]
P2: !!opencv-matrix
   rows: 3
   cols: 4
   dt: f
   data: [ 3.64807312e+02, 0., 4.26703918e+02, -9.18748500e+05, 0.,
       3.64807312e+02, 2.33676224e+02, 0., 0., 0., 1., 0. ]
R2: !!opencv-matrix
   rows: 3
   cols: 3
   dt: f
   data: [ 9.96443629e-01, -5.97607270e-02, -5.94037473e-02,
       5.94965592e-02, 9.98209238e-01, -6.20738370e-03, 5.96683286e-02,
       2.65098899e-03, 9.98214722e-01 ]
