%YAML:1.0
---
Q: !!opencv-matrix
   rows: 4
   cols: 4
   dt: f
   data: [ 1., 0., 0., -3.82839325e+02, 0., 1., 0., -2.32163467e+02, 0.,
       0., 0., 3.61092102e+02, 0., 0., 4.40855103e-04, 0. ]
R: !!opencv-matrix
   rows: 3
   cols: 3
   dt: d
   data: [ 1.0453932214503416e+00, 9.1830386553099323e-03,
       -3.7251083218358284e-03, -1.0201928473456509e-02,
       1.0438387879352755e+00, 9.6658244701765469e-03,
       3.3792322399056386e-03, -9.6036197676701712e-03,
       1.0438269644614253e+00 ]
T: !!opencv-matrix
   rows: 3
   cols: 1
   dt: d
   data: [ -2.2540167377113798e+03, 1.3518305856694818e+02,
       9.1369506391204833e+00 ]
E: !!opencv-matrix
   rows: 0
   cols: 0
   dt: u
   data: []
F: !!opencv-matrix
   rows: 0
   cols: 0
   dt: u
   data: []
K1: !!opencv-matrix
   rows: 3
   cols: 3
   dt: d
   data: [ 3.6627756984521932e+02, 0., 3.8060969928433269e+02, 0.,
       3.6653175179255015e+02, 2.3878059668569790e+02, 0., 0., 1. ]
D1: !!opencv-matrix
   rows: 5
   cols: 1
   dt: d
   data: [ -2.1859934914563901e-02, -9.9468572971318997e-04,
       1.6448003429794193e-03, -3.1164985765511365e-04,
       3.5195408316194161e-04 ]
P1: !!opencv-matrix
   rows: 3
   cols: 4
   dt: f
   data: [ 3.61092102e+02, 0., 3.82839325e+02, 0., 0., 3.61092102e+02,
       2.32163467e+02, 0., 0., 0., 1., 0. ]
R1: !!opencv-matrix
   rows: 3
   cols: 3
   dt: f
   data: [ 9.98682380e-01, -5.07762507e-02, -7.43456325e-03,
       5.08095212e-02, 9.98698831e-01, 4.35693329e-03, 7.20366091e-03,
       -4.72893938e-03, 9.99962866e-01 ]
K2: !!opencv-matrix
   rows: 3
   cols: 3
   dt: d
   data: [ 3.6687495098581172e+02, 0., 3.7621769200552956e+02, 0.,
       3.6726361788508825e+02, 2.2399932895774910e+02, 0., 0., 1. ]
D2: !!opencv-matrix
   rows: 5
   cols: 1
   dt: d
   data: [ -2.2201337830972428e-02, -1.1445843221826492e-03,
       2.9199201696882579e-04, -7.1705872414221615e-04,
       5.1284674356775366e-04 ]
P2: !!opencv-matrix
   rows: 3
   cols: 4
   dt: f
   data: [ 3.61092102e+02, 0., 3.82839325e+02, -8.19072063e+05, 0.,
       3.61092102e+02, 2.32163467e+02, 0., 0., 0., 1., 0. ]
R2: !!opencv-matrix
   rows: 3
   cols: 3
   dt: f
   data: [ 9.98198211e-01, -5.98662309e-02, -4.04632697e-03,
       5.98472171e-02, 9.98196661e-01, -4.66767186e-03, 4.31846548e-03,
       4.41710046e-03, 9.99980927e-01 ]
