%YAML:1.0
---
Q: !!opencv-matrix
   rows: 4
   cols: 4
   dt: f
   data: [ 1., 0., 0., -4.05140472e+02, 0., 1., 0., -2.32964005e+02, 0.,
       0., 0., 3.78244507e+02, 0., 0., 3.39060382e-04, 0. ]
R: !!opencv-matrix
   rows: 3
   cols: 3
   dt: d
   data: [ 1.0454922279638568e+00, 9.8176384015466554e-03,
       5.0227874943088842e-02, -7.8362050916226528e-03,
       1.0443204205457741e+00, -4.5491882791555416e-02,
       -5.1357852368437665e-02, 4.5106982750548648e-02,
       1.0431390887141325e+00 ]
T: !!opencv-matrix
   rows: 3
   cols: 1
   dt: d
   data: [ -2.9874283092662226e+03, 1.7916766339423097e+02,
       1.7809799570006325e+02 ]
E: !!opencv-matrix
   rows: 0
   cols: 0
   dt: u
   data: []
F: !!opencv-matrix
   rows: 0
   cols: 0
   dt: u
   data: []
K1: !!opencv-matrix
   rows: 3
   cols: 3
   dt: d
   data: [ 3.6627756984521932e+02, 0., 3.8060969928433269e+02, 0.,
       3.6653175179255015e+02, 2.3878059668569790e+02, 0., 0., 1. ]
D1: !!opencv-matrix
   rows: 5
   cols: 1
   dt: d
   data: [ -2.1859934914563901e-02, -9.9468572971318997e-04,
       1.6448003429794193e-03, -3.1164985765511365e-04,
       3.5195408316194161e-04 ]
P1: !!opencv-matrix
   rows: 3
   cols: 4
   dt: f
   data: [ 3.78244507e+02, 0., 4.05140472e+02, 0., 0., 3.78244507e+02,
       2.32964005e+02, 0., 0., 0., 1., 0. ]
R1: !!opencv-matrix
   rows: 3
   cols: 3
   dt: f
   data: [ 9.98564303e-01, -5.28328046e-02, -8.83294642e-03,
       5.26351072e-02, 9.98386860e-01, -2.12881416e-02, 9.94340982e-03,
       2.07926538e-02, 9.99734342e-01 ]
K2: !!opencv-matrix
   rows: 3
   cols: 3
   dt: d
   data: [ 3.6687495098581172e+02, 0., 3.7621769200552956e+02, 0.,
       3.6726361788508825e+02, 2.2399932895774910e+02, 0., 0., 1. ]
D2: !!opencv-matrix
   rows: 5
   cols: 1
   dt: d
   data: [ -2.2201337830972428e-02, -1.1445843221826492e-03,
       2.9199201696882579e-04, -7.1705872414221615e-04,
       5.1284674356775366e-04 ]
P2: !!opencv-matrix
   rows: 3
   cols: 4
   dt: f
   data: [ 3.78244507e+02, 0., 4.05140472e+02, -1.11556675e+06, 0.,
       3.78244507e+02, 2.32964005e+02, 0., 0., 0., 1., 0. ]
R2: !!opencv-matrix
   rows: 3
   cols: 3
   dt: f
   data: [ 9.96443629e-01, -5.97605892e-02, -5.94038032e-02,
       6.09987676e-02, 9.97952163e-01, 1.92516837e-02, 5.81316650e-02,
       -2.28067767e-02, 9.98048365e-01 ]
