%YAML:1.0
---
Q: !!opencv-matrix
   rows: 4
   cols: 4
   dt: f
   data: [ 1., 0., 0., -4.04991364e+02, 0., 1., 0., -2.33224167e+02, 0.,
       0., 0., 3.69025024e+02, 0., 0., 2.99778534e-04, 0. ]
R: !!opencv-matrix
   rows: 3
   cols: 3
   dt: d
   data: [ 1.0438002650983949e+00, -4.4785765146711801e-02,
       5.0750893223770556e-02, 4.6958850077165187e-02,
       1.0440752273597318e+00, -4.5555222816110977e-02,
       -4.8870636146416201e-02, 4.7759399909351775e-02,
       1.0438956895751390e+00 ]
T: !!opencv-matrix
   rows: 3
   cols: 1
   dt: d
   data: [ -3.3297386433840466e+03, 1.9969655362296862e+02,
       1.9849811585835468e+02 ]
E: !!opencv-matrix
   rows: 0
   cols: 0
   dt: u
   data: []
F: !!opencv-matrix
   rows: 0
   cols: 0
   dt: u
   data: []
K1: !!opencv-matrix
   rows: 3
   cols: 3
   dt: d
   data: [ 3.6627756984521932e+02, 0., 3.8060969928433269e+02, 0.,
       3.6653175179255015e+02, 2.3878059668569790e+02, 0., 0., 1. ]
D1: !!opencv-matrix
   rows: 5
   cols: 1
   dt: d
   data: [ -2.1859934914563901e-02, -9.9468572971318997e-04,
       1.6448003429794193e-03, -3.1164985765511365e-04,
       3.5195408316194161e-04 ]
P1: !!opencv-matrix
   rows: 3
   cols: 4
   dt: f
   data: [ 3.69025024e+02, 0., 4.04991364e+02, 0., 0., 3.69025024e+02,
       2.33224167e+02, 0., 0., 0., 1., 0. ]
R1: !!opencv-matrix
   rows: 3
   cols: 3
   dt: f
   data: [ 9.94461238e-01, -1.04782790e-01, -8.20946228e-03,
       1.04587629e-01, 9.94285464e-01, -2.13969015e-02, 1.04045756e-02,
       2.04197802e-02, 9.99737382e-01 ]
K2: !!opencv-matrix
   rows: 3
   cols: 3
   dt: d
   data: [ 3.6687495098581172e+02, 0., 3.7621769200552956e+02, 0.,
       3.6726361788508825e+02, 2.2399932895774910e+02, 0., 0., 1. ]
D2: !!opencv-matrix
   rows: 5
   cols: 1
   dt: d
   data: [ -2.2201337830972428e-02, -1.1445843221826492e-03,
       2.9199201696882579e-04, -7.1705872414221615e-04,
       5.1284674356775366e-04 ]
P2: !!opencv-matrix
   rows: 3
   cols: 4
   dt: f
   data: [ 3.69025024e+02, 0., 4.04991364e+02, -1.23099213e+06, 0.,
       3.69025024e+02, 2.33224167e+02, 0., 0., 0., 1., 0. ]
R2: !!opencv-matrix
   rows: 3
   cols: 3
   dt: f
   data: [ 9.96443748e-01, -5.97603619e-02, -5.94017245e-02,
       6.09920621e-02, 9.97954726e-01, 1.91412494e-02, 5.81363402e-02,
       -2.26962119e-02, 9.98050630e-01 ]
