%YAML:1.0
---
Q: !!opencv-matrix
   rows: 4
   cols: 4
   dt: f
   data: [ 1., 0., 0., -4.25503723e+02, 0., 1., 0., -2.33716888e+02, 0.,
       0., 0., 3.70849945e+02, 0., 0., 3.54930293e-04, 0. ]
R: !!opencv-matrix
   rows: 3
   cols: 3
   dt: d
   data: [ 1.0446455696620129e+00, 9.5874666484552801e-03,
       -3.9428253674946524e-03, -1.0105021775326127e-02,
       1.0439126766051994e+00, -4.5038028836403003e-02,
       3.4015330085412506e-03, 4.5102338478196842e-02,
       1.0439395813031458e+00 ]
T: !!opencv-matrix
   rows: 3
   cols: 1
   dt: d
   data: [ -2.8482607921863269e+03, 1.7082097112305726e+02,
       1.6979265166523999e+02 ]
E: !!opencv-matrix
   rows: 0
   cols: 0
   dt: u
   data: []
F: !!opencv-matrix
   rows: 0
   cols: 0
   dt: u
   data: []
K1: !!opencv-matrix
   rows: 3
   cols: 3
   dt: d
   data: [ 3.6627756984521932e+02, 0., 3.8060969928433269e+02, 0.,
       3.6653175179255015e+02, 2.3878059668569790e+02, 0., 0., 1. ]
D1: !!opencv-matrix
   rows: 5
   cols: 1
   dt: d
   data: [ -2.1859934914563901e-02, -9.9468572971318997e-04,
       1.6448003429794193e-03, -3.1164985765511365e-04,
       3.5195408316194161e-04 ]
P1: !!opencv-matrix
   rows: 3
   cols: 4
   dt: f
   data: [ 3.70849945e+02, 0., 4.25503723e+02, 0., 0., 3.70849945e+02,
       2.33716888e+02, 0., 0., 0., 1., 0. ]
R1: !!opencv-matrix
   rows: 3
   cols: 3
   dt: f
   data: [ 9.96762514e-01, -5.30376472e-02, -6.04274571e-02,
       5.17099351e-02, 9.98389602e-01, -2.33289823e-02, 6.15674630e-02,
       2.01287549e-02, 9.97899950e-01 ]
K2: !!opencv-matrix
   rows: 3
   cols: 3
   dt: d
   data: [ 3.6687495098581172e+02, 0., 3.7621769200552956e+02, 0.,
       3.6726361788508825e+02, 2.2399932895774910e+02, 0., 0., 1. ]
D2: !!opencv-matrix
   rows: 5
   cols: 1
   dt: d
   data: [ -2.2201337830972428e-02, -1.1445843221826492e-03,
       2.9199201696882579e-04, -7.1705872414221615e-04,
       5.1284674356775366e-04 ]
P2: !!opencv-matrix
   rows: 3
   cols: 4
   dt: f
   data: [ 3.70849945e+02, 0., 4.25503723e+02, -1.04485288e+06, 0.,
       3.70849945e+02, 2.33716888e+02, 0., 0., 0., 1., 0. ]
R2: !!opencv-matrix
   rows: 3
   cols: 3
   dt: f
   data: [ 9.96443808e-01, -5.97605035e-02, -5.94007522e-02,
       6.10392503e-02, 9.97935951e-01, 1.99497193e-02, 5.80859445e-02,
       -2.35045515e-02, 9.98034835e-01 ]
