%YAML:1.0
---
Q: !!opencv-matrix
   rows: 4
   cols: 4
   dt: f
   data: [ 1., 0., 0., -4.04974609e+02, 0., 1., 0., -2.32958176e+02, 0.,
       0., 0., 3.78303986e+02, 0., 0., 3.24989727e-04, 0. ]
R: !!opencv-matrix
   rows: 3
   cols: 3
   dt: d
   data: [ 1.0441670146008741e+00, 9.8943791525054840e-03,
       5.0755563537741737e-02, -7.7481463734010722e-03,
       1.0444792321809850e+00, -4.5530173728011353e-02,
       -5.1277133077606771e-02, 4.5109553639282686e-02,
       1.0432712356509977e+00 ]
T: !!opencv-matrix
   rows: 3
   cols: 1
   dt: d
   data: [ -3.1275730632414738e+03, 1.8757268806836333e+02,
       1.8645284071026700e+02 ]
E: !!opencv-matrix
   rows: 0
   cols: 0
   dt: u
   data: []
F: !!opencv-matrix
   rows: 0
   cols: 0
   dt: u
   data: []
K1: !!opencv-matrix
   rows: 3
   cols: 3
   dt: d
   data: [ 3.6627756984521932e+02, 0., 3.8060969928433269e+02, 0.,
       3.6653175179255015e+02, 2.3878059668569790e+02, 0., 0., 1. ]
D1: !!opencv-matrix
   rows: 5
   cols: 1
   dt: d
   data: [ -2.1859934914563901e-02, -9.9468572971318997e-04,
       1.6448003429794193e-03, -3.1164985765511365e-04,
       3.5195408316194161e-04 ]
P1: !!opencv-matrix
   rows: 3
   cols: 4
   dt: f
   data: [ 3.78303986e+02, 0., 4.04974609e+02, 0., 0., 3.78303986e+02,
       2.32958176e+02, 0., 0., 0., 1., 0. ]
R1: !!opencv-matrix
   rows: 3
   cols: 3
   dt: f
   data: [ 9.98567283e-01, -5.28453998e-02, -8.40911176e-03,
       5.26565723e-02, 9.98385847e-01, -2.12826785e-02, 9.52022988e-03,
       2.08093915e-02, 9.99738157e-01 ]
K2: !!opencv-matrix
   rows: 3
   cols: 3
   dt: d
   data: [ 3.6687495098581172e+02, 0., 3.7621769200552956e+02, 0.,
       3.6726361788508825e+02, 2.2399932895774910e+02, 0., 0., 1. ]
D2: !!opencv-matrix
   rows: 5
   cols: 1
   dt: d
   data: [ -2.2201337830972428e-02, -1.1445843221826492e-03,
       2.9199201696882579e-04, -7.1705872414221615e-04,
       5.1284674356775366e-04 ]
P2: !!opencv-matrix
   rows: 3
   cols: 4
   dt: f
   data: [ 3.78303986e+02, 0., 4.04974609e+02, -1.16404913e+06, 0.,
       3.78303986e+02, 2.32958176e+02, 0., 0., 0., 1., 0. ]
R2: !!opencv-matrix
   rows: 3
   cols: 3
   dt: f
   data: [ 9.96443629e-01, -5.97605892e-02, -5.94038069e-02,
       6.09990954e-02, 9.97952044e-01, 1.92573033e-02, 5.81313223e-02,
       -2.28123944e-02, 9.98048246e-01 ]
