%YAML:1.0
---
Q: !!opencv-matrix
   rows: 4
   cols: 4
   dt: f
   data: [ 1., 0., 0., -3.82980072e+02, 0., 1., 0., -2.32165421e+02, 0.,
       0., 0., 3.61169220e+02, 0., 0., 4.20215656e-04, 0. ]
R: !!opencv-matrix
   rows: 3
   cols: 3
   dt: d
   data: [ 1.0439587717503489e+00, 1.0062949277175189e-02,
       -3.3875215100609662e-03, -1.0107528732510668e-02,
       1.0439525308001023e+00, 9.6470834217120931e-03,
       3.3862613756727167e-03, -9.6087118525448080e-03,
       1.0439920188069622e+00 ]
T: !!opencv-matrix
   rows: 3
   cols: 1
   dt: d
   data: [ -2.3754427300861576e+03, 1.4246549633216532e+02,
       9.6291665132148765e+00 ]
E: !!opencv-matrix
   rows: 0
   cols: 0
   dt: u
   data: []
F: !!opencv-matrix
   rows: 0
   cols: 0
   dt: u
   data: []
K1: !!opencv-matrix
   rows: 3
   cols: 3
   dt: d
   data: [ 3.6627756984521932e+02, 0., 3.8060969928433269e+02, 0.,
       3.6653175179255015e+02, 2.3878059668569790e+02, 0., 0., 1. ]
D1: !!opencv-matrix
   rows: 5
   cols: 1
   dt: d
   data: [ -2.1859934914563901e-02, -9.9468572971318997e-04,
       1.6448003429794193e-03, -3.1164985765511365e-04,
       3.5195408316194161e-04 ]
P1: !!opencv-matrix
   rows: 3
   cols: 4
   dt: f
   data: [ 3.61169220e+02, 0., 3.82980072e+02, 0., 0., 3.61169220e+02,
       2.32165421e+02, 0., 0., 0., 1., 0. ]
R1: !!opencv-matrix
   rows: 3
   cols: 3
   dt: f
   data: [ 9.98710454e-01, -5.01664020e-02, -7.79272942e-03,
       5.02013527e-02, 9.98729646e-01, 4.35585948e-03, 7.56431185e-03,
       -4.74144798e-03, 9.99960124e-01 ]
K2: !!opencv-matrix
   rows: 3
   cols: 3
   dt: d
   data: [ 3.6687495098581172e+02, 0., 3.7621769200552956e+02, 0.,
       3.6726361788508825e+02, 2.2399932895774910e+02, 0., 0., 1. ]
D2: !!opencv-matrix
   rows: 5
   cols: 1
   dt: d
   data: [ -2.2201337830972428e-02, -1.1445843221826492e-03,
       2.9199201696882579e-04, -7.1705872414221615e-04,
       5.1284674356775366e-04 ]
P2: !!opencv-matrix
   rows: 3
   cols: 4
   dt: f
   data: [ 3.61169220e+02, 0., 3.82980072e+02, -8.59485375e+05, 0.,
       3.61169220e+02, 2.32165421e+02, 0., 0., 0., 1., 0. ]
R2: !!opencv-matrix
   rows: 3
   cols: 3
   dt: f
   data: [ 9.98198211e-01, -5.98662309e-02, -4.04632650e-03,
       5.98471910e-02, 9.98196602e-01, -4.67336131e-03, 4.31880588e-03,
       4.42277966e-03, 9.99980867e-01 ]
