%YAML:1.0
---
Q: !!opencv-matrix
   rows: 4
   cols: 4
   dt: f
   data: [ 1., 0., 0., -4.05001831e+02, 0., 1., 0., -2.33225983e+02, 0.,
       0., 0., 3.69076843e+02, 0., 0., 2.48482189e-04, 0. ]
R: !!opencv-matrix
   rows: 3
   cols: 3
   dt: d
   data: [ 1.0431916531127308e+00, -4.4675086034136141e-02,
       5.0846745321632636e-02, 4.6921691693514393e-02,
       1.0433684416054740e+00, -4.5532390033995666e-02,
       -4.8843332821128446e-02, 4.7722487259959499e-02,
       1.0431861083535692e+00 ]
T: !!opencv-matrix
   rows: 3
   cols: 1
   dt: d
   data: [ -4.1785146430600907e+03, 2.5060074162603019e+02,
       2.4909681278861200e+02 ]
E: !!opencv-matrix
   rows: 0
   cols: 0
   dt: u
   data: []
F: !!opencv-matrix
   rows: 0
   cols: 0
   dt: u
   data: []
K1: !!opencv-matrix
   rows: 3
   cols: 3
   dt: d
   data: [ 3.6627756984521932e+02, 0., 3.8060969928433269e+02, 0.,
       3.6653175179255015e+02, 2.3878059668569790e+02, 0., 0., 1. ]
D1: !!opencv-matrix
   rows: 5
   cols: 1
   dt: d
   data: [ -2.1859934914563901e-02, -9.9468572971318997e-04,
       1.6448003429794193e-03, -3.1164985765511365e-04,
       3.5195408316194161e-04 ]
P1: !!opencv-matrix
   rows: 3
   cols: 4
   dt: f
   data: [ 3.69076843e+02, 0., 4.05001831e+02, 0., 0., 3.69076843e+02,
       2.33225983e+02, 0., 0., 0., 1., 0. ]
R1: !!opencv-matrix
   rows: 3
   cols: 3
   dt: f
   data: [ 9.94439185e-01, -1.04990020e-01, -8.23535305e-03,
       1.04794271e-01, 9.94263649e-01, -2.13989168e-02, 1.04347849e-02,
       2.04169042e-02, 9.99737084e-01 ]
K2: !!opencv-matrix
   rows: 3
   cols: 3
   dt: d
   data: [ 3.6687495098581172e+02, 0., 3.7621769200552956e+02, 0.,
       3.6726361788508825e+02, 2.2399932895774910e+02, 0., 0., 1. ]
D2: !!opencv-matrix
   rows: 5
   cols: 1
   dt: d
   data: [ -2.2201337830972428e-02, -1.1445843221826492e-03,
       2.9199201696882579e-04, -7.1705872414221615e-04,
       5.1284674356775366e-04 ]
P2: !!opencv-matrix
   rows: 3
   cols: 4
   dt: f
   data: [ 3.69076843e+02, 0., 4.05001831e+02, -1.48532513e+06, 0.,
       3.69076843e+02, 2.33225983e+02, 0., 0., 0., 1., 0. ]
R2: !!opencv-matrix
   rows: 3
   cols: 3
   dt: f
   data: [ 9.96443748e-01, -5.97603619e-02, -5.94017208e-02,
       6.09920397e-02, 9.97954726e-01, 1.91409346e-02, 5.81363589e-02,
       -2.26958971e-02, 9.98050630e-01 ]
