%YAML:1.0
---
Q: !!opencv-matrix
   rows: 4
   cols: 4
   dt: f
   data: [ 1., 0., 0., -4.05007080e+02, 0., 1., 0., -2.33226349e+02, 0.,
       0., 0., 3.69071228e+02, 0., 0., 2.99255829e-04, 0. ]
R: !!opencv-matrix
   rows: 3
   cols: 3
   dt: d
   data: [ 1.0436786087826637e+00, -4.4883790977314868e-02,
       5.0695401968159255e-02, 4.6966379286501249e-02,
       1.0440833213918577e+00, -4.5551985226315254e-02,
       -4.8863355354108420e-02, 4.7765339498256856e-02,
       1.0439012244493893e+00 ]
T: !!opencv-matrix
   rows: 3
   cols: 1
   dt: d
   data: [ -3.3531040194766306e+03, 2.0109786029329968e+02,
       1.9989101293264096e+02 ]
E: !!opencv-matrix
   rows: 0
   cols: 0
   dt: u
   data: []
F: !!opencv-matrix
   rows: 0
   cols: 0
   dt: u
   data: []
K1: !!opencv-matrix
   rows: 3
   cols: 3
   dt: d
   data: [ 3.6627756984521932e+02, 0., 3.8060969928433269e+02, 0.,
       3.6653175179255015e+02, 2.3878059668569790e+02, 0., 0., 1. ]
D1: !!opencv-matrix
   rows: 5
   cols: 1
   dt: d
   data: [ -2.1859934914563901e-02, -9.9468572971318997e-04,
       1.6448003429794193e-03, -3.1164985765511365e-04,
       3.5195408316194161e-04 ]
P1: !!opencv-matrix
   rows: 3
   cols: 4
   dt: f
   data: [ 3.69071228e+02, 0., 4.05007080e+02, 0., 0., 3.69071228e+02,
       2.33226349e+02, 0., 0., 0., 1., 0. ]
R1: !!opencv-matrix
   rows: 3
   cols: 3
   dt: f
   data: [ 9.94439065e-01, -1.04989827e-01, -8.24879296e-03,
       1.04793809e-01, 9.94263709e-01, -2.13992689e-02, 1.04481811e-02,
       2.04158463e-02, 9.99736965e-01 ]
K2: !!opencv-matrix
   rows: 3
   cols: 3
   dt: d
   data: [ 3.6687495098581172e+02, 0., 3.7621769200552956e+02, 0.,
       3.6726361788508825e+02, 2.2399932895774910e+02, 0., 0., 1. ]
D2: !!opencv-matrix
   rows: 5
   cols: 1
   dt: d
   data: [ -2.2201337830972428e-02, -1.1445843221826492e-03,
       2.9199201696882579e-04, -7.1705872414221615e-04,
       5.1284674356775366e-04 ]
P2: !!opencv-matrix
   rows: 3
   cols: 4
   dt: f
   data: [ 3.69071228e+02, 0., 4.05007080e+02, -1.23329663e+06, 0.,
       3.69071228e+02, 2.33226349e+02, 0., 0., 0., 1., 0. ]
R2: !!opencv-matrix
   rows: 3
   cols: 3
   dt: f
   data: [ 9.96443748e-01, -5.97603619e-02, -5.94017208e-02,
       6.09920211e-02, 9.97954726e-01, 1.91405825e-02, 5.81363812e-02,
       -2.26955432e-02, 9.98050630e-01 ]
