%YAML:1.0
---
Q: !!opencv-matrix
   rows: 4
   cols: 4
   dt: f
   data: [ 1., 0., 0., -4.05021332e+02, 0., 1., 0., -2.33227737e+02, 0.,
       0., 0., 3.69078461e+02, 0., 0., 2.94155645e-04, 0. ]
R: !!opencv-matrix
   rows: 3
   cols: 3
   dt: d
   data: [ 1.0436180306919158e+00, -4.4889704821289310e-02,
       5.0704251218300724e-02, 4.6961626461509455e-02,
       1.0440039658459712e+00, -4.5549262023768619e-02,
       -4.8860766227668738e-02, 4.7762240790746244e-02,
       1.0438205632706630e+00 ]
T: !!opencv-matrix
   rows: 3
   cols: 1
   dt: d
   data: [ -3.4368556427582425e+03, 2.0612075016269986e+02,
       2.0488375896016936e+02 ]
E: !!opencv-matrix
   rows: 0
   cols: 0
   dt: u
   data: []
F: !!opencv-matrix
   rows: 0
   cols: 0
   dt: u
   data: []
K1: !!opencv-matrix
   rows: 3
   cols: 3
   dt: d
   data: [ 3.6627756984521932e+02, 0., 3.8060969928433269e+02, 0.,
       3.6653175179255015e+02, 2.3878059668569790e+02, 0., 0., 1. ]
D1: !!opencv-matrix
   rows: 5
   cols: 1
   dt: d
   data: [ -2.1859934914563901e-02, -9.9468572971318997e-04,
       1.6448003429794193e-03, -3.1164985765511365e-04,
       3.5195408316194161e-04 ]
P1: !!opencv-matrix
   rows: 3
   cols: 4
   dt: f
   data: [ 3.69078461e+02, 0., 4.05021332e+02, 0., 0., 3.69078461e+02,
       2.33227737e+02, 0., 0., 0., 1., 0. ]
R1: !!opencv-matrix
   rows: 3
   cols: 3
   dt: f
   data: [ 9.94431019e-01, -1.05063461e-01, -8.28492269e-03,
       1.04866676e-01, 9.94256020e-01, -2.14006919e-02, 1.04857655e-02,
       2.04127003e-02, 9.99736667e-01 ]
K2: !!opencv-matrix
   rows: 3
   cols: 3
   dt: d
   data: [ 3.6687495098581172e+02, 0., 3.7621769200552956e+02, 0.,
       3.6726361788508825e+02, 2.2399932895774910e+02, 0., 0., 1. ]
D2: !!opencv-matrix
   rows: 5
   cols: 1
   dt: d
   data: [ -2.2201337830972428e-02, -1.1445843221826492e-03,
       2.9199201696882579e-04, -7.1705872414221615e-04,
       5.1284674356775366e-04 ]
P2: !!opencv-matrix
   rows: 3
   cols: 4
   dt: f
   data: [ 3.69078461e+02, 0., 4.05021332e+02, -1.25470463e+06, 0.,
       3.69078461e+02, 2.33227737e+02, 0., 0., 0., 1., 0. ]
R2: !!opencv-matrix
   rows: 3
   cols: 3
   dt: f
   data: [ 9.96443748e-01, -5.97603619e-02, -5.94017208e-02,
       6.09919727e-02, 9.97954726e-01, 1.91397630e-02, 5.81364296e-02,
       -2.26947255e-02, 9.98050630e-01 ]
