%YAML:1.0
---
Q: !!opencv-matrix
   rows: 4
   cols: 4
   dt: f
   data: [ 1., 0., 0., -4.25324097e+02, 0., 1., 0., -2.33707047e+02, 0.,
       0., 0., 3.70945435e+02, 0., 0., 3.60190257e-04, 0. ]
R: !!opencv-matrix
   rows: 3
   cols: 3
   dt: d
   data: [ 1.0445977558636304e+00, 9.5097877901556011e-03,
       -3.2645801992398195e-03, -1.0094633600303481e-02,
       1.0440668257724681e+00, -4.5085185595796030e-02,
       3.4137830436814921e-03, 4.5113506120608271e-02,
       1.0440485276368738e+00 ]
T: !!opencv-matrix
   rows: 3
   cols: 1
   dt: d
   data: [ -2.7715047302687212e+03, 1.6621761975783704e+02,
       1.6521701178980572e+02 ]
E: !!opencv-matrix
   rows: 0
   cols: 0
   dt: u
   data: []
F: !!opencv-matrix
   rows: 0
   cols: 0
   dt: u
   data: []
K1: !!opencv-matrix
   rows: 3
   cols: 3
   dt: d
   data: [ 3.6627756984521932e+02, 0., 3.8060969928433269e+02, 0.,
       3.6653175179255015e+02, 2.3878059668569790e+02, 0., 0., 1. ]
D1: !!opencv-matrix
   rows: 5
   cols: 1
   dt: d
   data: [ -2.1859934914563901e-02, -9.9468572971318997e-04,
       1.6448003429794193e-03, -3.1164985765511365e-04,
       3.5195408316194161e-04 ]
P1: !!opencv-matrix
   rows: 3
   cols: 4
   dt: f
   data: [ 3.70945435e+02, 0., 4.25324097e+02, 0., 0., 3.70945435e+02,
       2.33707047e+02, 0., 0., 0., 1., 0. ]
R1: !!opencv-matrix
   rows: 3
   cols: 3
   dt: f
   data: [ 9.96798158e-01, -5.28773405e-02, -5.99786080e-02,
       5.15592247e-02, 9.98397708e-01, -2.33162120e-02, 6.11154065e-02,
       2.01491062e-02, 9.97927308e-01 ]
K2: !!opencv-matrix
   rows: 3
   cols: 3
   dt: d
   data: [ 3.6687495098581172e+02, 0., 3.7621769200552956e+02, 0.,
       3.6726361788508825e+02, 2.2399932895774910e+02, 0., 0., 1. ]
D2: !!opencv-matrix
   rows: 5
   cols: 1
   dt: d
   data: [ -2.2201337830972428e-02, -1.1445843221826492e-03,
       2.9199201696882579e-04, -7.1705872414221615e-04,
       5.1284674356775366e-04 ]
P2: !!opencv-matrix
   rows: 3
   cols: 4
   dt: f
   data: [ 3.70945435e+02, 0., 4.25324097e+02, -1.02985975e+06, 0.,
       3.70945435e+02, 2.33707047e+02, 0., 0., 0., 1., 0. ]
R2: !!opencv-matrix
   rows: 3
   cols: 3
   dt: f
   data: [ 9.96443808e-01, -5.97605035e-02, -5.94007522e-02,
       6.10394627e-02, 9.97935891e-01, 1.99533142e-02, 5.80857210e-02,
       -2.35081464e-02, 9.98034775e-01 ]
