%YAML:1.0
---
Q: !!opencv-matrix
   rows: 4
   cols: 4
   dt: f
   data: [ 1., 0., 0., -4.26697571e+02, 0., 1., 0., -2.33679657e+02, 0.,
       0., 0., 3.64774689e+02, 0., 0., 3.94845905e-04, 0. ]
R: !!opencv-matrix
   rows: 3
   cols: 3
   dt: d
   data: [ 1.0425642933890997e+00, 1.1217764078018321e-02,
       -4.0666675256774542e-03, -1.0016527911407468e-02,
       1.0440310559193307e+00, 9.6891746292918808e-03,
       3.4801445507439584e-03, -9.6745582169813615e-03,
       1.0441854954718754e+00 ]
T: !!opencv-matrix
   rows: 3
   cols: 1
   dt: d
   data: [ -2.5400621313405632e+03, 1.5233773040190206e+02,
       1.5142775077119538e+02 ]
E: !!opencv-matrix
   rows: 0
   cols: 0
   dt: u
   data: []
F: !!opencv-matrix
   rows: 0
   cols: 0
   dt: u
   data: []
K1: !!opencv-matrix
   rows: 3
   cols: 3
   dt: d
   data: [ 3.6627756984521932e+02, 0., 3.8060969928433269e+02, 0.,
       3.6653175179255015e+02, 2.3878059668569790e+02, 0., 0., 1. ]
D1: !!opencv-matrix
   rows: 5
   cols: 1
   dt: d
   data: [ -2.1859934914563901e-02, -9.9468572971318997e-04,
       1.6448003429794193e-03, -3.1164985765511365e-04,
       3.5195408316194161e-04 ]
P1: !!opencv-matrix
   rows: 3
   cols: 4
   dt: f
   data: [ 3.64774689e+02, 0., 4.26697571e+02, 0., 0., 3.64774689e+02,
       2.33679657e+02, 0., 0., 0., 1., 0. ]
R1: !!opencv-matrix
   rows: 3
   cols: 3
   dt: f
   data: [ 9.96783197e-01, -4.88400087e-02, -6.35443181e-02,
       4.91212495e-02, 9.98788714e-01, 2.87028193e-03, 6.33271635e-02,
       -5.98242506e-03, 9.97974873e-01 ]
K2: !!opencv-matrix
   rows: 3
   cols: 3
   dt: d
   data: [ 3.6687495098581172e+02, 0., 3.7621769200552956e+02, 0.,
       3.6726361788508825e+02, 2.2399932895774910e+02, 0., 0., 1. ]
D2: !!opencv-matrix
   rows: 5
   cols: 1
   dt: d
   data: [ -2.2201337830972428e-02, -1.1445843221826492e-03,
       2.9199201696882579e-04, -7.1705872414221615e-04,
       5.1284674356775366e-04 ]
P2: !!opencv-matrix
   rows: 3
   cols: 4
   dt: f
   data: [ 3.64774689e+02, 0., 4.26697571e+02, -9.23840625e+05, 0.,
       3.64774689e+02, 2.33679657e+02, 0., 0., 0., 1., 0. ]
R2: !!opencv-matrix
   rows: 3
   cols: 3
   dt: f
   data: [ 9.96443629e-01, -5.97607270e-02, -5.94037473e-02,
       5.94967492e-02, 9.98209238e-01, -6.20417437e-03, 5.96681349e-02,
       2.64777988e-03, 9.98214781e-01 ]
