%YAML:1.0
---
Q: !!opencv-matrix
   rows: 4
   cols: 4
   dt: f
   data: [ 1., 0., 0., -4.05006805e+02, 0., 1., 0., -2.32959351e+02, 0.,
       0., 0., 3.78290649e+02, 0., 0., 3.29194881e-04, 0. ]
R: !!opencv-matrix
   rows: 3
   cols: 3
   dt: d
   data: [ 1.0445496099959168e+00, 9.7804909536292773e-03,
       5.0386119519474609e-02, -7.7719432652637961e-03,
       1.0444698523217169e+00, -4.5507357730767667e-02,
       -5.1300111998627357e-02, 4.5115634329253064e-02,
       1.0432770311958739e+00 ]
T: !!opencv-matrix
   rows: 3
   cols: 1
   dt: d
   data: [ -3.0660773183060769e+03, 1.8388454962851466e+02,
       1.8278672117898179e+02 ]
E: !!opencv-matrix
   rows: 0
   cols: 0
   dt: u
   data: []
F: !!opencv-matrix
   rows: 0
   cols: 0
   dt: u
   data: []
K1: !!opencv-matrix
   rows: 3
   cols: 3
   dt: d
   data: [ 3.6627756984521932e+02, 0., 3.8060969928433269e+02, 0.,
       3.6653175179255015e+02, 2.3878059668569790e+02, 0., 0., 1. ]
D1: !!opencv-matrix
   rows: 5
   cols: 1
   dt: d
   data: [ -2.1859934914563901e-02, -9.9468572971318997e-04,
       1.6448003429794193e-03, -3.1164985765511365e-04,
       3.5195408316194161e-04 ]
P1: !!opencv-matrix
   rows: 3
   cols: 4
   dt: f
   data: [ 3.78290649e+02, 0., 4.05006805e+02, 0., 0., 3.78290649e+02,
       2.32959351e+02, 0., 0., 0., 1., 0. ]
R1: !!opencv-matrix
   rows: 3
   cols: 3
   dt: f
   data: [ 9.98566270e-01, -5.28517775e-02, -8.49134661e-03,
       5.26612289e-02, 9.98385608e-01, -2.12837961e-02, 9.60252434e-03,
       2.08061151e-02, 9.99737442e-01 ]
K2: !!opencv-matrix
   rows: 3
   cols: 3
   dt: d
   data: [ 3.6687495098581172e+02, 0., 3.7621769200552956e+02, 0.,
       3.6726361788508825e+02, 2.2399932895774910e+02, 0., 0., 1. ]
D2: !!opencv-matrix
   rows: 5
   cols: 1
   dt: d
   data: [ -2.2201337830972428e-02, -1.1445843221826492e-03,
       2.9199201696882579e-04, -7.1705872414221615e-04,
       5.1284674356775366e-04 ]
P2: !!opencv-matrix
   rows: 3
   cols: 4
   dt: f
   data: [ 3.78290649e+02, 0., 4.05006805e+02, -1149139., 0.,
       3.78290649e+02, 2.32959351e+02, 0., 0., 0., 1., 0. ]
R2: !!opencv-matrix
   rows: 3
   cols: 3
   dt: f
   data: [ 9.96443629e-01, -5.97605892e-02, -5.94038069e-02,
       6.09990321e-02, 9.97952044e-01, 1.92562304e-02, 5.81313856e-02,
       -2.28113215e-02, 9.98048306e-01 ]
