%YAML:1.0
---
Q: !!opencv-matrix
   rows: 4
   cols: 4
   dt: f
   data: [ 1., 0., 0., -4.05003845e+02, 0., 1., 0., -2.33226135e+02, 0.,
       0., 0., 3.69076050e+02, 0., 0., 2.36905165e-04, 0. ]
R: !!opencv-matrix
   rows: 3
   cols: 3
   dt: d
   data: [ 1.0431412339619128e+00, -4.4770285188295150e-02,
       5.0733090299354036e-02, 4.6923364310005884e-02,
       1.0433613075074615e+00, -4.5525049430378266e-02,
       -4.8840491844714243e-02, 4.7727606341334244e-02,
       1.0431799719900952e+00 ]
T: !!opencv-matrix
   rows: 3
   cols: 1
   dt: d
   data: [ -4.2060870715375941e+03, 2.5225436055899027e+02,
       2.5074050791030615e+02 ]
E: !!opencv-matrix
   rows: 0
   cols: 0
   dt: u
   data: []
F: !!opencv-matrix
   rows: 0
   cols: 0
   dt: u
   data: []
K1: !!opencv-matrix
   rows: 3
   cols: 3
   dt: d
   data: [ 3.6627756984521932e+02, 0., 3.8060969928433269e+02, 0.,
       3.6653175179255015e+02, 2.3878059668569790e+02, 0., 0., 1. ]
D1: !!opencv-matrix
   rows: 5
   cols: 1
   dt: d
   data: [ -2.1859934914563901e-02, -9.9468572971318997e-04,
       1.6448003429794193e-03, -3.1164985765511365e-04,
       3.5195408316194161e-04 ]
P1: !!opencv-matrix
   rows: 3
   cols: 4
   dt: f
   data: [ 3.69076050e+02, 0., 4.05003845e+02, 0., 0., 3.69076050e+02,
       2.33226135e+02, 0., 0., 0., 1., 0. ]
R1: !!opencv-matrix
   rows: 3
   cols: 3
   dt: f
   data: [ 9.94438708e-01, -1.04994252e-01, -8.24043527e-03,
       1.04798406e-01, 9.94263232e-01, -2.13990789e-02, 1.04399417e-02,
       2.04164870e-02, 9.99737024e-01 ]
K2: !!opencv-matrix
   rows: 3
   cols: 3
   dt: d
   data: [ 3.6687495098581172e+02, 0., 3.7621769200552956e+02, 0.,
       3.6726361788508825e+02, 2.2399932895774910e+02, 0., 0., 1. ]
D2: !!opencv-matrix
   rows: 5
   cols: 1
   dt: d
   data: [ -2.2201337830972428e-02, -1.1445843221826492e-03,
       2.9199201696882579e-04, -7.1705872414221615e-04,
       5.1284674356775366e-04 ]
P2: !!opencv-matrix
   rows: 3
   cols: 4
   dt: f
   data: [ 3.69076050e+02, 0., 4.05003845e+02, -1.55790625e+06, 0.,
       3.69076050e+02, 2.33226135e+02, 0., 0., 0., 1., 0. ]
R2: !!opencv-matrix
   rows: 3
   cols: 3
   dt: f
   data: [ 9.96443748e-01, -5.97603619e-02, -5.94017208e-02,
       6.09920323e-02, 9.97954726e-01, 1.91408098e-02, 5.81363663e-02,
       -2.26957723e-02, 9.98050630e-01 ]
