%YAML:1.0
---
Q: !!opencv-matrix
   rows: 4
   cols: 4
   dt: f
   data: [ 1., 0., 0., -4.05012390e+02, 0., 1., 0., -2.32959442e+02, 0.,
       0., 0., 3.78292480e+02, 0., 0., 3.31854244e-04, 0. ]
R: !!opencv-matrix
   rows: 3
   cols: 3
   dt: d
   data: [ 1.0448914528923408e+00, 9.7466623958365022e-03,
       5.0209706869444572e-02, -7.7944121908951067e-03,
       1.0444344147766065e+00, -4.5495254428787539e-02,
       -5.1320884585463175e-02, 4.5116012698010834e-02,
       1.0432500379125311e+00 ]
T: !!opencv-matrix
   rows: 3
   cols: 1
   dt: d
   data: [ -3.0269110374376446e+03, 1.8153559579050264e+02,
       1.8045179105270327e+02 ]
E: !!opencv-matrix
   rows: 0
   cols: 0
   dt: u
   data: []
F: !!opencv-matrix
   rows: 0
   cols: 0
   dt: u
   data: []
K1: !!opencv-matrix
   rows: 3
   cols: 3
   dt: d
   data: [ 3.6627756984521932e+02, 0., 3.8060969928433269e+02, 0.,
       3.6653175179255015e+02, 2.3878059668569790e+02, 0., 0., 1. ]
D1: !!opencv-matrix
   rows: 5
   cols: 1
   dt: d
   data: [ -2.1859934914563901e-02, -9.9468572971318997e-04,
       1.6448003429794193e-03, -3.1164985765511365e-04,
       3.5195408316194161e-04 ]
P1: !!opencv-matrix
   rows: 3
   cols: 4
   dt: f
   data: [ 3.78292480e+02, 0., 4.05012390e+02, 0., 0., 3.78292480e+02,
       2.32959442e+02, 0., 0., 0., 1., 0. ]
R1: !!opencv-matrix
   rows: 3
   cols: 3
   dt: f
   data: [ 9.98567164e-01, -5.28323911e-02, -8.50564614e-03,
       5.26415482e-02, 9.98386621e-01, -2.12838575e-02, 9.61640105e-03,
       2.08056122e-02, 9.99737263e-01 ]
K2: !!opencv-matrix
   rows: 3
   cols: 3
   dt: d
   data: [ 3.6687495098581172e+02, 0., 3.7621769200552956e+02, 0.,
       3.6726361788508825e+02, 2.2399932895774910e+02, 0., 0., 1. ]
D2: !!opencv-matrix
   rows: 5
   cols: 1
   dt: d
   data: [ -2.2201337830972428e-02, -1.1445843221826492e-03,
       2.9199201696882579e-04, -7.1705872414221615e-04,
       5.1284674356775366e-04 ]
P2: !!opencv-matrix
   rows: 3
   cols: 4
   dt: f
   data: [ 3.78292480e+02, 0., 4.05012390e+02, -1.13993563e+06, 0.,
       3.78292480e+02, 2.32959442e+02, 0., 0., 0., 1., 0. ]
R2: !!opencv-matrix
   rows: 3
   cols: 3
   dt: f
   data: [ 9.96443629e-01, -5.97605892e-02, -5.94038069e-02,
       6.09990172e-02, 9.97952044e-01, 1.92560051e-02, 5.81314005e-02,
       -2.28110962e-02, 9.98048306e-01 ]
