%YAML:1.0
---
Q: !!opencv-matrix
   rows: 4
   cols: 4
   dt: f
   data: [ 1., 0., 0., -4.26539185e+02, 0., 1., 0., -2.33687897e+02, 0.,
       0., 0., 3.64711731e+02, 0., 0., 3.76130629e-04, 0. ]
R: !!opencv-matrix
   rows: 3
   cols: 3
   dt: d
   data: [ 1.0446347859115439e+00, 9.7520904818521638e-03,
       -2.8906103420731129e-03, -1.0096063151571287e-02,
       1.0440680226452470e+00, -4.5108295756916363e-02,
       3.4125645720098695e-03, 4.5099749580814343e-02,
       1.0440419511640866e+00 ]
T: !!opencv-matrix
   rows: 3
   cols: 1
   dt: d
   data: [ -2.7664374834863233e+03, 1.6591371769001034e+02,
       1.6491493901841389e+02 ]
E: !!opencv-matrix
   rows: 0
   cols: 0
   dt: u
   data: []
F: !!opencv-matrix
   rows: 0
   cols: 0
   dt: u
   data: []
K1: !!opencv-matrix
   rows: 3
   cols: 3
   dt: d
   data: [ 3.6627756984521932e+02, 0., 3.8060969928433269e+02, 0.,
       3.6653175179255015e+02, 2.3878059668569790e+02, 0., 0., 1. ]
D1: !!opencv-matrix
   rows: 5
   cols: 1
   dt: d
   data: [ -2.1859934914563901e-02, -9.9468572971318997e-04,
       1.6448003429794193e-03, -3.1164985765511365e-04,
       3.5195408316194161e-04 ]
P1: !!opencv-matrix
   rows: 3
   cols: 4
   dt: f
   data: [ 3.64711731e+02, 0., 4.26539185e+02, 0., 0., 3.64711731e+02,
       2.33687897e+02, 0., 0., 0., 1., 0. ]
R1: !!opencv-matrix
   rows: 3
   cols: 3
   dt: f
   data: [ 9.96773481e-01, -4.95437644e-02, -6.31509721e-02,
       4.98222522e-02, 9.98754084e-01, 2.84178928e-03, 6.29314929e-02,
       -5.97894378e-03, 9.97999966e-01 ]
K2: !!opencv-matrix
   rows: 3
   cols: 3
   dt: d
   data: [ 3.6687495098581172e+02, 0., 3.7621769200552956e+02, 0.,
       3.6726361788508825e+02, 2.2399932895774910e+02, 0., 0., 1. ]
D2: !!opencv-matrix
   rows: 5
   cols: 1
   dt: d
   data: [ -2.2201337830972428e-02, -1.1445843221826492e-03,
       2.9199201696882579e-04, -7.1705872414221615e-04,
       5.1284674356775366e-04 ]
P2: !!opencv-matrix
   rows: 3
   cols: 4
   dt: f
   data: [ 3.64711731e+02, 0., 4.26539185e+02, -9.69641125e+05, 0.,
       3.64711731e+02, 2.33687897e+02, 0., 0., 0., 1., 0. ]
R2: !!opencv-matrix
   rows: 3
   cols: 3
   dt: f
   data: [ 9.96443629e-01, -5.97607270e-02, -5.94037473e-02,
       5.94977066e-02, 9.98209238e-01, -6.18819939e-03, 5.96671849e-02,
       2.63180491e-03, 9.98214841e-01 ]
