%YAML:1.0
---
Q: !!opencv-matrix
   rows: 4
   cols: 4
   dt: f
   data: [ 1., 0., 0., -4.04995972e+02, 0., 1., 0., -2.33225342e+02, 0.,
       0., 0., 3.69072235e+02, 0., 0., 4.61905525e-04, 0. ]
R: !!opencv-matrix
   rows: 3
   cols: 3
   dt: d
   data: [ 1.0457069114264095e+00, 8.6846365014437363e-03,
       -2.6557181691085003e-03, -1.0225398698625951e-02,
       1.0437760297499603e+00, 9.6008509110153475e-03,
       3.3772849618579079e-03, -9.6007508323811101e-03,
       1.0437300313268285e+00 ]
T: !!opencv-matrix
   rows: 3
   cols: 1
   dt: d
   data: [ -2.2642318932034200e+03, 1.3579570493962490e+02,
       9.1783596655348489e+00 ]
E: !!opencv-matrix
   rows: 0
   cols: 0
   dt: u
   data: []
F: !!opencv-matrix
   rows: 0
   cols: 0
   dt: u
   data: []
K1: !!opencv-matrix
   rows: 3
   cols: 3
   dt: d
   data: [ 3.6627756984521932e+02, 0., 3.8060969928433269e+02, 0.,
       3.6653175179255015e+02, 2.3878059668569790e+02, 0., 0., 1. ]
D1: !!opencv-matrix
   rows: 5
   cols: 1
   dt: d
   data: [ -2.1859934914563901e-02, -9.9468572971318997e-04,
       1.6448003429794193e-03, -3.1164985765511365e-04,
       3.5195408316194161e-04 ]
P1: !!opencv-matrix
   rows: 3
   cols: 4
   dt: f
   data: [ 3.69072235e+02, 0., 4.04995972e+02, 0., 0., 3.69072235e+02,
       2.33225342e+02, 0., 0., 0., 1., 0. ]
R1: !!opencv-matrix
   rows: 3
   cols: 3
   dt: f
   data: [ 9.94443417e-01, -1.04951181e-01, -8.21823254e-03,
       1.04755796e-01, 9.94267762e-01, -2.13982482e-02, 1.04168942e-02,
       2.04184391e-02, 9.99737263e-01 ]
K2: !!opencv-matrix
   rows: 3
   cols: 3
   dt: d
   data: [ 3.6687495098581172e+02, 0., 3.7621769200552956e+02, 0.,
       3.6726361788508825e+02, 2.2399932895774910e+02, 0., 0., 1. ]
D2: !!opencv-matrix
   rows: 5
   cols: 1
   dt: d
   data: [ -2.2201337830972428e-02, -1.1445843221826492e-03,
       2.9199201696882579e-04, -7.1705872414221615e-04,
       5.1284674356775366e-04 ]
P2: !!opencv-matrix
   rows: 3
   cols: 4
   dt: f
   data: [ 3.69072235e+02, 0., 4.04995972e+02, -799021., 0.,
       3.69072235e+02, 2.33225342e+02, 0., 0., 0., 1., 0. ]
R2: !!opencv-matrix
   rows: 3
   cols: 3
   dt: f
   data: [ 9.96443570e-01, -5.97607084e-02, -5.94039522e-02,
       6.09924607e-02, 9.97954667e-01, 1.91412661e-02, 5.81385531e-02,
       -2.26963852e-02, 9.98050511e-01 ]
