%YAML:1.0
---
Q: !!opencv-matrix
   rows: 4
   cols: 4
   dt: f
   data: [ 1., 0., 0., -4.05015381e+02, 0., 1., 0., -2.33227219e+02, 0.,
       0., 0., 3.69079498e+02, 0., 0., 2.89928896e-04, 0. ]
R: !!opencv-matrix
   rows: 3
   cols: 3
   dt: d
   data: [ 1.0436977985217810e+00, -4.4750676600007186e-02,
       5.0809898032633423e-02, 4.6946566294581243e-02,
       1.0438979499638774e+00, -4.5551610650733904e-02,
       -4.8866774052781892e-02, 4.7749723596725961e-02,
       1.0437160685504721e+00 ]
T: !!opencv-matrix
   rows: 3
   cols: 1
   dt: d
   data: [ -3.5084634713366995e+03, 2.1041533246739499e+02,
       2.0915256812217959e+02 ]
E: !!opencv-matrix
   rows: 0
   cols: 0
   dt: u
   data: []
F: !!opencv-matrix
   rows: 0
   cols: 0
   dt: u
   data: []
K1: !!opencv-matrix
   rows: 3
   cols: 3
   dt: d
   data: [ 3.6627756984521932e+02, 0., 3.8060969928433269e+02, 0.,
       3.6653175179255015e+02, 2.3878059668569790e+02, 0., 0., 1. ]
D1: !!opencv-matrix
   rows: 5
   cols: 1
   dt: d
   data: [ -2.1859934914563901e-02, -9.9468572971318997e-04,
       1.6448003429794193e-03, -3.1164985765511365e-04,
       3.5195408316194161e-04 ]
P1: !!opencv-matrix
   rows: 3
   cols: 4
   dt: f
   data: [ 3.69079498e+02, 0., 4.05015381e+02, 0., 0., 3.69079498e+02,
       2.33227219e+02, 0., 0., 0., 1., 0. ]
R1: !!opencv-matrix
   rows: 3
   cols: 3
   dt: f
   data: [ 9.94432986e-01, -1.05045944e-01, -8.26972350e-03,
       1.04849473e-01, 9.94257808e-01, -2.14001797e-02, 1.04702394e-02,
       2.04139687e-02, 9.99736786e-01 ]
K2: !!opencv-matrix
   rows: 3
   cols: 3
   dt: d
   data: [ 3.6687495098581172e+02, 0., 3.7621769200552956e+02, 0.,
       3.6726361788508825e+02, 2.2399932895774910e+02, 0., 0., 1. ]
D2: !!opencv-matrix
   rows: 5
   cols: 1
   dt: d
   data: [ -2.2201337830972428e-02, -1.1445843221826492e-03,
       2.9199201696882579e-04, -7.1705872414221615e-04,
       5.1284674356775366e-04 ]
P2: !!opencv-matrix
   rows: 3
   cols: 4
   dt: f
   data: [ 3.69079498e+02, 0., 4.05015381e+02, -1.27300013e+06, 0.,
       3.69079498e+02, 2.33227219e+02, 0., 0., 0., 1., 0. ]
R2: !!opencv-matrix
   rows: 3
   cols: 3
   dt: f
   data: [ 9.96443748e-01, -5.97603619e-02, -5.94017208e-02,
       6.09919950e-02, 9.97954726e-01, 1.91401318e-02, 5.81364073e-02,
       -2.26950925e-02, 9.98050630e-01 ]
