%YAML:1.0
---
Q: !!opencv-matrix
   rows: 4
   cols: 4
   dt: f
   data: [ 1., 0., 0., -4.25395905e+02, 0., 1., 0., -2.33711929e+02, 0.,
       0., 0., 3.70898621e+02, 0., 0., 3.59531696e-04, 0. ]
R: !!opencv-matrix
   rows: 3
   cols: 3
   dt: d
   data: [ 1.0445923410184501e+00, 9.3845959810696430e-03,
       -3.6075046526198367e-03, -1.0095862267606769e-02,
       1.0440434560185774e+00, -4.5063280679002102e-02,
       3.4121642800132891e-03, 4.5119618900209935e-02,
       1.0440381154761529e+00 ]
T: !!opencv-matrix
   rows: 3
   cols: 1
   dt: d
   data: [ -2.7829237111694656e+03, 1.6690245923761637e+02,
       1.6589772867209570e+02 ]
E: !!opencv-matrix
   rows: 0
   cols: 0
   dt: u
   data: []
F: !!opencv-matrix
   rows: 0
   cols: 0
   dt: u
   data: []
K1: !!opencv-matrix
   rows: 3
   cols: 3
   dt: d
   data: [ 3.6627756984521932e+02, 0., 3.8060969928433269e+02, 0.,
       3.6653175179255015e+02, 2.3878059668569790e+02, 0., 0., 1. ]
D1: !!opencv-matrix
   rows: 5
   cols: 1
   dt: d
   data: [ -2.1859934914563901e-02, -9.9468572971318997e-04,
       1.6448003429794193e-03, -3.1164985765511365e-04,
       3.5195408316194161e-04 ]
P1: !!opencv-matrix
   rows: 3
   cols: 4
   dt: f
   data: [ 3.70898621e+02, 0., 4.25395905e+02, 0., 0., 3.70898621e+02,
       2.33711929e+02, 0., 0., 0., 1., 0. ]
R1: !!opencv-matrix
   rows: 3
   cols: 3
   dt: f
   data: [ 9.96781170e-01, -5.29932752e-02, -6.01578243e-02,
       5.16712703e-02, 9.98391747e-01, -2.33236607e-02, 6.12970702e-02,
       2.01401543e-02, 9.97916341e-01 ]
K2: !!opencv-matrix
   rows: 3
   cols: 3
   dt: d
   data: [ 3.6687495098581172e+02, 0., 3.7621769200552956e+02, 0.,
       3.6726361788508825e+02, 2.2399932895774910e+02, 0., 0., 1. ]
D2: !!opencv-matrix
   rows: 5
   cols: 1
   dt: d
   data: [ -2.2201337830972428e-02, -1.1445843221826492e-03,
       2.9199201696882579e-04, -7.1705872414221615e-04,
       5.1284674356775366e-04 ]
P2: !!opencv-matrix
   rows: 3
   cols: 4
   dt: f
   data: [ 3.70898621e+02, 0., 4.25395905e+02, -1.03161594e+06, 0.,
       3.70898621e+02, 2.33711929e+02, 0., 0., 0., 1., 0. ]
R2: !!opencv-matrix
   rows: 3
   cols: 3
   dt: f
   data: [ 9.96443808e-01, -5.97605035e-02, -5.94007522e-02,
       6.10394217e-02, 9.97935891e-01, 1.99526548e-02, 5.80857620e-02,
       -2.35074870e-02, 9.98034775e-01 ]
