%YAML:1.0
---
Q: !!opencv-matrix
   rows: 4
   cols: 4
   dt: f
   data: [ 1., 0., 0., -4.25461243e+02, 0., 1., 0., -2.33715515e+02, 0.,
       0., 0., 3.70863861e+02, 0., 0., 3.58056452e-04, 0. ]
R: !!opencv-matrix
   rows: 3
   cols: 3
   dt: d
   data: [ 1.0446091447036794e+00, 9.4097532546451920e-03,
       -3.8336279878076556e-03, -1.0099332760197916e-02,
       1.0439929947707387e+00, -4.5047597307870488e-02,
       3.4080845126456981e-03, 4.5115978588509603e-02,
       1.0440026795405513e+00 ]
T: !!opencv-matrix
   rows: 3
   cols: 1
   dt: d
   data: [ -2.8074350750993162e+03, 1.6837249844852954e+02,
       1.6735891846783545e+02 ]
E: !!opencv-matrix
   rows: 0
   cols: 0
   dt: u
   data: []
F: !!opencv-matrix
   rows: 0
   cols: 0
   dt: u
   data: []
K1: !!opencv-matrix
   rows: 3
   cols: 3
   dt: d
   data: [ 3.6627756984521932e+02, 0., 3.8060969928433269e+02, 0.,
       3.6653175179255015e+02, 2.3878059668569790e+02, 0., 0., 1. ]
D1: !!opencv-matrix
   rows: 5
   cols: 1
   dt: d
   data: [ -2.1859934914563901e-02, -9.9468572971318997e-04,
       1.6448003429794193e-03, -3.1164985765511365e-04,
       3.5195408316194161e-04 ]
P1: !!opencv-matrix
   rows: 3
   cols: 4
   dt: f
   data: [ 3.70863861e+02, 0., 4.25461243e+02, 0., 0., 3.70863861e+02,
       2.33715515e+02, 0., 0., 0., 1., 0. ]
R1: !!opencv-matrix
   rows: 3
   cols: 3
   dt: f
   data: [ 9.96768236e-01, -5.30519225e-02, -6.03210367e-02,
       5.17264269e-02, 9.98388767e-01, -2.33283266e-02, 6.14614598e-02,
       2.01327428e-02, 9.97906387e-01 ]
K2: !!opencv-matrix
   rows: 3
   cols: 3
   dt: d
   data: [ 3.6687495098581172e+02, 0., 3.7621769200552956e+02, 0.,
       3.6726361788508825e+02, 2.2399932895774910e+02, 0., 0., 1. ]
D2: !!opencv-matrix
   rows: 5
   cols: 1
   dt: d
   data: [ -2.2201337830972428e-02, -1.1445843221826492e-03,
       2.9199201696882579e-04, -7.1705872414221615e-04,
       5.1284674356775366e-04 ]
P2: !!opencv-matrix
   rows: 3
   cols: 4
   dt: f
   data: [ 3.70863861e+02, 0., 4.25461243e+02, -1.03576919e+06, 0.,
       3.70863861e+02, 2.33715515e+02, 0., 0., 0., 1., 0. ]
R2: !!opencv-matrix
   rows: 3
   cols: 3
   dt: f
   data: [ 9.96443808e-01, -5.97605035e-02, -5.94007522e-02,
       6.10393472e-02, 9.97935951e-01, 1.99513528e-02, 5.80858439e-02,
       -2.35061850e-02, 9.98034835e-01 ]
