%YAML:1.0
---
Q: !!opencv-matrix
   rows: 4
   cols: 4
   dt: f
   data: [ 1., 0., 0., -4.30076752e+02, 0., 1., 0., -2.33955032e+02, 0.,
       0., 0., 3.65285858e+02, 0., 0., 6.03751373e-03, 0. ]
R: !!opencv-matrix
   rows: 3
   cols: 3
   dt: d
   data: [ 9.9772366735043638e-01, 8.4978076151557645e-03,
       -6.4327878721857955e-03, -9.2927040373952784e-03,
       1.0046140909409933e+00, 9.4847144470183997e-03,
       3.6905058237433784e-03, -9.1664695483432874e-03,
       1.0047825207606000e+00 ]
T: !!opencv-matrix
   rows: 3
   cols: 1
   dt: d
   data: [ -1.6078366477436074e+02, 1.0210089463284586e+01,
       1.0148099713653442e+01 ]
E: !!opencv-matrix
   rows: 0
   cols: 0
   dt: u
   data: []
F: !!opencv-matrix
   rows: 0
   cols: 0
   dt: u
   data: []
K1: !!opencv-matrix
   rows: 3
   cols: 3
   dt: d
   data: [ 3.6627756984521932e+02, 0., 3.8060969928433269e+02, 0.,
       3.6653175179255015e+02, 2.3878059668569790e+02, 0., 0., 1. ]
D1: !!opencv-matrix
   rows: 5
   cols: 1
   dt: d
   data: [ -2.1859934914563901e-02, -9.9468572971318997e-04,
       1.6448003429794193e-03, -3.1164985765511365e-04,
       3.5195408316194161e-04 ]
P1: !!opencv-matrix
   rows: 3
   cols: 4
   dt: f
   data: [ 3.65285858e+02, 0., 4.30076752e+02, 0., 0., 3.65285858e+02,
       2.33955032e+02, 0., 0., 0., 1., 0. ]
R1: !!opencv-matrix
   rows: 3
   cols: 3
   dt: f
   data: [ 9.96189296e-01, -5.39943986e-02, -6.84942454e-02,
       5.42962290e-02, 9.98521626e-01, 2.55129160e-03, 6.82552308e-02,
       -6.26054872e-03, 9.97648239e-01 ]
K2: !!opencv-matrix
   rows: 3
   cols: 3
   dt: d
   data: [ 3.6687495098581172e+02, 0., 3.7621769200552956e+02, 0.,
       3.6726361788508825e+02, 2.2399932895774910e+02, 0., 0., 1. ]
D2: !!opencv-matrix
   rows: 5
   cols: 1
   dt: d
   data: [ -2.2201337830972428e-02, -1.1445843221826492e-03,
       2.9199201696882579e-04, -7.1705872414221615e-04,
       5.1284674356775366e-04 ]
P2: !!opencv-matrix
   rows: 3
   cols: 4
   dt: f
   data: [ 3.65285858e+02, 0., 4.30076752e+02, -6.05026914e+04, 0.,
       3.65285858e+02, 2.33955032e+02, 0., 0., 0., 1., 0. ]
R2: !!opencv-matrix
   rows: 3
   cols: 3
   dt: f
   data: [ 9.96015847e-01, -6.32490292e-02, -6.28649965e-02,
       6.29708916e-02, 9.97994840e-01, -6.39780611e-03, 6.31435961e-02,
       2.41365121e-03, 9.98001516e-01 ]
