%YAML:1.0
---
Q: !!opencv-matrix
   rows: 4
   cols: 4
   dt: f
   data: [ 1., 0., 0., -3.83187256e+02, 0., 1., 0., -2.32192886e+02, 0.,
       0., 0., 3.61825165e+02, 0., 0., 5.56681957e-03, 0. ]
R: !!opencv-matrix
   rows: 3
   cols: 3
   dt: d
   data: [ 9.9993188569802471e-01, 9.7487027884223931e-03,
       -3.1547370394918138e-03, -9.6808451267174286e-03,
       9.9992539449590534e-01, 9.2349001276107855e-03,
       3.2434916081480309e-03, -9.2040181426047175e-03,
       9.9996952773784775e-01 ]
T: !!opencv-matrix
   rows: 3
   cols: 1
   dt: d
   data: [ -1.7927944407673886e+02, 1.1384684636323936e+01,
       7.6960122989874513e-01 ]
E: !!opencv-matrix
   rows: 0
   cols: 0
   dt: u
   data: []
F: !!opencv-matrix
   rows: 0
   cols: 0
   dt: u
   data: []
K1: !!opencv-matrix
   rows: 3
   cols: 3
   dt: d
   data: [ 3.6627756984521932e+02, 0., 3.8060969928433269e+02, 0.,
       3.6653175179255015e+02, 2.3878059668569790e+02, 0., 0., 1. ]
D1: !!opencv-matrix
   rows: 5
   cols: 1
   dt: d
   data: [ -2.1859934914563901e-02, -9.9468572971318997e-04,
       1.6448003429794193e-03, -3.1164985765511365e-04,
       3.5195408316194161e-04 ]
P1: !!opencv-matrix
   rows: 3
   cols: 4
   dt: f
   data: [ 3.61825165e+02, 0., 3.83187256e+02, 0., 0., 3.61825165e+02,
       2.32192886e+02, 0., 0., 0., 1., 0. ]
R1: !!opencv-matrix
   rows: 3
   cols: 3
   dt: f
   data: [ 9.98529673e-01, -5.36119863e-02, -8.01871903e-03,
       5.36479019e-02, 9.98550534e-01, 4.33247071e-03, 7.77482381e-03,
       -4.75628814e-03, 9.99958456e-01 ]
K2: !!opencv-matrix
   rows: 3
   cols: 3
   dt: d
   data: [ 3.6687495098581172e+02, 0., 3.7621769200552956e+02, 0.,
       3.6726361788508825e+02, 2.2399932895774910e+02, 0., 0., 1. ]
D2: !!opencv-matrix
   rows: 5
   cols: 1
   dt: d
   data: [ -2.2201337830972428e-02, -1.1445843221826492e-03,
       2.9199201696882579e-04, -7.1705872414221615e-04,
       5.1284674356775366e-04 ]
P2: !!opencv-matrix
   rows: 3
   cols: 4
   dt: f
   data: [ 3.61825165e+02, 0., 3.83187256e+02, -6.49967461e+04, 0.,
       3.61825165e+02, 2.32192886e+02, 0., 0., 0., 1., 0. ]
R2: !!opencv-matrix
   rows: 3
   cols: 3
   dt: f
   data: [ 9.97980654e-01, -6.33742213e-02, -4.28407826e-03,
       6.33540750e-02, 9.97980118e-01, -4.68419166e-03, 4.57228208e-03,
       4.40331874e-03, 9.99979854e-01 ]
