%YAML:1.0
---
Q: !!opencv-matrix
   rows: 4
   cols: 4
   dt: f
   data: [ 1., 0., 0., -4.10041748e+02, 0., 1., 0., -2.33617676e+02, 0.,
       0., 0., 3.69263153e+02, 0., 0., 8.44287798e-02, 0. ]
R: !!opencv-matrix
   rows: 3
   cols: 3
   dt: d
   data: [ 1.0420689460347949e+00, -4.6279857108034901e-02,
       3.6899829587735473e-02, 4.7184448772061093e-02,
       1.0452295521730166e+00, -4.4718123776384074e-02,
       -4.8743732107173018e-02, 4.7899895149093562e-02,
       1.0458357599272334e+00 ]
T: !!opencv-matrix
   rows: 3
   cols: 1
   dt: d
   data: [ -1.0304392457339588e+01, 6.5435425023198812e-01,
       6.5041230593785604e-01 ]
E: !!opencv-matrix
   rows: 0
   cols: 0
   dt: u
   data: []
F: !!opencv-matrix
   rows: 0
   cols: 0
   dt: u
   data: []
K1: !!opencv-matrix
   rows: 3
   cols: 3
   dt: d
   data: [ 3.6627756984521932e+02, 0., 3.8060969928433269e+02, 0.,
       3.6653175179255015e+02, 2.3878059668569790e+02, 0., 0., 1. ]
D1: !!opencv-matrix
   rows: 5
   cols: 1
   dt: d
   data: [ -2.1859934914563901e-02, -9.9468572971318997e-04,
       1.6448003429794193e-03, -3.1164985765511365e-04,
       3.5195408316194161e-04 ]
P1: !!opencv-matrix
   rows: 3
   cols: 4
   dt: f
   data: [ 3.69263153e+02, 0., 4.10041748e+02, 0., 0., 3.69263153e+02,
       2.33617676e+02, 0., 0., 0., 1., 0. ]
R1: !!opencv-matrix
   rows: 3
   cols: 3
   dt: f
   data: [ 9.93841827e-01, -1.09412387e-01, -1.75326224e-02,
       1.09025501e-01, 9.93802369e-01, -2.16849744e-02, 1.97965670e-02,
       1.96399298e-02, 9.99611080e-01 ]
K2: !!opencv-matrix
   rows: 3
   cols: 3
   dt: d
   data: [ 3.6687495098581172e+02, 0., 3.7621769200552956e+02, 0.,
       3.6726361788508825e+02, 2.2399932895774910e+02, 0., 0., 1. ]
D2: !!opencv-matrix
   rows: 5
   cols: 1
   dt: d
   data: [ -2.2201337830972428e-02, -1.1445843221826492e-03,
       2.9199201696882579e-04, -7.1705872414221615e-04,
       5.1284674356775366e-04 ]
P2: !!opencv-matrix
   rows: 3
   cols: 4
   dt: f
   data: [ 3.69263153e+02, 0., 4.10041748e+02, -4.37366455e+03, 0.,
       3.69263153e+02, 2.33617676e+02, 0., 0., 0., 1., 0. ]
R2: !!opencv-matrix
   rows: 3
   cols: 3
   dt: f
   data: [ 9.96015608e-01, -6.32494390e-02, -6.28684089e-02,
       6.45381883e-02, 9.97740328e-01, 1.86822265e-02, 6.15447126e-02,
       -2.26652026e-02, 9.97846961e-01 ]
