%YAML:1.0
---
Q: !!opencv-matrix
   rows: 4
   cols: 4
   dt: f
   data: [ 1., 0., 0., -4.13393494e+02, 0., 1., 0., -2.33866013e+02, 0.,
       0., 0., 3.68207886e+02, 0., 0., 3.28845143e-01, 0. ]
R: !!opencv-matrix
   rows: 3
   cols: 3
   dt: d
   data: [ 1.0655430263690668e+00, -4.5855693171312599e-02,
       1.8513347911714575e-02, 4.8515408962736407e-02,
       1.0711464424274375e+00, -4.4605297336814641e-02,
       -4.9801478543721169e-02, 4.8992694473354588e-02,
       1.0730863545043330e+00 ]
T: !!opencv-matrix
   rows: 3
   cols: 1
   dt: d
   data: [ -1.3759921043322731e+00, 8.7378881068750677e-02,
       8.6852493560661104e-02 ]
E: !!opencv-matrix
   rows: 0
   cols: 0
   dt: u
   data: []
F: !!opencv-matrix
   rows: 0
   cols: 0
   dt: u
   data: []
K1: !!opencv-matrix
   rows: 3
   cols: 3
   dt: d
   data: [ 3.6627756984521932e+02, 0., 3.8060969928433269e+02, 0.,
       3.6653175179255015e+02, 2.3878059668569790e+02, 0., 0., 1. ]
D1: !!opencv-matrix
   rows: 5
   cols: 1
   dt: d
   data: [ -2.1859934914563901e-02, -9.9468572971318997e-04,
       1.6448003429794193e-03, -3.1164985765511365e-04,
       3.5195408316194161e-04 ]
P1: !!opencv-matrix
   rows: 3
   cols: 4
   dt: f
   data: [ 3.68207886e+02, 0., 4.13393494e+02, 0., 0., 3.68207886e+02,
       2.33866013e+02, 0., 0., 0., 1., 0. ]
R1: !!opencv-matrix
   rows: 3
   cols: 3
   dt: f
   data: [ 9.93638694e-01, -1.09551519e-01, -2.60887016e-02,
       1.08993843e-01, 9.93800700e-01, -2.19204873e-02, 2.83283927e-02,
       1.89375356e-02, 9.99419272e-01 ]
K2: !!opencv-matrix
   rows: 3
   cols: 3
   dt: d
   data: [ 3.6687495098581172e+02, 0., 3.7621769200552956e+02, 0.,
       3.6726361788508825e+02, 2.2399932895774910e+02, 0., 0., 1. ]
D2: !!opencv-matrix
   rows: 5
   cols: 1
   dt: d
   data: [ -2.2201337830972428e-02, -1.1445843221826492e-03,
       2.9199201696882579e-04, -7.1705872414221615e-04,
       5.1284674356775366e-04 ]
P2: !!opencv-matrix
   rows: 3
   cols: 4
   dt: f
   data: [ 3.68207886e+02, 0., 4.13393494e+02, -1.11969995e+03, 0.,
       3.68207886e+02, 2.33866013e+02, 0., 0., 0., 1., 0. ]
R2: !!opencv-matrix
   rows: 3
   cols: 3
   dt: f
   data: [ 9.96015608e-01, -6.32494390e-02, -6.28684089e-02,
       6.45238385e-02, 9.97745574e-01, 1.84496865e-02, 6.15597479e-02,
       -2.24326868e-02, 9.97851253e-01 ]
