%YAML:1.0
---
Q: !!opencv-matrix
   rows: 4
   cols: 4
   dt: f
   data: [ 1., 0., 0., -3.83183624e+02, 0., 1., 0., -2.32193268e+02, 0.,
       0., 0., 3.61799103e+02, 0., 0., 5.56991016e-03, 0. ]
R: !!opencv-matrix
   rows: 3
   cols: 3
   dt: d
   data: [ 9.9981979401754784e-01, 9.6162096071167220e-03,
       -3.1780782027464910e-03, -9.6654610287034599e-03,
       1.0000872112724317e+00, 9.2377796205893419e-03,
       3.2448038161496462e-03, -9.2046991365442865e-03,
       1.0001232697838123e+00 ]
T: !!opencv-matrix
   rows: 3
   cols: 1
   dt: d
   data: [ -1.7914016701121622e+02, 1.1375824775760943e+01,
       7.6762127251224066e-01 ]
E: !!opencv-matrix
   rows: 0
   cols: 0
   dt: u
   data: []
F: !!opencv-matrix
   rows: 0
   cols: 0
   dt: u
   data: []
K1: !!opencv-matrix
   rows: 3
   cols: 3
   dt: d
   data: [ 3.6627756984521932e+02, 0., 3.8060969928433269e+02, 0.,
       3.6653175179255015e+02, 2.3878059668569790e+02, 0., 0., 1. ]
D1: !!opencv-matrix
   rows: 5
   cols: 1
   dt: d
   data: [ -2.1859934914563901e-02, -9.9468572971318997e-04,
       1.6448003429794193e-03, -3.1164985765511365e-04,
       3.5195408316194161e-04 ]
P1: !!opencv-matrix
   rows: 3
   cols: 4
   dt: f
   data: [ 3.61799103e+02, 0., 3.83183624e+02, 0., 0., 3.61799103e+02,
       2.32193268e+02, 0., 0., 0., 1., 0. ]
R1: !!opencv-matrix
   rows: 3
   cols: 3
   dt: f
   data: [ 9.98523593e-01, -5.37246838e-02, -8.01749434e-03,
       5.37605882e-02, 9.98544455e-01, 4.33190260e-03, 7.77309481e-03,
       -4.75653214e-03, 9.99958456e-01 ]
K2: !!opencv-matrix
   rows: 3
   cols: 3
   dt: d
   data: [ 3.6687495098581172e+02, 0., 3.7621769200552956e+02, 0.,
       3.6726361788508825e+02, 2.2399932895774910e+02, 0., 0., 1. ]
D2: !!opencv-matrix
   rows: 5
   cols: 1
   dt: d
   data: [ -2.2201337830972428e-02, -1.1445843221826492e-03,
       2.9199201696882579e-04, -7.1705872414221615e-04,
       5.1284674356775366e-04 ]
P2: !!opencv-matrix
   rows: 3
   cols: 4
   dt: f
   data: [ 3.61799103e+02, 0., 3.83183624e+02, -6.49560039e+04, 0.,
       3.61799103e+02, 2.32193268e+02, 0., 0., 0., 1., 0. ]
R2: !!opencv-matrix
   rows: 3
   cols: 3
   dt: f
   data: [ 9.97980654e-01, -6.33741394e-02, -4.27632220e-03,
       6.33540303e-02, 9.97980118e-01, -4.68379026e-03, 4.56451578e-03,
       4.40341001e-03, 9.99979913e-01 ]
