%YAML:1.0
---
Q: !!opencv-matrix
   rows: 4
   cols: 4
   dt: f
   data: [ 1., 0., 0., -4.07681671e+02, 0., 1., 0., -2.33439285e+02, 0.,
       0., 0., 3.70128815e+02, 0., 0., 5.65276807e-03, 0. ]
R: !!opencv-matrix
   rows: 3
   cols: 3
   dt: d
   data: [ 1.0008910830472868e+00, -4.2827748776036109e-02,
       4.8832414502182404e-02, 4.5017398038469644e-02,
       1.0010419941121276e+00, -4.3688309902686406e-02,
       -4.6862882621934034e-02, 4.5784380665414050e-02,
       1.0008661663599314e+00 ]
T: !!opencv-matrix
   rows: 3
   cols: 1
   dt: d
   data: [ -1.7637152760471412e+02, 1.1199976201410585e+01,
       1.1133495862864301e+01 ]
E: !!opencv-matrix
   rows: 0
   cols: 0
   dt: u
   data: []
F: !!opencv-matrix
   rows: 0
   cols: 0
   dt: u
   data: []
K1: !!opencv-matrix
   rows: 3
   cols: 3
   dt: d
   data: [ 3.6627756984521932e+02, 0., 3.8060969928433269e+02, 0.,
       3.6653175179255015e+02, 2.3878059668569790e+02, 0., 0., 1. ]
D1: !!opencv-matrix
   rows: 5
   cols: 1
   dt: d
   data: [ -2.1859934914563901e-02, -9.9468572971318997e-04,
       1.6448003429794193e-03, -3.1164985765511365e-04,
       3.5195408316194161e-04 ]
P1: !!opencv-matrix
   rows: 3
   cols: 4
   dt: f
   data: [ 3.70128815e+02, 0., 4.07681671e+02, 0., 0., 3.70128815e+02,
       2.33439285e+02, 0., 0., 0., 1., 0. ]
R1: !!opencv-matrix
   rows: 3
   cols: 3
   dt: f
   data: [ 9.94024396e-01, -1.08550929e-01, -1.14953807e-02,
       1.08287133e-01, 9.93886888e-01, -2.15119980e-02, 1.37602556e-02,
       2.01386493e-02, 9.99702513e-01 ]
K2: !!opencv-matrix
   rows: 3
   cols: 3
   dt: d
   data: [ 3.6687495098581172e+02, 0., 3.7621769200552956e+02, 0.,
       3.6726361788508825e+02, 2.2399932895774910e+02, 0., 0., 1. ]
D2: !!opencv-matrix
   rows: 5
   cols: 1
   dt: d
   data: [ -2.2201337830972428e-02, -1.1445843221826492e-03,
       2.9199201696882579e-04, -7.1705872414221615e-04,
       5.1284674356775366e-04 ]
P2: !!opencv-matrix
   rows: 3
   cols: 4
   dt: f
   data: [ 3.70128815e+02, 0., 4.07681671e+02, -6.54774492e+04, 0.,
       3.70128815e+02, 2.33439285e+02, 0., 0., 0., 1., 0. ]
R2: !!opencv-matrix
   rows: 3
   cols: 3
   dt: f
   data: [ 9.96015310e-01, -6.32491410e-02, -6.28737062e-02,
       6.45479858e-02, 9.97736692e-01, 1.88440774e-02, 6.15395345e-02,
       -2.28273608e-02, 9.97843564e-01 ]
