%YAML:1.0
---
Q: !!opencv-matrix
   rows: 4
   cols: 4
   dt: f
   data: [ 1., 0., 0., -4.09674500e+02, 0., 1., 0., -2.33203308e+02, 0.,
       0., 0., 3.78853302e+02, 0., 0., 7.89421704e-03, 0. ]
R: !!opencv-matrix
   rows: 3
   cols: 3
   dt: d
   data: [ 1.0138334838126308e+00, 8.5086806325615667e-03,
       3.7932276781457303e-02, -7.4643578256831647e-03,
       1.0152512032320402e+00, -4.3528647311173820e-02,
       -4.9772832039659126e-02, 4.3914355885414293e-02,
       1.0147265891425652e+00 ]
T: !!opencv-matrix
   rows: 3
   cols: 1
   dt: d
   data: [ -1.1626772234019252e+02, 7.3832840722287960e+00,
       7.3387872575938768e+00 ]
E: !!opencv-matrix
   rows: 0
   cols: 0
   dt: u
   data: []
F: !!opencv-matrix
   rows: 0
   cols: 0
   dt: u
   data: []
K1: !!opencv-matrix
   rows: 3
   cols: 3
   dt: d
   data: [ 3.6627756984521932e+02, 0., 3.8060969928433269e+02, 0.,
       3.6653175179255015e+02, 2.3878059668569790e+02, 0., 0., 1. ]
D1: !!opencv-matrix
   rows: 5
   cols: 1
   dt: d
   data: [ -2.1859934914563901e-02, -9.9468572971318997e-04,
       1.6448003429794193e-03, -3.1164985765511365e-04,
       3.5195408316194161e-04 ]
P1: !!opencv-matrix
   rows: 3
   cols: 4
   dt: f
   data: [ 3.78853302e+02, 0., 4.09674500e+02, 0., 0., 3.78853302e+02,
       2.33203308e+02, 0., 0., 0., 1., 0. ]
R1: !!opencv-matrix
   rows: 3
   cols: 3
   dt: f
   data: [ 9.98267651e-01, -5.63789085e-02, -1.68257263e-02,
       5.60139976e-02, 9.98200119e-01, -2.14236528e-02, 1.80032831e-02,
       2.04440635e-02, 9.99628901e-01 ]
K2: !!opencv-matrix
   rows: 3
   cols: 3
   dt: d
   data: [ 3.6687495098581172e+02, 0., 3.7621769200552956e+02, 0.,
       3.6726361788508825e+02, 2.2399932895774910e+02, 0., 0., 1. ]
D2: !!opencv-matrix
   rows: 5
   cols: 1
   dt: d
   data: [ -2.2201337830972428e-02, -1.1445843221826492e-03,
       2.9199201696882579e-04, -7.1705872414221615e-04,
       5.1284674356775366e-04 ]
P2: !!opencv-matrix
   rows: 3
   cols: 4
   dt: f
   data: [ 3.78853302e+02, 0., 4.09674500e+02, -4.79912422e+04, 0.,
       3.78853302e+02, 2.33203308e+02, 0., 0., 0., 1., 0. ]
R2: !!opencv-matrix
   rows: 3
   cols: 3
   dt: f
   data: [ 9.96015608e-01, -6.32494166e-02, -6.28683418e-02,
       6.45534769e-02, 9.97734666e-01, 1.89305861e-02, 6.15285747e-02,
       -2.29135286e-02, 9.97842252e-01 ]
