%YAML:1.0
---
Q: !!opencv-matrix
   rows: 4
   cols: 4
   dt: f
   data: [ 1., 0., 0., -4.09578491e+02, 0., 1., 0., -2.33582626e+02, 0.,
       0., 0., 3.69427795e+02, 0., 0., 7.38457590e-02, 0. ]
R: !!opencv-matrix
   rows: 3
   cols: 3
   dt: d
   data: [ 1.0399918739725076e+00, -4.6167276072379644e-02,
       3.8324242049615868e-02, 4.7046839073577242e-02,
       1.0427443632647386e+00, -4.4707831416705611e-02,
       -4.8653119970074675e-02, 4.7785852441002939e-02,
       1.0432538455348153e+00 ]
T: !!opencv-matrix
   rows: 3
   cols: 1
   dt: d
   data: [ -1.1797109523487855e+01, 7.4914545360611429e-01,
       7.4463246374305336e-01 ]
E: !!opencv-matrix
   rows: 0
   cols: 0
   dt: u
   data: []
F: !!opencv-matrix
   rows: 0
   cols: 0
   dt: u
   data: []
K1: !!opencv-matrix
   rows: 3
   cols: 3
   dt: d
   data: [ 3.6627756984521932e+02, 0., 3.8060969928433269e+02, 0.,
       3.6653175179255015e+02, 2.3878059668569790e+02, 0., 0., 1. ]
D1: !!opencv-matrix
   rows: 5
   cols: 1
   dt: d
   data: [ -2.1859934914563901e-02, -9.9468572971318997e-04,
       1.6448003429794193e-03, -3.1164985765511365e-04,
       3.5195408316194161e-04 ]
P1: !!opencv-matrix
   rows: 3
   cols: 4
   dt: f
   data: [ 3.69427795e+02, 0., 4.09578491e+02, 0., 0., 3.69427795e+02,
       2.33582626e+02, 0., 0., 0., 1., 0. ]
R1: !!opencv-matrix
   rows: 3
   cols: 3
   dt: f
   data: [ 9.93877292e-01, -1.09273098e-01, -1.63490791e-02,
       1.08910173e-01, 9.93815780e-01, -2.16510277e-02, 1.86138470e-02,
       1.97378844e-02, 9.99631882e-01 ]
K2: !!opencv-matrix
   rows: 3
   cols: 3
   dt: d
   data: [ 3.6687495098581172e+02, 0., 3.7621769200552956e+02, 0.,
       3.6726361788508825e+02, 2.2399932895774910e+02, 0., 0., 1. ]
D2: !!opencv-matrix
   rows: 5
   cols: 1
   dt: d
   data: [ -2.2201337830972428e-02, -1.1445843221826492e-03,
       2.9199201696882579e-04, -7.1705872414221615e-04,
       5.1284674356775366e-04 ]
P2: !!opencv-matrix
   rows: 3
   cols: 4
   dt: f
   data: [ 3.69427795e+02, 0., 4.09578491e+02, -5.00269482e+03, 0.,
       3.69427795e+02, 2.33582626e+02, 0., 0., 0., 1., 0. ]
R2: !!opencv-matrix
   rows: 3
   cols: 3
   dt: f
   data: [ 9.96015608e-01, -6.32494390e-02, -6.28684089e-02,
       6.45401478e-02, 9.97739613e-01, 1.87140647e-02, 6.15426525e-02,
       -2.26970371e-02, 9.97846365e-01 ]
