%YAML:1.0
---
Q: !!opencv-matrix
   rows: 4
   cols: 4
   dt: f
   data: [ 1., 0., 0., -4.29324463e+02, 0., 1., 0., -2.33907990e+02, 0.,
       0., 0., 3.65785492e+02, 0., 0., 5.60702849e-03, 0. ]
R: !!opencv-matrix
   rows: 3
   cols: 3
   dt: d
   data: [ 1.0009977850655059e+00, 9.2222827895181887e-03,
       -2.8178369910677663e-03, -9.6711756278473858e-03,
       1.0004970982051027e+00, -4.3225609231435085e-02,
       3.2735012148412796e-03, 4.3225675795112446e-02,
       1.0004633272599228e+00 ]
T: !!opencv-matrix
   rows: 3
   cols: 1
   dt: d
   data: [ -1.7694653378168985e+02, 1.1236504703447439e+01,
       1.1169514443429609e+01 ]
E: !!opencv-matrix
   rows: 0
   cols: 0
   dt: u
   data: []
F: !!opencv-matrix
   rows: 0
   cols: 0
   dt: u
   data: []
K1: !!opencv-matrix
   rows: 3
   cols: 3
   dt: d
   data: [ 3.6627756984521932e+02, 0., 3.8060969928433269e+02, 0.,
       3.6653175179255015e+02, 2.3878059668569790e+02, 0., 0., 1. ]
D1: !!opencv-matrix
   rows: 5
   cols: 1
   dt: d
   data: [ -2.1859934914563901e-02, -9.9468572971318997e-04,
       1.6448003429794193e-03, -3.1164985765511365e-04,
       3.5195408316194161e-04 ]
P1: !!opencv-matrix
   rows: 3
   cols: 4
   dt: f
   data: [ 3.65785492e+02, 0., 4.29324463e+02, 0., 0., 3.65785492e+02,
       2.33907990e+02, 0., 0., 0., 1., 0. ]
R1: !!opencv-matrix
   rows: 3
   cols: 3
   dt: f
   data: [ 9.96372402e-01, -5.29666208e-02, -6.66071922e-02,
       5.32595962e-02, 9.98577237e-01, 2.62931013e-03, 6.63731545e-02,
       -6.16724417e-03, 9.97775793e-01 ]
K2: !!opencv-matrix
   rows: 3
   cols: 3
   dt: d
   data: [ 3.6687495098581172e+02, 0., 3.7621769200552956e+02, 0.,
       3.6726361788508825e+02, 2.2399932895774910e+02, 0., 0., 1. ]
D2: !!opencv-matrix
   rows: 5
   cols: 1
   dt: d
   data: [ -2.2201337830972428e-02, -1.1445843221826492e-03,
       2.9199201696882579e-04, -7.1705872414221615e-04,
       5.1284674356775366e-04 ]
P2: !!opencv-matrix
   rows: 3
   cols: 4
   dt: f
   data: [ 3.65785492e+02, 0., 4.29324463e+02, -6.52369609e+04, 0.,
       3.65785492e+02, 2.33907990e+02, 0., 0., 0., 1., 0. ]
R2: !!opencv-matrix
   rows: 3
   cols: 3
   dt: f
   data: [ 9.96015310e-01, -6.32497221e-02, -6.28724545e-02,
       6.29720539e-02, 9.97994840e-01, -6.39021909e-03, 6.31505623e-02,
       2.40554870e-03, 9.98001099e-01 ]
