%YAML:1.0
---
Q: !!opencv-matrix
   rows: 4
   cols: 4
   dt: f
   data: [ 1., 0., 0., -4.07885651e+02, 0., 1., 0., -2.33135818e+02, 0.,
       0., 0., 3.79492981e+02, 0., 0., 5.87126007e-03, 0. ]
R: !!opencv-matrix
   rows: 3
   cols: 3
   dt: d
   data: [ 1.0020447546411637e+00, 9.1345564490589240e-03,
       4.8027349983373997e-02, -7.5091765726630587e-03,
       1.0010501968038594e+00, -4.3596476465880545e-02,
       -4.9226722448634137e-02, 4.3255144639530077e-02,
       9.9990940460005195e-01 ]
T: !!opencv-matrix
   rows: 3
   cols: 1
   dt: d
   data: [ -1.7110004467556718e+02, 1.0865316800745200e+01,
       1.0800509219679540e+01 ]
E: !!opencv-matrix
   rows: 0
   cols: 0
   dt: u
   data: []
F: !!opencv-matrix
   rows: 0
   cols: 0
   dt: u
   data: []
K1: !!opencv-matrix
   rows: 3
   cols: 3
   dt: d
   data: [ 3.6627756984521932e+02, 0., 3.8060969928433269e+02, 0.,
       3.6653175179255015e+02, 2.3878059668569790e+02, 0., 0., 1. ]
D1: !!opencv-matrix
   rows: 5
   cols: 1
   dt: d
   data: [ -2.1859934914563901e-02, -9.9468572971318997e-04,
       1.6448003429794193e-03, -3.1164985765511365e-04,
       3.5195408316194161e-04 ]
P1: !!opencv-matrix
   rows: 3
   cols: 4
   dt: f
   data: [ 3.79492981e+02, 0., 4.07885651e+02, 0., 0., 3.79492981e+02,
       2.33135818e+02, 0., 0., 0., 1., 0. ]
R1: !!opencv-matrix
   rows: 3
   cols: 3
   dt: f
   data: [ 9.98326719e-01, -5.65115288e-02, -1.22545892e-02,
       5.62414937e-02, 9.98188674e-01, -2.13616788e-02, 1.34395724e-02,
       2.06367187e-02, 9.99696732e-01 ]
K2: !!opencv-matrix
   rows: 3
   cols: 3
   dt: d
   data: [ 3.6687495098581172e+02, 0., 3.7621769200552956e+02, 0.,
       3.6726361788508825e+02, 2.2399932895774910e+02, 0., 0., 1. ]
D2: !!opencv-matrix
   rows: 5
   cols: 1
   dt: d
   data: [ -2.2201337830972428e-02, -1.1445843221826492e-03,
       2.9199201696882579e-04, -7.1705872414221615e-04,
       5.1284674356775366e-04 ]
P2: !!opencv-matrix
   rows: 3
   cols: 4
   dt: f
   data: [ 3.79492981e+02, 0., 4.07885651e+02, -6.46356992e+04, 0.,
       3.79492981e+02, 2.33135818e+02, 0., 0., 0., 1., 0. ]
R2: !!opencv-matrix
   rows: 3
   cols: 3
   dt: f
   data: [ 9.96015310e-01, -6.32496774e-02, -6.28724098e-02,
       6.45578280e-02, 9.97733176e-01, 1.89954415e-02, 6.15284368e-02,
       -2.29786579e-02, 9.97840762e-01 ]
