%YAML:1.0
---
Q: !!opencv-matrix
   rows: 4
   cols: 4
   dt: f
   data: [ 1., 0., 0., -4.28073303e+02, 0., 1., 0., -2.33849304e+02, 0.,
       0., 0., 3.73013855e+02, 0., 0., 6.05924381e-03, 0. ]
R: !!opencv-matrix
   rows: 3
   cols: 3
   dt: d
   data: [ 1.0099043671204257e+00, 1.5491941534653435e-02,
       -3.1101021954367059e-03, -9.9123550568985270e-03,
       1.0061240948052637e+00, -4.3468246440915001e-02,
       3.1110717129709908e-03, 4.3093501177551369e-02,
       1.0065019827623176e+00 ]
T: !!opencv-matrix
   rows: 3
   cols: 1
   dt: d
   data: [ -1.6514068505099971e+02, 1.0486690576502010e+01,
       1.0424654914841568e+01 ]
E: !!opencv-matrix
   rows: 0
   cols: 0
   dt: u
   data: []
F: !!opencv-matrix
   rows: 0
   cols: 0
   dt: u
   data: []
K1: !!opencv-matrix
   rows: 3
   cols: 3
   dt: d
   data: [ 3.6627756984521932e+02, 0., 3.8060969928433269e+02, 0.,
       3.6653175179255015e+02, 2.3878059668569790e+02, 0., 0., 1. ]
D1: !!opencv-matrix
   rows: 5
   cols: 1
   dt: d
   data: [ -2.1859934914563901e-02, -9.9468572971318997e-04,
       1.6448003429794193e-03, -3.1164985765511365e-04,
       3.5195408316194161e-04 ]
P1: !!opencv-matrix
   rows: 3
   cols: 4
   dt: f
   data: [ 3.73013855e+02, 0., 4.28073303e+02, 0., 0., 3.73013855e+02,
       2.33849304e+02, 0., 0., 0., 1., 0. ]
R1: !!opencv-matrix
   rows: 3
   cols: 3
   dt: f
   data: [ 9.96619761e-01, -5.23003004e-02, -6.33540750e-02,
       5.09125255e-02, 9.98430669e-01, -2.33259927e-02, 6.44746050e-02,
       2.00216286e-02, 9.97718453e-01 ]
K2: !!opencv-matrix
   rows: 3
   cols: 3
   dt: d
   data: [ 3.6687495098581172e+02, 0., 3.7621769200552956e+02, 0.,
       3.6726361788508825e+02, 2.2399932895774910e+02, 0., 0., 1. ]
D2: !!opencv-matrix
   rows: 5
   cols: 1
   dt: d
   data: [ -2.2201337830972428e-02, -1.1445843221826492e-03,
       2.9199201696882579e-04, -7.1705872414221615e-04,
       5.1284674356775366e-04 ]
P2: !!opencv-matrix
   rows: 3
   cols: 4
   dt: f
   data: [ 3.73013855e+02, 0., 4.28073303e+02, -6.15611250e+04, 0.,
       3.73013855e+02, 2.33849304e+02, 0., 0., 0., 1., 0. ]
R2: !!opencv-matrix
   rows: 3
   cols: 3
   dt: f
   data: [ 9.96015310e-01, -6.32485226e-02, -6.28743619e-02,
       6.45988509e-02, 9.97717261e-01, 1.96789317e-02, 6.14861734e-02,
       -2.36621276e-02, 9.97827411e-01 ]
