%YAML:1.0
---
Q: !!opencv-matrix
   rows: 4
   cols: 4
   dt: f
   data: [ 1., 0., 0., -4.14108673e+02, 0., 1., 0., -2.33905365e+02, 0.,
       0., 0., 3.68190277e+02, 0., 0., 2.89071012e+00, 0. ]
R: !!opencv-matrix
   rows: 3
   cols: 3
   dt: d
   data: [ 1.0778100837537588e+00, -4.5191019517988762e-02,
       1.7441075349933343e-02, 4.9008526008205745e-02,
       1.0828007969845592e+00, -4.5012735521377537e-02,
       -5.0384646240403022e-02, 4.9455490488591117e-02,
       1.0849165194308912e+00 ]
T: !!opencv-matrix
   rows: 3
   cols: 1
   dt: d
   data: [ -3.4455741029426906e-01, 2.1880242540460060e-02,
       2.1748431654580062e-02 ]
E: !!opencv-matrix
   rows: 0
   cols: 0
   dt: u
   data: []
F: !!opencv-matrix
   rows: 0
   cols: 0
   dt: u
   data: []
K1: !!opencv-matrix
   rows: 3
   cols: 3
   dt: d
   data: [ 3.6627756984521932e+02, 0., 3.8060969928433269e+02, 0.,
       3.6653175179255015e+02, 2.3878059668569790e+02, 0., 0., 1. ]
D1: !!opencv-matrix
   rows: 5
   cols: 1
   dt: d
   data: [ -2.1859934914563901e-02, -9.9468572971318997e-04,
       1.6448003429794193e-03, -3.1164985765511365e-04,
       3.5195408316194161e-04 ]
P1: !!opencv-matrix
   rows: 3
   cols: 4
   dt: f
   data: [ 3.68190277e+02, 0., 4.14108673e+02, 0., 0., 3.68190277e+02,
       2.33905365e+02, 0., 0., 0., 1., 0. ]
R1: !!opencv-matrix
   rows: 3
   cols: 3
   dt: f
   data: [ 9.93732750e-01, -1.08239770e-01, -2.79164538e-02,
       1.07646525e-01, 9.93946970e-01, -2.19476875e-02, 3.01230866e-02,
       1.88050270e-02, 9.99369264e-01 ]
K2: !!opencv-matrix
   rows: 3
   cols: 3
   dt: d
   data: [ 3.6687495098581172e+02, 0., 3.7621769200552956e+02, 0.,
       3.6726361788508825e+02, 2.2399932895774910e+02, 0., 0., 1. ]
D2: !!opencv-matrix
   rows: 5
   cols: 1
   dt: d
   data: [ -2.2201337830972428e-02, -1.1445843221826492e-03,
       2.9199201696882579e-04, -7.1705872414221615e-04,
       5.1284674356775366e-04 ]
P2: !!opencv-matrix
   rows: 3
   cols: 4
   dt: f
   data: [ 3.68190277e+02, 0., 4.14108673e+02, -1.27370178e+02, 0.,
       3.68190277e+02, 2.33905365e+02, 0., 0., 0., 1., 0. ]
R2: !!opencv-matrix
   rows: 3
   cols: 3
   dt: f
   data: [ 9.96015608e-01, -6.32494390e-02, -6.28684089e-02,
       6.45205602e-02, 9.97746766e-01, 1.83965173e-02, 6.15631863e-02,
       -2.23795231e-02, 9.97852266e-01 ]
