%YAML:1.0
---
Q: !!opencv-matrix
   rows: 4
   cols: 4
   dt: f
   data: [ 1., 0., 0., -3.82540283e+02, 0., 1., 0., -2.31851257e+02, 0.,
       0., 0., 3.58741760e+02, 0., 0., 5.55502390e-03, 0. ]
R: !!opencv-matrix
   rows: 3
   cols: 3
   dt: d
   data: [ 9.9994402294131690e-01, 9.7136446997713143e-03,
       -3.1502021932423734e-03, -9.6827473525372947e-03,
       9.9991075350846181e-01, 9.2346905257545981e-03,
       3.2433276983038321e-03, -9.2037114612954912e-03,
       9.9995264275536100e-01 ]
T: !!opencv-matrix
   rows: 3
   cols: 1
   dt: d
   data: [ -1.8001906591545315e+02, 8.4079794234359972e-01,
       7.7257162415794289e-01 ]
E: !!opencv-matrix
   rows: 0
   cols: 0
   dt: u
   data: []
F: !!opencv-matrix
   rows: 0
   cols: 0
   dt: u
   data: []
K1: !!opencv-matrix
   rows: 3
   cols: 3
   dt: d
   data: [ 3.6627756984521932e+02, 0., 3.8060969928433269e+02, 0.,
       3.6653175179255015e+02, 2.3878059668569790e+02, 0., 0., 1. ]
D1: !!opencv-matrix
   rows: 5
   cols: 1
   dt: d
   data: [ -2.1859934914563901e-02, -9.9468572971318997e-04,
       1.6448003429794193e-03, -3.1164985765511365e-04,
       3.5195408316194161e-04 ]
P1: !!opencv-matrix
   rows: 3
   cols: 4
   dt: f
   data: [ 3.58741760e+02, 0., 3.82540283e+02, 0., 0., 3.58741760e+02,
       2.31851257e+02, 0., 0., 0., 1., 0. ]
R1: !!opencv-matrix
   rows: 3
   cols: 3
   dt: f
   data: [ 9.99959052e-01, 5.08277351e-03, -7.48687983e-03,
       -5.04831318e-03, 9.99976635e-01, 4.61451011e-03, 7.51015916e-03,
       -4.57652519e-03, 9.99961317e-01 ]
K2: !!opencv-matrix
   rows: 3
   cols: 3
   dt: d
   data: [ 3.6687495098581172e+02, 0., 3.7621769200552956e+02, 0.,
       3.6726361788508825e+02, 2.2399932895774910e+02, 0., 0., 1. ]
D2: !!opencv-matrix
   rows: 5
   cols: 1
   dt: d
   data: [ -2.2201337830972428e-02, -1.1445843221826492e-03,
       2.9199201696882579e-04, -7.1705872414221615e-04,
       5.1284674356775366e-04 ]
P2: !!opencv-matrix
   rows: 3
   cols: 4
   dt: f
   data: [ 3.58741760e+02, 0., 3.82540283e+02, -6.45796953e+04, 0.,
       3.58741760e+02, 2.31851257e+02, 0., 0., 0., 1., 0. ]
R2: !!opencv-matrix
   rows: 3
   cols: 3
   dt: f
   data: [ 9.99979913e-01, -4.67051053e-03, -4.29152185e-03,
       4.65073949e-03, 9.99978602e-01, -4.60556708e-03, 4.31294041e-03,
       4.58551571e-03, 9.99980211e-01 ]
