%YAML:1.0
---
Q: !!opencv-matrix
   rows: 4
   cols: 4
   dt: f
   data: [ 1., 0., 0., -3.82350769e+02, 0., 1., 0., -2.31849945e+02, 0.,
       0., 0., 3.58600494e+02, 0., 0., 5.55500528e-03, 0. ]
R: !!opencv-matrix
   rows: 3
   cols: 3
   dt: d
   data: [ 9.9994911108029527e-01, 9.7110119206069243e-03,
       -3.1481645068418347e-03, -9.6827492745009160e-03,
       9.9990910380930609e-01, 9.2346562326484152e-03,
       3.2433633808509484e-03, -9.2036974723667727e-03,
       9.9995093418423264e-01 ]
T: !!opencv-matrix
   rows: 3
   cols: 1
   dt: d
   data: [ -1.8002223647457893e+02, 7.9411015431713861e-01,
       7.2972203588873530e-01 ]
E: !!opencv-matrix
   rows: 0
   cols: 0
   dt: u
   data: []
F: !!opencv-matrix
   rows: 0
   cols: 0
   dt: u
   data: []
K1: !!opencv-matrix
   rows: 3
   cols: 3
   dt: d
   data: [ 3.6627756984521932e+02, 0., 3.8060969928433269e+02, 0.,
       3.6653175179255015e+02, 2.3878059668569790e+02, 0., 0., 1. ]
D1: !!opencv-matrix
   rows: 5
   cols: 1
   dt: d
   data: [ -2.1859934914563901e-02, -9.9468572971318997e-04,
       1.6448003429794193e-03, -3.1164985765511365e-04,
       3.5195408316194161e-04 ]
P1: !!opencv-matrix
   rows: 3
   cols: 4
   dt: f
   data: [ 3.58600494e+02, 0., 3.82350769e+02, 0., 0., 3.58600494e+02,
       2.31849945e+02, 0., 0., 0., 1., 0. ]
R1: !!opencv-matrix
   rows: 3
   cols: 3
   dt: f
   data: [ 9.99959528e-01, 5.33805601e-03, -7.24498508e-03,
       -5.30469883e-03, 9.99975264e-01, 4.61561512e-03, 7.26944441e-03,
       -4.57699550e-03, 9.99963105e-01 ]
K2: !!opencv-matrix
   rows: 3
   cols: 3
   dt: d
   data: [ 3.6687495098581172e+02, 0., 3.7621769200552956e+02, 0.,
       3.6726361788508825e+02, 2.2399932895774910e+02, 0., 0., 1. ]
D2: !!opencv-matrix
   rows: 5
   cols: 1
   dt: d
   data: [ -2.2201337830972428e-02, -1.1445843221826492e-03,
       2.9199201696882579e-04, -7.1705872414221615e-04,
       5.1284674356775366e-04 ]
P2: !!opencv-matrix
   rows: 3
   cols: 4
   dt: f
   data: [ 3.58600494e+02, 0., 3.82350769e+02, -6.45544844e+04, 0.,
       3.58600494e+02, 2.31849945e+02, 0., 0., 0., 1., 0. ]
R2: !!opencv-matrix
   rows: 3
   cols: 3
   dt: f
   data: [ 9.99982059e-01, -4.41109901e-03, -4.05343762e-03,
       4.39242134e-03, 9.99979734e-01, -4.60527465e-03, 4.07367013e-03,
       4.58738767e-03, 9.99981165e-01 ]
