%YAML:1.0
---
Q: !!opencv-matrix
   rows: 4
   cols: 4
   dt: f
   data: [ 1., 0., 0., -4.29542572e+02, 0., 1., 0., -2.33905914e+02, 0.,
       0., 0., 3.65781067e+02, 0., 0., 5.60912164e-03, 0. ]
R: !!opencv-matrix
   rows: 3
   cols: 3
   dt: d
   data: [ 9.9881120450865746e-01, 1.0489458291802862e-02,
       -3.9442243372908338e-03, -9.5855382736281265e-03,
       1.0003264895014392e+00, 9.2890643153379585e-03,
       3.3459449945381914e-03, -9.2567045410224830e-03,
       1.0004671946020978e+00 ]
T: !!opencv-matrix
   rows: 3
   cols: 1
   dt: d
   data: [ -1.7701971244166992e+02, 1.1241240039828515e+01,
       1.1174187499196977e+01 ]
E: !!opencv-matrix
   rows: 0
   cols: 0
   dt: u
   data: []
F: !!opencv-matrix
   rows: 0
   cols: 0
   dt: u
   data: []
K1: !!opencv-matrix
   rows: 3
   cols: 3
   dt: d
   data: [ 3.6627756984521932e+02, 0., 3.8060969928433269e+02, 0.,
       3.6653175179255015e+02, 2.3878059668569790e+02, 0., 0., 1. ]
D1: !!opencv-matrix
   rows: 5
   cols: 1
   dt: d
   data: [ -2.1859934914563901e-02, -9.9468572971318997e-04,
       1.6448003429794193e-03, -3.1164985765511365e-04,
       3.5195408316194161e-04 ]
P1: !!opencv-matrix
   rows: 3
   cols: 4
   dt: f
   data: [ 3.65781067e+02, 0., 4.29542572e+02, 0., 0., 3.65781067e+02,
       2.33905914e+02, 0., 0., 0., 1., 0. ]
R1: !!opencv-matrix
   rows: 3
   cols: 3
   dt: f
   data: [ 9.96361613e-01, -5.24832457e-02, -6.71492666e-02,
       5.27796373e-02, 9.98602688e-01, 2.64624483e-03, 6.69165552e-02,
       -6.18073065e-03, 9.97739434e-01 ]
K2: !!opencv-matrix
   rows: 3
   cols: 3
   dt: d
   data: [ 3.6687495098581172e+02, 0., 3.7621769200552956e+02, 0.,
       3.6726361788508825e+02, 2.2399932895774910e+02, 0., 0., 1. ]
D2: !!opencv-matrix
   rows: 5
   cols: 1
   dt: d
   data: [ -2.2201337830972428e-02, -1.1445843221826492e-03,
       2.9199201696882579e-04, -7.1705872414221615e-04,
       5.1284674356775366e-04 ]
P2: !!opencv-matrix
   rows: 3
   cols: 4
   dt: f
   data: [ 3.65781067e+02, 0., 4.29542572e+02, -6.52118242e+04, 0.,
       3.65781067e+02, 2.33905914e+02, 0., 0., 0., 1., 0. ]
R2: !!opencv-matrix
   rows: 3
   cols: 3
   dt: f
   data: [ 9.96015310e-01, -6.32497221e-02, -6.28724396e-02,
       6.29710853e-02, 9.97994781e-01, -6.40543923e-03, 6.31515086e-02,
       2.42077024e-03, 9.98001039e-01 ]
