%YAML:1.0
---
Q: !!opencv-matrix
   rows: 4
   cols: 4
   dt: f
   data: [ 1., 0., 0., -4.28195099e+02, 0., 1., 0., -2.33934021e+02, 0.,
       0., 0., 3.72293671e+02, 0., 0., 5.61930845e-03, 0. ]
R: !!opencv-matrix
   rows: 3
   cols: 3
   dt: d
   data: [ 1.0012050450117074e+00, 9.5130282996445485e-03,
       -3.4802315797643072e-03, -9.6898513157111441e-03,
       1.0003761989715190e+00, -4.3179104539489470e-02,
       3.2536187641983468e-03, 4.3202839690179649e-02,
       1.0004027846605739e+00 ]
T: !!opencv-matrix
   rows: 3
   cols: 1
   dt: d
   data: [ -1.7724874668372789e+02, 1.1255696335138403e+01,
       1.1188593774199504e+01 ]
E: !!opencv-matrix
   rows: 0
   cols: 0
   dt: u
   data: []
F: !!opencv-matrix
   rows: 0
   cols: 0
   dt: u
   data: []
K1: !!opencv-matrix
   rows: 3
   cols: 3
   dt: d
   data: [ 3.6627756984521932e+02, 0., 3.8060969928433269e+02, 0.,
       3.6653175179255015e+02, 2.3878059668569790e+02, 0., 0., 1. ]
D1: !!opencv-matrix
   rows: 5
   cols: 1
   dt: d
   data: [ -2.1859934914563901e-02, -9.9468572971318997e-04,
       1.6448003429794193e-03, -3.1164985765511365e-04,
       3.5195408316194161e-04 ]
P1: !!opencv-matrix
   rows: 3
   cols: 4
   dt: f
   data: [ 3.72293671e+02, 0., 4.28195099e+02, 0., 0., 3.72293671e+02,
       2.33934021e+02, 0., 0., 0., 1., 0. ]
R1: !!opencv-matrix
   rows: 3
   cols: 3
   dt: f
   data: [ 9.96376455e-01, -5.64238802e-02, -6.36417270e-02,
       5.50248399e-02, 9.98207748e-01, -2.35269982e-02, 6.48551509e-02,
       1.99398715e-02, 9.97695446e-01 ]
K2: !!opencv-matrix
   rows: 3
   cols: 3
   dt: d
   data: [ 3.6687495098581172e+02, 0., 3.7621769200552956e+02, 0.,
       3.6726361788508825e+02, 2.2399932895774910e+02, 0., 0., 1. ]
D2: !!opencv-matrix
   rows: 5
   cols: 1
   dt: d
   data: [ -2.2201337830972428e-02, -1.1445843221826492e-03,
       2.9199201696882579e-04, -7.1705872414221615e-04,
       5.1284674356775366e-04 ]
P2: !!opencv-matrix
   rows: 3
   cols: 4
   dt: f
   data: [ 3.72293671e+02, 0., 4.28195099e+02, -6.62525781e+04, 0.,
       3.72293671e+02, 2.33934021e+02, 0., 0., 0., 1., 0. ]
R2: !!opencv-matrix
   rows: 3
   cols: 3
   dt: f
   data: [ 9.96015370e-01, -6.32492304e-02, -6.28721565e-02,
       6.46032616e-02, 9.97715771e-01, 1.97399240e-02, 6.14800081e-02,
       -2.37230137e-02, 9.97826338e-01 ]
