%YAML:1.0
---
Q: !!opencv-matrix
   rows: 4
   cols: 4
   dt: f
   data: [ 1., 0., 0., -3.82540100e+02, 0., 1., 0., -2.31851273e+02, 0.,
       0., 0., 3.58741669e+02, 0., 0., 5.55485534e-03, 0. ]
R: !!opencv-matrix
   rows: 3
   cols: 3
   dt: d
   data: [ 9.9994639083262638e-01, 9.7124422781777464e-03,
       -3.1493659902394420e-03, -9.6827538723144729e-03,
       9.9990986754840494e-01, 9.2346783656850808e-03,
       3.2433109465045068e-03, -9.2036981996418844e-03,
       9.9995174751815286e-01 ]
T: !!opencv-matrix
   rows: 3
   cols: 1
   dt: d
   data: [ -1.8002561734980327e+02, 8.4082860560777373e-01,
       7.7260007840153200e-01 ]
E: !!opencv-matrix
   rows: 0
   cols: 0
   dt: u
   data: []
F: !!opencv-matrix
   rows: 0
   cols: 0
   dt: u
   data: []
K1: !!opencv-matrix
   rows: 3
   cols: 3
   dt: d
   data: [ 3.6627756984521932e+02, 0., 3.8060969928433269e+02, 0.,
       3.6653175179255015e+02, 2.3878059668569790e+02, 0., 0., 1. ]
D1: !!opencv-matrix
   rows: 5
   cols: 1
   dt: d
   data: [ -2.1859934914563901e-02, -9.9468572971318997e-04,
       1.6448003429794193e-03, -3.1164985765511365e-04,
       3.5195408316194161e-04 ]
P1: !!opencv-matrix
   rows: 3
   cols: 4
   dt: f
   data: [ 3.58741669e+02, 0., 3.82540100e+02, 0., 0., 3.58741669e+02,
       2.31851273e+02, 0., 0., 0., 1., 0. ]
R1: !!opencv-matrix
   rows: 3
   cols: 3
   dt: f
   data: [ 9.99959052e-01, 5.08216815e-03, -7.48645375e-03,
       -5.04770968e-03, 9.99976635e-01, 4.61450638e-03, 7.50973029e-03,
       -4.57652798e-03, 9.99961317e-01 ]
K2: !!opencv-matrix
   rows: 3
   cols: 3
   dt: d
   data: [ 3.6687495098581172e+02, 0., 3.7621769200552956e+02, 0.,
       3.6726361788508825e+02, 2.2399932895774910e+02, 0., 0., 1. ]
D2: !!opencv-matrix
   rows: 5
   cols: 1
   dt: d
   data: [ -2.2201337830972428e-02, -1.1445843221826492e-03,
       2.9199201696882579e-04, -7.1705872414221615e-04,
       5.1284674356775366e-04 ]
P2: !!opencv-matrix
   rows: 3
   cols: 4
   dt: f
   data: [ 3.58741669e+02, 0., 3.82540100e+02, -6.45816406e+04, 0.,
       3.58741669e+02, 2.31851273e+02, 0., 0., 0., 1., 0. ]
R2: !!opencv-matrix
   rows: 3
   cols: 3
   dt: f
   data: [ 9.99979913e-01, -4.67051100e-03, -4.29152371e-03,
       4.65073949e-03, 9.99978602e-01, -4.60556662e-03, 4.31294227e-03,
       4.58551524e-03, 9.99980211e-01 ]
