%YAML:1.0
---
Q: !!opencv-matrix
   rows: 4
   cols: 4
   dt: f
   data: [ 1., 0., 0., -3.83179535e+02, 0., 1., 0., -2.32192490e+02, 0.,
       0., 0., 3.61830994e+02, 0., 0., 5.56696765e-03, 0. ]
R: !!opencv-matrix
   rows: 3
   cols: 3
   dt: d
   data: [ 1.0000600786207441e+00, 9.8123657117745750e-03,
       -3.1497327863256814e-03, -9.6862799858012383e-03,
       9.9997137945369541e-01, 9.2350461606824016e-03,
       3.2429984243333809e-03, -9.2045948930453373e-03,
       1.0000198300468341e+00 ]
T: !!opencv-matrix
   rows: 3
   cols: 1
   dt: d
   data: [ -1.7926827209011719e+02, 1.1383959602872785e+01,
       7.6818557958371048e-01 ]
E: !!opencv-matrix
   rows: 0
   cols: 0
   dt: u
   data: []
F: !!opencv-matrix
   rows: 0
   cols: 0
   dt: u
   data: []
K1: !!opencv-matrix
   rows: 3
   cols: 3
   dt: d
   data: [ 3.6627756984521932e+02, 0., 3.8060969928433269e+02, 0.,
       3.6653175179255015e+02, 2.3878059668569790e+02, 0., 0., 1. ]
D1: !!opencv-matrix
   rows: 5
   cols: 1
   dt: d
   data: [ -2.1859934914563901e-02, -9.9468572971318997e-04,
       1.6448003429794193e-03, -3.1164985765511365e-04,
       3.5195408316194161e-04 ]
P1: !!opencv-matrix
   rows: 3
   cols: 4
   dt: f
   data: [ 3.61830994e+02, 0., 3.83179535e+02, 0., 0., 3.61830994e+02,
       2.32192490e+02, 0., 0., 0., 1., 0. ]
R1: !!opencv-matrix
   rows: 3
   cols: 3
   dt: f
   data: [ 9.98531163e-01, -5.35855703e-02, -8.00650939e-03,
       5.36214262e-02, 9.98551965e-01, 4.33288189e-03, 7.76273571e-03,
       -4.75583784e-03, 9.99958575e-01 ]
K2: !!opencv-matrix
   rows: 3
   cols: 3
   dt: d
   data: [ 3.6687495098581172e+02, 0., 3.7621769200552956e+02, 0.,
       3.6726361788508825e+02, 2.2399932895774910e+02, 0., 0., 1. ]
D2: !!opencv-matrix
   rows: 5
   cols: 1
   dt: d
   data: [ -2.2201337830972428e-02, -1.1445843221826492e-03,
       2.9199201696882579e-04, -7.1705872414221615e-04,
       5.1284674356775366e-04 ]
P2: !!opencv-matrix
   rows: 3
   cols: 4
   dt: f
   data: [ 3.61830994e+02, 0., 3.83179535e+02, -6.49960664e+04, 0.,
       3.61830994e+02, 2.32192490e+02, 0., 0., 0., 1., 0. ]
R2: !!opencv-matrix
   rows: 3
   cols: 3
   dt: f
   data: [ 9.97980654e-01, -6.33741319e-02, -4.27646423e-03,
       6.33540303e-02, 9.97980118e-01, -4.68392903e-03, 4.56466619e-03,
       4.40353900e-03, 9.99979913e-01 ]
