%YAML:1.0
---
Q: !!opencv-matrix
   rows: 4
   cols: 4
   dt: f
   data: [ 1., 0., 0., -4.29794556e+02, 0., 1., 0., -2.33923981e+02, 0.,
       0., 0., 3.65589203e+02, 0., 0., 6.22590166e-03, 0. ]
R: !!opencv-matrix
   rows: 3
   cols: 3
   dt: d
   data: [ 1.0027463247296058e+00, 9.8320353774235311e-03,
       -5.5509578345852807e-03, -9.6941959614060321e-03,
       1.0029947540486988e+00, 9.4148593988714335e-03,
       3.2717159700375088e-03, -9.2375056262384899e-03,
       1.0031934382250556e+00 ]
T: !!opencv-matrix
   rows: 3
   cols: 1
   dt: d
   data: [ -1.5997936962846865e+02, 1.0159015059968981e+01,
       1.0097337109476330e+01 ]
E: !!opencv-matrix
   rows: 0
   cols: 0
   dt: u
   data: []
F: !!opencv-matrix
   rows: 0
   cols: 0
   dt: u
   data: []
K1: !!opencv-matrix
   rows: 3
   cols: 3
   dt: d
   data: [ 3.6627756984521932e+02, 0., 3.8060969928433269e+02, 0.,
       3.6653175179255015e+02, 2.3878059668569790e+02, 0., 0., 1. ]
D1: !!opencv-matrix
   rows: 5
   cols: 1
   dt: d
   data: [ -2.1859934914563901e-02, -9.9468572971318997e-04,
       1.6448003429794193e-03, -3.1164985765511365e-04,
       3.5195408316194161e-04 ]
P1: !!opencv-matrix
   rows: 3
   cols: 4
   dt: f
   data: [ 3.65589203e+02, 0., 4.29794556e+02, 0., 0., 3.65589203e+02,
       2.33923981e+02, 0., 0., 0., 1., 0. ]
R1: !!opencv-matrix
   rows: 3
   cols: 3
   dt: f
   data: [ 9.96293783e-01, -5.29498644e-02, -6.77867532e-02,
       5.32491207e-02, 9.98577833e-01, 2.61415937e-03, 6.75519332e-02,
       -6.21405570e-03, 9.97696400e-01 ]
K2: !!opencv-matrix
   rows: 3
   cols: 3
   dt: d
   data: [ 3.6687495098581172e+02, 0., 3.7621769200552956e+02, 0.,
       3.6726361788508825e+02, 2.2399932895774910e+02, 0., 0., 1. ]
D2: !!opencv-matrix
   rows: 5
   cols: 1
   dt: d
   data: [ -2.2201337830972428e-02, -1.1445843221826492e-03,
       2.9199201696882579e-04, -7.1705872414221615e-04,
       5.1284674356775366e-04 ]
P2: !!opencv-matrix
   rows: 3
   cols: 4
   dt: f
   data: [ 3.65589203e+02, 0., 4.29794556e+02, -5.87206836e+04, 0.,
       3.65589203e+02, 2.33923981e+02, 0., 0., 0., 1., 0. ]
R2: !!opencv-matrix
   rows: 3
   cols: 3
   dt: f
   data: [ 9.96015847e-01, -6.32490292e-02, -6.28650263e-02,
       6.29703850e-02, 9.97994840e-01, -6.40587881e-03, 6.31441399e-02,
       2.42172158e-03, 9.98001456e-01 ]
