%YAML:1.0
---
Q: !!opencv-matrix
   rows: 4
   cols: 4
   dt: f
   data: [ 1., 0., 0., -4.29567413e+02, 0., 1., 0., -2.33903564e+02, 0.,
       0., 0., 3.65799469e+02, 0., 0., 5.58487326e-03, 0. ]
R: !!opencv-matrix
   rows: 3
   cols: 3
   dt: d
   data: [ 9.9834525990391221e-01, 1.0847318524774763e-02,
       -4.1132264490230542e-03, -9.5482439247740643e-03,
       1.0004470257034357e+00, 9.3010901053118059e-03,
       3.3848592842438373e-03, -9.2805239663077202e-03,
       1.0006210133840916e+00 ]
T: !!opencv-matrix
   rows: 3
   cols: 1
   dt: d
   data: [ -1.7757064333564648e+02, 1.1276225487722058e+01,
       1.1208963616439958e+01 ]
E: !!opencv-matrix
   rows: 0
   cols: 0
   dt: u
   data: []
F: !!opencv-matrix
   rows: 0
   cols: 0
   dt: u
   data: []
K1: !!opencv-matrix
   rows: 3
   cols: 3
   dt: d
   data: [ 3.6627756984521932e+02, 0., 3.8060969928433269e+02, 0.,
       3.6653175179255015e+02, 2.3878059668569790e+02, 0., 0., 1. ]
D1: !!opencv-matrix
   rows: 5
   cols: 1
   dt: d
   data: [ -2.1859934914563901e-02, -9.9468572971318997e-04,
       1.6448003429794193e-03, -3.1164985765511365e-04,
       3.5195408316194161e-04 ]
P1: !!opencv-matrix
   rows: 3
   cols: 4
   dt: f
   data: [ 3.65799469e+02, 0., 4.29567413e+02, 0., 0., 3.65799469e+02,
       2.33903564e+02, 0., 0., 0., 1., 0. ]
R1: !!opencv-matrix
   rows: 3
   cols: 3
   dt: f
   data: [ 9.96365964e-01, -5.23225740e-02, -6.72106221e-02,
       5.26194721e-02, 9.98611093e-01, 2.65351008e-03, 6.69784397e-02,
       -6.18045451e-03, 9.97735262e-01 ]
K2: !!opencv-matrix
   rows: 3
   cols: 3
   dt: d
   data: [ 3.6687495098581172e+02, 0., 3.7621769200552956e+02, 0.,
       3.6726361788508825e+02, 2.2399932895774910e+02, 0., 0., 1. ]
D2: !!opencv-matrix
   rows: 5
   cols: 1
   dt: d
   data: [ -2.2201337830972428e-02, -1.1445843221826492e-03,
       2.9199201696882579e-04, -7.1705872414221615e-04,
       5.1284674356775366e-04 ]
P2: !!opencv-matrix
   rows: 3
   cols: 4
   dt: f
   data: [ 3.65799469e+02, 0., 4.29567413e+02, -6.54982539e+04, 0.,
       3.65799469e+02, 2.33903564e+02, 0., 0., 0., 1., 0. ]
R2: !!opencv-matrix
   rows: 3
   cols: 3
   dt: f
   data: [ 9.96015310e-01, -6.32497221e-02, -6.28724322e-02,
       6.29708618e-02, 9.97994781e-01, -6.40892889e-03, 6.31517246e-02,
       2.42426014e-03, 9.98000979e-01 ]
