%YAML:1.0
---
Q: !!opencv-matrix
   rows: 4
   cols: 4
   dt: f
   data: [ 1., 0., 0., -3.82346252e+02, 0., 1., 0., -2.31849854e+02, 0.,
       0., 0., 3.58593536e+02, 0., 0., 5.55219268e-03, 0. ]
R: !!opencv-matrix
   rows: 3
   cols: 3
   dt: d
   data: [ 9.9996819910870272e-01, 9.7516153009684810e-03,
       -3.1462084904675149e-03, -9.6827036064634237e-03,
       9.9987939629028288e-01, 9.2343895296744215e-03,
       3.2428108575595148e-03, -9.2034841076367203e-03,
       9.9992164236740799e-01 ]
T: !!opencv-matrix
   rows: 3
   cols: 1
   dt: d
   data: [ -1.8010579099198156e+02, 7.9444186881957135e-01,
       7.2912175472748209e-01 ]
E: !!opencv-matrix
   rows: 0
   cols: 0
   dt: u
   data: []
F: !!opencv-matrix
   rows: 0
   cols: 0
   dt: u
   data: []
K1: !!opencv-matrix
   rows: 3
   cols: 3
   dt: d
   data: [ 3.6627756984521932e+02, 0., 3.8060969928433269e+02, 0.,
       3.6653175179255015e+02, 2.3878059668569790e+02, 0., 0., 1. ]
D1: !!opencv-matrix
   rows: 5
   cols: 1
   dt: d
   data: [ -2.1859934914563901e-02, -9.9468572971318997e-04,
       1.6448003429794193e-03, -3.1164985765511365e-04,
       3.5195408316194161e-04 ]
P1: !!opencv-matrix
   rows: 3
   cols: 4
   dt: f
   data: [ 3.58593536e+02, 0., 3.82346252e+02, 0., 0., 3.58593536e+02,
       2.31849854e+02, 0., 0., 0., 1., 0. ]
R1: !!opencv-matrix
   rows: 3
   cols: 3
   dt: f
   data: [ 9.99959469e-01, 5.35853812e-03, -7.23853055e-03,
       -5.32521028e-03, 9.99975145e-01, 4.61569941e-03, 7.26308441e-03,
       -4.57696524e-03, 9.99963164e-01 ]
K2: !!opencv-matrix
   rows: 3
   cols: 3
   dt: d
   data: [ 3.6687495098581172e+02, 0., 3.7621769200552956e+02, 0.,
       3.6726361788508825e+02, 2.2399932895774910e+02, 0., 0., 1. ]
D2: !!opencv-matrix
   rows: 5
   cols: 1
   dt: d
   data: [ -2.2201337830972428e-02, -1.1445843221826492e-03,
       2.9199201696882579e-04, -7.1705872414221615e-04,
       5.1284674356775366e-04 ]
P2: !!opencv-matrix
   rows: 3
   cols: 4
   dt: f
   data: [ 3.58593536e+02, 0., 3.82346252e+02, -6.45859297e+04, 0.,
       3.58593536e+02, 2.31849854e+02, 0., 0., 0., 1., 0. ]
R2: !!opencv-matrix
   rows: 3
   cols: 3
   dt: f
   data: [ 9.99982059e-01, -4.41089459e-03, -4.04822454e-03,
       4.39224066e-03, 9.99979734e-01, -4.60529001e-03, 4.06845612e-03,
       4.58742678e-03, 9.99981225e-01 ]
