%YAML:1.0
---
Q: !!opencv-matrix
   rows: 4
   cols: 4
   dt: f
   data: [ 1., 0., 0., -4.11258972e+02, 0., 1., 0., -2.33710159e+02, 0.,
       0., 0., 3.68833191e+02, 0., 0., 1.25413314e-01, 0. ]
R: !!opencv-matrix
   rows: 3
   cols: 3
   dt: d
   data: [ 1.0514666285299039e+00, -4.7628095294573340e-02,
       2.6442854454879604e-02, 4.7874642573342209e-02,
       1.0571484044924913e+00, -4.4535166791289063e-02,
       -4.9143551835676078e-02, 4.8495643899089495e-02,
       1.0583957295992297e+00 ]
T: !!opencv-matrix
   rows: 3
   cols: 1
   dt: d
   data: [ -5.3252371079048277e+00, 3.3816564630141671e-01,
       3.3612847822331277e-01 ]
E: !!opencv-matrix
   rows: 0
   cols: 0
   dt: u
   data: []
F: !!opencv-matrix
   rows: 0
   cols: 0
   dt: u
   data: []
K1: !!opencv-matrix
   rows: 3
   cols: 3
   dt: d
   data: [ 3.6627756984521932e+02, 0., 3.8060969928433269e+02, 0.,
       3.6653175179255015e+02, 2.3878059668569790e+02, 0., 0., 1. ]
D1: !!opencv-matrix
   rows: 5
   cols: 1
   dt: d
   data: [ -2.1859934914563901e-02, -9.9468572971318997e-04,
       1.6448003429794193e-03, -3.1164985765511365e-04,
       3.5195408316194161e-04 ]
P1: !!opencv-matrix
   rows: 3
   cols: 4
   dt: f
   data: [ 3.68833191e+02, 0., 4.11258972e+02, 0., 0., 3.68833191e+02,
       2.33710159e+02, 0., 0., 0., 1., 0. ]
R1: !!opencv-matrix
   rows: 3
   cols: 3
   dt: f
   data: [ 9.93743539e-01, -1.09762169e-01, -2.06409972e-02,
       1.09312691e-01, 9.93768871e-01, -2.17745919e-02, 2.29024086e-02,
       1.93820354e-02, 9.99549806e-01 ]
K2: !!opencv-matrix
   rows: 3
   cols: 3
   dt: d
   data: [ 3.6687495098581172e+02, 0., 3.7621769200552956e+02, 0.,
       3.6726361788508825e+02, 2.2399932895774910e+02, 0., 0., 1. ]
D2: !!opencv-matrix
   rows: 5
   cols: 1
   dt: d
   data: [ -2.2201337830972428e-02, -1.1445843221826492e-03,
       2.9199201696882579e-04, -7.1705872414221615e-04,
       5.1284674356775366e-04 ]
P2: !!opencv-matrix
   rows: 3
   cols: 4
   dt: f
   data: [ 3.68833191e+02, 0., 4.11258972e+02, -2.94094141e+03, 0.,
       3.68833191e+02, 2.33710159e+02, 0., 0., 0., 1., 0. ]
R2: !!opencv-matrix
   rows: 3
   cols: 3
   dt: f
   data: [ 9.96015608e-01, -6.32494390e-02, -6.28684163e-02,
       6.45330250e-02, 9.97742236e-01, 1.85985453e-02, 6.15501292e-02,
       -2.25815289e-02, 9.97848511e-01 ]
