%YAML:1.0
---
Q: !!opencv-matrix
   rows: 4
   cols: 4
   dt: f
   data: [ 1., 0., 0., -4.09147186e+02, 0., 1., 0., -2.33545197e+02, 0.,
       0., 0., 3.69693420e+02, 0., 0., 6.22307770e-02, 0. ]
R: !!opencv-matrix
   rows: 3
   cols: 3
   dt: d
   data: [ 1.0342007659365751e+00, -4.5130351580994536e-02,
       4.3867019742475998e-02, 4.6611796798772059e-02,
       1.0352971263108977e+00, -4.4759716870422211e-02,
       -4.8408198398524685e-02, 4.7401865015181607e-02,
       1.0354809929351394e+00 ]
T: !!opencv-matrix
   rows: 3
   cols: 1
   dt: d
   data: [ -1.5895806281633334e+01, 1.0094226855777098e+00,
       1.0033430180116059e+00 ]
E: !!opencv-matrix
   rows: 0
   cols: 0
   dt: u
   data: []
F: !!opencv-matrix
   rows: 0
   cols: 0
   dt: u
   data: []
K1: !!opencv-matrix
   rows: 3
   cols: 3
   dt: d
   data: [ 3.6627756984521932e+02, 0., 3.8060969928433269e+02, 0.,
       3.6653175179255015e+02, 2.3878059668569790e+02, 0., 0., 1. ]
D1: !!opencv-matrix
   rows: 5
   cols: 1
   dt: d
   data: [ -2.1859934914563901e-02, -9.9468572971318997e-04,
       1.6448003429794193e-03, -3.1164985765511365e-04,
       3.5195408316194161e-04 ]
P1: !!opencv-matrix
   rows: 3
   cols: 4
   dt: f
   data: [ 3.69693420e+02, 0., 4.09147186e+02, 0., 0., 3.69693420e+02,
       2.33545197e+02, 0., 0., 0., 1., 0. ]
R1: !!opencv-matrix
   rows: 3
   cols: 3
   dt: f
   data: [ 9.93984818e-01, -1.08451068e-01, -1.52497506e-02,
       1.08110666e-01, 9.93903935e-01, -2.16121078e-02, 1.75006427e-02,
       1.98334455e-02, 9.99650121e-01 ]
K2: !!opencv-matrix
   rows: 3
   cols: 3
   dt: d
   data: [ 3.6687495098581172e+02, 0., 3.7621769200552956e+02, 0.,
       3.6726361788508825e+02, 2.2399932895774910e+02, 0., 0., 1. ]
D2: !!opencv-matrix
   rows: 5
   cols: 1
   dt: d
   data: [ -2.2201337830972428e-02, -1.1445843221826492e-03,
       2.9199201696882579e-04, -7.1705872414221615e-04,
       5.1284674356775366e-04 ]
P2: !!opencv-matrix
   rows: 3
   cols: 4
   dt: f
   data: [ 3.69693420e+02, 0., 4.09147186e+02, -5.94068457e+03, 0.,
       3.69693420e+02, 2.33545197e+02, 0., 0., 0., 1., 0. ]
R2: !!opencv-matrix
   rows: 3
   cols: 3
   dt: f
   data: [ 9.96015608e-01, -6.32494316e-02, -6.28684685e-02,
       6.45418614e-02, 9.97739017e-01, 1.87418405e-02, 6.15409128e-02,
       -2.27248147e-02, 9.97845829e-01 ]
