%YAML:1.0
---
Q: !!opencv-matrix
   rows: 4
   cols: 4
   dt: f
   data: [ 1., 0., 0., -3.82538910e+02, 0., 1., 0., -2.31851196e+02, 0.,
       0., 0., 3.58739685e+02, 0., 0., 5.55074541e-03, 0. ]
R: !!opencv-matrix
   rows: 3
   cols: 3
   dt: d
   data: [ 9.9965462734494337e-01, 9.5115349943294160e-03,
       -3.1307940894691592e-03, -9.6531231218580545e-03,
       1.0001282401835627e+00, 9.2350880046640944e-03,
       3.2457713761199361e-03, -9.2045656780618910e-03,
       1.0001574314622022e+00 ]
T: !!opencv-matrix
   rows: 3
   cols: 1
   dt: d
   data: [ -1.7930712235400156e+02, 1.1386424473455996e+01,
       7.6832622571467479e-01 ]
E: !!opencv-matrix
   rows: 0
   cols: 0
   dt: u
   data: []
F: !!opencv-matrix
   rows: 0
   cols: 0
   dt: u
   data: []
K1: !!opencv-matrix
   rows: 3
   cols: 3
   dt: d
   data: [ 3.6627756984521932e+02, 0., 3.8060969928433269e+02, 0.,
       3.6653175179255015e+02, 2.3878059668569790e+02, 0., 0., 1. ]
D1: !!opencv-matrix
   rows: 5
   cols: 1
   dt: d
   data: [ -2.1859934914563901e-02, -9.9468572971318997e-04,
       1.6448003429794193e-03, -3.1164985765511365e-04,
       3.5195408316194161e-04 ]
P1: !!opencv-matrix
   rows: 3
   cols: 4
   dt: f
   data: [ 3.58739685e+02, 0., 3.82538910e+02, 0., 0., 3.58739685e+02,
       2.31851196e+02, 0., 0., 0., 1., 0. ]
R1: !!opencv-matrix
   rows: 3
   cols: 3
   dt: f
   data: [ 9.99958992e-01, 5.10068191e-03, -7.48402160e-03,
       -5.06623415e-03, 9.99976516e-01, 4.61461022e-03, 7.50738336e-03,
       -4.57650516e-03, 9.99961376e-01 ]
K2: !!opencv-matrix
   rows: 3
   cols: 3
   dt: d
   data: [ 3.6687495098581172e+02, 0., 3.7621769200552956e+02, 0.,
       3.6726361788508825e+02, 2.2399932895774910e+02, 0., 0., 1. ]
D2: !!opencv-matrix
   rows: 5
   cols: 1
   dt: d
   data: [ -2.2201337830972428e-02, -1.1445843221826492e-03,
       2.9199201696882579e-04, -7.1705872414221615e-04,
       5.1284674356775366e-04 ]
P2: !!opencv-matrix
   rows: 3
   cols: 4
   dt: f
   data: [ 3.58739685e+02, 0., 3.82538910e+02, -6.46290977e+04, 0.,
       3.58739685e+02, 2.31851196e+02, 0., 0., 0., 1., 0. ]
R2: !!opencv-matrix
   rows: 3
   cols: 3
   dt: f
   data: [ 9.99979913e-01, -4.67017666e-03, -4.29086573e-03,
       4.65040794e-03, 9.99978602e-01, -4.60560527e-03, 4.31228289e-03,
       4.58555855e-03, 9.99980211e-01 ]
