%YAML:1.0
---
Q: !!opencv-matrix
   rows: 4
   cols: 4
   dt: f
   data: [ 1., 0., 0., -4.07681519e+02, 0., 1., 0., -2.33439270e+02, 0.,
       0., 0., 3.70128906e+02, 0., 0., 5.63573558e-03, 0. ]
R: !!opencv-matrix
   rows: 3
   cols: 3
   dt: d
   data: [ 1.0008775201944158e+00, -4.2827204416999130e-02,
       4.8831705377386098e-02, 4.5016791351651944e-02,
       1.0010284679292938e+00, -4.3687716054221552e-02,
       -4.6862248148414339e-02, 4.5783764564440561e-02,
       1.0008526442298196e+00 ]
T: !!opencv-matrix
   rows: 3
   cols: 1
   dt: d
   data: [ -1.7722864392900979e+02, 1.1254404324915452e+01,
       1.1187599060638686e+01 ]
E: !!opencv-matrix
   rows: 0
   cols: 0
   dt: u
   data: []
F: !!opencv-matrix
   rows: 0
   cols: 0
   dt: u
   data: []
K1: !!opencv-matrix
   rows: 3
   cols: 3
   dt: d
   data: [ 3.6627756984521932e+02, 0., 3.8060969928433269e+02, 0.,
       3.6653175179255015e+02, 2.3878059668569790e+02, 0., 0., 1. ]
D1: !!opencv-matrix
   rows: 5
   cols: 1
   dt: d
   data: [ -2.1859934914563901e-02, -9.9468572971318997e-04,
       1.6448003429794193e-03, -3.1164985765511365e-04,
       3.5195408316194161e-04 ]
P1: !!opencv-matrix
   rows: 3
   cols: 4
   dt: f
   data: [ 3.70128906e+02, 0., 4.07681519e+02, 0., 0., 3.70128906e+02,
       2.33439270e+02, 0., 0., 0., 1., 0. ]
R1: !!opencv-matrix
   rows: 3
   cols: 3
   dt: f
   data: [ 9.94024456e-01, -1.08550705e-01, -1.14950128e-02,
       1.08286917e-01, 9.93886888e-01, -2.15119869e-02, 1.37598841e-02,
       2.01386809e-02, 9.99702513e-01 ]
K2: !!opencv-matrix
   rows: 3
   cols: 3
   dt: d
   data: [ 3.6687495098581172e+02, 0., 3.7621769200552956e+02, 0.,
       3.6726361788508825e+02, 2.2399932895774910e+02, 0., 0., 1. ]
D2: !!opencv-matrix
   rows: 5
   cols: 1
   dt: d
   data: [ -2.2201337830972428e-02, -1.1445843221826492e-03,
       2.9199201696882579e-04, -7.1705872414221615e-04,
       5.1284674356775366e-04 ]
P2: !!opencv-matrix
   rows: 3
   cols: 4
   dt: f
   data: [ 3.70128906e+02, 0., 4.07681519e+02, -6.56753438e+04, 0.,
       3.70128906e+02, 2.33439270e+02, 0., 0., 0., 1., 0. ]
R2: !!opencv-matrix
   rows: 3
   cols: 3
   dt: f
   data: [ 9.96015310e-01, -6.32491410e-02, -6.28737062e-02,
       6.45479858e-02, 9.97736692e-01, 1.88440867e-02, 6.15395308e-02,
       -2.28273701e-02, 9.97843564e-01 ]
