%YAML:1.0
---
Q: !!opencv-matrix
   rows: 4
   cols: 4
   dt: f
   data: [ 1., 0., 0., -4.28260071e+02, 0., 1., 0., -2.33840637e+02, 0.,
       0., 0., 3.73075562e+02, 0., 0., 6.19598106e-03, 0. ]
R: !!opencv-matrix
   rows: 3
   cols: 3
   dt: d
   data: [ 1.0106788004295477e+00, 1.7688369701656544e-02,
       -3.1077095346570185e-03, -9.9669832796142072e-03,
       1.0058833744919875e+00, -4.3464008700977809e-02,
       3.0554632884177480e-03, 4.2950419195268610e-02,
       1.0064006687063496e+00 ]
T: !!opencv-matrix
   rows: 3
   cols: 1
   dt: d
   data: [ -1.6437946773434891e+02, 1.0438352101005982e+01,
       1.0376602230097125e+01 ]
E: !!opencv-matrix
   rows: 0
   cols: 0
   dt: u
   data: []
F: !!opencv-matrix
   rows: 0
   cols: 0
   dt: u
   data: []
K1: !!opencv-matrix
   rows: 3
   cols: 3
   dt: d
   data: [ 3.6627756984521932e+02, 0., 3.8060969928433269e+02, 0.,
       3.6653175179255015e+02, 2.3878059668569790e+02, 0., 0., 1. ]
D1: !!opencv-matrix
   rows: 5
   cols: 1
   dt: d
   data: [ -2.1859934914563901e-02, -9.9468572971318997e-04,
       1.6448003429794193e-03, -3.1164985765511365e-04,
       3.5195408316194161e-04 ]
P1: !!opencv-matrix
   rows: 3
   cols: 4
   dt: f
   data: [ 3.73075562e+02, 0., 4.28260071e+02, 0., 0., 3.73075562e+02,
       2.33840637e+02, 0., 0., 0., 1., 0. ]
R1: !!opencv-matrix
   rows: 3
   cols: 3
   dt: f
   data: [ 9.96631980e-01, -5.14894612e-02, -6.38241768e-02,
       5.00929430e-02, 9.98472929e-01, -2.32921615e-02, 6.49260134e-02,
       2.00165734e-02, 9.97689307e-01 ]
K2: !!opencv-matrix
   rows: 3
   cols: 3
   dt: d
   data: [ 3.6687495098581172e+02, 0., 3.7621769200552956e+02, 0.,
       3.6726361788508825e+02, 2.2399932895774910e+02, 0., 0., 1. ]
D2: !!opencv-matrix
   rows: 5
   cols: 1
   dt: d
   data: [ -2.2201337830972428e-02, -1.1445843221826492e-03,
       2.9199201696882579e-04, -7.1705872414221615e-04,
       5.1284674356775366e-04 ]
P2: !!opencv-matrix
   rows: 3
   cols: 4
   dt: f
   data: [ 3.73075562e+02, 0., 4.28260071e+02, -6.02125117e+04, 0.,
       3.73075562e+02, 2.33840637e+02, 0., 0., 0., 1., 0. ]
R2: !!opencv-matrix
   rows: 3
   cols: 3
   dt: f
   data: [ 9.96015251e-01, -6.32485226e-02, -6.28743768e-02,
       6.45976439e-02, 9.97717738e-01, 1.96594223e-02, 6.14874549e-02,
       -2.36426219e-02, 9.97827828e-01 ]
