%YAML:1.0
---
Q: !!opencv-matrix
   rows: 4
   cols: 4
   dt: f
   data: [ 1., 0., 0., -3.82539246e+02, 0., 1., 0., -2.31851196e+02, 0.,
       0., 0., 3.58740387e+02, 0., 0., 5.55129955e-03, 0. ]
R: !!opencv-matrix
   rows: 3
   cols: 3
   dt: d
   data: [ 9.9996162965121804e-01, 9.7499227056059463e-03,
       -3.1468959286664469e-03, -9.6826602782386431e-03,
       9.9987425664216412e-01, 9.2343529033594527e-03,
       3.2430336318533160e-03, -9.2035326501651634e-03,
       9.9991633191350993e-01 ]
T: !!opencv-matrix
   rows: 3
   cols: 1
   dt: d
   data: [ -1.8015236374734553e+02, 8.4136025672232995e-01,
       7.7302513370063519e-01 ]
E: !!opencv-matrix
   rows: 0
   cols: 0
   dt: u
   data: []
F: !!opencv-matrix
   rows: 0
   cols: 0
   dt: u
   data: []
K1: !!opencv-matrix
   rows: 3
   cols: 3
   dt: d
   data: [ 3.6627756984521932e+02, 0., 3.8060969928433269e+02, 0.,
       3.6653175179255015e+02, 2.3878059668569790e+02, 0., 0., 1. ]
D1: !!opencv-matrix
   rows: 5
   cols: 1
   dt: d
   data: [ -2.1859934914563901e-02, -9.9468572971318997e-04,
       1.6448003429794193e-03, -3.1164985765511365e-04,
       3.5195408316194161e-04 ]
P1: !!opencv-matrix
   rows: 3
   cols: 4
   dt: f
   data: [ 3.58740387e+02, 0., 3.82539246e+02, 0., 0., 3.58740387e+02,
       2.31851196e+02, 0., 0., 0., 1., 0. ]
R1: !!opencv-matrix
   rows: 3
   cols: 3
   dt: f
   data: [ 9.99958992e-01, 5.09852450e-03, -7.48482440e-03,
       -5.06407302e-03, 9.99976516e-01, 4.61459905e-03, 7.50817638e-03,
       -4.57650609e-03, 9.99961317e-01 ]
K2: !!opencv-matrix
   rows: 3
   cols: 3
   dt: d
   data: [ 3.6687495098581172e+02, 0., 3.7621769200552956e+02, 0.,
       3.6726361788508825e+02, 2.2399932895774910e+02, 0., 0., 1. ]
D2: !!opencv-matrix
   rows: 5
   cols: 1
   dt: d
   data: [ -2.2201337830972428e-02, -1.1445843221826492e-03,
       2.9199201696882579e-04, -7.1705872414221615e-04,
       5.1284674356775366e-04 ]
P2: !!opencv-matrix
   rows: 3
   cols: 4
   dt: f
   data: [ 3.58740387e+02, 0., 3.82539246e+02, -6.46227773e+04, 0.,
       3.58740387e+02, 2.31851196e+02, 0., 0., 0., 1., 0. ]
R2: !!opencv-matrix
   rows: 3
   cols: 3
   dt: f
   data: [ 9.99979913e-01, -4.67017666e-03, -4.29085828e-03,
       4.65040794e-03, 9.99978602e-01, -4.60560014e-03, 4.31227544e-03,
       4.58555343e-03, 9.99980211e-01 ]
