%YAML:1.0
---
Q: !!opencv-matrix
   rows: 4
   cols: 4
   dt: f
   data: [ 1., 0., 0., -4.09821686e+02, 0., 1., 0., -2.33213547e+02, 0.,
       0., 0., 3.78676453e+02, 0., 0., 8.56657047e-03, 0. ]
R: !!opencv-matrix
   rows: 3
   cols: 3
   dt: d
   data: [ 1.0175970090550472e+00, 7.8406264931594419e-03,
       3.2900860840835086e-02, -7.3937227968809294e-03,
       1.0208195692479525e+00, -4.3432833631606639e-02,
       -4.9933027000414430e-02, 4.4198340540866868e-02,
       1.0205773452877487e+00 ]
T: !!opencv-matrix
   rows: 3
   cols: 1
   dt: d
   data: [ -9.1290378189974945e+01, 5.7971617551842503e+00,
       5.7622242866965596e+00 ]
E: !!opencv-matrix
   rows: 0
   cols: 0
   dt: u
   data: []
F: !!opencv-matrix
   rows: 0
   cols: 0
   dt: u
   data: []
K1: !!opencv-matrix
   rows: 3
   cols: 3
   dt: d
   data: [ 3.6627756984521932e+02, 0., 3.8060969928433269e+02, 0.,
       3.6653175179255015e+02, 2.3878059668569790e+02, 0., 0., 1. ]
D1: !!opencv-matrix
   rows: 5
   cols: 1
   dt: d
   data: [ -2.1859934914563901e-02, -9.9468572971318997e-04,
       1.6448003429794193e-03, -3.1164985765511365e-04,
       3.5195408316194161e-04 ]
P1: !!opencv-matrix
   rows: 3
   cols: 4
   dt: f
   data: [ 3.78676453e+02, 0., 4.09821686e+02, 0., 0., 3.78676453e+02,
       2.33213547e+02, 0., 0., 0., 1., 0. ]
R1: !!opencv-matrix
   rows: 3
   cols: 3
   dt: f
   data: [ 9.98225451e-01, -5.70105910e-02, -1.71983000e-02,
       5.66377975e-02, 9.98164654e-01, -2.14361437e-02, 1.83888227e-02,
       2.04240307e-02, 9.99622285e-01 ]
K2: !!opencv-matrix
   rows: 3
   cols: 3
   dt: d
   data: [ 3.6687495098581172e+02, 0., 3.7621769200552956e+02, 0.,
       3.6726361788508825e+02, 2.2399932895774910e+02, 0., 0., 1. ]
D2: !!opencv-matrix
   rows: 5
   cols: 1
   dt: d
   data: [ -2.2201337830972428e-02, -1.1445843221826492e-03,
       2.9199201696882579e-04, -7.1705872414221615e-04,
       5.1284674356775366e-04 ]
P2: !!opencv-matrix
   rows: 3
   cols: 4
   dt: f
   data: [ 3.78676453e+02, 0., 4.09821686e+02, -4.42039727e+04, 0.,
       3.78676453e+02, 2.33213547e+02, 0., 0., 0., 1., 0. ]
R2: !!opencv-matrix
   rows: 3
   cols: 3
   dt: f
   data: [ 9.96015608e-01, -6.32494241e-02, -6.28682375e-02,
       6.45532608e-02, 9.97734785e-01, 1.89270414e-02, 6.15287013e-02,
       -2.29099784e-02, 9.97842371e-01 ]
