%YAML:1.0
---
Q: !!opencv-matrix
   rows: 4
   cols: 4
   dt: f
   data: [ 1., 0., 0., -3.83186005e+02, 0., 1., 0., -2.32192917e+02, 0.,
       0., 0., 3.61822571e+02, 0., 0., 5.56630734e-03, 0. ]
R: !!opencv-matrix
   rows: 3
   cols: 3
   dt: d
   data: [ 9.9755784105313672e-01, 1.1512776357832672e-02,
       -4.2221891539281839e-03, -9.4853274275741774e-03,
       1.0006448321849495e+00, 9.3101769921404322e-03,
       3.4504885271401447e-03, -9.3245919851300662e-03,
       1.0008677701543764e+00 ]
T: !!opencv-matrix
   rows: 3
   cols: 1
   dt: d
   data: [ -1.7916242554798202e+02, 1.1377308535863733e+01,
       1.1309445413709424e+01 ]
E: !!opencv-matrix
   rows: 0
   cols: 0
   dt: u
   data: []
F: !!opencv-matrix
   rows: 0
   cols: 0
   dt: u
   data: []
K1: !!opencv-matrix
   rows: 3
   cols: 3
   dt: d
   data: [ 3.6627756984521932e+02, 0., 3.8060969928433269e+02, 0.,
       3.6653175179255015e+02, 2.3878059668569790e+02, 0., 0., 1. ]
D1: !!opencv-matrix
   rows: 5
   cols: 1
   dt: d
   data: [ -2.1859934914563901e-02, -9.9468572971318997e-04,
       1.6448003429794193e-03, -3.1164985765511365e-04,
       3.5195408316194161e-04 ]
P1: !!opencv-matrix
   rows: 3
   cols: 4
   dt: f
   data: [ 3.61822571e+02, 0., 3.83186005e+02, 0., 0., 3.61822571e+02,
       2.32192917e+02, 0., 0., 0., 1., 0. ]
R1: !!opencv-matrix
   rows: 3
   cols: 3
   dt: f
   data: [ 9.98528898e-01, -5.36262728e-02, -8.01552366e-03,
       5.36621697e-02, 9.98549759e-01, 4.33242833e-03, 7.77156744e-03,
       -4.75618523e-03, 9.99958515e-01 ]
K2: !!opencv-matrix
   rows: 3
   cols: 3
   dt: d
   data: [ 3.6687495098581172e+02, 0., 3.7621769200552956e+02, 0.,
       3.6726361788508825e+02, 2.2399932895774910e+02, 0., 0., 1. ]
D2: !!opencv-matrix
   rows: 5
   cols: 1
   dt: d
   data: [ -2.2201337830972428e-02, -1.1445843221826492e-03,
       2.9199201696882579e-04, -7.1705872414221615e-04,
       5.1284674356775366e-04 ]
P2: !!opencv-matrix
   rows: 3
   cols: 4
   dt: f
   data: [ 3.61822571e+02, 0., 3.83186005e+02, -6.50022617e+04, 0.,
       3.61822571e+02, 2.32192917e+02, 0., 0., 0., 1., 0. ]
R2: !!opencv-matrix
   rows: 3
   cols: 3
   dt: f
   data: [ 9.97980654e-01, -6.33742213e-02, -4.28407779e-03,
       6.33540824e-02, 9.97980118e-01, -4.68411949e-03, 4.57227696e-03,
       4.40324703e-03, 9.99979854e-01 ]
