%YAML:1.0
---
Q: !!opencv-matrix
   rows: 4
   cols: 4
   dt: f
   data: [ 1., 0., 0., -3.83246338e+02, 0., 1., 0., -2.32334396e+02, 0.,
       0., 0., 3.66904236e+02, 0., 0., 5.40295942e-03, 0. ]
R: !!opencv-matrix
   rows: 3
   cols: 3
   dt: d
   data: [ 9.9963581396675549e-01, 9.7478914979771073e-03,
       -3.1413901635276341e-03, -9.6681676490392790e-03,
       9.9974345385857466e-01, 9.2321758693685186e-03,
       3.2431750459815394e-03, -9.2026064183782594e-03,
       9.9978881024933919e-01 ]
T: !!opencv-matrix
   rows: 3
   cols: 1
   dt: d
   data: [ -1.8433517466964878e+02, 1.6176247914007938e+01,
       7.4636603079653374e-01 ]
E: !!opencv-matrix
   rows: 0
   cols: 0
   dt: u
   data: []
F: !!opencv-matrix
   rows: 0
   cols: 0
   dt: u
   data: []
K1: !!opencv-matrix
   rows: 3
   cols: 3
   dt: d
   data: [ 3.6627756984521932e+02, 0., 3.8060969928433269e+02, 0.,
       3.6653175179255015e+02, 2.3878059668569790e+02, 0., 0., 1. ]
D1: !!opencv-matrix
   rows: 5
   cols: 1
   dt: d
   data: [ -2.1859934914563901e-02, -9.9468572971318997e-04,
       1.6448003429794193e-03, -3.1164985765511365e-04,
       3.5195408316194161e-04 ]
P1: !!opencv-matrix
   rows: 3
   cols: 4
   dt: f
   data: [ 3.66904236e+02, 0., 3.83246338e+02, 0., 0., 3.66904236e+02,
       2.32334396e+02, 0., 0., 0., 1., 0. ]
R1: !!opencv-matrix
   rows: 3
   cols: 3
   dt: f
   data: [ 9.96945202e-01, -7.76964575e-02, -7.96690024e-03,
       7.77317360e-02, 9.96965408e-01, 4.21821093e-03, 7.61498371e-03,
       -4.82460624e-03, 9.99959350e-01 ]
K2: !!opencv-matrix
   rows: 3
   cols: 3
   dt: d
   data: [ 3.6687495098581172e+02, 0., 3.7621769200552956e+02, 0.,
       3.6726361788508825e+02, 2.2399932895774910e+02, 0., 0., 1. ]
D2: !!opencv-matrix
   rows: 5
   cols: 1
   dt: d
   data: [ -2.2201337830972428e-02, -1.1445843221826492e-03,
       2.9199201696882579e-04, -7.1705872414221615e-04,
       5.1284674356775366e-04 ]
P2: !!opencv-matrix
   rows: 3
   cols: 4
   dt: f
   data: [ 3.66904236e+02, 0., 3.83246338e+02, -6.79080156e+04, 0.,
       3.66904236e+02, 2.32334396e+02, 0., 0., 0., 1., 0. ]
R2: !!opencv-matrix
   rows: 3
   cols: 3
   dt: f
   data: [ 9.96163547e-01, -8.74178708e-02, -4.03340952e-03,
       8.73987004e-02, 9.96162295e-01, -4.70580766e-03, 4.42930218e-03,
       4.33523953e-03, 9.99980807e-01 ]
