%YAML:1.0
---
Q: !!opencv-matrix
   rows: 4
   cols: 4
   dt: f
   data: [ 1., 0., 0., -3.82957092e+02, 0., 1., 0., -2.32164337e+02, 0.,
       0., 0., 3.61193237e+02, 0., 0., 5.37201250e-03, 0. ]
R: !!opencv-matrix
   rows: 3
   cols: 3
   dt: d
   data: [ 9.9964036467591277e-01, 9.7743137312745598e-03,
       -3.1287627189028771e-03, -9.6803231194711719e-03,
       9.9958804458505690e-01, 9.2303115485430562e-03,
       3.2418261428128138e-03, -9.2010656958782053e-03,
       9.9963381784070737e-01 ]
T: !!opencv-matrix
   rows: 3
   cols: 1
   dt: d
   data: [ -1.8582472319872201e+02, 1.1144651671605160e+01,
       7.5289762239790781e-01 ]
E: !!opencv-matrix
   rows: 0
   cols: 0
   dt: u
   data: []
F: !!opencv-matrix
   rows: 0
   cols: 0
   dt: u
   data: []
K1: !!opencv-matrix
   rows: 3
   cols: 3
   dt: d
   data: [ 3.6627756984521932e+02, 0., 3.8060969928433269e+02, 0.,
       3.6653175179255015e+02, 2.3878059668569790e+02, 0., 0., 1. ]
D1: !!opencv-matrix
   rows: 5
   cols: 1
   dt: d
   data: [ -2.1859934914563901e-02, -9.9468572971318997e-04,
       1.6448003429794193e-03, -3.1164985765511365e-04,
       3.5195408316194161e-04 ]
P1: !!opencv-matrix
   rows: 3
   cols: 4
   dt: f
   data: [ 3.61193237e+02, 0., 3.82957092e+02, 0., 0., 3.61193237e+02,
       2.32164337e+02, 0., 0., 0., 1., 0. ]
R1: !!opencv-matrix
   rows: 3
   cols: 3
   dt: f
   data: [ 9.98714447e-01, -5.00955582e-02, -7.73571525e-03,
       5.01302443e-02, 9.98733163e-01, 4.35703574e-03, 7.50764739e-03,
       -4.73922817e-03, 9.99960601e-01 ]
K2: !!opencv-matrix
   rows: 3
   cols: 3
   dt: d
   data: [ 3.6687495098581172e+02, 0., 3.7621769200552956e+02, 0.,
       3.6726361788508825e+02, 2.2399932895774910e+02, 0., 0., 1. ]
D2: !!opencv-matrix
   rows: 5
   cols: 1
   dt: d
   data: [ -2.2201337830972428e-02, -1.1445843221826492e-03,
       2.9199201696882579e-04, -7.1705872414221615e-04,
       5.1284674356775366e-04 ]
P2: !!opencv-matrix
   rows: 3
   cols: 4
   dt: f
   data: [ 3.61193237e+02, 0., 3.82957092e+02, -6.72361094e+04, 0.,
       3.61193237e+02, 2.32164337e+02, 0., 0., 0., 1., 0. ]
R2: !!opencv-matrix
   rows: 3
   cols: 3
   dt: f
   data: [ 9.98198211e-01, -5.98659404e-02, -4.04435256e-03,
       5.98469116e-02, 9.98196602e-01, -4.67277505e-03, 4.31679888e-03,
       4.42231400e-03, 9.99980927e-01 ]
