%YAML:1.0
---
Q: !!opencv-matrix
   rows: 4
   cols: 4
   dt: f
   data: [ 1., 0., 0., -3.82955872e+02, 0., 1., 0., -2.32164291e+02, 0.,
       0., 0., 3.61193665e+02, 0., 0., 5.36637753e-03, 0. ]
R: !!opencv-matrix
   rows: 3
   cols: 3
   dt: d
   data: [ 9.9954475725012104e-01, 9.7100160448984462e-03,
       -3.0654828836386709e-03, -9.6595495629654728e-03,
       9.9975482145820926e-01, 9.2255859472818412e-03,
       3.2436017869602761e-03, -9.2025232281977894e-03,
       9.9979653575516414e-01 ]
T: !!opencv-matrix
   rows: 3
   cols: 1
   dt: d
   data: [ -1.8452735515827354e+02, 1.6193115559781695e+01,
       7.4715827003681790e-01 ]
E: !!opencv-matrix
   rows: 0
   cols: 0
   dt: u
   data: []
F: !!opencv-matrix
   rows: 0
   cols: 0
   dt: u
   data: []
K1: !!opencv-matrix
   rows: 3
   cols: 3
   dt: d
   data: [ 3.6627756984521932e+02, 0., 3.8060969928433269e+02, 0.,
       3.6653175179255015e+02, 2.3878059668569790e+02, 0., 0., 1. ]
D1: !!opencv-matrix
   rows: 5
   cols: 1
   dt: d
   data: [ -2.1859934914563901e-02, -9.9468572971318997e-04,
       1.6448003429794193e-03, -3.1164985765511365e-04,
       3.5195408316194161e-04 ]
P1: !!opencv-matrix
   rows: 3
   cols: 4
   dt: f
   data: [ 3.61193665e+02, 0., 3.82955872e+02, 0., 0., 3.61193665e+02,
       2.32164291e+02, 0., 0., 0., 1., 0. ]
R1: !!opencv-matrix
   rows: 3
   cols: 3
   dt: f
   data: [ 9.98714447e-01, -5.00959344e-02, -7.73252267e-03,
       5.01306057e-02, 9.98733163e-01, 4.35707392e-03, 7.50445481e-03,
       -4.73910850e-03, 9.99960601e-01 ]
K2: !!opencv-matrix
   rows: 3
   cols: 3
   dt: d
   data: [ 3.6687495098581172e+02, 0., 3.7621769200552956e+02, 0.,
       3.6726361788508825e+02, 2.2399932895774910e+02, 0., 0., 1. ]
D2: !!opencv-matrix
   rows: 5
   cols: 1
   dt: d
   data: [ -2.2201337830972428e-02, -1.1445843221826492e-03,
       2.9199201696882579e-04, -7.1705872414221615e-04,
       5.1284674356775366e-04 ]
P2: !!opencv-matrix
   rows: 3
   cols: 4
   dt: f
   data: [ 3.61193665e+02, 0., 3.82955872e+02, -6.73067969e+04, 0.,
       3.61193665e+02, 2.32164291e+02, 0., 0., 0., 1., 0. ]
R2: !!opencv-matrix
   rows: 3
   cols: 3
   dt: f
   data: [ 9.98198211e-01, -5.98659404e-02, -4.04435443e-03,
       5.98469116e-02, 9.98196602e-01, -4.67273453e-03, 4.31679841e-03,
       4.42227302e-03, 9.99980927e-01 ]
