%YAML:1.0
---
Q: !!opencv-matrix
   rows: 4
   cols: 4
   dt: f
   data: [ 1., 0., 0., -3.83250214e+02, 0., 1., 0., -2.32334534e+02, 0.,
       0., 0., 3.66905090e+02, 0., 0., 5.40408818e-03, 0. ]
R: !!opencv-matrix
   rows: 3
   cols: 3
   dt: d
   data: [ 9.9967163737042986e-01, 9.7647934859403426e-03,
       -3.1443899503137158e-03, -9.6724190633710270e-03,
       9.9972777098315735e-01, 9.2323117807815956e-03,
       3.2429258753777245e-03, -9.2025431661401699e-03,
       9.9977463344198614e-01 ]
T: !!opencv-matrix
   rows: 3
   cols: 1
   dt: d
   data: [ -1.8435348502671451e+02, 1.6177855745181169e+01,
       7.4644289822971188e-01 ]
E: !!opencv-matrix
   rows: 0
   cols: 0
   dt: u
   data: []
F: !!opencv-matrix
   rows: 0
   cols: 0
   dt: u
   data: []
K1: !!opencv-matrix
   rows: 3
   cols: 3
   dt: d
   data: [ 3.6627756984521932e+02, 0., 3.8060969928433269e+02, 0.,
       3.6653175179255015e+02, 2.3878059668569790e+02, 0., 0., 1. ]
D1: !!opencv-matrix
   rows: 5
   cols: 1
   dt: d
   data: [ -2.1859934914563901e-02, -9.9468572971318997e-04,
       1.6448003429794193e-03, -3.1164985765511365e-04,
       3.5195408316194161e-04 ]
P1: !!opencv-matrix
   rows: 3
   cols: 4
   dt: f
   data: [ 3.66905090e+02, 0., 3.83250214e+02, 0., 0., 3.66905090e+02,
       2.32334534e+02, 0., 0., 0., 1., 0. ]
R1: !!opencv-matrix
   rows: 3
   cols: 3
   dt: f
   data: [ 9.96946037e-01, -7.76851252e-02, -7.97680859e-03,
       7.77204484e-02, 9.96966243e-01, 4.21808474e-03, 7.62492698e-03,
       -4.82516363e-03, 9.99959290e-01 ]
K2: !!opencv-matrix
   rows: 3
   cols: 3
   dt: d
   data: [ 3.6687495098581172e+02, 0., 3.7621769200552956e+02, 0.,
       3.6726361788508825e+02, 2.2399932895774910e+02, 0., 0., 1. ]
D2: !!opencv-matrix
   rows: 5
   cols: 1
   dt: d
   data: [ -2.2201337830972428e-02, -1.1445843221826492e-03,
       2.9199201696882579e-04, -7.1705872414221615e-04,
       5.1284674356775366e-04 ]
P2: !!opencv-matrix
   rows: 3
   cols: 4
   dt: f
   data: [ 3.66905090e+02, 0., 3.83250214e+02, -6.78939844e+04, 0.,
       3.66905090e+02, 2.32334534e+02, 0., 0., 0., 1., 0. ]
R2: !!opencv-matrix
   rows: 3
   cols: 3
   dt: f
   data: [ 9.96163547e-01, -8.74178708e-02, -4.03342815e-03,
       8.73987079e-02, 9.96162295e-01, -4.70602373e-03, 4.42933943e-03,
       4.33545280e-03, 9.99980807e-01 ]
