%YAML:1.0
---
Q: !!opencv-matrix
   rows: 4
   cols: 4
   dt: f
   data: [ 1., 0., 0., -3.83248108e+02, 0., 1., 0., -2.32334290e+02, 0.,
       0., 0., 3.66912079e+02, 0., 0., 5.39983064e-03, 0. ]
R: !!opencv-matrix
   rows: 3
   cols: 3
   dt: d
   data: [ 9.9973384293929057e-01, 9.7974963033460420e-03,
       -3.1239252727154093e-03, -9.6808842829057551e-03,
       9.9968636384932097e-01, 9.2301704758530022e-03,
       3.2423913550534609e-03, -9.2023187357823302e-03,
       9.9973604326774146e-01 ]
T: !!opencv-matrix
   rows: 3
   cols: 1
   dt: d
   data: [ -1.8449970861314588e+02, 1.6190689718087278e+01,
       7.4703913959348123e-01 ]
E: !!opencv-matrix
   rows: 0
   cols: 0
   dt: u
   data: []
F: !!opencv-matrix
   rows: 0
   cols: 0
   dt: u
   data: []
K1: !!opencv-matrix
   rows: 3
   cols: 3
   dt: d
   data: [ 3.6627756984521932e+02, 0., 3.8060969928433269e+02, 0.,
       3.6653175179255015e+02, 2.3878059668569790e+02, 0., 0., 1. ]
D1: !!opencv-matrix
   rows: 5
   cols: 1
   dt: d
   data: [ -2.1859934914563901e-02, -9.9468572971318997e-04,
       1.6448003429794193e-03, -3.1164985765511365e-04,
       3.5195408316194161e-04 ]
P1: !!opencv-matrix
   rows: 3
   cols: 4
   dt: f
   data: [ 3.66912079e+02, 0., 3.83248108e+02, 0., 0., 3.66912079e+02,
       2.32334290e+02, 0., 0., 0., 1., 0. ]
R1: !!opencv-matrix
   rows: 3
   cols: 3
   dt: f
   data: [ 9.96948481e-01, -7.76540264e-02, -7.97126722e-03,
       7.76893273e-02, 9.96968687e-01, 4.21837578e-03, 7.61952996e-03,
       -4.82478552e-03, 9.99959350e-01 ]
K2: !!opencv-matrix
   rows: 3
   cols: 3
   dt: d
   data: [ 3.6687495098581172e+02, 0., 3.7621769200552956e+02, 0.,
       3.6726361788508825e+02, 2.2399932895774910e+02, 0., 0., 1. ]
D2: !!opencv-matrix
   rows: 5
   cols: 1
   dt: d
   data: [ -2.2201337830972428e-02, -1.1445843221826492e-03,
       2.9199201696882579e-04, -7.1705872414221615e-04,
       5.1284674356775366e-04 ]
P2: !!opencv-matrix
   rows: 3
   cols: 4
   dt: f
   data: [ 3.66912079e+02, 0., 3.83248108e+02, -6.79488125e+04, 0.,
       3.66912079e+02, 2.32334290e+02, 0., 0., 0., 1., 0. ]
R2: !!opencv-matrix
   rows: 3
   cols: 3
   dt: f
   data: [ 9.96163547e-01, -8.74178857e-02, -4.03346261e-03,
       8.73987228e-02, 9.96162295e-01, -4.70597856e-03, 4.42937016e-03,
       4.33540484e-03, 9.99980807e-01 ]
