%YAML:1.0
---
Q: !!opencv-matrix
   rows: 4
   cols: 4
   dt: f
   data: [ 1., 0., 0., -3.82957825e+02, 0., 1., 0., -2.32164536e+02, 0.,
       0., 0., 3.61184631e+02, 0., 0., 5.37369307e-03, 0. ]
R: !!opencv-matrix
   rows: 3
   cols: 3
   dt: d
   data: [ 9.9954588232780461e-01, 9.7261877585260153e-03,
       -3.1490215017992884e-03, -9.6724817309369257e-03,
       9.9963419727412162e-01, 9.2319183813327783e-03,
       3.2425264114879326e-03, -9.2012720342472109e-03,
       9.9967714485874359e-01 ]
T: !!opencv-matrix
   rows: 3
   cols: 1
   dt: d
   data: [ -1.8572536896409952e+02, 1.1138690035994282e+01,
       7.5248853264888460e-01 ]
E: !!opencv-matrix
   rows: 0
   cols: 0
   dt: u
   data: []
F: !!opencv-matrix
   rows: 0
   cols: 0
   dt: u
   data: []
K1: !!opencv-matrix
   rows: 3
   cols: 3
   dt: d
   data: [ 3.6627756984521932e+02, 0., 3.8060969928433269e+02, 0.,
       3.6653175179255015e+02, 2.3878059668569790e+02, 0., 0., 1. ]
D1: !!opencv-matrix
   rows: 5
   cols: 1
   dt: d
   data: [ -2.1859934914563901e-02, -9.9468572971318997e-04,
       1.6448003429794193e-03, -3.1164985765511365e-04,
       3.5195408316194161e-04 ]
P1: !!opencv-matrix
   rows: 3
   cols: 4
   dt: f
   data: [ 3.61184631e+02, 0., 3.82957825e+02, 0., 0., 3.61184631e+02,
       2.32164536e+02, 0., 0., 0., 1., 0. ]
R1: !!opencv-matrix
   rows: 3
   cols: 3
   dt: f
   data: [ 9.98712540e-01, -5.01331724e-02, -7.73771433e-03,
       5.01678661e-02, 9.98731315e-01, 4.35679546e-03, 7.50947744e-03,
       -4.73937113e-03, 9.99960601e-01 ]
K2: !!opencv-matrix
   rows: 3
   cols: 3
   dt: d
   data: [ 3.6687495098581172e+02, 0., 3.7621769200552956e+02, 0.,
       3.6726361788508825e+02, 2.2399932895774910e+02, 0., 0., 1. ]
D2: !!opencv-matrix
   rows: 5
   cols: 1
   dt: d
   data: [ -2.2201337830972428e-02, -1.1445843221826492e-03,
       2.9199201696882579e-04, -7.1705872414221615e-04,
       5.1284674356775366e-04 ]
P2: !!opencv-matrix
   rows: 3
   cols: 4
   dt: f
   data: [ 3.61184631e+02, 0., 3.82957825e+02, -6.72134844e+04, 0.,
       3.61184631e+02, 2.32164536e+02, 0., 0., 0., 1., 0. ]
R2: !!opencv-matrix
   rows: 3
   cols: 3
   dt: f
   data: [ 9.98198211e-01, -5.98659180e-02, -4.04430320e-03,
       5.98468892e-02, 9.98196602e-01, -4.67272708e-03, 4.31674719e-03,
       4.42226930e-03, 9.99980927e-01 ]
