%YAML:1.0
---
Q: !!opencv-matrix
   rows: 4
   cols: 4
   dt: f
   data: [ 1., 0., 0., -3.82950317e+02, 0., 1., 0., -2.32164337e+02, 0.,
       0., 0., 3.61185577e+02, 0., 0., 5.37028071e-03, 0. ]
R: !!opencv-matrix
   rows: 3
   cols: 3
   dt: d
   data: [ 9.9950826874071674e-01, 9.7092045710603040e-03,
       -3.1372332385875574e-03, -9.6697787746464394e-03,
       9.9964411077491178e-01, 9.2312920166167239e-03,
       3.2427440062451113e-03, -9.2012859772889945e-03,
       9.9968598813125642e-01 ]
T: !!opencv-matrix
   rows: 3
   cols: 1
   dt: d
   data: [ -1.8575646309017782e+02, 1.1140553990538267e+01,
       7.5261150908850616e-01 ]
E: !!opencv-matrix
   rows: 0
   cols: 0
   dt: u
   data: []
F: !!opencv-matrix
   rows: 0
   cols: 0
   dt: u
   data: []
K1: !!opencv-matrix
   rows: 3
   cols: 3
   dt: d
   data: [ 3.6627756984521932e+02, 0., 3.8060969928433269e+02, 0.,
       3.6653175179255015e+02, 2.3878059668569790e+02, 0., 0., 1. ]
D1: !!opencv-matrix
   rows: 5
   cols: 1
   dt: d
   data: [ -2.1859934914563901e-02, -9.9468572971318997e-04,
       1.6448003429794193e-03, -3.1164985765511365e-04,
       3.5195408316194161e-04 ]
P1: !!opencv-matrix
   rows: 3
   cols: 4
   dt: f
   data: [ 3.61185577e+02, 0., 3.82950317e+02, 0., 0., 3.61185577e+02,
       2.32164337e+02, 0., 0., 0., 1., 0. ]
R1: !!opencv-matrix
   rows: 3
   cols: 3
   dt: f
   data: [ 9.98712242e-01, -5.01429513e-02, -7.71847321e-03,
       5.01775593e-02, 9.98730838e-01, 4.35697893e-03, 7.49020511e-03,
       -4.73866193e-03, 9.99960721e-01 ]
K2: !!opencv-matrix
   rows: 3
   cols: 3
   dt: d
   data: [ 3.6687495098581172e+02, 0., 3.7621769200552956e+02, 0.,
       3.6726361788508825e+02, 2.2399932895774910e+02, 0., 0., 1. ]
D2: !!opencv-matrix
   rows: 5
   cols: 1
   dt: d
   data: [ -2.2201337830972428e-02, -1.1445843221826492e-03,
       2.9199201696882579e-04, -7.1705872414221615e-04,
       5.1284674356775366e-04 ]
P2: !!opencv-matrix
   rows: 3
   cols: 4
   dt: f
   data: [ 3.61185577e+02, 0., 3.82950317e+02, -6.72563672e+04, 0.,
       3.61185577e+02, 2.32164337e+02, 0., 0., 0., 1., 0. ]
R2: !!opencv-matrix
   rows: 3
   cols: 3
   dt: f
   data: [ 9.98198211e-01, -5.98659366e-02, -4.04437818e-03,
       5.98469079e-02, 9.98196661e-01, -4.67246678e-03, 4.31680633e-03,
       4.42200433e-03, 9.99980927e-01 ]
