%YAML:1.0
---
Q: !!opencv-matrix
   rows: 4
   cols: 4
   dt: f
   data: [ 1., 0., 0., -3.82960083e+02, 0., 1., 0., -2.32164551e+02, 0.,
       0., 0., 3.61185852e+02, 0., 0., 5.37459273e-03, 0. ]
R: !!opencv-matrix
   rows: 3
   cols: 3
   dt: d
   data: [ 9.9957943517485925e-01, 9.7421615708551904e-03,
       -3.1483742543469652e-03, -9.6751148858790249e-03,
       9.9962088822085393e-01, 9.2317676823195447e-03,
       3.2422998559647922e-03, -9.2012220818909699e-03,
       9.9966479714042411e-01 ]
T: !!opencv-matrix
   rows: 3
   cols: 1
   dt: d
   data: [ -1.8573537195397273e+02, 1.1139290908460431e+01,
       7.5253152008183977e-01 ]
E: !!opencv-matrix
   rows: 0
   cols: 0
   dt: u
   data: []
F: !!opencv-matrix
   rows: 0
   cols: 0
   dt: u
   data: []
K1: !!opencv-matrix
   rows: 3
   cols: 3
   dt: d
   data: [ 3.6627756984521932e+02, 0., 3.8060969928433269e+02, 0.,
       3.6653175179255015e+02, 2.3878059668569790e+02, 0., 0., 1. ]
D1: !!opencv-matrix
   rows: 5
   cols: 1
   dt: d
   data: [ -2.1859934914563901e-02, -9.9468572971318997e-04,
       1.6448003429794193e-03, -3.1164985765511365e-04,
       3.5195408316194161e-04 ]
P1: !!opencv-matrix
   rows: 3
   cols: 4
   dt: f
   data: [ 3.61185852e+02, 0., 3.82960083e+02, 0., 0., 3.61185852e+02,
       2.32164551e+02, 0., 0., 0., 1., 0. ]
R1: !!opencv-matrix
   rows: 3
   cols: 3
   dt: f
   data: [ 9.98713017e-01, -5.01234755e-02, -7.74347410e-03,
       5.01581989e-02, 9.98731792e-01, 4.35677869e-03, 7.51527678e-03,
       -4.73957043e-03, 9.99960542e-01 ]
K2: !!opencv-matrix
   rows: 3
   cols: 3
   dt: d
   data: [ 3.6687495098581172e+02, 0., 3.7621769200552956e+02, 0.,
       3.6726361788508825e+02, 2.2399932895774910e+02, 0., 0., 1. ]
D2: !!opencv-matrix
   rows: 5
   cols: 1
   dt: d
   data: [ -2.2201337830972428e-02, -1.1445843221826492e-03,
       2.9199201696882579e-04, -7.1705872414221615e-04,
       5.1284674356775366e-04 ]
P2: !!opencv-matrix
   rows: 3
   cols: 4
   dt: f
   data: [ 3.61185852e+02, 0., 3.82960083e+02, -6.72024609e+04, 0.,
       3.61185852e+02, 2.32164551e+02, 0., 0., 0., 1., 0. ]
R2: !!opencv-matrix
   rows: 3
   cols: 3
   dt: f
   data: [ 9.98198211e-01, -5.98659217e-02, -4.04431950e-03,
       5.98468967e-02, 9.98196602e-01, -4.67281835e-03, 4.31676861e-03,
       4.42235917e-03, 9.99980927e-01 ]
