%YAML:1.0
---
Q: !!opencv-matrix
   rows: 4
   cols: 4
   dt: f
   data: [ 1., 0., 0., -3.82660034e+02, 0., 1., 0., -2.32002716e+02, 0.,
       0., 0., 3.57407806e+02, 0., 0., 5.34858927e-03, 0. ]
R: !!opencv-matrix
   rows: 3
   cols: 3
   dt: d
   data: [ 9.9956336791588907e-01, 9.7496597081709012e-03,
       -3.1328244407894013e-03, -9.6795592903887850e-03,
       9.9950188097843295e-01, 9.2303008846623038e-03,
       3.2416696669707755e-03, -9.2001052568535975e-03,
       9.9954477945147280e-01 ]
T: !!opencv-matrix
   rows: 3
   cols: 1
   dt: d
   data: [ -1.8687460228896782e+02, 6.0159741790007235e+00,
       7.5828343288344591e-01 ]
E: !!opencv-matrix
   rows: 0
   cols: 0
   dt: u
   data: []
F: !!opencv-matrix
   rows: 0
   cols: 0
   dt: u
   data: []
K1: !!opencv-matrix
   rows: 3
   cols: 3
   dt: d
   data: [ 3.6627756984521932e+02, 0., 3.8060969928433269e+02, 0.,
       3.6653175179255015e+02, 2.3878059668569790e+02, 0., 0., 1. ]
D1: !!opencv-matrix
   rows: 5
   cols: 1
   dt: d
   data: [ -2.1859934914563901e-02, -9.9468572971318997e-04,
       1.6448003429794193e-03, -3.1164985765511365e-04,
       3.5195408316194161e-04 ]
P1: !!opencv-matrix
   rows: 3
   cols: 4
   dt: f
   data: [ 3.57407806e+02, 0., 3.82660034e+02, 0., 0., 3.57407806e+02,
       2.32002716e+02, 0., 0., 0., 1., 0. ]
R1: !!opencv-matrix
   rows: 3
   cols: 3
   dt: f
   data: [ 9.99720812e-01, -2.24073380e-02, -7.49472762e-03,
       2.24413816e-02, 9.99738097e-01, 4.48958809e-03, 7.39216479e-03,
       -4.65652673e-03, 9.99961853e-01 ]
K2: !!opencv-matrix
   rows: 3
   cols: 3
   dt: d
   data: [ 3.6687495098581172e+02, 0., 3.7621769200552956e+02, 0.,
       3.6726361788508825e+02, 2.2399932895774910e+02, 0., 0., 1. ]
D2: !!opencv-matrix
   rows: 5
   cols: 1
   dt: d
   data: [ -2.2201337830972428e-02, -1.1445843221826492e-03,
       2.9199201696882579e-04, -7.1705872414221615e-04,
       5.1284674356775366e-04 ]
P2: !!opencv-matrix
   rows: 3
   cols: 4
   dt: f
   data: [ 3.57407806e+02, 0., 3.82660034e+02, -6.68228203e+04, 0.,
       3.57407806e+02, 2.32002716e+02, 0., 0., 0., 1., 0. ]
R2: !!opencv-matrix
   rows: 3
   cols: 3
   dt: f
   data: [ 9.99473989e-01, -3.21756378e-02, -4.05557826e-03,
       3.21567543e-02, 9.99472082e-01, -4.63920226e-03, 4.20270674e-03,
       4.50634770e-03, 9.99980986e-01 ]
