%YAML:1.0
---
Q: !!opencv-matrix
   rows: 4
   cols: 4
   dt: f
   data: [ 1., 0., 0., -3.83246399e+02, 0., 1., 0., -2.32334198e+02, 0.,
       0., 0., 3.66912598e+02, 0., 0., 5.39321173e-03, 0. ]
R: !!opencv-matrix
   rows: 3
   cols: 3
   dt: d
   data: [ 9.9970762622377585e-01, 9.7968781657096406e-03,
       -3.1239814267641627e-03, -9.6806043370975276e-03,
       9.9966051434283132e-01, 9.2299435416315287e-03,
       3.2423087828658726e-03, -9.2020790590509501e-03,
       9.9971016107237043e-01 ]
T: !!opencv-matrix
   rows: 3
   cols: 1
   dt: d
   data: [ -1.8476327436172059e+02, 1.6213818785752093e+01,
       7.4810623825155709e-01 ]
E: !!opencv-matrix
   rows: 0
   cols: 0
   dt: u
   data: []
F: !!opencv-matrix
   rows: 0
   cols: 0
   dt: u
   data: []
K1: !!opencv-matrix
   rows: 3
   cols: 3
   dt: d
   data: [ 3.6627756984521932e+02, 0., 3.8060969928433269e+02, 0.,
       3.6653175179255015e+02, 2.3878059668569790e+02, 0., 0., 1. ]
D1: !!opencv-matrix
   rows: 5
   cols: 1
   dt: d
   data: [ -2.1859934914563901e-02, -9.9468572971318997e-04,
       1.6448003429794193e-03, -3.1164985765511365e-04,
       3.5195408316194161e-04 ]
P1: !!opencv-matrix
   rows: 3
   cols: 4
   dt: f
   data: [ 3.66912598e+02, 0., 3.83246399e+02, 0., 0., 3.66912598e+02,
       2.32334198e+02, 0., 0., 0., 1., 0. ]
R1: !!opencv-matrix
   rows: 3
   cols: 3
   dt: f
   data: [ 9.96948481e-01, -7.76545033e-02, -7.96691049e-03,
       7.76897818e-02, 9.96968627e-01, 4.21845727e-03, 7.61517789e-03,
       -4.82453220e-03, 9.99959350e-01 ]
K2: !!opencv-matrix
   rows: 3
   cols: 3
   dt: d
   data: [ 3.6687495098581172e+02, 0., 3.7621769200552956e+02, 0.,
       3.6726361788508825e+02, 2.2399932895774910e+02, 0., 0., 1. ]
D2: !!opencv-matrix
   rows: 5
   cols: 1
   dt: d
   data: [ -2.2201337830972428e-02, -1.1445843221826492e-03,
       2.9199201696882579e-04, -7.1705872414221615e-04,
       5.1284674356775366e-04 ]
P2: !!opencv-matrix
   rows: 3
   cols: 4
   dt: f
   data: [ 3.66912598e+02, 0., 3.83246399e+02, -6.80322969e+04, 0.,
       3.66912598e+02, 2.32334198e+02, 0., 0., 0., 1., 0. ]
R2: !!opencv-matrix
   rows: 3
   cols: 3
   dt: f
   data: [ 9.96163547e-01, -8.74178931e-02, -4.03346494e-03,
       8.73987228e-02, 9.96162295e-01, -4.70589288e-03, 4.42936504e-03,
       4.33531916e-03, 9.99980807e-01 ]
