%YAML:1.0
---
Q: !!opencv-matrix
   rows: 4
   cols: 4
   dt: f
   data: [ 1., 0., 0., -3.83246796e+02, 0., 1., 0., -2.32334229e+02, 0.,
       0., 0., 3.66912476e+02, 0., 0., 5.38383937e-03, 0. ]
R: !!opencv-matrix
   rows: 3
   cols: 3
   dt: d
   data: [ 9.9968160664195205e-01, 9.7967236033869552e-03,
       -3.1243850286482942e-03, -9.6803597998646983e-03,
       9.9963439202687232e-01, 9.2297450135069448e-03,
       3.2422237064434608e-03, -9.2018390948883071e-03,
       9.9968404831439883e-01 ]
T: !!opencv-matrix
   rows: 3
   cols: 1
   dt: d
   data: [ -1.8502846982982396e+02, 1.6237090895322652e+01,
       7.4918003126000443e-01 ]
E: !!opencv-matrix
   rows: 0
   cols: 0
   dt: u
   data: []
F: !!opencv-matrix
   rows: 0
   cols: 0
   dt: u
   data: []
K1: !!opencv-matrix
   rows: 3
   cols: 3
   dt: d
   data: [ 3.6627756984521932e+02, 0., 3.8060969928433269e+02, 0.,
       3.6653175179255015e+02, 2.3878059668569790e+02, 0., 0., 1. ]
D1: !!opencv-matrix
   rows: 5
   cols: 1
   dt: d
   data: [ -2.1859934914563901e-02, -9.9468572971318997e-04,
       1.6448003429794193e-03, -3.1164985765511365e-04,
       3.5195408316194161e-04 ]
P1: !!opencv-matrix
   rows: 3
   cols: 4
   dt: f
   data: [ 3.66912476e+02, 0., 3.83246796e+02, 0., 0., 3.66912476e+02,
       2.32334229e+02, 0., 0., 0., 1., 0. ]
R1: !!opencv-matrix
   rows: 3
   cols: 3
   dt: f
   data: [ 9.96948481e-01, -7.76544139e-02, -7.96788745e-03,
       7.76896998e-02, 9.96968687e-01, 4.21843911e-03, 7.61615392e-03,
       -4.82458901e-03, 9.99959350e-01 ]
K2: !!opencv-matrix
   rows: 3
   cols: 3
   dt: d
   data: [ 3.6687495098581172e+02, 0., 3.7621769200552956e+02, 0.,
       3.6726361788508825e+02, 2.2399932895774910e+02, 0., 0., 1. ]
D2: !!opencv-matrix
   rows: 5
   cols: 1
   dt: d
   data: [ -2.2201337830972428e-02, -1.1445843221826492e-03,
       2.9199201696882579e-04, -7.1705872414221615e-04,
       5.1284674356775366e-04 ]
P2: !!opencv-matrix
   rows: 3
   cols: 4
   dt: f
   data: [ 3.66912476e+02, 0., 3.83246796e+02, -6.81507109e+04, 0.,
       3.66912476e+02, 2.32334229e+02, 0., 0., 0., 1., 0. ]
R2: !!opencv-matrix
   rows: 3
   cols: 3
   dt: f
   data: [ 9.96163547e-01, -8.74178931e-02, -4.03346494e-03,
       8.73987228e-02, 9.96162295e-01, -4.70591197e-03, 4.42936644e-03,
       4.33533872e-03, 9.99980807e-01 ]
