%YAML:1.0
---
Q: !!opencv-matrix
   rows: 4
   cols: 4
   dt: f
   data: [ 1., 0., 0., -4.04981079e+02, 0., 1., 0., -2.33224060e+02, 0.,
       0., 0., 3.69073547e+02, 0., 0., 5.58661111e-03, 0. ]
R: !!opencv-matrix
   rows: 3
   cols: 3
   dt: d
   data: [ 1.0008608110349555e+00, -4.2800022846113339e-02,
       4.8802115783489058e-02, 4.5014897225787630e-02,
       1.0009995955824067e+00, -4.3684753623210795e-02,
       -4.6861560971467653e-02, 4.5781080062589963e-02,
       1.0008270413651814e+00 ]
T: !!opencv-matrix
   rows: 3
   cols: 1
   dt: d
   data: [ -1.7853386546070692e+02, 1.0707105160132690e+01,
       1.0643212062377895e+01 ]
E: !!opencv-matrix
   rows: 0
   cols: 0
   dt: u
   data: []
F: !!opencv-matrix
   rows: 0
   cols: 0
   dt: u
   data: []
K1: !!opencv-matrix
   rows: 3
   cols: 3
   dt: d
   data: [ 3.6627756984521932e+02, 0., 3.8060969928433269e+02, 0.,
       3.6653175179255015e+02, 2.3878059668569790e+02, 0., 0., 1. ]
D1: !!opencv-matrix
   rows: 5
   cols: 1
   dt: d
   data: [ -2.1859934914563901e-02, -9.9468572971318997e-04,
       1.6448003429794193e-03, -3.1164985765511365e-04,
       3.5195408316194161e-04 ]
P1: !!opencv-matrix
   rows: 3
   cols: 4
   dt: f
   data: [ 3.69073547e+02, 0., 4.04981079e+02, 0., 0., 3.69073547e+02,
       2.33224060e+02, 0., 0., 0., 1., 0. ]
R1: !!opencv-matrix
   rows: 3
   cols: 3
   dt: f
   data: [ 9.94448543e-01, -1.04905456e-01, -8.18180665e-03,
       1.04710840e-01, 9.94272530e-01, -2.13969927e-02, 1.03796059e-02,
       2.04214845e-02, 9.99737561e-01 ]
K2: !!opencv-matrix
   rows: 3
   cols: 3
   dt: d
   data: [ 3.6687495098581172e+02, 0., 3.7621769200552956e+02, 0.,
       3.6726361788508825e+02, 2.2399932895774910e+02, 0., 0., 1. ]
D2: !!opencv-matrix
   rows: 5
   cols: 1
   dt: d
   data: [ -2.2201337830972428e-02, -1.1445843221826492e-03,
       2.9199201696882579e-04, -7.1705872414221615e-04,
       5.1284674356775366e-04 ]
P2: !!opencv-matrix
   rows: 3
   cols: 4
   dt: f
   data: [ 3.69073547e+02, 0., 4.04981079e+02, -6.60639375e+04, 0.,
       3.69073547e+02, 2.33224060e+02, 0., 0., 0., 1., 0. ]
R2: !!opencv-matrix
   rows: 3
   cols: 3
   dt: f
   data: [ 9.96443748e-01, -5.97591288e-02, -5.94025254e-02,
       6.09908998e-02, 9.97954726e-01, 1.91422254e-02, 5.81371076e-02,
       -2.26971637e-02, 9.98050570e-01 ]
