%YAML:1.0
---
Q: !!opencv-matrix
   rows: 4
   cols: 4
   dt: f
   data: [ 1., 0., 0., -4.04884949e+02, 0., 1., 0., -2.32954544e+02, 0.,
       0., 0., 3.78356506e+02, 0., 0., 5.69198700e-03, 0. ]
R: !!opencv-matrix
   rows: 3
   cols: 3
   dt: d
   data: [ 1.0010106625559301e+00, -4.2439175594473827e-02,
       4.8827571952774013e-02, 4.5003326235854867e-02,
       1.0009533925296461e+00, -4.3685277615586063e-02,
       -4.6870809293264939e-02, 4.5758504845498316e-02,
       1.0008008311585994e+00 ]
T: !!opencv-matrix
   rows: 3
   cols: 1
   dt: d
   data: [ -1.7887428166188909e+02, 1.0727520739643371e+01,
       1.0663505815791298e+01 ]
E: !!opencv-matrix
   rows: 0
   cols: 0
   dt: u
   data: []
F: !!opencv-matrix
   rows: 0
   cols: 0
   dt: u
   data: []
K1: !!opencv-matrix
   rows: 3
   cols: 3
   dt: d
   data: [ 3.6627756984521932e+02, 0., 3.8060969928433269e+02, 0.,
       3.6653175179255015e+02, 2.3878059668569790e+02, 0., 0., 1. ]
D1: !!opencv-matrix
   rows: 5
   cols: 1
   dt: d
   data: [ -2.1859934914563901e-02, -9.9468572971318997e-04,
       1.6448003429794193e-03, -3.1164985765511365e-04,
       3.5195408316194161e-04 ]
P1: !!opencv-matrix
   rows: 3
   cols: 4
   dt: f
   data: [ 3.78356506e+02, 0., 4.04884949e+02, 0., 0., 3.78356506e+02,
       2.32954544e+02, 0., 0., 0., 1., 0. ]
R1: !!opencv-matrix
   rows: 3
   cols: 3
   dt: f
   data: [ 9.98574018e-01, -5.27541190e-02, -8.17883015e-03,
       5.25701344e-02, 9.98390496e-01, -2.12790929e-02, 9.28822625e-03,
       2.08187886e-02, 9.99740124e-01 ]
K2: !!opencv-matrix
   rows: 3
   cols: 3
   dt: d
   data: [ 3.6687495098581172e+02, 0., 3.7621769200552956e+02, 0.,
       3.6726361788508825e+02, 2.2399932895774910e+02, 0., 0., 1. ]
D2: !!opencv-matrix
   rows: 5
   cols: 1
   dt: d
   data: [ -2.2201337830972428e-02, -1.1445843221826492e-03,
       2.9199201696882579e-04, -7.1705872414221615e-04,
       5.1284674356775366e-04 ]
P2: !!opencv-matrix
   rows: 3
   cols: 4
   dt: f
   data: [ 3.78356506e+02, 0., 4.04884949e+02, -6.64717813e+04, 0.,
       3.78356506e+02, 2.32954544e+02, 0., 0., 0., 1., 0. ]
R2: !!opencv-matrix
   rows: 3
   cols: 3
   dt: f
   data: [ 9.96443510e-01, -5.97605929e-02, -5.94054274e-02,
       6.09993003e-02, 9.97951984e-01, 1.92601215e-02, 5.81327677e-02,
       -2.28153132e-02, 9.98048127e-01 ]
