%YAML:1.0
---
Q: !!opencv-matrix
   rows: 4
   cols: 4
   dt: f
   data: [ 1., 0., 0., -4.04916229e+02, 0., 1., 0., -2.32955460e+02, 0.,
       0., 0., 3.78352509e+02, 0., 0., 5.68840606e-03, 0. ]
R: !!opencv-matrix
   rows: 3
   cols: 3
   dt: d
   data: [ 1.0013126578642837e+00, 9.5955734935688174e-03,
       4.8675921920206366e-02, -7.4503270040485346e-03,
       1.0012209550925466e+00, -4.3646117258156217e-02,
       -4.9176724150406595e-02, 4.3234872026704292e-02,
       1.0000682835204822e+00 ]
T: !!opencv-matrix
   rows: 3
   cols: 1
   dt: d
   data: [ -1.7509616916020923e+02, 1.0501198111029167e+01,
       1.0438788368848483e+01 ]
E: !!opencv-matrix
   rows: 0
   cols: 0
   dt: u
   data: []
F: !!opencv-matrix
   rows: 0
   cols: 0
   dt: u
   data: []
K1: !!opencv-matrix
   rows: 3
   cols: 3
   dt: d
   data: [ 3.6627756984521932e+02, 0., 3.8060969928433269e+02, 0.,
       3.6653175179255015e+02, 2.3878059668569790e+02, 0., 0., 1. ]
D1: !!opencv-matrix
   rows: 5
   cols: 1
   dt: d
   data: [ -2.1859934914563901e-02, -9.9468572971318997e-04,
       1.6448003429794193e-03, -3.1164985765511365e-04,
       3.5195408316194161e-04 ]
P1: !!opencv-matrix
   rows: 3
   cols: 4
   dt: f
   data: [ 3.78352509e+02, 0., 4.04916229e+02, 0., 0., 3.78352509e+02,
       2.32955460e+02, 0., 0., 0., 1., 0. ]
R1: !!opencv-matrix
   rows: 3
   cols: 3
   dt: f
   data: [ 9.98575389e-01, -5.27158529e-02, -8.25889502e-03,
       5.25301993e-02, 9.98392582e-01, -2.12798957e-02, 9.36740730e-03,
       2.08157394e-02, 9.99739468e-01 ]
K2: !!opencv-matrix
   rows: 3
   cols: 3
   dt: d
   data: [ 3.6687495098581172e+02, 0., 3.7621769200552956e+02, 0.,
       3.6726361788508825e+02, 2.2399932895774910e+02, 0., 0., 1. ]
D2: !!opencv-matrix
   rows: 5
   cols: 1
   dt: d
   data: [ -2.2201337830972428e-02, -1.1445843221826492e-03,
       2.9199201696882579e-04, -7.1705872414221615e-04,
       5.1284674356775366e-04 ]
P2: !!opencv-matrix
   rows: 3
   cols: 4
   dt: f
   data: [ 3.78352509e+02, 0., 4.04916229e+02, -6.65129297e+04, 0.,
       3.78352509e+02, 2.32955460e+02, 0., 0., 0., 1., 0. ]
R2: !!opencv-matrix
   rows: 3
   cols: 3
   dt: f
   data: [ 9.96443510e-01, -5.97605929e-02, -5.94054274e-02,
       6.09992333e-02, 9.97951984e-01, 1.92589927e-02, 5.81328385e-02,
       -2.28141826e-02, 9.98048127e-01 ]
