%YAML:1.0
---
Q: !!opencv-matrix
   rows: 4
   cols: 4
   dt: f
   data: [ 1., 0., 0., -3.82960968e+02, 0., 1., 0., -2.32164597e+02, 0.,
       0., 0., 3.61185333e+02, 0., 0., 5.56577137e-03, 0. ]
R: !!opencv-matrix
   rows: 3
   cols: 3
   dt: d
   data: [ 9.9697263577240858e-01, 1.0739678739341981e-02,
       -3.6217241088146290e-03, -9.4715279954385497e-03,
       1.0005012831493167e+00, 9.2686632909564724e-03,
       3.4617047195553557e-03, -9.2706300106272770e-03,
       1.0006321905879638e+00 ]
T: !!opencv-matrix
   rows: 3
   cols: 1
   dt: d
   data: [ -1.7903396296814913e+02, 1.0737352197755170e+01,
       1.0673446511614332e+01 ]
E: !!opencv-matrix
   rows: 0
   cols: 0
   dt: u
   data: []
F: !!opencv-matrix
   rows: 0
   cols: 0
   dt: u
   data: []
K1: !!opencv-matrix
   rows: 3
   cols: 3
   dt: d
   data: [ 3.6627756984521932e+02, 0., 3.8060969928433269e+02, 0.,
       3.6653175179255015e+02, 2.3878059668569790e+02, 0., 0., 1. ]
D1: !!opencv-matrix
   rows: 5
   cols: 1
   dt: d
   data: [ -2.1859934914563901e-02, -9.9468572971318997e-04,
       1.6448003429794193e-03, -3.1164985765511365e-04,
       3.5195408316194161e-04 ]
P1: !!opencv-matrix
   rows: 3
   cols: 4
   dt: f
   data: [ 3.61185333e+02, 0., 3.82960968e+02, 0., 0., 3.61185333e+02,
       2.32164597e+02, 0., 0., 0., 1., 0. ]
R1: !!opencv-matrix
   rows: 3
   cols: 3
   dt: f
   data: [ 9.98712957e-01, -5.01245596e-02, -7.74475792e-03,
       5.01592867e-02, 9.98731732e-01, 4.35673399e-03, 7.51655642e-03,
       -4.73959837e-03, 9.99960542e-01 ]
K2: !!opencv-matrix
   rows: 3
   cols: 3
   dt: d
   data: [ 3.6687495098581172e+02, 0., 3.7621769200552956e+02, 0.,
       3.6726361788508825e+02, 2.2399932895774910e+02, 0., 0., 1. ]
D2: !!opencv-matrix
   rows: 5
   cols: 1
   dt: d
   data: [ -2.2201337830972428e-02, -1.1445843221826492e-03,
       2.9199201696882579e-04, -7.1705872414221615e-04,
       5.1284674356775366e-04 ]
P2: !!opencv-matrix
   rows: 3
   cols: 4
   dt: f
   data: [ 3.61185333e+02, 0., 3.82960968e+02, -6.48940313e+04, 0.,
       3.61185333e+02, 2.32164597e+02, 0., 0., 0., 1., 0. ]
R2: !!opencv-matrix
   rows: 3
   cols: 3
   dt: f
   data: [ 9.98198271e-01, -5.98651506e-02, -4.04528715e-03,
       5.98461181e-02, 9.98196661e-01, -4.67283744e-03, 4.31773253e-03,
       4.42232378e-03, 9.99980927e-01 ]
