%YAML:1.0
---
Q: !!opencv-matrix
   rows: 4
   cols: 4
   dt: f
   data: [ 1., 0., 0., -4.26630676e+02, 0., 1., 0., -2.33685501e+02, 0.,
       0., 0., 3.64725708e+02, 0., 0., 5.58311539e-03, 0. ]
R: !!opencv-matrix
   rows: 3
   cols: 3
   dt: d
   data: [ 9.9865098122286700e-01, 1.0173039923454082e-02,
       -3.4859236679209002e-03, -9.5888354731602250e-03,
       1.0002039961828306e+00, 9.2575237249289937e-03,
       3.3408346105020421e-03, -9.2339931068356178e-03,
       1.0002930653132942e+00 ]
T: !!opencv-matrix
   rows: 3
   cols: 1
   dt: d
   data: [ -1.7830266935250384e+02, 1.0693493867744202e+01,
       1.0629849364565620e+01 ]
E: !!opencv-matrix
   rows: 0
   cols: 0
   dt: u
   data: []
F: !!opencv-matrix
   rows: 0
   cols: 0
   dt: u
   data: []
K1: !!opencv-matrix
   rows: 3
   cols: 3
   dt: d
   data: [ 3.6627756984521932e+02, 0., 3.8060969928433269e+02, 0.,
       3.6653175179255015e+02, 2.3878059668569790e+02, 0., 0., 1. ]
D1: !!opencv-matrix
   rows: 5
   cols: 1
   dt: d
   data: [ -2.1859934914563901e-02, -9.9468572971318997e-04,
       1.6448003429794193e-03, -3.1164985765511365e-04,
       3.5195408316194161e-04 ]
P1: !!opencv-matrix
   rows: 3
   cols: 4
   dt: f
   data: [ 3.64725708e+02, 0., 4.26630676e+02, 0., 0., 3.64725708e+02,
       2.33685501e+02, 0., 0., 0., 1., 0. ]
R1: !!opencv-matrix
   rows: 3
   cols: 3
   dt: f
   data: [ 9.96773124e-01, -4.92604524e-02, -6.33776337e-02,
       4.95404005e-02, 9.98768032e-01, 2.85236072e-03, 6.31590411e-02,
       -5.98290982e-03, 9.97985542e-01 ]
K2: !!opencv-matrix
   rows: 3
   cols: 3
   dt: d
   data: [ 3.6687495098581172e+02, 0., 3.7621769200552956e+02, 0.,
       3.6726361788508825e+02, 2.2399932895774910e+02, 0., 0., 1. ]
D2: !!opencv-matrix
   rows: 5
   cols: 1
   dt: d
   data: [ -2.2201337830972428e-02, -1.1445843221826492e-03,
       2.9199201696882579e-04, -7.1705872414221615e-04,
       5.1284674356775366e-04 ]
P2: !!opencv-matrix
   rows: 3
   cols: 4
   dt: f
   data: [ 3.64725708e+02, 0., 4.26630676e+02, -6.53265586e+04, 0.,
       3.64725708e+02, 2.33685501e+02, 0., 0., 0., 1., 0. ]
R2: !!opencv-matrix
   rows: 3
   cols: 3
   dt: f
   data: [ 9.96443570e-01, -5.97605333e-02, -5.94048575e-02,
       5.94970770e-02, 9.98209238e-01, -6.19549537e-03, 5.96687235e-02,
       2.63904594e-03, 9.98214722e-01 ]
