%YAML:1.0
---
Q: !!opencv-matrix
   rows: 4
   cols: 4
   dt: f
   data: [ 1., 0., 0., -4.04940857e+02, 0., 1., 0., -2.32956146e+02, 0.,
       0., 0., 3.78350464e+02, 0., 0., 5.68410056e-03, 0. ]
R: !!opencv-matrix
   rows: 3
   cols: 3
   dt: d
   data: [ 1.0018783027689098e+00, 9.6398967259831523e-03,
       4.8534412441379363e-02, -7.4905163392949411e-03,
       1.0010989738229179e+00, -4.3632779443516338e-02,
       -4.9211699373253856e-02, 4.3227011791662724e-02,
       9.9995725712542116e-01 ]
T: !!opencv-matrix
   rows: 3
   cols: 1
   dt: d
   data: [ -1.7527377372372530e+02, 1.0511849726281147e+01,
       1.0449376656184109e+01 ]
E: !!opencv-matrix
   rows: 0
   cols: 0
   dt: u
   data: []
F: !!opencv-matrix
   rows: 0
   cols: 0
   dt: u
   data: []
K1: !!opencv-matrix
   rows: 3
   cols: 3
   dt: d
   data: [ 3.6627756984521932e+02, 0., 3.8060969928433269e+02, 0.,
       3.6653175179255015e+02, 2.3878059668569790e+02, 0., 0., 1. ]
D1: !!opencv-matrix
   rows: 5
   cols: 1
   dt: d
   data: [ -2.1859934914563901e-02, -9.9468572971318997e-04,
       1.6448003429794193e-03, -3.1164985765511365e-04,
       3.5195408316194161e-04 ]
P1: !!opencv-matrix
   rows: 3
   cols: 4
   dt: f
   data: [ 3.78350464e+02, 0., 4.04940857e+02, 0., 0., 3.78350464e+02,
       2.32956146e+02, 0., 0., 0., 1., 0. ]
R1: !!opencv-matrix
   rows: 3
   cols: 3
   dt: f
   data: [ 9.98576760e-01, -5.26804030e-02, -8.32198747e-03,
       5.24934418e-02, 9.98394489e-01, -2.12804936e-02, 9.42969229e-03,
       2.08133552e-02, 9.99738932e-01 ]
K2: !!opencv-matrix
   rows: 3
   cols: 3
   dt: d
   data: [ 3.6687495098581172e+02, 0., 3.7621769200552956e+02, 0.,
       3.6726361788508825e+02, 2.2399932895774910e+02, 0., 0., 1. ]
D2: !!opencv-matrix
   rows: 5
   cols: 1
   dt: d
   data: [ -2.2201337830972428e-02, -1.1445843221826492e-03,
       2.9199201696882579e-04, -7.1705872414221615e-04,
       5.1284674356775366e-04 ]
P2: !!opencv-matrix
   rows: 3
   cols: 4
   dt: f
   data: [ 3.78350464e+02, 0., 4.04940857e+02, -6.65629453e+04, 0.,
       3.78350464e+02, 2.32956146e+02, 0., 0., 0., 1., 0. ]
R2: !!opencv-matrix
   rows: 3
   cols: 3
   dt: f
   data: [ 9.96443510e-01, -5.97605929e-02, -5.94054274e-02,
       6.09991811e-02, 9.97952044e-01, 1.92580912e-02, 5.81328906e-02,
       -2.28132829e-02, 9.98048127e-01 ]
