%YAML:1.0
---
Q: !!opencv-matrix
   rows: 4
   cols: 4
   dt: f
   data: [ 1., 0., 0., -4.26605103e+02, 0., 1., 0., -2.33686188e+02, 0.,
       0., 0., 3.64721649e+02, 0., 0., 5.58849471e-03, 0. ]
R: !!opencv-matrix
   rows: 3
   cols: 3
   dt: d
   data: [ 9.9929403884992962e-01, 9.9734246200100934e-03,
       -3.3564218116639427e-03, -9.6336588385176700e-03,
       1.0000914882311061e+00, 9.2486315626696975e-03,
       3.2946769521108453e-03, -9.2210195964100173e-03,
       1.0001609558147304e+00 ]
T: !!opencv-matrix
   rows: 3
   cols: 1
   dt: d
   data: [ -1.7827744321971005e+02, 1.0691980983452645e+01,
       1.0628345508177217e+01 ]
E: !!opencv-matrix
   rows: 0
   cols: 0
   dt: u
   data: []
F: !!opencv-matrix
   rows: 0
   cols: 0
   dt: u
   data: []
K1: !!opencv-matrix
   rows: 3
   cols: 3
   dt: d
   data: [ 3.6627756984521932e+02, 0., 3.8060969928433269e+02, 0.,
       3.6653175179255015e+02, 2.3878059668569790e+02, 0., 0., 1. ]
D1: !!opencv-matrix
   rows: 5
   cols: 1
   dt: d
   data: [ -2.1859934914563901e-02, -9.9468572971318997e-04,
       1.6448003429794193e-03, -3.1164985765511365e-04,
       3.5195408316194161e-04 ]
P1: !!opencv-matrix
   rows: 3
   cols: 4
   dt: f
   data: [ 3.64721649e+02, 0., 4.26605103e+02, 0., 0., 3.64721649e+02,
       2.33686188e+02, 0., 0., 0., 1., 0. ]
R1: !!opencv-matrix
   rows: 3
   cols: 3
   dt: f
   data: [ 9.96773183e-01, -4.93411086e-02, -6.33139163e-02,
       4.96206470e-02, 9.98764098e-01, 2.84933252e-03, 6.30950779e-02,
       -5.98181598e-03, 9.97989595e-01 ]
K2: !!opencv-matrix
   rows: 3
   cols: 3
   dt: d
   data: [ 3.6687495098581172e+02, 0., 3.7621769200552956e+02, 0.,
       3.6726361788508825e+02, 2.2399932895774910e+02, 0., 0., 1. ]
D2: !!opencv-matrix
   rows: 5
   cols: 1
   dt: d
   data: [ -2.2201337830972428e-02, -1.1445843221826492e-03,
       2.9199201696882579e-04, -7.1705872414221615e-04,
       5.1284674356775366e-04 ]
P2: !!opencv-matrix
   rows: 3
   cols: 4
   dt: f
   data: [ 3.64721649e+02, 0., 4.26605103e+02, -6.52629453e+04, 0.,
       3.64721649e+02, 2.33686188e+02, 0., 0., 0., 1., 0. ]
R2: !!opencv-matrix
   rows: 3
   cols: 3
   dt: f
   data: [ 9.96443570e-01, -5.97605370e-02, -5.94048575e-02,
       5.94972000e-02, 9.98209238e-01, -6.19343435e-03, 5.96686043e-02,
       2.63698515e-03, 9.98214781e-01 ]
