%YAML:1.0
---
Q: !!opencv-matrix
   rows: 4
   cols: 4
   dt: f
   data: [ 1., 0., 0., -4.04977631e+02, 0., 1., 0., -2.33223907e+02, 0.,
       0., 0., 3.69082367e+02, 0., 0., 5.57482522e-03, 0. ]
R: !!opencv-matrix
   rows: 3
   cols: 3
   dt: d
   data: [ 1.0008386459360417e+00, -4.2828670590338964e-02,
       4.8816354170929097e-02, 4.5015529863048818e-02,
       1.0009946910974583e+00, -4.3685337271694158e-02,
       -4.6860324383802256e-02, 4.5782500966669228e-02,
       1.0008195346970814e+00 ]
T: !!opencv-matrix
   rows: 3
   cols: 1
   dt: d
   data: [ -1.7898936770933062e+02, 1.0734423011386543e+01,
       1.0670367347994279e+01 ]
E: !!opencv-matrix
   rows: 0
   cols: 0
   dt: u
   data: []
F: !!opencv-matrix
   rows: 0
   cols: 0
   dt: u
   data: []
K1: !!opencv-matrix
   rows: 3
   cols: 3
   dt: d
   data: [ 3.6627756984521932e+02, 0., 3.8060969928433269e+02, 0.,
       3.6653175179255015e+02, 2.3878059668569790e+02, 0., 0., 1. ]
D1: !!opencv-matrix
   rows: 5
   cols: 1
   dt: d
   data: [ -2.1859934914563901e-02, -9.9468572971318997e-04,
       1.6448003429794193e-03, -3.1164985765511365e-04,
       3.5195408316194161e-04 ]
P1: !!opencv-matrix
   rows: 3
   cols: 4
   dt: f
   data: [ 3.69082367e+02, 0., 4.04977631e+02, 0., 0., 3.69082367e+02,
       2.33223907e+02, 0., 0., 0., 1., 0. ]
R1: !!opencv-matrix
   rows: 3
   cols: 3
   dt: f
   data: [ 9.94446874e-01, -1.04922235e-01, -8.17290507e-03,
       1.04727805e-01, 9.94270742e-01, -2.13968679e-02, 1.03710871e-02,
       2.04221178e-02, 9.99737680e-01 ]
K2: !!opencv-matrix
   rows: 3
   cols: 3
   dt: d
   data: [ 3.6687495098581172e+02, 0., 3.7621769200552956e+02, 0.,
       3.6726361788508825e+02, 2.2399932895774910e+02, 0., 0., 1. ]
D2: !!opencv-matrix
   rows: 5
   cols: 1
   dt: d
   data: [ -2.2201337830972428e-02, -1.1445843221826492e-03,
       2.9199201696882579e-04, -7.1705872414221615e-04,
       5.1284674356775366e-04 ]
P2: !!opencv-matrix
   rows: 3
   cols: 4
   dt: f
   data: [ 3.69082367e+02, 0., 4.04977631e+02, -6.62051875e+04, 0.,
       3.69082367e+02, 2.33223907e+02, 0., 0., 0., 1., 0. ]
R2: !!opencv-matrix
   rows: 3
   cols: 3
   dt: f
   data: [ 9.96443748e-01, -5.97591363e-02, -5.94025403e-02,
       6.09909222e-02, 9.97954726e-01, 1.91424880e-02, 5.81371076e-02,
       -2.26974282e-02, 9.98050570e-01 ]
