%YAML:1.0
---
Q: !!opencv-matrix
   rows: 4
   cols: 4
   dt: f
   data: [ 1., 0., 0., -4.04973450e+02, 0., 1., 0., -2.33222595e+02, 0.,
       0., 0., 3.69027527e+02, 0., 0., 5.57063753e-03, 0. ]
R: !!opencv-matrix
   rows: 3
   cols: 3
   dt: d
   data: [ 1.0009092456214741e+00, -4.2763111417068775e-02,
       4.8785521631406439e-02, 4.5011711947733159e-02,
       1.0009947152822034e+00, -4.3683649575690500e-02,
       -4.6864482573485848e-02, 4.5778764146795679e-02,
       1.0008253498179012e+00 ]
T: !!opencv-matrix
   rows: 3
   cols: 1
   dt: d
   data: [ -1.7824629463613627e+02, 1.0689858848727152e+01,
       1.0626068668054790e+01 ]
E: !!opencv-matrix
   rows: 0
   cols: 0
   dt: u
   data: []
F: !!opencv-matrix
   rows: 0
   cols: 0
   dt: u
   data: []
K1: !!opencv-matrix
   rows: 3
   cols: 3
   dt: d
   data: [ 3.6627756984521932e+02, 0., 3.8060969928433269e+02, 0.,
       3.6653175179255015e+02, 2.3878059668569790e+02, 0., 0., 1. ]
D1: !!opencv-matrix
   rows: 5
   cols: 1
   dt: d
   data: [ -2.1859934914563901e-02, -9.9468572971318997e-04,
       1.6448003429794193e-03, -3.1164985765511365e-04,
       3.5195408316194161e-04 ]
P1: !!opencv-matrix
   rows: 3
   cols: 4
   dt: f
   data: [ 3.69027527e+02, 0., 4.04973450e+02, 0., 0., 3.69027527e+02,
       2.33222595e+02, 0., 0., 0., 1., 0. ]
R1: !!opencv-matrix
   rows: 3
   cols: 3
   dt: f
   data: [ 9.94467497e-01, -1.04727067e-01, -8.16304050e-03,
       1.04532883e-01, 9.94291246e-01, -2.13953536e-02, 1.03571126e-02,
       2.04236768e-02, 9.99737740e-01 ]
K2: !!opencv-matrix
   rows: 3
   cols: 3
   dt: d
   data: [ 3.6687495098581172e+02, 0., 3.7621769200552956e+02, 0.,
       3.6726361788508825e+02, 2.2399932895774910e+02, 0., 0., 1. ]
D2: !!opencv-matrix
   rows: 5
   cols: 1
   dt: d
   data: [ -2.2201337830972428e-02, -1.1445843221826492e-03,
       2.9199201696882579e-04, -7.1705872414221615e-04,
       5.1284674356775366e-04 ]
P2: !!opencv-matrix
   rows: 3
   cols: 4
   dt: f
   data: [ 3.69027527e+02, 0., 4.04973450e+02, -6.62451172e+04, 0.,
       3.69027527e+02, 2.33222595e+02, 0., 0., 0., 1., 0. ]
R2: !!opencv-matrix
   rows: 3
   cols: 3
   dt: f
   data: [ 9.96443748e-01, -5.97591288e-02, -5.94025254e-02,
       6.09909110e-02, 9.97954726e-01, 1.91424042e-02, 5.81370965e-02,
       -2.26973426e-02, 9.98050570e-01 ]
