%YAML:1.0
---
Q: !!opencv-matrix
   rows: 4
   cols: 4
   dt: f
   data: [ 1., 0., 0., -4.04982300e+02, 0., 1., 0., -2.33224075e+02, 0.,
       0., 0., 3.69068604e+02, 0., 0., 5.59026375e-03, 0. ]
R: !!opencv-matrix
   rows: 3
   cols: 3
   dt: d
   data: [ 1.0008814352036524e+00, -4.2784566975466232e-02,
       4.8792220356511269e-02, 4.5013668360713285e-02,
       1.0009987448470263e+00, -4.3684163281651686e-02,
       -4.6862789493632852e-02, 4.5780161966546697e-02,
       1.0008277078699992e+00 ]
T: !!opencv-matrix
   rows: 3
   cols: 1
   dt: d
   data: [ -1.7836282323913164e+02, 1.0696847349200171e+01,
       1.0633015465995475e+01 ]
E: !!opencv-matrix
   rows: 0
   cols: 0
   dt: u
   data: []
F: !!opencv-matrix
   rows: 0
   cols: 0
   dt: u
   data: []
K1: !!opencv-matrix
   rows: 3
   cols: 3
   dt: d
   data: [ 3.6627756984521932e+02, 0., 3.8060969928433269e+02, 0.,
       3.6653175179255015e+02, 2.3878059668569790e+02, 0., 0., 1. ]
D1: !!opencv-matrix
   rows: 5
   cols: 1
   dt: d
   data: [ -2.1859934914563901e-02, -9.9468572971318997e-04,
       1.6448003429794193e-03, -3.1164985765511365e-04,
       3.5195408316194161e-04 ]
P1: !!opencv-matrix
   rows: 3
   cols: 4
   dt: f
   data: [ 3.69068604e+02, 0., 4.04982300e+02, 0., 0., 3.69068604e+02,
       2.33224075e+02, 0., 0., 0., 1., 0. ]
R1: !!opencv-matrix
   rows: 3
   cols: 3
   dt: f
   data: [ 9.94449794e-01, -1.04893297e-01, -8.18497501e-03,
       1.04698621e-01, 9.94273782e-01, -2.13969965e-02, 1.03825079e-02,
       2.04212833e-02, 9.99737561e-01 ]
K2: !!opencv-matrix
   rows: 3
   cols: 3
   dt: d
   data: [ 3.6687495098581172e+02, 0., 3.7621769200552956e+02, 0.,
       3.6726361788508825e+02, 2.2399932895774910e+02, 0., 0., 1. ]
D2: !!opencv-matrix
   rows: 5
   cols: 1
   dt: d
   data: [ -2.2201337830972428e-02, -1.1445843221826492e-03,
       2.9199201696882579e-04, -7.1705872414221615e-04,
       5.1284674356775366e-04 ]
P2: !!opencv-matrix
   rows: 3
   cols: 4
   dt: f
   data: [ 3.69068604e+02, 0., 4.04982300e+02, -6.60198906e+04, 0.,
       3.69068604e+02, 2.33224075e+02, 0., 0., 0., 1., 0. ]
R2: !!opencv-matrix
   rows: 3
   cols: 3
   dt: f
   data: [ 9.96443748e-01, -5.97591288e-02, -5.94025254e-02,
       6.09908961e-02, 9.97954726e-01, 1.91421211e-02, 5.81371151e-02,
       -2.26970594e-02, 9.98050570e-01 ]
