%YAML:1.0
---
Q: !!opencv-matrix
   rows: 4
   cols: 4
   dt: f
   data: [ 1., 0., 0., -4.04979187e+02, 0., 1., 0., -2.33223969e+02, 0.,
       0., 0., 3.69078247e+02, 0., 0., 5.58125926e-03, 0. ]
R: !!opencv-matrix
   rows: 3
   cols: 3
   dt: d
   data: [ 1.0008462686146773e+00, -4.2814886264158643e-02,
       4.8810176040494570e-02, 4.5015541227257025e-02,
       1.0009983163477916e+00, -4.3685148784707896e-02,
       -4.6860721378428186e-02, 4.5781871732412174e-02,
       1.0008243780419246e+00 ]
T: !!opencv-matrix
   rows: 3
   cols: 1
   dt: d
   data: [ -1.7873990480813751e+02, 1.0719463061973851e+01,
       1.0655497753889689e+01 ]
E: !!opencv-matrix
   rows: 0
   cols: 0
   dt: u
   data: []
F: !!opencv-matrix
   rows: 0
   cols: 0
   dt: u
   data: []
K1: !!opencv-matrix
   rows: 3
   cols: 3
   dt: d
   data: [ 3.6627756984521932e+02, 0., 3.8060969928433269e+02, 0.,
       3.6653175179255015e+02, 2.3878059668569790e+02, 0., 0., 1. ]
D1: !!opencv-matrix
   rows: 5
   cols: 1
   dt: d
   data: [ -2.1859934914563901e-02, -9.9468572971318997e-04,
       1.6448003429794193e-03, -3.1164985765511365e-04,
       3.5195408316194161e-04 ]
P1: !!opencv-matrix
   rows: 3
   cols: 4
   dt: f
   data: [ 3.69078247e+02, 0., 4.04979187e+02, 0., 0., 3.69078247e+02,
       2.33223969e+02, 0., 0., 0., 1., 0. ]
R1: !!opencv-matrix
   rows: 3
   cols: 3
   dt: f
   data: [ 9.94447649e-01, -1.04914181e-01, -8.17693118e-03,
       1.04719661e-01, 9.94271576e-01, -2.13969201e-02, 1.03749307e-02,
       2.04218328e-02, 9.99737620e-01 ]
K2: !!opencv-matrix
   rows: 3
   cols: 3
   dt: d
   data: [ 3.6687495098581172e+02, 0., 3.7621769200552956e+02, 0.,
       3.6726361788508825e+02, 2.2399932895774910e+02, 0., 0., 1. ]
D2: !!opencv-matrix
   rows: 5
   cols: 1
   dt: d
   data: [ -2.2201337830972428e-02, -1.1445843221826492e-03,
       2.9199201696882579e-04, -7.1705872414221615e-04,
       5.1284674356775366e-04 ]
P2: !!opencv-matrix
   rows: 3
   cols: 4
   dt: f
   data: [ 3.69078247e+02, 0., 4.04979187e+02, -6.61281328e+04, 0.,
       3.69078247e+02, 2.33223969e+02, 0., 0., 0., 1., 0. ]
R2: !!opencv-matrix
   rows: 3
   cols: 3
   dt: f
   data: [ 9.96443748e-01, -5.97591288e-02, -5.94025254e-02,
       6.09909073e-02, 9.97954726e-01, 1.91423688e-02, 5.81371002e-02,
       -2.26973090e-02, 9.98050570e-01 ]
