%YAML:1.0
---
Q: !!opencv-matrix
   rows: 4
   cols: 4
   dt: f
   data: [ 1., 0., 0., -4.04902130e+02, 0., 1., 0., -2.32955063e+02, 0.,
       0., 0., 3.78353790e+02, 0., 0., 5.69083542e-03, 0. ]
R: !!opencv-matrix
   rows: 3
   cols: 3
   dt: d
   data: [ 1.0010170310631950e+00, 9.5781049241714742e-03,
       4.8769535108191812e-02, -7.4294425017434754e-03,
       1.0012820814831083e+00, -4.3654174039117019e-02,
       -4.9158468793115424e-02, 4.3238540598510143e-02,
       1.0001228516565470e+00 ]
T: !!opencv-matrix
   rows: 3
   cols: 1
   dt: d
   data: [ -1.7506075608256577e+02, 1.0499074268777802e+01,
       1.0436677169657253e+01 ]
E: !!opencv-matrix
   rows: 0
   cols: 0
   dt: u
   data: []
F: !!opencv-matrix
   rows: 0
   cols: 0
   dt: u
   data: []
K1: !!opencv-matrix
   rows: 3
   cols: 3
   dt: d
   data: [ 3.6627756984521932e+02, 0., 3.8060969928433269e+02, 0.,
       3.6653175179255015e+02, 2.3878059668569790e+02, 0., 0., 1. ]
D1: !!opencv-matrix
   rows: 5
   cols: 1
   dt: d
   data: [ -2.1859934914563901e-02, -9.9468572971318997e-04,
       1.6448003429794193e-03, -3.1164985765511365e-04,
       3.5195408316194161e-04 ]
P1: !!opencv-matrix
   rows: 3
   cols: 4
   dt: f
   data: [ 3.78353790e+02, 0., 4.04902130e+02, 0., 0., 3.78353790e+02,
       2.32955063e+02, 0., 0., 0., 1., 0. ]
R1: !!opencv-matrix
   rows: 3
   cols: 3
   dt: f
   data: [ 9.98574674e-01, -5.27357124e-02, -8.22277553e-03,
       5.25508150e-02, 9.98391509e-01, -2.12795511e-02, 9.33174137e-03,
       2.08171066e-02, 9.99739766e-01 ]
K2: !!opencv-matrix
   rows: 3
   cols: 3
   dt: d
   data: [ 3.6687495098581172e+02, 0., 3.7621769200552956e+02, 0.,
       3.6726361788508825e+02, 2.2399932895774910e+02, 0., 0., 1. ]
D2: !!opencv-matrix
   rows: 5
   cols: 1
   dt: d
   data: [ -2.2201337830972428e-02, -1.1445843221826492e-03,
       2.9199201696882579e-04, -7.1705872414221615e-04,
       5.1284674356775366e-04 ]
P2: !!opencv-matrix
   rows: 3
   cols: 4
   dt: f
   data: [ 3.78353790e+02, 0., 4.04902130e+02, -6.64847500e+04, 0.,
       3.78353790e+02, 2.32955063e+02, 0., 0., 0., 1., 0. ]
R2: !!opencv-matrix
   rows: 3
   cols: 3
   dt: f
   data: [ 9.96443510e-01, -5.97605929e-02, -5.94054274e-02,
       6.09992631e-02, 9.97951984e-01, 1.92595068e-02, 5.81328049e-02,
       -2.28146985e-02, 9.98048127e-01 ]
