%YAML:1.0
---
Q: !!opencv-matrix
   rows: 4
   cols: 4
   dt: f
   data: [ 1., 0., 0., -4.26658203e+02, 0., 1., 0., -2.33683487e+02, 0.,
       0., 0., 3.64742157e+02, 0., 0., 5.56566752e-03, 0. ]
R: !!opencv-matrix
   rows: 3
   cols: 3
   dt: d
   data: [ 9.9749822909658259e-01, 1.0562658344089955e-02,
       -3.6120345183108553e-03, -9.5083380787147724e-03,
       1.0004066883523803e+00, 9.2671309116889311e-03,
       3.4237604979396262e-03, -9.2591696668117597e-03,
       1.0005264781147365e+00 ]
T: !!opencv-matrix
   rows: 3
   cols: 1
   dt: d
   data: [ -1.7873446206093487e+02, 1.0719390086581887e+01,
       1.0655591409433786e+01 ]
E: !!opencv-matrix
   rows: 0
   cols: 0
   dt: u
   data: []
F: !!opencv-matrix
   rows: 0
   cols: 0
   dt: u
   data: []
K1: !!opencv-matrix
   rows: 3
   cols: 3
   dt: d
   data: [ 3.6627756984521932e+02, 0., 3.8060969928433269e+02, 0.,
       3.6653175179255015e+02, 2.3878059668569790e+02, 0., 0., 1. ]
D1: !!opencv-matrix
   rows: 5
   cols: 1
   dt: d
   data: [ -2.1859934914563901e-02, -9.9468572971318997e-04,
       1.6448003429794193e-03, -3.1164985765511365e-04,
       3.5195408316194161e-04 ]
P1: !!opencv-matrix
   rows: 3
   cols: 4
   dt: f
   data: [ 3.64742157e+02, 0., 4.26658203e+02, 0., 0., 3.64742157e+02,
       2.33683487e+02, 0., 0., 0., 1., 0. ]
R1: !!opencv-matrix
   rows: 3
   cols: 3
   dt: f
   data: [ 9.96776283e-01, -4.91082482e-02, -6.34458587e-02,
       4.93887067e-02, 9.98775542e-01, 2.85873958e-03, 6.32277876e-02,
       -5.98303275e-03, 9.97981191e-01 ]
K2: !!opencv-matrix
   rows: 3
   cols: 3
   dt: d
   data: [ 3.6687495098581172e+02, 0., 3.7621769200552956e+02, 0.,
       3.6726361788508825e+02, 2.2399932895774910e+02, 0., 0., 1. ]
D2: !!opencv-matrix
   rows: 5
   cols: 1
   dt: d
   data: [ -2.2201337830972428e-02, -1.1445843221826492e-03,
       2.9199201696882579e-04, -7.1705872414221615e-04,
       5.1284674356775366e-04 ]
P2: !!opencv-matrix
   rows: 3
   cols: 4
   dt: f
   data: [ 3.64742157e+02, 0., 4.26658203e+02, -6.55343047e+04, 0.,
       3.64742157e+02, 2.33683487e+02, 0., 0., 0., 1., 0. ]
R2: !!opencv-matrix
   rows: 3
   cols: 3
   dt: f
   data: [ 9.96443570e-01, -5.97605333e-02, -5.94048575e-02,
       5.94968796e-02, 9.98209238e-01, -6.19874243e-03, 5.96689172e-02,
       2.64229323e-03, 9.98214722e-01 ]
