%YAML:1.0
---
Q: !!opencv-matrix
   rows: 4
   cols: 4
   dt: f
   data: [ 1., 0., 0., -4.26569305e+02, 0., 1., 0., -2.33686569e+02, 0.,
       0., 0., 3.64721863e+02, 0., 0., 5.58928540e-03, 0. ]
R: !!opencv-matrix
   rows: 3
   cols: 3
   dt: d
   data: [ 1.0008794601524664e+00, 9.2366395975167683e-03,
       -2.6716213551033824e-03, -9.6620884775769286e-03,
       1.0005624600166219e+00, -4.3234318360350840e-02,
       3.2834672107481750e-03, 4.3226507861726542e-02,
       1.0005249404997552e+00 ]
T: !!opencv-matrix
   rows: 3
   cols: 1
   dt: d
   data: [ -1.7817675228712847e+02, 1.0685963021370821e+01,
       1.0622306583194879e+01 ]
E: !!opencv-matrix
   rows: 0
   cols: 0
   dt: u
   data: []
F: !!opencv-matrix
   rows: 0
   cols: 0
   dt: u
   data: []
K1: !!opencv-matrix
   rows: 3
   cols: 3
   dt: d
   data: [ 3.6627756984521932e+02, 0., 3.8060969928433269e+02, 0.,
       3.6653175179255015e+02, 2.3878059668569790e+02, 0., 0., 1. ]
D1: !!opencv-matrix
   rows: 5
   cols: 1
   dt: d
   data: [ -2.1859934914563901e-02, -9.9468572971318997e-04,
       1.6448003429794193e-03, -3.1164985765511365e-04,
       3.5195408316194161e-04 ]
P1: !!opencv-matrix
   rows: 3
   cols: 4
   dt: f
   data: [ 3.64721863e+02, 0., 4.26569305e+02, 0., 0., 3.64721863e+02,
       2.33686569e+02, 0., 0., 0., 1., 0. ]
R1: !!opencv-matrix
   rows: 3
   cols: 3
   dt: f
   data: [ 9.96774852e-01, -4.94216830e-02, -6.32247850e-02,
       4.97006737e-02, 9.98760104e-01, 2.84663565e-03, 6.30057082e-02,
       -5.97976940e-03, 9.97995257e-01 ]
K2: !!opencv-matrix
   rows: 3
   cols: 3
   dt: d
   data: [ 3.6687495098581172e+02, 0., 3.7621769200552956e+02, 0.,
       3.6726361788508825e+02, 2.2399932895774910e+02, 0., 0., 1. ]
D2: !!opencv-matrix
   rows: 5
   cols: 1
   dt: d
   data: [ -2.2201337830972428e-02, -1.1445843221826492e-03,
       2.9199201696882579e-04, -7.1705872414221615e-04,
       5.1284674356775366e-04 ]
P2: !!opencv-matrix
   rows: 3
   cols: 4
   dt: f
   data: [ 3.64721863e+02, 0., 4.26569305e+02, -6.52537539e+04, 0.,
       3.64721863e+02, 2.33686569e+02, 0., 0., 0., 1., 0. ]
R2: !!opencv-matrix
   rows: 3
   cols: 3
   dt: f
   data: [ 9.96443570e-01, -5.97605370e-02, -5.94048575e-02,
       5.94973415e-02, 9.98209238e-01, -6.19106088e-03, 5.96684627e-02,
       2.63461168e-03, 9.98214781e-01 ]
