%YAML:1.0
---
Q: !!opencv-matrix
   rows: 4
   cols: 4
   dt: f
   data: [ 1., 0., 0., -4.26648102e+02, 0., 1., 0., -2.33684540e+02, 0.,
       0., 0., 3.64733032e+02, 0., 0., 5.57499379e-03, 0. ]
R: !!opencv-matrix
   rows: 3
   cols: 3
   dt: d
   data: [ 9.9805571591892928e-01, 1.0370038257303309e-02,
       -3.5680502121647152e-03, -9.5473002228717626e-03,
       1.0003082687378531e+00, 9.2634987319203371e-03,
       3.3836157796904949e-03, -9.2467382551792762e-03,
       1.0004139642083127e+00 ]
T: !!opencv-matrix
   rows: 3
   cols: 1
   dt: d
   data: [ -1.7847446774232577e+02, 1.0703797253080303e+01,
       1.0640091403735978e+01 ]
E: !!opencv-matrix
   rows: 0
   cols: 0
   dt: u
   data: []
F: !!opencv-matrix
   rows: 0
   cols: 0
   dt: u
   data: []
K1: !!opencv-matrix
   rows: 3
   cols: 3
   dt: d
   data: [ 3.6627756984521932e+02, 0., 3.8060969928433269e+02, 0.,
       3.6653175179255015e+02, 2.3878059668569790e+02, 0., 0., 1. ]
D1: !!opencv-matrix
   rows: 5
   cols: 1
   dt: d
   data: [ -2.1859934914563901e-02, -9.9468572971318997e-04,
       1.6448003429794193e-03, -3.1164985765511365e-04,
       3.5195408316194161e-04 ]
P1: !!opencv-matrix
   rows: 3
   cols: 4
   dt: f
   data: [ 3.64733032e+02, 0., 4.26648102e+02, 0., 0., 3.64733032e+02,
       2.33684540e+02, 0., 0., 0., 1., 0. ]
R1: !!opencv-matrix
   rows: 3
   cols: 3
   dt: f
   data: [ 9.96774316e-01, -4.91808951e-02, -6.34209067e-02,
       4.94611487e-02, 9.98771966e-01, 2.85559800e-03, 6.32025823e-02,
       -5.98325767e-03, 9.97982800e-01 ]
K2: !!opencv-matrix
   rows: 3
   cols: 3
   dt: d
   data: [ 3.6687495098581172e+02, 0., 3.7621769200552956e+02, 0.,
       3.6726361788508825e+02, 2.2399932895774910e+02, 0., 0., 1. ]
D2: !!opencv-matrix
   rows: 5
   cols: 1
   dt: d
   data: [ -2.2201337830972428e-02, -1.1445843221826492e-03,
       2.9199201696882579e-04, -7.1705872414221615e-04,
       5.1284674356775366e-04 ]
P2: !!opencv-matrix
   rows: 3
   cols: 4
   dt: f
   data: [ 3.64733032e+02, 0., 4.26648102e+02, -6.54230352e+04, 0.,
       3.64733032e+02, 2.33684540e+02, 0., 0., 0., 1., 0. ]
R2: !!opencv-matrix
   rows: 3
   cols: 3
   dt: f
   data: [ 9.96443570e-01, -5.97605333e-02, -5.94048575e-02,
       5.94969690e-02, 9.98209238e-01, -6.19728677e-03, 5.96688315e-02,
       2.64083734e-03, 9.98214722e-01 ]
