%YAML:1.0
---
Q: !!opencv-matrix
   rows: 4
   cols: 4
   dt: f
   data: [ 1., 0., 0., -4.05093384e+02, 0., 1., 0., -2.32961929e+02, 0.,
       0., 0., 3.78278595e+02, 0., 0., 5.75555209e-03, 0. ]
R: !!opencv-matrix
   rows: 3
   cols: 3
   dt: d
   data: [ 1.0021468104470135e+00, 9.6513370703976385e-03,
       4.8460876976495530e-02, -7.5095551026318685e-03,
       1.0010423854318424e+00, -4.3626096596201230e-02,
       -4.9228294098577492e-02, 4.3223885231298977e-02,
       9.9990567335419434e-01 ]
T: !!opencv-matrix
   rows: 3
   cols: 1
   dt: d
   data: [ -1.7530364166711445e+02, 1.0513641023374197e+01,
       1.0451157308395663e+01 ]
E: !!opencv-matrix
   rows: 0
   cols: 0
   dt: u
   data: []
F: !!opencv-matrix
   rows: 0
   cols: 0
   dt: u
   data: []
K1: !!opencv-matrix
   rows: 3
   cols: 3
   dt: d
   data: [ 3.6627756984521932e+02, 0., 3.8060969928433269e+02, 0.,
       3.6653175179255015e+02, 2.3878059668569790e+02, 0., 0., 1. ]
D1: !!opencv-matrix
   rows: 5
   cols: 1
   dt: d
   data: [ -2.1859934914563901e-02, -9.9468572971318997e-04,
       1.6448003429794193e-03, -3.1164985765511365e-04,
       3.5195408316194161e-04 ]
P1: !!opencv-matrix
   rows: 3
   cols: 4
   dt: f
   data: [ 3.78278595e+02, 0., 4.05093384e+02, 0., 0., 3.78278595e+02,
       2.32961929e+02, 0., 0., 0., 1., 0. ]
R1: !!opencv-matrix
   rows: 3
   cols: 3
   dt: f
   data: [ 9.98569548e-01, -5.27539775e-02, -8.71137995e-03,
       5.25588430e-02, 9.98390913e-01, -2.12860387e-02, 9.82028618e-03,
       2.07977295e-02, 9.99735475e-01 ]
K2: !!opencv-matrix
   rows: 3
   cols: 3
   dt: d
   data: [ 3.6687495098581172e+02, 0., 3.7621769200552956e+02, 0.,
       3.6726361788508825e+02, 2.2399932895774910e+02, 0., 0., 1. ]
D2: !!opencv-matrix
   rows: 5
   cols: 1
   dt: d
   data: [ -2.2201337830972428e-02, -1.1445843221826492e-03,
       2.9199201696882579e-04, -7.1705872414221615e-04,
       5.1284674356775366e-04 ]
P2: !!opencv-matrix
   rows: 3
   cols: 4
   dt: f
   data: [ 3.78278595e+02, 0., 4.05093384e+02, -6.57241250e+04, 0.,
       3.78278595e+02, 2.32961929e+02, 0., 0., 0., 1., 0. ]
R2: !!opencv-matrix
   rows: 3
   cols: 3
   dt: f
   data: [ 9.96443510e-01, -5.97605892e-02, -5.94054237e-02,
       6.09988868e-02, 9.97952104e-01, 1.92530919e-02, 5.81331961e-02,
       -2.28082836e-02, 9.98048246e-01 ]
