%YAML:1.0
---
Q: !!opencv-matrix
   rows: 4
   cols: 4
   dt: f
   data: [ 1., 0., 0., -3.82962036e+02, 0., 1., 0., -2.32164612e+02, 0.,
       0., 0., 3.61186035e+02, 0., 0., 5.56603679e-03, 0. ]
R: !!opencv-matrix
   rows: 3
   cols: 3
   dt: d
   data: [ 9.9995421226244974e-01, 9.7190055900214633e-03,
       -3.1511430876455335e-03, -9.6826633388270925e-03,
       9.9991966622126804e-01, 9.2346549627848207e-03,
       3.2433317653535786e-03, -9.2038126603714784e-03,
       9.9996197216821769e-01 ]
T: !!opencv-matrix
   rows: 3
   cols: 1
   dt: d
   data: [ -1.7934589492018731e+02, 1.0755948384225642e+01,
       7.2681516573908678e-01 ]
E: !!opencv-matrix
   rows: 0
   cols: 0
   dt: u
   data: []
F: !!opencv-matrix
   rows: 0
   cols: 0
   dt: u
   data: []
K1: !!opencv-matrix
   rows: 3
   cols: 3
   dt: d
   data: [ 3.6627756984521932e+02, 0., 3.8060969928433269e+02, 0.,
       3.6653175179255015e+02, 2.3878059668569790e+02, 0., 0., 1. ]
D1: !!opencv-matrix
   rows: 5
   cols: 1
   dt: d
   data: [ -2.1859934914563901e-02, -9.9468572971318997e-04,
       1.6448003429794193e-03, -3.1164985765511365e-04,
       3.5195408316194161e-04 ]
P1: !!opencv-matrix
   rows: 3
   cols: 4
   dt: f
   data: [ 3.61186035e+02, 0., 3.82962036e+02, 0., 0., 3.61186035e+02,
       2.32164612e+02, 0., 0., 0., 1., 0. ]
R1: !!opencv-matrix
   rows: 3
   cols: 3
   dt: f
   data: [ 9.98713195e-01, -5.01193739e-02, -7.74748856e-03,
       5.01541160e-02, 9.98731971e-01, 4.35672980e-03, 7.51930801e-03,
       -4.73969197e-03, 9.99960482e-01 ]
K2: !!opencv-matrix
   rows: 3
   cols: 3
   dt: d
   data: [ 3.6687495098581172e+02, 0., 3.7621769200552956e+02, 0.,
       3.6726361788508825e+02, 2.2399932895774910e+02, 0., 0., 1. ]
D2: !!opencv-matrix
   rows: 5
   cols: 1
   dt: d
   data: [ -2.2201337830972428e-02, -1.1445843221826492e-03,
       2.9199201696882579e-04, -7.1705872414221615e-04,
       5.1284674356775366e-04 ]
P2: !!opencv-matrix
   rows: 3
   cols: 4
   dt: f
   data: [ 3.61186035e+02, 0., 3.82962036e+02, -6.48910664e+04, 0.,
       3.61186035e+02, 2.32164612e+02, 0., 0., 0., 1., 0. ]
R2: !!opencv-matrix
   rows: 3
   cols: 3
   dt: f
   data: [ 9.98198271e-01, -5.98651506e-02, -4.04528808e-03,
       5.98461181e-02, 9.98196661e-01, -4.67288215e-03, 4.31773579e-03,
       4.42236802e-03, 9.99980927e-01 ]
