%YAML:1.0
---
Q: !!opencv-matrix
   rows: 4
   cols: 4
   dt: f
   data: [ 1., 0., 0., -3.82965057e+02, 0., 1., 0., -2.32164627e+02, 0.,
       0., 0., 3.61188446e+02, 0., 0., 5.56637300e-03, 0. ]
R: !!opencv-matrix
   rows: 3
   cols: 3
   dt: d
   data: [ 9.9993829162617875e-01, 9.7519732694553319e-03,
       -3.1668862964590993e-03, -9.6815098940525295e-03,
       9.9992164116628413e-01, 9.2356348401350791e-03,
       3.2434251238567199e-03, -9.2039826216366877e-03,
       9.9996598593421093e-01 ]
T: !!opencv-matrix
   rows: 3
   cols: 1
   dt: d
   data: [ -1.7932781313748123e+02, 1.0754864148549233e+01,
       7.2674231108295284e-01 ]
E: !!opencv-matrix
   rows: 0
   cols: 0
   dt: u
   data: []
F: !!opencv-matrix
   rows: 0
   cols: 0
   dt: u
   data: []
K1: !!opencv-matrix
   rows: 3
   cols: 3
   dt: d
   data: [ 3.6627756984521932e+02, 0., 3.8060969928433269e+02, 0.,
       3.6653175179255015e+02, 2.3878059668569790e+02, 0., 0., 1. ]
D1: !!opencv-matrix
   rows: 5
   cols: 1
   dt: d
   data: [ -2.1859934914563901e-02, -9.9468572971318997e-04,
       1.6448003429794193e-03, -3.1164985765511365e-04,
       3.5195408316194161e-04 ]
P1: !!opencv-matrix
   rows: 3
   cols: 4
   dt: f
   data: [ 3.61188446e+02, 0., 3.82965057e+02, 0., 0., 3.61188446e+02,
       2.32164627e+02, 0., 0., 0., 1., 0. ]
R1: !!opencv-matrix
   rows: 3
   cols: 3
   dt: f
   data: [ 9.98713970e-01, -5.01029789e-02, -7.75515800e-03,
       5.01377583e-02, 9.98732805e-01, 4.35672840e-03, 7.52704591e-03,
       -4.73995181e-03, 9.99960423e-01 ]
K2: !!opencv-matrix
   rows: 3
   cols: 3
   dt: d
   data: [ 3.6687495098581172e+02, 0., 3.7621769200552956e+02, 0.,
       3.6726361788508825e+02, 2.2399932895774910e+02, 0., 0., 1. ]
D2: !!opencv-matrix
   rows: 5
   cols: 1
   dt: d
   data: [ -2.2201337830972428e-02, -1.1445843221826492e-03,
       2.9199201696882579e-04, -7.1705872414221615e-04,
       5.1284674356775366e-04 ]
P2: !!opencv-matrix
   rows: 3
   cols: 4
   dt: f
   data: [ 3.61188446e+02, 0., 3.82965057e+02, -6.48875703e+04, 0.,
       3.61188446e+02, 2.32164627e+02, 0., 0., 0., 1., 0. ]
R2: !!opencv-matrix
   rows: 3
   cols: 3
   dt: f
   data: [ 9.98198271e-01, -5.98651543e-02, -4.04528994e-03,
       5.98461181e-02, 9.98196661e-01, -4.67301067e-03, 4.31774557e-03,
       4.42249607e-03, 9.99980927e-01 ]
