%YAML:1.0
---
Q: !!opencv-matrix
   rows: 4
   cols: 4
   dt: f
   data: [ 1., 0., 0., -3.82351563e+02, 0., 1., 0., -2.31849945e+02, 0.,
       0., 0., 3.58600800e+02, 0., 0., 5.55561762e-03, 0. ]
R: !!opencv-matrix
   rows: 3
   cols: 3
   dt: d
   data: [ 9.9994967542660407e-01, 9.7110981825578608e-03,
       -3.1510448579953739e-03, -9.6827531776720148e-03,
       9.9990967219941151e-01, 9.2346565089277688e-03,
       3.2433063603426382e-03, -9.2036587483401329e-03,
       9.9995146252115430e-01 ]
T: !!opencv-matrix
   rows: 3
   cols: 1
   dt: d
   data: [ -1.8000408116217434e+02, 7.9402600890051500e-01,
       7.2970436728945665e-01 ]
E: !!opencv-matrix
   rows: 0
   cols: 0
   dt: u
   data: []
F: !!opencv-matrix
   rows: 0
   cols: 0
   dt: u
   data: []
K1: !!opencv-matrix
   rows: 3
   cols: 3
   dt: d
   data: [ 3.6627756984521932e+02, 0., 3.8060969928433269e+02, 0.,
       3.6653175179255015e+02, 2.3878059668569790e+02, 0., 0., 1. ]
D1: !!opencv-matrix
   rows: 5
   cols: 1
   dt: d
   data: [ -2.1859934914563901e-02, -9.9468572971318997e-04,
       1.6448003429794193e-03, -3.1164985765511365e-04,
       3.5195408316194161e-04 ]
P1: !!opencv-matrix
   rows: 3
   cols: 4
   dt: f
   data: [ 3.58600800e+02, 0., 3.82351563e+02, 0., 0., 3.58600800e+02,
       2.31849945e+02, 0., 0., 0., 1., 0. ]
R1: !!opencv-matrix
   rows: 3
   cols: 3
   dt: f
   data: [ 9.99959469e-01, 5.33811795e-03, -7.24670524e-03,
       -5.30475285e-03, 9.99975264e-01, 4.61560162e-03, 7.27116456e-03,
       -4.57697269e-03, 9.99963105e-01 ]
K2: !!opencv-matrix
   rows: 3
   cols: 3
   dt: d
   data: [ 3.6687495098581172e+02, 0., 3.7621769200552956e+02, 0.,
       3.6726361788508825e+02, 2.2399932895774910e+02, 0., 0., 1. ]
D2: !!opencv-matrix
   rows: 5
   cols: 1
   dt: d
   data: [ -2.2201337830972428e-02, -1.1445843221826492e-03,
       2.9199201696882579e-04, -7.1705872414221615e-04,
       5.1284674356775366e-04 ]
P2: !!opencv-matrix
   rows: 3
   cols: 4
   dt: f
   data: [ 3.58600800e+02, 0., 3.82351563e+02, -6.45474219e+04, 0.,
       3.58600800e+02, 2.31849945e+02, 0., 0., 0., 1., 0. ]
R2: !!opencv-matrix
   rows: 3
   cols: 3
   dt: f
   data: [ 9.99982059e-01, -4.41107666e-03, -4.05374868e-03,
       4.39239759e-03, 9.99979734e-01, -4.60525742e-03, 4.07398073e-03,
       4.58736904e-03, 9.99981165e-01 ]
