%YAML:1.0
---
Q: !!opencv-matrix
   rows: 4
   cols: 4
   dt: f
   data: [ 1., 0., 0., -4.04976227e+02, 0., 1., 0., -2.33223831e+02, 0.,
       0., 0., 3.69085938e+02, 0., 0., 5.53313363e-03, 0. ]
R: !!opencv-matrix
   rows: 3
   cols: 3
   dt: d
   data: [ 1.0008172485702791e+00, -4.2827249740299680e-02,
       4.8816205720104686e-02, 4.5014561463262430e-02,
       1.0009732031536691e+00, -4.3684454663209457e-02,
       -4.6859323272715150e-02, 4.5781489586678124e-02,
       1.0007980271321779e+00 ]
T: !!opencv-matrix
   rows: 3
   cols: 1
   dt: d
   data: [ -1.8023693395155780e+02, 1.0809242545727161e+01,
       1.0744740390826815e+01 ]
E: !!opencv-matrix
   rows: 0
   cols: 0
   dt: u
   data: []
F: !!opencv-matrix
   rows: 0
   cols: 0
   dt: u
   data: []
K1: !!opencv-matrix
   rows: 3
   cols: 3
   dt: d
   data: [ 3.6627756984521932e+02, 0., 3.8060969928433269e+02, 0.,
       3.6653175179255015e+02, 2.3878059668569790e+02, 0., 0., 1. ]
D1: !!opencv-matrix
   rows: 5
   cols: 1
   dt: d
   data: [ -2.1859934914563901e-02, -9.9468572971318997e-04,
       1.6448003429794193e-03, -3.1164985765511365e-04,
       3.5195408316194161e-04 ]
P1: !!opencv-matrix
   rows: 3
   cols: 4
   dt: f
   data: [ 3.69085938e+02, 0., 4.04976227e+02, 0., 0., 3.69085938e+02,
       2.33223831e+02, 0., 0., 0., 1., 0. ]
R1: !!opencv-matrix
   rows: 3
   cols: 3
   dt: f
   data: [ 9.94446158e-01, -1.04929082e-01, -8.16927012e-03,
       1.04734719e-01, 9.94269967e-01, -2.13968158e-02, 1.03676086e-02,
       2.04223748e-02, 9.99737680e-01 ]
K2: !!opencv-matrix
   rows: 3
   cols: 3
   dt: d
   data: [ 3.6687495098581172e+02, 0., 3.7621769200552956e+02, 0.,
       3.6726361788508825e+02, 2.2399932895774910e+02, 0., 0., 1. ]
D2: !!opencv-matrix
   rows: 5
   cols: 1
   dt: d
   data: [ -2.2201337830972428e-02, -1.1445843221826492e-03,
       2.9199201696882579e-04, -7.1705872414221615e-04,
       5.1284674356775366e-04 ]
P2: !!opencv-matrix
   rows: 3
   cols: 4
   dt: f
   data: [ 3.69085938e+02, 0., 4.04976227e+02, -6.67046875e+04, 0.,
       3.69085938e+02, 2.33223831e+02, 0., 0., 0., 1., 0. ]
R2: !!opencv-matrix
   rows: 3
   cols: 3
   dt: f
   data: [ 9.96443748e-01, -5.97591288e-02, -5.94025292e-02,
       6.09909222e-02, 9.97954726e-01, 1.91425961e-02, 5.81370890e-02,
       -2.26975363e-02, 9.98050570e-01 ]
