%YAML:1.0
---
Q: !!opencv-matrix
   rows: 4
   cols: 4
   dt: f
   data: [ 1., 0., 0., -4.25994812e+02, 0., 1., 0., -2.31785751e+02, 0.,
       0., 0., 3.55989166e+02, 0., 0., 5.49097313e-03, 0. ]
R: !!opencv-matrix
   rows: 3
   cols: 3
   dt: d
   data: [ 1.0005607090669231e+00, 9.7418579098202951e-03,
       -3.1557180924144065e-03, -9.6888157240392191e-03,
       1.0005425373156978e+00, 9.2405518903161555e-03,
       3.2464989467066723e-03, -9.2107178433928974e-03,
       1.0005847112234980e+00 ]
T: !!opencv-matrix
   rows: 3
   cols: 1
   dt: d
   data: [ -1.8183891816516876e+02, 8.0207737916018407e-01,
       1.0839704102666813e+01 ]
E: !!opencv-matrix
   rows: 0
   cols: 0
   dt: u
   data: []
F: !!opencv-matrix
   rows: 0
   cols: 0
   dt: u
   data: []
K1: !!opencv-matrix
   rows: 3
   cols: 3
   dt: d
   data: [ 3.6627756984521932e+02, 0., 3.8060969928433269e+02, 0.,
       3.6653175179255015e+02, 2.3878059668569790e+02, 0., 0., 1. ]
D1: !!opencv-matrix
   rows: 5
   cols: 1
   dt: d
   data: [ -2.1859934914563901e-02, -9.9468572971318997e-04,
       1.6448003429794193e-03, -3.1164985765511365e-04,
       3.5195408316194161e-04 ]
P1: !!opencv-matrix
   rows: 3
   cols: 4
   dt: f
   data: [ 3.55989166e+02, 0., 4.25994812e+02, 0., 0., 3.55989166e+02,
       2.31785751e+02, 0., 0., 0., 1., 0. ]
R1: !!opencv-matrix
   rows: 3
   cols: 3
   dt: f
   data: [ 9.98015761e-01, 5.85159473e-03, -6.26921505e-02,
       -5.57178771e-03, 9.99973714e-01, 4.63709049e-03, 6.27176389e-02,
       -4.27858206e-03, 9.98022139e-01 ]
K2: !!opencv-matrix
   rows: 3
   cols: 3
   dt: d
   data: [ 3.6687495098581172e+02, 0., 3.7621769200552956e+02, 0.,
       3.6726361788508825e+02, 2.2399932895774910e+02, 0., 0., 1. ]
D2: !!opencv-matrix
   rows: 5
   cols: 1
   dt: d
   data: [ -2.2201337830972428e-02, -1.1445843221826492e-03,
       2.9199201696882579e-04, -7.1705872414221615e-04,
       5.1284674356775366e-04 ]
P2: !!opencv-matrix
   rows: 3
   cols: 4
   dt: f
   data: [ 3.55989166e+02, 0., 4.25994812e+02, -6.48317070e+04, 0.,
       3.55989166e+02, 2.31785751e+02, 0., 0., 0., 1., 0. ]
R2: !!opencv-matrix
   rows: 3
   cols: 3
   dt: f
   data: [ 9.98218298e-01, -4.40306356e-03, -5.95053621e-02,
       4.13750438e-03, 9.99980927e-01, -4.58524888e-03, 5.95244169e-02,
       4.33087535e-03, 9.98217463e-01 ]
