%YAML:1.0
---
Q: !!opencv-matrix
   rows: 4
   cols: 4
   dt: f
   data: [ 1., 0., 0., -4.26154816e+02, 0., 1., 0., -2.31782349e+02, 0.,
       0., 0., 3.56064178e+02, 0., 0., 5.49024902e-03, 0. ]
R: !!opencv-matrix
   rows: 3
   cols: 3
   dt: d
   data: [ 9.9853191293298260e-01, 1.0025465082483224e-02,
       -3.7968513168520289e-03, -9.6827617987239462e-03,
       1.0010903661119830e+00, 9.2484430726132837e-03,
       3.4019509594769848e-03, -9.2323600454191877e-03,
       1.0011719062799813e+00 ]
T: !!opencv-matrix
   rows: 3
   cols: 1
   dt: d
   data: [ -1.8181656858106382e+02, 8.0197878510943466e-01,
       1.0838371899816687e+01 ]
E: !!opencv-matrix
   rows: 0
   cols: 0
   dt: u
   data: []
F: !!opencv-matrix
   rows: 0
   cols: 0
   dt: u
   data: []
K1: !!opencv-matrix
   rows: 3
   cols: 3
   dt: d
   data: [ 3.6627756984521932e+02, 0., 3.8060969928433269e+02, 0.,
       3.6653175179255015e+02, 2.3878059668569790e+02, 0., 0., 1. ]
D1: !!opencv-matrix
   rows: 5
   cols: 1
   dt: d
   data: [ -2.1859934914563901e-02, -9.9468572971318997e-04,
       1.6448003429794193e-03, -3.1164985765511365e-04,
       3.5195408316194161e-04 ]
P1: !!opencv-matrix
   rows: 3
   cols: 4
   dt: f
   data: [ 3.56064178e+02, 0., 4.26154816e+02, 0., 0., 3.56064178e+02,
       2.31782349e+02, 0., 0., 0., 1., 0. ]
R1: !!opencv-matrix
   rows: 3
   cols: 3
   dt: f
   data: [ 9.97989714e-01, 5.99856395e-03, -6.30917624e-02,
       -5.71686262e-03, 9.99972880e-01, 4.64452477e-03, 6.31179139e-02,
       -4.27450100e-03, 9.97996926e-01 ]
K2: !!opencv-matrix
   rows: 3
   cols: 3
   dt: d
   data: [ 3.6687495098581172e+02, 0., 3.7621769200552956e+02, 0.,
       3.6726361788508825e+02, 2.2399932895774910e+02, 0., 0., 1. ]
D2: !!opencv-matrix
   rows: 5
   cols: 1
   dt: d
   data: [ -2.2201337830972428e-02, -1.1445843221826492e-03,
       2.9199201696882579e-04, -7.1705872414221615e-04,
       5.1284674356775366e-04 ]
P2: !!opencv-matrix
   rows: 3
   cols: 4
   dt: f
   data: [ 3.56064178e+02, 0., 4.26154816e+02, -6.48539180e+04, 0.,
       3.56064178e+02, 2.31782349e+02, 0., 0., 0., 1., 0. ]
R2: !!opencv-matrix
   rows: 3
   cols: 3
   dt: f
   data: [ 9.98218298e-01, -4.40306356e-03, -5.95053621e-02,
       4.13740287e-03, 9.99980927e-01, -4.58695320e-03, 5.95244244e-02,
       4.33258247e-03, 9.98217463e-01 ]
