%YAML:1.0
---
Q: !!opencv-matrix
   rows: 4
   cols: 4
   dt: f
   data: [ 1., 0., 0., -4.04424591e+02, 0., 1., 0., -2.31828690e+02, 0.,
       0., 0., 3.56196045e+02, 0., 0., 5.24594495e-03, 0. ]
R: !!opencv-matrix
   rows: 3
   cols: 3
   dt: d
   data: [ 1.0075895154088910e+00, 9.6022706725983724e-03,
       -5.2429975420652834e-03, -9.7012294088818646e-03,
       9.9702446381372090e-01, 9.2172906978544942e-03,
       2.8987876355614705e-03, -9.1744348648088135e-03,
       9.9713268493944240e-01 ]
T: !!opencv-matrix
   rows: 3
   cols: 1
   dt: d
   data: [ -1.8870738289619058e+02, 8.3245915325110942e-01,
       6.0072883349168515e+00 ]
E: !!opencv-matrix
   rows: 0
   cols: 0
   dt: u
   data: []
F: !!opencv-matrix
   rows: 0
   cols: 0
   dt: u
   data: []
K1: !!opencv-matrix
   rows: 3
   cols: 3
   dt: d
   data: [ 3.6627756984521932e+02, 0., 3.8060969928433269e+02, 0.,
       3.6653175179255015e+02, 2.3878059668569790e+02, 0., 0., 1. ]
D1: !!opencv-matrix
   rows: 5
   cols: 1
   dt: d
   data: [ -2.1859934914563901e-02, -9.9468572971318997e-04,
       1.6448003429794193e-03, -3.1164985765511365e-04,
       3.5195408316194161e-04 ]
P1: !!opencv-matrix
   rows: 3
   cols: 4
   dt: f
   data: [ 3.56196045e+02, 0., 4.04424591e+02, 0., 0., 3.56196045e+02,
       2.31828690e+02, 0., 0., 0., 1., 0. ]
R1: !!opencv-matrix
   rows: 3
   cols: 3
   dt: f
   data: [ 9.99342144e-01, 5.52847236e-03, -3.58422399e-02,
       -5.36614051e-03, 9.99974906e-01, 4.62368969e-03, 3.58669013e-02,
       -4.42831358e-03, 9.99346793e-01 ]
K2: !!opencv-matrix
   rows: 3
   cols: 3
   dt: d
   data: [ 3.6687495098581172e+02, 0., 3.7621769200552956e+02, 0.,
       3.6726361788508825e+02, 2.2399932895774910e+02, 0., 0., 1. ]
D2: !!opencv-matrix
   rows: 5
   cols: 1
   dt: d
   data: [ -2.2201337830972428e-02, -1.1445843221826492e-03,
       2.9199201696882579e-04, -7.1705872414221615e-04,
       5.1284674356775366e-04 ]
P2: !!opencv-matrix
   rows: 3
   cols: 4
   dt: f
   data: [ 3.56196045e+02, 0., 4.04424591e+02, -6.78993125e+04, 0.,
       3.56196045e+02, 2.31828690e+02, 0., 0., 0., 1., 0. ]
R2: !!opencv-matrix
   rows: 3
   cols: 3
   dt: f
   data: [ 9.99483943e-01, -4.40909853e-03, -3.18174474e-02,
       4.26500523e-03, 9.99980330e-01, -4.59519867e-03, 3.18370797e-02,
       4.45712591e-03, 9.99483109e-01 ]
