%YAML:1.0
---
Q: !!opencv-matrix
   rows: 4
   cols: 4
   dt: f
   data: [ 1., 0., 0., -4.48475708e+02, 0., 1., 0., -2.31705215e+02, 0.,
       0., 0., 3.55726227e+02, 0., 0., 5.58367046e-03, 0. ]
R: !!opencv-matrix
   rows: 3
   cols: 3
   dt: d
   data: [ 9.9734038299083527e-01, 1.0418371582794496e-02,
       -3.9747901227001172e-03, -9.6837511891118607e-03,
       1.0022732482133094e+00, 9.2601280421013704e-03,
       3.6855591286111150e-03, -9.2849726353839770e-03,
       1.0023897731912592e+00 ]
T: !!opencv-matrix
   rows: 3
   cols: 1
   dt: d
   data: [ -1.7788061261570513e+02, 7.8469773251199970e-01,
       1.5544578776619103e+01 ]
E: !!opencv-matrix
   rows: 0
   cols: 0
   dt: u
   data: []
F: !!opencv-matrix
   rows: 0
   cols: 0
   dt: u
   data: []
K1: !!opencv-matrix
   rows: 3
   cols: 3
   dt: d
   data: [ 3.6627756984521932e+02, 0., 3.8060969928433269e+02, 0.,
       3.6653175179255015e+02, 2.3878059668569790e+02, 0., 0., 1. ]
D1: !!opencv-matrix
   rows: 5
   cols: 1
   dt: d
   data: [ -2.1859934914563901e-02, -9.9468572971318997e-04,
       1.6448003429794193e-03, -3.1164985765511365e-04,
       3.5195408316194161e-04 ]
P1: !!opencv-matrix
   rows: 3
   cols: 4
   dt: f
   data: [ 3.55726227e+02, 0., 4.48475708e+02, 0., 0., 3.55726227e+02,
       2.31705215e+02, 0., 0., 0., 1., 0. ]
R1: !!opencv-matrix
   rows: 3
   cols: 3
   dt: f
   data: [ 9.95829821e-01, 6.59643905e-03, -9.09916312e-02,
       -6.19549677e-03, 9.99969840e-01, 4.68811905e-03, 9.10198092e-02,
       -4.10483032e-03, 9.95840609e-01 ]
K2: !!opencv-matrix
   rows: 3
   cols: 3
   dt: d
   data: [ 3.6687495098581172e+02, 0., 3.7621769200552956e+02, 0.,
       3.6726361788508825e+02, 2.2399932895774910e+02, 0., 0., 1. ]
D2: !!opencv-matrix
   rows: 5
   cols: 1
   dt: d
   data: [ -2.2201337830972428e-02, -1.1445843221826492e-03,
       2.9199201696882579e-04, -7.1705872414221615e-04,
       5.1284674356775366e-04 ]
P2: !!opencv-matrix
   rows: 3
   cols: 4
   dt: f
   data: [ 3.55726227e+02, 0., 4.48475708e+02, -6.37083125e+04, 0.,
       3.55726227e+02, 2.31705215e+02, 0., 0., 0., 1., 0. ]
R2: !!opencv-matrix
   rows: 3
   cols: 3
   dt: f
   data: [ 9.96193826e-01, -4.39458247e-03, -8.70550945e-02,
       4.01103962e-03, 9.99981463e-01, -4.58018249e-03, 8.70736092e-02,
       4.21356829e-03, 9.96192992e-01 ]
