%YAML:1.0
---
Q: !!opencv-matrix
   rows: 4
   cols: 4
   dt: f
   data: [ 1., 0., 0., -4.48169678e+02, 0., 1., 0., -2.31719803e+02, 0.,
       0., 0., 3.55464264e+02, 0., 0., 5.60758030e-03, 0. ]
R: !!opencv-matrix
   rows: 3
   cols: 3
   dt: d
   data: [ 1.0012225974033335e+00, 9.7475097959208688e-03,
       -3.1671878218614701e-03, -9.6953209825504545e-03,
       1.0012222950374112e+00, 9.2468470835755066e-03,
       3.2507844364526844e-03, -9.2175417393351618e-03,
       1.0012655773529200e+00 ]
T: !!opencv-matrix
   rows: 3
   cols: 1
   dt: d
   data: [ -1.7770295382035243e+02, 7.8391392905361124e-01,
       1.5529052530550302e+01 ]
E: !!opencv-matrix
   rows: 0
   cols: 0
   dt: u
   data: []
F: !!opencv-matrix
   rows: 0
   cols: 0
   dt: u
   data: []
K1: !!opencv-matrix
   rows: 3
   cols: 3
   dt: d
   data: [ 3.6627756984521932e+02, 0., 3.8060969928433269e+02, 0.,
       3.6653175179255015e+02, 2.3878059668569790e+02, 0., 0., 1. ]
D1: !!opencv-matrix
   rows: 5
   cols: 1
   dt: d
   data: [ -2.1859934914563901e-02, -9.9468572971318997e-04,
       1.6448003429794193e-03, -3.1164985765511365e-04,
       3.5195408316194161e-04 ]
P1: !!opencv-matrix
   rows: 3
   cols: 4
   dt: f
   data: [ 3.55464264e+02, 0., 4.48169678e+02, 0., 0., 3.55464264e+02,
       2.31719803e+02, 0., 0., 0., 1., 0. ]
R1: !!opencv-matrix
   rows: 3
   cols: 3
   dt: f
   data: [ 9.95900989e-01, 6.09146571e-03, -9.02449712e-02,
       -5.69474883e-03, 9.99972939e-01, 4.65283263e-03, 9.02708694e-02,
       -4.11983812e-03, 9.95908737e-01 ]
K2: !!opencv-matrix
   rows: 3
   cols: 3
   dt: d
   data: [ 3.6687495098581172e+02, 0., 3.7621769200552956e+02, 0.,
       3.6726361788508825e+02, 2.2399932895774910e+02, 0., 0., 1. ]
D2: !!opencv-matrix
   rows: 5
   cols: 1
   dt: d
   data: [ -2.2201337830972428e-02, -1.1445843221826492e-03,
       2.9199201696882579e-04, -7.1705872414221615e-04,
       5.1284674356775366e-04 ]
P2: !!opencv-matrix
   rows: 3
   cols: 4
   dt: f
   data: [ 3.55464264e+02, 0., 4.48169678e+02, -6.33899531e+04, 0.,
       3.55464264e+02, 2.31719803e+02, 0., 0., 0., 1., 0. ]
R2: !!opencv-matrix
   rows: 3
   cols: 3
   dt: f
   data: [ 9.96193826e-01, -4.39458154e-03, -8.70550796e-02,
       4.01193043e-03, 9.99981523e-01, -4.56998404e-03, 8.70735496e-02,
       4.20333073e-03, 9.96192992e-01 ]
