%YAML:1.0
---
Q: !!opencv-matrix
   rows: 4
   cols: 4
   dt: f
   data: [ 1., 0., 0., -4.04101593e+02, 0., 1., 0., -2.31829086e+02, 0.,
       0., 0., 3.56242279e+02, 0., 0., 5.36201149e-03, 0. ]
R: !!opencv-matrix
   rows: 3
   cols: 3
   dt: d
   data: [ 9.9988154311074018e-01, 9.7287106504924514e-03,
       -3.1624880662064836e-03, -9.6820152411426341e-03,
       9.9982911795279195e-01, 9.2339802447824471e-03,
       3.2425613841265046e-03, -9.2034115851575143e-03,
       9.9987138207112647e-01 ]
T: !!opencv-matrix
   rows: 3
   cols: 1
   dt: d
   data: [ -1.8641842171475068e+02, 8.2236165417908624e-01,
       5.9344207850417661e+00 ]
E: !!opencv-matrix
   rows: 0
   cols: 0
   dt: u
   data: []
F: !!opencv-matrix
   rows: 0
   cols: 0
   dt: u
   data: []
K1: !!opencv-matrix
   rows: 3
   cols: 3
   dt: d
   data: [ 3.6627756984521932e+02, 0., 3.8060969928433269e+02, 0.,
       3.6653175179255015e+02, 2.3878059668569790e+02, 0., 0., 1. ]
D1: !!opencv-matrix
   rows: 5
   cols: 1
   dt: d
   data: [ -2.1859934914563901e-02, -9.9468572971318997e-04,
       1.6448003429794193e-03, -3.1164985765511365e-04,
       3.5195408316194161e-04 ]
P1: !!opencv-matrix
   rows: 3
   cols: 4
   dt: f
   data: [ 3.56242279e+02, 0., 4.04101593e+02, 0., 0., 3.56242279e+02,
       2.31829086e+02, 0., 0., 0., 1., 0. ]
R1: !!opencv-matrix
   rows: 3
   cols: 3
   dt: f
   data: [ 9.99370873e-01, 5.59630198e-03, -3.50225344e-02,
       -5.43761998e-03, 9.99974549e-01, 4.62446408e-03, 3.50475237e-02,
       -4.43111546e-03, 9.99375820e-01 ]
K2: !!opencv-matrix
   rows: 3
   cols: 3
   dt: d
   data: [ 3.6687495098581172e+02, 0., 3.7621769200552956e+02, 0.,
       3.6726361788508825e+02, 2.2399932895774910e+02, 0., 0., 1. ]
D2: !!opencv-matrix
   rows: 5
   cols: 1
   dt: d
   data: [ -2.2201337830972428e-02, -1.1445843221826492e-03,
       2.9199201696882579e-04, -7.1705872414221615e-04,
       5.1284674356775366e-04 ]
P2: !!opencv-matrix
   rows: 3
   cols: 4
   dt: f
   data: [ 3.56242279e+02, 0., 4.04101593e+02, -6.64381797e+04, 0.,
       3.56242279e+02, 2.31829086e+02, 0., 0., 0., 1., 0. ]
R2: !!opencv-matrix
   rows: 3
   cols: 3
   dt: f
   data: [ 9.99483943e-01, -4.40909853e-03, -3.18174362e-02,
       4.26494936e-03, 9.99980330e-01, -4.59695375e-03, 3.18370797e-02,
       4.45888191e-03, 9.99483109e-01 ]
