%YAML:1.0
---
Q: !!opencv-matrix
   rows: 4
   cols: 4
   dt: f
   data: [ 1., 0., 0., -4.25994598e+02, 0., 1., 0., -2.31785751e+02, 0.,
       0., 0., 3.55989319e+02, 0., 0., 5.48836822e-03, 0. ]
R: !!opencv-matrix
   rows: 3
   cols: 3
   dt: d
   data: [ 1.0005557632562303e+00, 9.7421495078817786e-03,
       -3.1549752230936924e-03, -9.6887690776241899e-03,
       1.0005378262835245e+00, 9.2405051823165659e-03,
       3.2464977409519323e-03, -9.2106946211302949e-03,
       1.0005799580633767e+00 ]
T: !!opencv-matrix
   rows: 3
   cols: 1
   dt: d
   data: [ -1.8187888228397819e+02, 8.0225366375793017e-01,
       1.0842086516921055e+01 ]
E: !!opencv-matrix
   rows: 0
   cols: 0
   dt: u
   data: []
F: !!opencv-matrix
   rows: 0
   cols: 0
   dt: u
   data: []
K1: !!opencv-matrix
   rows: 3
   cols: 3
   dt: d
   data: [ 3.6627756984521932e+02, 0., 3.8060969928433269e+02, 0.,
       3.6653175179255015e+02, 2.3878059668569790e+02, 0., 0., 1. ]
D1: !!opencv-matrix
   rows: 5
   cols: 1
   dt: d
   data: [ -2.1859934914563901e-02, -9.9468572971318997e-04,
       1.6448003429794193e-03, -3.1164985765511365e-04,
       3.5195408316194161e-04 ]
P1: !!opencv-matrix
   rows: 3
   cols: 4
   dt: f
   data: [ 3.55989319e+02, 0., 4.25994598e+02, 0., 0., 3.55989319e+02,
       2.31785751e+02, 0., 0., 0., 1., 0. ]
R1: !!opencv-matrix
   rows: 3
   cols: 3
   dt: f
   data: [ 9.98015761e-01, 5.85192209e-03, -6.26916215e-02,
       -5.57211693e-03, 9.99973714e-01, 4.63710539e-03, 6.27171099e-02,
       -4.27857926e-03, 9.98022199e-01 ]
K2: !!opencv-matrix
   rows: 3
   cols: 3
   dt: d
   data: [ 3.6687495098581172e+02, 0., 3.7621769200552956e+02, 0.,
       3.6726361788508825e+02, 2.2399932895774910e+02, 0., 0., 1. ]
D2: !!opencv-matrix
   rows: 5
   cols: 1
   dt: d
   data: [ -2.2201337830972428e-02, -1.1445843221826492e-03,
       2.9199201696882579e-04, -7.1705872414221615e-04,
       5.1284674356775366e-04 ]
P2: !!opencv-matrix
   rows: 3
   cols: 4
   dt: f
   data: [ 3.55989319e+02, 0., 4.25994598e+02, -6.48625078e+04, 0.,
       3.55989319e+02, 2.31785751e+02, 0., 0., 0., 1., 0. ]
R2: !!opencv-matrix
   rows: 3
   cols: 3
   dt: f
   data: [ 9.98218298e-01, -4.40306356e-03, -5.95053621e-02,
       4.13750438e-03, 9.99980927e-01, -4.58525494e-03, 5.95244169e-02,
       4.33088141e-03, 9.98217463e-01 ]
