%YAML:1.0
---
Q: !!opencv-matrix
   rows: 4
   cols: 4
   dt: f
   data: [ 1., 0., 0., -4.26255920e+02, 0., 1., 0., -2.31775848e+02, 0.,
       0., 0., 3.56239746e+02, 0., 0., 5.46085415e-03, 0. ]
R: !!opencv-matrix
   rows: 3
   cols: 3
   dt: d
   data: [ 9.9675655190084211e-01, 1.0357230249148598e-02,
       -3.9731076052673476e-03, -9.6773994351460682e-03,
       1.0015571223464426e+00, 9.2535380933188964e-03,
       3.5372127445095825e-03, -9.2561754295786107e-03,
       1.0016505444575066e+00 ]
T: !!opencv-matrix
   rows: 3
   cols: 1
   dt: d
   data: [ -1.8217772183439226e+02, 8.0357178345376146e-01,
       1.0859900663385419e+01 ]
E: !!opencv-matrix
   rows: 0
   cols: 0
   dt: u
   data: []
F: !!opencv-matrix
   rows: 0
   cols: 0
   dt: u
   data: []
K1: !!opencv-matrix
   rows: 3
   cols: 3
   dt: d
   data: [ 3.6627756984521932e+02, 0., 3.8060969928433269e+02, 0.,
       3.6653175179255015e+02, 2.3878059668569790e+02, 0., 0., 1. ]
D1: !!opencv-matrix
   rows: 5
   cols: 1
   dt: d
   data: [ -2.1859934914563901e-02, -9.9468572971318997e-04,
       1.6448003429794193e-03, -3.1164985765511365e-04,
       3.5195408316194161e-04 ]
P1: !!opencv-matrix
   rows: 3
   cols: 4
   dt: f
   data: [ 3.56239746e+02, 0., 4.26255920e+02, 0., 0., 3.56239746e+02,
       2.31775848e+02, 0., 0., 0., 1., 0. ]
R1: !!opencv-matrix
   rows: 3
   cols: 3
   dt: f
   data: [ 9.97971773e-01, 6.31871168e-03, -6.33436739e-02,
       -6.03558682e-03, 9.99970913e-01, 4.66001639e-03, 6.33712783e-02,
       -4.26824857e-03, 9.97980893e-01 ]
K2: !!opencv-matrix
   rows: 3
   cols: 3
   dt: d
   data: [ 3.6687495098581172e+02, 0., 3.7621769200552956e+02, 0.,
       3.6726361788508825e+02, 2.2399932895774910e+02, 0., 0., 1. ]
D2: !!opencv-matrix
   rows: 5
   cols: 1
   dt: d
   data: [ -2.2201337830972428e-02, -1.1445843221826492e-03,
       2.9199201696882579e-04, -7.1705872414221615e-04,
       5.1284674356775366e-04 ]
P2: !!opencv-matrix
   rows: 3
   cols: 4
   dt: f
   data: [ 3.56239746e+02, 0., 4.26255920e+02, -6.52351680e+04, 0.,
       3.56239746e+02, 2.31775848e+02, 0., 0., 0., 1., 0. ]
R2: !!opencv-matrix
   rows: 3
   cols: 3
   dt: f
   data: [ 9.98218298e-01, -4.40306310e-03, -5.95053621e-02,
       4.13712626e-03, 9.99980927e-01, -4.59158886e-03, 5.95244430e-02,
       4.33722697e-03, 9.98217404e-01 ]
