%YAML:1.0
---
Q: !!opencv-matrix
   rows: 4
   cols: 4
   dt: f
   data: [ 1., 0., 0., -4.04198792e+02, 0., 1., 0., -2.31829834e+02, 0.,
       0., 0., 3.56186523e+02, 0., 0., 5.35232527e-03, 0. ]
R: !!opencv-matrix
   rows: 3
   cols: 3
   dt: d
   data: [ 9.9991465734376972e-01, 9.6901747721159538e-03,
       -3.2946887971019197e-03, -9.6822537151477813e-03,
       9.9984682727278495e-01, 9.2347253135685922e-03,
       3.2421226541768065e-03, -9.2023387484515152e-03,
       9.9989312996050472e-01 ]
T: !!opencv-matrix
   rows: 3
   cols: 1
   dt: d
   data: [ -1.8617889727635560e+02, 8.2130448594783290e-01,
       5.9267866677931371e+00 ]
E: !!opencv-matrix
   rows: 0
   cols: 0
   dt: u
   data: []
F: !!opencv-matrix
   rows: 0
   cols: 0
   dt: u
   data: []
K1: !!opencv-matrix
   rows: 3
   cols: 3
   dt: d
   data: [ 3.6627756984521932e+02, 0., 3.8060969928433269e+02, 0.,
       3.6653175179255015e+02, 2.3878059668569790e+02, 0., 0., 1. ]
D1: !!opencv-matrix
   rows: 5
   cols: 1
   dt: d
   data: [ -2.1859934914563901e-02, -9.9468572971318997e-04,
       1.6448003429794193e-03, -3.1164985765511365e-04,
       3.5195408316194161e-04 ]
P1: !!opencv-matrix
   rows: 3
   cols: 4
   dt: f
   data: [ 3.56186523e+02, 0., 4.04198792e+02, 0., 0., 3.56186523e+02,
       2.31829834e+02, 0., 0., 0., 1., 0. ]
R1: !!opencv-matrix
   rows: 3
   cols: 3
   dt: f
   data: [ 9.99362707e-01, 5.50170243e-03, -3.52694243e-02,
       -5.34194428e-03, 9.99975026e-01, 4.62227967e-03, 3.52939740e-02,
       -4.43092640e-03, 9.99367177e-01 ]
K2: !!opencv-matrix
   rows: 3
   cols: 3
   dt: d
   data: [ 3.6687495098581172e+02, 0., 3.7621769200552956e+02, 0.,
       3.6726361788508825e+02, 2.2399932895774910e+02, 0., 0., 1. ]
D2: !!opencv-matrix
   rows: 5
   cols: 1
   dt: d
   data: [ -2.2201337830972428e-02, -1.1445843221826492e-03,
       2.9199201696882579e-04, -7.1705872414221615e-04,
       5.1284674356775366e-04 ]
P2: !!opencv-matrix
   rows: 3
   cols: 4
   dt: f
   data: [ 3.56186523e+02, 0., 4.04198792e+02, -66548., 0.,
       3.56186523e+02, 2.31829834e+02, 0., 0., 0., 1., 0. ]
R2: !!opencv-matrix
   rows: 3
   cols: 3
   dt: f
   data: [ 9.99483943e-01, -4.40909900e-03, -3.18174548e-02,
       4.26498754e-03, 9.99980330e-01, -4.59577655e-03, 3.18370908e-02,
       4.45770426e-03, 9.99483109e-01 ]
