%YAML:1.0
---
Q: !!opencv-matrix
   rows: 4
   cols: 4
   dt: f
   data: [ 1., 0., 0., -4.48207306e+02, 0., 1., 0., -2.31720352e+02, 0.,
       0., 0., 3.55446716e+02, 0., 0., 5.61999669e-03, 0. ]
R: !!opencv-matrix
   rows: 3
   cols: 3
   dt: d
   data: [ 1.0012558232092525e+00, 9.7164427069202572e-03,
       -3.2521350410802839e-03, -9.6955763713201075e-03,
       1.0012430816988855e+00, 9.2474123795396428e-03,
       3.2497526032720112e-03, -9.2149977551908412e-03,
       1.0012936464184354e+00 ]
T: !!opencv-matrix
   rows: 3
   cols: 1
   dt: d
   data: [ -1.7745710677327963e+02, 7.8282887447771954e-01,
       1.5507560399215514e+01 ]
E: !!opencv-matrix
   rows: 0
   cols: 0
   dt: u
   data: []
F: !!opencv-matrix
   rows: 0
   cols: 0
   dt: u
   data: []
K1: !!opencv-matrix
   rows: 3
   cols: 3
   dt: d
   data: [ 3.6627756984521932e+02, 0., 3.8060969928433269e+02, 0.,
       3.6653175179255015e+02, 2.3878059668569790e+02, 0., 0., 1. ]
D1: !!opencv-matrix
   rows: 5
   cols: 1
   dt: d
   data: [ -2.1859934914563901e-02, -9.9468572971318997e-04,
       1.6448003429794193e-03, -3.1164985765511365e-04,
       3.5195408316194161e-04 ]
P1: !!opencv-matrix
   rows: 3
   cols: 4
   dt: f
   data: [ 3.55446716e+02, 0., 4.48207306e+02, 0., 0., 3.55446716e+02,
       2.31720352e+02, 0., 0., 0., 1., 0. ]
R1: !!opencv-matrix
   rows: 3
   cols: 3
   dt: f
   data: [ 9.95892763e-01, 6.06497051e-03, -9.03371945e-02,
       -5.66791557e-03, 9.99973118e-01, 4.65114601e-03, 9.03629810e-02,
       -4.12001926e-03, 9.95900393e-01 ]
K2: !!opencv-matrix
   rows: 3
   cols: 3
   dt: d
   data: [ 3.6687495098581172e+02, 0., 3.7621769200552956e+02, 0.,
       3.6726361788508825e+02, 2.2399932895774910e+02, 0., 0., 1. ]
D2: !!opencv-matrix
   rows: 5
   cols: 1
   dt: d
   data: [ -2.2201337830972428e-02, -1.1445843221826492e-03,
       2.9199201696882579e-04, -7.1705872414221615e-04,
       5.1284674356775366e-04 ]
P2: !!opencv-matrix
   rows: 3
   cols: 4
   dt: f
   data: [ 3.55446716e+02, 0., 4.48207306e+02, -6.32467852e+04, 0.,
       3.55446716e+02, 2.31720352e+02, 0., 0., 0., 1., 0. ]
R2: !!opencv-matrix
   rows: 3
   cols: 3
   dt: f
   data: [ 9.96193826e-01, -4.39456757e-03, -8.70548934e-02,
       4.01198212e-03, 9.99981523e-01, -4.56924038e-03, 8.70733634e-02,
       4.20258613e-03, 9.96193051e-01 ]
