%YAML:1.0
---
Q: !!opencv-matrix
   rows: 4
   cols: 4
   dt: f
   data: [ 1., 0., 0., -4.04404297e+02, 0., 1., 0., -2.31829330e+02, 0.,
       0., 0., 3.56169220e+02, 0., 0., 5.34231449e-03, 0. ]
R: !!opencv-matrix
   rows: 3
   cols: 3
   dt: d
   data: [ 9.9982663672588246e-01, 9.4021010173769345e-03,
       -4.0503933559952439e-03, -9.6812986976427973e-03,
       9.9974057803087335e-01, 9.2370673930512147e-03,
       3.2411528614102038e-03, -9.1922144527615424e-03,
       9.9980967577887037e-01 ]
T: !!opencv-matrix
   rows: 3
   cols: 1
   dt: d
   data: [ -1.8667970935127281e+02, 8.2351428935981108e-01,
       5.9427396081295774e+00 ]
E: !!opencv-matrix
   rows: 0
   cols: 0
   dt: u
   data: []
F: !!opencv-matrix
   rows: 0
   cols: 0
   dt: u
   data: []
K1: !!opencv-matrix
   rows: 3
   cols: 3
   dt: d
   data: [ 3.6627756984521932e+02, 0., 3.8060969928433269e+02, 0.,
       3.6653175179255015e+02, 2.3878059668569790e+02, 0., 0., 1. ]
D1: !!opencv-matrix
   rows: 5
   cols: 1
   dt: d
   data: [ -2.1859934914563901e-02, -9.9468572971318997e-04,
       1.6448003429794193e-03, -3.1164985765511365e-04,
       3.5195408316194161e-04 ]
P1: !!opencv-matrix
   rows: 3
   cols: 4
   dt: f
   data: [ 3.56169220e+02, 0., 4.04404297e+02, 0., 0., 3.56169220e+02,
       2.31829330e+02, 0., 0., 0., 1., 0. ]
R1: !!opencv-matrix
   rows: 3
   cols: 3
   dt: f
   data: [ 9.99344289e-01, 5.48000075e-03, -3.57909277e-02,
       -5.31791430e-03, 9.99975204e-01, 4.62233508e-03, 3.58153693e-02,
       -4.42897109e-03, 9.99348581e-01 ]
K2: !!opencv-matrix
   rows: 3
   cols: 3
   dt: d
   data: [ 3.6687495098581172e+02, 0., 3.7621769200552956e+02, 0.,
       3.6726361788508825e+02, 2.2399932895774910e+02, 0., 0., 1. ]
D2: !!opencv-matrix
   rows: 5
   cols: 1
   dt: d
   data: [ -2.2201337830972428e-02, -1.1445843221826492e-03,
       2.9199201696882579e-04, -7.1705872414221615e-04,
       5.1284674356775366e-04 ]
P2: !!opencv-matrix
   rows: 3
   cols: 4
   dt: f
   data: [ 3.56169220e+02, 0., 4.04404297e+02, -6.66694531e+04, 0.,
       3.56169220e+02, 2.31829330e+02, 0., 0., 0., 1., 0. ]
R2: !!opencv-matrix
   rows: 3
   cols: 3
   dt: f
   data: [ 9.99483943e-01, -4.40909946e-03, -3.18174586e-02,
       4.26501734e-03, 9.99980330e-01, -4.59484756e-03, 3.18370908e-02,
       4.45677433e-03, 9.99483109e-01 ]
