%YAML:1.0
---
Q: !!opencv-matrix
   rows: 4
   cols: 4
   dt: f
   data: [ 1., 0., 0., -4.04435883e+02, 0., 1., 0., -2.31828735e+02, 0.,
       0., 0., 3.56191498e+02, 0., 0., 5.29647525e-03, 0. ]
R: !!opencv-matrix
   rows: 3
   cols: 3
   dt: d
   data: [ 1.0043434648671166e+00, 9.5073989309843385e-03,
       -4.9280741869207742e-03, -9.6933746736786071e-03,
       9.9825117468570412e-01, 9.2272093344706093e-03,
       3.0451369598989428e-03, -9.1823226426300426e-03,
       9.9834882760768118e-01 ]
T: !!opencv-matrix
   rows: 3
   cols: 1
   dt: d
   data: [ -1.8708819052226690e+02, 8.2531634769544548e-01,
       5.9557440580779923e+00 ]
E: !!opencv-matrix
   rows: 0
   cols: 0
   dt: u
   data: []
F: !!opencv-matrix
   rows: 0
   cols: 0
   dt: u
   data: []
K1: !!opencv-matrix
   rows: 3
   cols: 3
   dt: d
   data: [ 3.6627756984521932e+02, 0., 3.8060969928433269e+02, 0.,
       3.6653175179255015e+02, 2.3878059668569790e+02, 0., 0., 1. ]
D1: !!opencv-matrix
   rows: 5
   cols: 1
   dt: d
   data: [ -2.1859934914563901e-02, -9.9468572971318997e-04,
       1.6448003429794193e-03, -3.1164985765511365e-04,
       3.5195408316194161e-04 ]
P1: !!opencv-matrix
   rows: 3
   cols: 4
   dt: f
   data: [ 3.56191498e+02, 0., 4.04435883e+02, 0., 0., 3.56191498e+02,
       2.31828735e+02, 0., 0., 0., 1., 0. ]
R1: !!opencv-matrix
   rows: 3
   cols: 3
   dt: f
   data: [ 9.99341190e-01, 5.52089885e-03, -3.58709283e-02,
       -5.35844080e-03, 9.99974966e-01, 4.62352298e-03, 3.58955562e-02,
       -4.42826468e-03, 9.99345720e-01 ]
K2: !!opencv-matrix
   rows: 3
   cols: 3
   dt: d
   data: [ 3.6687495098581172e+02, 0., 3.7621769200552956e+02, 0.,
       3.6726361788508825e+02, 2.2399932895774910e+02, 0., 0., 1. ]
D2: !!opencv-matrix
   rows: 5
   cols: 1
   dt: d
   data: [ -2.2201337830972428e-02, -1.1445843221826492e-03,
       2.9199201696882579e-04, -7.1705872414221615e-04,
       5.1284674356775366e-04 ]
P2: !!opencv-matrix
   rows: 3
   cols: 4
   dt: f
   data: [ 3.56191498e+02, 0., 4.04435883e+02, -6.72506641e+04, 0.,
       3.56191498e+02, 2.31828735e+02, 0., 0., 0., 1., 0. ]
R2: !!opencv-matrix
   rows: 3
   cols: 3
   dt: f
   data: [ 9.99483943e-01, -4.40909946e-03, -3.18174548e-02,
       4.26500943e-03, 9.99980330e-01, -4.59509203e-03, 3.18370871e-02,
       4.45701880e-03, 9.99483109e-01 ]
