%YAML:1.0
---
Q: !!opencv-matrix
   rows: 4
   cols: 4
   dt: f
   data: [ 1., 0., 0., -4.48342865e+02, 0., 1., 0., -2.31714676e+02, 0.,
       0., 0., 3.55546234e+02, 0., 0., 5.60938008e-03, 0. ]
R: !!opencv-matrix
   rows: 3
   cols: 3
   dt: d
   data: [ 9.9914819130656818e-01, 1.0067506985294674e-02,
       -3.7903588416637272e-03, -9.6891638707948397e-03,
       1.0017887783716790e+00, 9.2548327716542485e-03,
       3.4835308931364046e-03, -9.2502506550274071e-03,
       1.0018877726985267e+00 ]
T: !!opencv-matrix
   rows: 3
   cols: 1
   dt: d
   data: [ -1.7759427167310645e+02, 7.8343459605581822e-01,
       1.5519556244757469e+01 ]
E: !!opencv-matrix
   rows: 0
   cols: 0
   dt: u
   data: []
F: !!opencv-matrix
   rows: 0
   cols: 0
   dt: u
   data: []
K1: !!opencv-matrix
   rows: 3
   cols: 3
   dt: d
   data: [ 3.6627756984521932e+02, 0., 3.8060969928433269e+02, 0.,
       3.6653175179255015e+02, 2.3878059668569790e+02, 0., 0., 1. ]
D1: !!opencv-matrix
   rows: 5
   cols: 1
   dt: d
   data: [ -2.1859934914563901e-02, -9.9468572971318997e-04,
       1.6448003429794193e-03, -3.1164985765511365e-04,
       3.5195408316194161e-04 ]
P1: !!opencv-matrix
   rows: 3
   cols: 4
   dt: f
   data: [ 3.55546234e+02, 0., 4.48342865e+02, 0., 0., 3.55546234e+02,
       2.31714676e+02, 0., 0., 0., 1., 0. ]
R1: !!opencv-matrix
   rows: 3
   cols: 3
   dt: f
   data: [ 9.95861530e-01, 6.25933101e-03, -9.06678066e-02,
       -5.86046698e-03, 9.99971926e-01, 4.66474472e-03, 9.06944647e-02,
       -4.11408441e-03, 9.95870292e-01 ]
K2: !!opencv-matrix
   rows: 3
   cols: 3
   dt: d
   data: [ 3.6687495098581172e+02, 0., 3.7621769200552956e+02, 0.,
       3.6726361788508825e+02, 2.2399932895774910e+02, 0., 0., 1. ]
D2: !!opencv-matrix
   rows: 5
   cols: 1
   dt: d
   data: [ -2.2201337830972428e-02, -1.1445843221826492e-03,
       2.9199201696882579e-04, -7.1705872414221615e-04,
       5.1284674356775366e-04 ]
P2: !!opencv-matrix
   rows: 3
   cols: 4
   dt: f
   data: [ 3.55546234e+02, 0., 4.48342865e+02, -6.33842305e+04, 0.,
       3.55546234e+02, 2.31714676e+02, 0., 0., 0., 1., 0. ]
R2: !!opencv-matrix
   rows: 3
   cols: 3
   dt: f
   data: [ 9.96193826e-01, -4.39458247e-03, -8.70550945e-02,
       4.01165849e-03, 9.99981523e-01, -4.57310071e-03, 8.70735794e-02,
       4.20645904e-03, 9.96192992e-01 ]
