%YAML:1.0
---
Q: !!opencv-matrix
   rows: 4
   cols: 4
   dt: f
   data: [ 1., 0., 0., -4.04123718e+02, 0., 1., 0., -2.31829193e+02, 0.,
       0., 0., 3.56232819e+02, 0., 0., 5.36840642e-03, 0. ]
R: !!opencv-matrix
   rows: 3
   cols: 3
   dt: d
   data: [ 9.9989522277661669e-01, 9.7091156459657088e-03,
       -3.2161552849469576e-03, -9.6821132726962137e-03,
       9.9983635865068676e-01, 9.2342830492753072e-03,
       3.2423770110096280e-03, -9.2028504437579265e-03,
       9.9988024512031159e-01 ]
T: !!opencv-matrix
   rows: 3
   cols: 1
   dt: d
   data: [ -1.8632091371659192e+02, 8.2193118037458024e-01,
       5.9313116128079262e+00 ]
E: !!opencv-matrix
   rows: 0
   cols: 0
   dt: u
   data: []
F: !!opencv-matrix
   rows: 0
   cols: 0
   dt: u
   data: []
K1: !!opencv-matrix
   rows: 3
   cols: 3
   dt: d
   data: [ 3.6627756984521932e+02, 0., 3.8060969928433269e+02, 0.,
       3.6653175179255015e+02, 2.3878059668569790e+02, 0., 0., 1. ]
D1: !!opencv-matrix
   rows: 5
   cols: 1
   dt: d
   data: [ -2.1859934914563901e-02, -9.9468572971318997e-04,
       1.6448003429794193e-03, -3.1164985765511365e-04,
       3.5195408316194161e-04 ]
P1: !!opencv-matrix
   rows: 3
   cols: 4
   dt: f
   data: [ 3.56232819e+02, 0., 4.04123718e+02, 0., 0., 3.56232819e+02,
       2.31829193e+02, 0., 0., 0., 1., 0. ]
R1: !!opencv-matrix
   rows: 3
   cols: 3
   dt: f
   data: [ 9.99368966e-01, 5.58052771e-03, -3.50787863e-02,
       -5.42159891e-03, 9.99974608e-01, 4.62411996e-03, 3.51037011e-02,
       -4.43101907e-03, 9.99373853e-01 ]
K2: !!opencv-matrix
   rows: 3
   cols: 3
   dt: d
   data: [ 3.6687495098581172e+02, 0., 3.7621769200552956e+02, 0.,
       3.6726361788508825e+02, 2.2399932895774910e+02, 0., 0., 1. ]
D2: !!opencv-matrix
   rows: 5
   cols: 1
   dt: d
   data: [ -2.2201337830972428e-02, -1.1445843221826492e-03,
       2.9199201696882579e-04, -7.1705872414221615e-04,
       5.1284674356775366e-04 ]
P2: !!opencv-matrix
   rows: 3
   cols: 4
   dt: f
   data: [ 3.56232819e+02, 0., 4.04123718e+02, -6.63572734e+04, 0.,
       3.56232819e+02, 2.31829193e+02, 0., 0., 0., 1., 0. ]
R2: !!opencv-matrix
   rows: 3
   cols: 3
   dt: f
   data: [ 9.99484003e-01, -4.40909620e-03, -3.18173990e-02,
       4.26495401e-03, 9.99980330e-01, -4.59673582e-03, 3.18370424e-02,
       4.45866399e-03, 9.99483109e-01 ]
