%YAML:1.0
---
Q: !!opencv-matrix
   rows: 4
   cols: 4
   dt: f
   data: [ 1., 0., 0., -4.48504700e+02, 0., 1., 0., -2.31701340e+02, 0.,
       0., 0., 3.55804016e+02, 0., 0., 5.56083350e-03, 0. ]
R: !!opencv-matrix
   rows: 3
   cols: 3
   dt: d
   data: [ 9.9570053449216989e-01, 1.0720846703286413e-02,
       -4.0481515633030585e-03, -9.6787297091647795e-03,
       1.0026915921423560e+00, 9.2643216118888597e-03,
       3.8668973301107224e-03, -9.3149116934853546e-03,
       1.0028157464704215e+00 ]
T: !!opencv-matrix
   rows: 3
   cols: 1
   dt: d
   data: [ -1.7841200450796441e+02, 7.8704188471208414e-01,
       1.5591015825068702e+01 ]
E: !!opencv-matrix
   rows: 0
   cols: 0
   dt: u
   data: []
F: !!opencv-matrix
   rows: 0
   cols: 0
   dt: u
   data: []
K1: !!opencv-matrix
   rows: 3
   cols: 3
   dt: d
   data: [ 3.6627756984521932e+02, 0., 3.8060969928433269e+02, 0.,
       3.6653175179255015e+02, 2.3878059668569790e+02, 0., 0., 1. ]
D1: !!opencv-matrix
   rows: 5
   cols: 1
   dt: d
   data: [ -2.1859934914563901e-02, -9.9468572971318997e-04,
       1.6448003429794193e-03, -3.1164985765511365e-04,
       3.5195408316194161e-04 ]
P1: !!opencv-matrix
   rows: 3
   cols: 4
   dt: f
   data: [ 3.55804016e+02, 0., 4.48504700e+02, 0., 0., 3.55804016e+02,
       2.31701340e+02, 0., 0., 0., 1., 0. ]
R1: !!opencv-matrix
   rows: 3
   cols: 3
   dt: f
   data: [ 9.95822430e-01, 6.73844572e-03, -9.10620838e-02,
       -6.33690879e-03, 9.99968886e-01, 4.69789747e-03, 9.10909027e-02,
       -4.10121959e-03, 9.95834112e-01 ]
K2: !!opencv-matrix
   rows: 3
   cols: 3
   dt: d
   data: [ 3.6687495098581172e+02, 0., 3.7621769200552956e+02, 0.,
       3.6726361788508825e+02, 2.2399932895774910e+02, 0., 0., 1. ]
D2: !!opencv-matrix
   rows: 5
   cols: 1
   dt: d
   data: [ -2.2201337830972428e-02, -1.1445843221826492e-03,
       2.9199201696882579e-04, -7.1705872414221615e-04,
       5.1284674356775366e-04 ]
P2: !!opencv-matrix
   rows: 3
   cols: 4
   dt: f
   data: [ 3.55804016e+02, 0., 4.48504700e+02, -6.39839414e+04, 0.,
       3.55804016e+02, 2.31701340e+02, 0., 0., 0., 1., 0. ]
R2: !!opencv-matrix
   rows: 3
   cols: 3
   dt: f
   data: [ 9.96193826e-01, -4.39458247e-03, -8.70550945e-02,
       4.01076954e-03, 9.99981463e-01, -4.58326936e-03, 8.70736167e-02,
       4.21666680e-03, 9.96192932e-01 ]
