%YAML:1.0
---
Q: !!opencv-matrix
   rows: 4
   cols: 4
   dt: f
   data: [ 1., 0., 0., -4.26271393e+02, 0., 1., 0., -2.31773178e+02, 0.,
       0., 0., 3.56316071e+02, 0., 0., 5.43680601e-03, 0. ]
R: !!opencv-matrix
   rows: 3
   cols: 3
   dt: d
   data: [ 9.9513914997590003e-01, 1.0647077523567057e-02,
       -4.0353140985447278e-03, -9.6723840463798869e-03,
       1.0019577224016927e+00, 9.2575183014494949e-03,
       3.6588884636079145e-03, -9.2769198368345823e-03,
       1.0020560553767350e+00 ]
T: !!opencv-matrix
   rows: 3
   cols: 1
   dt: d
   data: [ -1.8279526169182094e+02, 8.0629568887504011e-01,
       1.0896713126693777e+01 ]
E: !!opencv-matrix
   rows: 0
   cols: 0
   dt: u
   data: []
F: !!opencv-matrix
   rows: 0
   cols: 0
   dt: u
   data: []
K1: !!opencv-matrix
   rows: 3
   cols: 3
   dt: d
   data: [ 3.6627756984521932e+02, 0., 3.8060969928433269e+02, 0.,
       3.6653175179255015e+02, 2.3878059668569790e+02, 0., 0., 1. ]
D1: !!opencv-matrix
   rows: 5
   cols: 1
   dt: d
   data: [ -2.1859934914563901e-02, -9.9468572971318997e-04,
       1.6448003429794193e-03, -3.1164985765511365e-04,
       3.5195408316194161e-04 ]
P1: !!opencv-matrix
   rows: 3
   cols: 4
   dt: f
   data: [ 3.56316071e+02, 0., 4.26271393e+02, 0., 0., 3.56316071e+02,
       2.31773178e+02, 0., 0., 0., 1., 0. ]
R1: !!opencv-matrix
   rows: 3
   cols: 3
   dt: f
   data: [ 9.97968435e-01, 6.45534554e-03, -6.33820146e-02,
       -6.17191568e-03, 9.99970078e-01, 4.66654683e-03, 6.34102374e-02,
       -4.26587835e-03, 9.97978449e-01 ]
K2: !!opencv-matrix
   rows: 3
   cols: 3
   dt: d
   data: [ 3.6687495098581172e+02, 0., 3.7621769200552956e+02, 0.,
       3.6726361788508825e+02, 2.2399932895774910e+02, 0., 0., 1. ]
D2: !!opencv-matrix
   rows: 5
   cols: 1
   dt: d
   data: [ -2.2201337830972428e-02, -1.1445843221826492e-03,
       2.9199201696882579e-04, -7.1705872414221615e-04,
       5.1284674356775366e-04 ]
P2: !!opencv-matrix
   rows: 3
   cols: 4
   dt: f
   data: [ 3.56316071e+02, 0., 4.26271393e+02, -6.55377578e+04, 0.,
       3.56316071e+02, 2.31773178e+02, 0., 0., 0., 1., 0. ]
R2: !!opencv-matrix
   rows: 3
   cols: 3
   dt: f
   data: [ 9.98218298e-01, -4.40306310e-03, -5.95053621e-02,
       4.13700193e-03, 9.99980867e-01, -4.59367083e-03, 5.95244505e-02,
       4.33931267e-03, 9.98217404e-01 ]
