%YAML:1.0
---
Q: !!opencv-matrix
   rows: 4
   cols: 4
   dt: f
   data: [ 1., 0., 0., -4.48166595e+02, 0., 1., 0., -2.31719727e+02, 0.,
       0., 0., 3.55466431e+02, 0., 0., 5.59542794e-03, 0. ]
R: !!opencv-matrix
   rows: 3
   cols: 3
   dt: d
   data: [ 1.0011677951998943e+00, 9.7493952751754494e-03,
       -3.1617755562337578e-03, -9.6948307675054843e-03,
       1.0011751559413087e+00, 9.2463885994799513e-03,
       3.2513019468252747e-03, -9.2173128337126493e-03,
       1.0012179865357169e+00 ]
T: !!opencv-matrix
   rows: 3
   cols: 1
   dt: d
   data: [ -1.7810299124926073e+02, 7.8567866268962649e-01,
       1.5564011304323323e+01 ]
E: !!opencv-matrix
   rows: 0
   cols: 0
   dt: u
   data: []
F: !!opencv-matrix
   rows: 0
   cols: 0
   dt: u
   data: []
K1: !!opencv-matrix
   rows: 3
   cols: 3
   dt: d
   data: [ 3.6627756984521932e+02, 0., 3.8060969928433269e+02, 0.,
       3.6653175179255015e+02, 2.3878059668569790e+02, 0., 0., 1. ]
D1: !!opencv-matrix
   rows: 5
   cols: 1
   dt: d
   data: [ -2.1859934914563901e-02, -9.9468572971318997e-04,
       1.6448003429794193e-03, -3.1164985765511365e-04,
       3.5195408316194161e-04 ]
P1: !!opencv-matrix
   rows: 3
   cols: 4
   dt: f
   data: [ 3.55466431e+02, 0., 4.48166595e+02, 0., 0., 3.55466431e+02,
       2.31719727e+02, 0., 0., 0., 1., 0. ]
R1: !!opencv-matrix
   rows: 3
   cols: 3
   dt: f
   data: [ 9.95901644e-01, 6.09490881e-03, -9.02374014e-02,
       -5.69821754e-03, 9.99972939e-01, 4.65305708e-03, 9.02633220e-02,
       -4.11979482e-03, 9.95909393e-01 ]
K2: !!opencv-matrix
   rows: 3
   cols: 3
   dt: d
   data: [ 3.6687495098581172e+02, 0., 3.7621769200552956e+02, 0.,
       3.6726361788508825e+02, 2.2399932895774910e+02, 0., 0., 1. ]
D2: !!opencv-matrix
   rows: 5
   cols: 1
   dt: d
   data: [ -2.2201337830972428e-02, -1.1445843221826492e-03,
       2.9199201696882579e-04, -7.1705872414221615e-04,
       5.1284674356775366e-04 ]
P2: !!opencv-matrix
   rows: 3
   cols: 4
   dt: f
   data: [ 3.55466431e+02, 0., 4.48166595e+02, -6.35280156e+04, 0.,
       3.55466431e+02, 2.31719727e+02, 0., 0., 0., 1., 0. ]
R2: !!opencv-matrix
   rows: 3
   cols: 3
   dt: f
   data: [ 9.96193826e-01, -4.39458201e-03, -8.70550871e-02,
       4.01192298e-03, 9.99981523e-01, -4.57007345e-03, 8.70735645e-02,
       4.20342060e-03, 9.96192992e-01 ]
