%YAML:1.0
---
Q: !!opencv-matrix
   rows: 4
   cols: 4
   dt: f
   data: [ 1., 0., 0., -4.25997894e+02, 0., 1., 0., -2.31785797e+02, 0.,
       0., 0., 3.55987244e+02, 0., 0., 5.49356267e-03, 0. ]
R: !!opencv-matrix
   rows: 3
   cols: 3
   dt: d
   data: [ 1.0005784750783921e+00, 9.7400755715841697e-03,
       -3.1605322693297739e-03, -9.6889539543144765e-03,
       1.0005539008153042e+00, 9.2406778428608099e-03,
       3.2461536695679145e-03, -9.2107094446522708e-03,
       1.0005963517679686e+00 ]
T: !!opencv-matrix
   rows: 3
   cols: 1
   dt: d
   data: [ -1.8172979813007484e+02, 8.0159604376741511e-01,
       1.0833198940239090e+01 ]
E: !!opencv-matrix
   rows: 0
   cols: 0
   dt: u
   data: []
F: !!opencv-matrix
   rows: 0
   cols: 0
   dt: u
   data: []
K1: !!opencv-matrix
   rows: 3
   cols: 3
   dt: d
   data: [ 3.6627756984521932e+02, 0., 3.8060969928433269e+02, 0.,
       3.6653175179255015e+02, 2.3878059668569790e+02, 0., 0., 1. ]
D1: !!opencv-matrix
   rows: 5
   cols: 1
   dt: d
   data: [ -2.1859934914563901e-02, -9.9468572971318997e-04,
       1.6448003429794193e-03, -3.1164985765511365e-04,
       3.5195408316194161e-04 ]
P1: !!opencv-matrix
   rows: 3
   cols: 4
   dt: f
   data: [ 3.55987244e+02, 0., 4.25997894e+02, 0., 0., 3.55987244e+02,
       2.31785797e+02, 0., 0., 0., 1., 0. ]
R1: !!opencv-matrix
   rows: 3
   cols: 3
   dt: f
   data: [ 9.98015285e-01, 5.84846642e-03, -6.26998991e-02,
       -5.56862867e-03, 9.99973774e-01, 4.63695265e-03, 6.27253652e-02,
       -4.27859742e-03, 9.98021662e-01 ]
K2: !!opencv-matrix
   rows: 3
   cols: 3
   dt: d
   data: [ 3.6687495098581172e+02, 0., 3.7621769200552956e+02, 0.,
       3.6726361788508825e+02, 2.2399932895774910e+02, 0., 0., 1. ]
D2: !!opencv-matrix
   rows: 5
   cols: 1
   dt: d
   data: [ -2.2201337830972428e-02, -1.1445843221826492e-03,
       2.9199201696882579e-04, -7.1705872414221615e-04,
       5.1284674356775366e-04 ]
P2: !!opencv-matrix
   rows: 3
   cols: 4
   dt: f
   data: [ 3.55987244e+02, 0., 4.25997894e+02, -6.48007969e+04, 0.,
       3.55987244e+02, 2.31785797e+02, 0., 0., 0., 1., 0. ]
R2: !!opencv-matrix
   rows: 3
   cols: 3
   dt: f
   data: [ 9.98218298e-01, -4.40306310e-03, -5.95053546e-02,
       4.13750764e-03, 9.99980927e-01, -4.58518835e-03, 5.95244095e-02,
       4.33081482e-03, 9.98217463e-01 ]
