%YAML:1.0
---
Q: !!opencv-matrix
   rows: 4
   cols: 4
   dt: f
   data: [ 1., 0., 0., -4.48499390e+02, 0., 1., 0., -2.31697845e+02, 0.,
       0., 0., 3.55879517e+02, 0., 0., 5.52660599e-03, 0. ]
R: !!opencv-matrix
   rows: 3
   cols: 3
   dt: d
   data: [ 9.9415340452492951e-01, 1.0994835348179018e-02,
       -4.0152947512436575e-03, -9.6739125623271360e-03,
       1.0030712360849876e+00, 9.2676885941416140e-03,
       4.0366142534611514e-03, -9.3420369793973234e-03,
       1.0031936226475959e+00 ]
T: !!opencv-matrix
   rows: 3
   cols: 1
   dt: d
   data: [ -1.7914469732858285e+02, 7.9027405048358967e-01,
       1.5655044112268017e+01 ]
E: !!opencv-matrix
   rows: 0
   cols: 0
   dt: u
   data: []
F: !!opencv-matrix
   rows: 0
   cols: 0
   dt: u
   data: []
K1: !!opencv-matrix
   rows: 3
   cols: 3
   dt: d
   data: [ 3.6627756984521932e+02, 0., 3.8060969928433269e+02, 0.,
       3.6653175179255015e+02, 2.3878059668569790e+02, 0., 0., 1. ]
D1: !!opencv-matrix
   rows: 5
   cols: 1
   dt: d
   data: [ -2.1859934914563901e-02, -9.9468572971318997e-04,
       1.6448003429794193e-03, -3.1164985765511365e-04,
       3.5195408316194161e-04 ]
P1: !!opencv-matrix
   rows: 3
   cols: 4
   dt: f
   data: [ 3.55879517e+02, 0., 4.48499390e+02, 0., 0., 3.55879517e+02,
       2.31697845e+02, 0., 0., 0., 1., 0. ]
R1: !!opencv-matrix
   rows: 3
   cols: 3
   dt: f
   data: [ 9.95822728e-01, 6.87194709e-03, -9.10488665e-02,
       -6.47019036e-03, 9.99967992e-01, 4.70697368e-03, 9.10782963e-02,
       -4.09820816e-03, 9.95835304e-01 ]
K2: !!opencv-matrix
   rows: 3
   cols: 3
   dt: d
   data: [ 3.6687495098581172e+02, 0., 3.7621769200552956e+02, 0.,
       3.6726361788508825e+02, 2.2399932895774910e+02, 0., 0., 1. ]
D2: !!opencv-matrix
   rows: 5
   cols: 1
   dt: d
   data: [ -2.2201337830972428e-02, -1.1445843221826492e-03,
       2.9199201696882579e-04, -7.1705872414221615e-04,
       5.1284674356775366e-04 ]
P2: !!opencv-matrix
   rows: 3
   cols: 4
   dt: f
   data: [ 3.55879517e+02, 0., 4.48499390e+02, -6.43938633e+04, 0.,
       3.55879517e+02, 2.31697845e+02, 0., 0., 0., 1., 0. ]
R2: !!opencv-matrix
   rows: 3
   cols: 3
   dt: f
   data: [ 9.96193826e-01, -4.39458247e-03, -8.70550945e-02,
       4.01050504e-03, 9.99981463e-01, -4.58629569e-03, 8.70736316e-02,
       4.21970477e-03, 9.96192932e-01 ]
