%YAML:1.0
---
Q: !!opencv-matrix
   rows: 4
   cols: 4
   dt: f
   data: [ 1., 0., 0., -4.04282715e+02, 0., 1., 0., -2.31830765e+02, 0.,
       0., 0., 3.56124725e+02, 0., 0., 5.13351057e-03, 0. ]
R: !!opencv-matrix
   rows: 3
   cols: 3
   dt: d
   data: [ 1.0127497845657618e+00, 9.5574541379836574e-03,
       -5.2122094635101042e-03, -9.7132759153533768e-03,
       9.9499171523990981e-01, 9.1984087139720689e-03,
       2.6632062916525701e-03, -9.1549247087084219e-03,
       9.9509896521917318e-01 ]
T: !!opencv-matrix
   rows: 3
   cols: 1
   dt: d
   data: [ -1.9237633020891732e+02, 8.4864403722700477e-01,
       6.1240819092269119e+00 ]
E: !!opencv-matrix
   rows: 0
   cols: 0
   dt: u
   data: []
F: !!opencv-matrix
   rows: 0
   cols: 0
   dt: u
   data: []
K1: !!opencv-matrix
   rows: 3
   cols: 3
   dt: d
   data: [ 3.6627756984521932e+02, 0., 3.8060969928433269e+02, 0.,
       3.6653175179255015e+02, 2.3878059668569790e+02, 0., 0., 1. ]
D1: !!opencv-matrix
   rows: 5
   cols: 1
   dt: d
   data: [ -2.1859934914563901e-02, -9.9468572971318997e-04,
       1.6448003429794193e-03, -3.1164985765511365e-04,
       3.5195408316194161e-04 ]
P1: !!opencv-matrix
   rows: 3
   cols: 4
   dt: f
   data: [ 3.56124725e+02, 0., 4.04282715e+02, 0., 0., 3.56124725e+02,
       2.31830765e+02, 0., 0., 0., 1., 0. ]
R1: !!opencv-matrix
   rows: 3
   cols: 3
   dt: f
   data: [ 9.99355733e-01, 5.39576635e-03, -3.54826711e-02,
       -5.23508713e-03, 9.99975622e-01, 4.61973157e-03, 3.55067328e-02,
       -4.43100045e-03, 9.99359608e-01 ]
K2: !!opencv-matrix
   rows: 3
   cols: 3
   dt: d
   data: [ 3.6687495098581172e+02, 0., 3.7621769200552956e+02, 0.,
       3.6726361788508825e+02, 2.2399932895774910e+02, 0., 0., 1. ]
D2: !!opencv-matrix
   rows: 5
   cols: 1
   dt: d
   data: [ -2.2201337830972428e-02, -1.1445843221826492e-03,
       2.9199201696882579e-04, -7.1705872414221615e-04,
       5.1284674356775366e-04 ]
P2: !!opencv-matrix
   rows: 3
   cols: 4
   dt: f
   data: [ 3.56124725e+02, 0., 4.04282715e+02, -6.93725547e+04, 0.,
       3.56124725e+02, 2.31830765e+02, 0., 0., 0., 1., 0. ]
R2: !!opencv-matrix
   rows: 3
   cols: 3
   dt: f
   data: [ 9.99483943e-01, -4.40909900e-03, -3.18174511e-02,
       4.26502666e-03, 9.99980330e-01, -4.59454767e-03, 3.18370834e-02,
       4.45647445e-03, 9.99483109e-01 ]
