%YAML:1.0
---
Q: !!opencv-matrix
   rows: 4
   cols: 4
   dt: f
   data: [ 1., 0., 0., -4.53232056e+02, 0., 1., 0., -2.31670380e+02, 0.,
       0., 0., 3.55173340e+02, 0., 0., -1.34400763e+06, 0. ]
R: !!opencv-matrix
   rows: 3
   cols: 3
   dt: d
   data: [ 3.7256229473075031e+01, 3.3325878154030036e-01,
       -1.5034959007430597e+00, -3.5919909026086233e-01,
       3.6804914849136061e+01, 3.4608295205131173e-01,
       4.9140614471065797e-02, -3.4937284171442384e-01,
       3.6929846614872133e+01 ]
T: !!opencv-matrix
   rows: 3
   cols: 1
   dt: d
   data: [ 7.4414016381509504e-07, -2.7404083317779617e-09,
       -6.3004921988290453e-08 ]
E: !!opencv-matrix
   rows: 0
   cols: 0
   dt: u
   data: []
F: !!opencv-matrix
   rows: 0
   cols: 0
   dt: u
   data: []
K1: !!opencv-matrix
   rows: 3
   cols: 3
   dt: d
   data: [ 3.6627756984521932e+02, 0., 3.8060969928433269e+02, 0.,
       3.6653175179255015e+02, 2.3878059668569790e+02, 0., 0., 1. ]
D1: !!opencv-matrix
   rows: 5
   cols: 1
   dt: d
   data: [ -2.1859934914563901e-02, -9.9468572971318997e-04,
       1.6448003429794193e-03, -3.1164985765511365e-04,
       3.5195408316194161e-04 ]
P1: !!opencv-matrix
   rows: 3
   cols: 4
   dt: f
   data: [ 3.55173340e+02, 0., 4.53232056e+02, 0., 0., 3.55173340e+02,
       2.31670380e+02, 0., 0., 0., 1., 0. ]
R1: !!opencv-matrix
   rows: 3
   cols: 3
   dt: f
   data: [ 9.94432330e-01, 6.42920239e-03, -1.05180949e-01,
       -5.96046029e-03, 9.99970853e-01, 4.77025844e-03, 1.05208553e-01,
       -4.11677221e-03, 9.94441688e-01 ]
K2: !!opencv-matrix
   rows: 3
   cols: 3
   dt: d
   data: [ 3.6687495098581172e+02, 0., 3.7621769200552956e+02, 0.,
       3.6726361788508825e+02, 2.2399932895774910e+02, 0., 0., 1. ]
D2: !!opencv-matrix
   rows: 5
   cols: 1
   dt: d
   data: [ -2.2201337830972428e-02, -1.1445843221826492e-03,
       2.9199201696882579e-04, -7.1705872414221615e-04,
       5.1284674356775366e-04 ]
P2: !!opencv-matrix
   rows: 3
   cols: 4
   dt: f
   data: [ 3.55173340e+02, 0., 4.53232056e+02, 2.64264381e-04, 0.,
       3.55173340e+02, 2.31670380e+02, 0., 0., 0., 1., 0. ]
R2: !!opencv-matrix
   rows: 3
   cols: 3
   dt: f
   data: [ 9.96428132e-01, -3.66950547e-03, -8.43655318e-02,
       3.29373102e-03, 9.99984026e-01, -4.59287921e-03, 8.43810439e-02,
       4.29859664e-03, 9.96424317e-01 ]
