%YAML:1.0
---
Q: !!opencv-matrix
   rows: 4
   cols: 4
   dt: f
   data: [ 1., 0., 0., -4.48821472e+02, 0., 1., 0., -2.31711578e+02, 0.,
       0., 0., 3.55534729e+02, 0., 0., -1.57400354e+03, 0. ]
R: !!opencv-matrix
   rows: 3
   cols: 3
   dt: d
   data: [ 3.6780327991254616e+01, 4.6519649974893557e-01,
       -1.5348597770993073e+00, -3.5732002638353322e-01,
       3.6231744295433863e+01, 3.4178324802110427e-01,
       -7.1860645414066796e-02, -3.4863391128749094e-01,
       3.6362352813019562e+01 ]
T: !!opencv-matrix
   rows: 3
   cols: 1
   dt: d
   data: [ 8.4009444395310558e-07, -2.0676831096842962e-09,
       -6.5992173718544354e-08 ]
E: !!opencv-matrix
   rows: 0
   cols: 0
   dt: u
   data: []
F: !!opencv-matrix
   rows: 0
   cols: 0
   dt: u
   data: []
K1: !!opencv-matrix
   rows: 3
   cols: 3
   dt: d
   data: [ 3.6627756984521932e+02, 0., 3.8060969928433269e+02, 0.,
       3.6653175179255015e+02, 2.3878059668569790e+02, 0., 0., 1. ]
D1: !!opencv-matrix
   rows: 5
   cols: 1
   dt: d
   data: [ -2.1859934914563901e-02, -9.9468572971318997e-04,
       1.6448003429794193e-03, -3.1164985765511365e-04,
       3.5195408316194161e-04 ]
P1: !!opencv-matrix
   rows: 3
   cols: 4
   dt: f
   data: [ 3.55534729e+02, 0., 4.48821472e+02, 0., 0., 3.55534729e+02,
       2.31711578e+02, 0., 0., 0., 1., 0. ]
R1: !!opencv-matrix
   rows: 3
   cols: 3
   dt: f
   data: [ 9.95755434e-01, 6.29915996e-03, -9.18230936e-02,
       -5.89528773e-03, 9.99971747e-01, 4.66894964e-03, 9.18499082e-02,
       -4.10780823e-03, 9.95764375e-01 ]
K2: !!opencv-matrix
   rows: 3
   cols: 3
   dt: d
   data: [ 3.6687495098581172e+02, 0., 3.7621769200552956e+02, 0.,
       3.6726361788508825e+02, 2.2399932895774910e+02, 0., 0., 1. ]
D2: !!opencv-matrix
   rows: 5
   cols: 1
   dt: d
   data: [ -2.2201337830972428e-02, -1.1445843221826492e-03,
       2.9199201696882579e-04, -7.1705872414221615e-04,
       5.1284674356775366e-04 ]
P2: !!opencv-matrix
   rows: 3
   cols: 4
   dt: f
   data: [ 3.55534729e+02, 0., 4.48821472e+02, 2.25879237e-01, 0.,
       3.55534729e+02, 2.31711578e+02, 0., 0., 0., 1., 0. ]
R2: !!opencv-matrix
   rows: 3
   cols: 3
   dt: f
   data: [ 9.96192634e-01, -4.39392217e-03, -8.70687515e-02,
       4.01101820e-03, 9.99981523e-01, -4.57218103e-03, 8.70872289e-02,
       4.20553843e-03, 9.96191800e-01 ]
