%YAML:1.0
---
Q: !!opencv-matrix
   rows: 4
   cols: 4
   dt: f
   data: [ 1., 0., 0., -3.84344849e+02, 0., 1., 0., -2.31859543e+02, 0.,
       0., 0., 3.56037628e+02, 0., 0., -1599725., 0. ]
R: !!opencv-matrix
   rows: 3
   cols: 3
   dt: d
   data: [ 3.5940140279685934e+01, 2.1102041814362088e-01,
       -1.5401619281804417e+00, -3.6119702581982488e-01,
       3.5425324737366566e+01, 3.3848378251339034e-01,
       -3.5446152600653941e-01, -1.6895400158989643e-01,
       3.5522133849524366e+01 ]
T: !!opencv-matrix
   rows: 3
   cols: 1
   dt: d
   data: [ 6.2509370066804353e-07, -4.1448303120070243e-09,
       8.3357711206875584e-11 ]
E: !!opencv-matrix
   rows: 0
   cols: 0
   dt: u
   data: []
F: !!opencv-matrix
   rows: 0
   cols: 0
   dt: u
   data: []
K1: !!opencv-matrix
   rows: 3
   cols: 3
   dt: d
   data: [ 3.6627756984521932e+02, 0., 3.8060969928433269e+02, 0.,
       3.6653175179255015e+02, 2.3878059668569790e+02, 0., 0., 1. ]
D1: !!opencv-matrix
   rows: 5
   cols: 1
   dt: d
   data: [ -2.1859934914563901e-02, -9.9468572971318997e-04,
       1.6448003429794193e-03, -3.1164985765511365e-04,
       3.5195408316194161e-04 ]
P1: !!opencv-matrix
   rows: 3
   cols: 4
   dt: f
   data: [ 3.56037628e+02, 0., 3.84344849e+02, 0., 0., 3.56037628e+02,
       2.31859543e+02, 0., 0., 0., 1., 0. ]
R1: !!opencv-matrix
   rows: 3
   cols: 3
   dt: f
   data: [ 9.99863327e-01, 1.36998249e-03, -1.64762214e-02,
       -1.31252594e-03, 9.99993026e-01, 3.49754817e-03, 1.64808985e-02,
       -3.47544486e-03, 9.99858141e-01 ]
K2: !!opencv-matrix
   rows: 3
   cols: 3
   dt: d
   data: [ 3.6687495098581172e+02, 0., 3.7621769200552956e+02, 0.,
       3.6726361788508825e+02, 2.2399932895774910e+02, 0., 0., 1. ]
D2: !!opencv-matrix
   rows: 5
   cols: 1
   dt: d
   data: [ -2.2201337830972428e-02, -1.1445843221826492e-03,
       2.9199201696882579e-04, -7.1705872414221615e-04,
       5.1284674356775366e-04 ]
P2: !!opencv-matrix
   rows: 3
   cols: 4
   dt: f
   data: [ 3.56037628e+02, 0., 3.84344849e+02, 2.22561765e-04, 0.,
       3.56037628e+02, 2.31859543e+02, 0., 0., 0., 1., 0. ]
R2: !!opencv-matrix
   rows: 3
   cols: 3
   dt: f
   data: [ 9.99978006e-01, -6.63058879e-03, 1.33349415e-04,
       6.63101301e-03, 9.99971926e-01, -3.48619279e-03, -1.10230161e-04,
       3.48700024e-03, 9.99993920e-01 ]
