%YAML:1.0
---
Q: !!opencv-matrix
   rows: 4
   cols: 4
   dt: f
   data: [ 1., 0., 0., -4.25117859e+02, 0., 1., 0., -2.31679916e+02, 0.,
       0., 0., 3.57758209e+02, 0., 0., -1.55526538e+06, 0. ]
R: !!opencv-matrix
   rows: 3
   cols: 3
   dt: d
   data: [ 3.5940140279685934e+01, 2.1102041814362088e-01,
       -1.5401619281804417e+00, -3.6119702581982488e-01,
       3.5425324737366566e+01, 3.3848378251339034e-01,
       -3.5446152600653941e-01, -1.6895400158989643e-01,
       3.5522133849524366e+01 ]
T: !!opencv-matrix
   rows: 3
   cols: 1
   dt: d
   data: [ 6.2509370066804353e-07, -4.1448303120070243e-09,
       8.3357711206875584e-11 ]
E: !!opencv-matrix
   rows: 0
   cols: 0
   dt: u
   data: []
F: !!opencv-matrix
   rows: 0
   cols: 0
   dt: u
   data: []
K1: !!opencv-matrix
   rows: 3
   cols: 3
   dt: d
   data: [ 3.6627756984521932e+02, 0., 3.8060969928433269e+02, 0.,
       3.6653175179255015e+02, 2.3878059668569790e+02, 0., 0., 1. ]
D1: !!opencv-matrix
   rows: 5
   cols: 1
   dt: d
   data: [ -2.1859934914563901e-02, -9.9468572971318997e-04,
       1.6448003429794193e-03, -3.1164985765511365e-04,
       3.5195408316194161e-04 ]
P1: !!opencv-matrix
   rows: 3
   cols: 4
   dt: f
   data: [ 3.57758209e+02, 0., 4.25117859e+02, 0., 0., 3.57758209e+02,
       2.31679916e+02, 0., 0., 0., 1., 0. ]
R1: !!opencv-matrix
   rows: 3
   cols: 3
   dt: f
   data: [ 9.97502267e-01, 9.24146082e-03, -7.00269192e-02,
       -8.92438833e-03, 9.99948442e-01, 4.83938446e-03, 7.00680390e-02,
       -4.20234958e-03, 9.97533381e-01 ]
K2: !!opencv-matrix
   rows: 3
   cols: 3
   dt: d
   data: [ 3.6687495098581172e+02, 0., 3.7621769200552956e+02, 0.,
       3.6726361788508825e+02, 2.2399932895774910e+02, 0., 0., 1. ]
D2: !!opencv-matrix
   rows: 5
   cols: 1
   dt: d
   data: [ -2.2201337830972428e-02, -1.1445843221826492e-03,
       2.9199201696882579e-04, -7.1705872414221615e-04,
       5.1284674356775366e-04 ]
P2: !!opencv-matrix
   rows: 3
   cols: 4
   dt: f
   data: [ 3.57758209e+02, 0., 4.25117859e+02, 2.30030346e-04, 0.,
       3.57758209e+02, 2.31679916e+02, 0., 0., 0., 1., 0. ]
R2: !!opencv-matrix
   rows: 3
   cols: 3
   dt: f
   data: [ 9.98751462e-01, -2.45106942e-03, -4.98947091e-02,
       2.22526561e-03, 9.99987006e-01, -4.58065467e-03, 4.99052927e-02,
       4.46390640e-03, 9.98743951e-01 ]
