%YAML:1.0
---
Q: !!opencv-matrix
   rows: 4
   cols: 4
   dt: f
   data: [ 1., 0., 0., -4.25084076e+02, 0., 1., 0., -2.31680664e+02, 0.,
       0., 0., 3.57690735e+02, 0., 0., -1542724., 0. ]
R: !!opencv-matrix
   rows: 3
   cols: 3
   dt: d
   data: [ 3.5434067983450703e+01, 4.3237603702985578e-01,
       -1.4732832701835308e+00, -3.4409542388894632e-01,
       3.4937964012187713e+01, 3.2936912696107240e-01,
       -3.9983760425013386e-02, -3.4017191257035134e-01,
       3.5026479282099118e+01 ]
T: !!opencv-matrix
   rows: 3
   cols: 1
   dt: d
   data: [ 6.4739858104872089e-07, -1.5175877361843072e-09,
       -3.2269052394917636e-08 ]
E: !!opencv-matrix
   rows: 0
   cols: 0
   dt: u
   data: []
F: !!opencv-matrix
   rows: 0
   cols: 0
   dt: u
   data: []
K1: !!opencv-matrix
   rows: 3
   cols: 3
   dt: d
   data: [ 3.6627756984521932e+02, 0., 3.8060969928433269e+02, 0.,
       3.6653175179255015e+02, 2.3878059668569790e+02, 0., 0., 1. ]
D1: !!opencv-matrix
   rows: 5
   cols: 1
   dt: d
   data: [ -2.1859934914563901e-02, -9.9468572971318997e-04,
       1.6448003429794193e-03, -3.1164985765511365e-04,
       3.5195408316194161e-04 ]
P1: !!opencv-matrix
   rows: 3
   cols: 4
   dt: f
   data: [ 3.57690735e+02, 0., 4.25084076e+02, 0., 0., 3.57690735e+02,
       2.31680664e+02, 0., 0., 0., 1., 0. ]
R1: !!opencv-matrix
   rows: 3
   cols: 3
   dt: f
   data: [ 9.97501254e-01, 9.13413800e-03, -7.00558349e-02,
       -8.81281961e-03, 9.99949217e-01, 4.89431666e-03, 7.00969771e-02,
       -4.26469743e-03, 9.97531056e-01 ]
K2: !!opencv-matrix
   rows: 3
   cols: 3
   dt: d
   data: [ 3.6687495098581172e+02, 0., 3.7621769200552956e+02, 0.,
       3.6726361788508825e+02, 2.2399932895774910e+02, 0., 0., 1. ]
D2: !!opencv-matrix
   rows: 5
   cols: 1
   dt: d
   data: [ -2.2201337830972428e-02, -1.1445843221826492e-03,
       2.9199201696882579e-04, -7.1705872414221615e-04,
       5.1284674356775366e-04 ]
P2: !!opencv-matrix
   rows: 3
   cols: 4
   dt: f
   data: [ 3.57690735e+02, 0., 4.25084076e+02, 2.31856582e-04, 0.,
       3.57690735e+02, 2.31680664e+02, 0., 0., 0., 1., 0. ]
R2: !!opencv-matrix
   rows: 3
   cols: 3
   dt: f
   data: [ 9.98757362e-01, -2.34121899e-03, -4.97822426e-02,
       2.11300282e-03, 9.99987006e-01, -4.63642227e-03, 4.97924499e-02,
       4.52547101e-03, 9.98749316e-01 ]
