%YAML:1.0
---
Q: !!opencv-matrix
   rows: 4
   cols: 4
   dt: f
   data: [ 1., 0., 0., -6.67162781e+02, 0., 1., 0., -2.37424576e+02, 0.,
       0., 0., 3.22678436e+02, 0., 0., -2.42501650e+06, 0. ]
R: !!opencv-matrix
   rows: 3
   cols: 3
   dt: d
   data: [ 3.4122549372054870e+01, 3.4979078826297055e-01,
       -1.5714144958861203e+00, -2.9206414025119992e-01,
       3.3774751747843389e+01, 3.1577750219105166e-01,
       1.1938808290994873e+00, -1.2910007181219735e-01,
       3.3766967699028299e+01 ]
T: !!opencv-matrix
   rows: 3
   cols: 1
   dt: d
   data: [ 4.5338682571180184e-07, -1.6248204513719318e-08,
       -1.3777703381586827e-07 ]
E: !!opencv-matrix
   rows: 0
   cols: 0
   dt: u
   data: []
F: !!opencv-matrix
   rows: 0
   cols: 0
   dt: u
   data: []
K1: !!opencv-matrix
   rows: 3
   cols: 3
   dt: d
   data: [ 3.6627756984521932e+02, 0., 3.8060969928433269e+02, 0.,
       3.6653175179255015e+02, 2.3878059668569790e+02, 0., 0., 1. ]
D1: !!opencv-matrix
   rows: 5
   cols: 1
   dt: d
   data: [ -2.1859934914563901e-02, -9.9468572971318997e-04,
       1.6448003429794193e-03, -3.1164985765511365e-04,
       3.5195408316194161e-04 ]
P1: !!opencv-matrix
   rows: 3
   cols: 4
   dt: f
   data: [ 3.22678436e+02, 0., 6.67162781e+02, 0., 0., 3.22678436e+02,
       2.37424576e+02, 0., 0., 0., 1., 0. ]
R1: !!opencv-matrix
   rows: 3
   cols: 3
   dt: f
   data: [ 9.44282711e-01, -3.00824996e-02, -3.27757925e-01,
       3.05467639e-02, 9.99526381e-01, -3.73285101e-03, 3.27714980e-01,
       -6.48707757e-03, 9.44754362e-01 ]
K2: !!opencv-matrix
   rows: 3
   cols: 3
   dt: d
   data: [ 3.6687495098581172e+02, 0., 3.7621769200552956e+02, 0.,
       3.6726361788508825e+02, 2.2399932895774910e+02, 0., 0., 1. ]
D2: !!opencv-matrix
   rows: 5
   cols: 1
   dt: d
   data: [ -2.2201337830972428e-02, -1.1445843221826492e-03,
       2.9199201696882579e-04, -7.1705872414221615e-04,
       5.1284674356775366e-04 ]
P2: !!opencv-matrix
   rows: 3
   cols: 4
   dt: f
   data: [ 3.22678436e+02, 0., 6.67162781e+02, 1.33062378e-04, 0.,
       3.22678436e+02, 2.37424576e+02, 0., 0., 0., 1., 0. ]
R2: !!opencv-matrix
   rows: 3
   cols: 3
   dt: f
   data: [ 9.57000077e-01, -4.11290005e-02, -2.87157297e-01,
       4.07235064e-02, 9.99143124e-01, -7.38746580e-03, 2.87215084e-01,
       -4.62424615e-03, 9.57854986e-01 ]
