%YAML:1.0
---
Q: !!opencv-matrix
   rows: 4
   cols: 4
   dt: f
   data: [ 1., 0., 0., -4.47897644e+02, 0., 1., 0., -2.31577576e+02, 0.,
       0., 0., 3.57144226e+02, 0., 0., -1.18668313e+06, 0. ]
R: !!opencv-matrix
   rows: 3
   cols: 3
   dt: d
   data: [ 3.6664652040422112e+01, 4.1912110913979211e-01,
       -1.7428954013308597e+00, -3.1980848639493376e-01,
       3.6174229020805598e+01, 3.4503400761428737e-01,
       1.4062169743050594e+00, 5.3105362528876855e-02,
       3.6272249026611938e+01 ]
T: !!opencv-matrix
   rows: 3
   cols: 1
   dt: d
   data: [ 3.8107078144744625e-07, -1.7994840849841102e-08,
       -1.3244907167730770e-07 ]
E: !!opencv-matrix
   rows: 0
   cols: 0
   dt: u
   data: []
F: !!opencv-matrix
   rows: 0
   cols: 0
   dt: u
   data: []
K1: !!opencv-matrix
   rows: 3
   cols: 3
   dt: d
   data: [ 3.6627756984521932e+02, 0., 3.8060969928433269e+02, 0.,
       3.6653175179255015e+02, 2.3878059668569790e+02, 0., 0., 1. ]
D1: !!opencv-matrix
   rows: 5
   cols: 1
   dt: d
   data: [ -2.1859934914563901e-02, -9.9468572971318997e-04,
       1.6448003429794193e-03, -3.1164985765511365e-04,
       3.5195408316194161e-04 ]
P1: !!opencv-matrix
   rows: 3
   cols: 4
   dt: f
   data: [ 3.57144226e+02, 0., 4.47897644e+02, 0., 0., 3.57144226e+02,
       2.31577576e+02, 0., 0., 0., 1., 0. ]
R1: !!opencv-matrix
   rows: 3
   cols: 3
   dt: f
   data: [ 9.95121002e-01, 9.49101150e-03, -9.82044935e-02,
       -9.05175880e-03, 9.99946952e-01, 4.91741579e-03, 9.82459560e-02,
       -4.00450034e-03, 9.95154083e-01 ]
K2: !!opencv-matrix
   rows: 3
   cols: 3
   dt: d
   data: [ 3.6687495098581172e+02, 0., 3.7621769200552956e+02, 0.,
       3.6726361788508825e+02, 2.2399932895774910e+02, 0., 0., 1. ]
D2: !!opencv-matrix
   rows: 5
   cols: 1
   dt: d
   data: [ -2.2201337830972428e-02, -1.1445843221826492e-03,
       2.9199201696882579e-04, -7.1705872414221615e-04,
       5.1284674356775366e-04 ]
P2: !!opencv-matrix
   rows: 3
   cols: 4
   dt: f
   data: [ 3.57144226e+02, 0., 4.47897644e+02, 3.00960062e-04, 0.,
       3.57144226e+02, 2.31577576e+02, 0., 0., 0., 1., 0. ]
R2: !!opencv-matrix
   rows: 3
   cols: 3
   dt: f
   data: [ 9.96925890e-01, -2.45368457e-03, -7.83118010e-02,
       2.10361858e-03, 9.99987423e-01, -4.55234153e-03, 7.83219859e-02,
       4.37360909e-03, 9.96918499e-01 ]
