%YAML:1.0
---
Q: !!opencv-matrix
   rows: 4
   cols: 4
   dt: f
   data: [ 1., 0., 0., -5.90255920e+02, 0., 1., 0., -1.07570633e+02, 0.,
       0., 0., -3.87211370e+00, 0., 0., 9.31296953e+04, 0. ]
R: !!opencv-matrix
   rows: 3
   cols: 3
   dt: d
   data: [ 2.3749558505980605e+01, 1.4696985190078060e-01,
       -1.1229237812163970e+00, -5.5493489962339056e-02,
       2.3482404981000062e+01, 2.0880239904146625e-01,
       1.6145788586306351e+00, -8.0678900015083266e-01,
       2.3671136522398708e+01 ]
T: !!opencv-matrix
   rows: 3
   cols: 1
   dt: d
   data: [ -2.4238158822770117e-06, -2.2298573685269366e-06,
       -1.0220144509418539e-05 ]
E: !!opencv-matrix
   rows: 0
   cols: 0
   dt: u
   data: []
F: !!opencv-matrix
   rows: 0
   cols: 0
   dt: u
   data: []
K1: !!opencv-matrix
   rows: 3
   cols: 3
   dt: d
   data: [ 3.6627756984521932e+02, 0., 3.8060969928433269e+02, 0.,
       3.6653175179255015e+02, 2.3878059668569790e+02, 0., 0., 1. ]
D1: !!opencv-matrix
   rows: 5
   cols: 1
   dt: d
   data: [ -2.1859934914563901e-02, -9.9468572971318997e-04,
       1.6448003429794193e-03, -3.1164985765511365e-04,
       3.5195408316194161e-04 ]
P1: !!opencv-matrix
   rows: 3
   cols: 4
   dt: f
   data: [ -3.87211370e+00, 0., 5.90255920e+02, 0., 0., -3.87211370e+00,
       1.07570633e+02, 0., 0., 0., 1., 0. ]
R1: !!opencv-matrix
   rows: 3
   cols: 3
   dt: f
   data: [ 2.79523492e-01, 1.88241810e-01, 9.41505015e-01,
       -2.03930572e-01, 9.69858706e-01, -1.33365795e-01, -9.38231826e-01,
       -1.54722780e-01, 3.09486538e-01 ]
K2: !!opencv-matrix
   rows: 3
   cols: 3
   dt: d
   data: [ 3.6687495098581172e+02, 0., 3.7621769200552956e+02, 0.,
       3.6726361788508825e+02, 2.2399932895774910e+02, 0., 0., 1. ]
D2: !!opencv-matrix
   rows: 5
   cols: 1
   dt: d
   data: [ -2.2201337830972428e-02, -1.1445843221826492e-03,
       2.9199201696882579e-04, -7.1705872414221615e-04,
       5.1284674356775366e-04 ]
P2: !!opencv-matrix
   rows: 3
   cols: 4
   dt: f
   data: [ -3.87211370e+00, 0., 5.90255920e+02, 4.15776485e-05, 0.,
       -3.87211370e+00, 1.07570633e+02, 0., 0., 0., 1., 0. ]
R2: !!opencv-matrix
   rows: 3
   cols: 3
   dt: f
   data: [ 2.25729227e-01, 2.07665935e-01, 9.51798916e-01,
       -1.91404074e-01, 9.67426419e-01, -1.65682077e-01, -9.55201983e-01,
       -1.44778892e-01, 2.58124530e-01 ]
