%YAML:1.0
---
Q: !!opencv-matrix
   rows: 4
   cols: 4
   dt: f
   data: [ 1., 0., 0., -7.60871643e+02, 0., 1., 0., -2.36574448e+02, 0.,
       0., 0., 2.45719925e+02, 0., 0., -1.87450938e+06, 0. ]
R: !!opencv-matrix
   rows: 3
   cols: 3
   dt: d
   data: [ 3.6872877096194813e+01, 3.4500703461228660e-01,
       -1.6497758321146165e+00, -3.2250890048193520e-01,
       3.6594234652612947e+01, 3.4018620721944248e-01,
       9.8699543743891904e-01, -2.4887112123262189e-01,
       3.6670133131530726e+01 ]
T: !!opencv-matrix
   rows: 3
   cols: 1
   dt: d
   data: [ 5.8578614306504090e-07, -1.3273926478584979e-08,
       -1.8764409727347559e-07 ]
E: !!opencv-matrix
   rows: 0
   cols: 0
   dt: u
   data: []
F: !!opencv-matrix
   rows: 0
   cols: 0
   dt: u
   data: []
K1: !!opencv-matrix
   rows: 3
   cols: 3
   dt: d
   data: [ 3.6627756984521932e+02, 0., 3.8060969928433269e+02, 0.,
       3.6653175179255015e+02, 2.3878059668569790e+02, 0., 0., 1. ]
D1: !!opencv-matrix
   rows: 5
   cols: 1
   dt: d
   data: [ -2.1859934914563901e-02, -9.9468572971318997e-04,
       1.6448003429794193e-03, -3.1164985765511365e-04,
       3.5195408316194161e-04 ]
P1: !!opencv-matrix
   rows: 3
   cols: 4
   dt: f
   data: [ 2.45719925e+02, 0., 7.60871643e+02, 0., 0., 2.45719925e+02,
       2.36574448e+02, 0., 0., 0., 1., 0. ]
R1: !!opencv-matrix
   rows: 3
   cols: 3
   dt: f
   data: [ 9.21246648e-01, -2.15265676e-02, -3.88382882e-01,
       2.23435462e-02, 9.99747455e-01, -2.41311849e-03, 3.88336748e-01,
       -6.45477418e-03, 9.21494961e-01 ]
K2: !!opencv-matrix
   rows: 3
   cols: 3
   dt: d
   data: [ 3.6687495098581172e+02, 0., 3.7621769200552956e+02, 0.,
       3.6726361788508825e+02, 2.2399932895774910e+02, 0., 0., 1. ]
D2: !!opencv-matrix
   rows: 5
   cols: 1
   dt: d
   data: [ -2.2201337830972428e-02, -1.1445843221826492e-03,
       2.9199201696882579e-04, -7.1705872414221615e-04,
       5.1284674356775366e-04 ]
P2: !!opencv-matrix
   rows: 3
   cols: 4
   dt: f
   data: [ 2.45719925e+02, 0., 7.60871643e+02, 1.31084933e-04, 0.,
       2.45719925e+02, 2.36574448e+02, 0., 0., 0., 1., 0. ]
R2: !!opencv-matrix
   rows: 3
   cols: 3
   dt: f
   data: [ 9.35979664e-01, -3.27056199e-02, -3.50531548e-01,
       3.19709592e-02, 9.99457717e-01, -7.88435526e-03, 3.50599319e-01,
       -3.82723287e-03, 9.36517715e-01 ]
