%YAML:1.0
---
Q: !!opencv-matrix
   rows: 4
   cols: 4
   dt: f
   data: [ 1., 0., 0., -4.04235657e+02, 0., 1., 0., -2.31828613e+02, 0.,
       0., 0., 3.56237366e+02, 0., 0., -1.54336877e+03, 0. ]
R: !!opencv-matrix
   rows: 3
   cols: 3
   dt: d
   data: [ 3.4260776215535188e+01, 4.3192486388831641e-01,
       -1.4298908702284134e+00, -3.3308297403759252e-01,
       3.3751257789299324e+01, 3.1844745536280789e-01,
       -4.1837707136134959e-02, -3.1742544912001180e-01,
       3.3800352881395895e+01 ]
T: !!opencv-matrix
   rows: 3
   cols: 1
   dt: d
   data: [ 6.2100724863049416e-07, -1.5205143923588987e-09,
       -1.3274144226351261e-08 ]
E: !!opencv-matrix
   rows: 0
   cols: 0
   dt: u
   data: []
F: !!opencv-matrix
   rows: 0
   cols: 0
   dt: u
   data: []
K1: !!opencv-matrix
   rows: 3
   cols: 3
   dt: d
   data: [ 3.6627756984521932e+02, 0., 3.8060969928433269e+02, 0.,
       3.6653175179255015e+02, 2.3878059668569790e+02, 0., 0., 1. ]
D1: !!opencv-matrix
   rows: 5
   cols: 1
   dt: d
   data: [ -2.1859934914563901e-02, -9.9468572971318997e-04,
       1.6448003429794193e-03, -3.1164985765511365e-04,
       3.5195408316194161e-04 ]
P1: !!opencv-matrix
   rows: 3
   cols: 4
   dt: f
   data: [ 3.56237366e+02, 0., 4.04235657e+02, 0., 0., 3.56237366e+02,
       2.31828613e+02, 0., 0., 0., 1., 0. ]
R1: !!opencv-matrix
   rows: 3
   cols: 3
   dt: f
   data: [ 9.99358833e-01, 5.59347030e-03, -3.53639536e-02,
       -5.43325907e-03, 9.99974549e-01, 4.62482404e-03, 3.53889205e-02,
       -4.42971755e-03, 9.99363780e-01 ]
K2: !!opencv-matrix
   rows: 3
   cols: 3
   dt: d
   data: [ 3.6687495098581172e+02, 0., 3.7621769200552956e+02, 0.,
       3.6726361788508825e+02, 2.2399932895774910e+02, 0., 0., 1. ]
D2: !!opencv-matrix
   rows: 5
   cols: 1
   dt: d
   data: [ -2.2201337830972428e-02, -1.1445843221826492e-03,
       2.9199201696882579e-04, -7.1705872414221615e-04,
       5.1284674356775366e-04 ]
P2: !!opencv-matrix
   rows: 3
   cols: 4
   dt: f
   data: [ 3.56237366e+02, 0., 4.04235657e+02, 2.30818048e-01, 0.,
       3.56237366e+02, 2.31828613e+02, 0., 0., 0., 1., 0. ]
R2: !!opencv-matrix
   rows: 3
   cols: 3
   dt: f
   data: [ 9.99484003e-01, -4.40848526e-03, -3.18162702e-02,
       4.26435750e-03, 9.99980330e-01, -4.59643640e-03, 3.18359062e-02,
       4.45838878e-03, 9.99483168e-01 ]
