%YAML:1.0
---
Q: !!opencv-matrix
   rows: 4
   cols: 4
   dt: f
   data: [ 1., 0., 0., -4.51983307e+02, 0., 1., 0., -2.31647644e+02, 0.,
       0., 0., 3.56284973e+02, 0., 0., -5.58936992e+04, 0. ]
R: !!opencv-matrix
   rows: 3
   cols: 3
   dt: d
   data: [ 3.7665500876076983e+01, 3.6480399835565169e-01,
       -1.6070295843515423e-01, -3.6455442491665402e-01,
       3.7631435514691482e+01, 3.4773231309395686e-01,
       1.1920454560219645e-01, -3.4631160728739907e-01,
       3.7636673956907096e+01 ]
T: !!opencv-matrix
   rows: 3
   cols: 1
   dt: d
   data: [ 6.5571437065375428e-04, -2.8921804309195470e-06,
       -5.7310565743423197e-05 ]
E: !!opencv-matrix
   rows: 0
   cols: 0
   dt: u
   data: []
F: !!opencv-matrix
   rows: 0
   cols: 0
   dt: u
   data: []
K1: !!opencv-matrix
   rows: 3
   cols: 3
   dt: d
   data: [ 3.6627756984521932e+02, 0., 3.8060969928433269e+02, 0.,
       3.6653175179255015e+02, 2.3878059668569790e+02, 0., 0., 1. ]
D1: !!opencv-matrix
   rows: 5
   cols: 1
   dt: d
   data: [ -2.1859934914563901e-02, -9.9468572971318997e-04,
       1.6448003429794193e-03, -3.1164985765511365e-04,
       3.5195408316194161e-04 ]
P1: !!opencv-matrix
   rows: 3
   cols: 4
   dt: f
   data: [ 3.56284973e+02, 0., 4.51983307e+02, 0., 0., 3.56284973e+02,
       2.31647644e+02, 0., 0., 0., 1., 0. ]
R1: !!opencv-matrix
   rows: 3
   cols: 3
   dt: f
   data: [ 9.95004296e-01, 8.05360731e-03, -9.95067880e-02,
       -7.61310291e-03, 9.99959469e-01, 4.80581634e-03, 9.95414630e-02,
       -4.02425230e-03, 9.95025277e-01 ]
K2: !!opencv-matrix
   rows: 3
   cols: 3
   dt: d
   data: [ 3.6687495098581172e+02, 0., 3.7621769200552956e+02, 0.,
       3.6726361788508825e+02, 2.2399932895774910e+02, 0., 0., 1. ]
D2: !!opencv-matrix
   rows: 5
   cols: 1
   dt: d
   data: [ -2.2201337830972428e-02, -1.1445843221826492e-03,
       2.9199201696882579e-04, -7.1705872414221615e-04,
       5.1284674356775366e-04 ]
P2: !!opencv-matrix
   rows: 3
   cols: 4
   dt: f
   data: [ 3.56284973e+02, 0., 4.51983307e+02, 6.37433166e-03, 0.,
       3.56284973e+02, 2.31647644e+02, 0., 0., 0., 1., 0. ]
R2: !!opencv-matrix
   rows: 3
   cols: 3
   dt: f
   data: [ 9.96192575e-01, -4.39393753e-03, -8.70690495e-02,
       4.00863402e-03, 9.99981403e-01, -4.59961966e-03, 8.70876387e-02,
       4.23307903e-03, 9.96191680e-01 ]
