%YAML:1.0
---
Q: !!opencv-matrix
   rows: 4
   cols: 4
   dt: f
   data: [ 1., 0., 0., -4.12630707e+02, 0., 1., 0., -2.31767609e+02, 0.,
       0., 0., 3.56964813e+02, 0., 0., -1657287., 0. ]
R: !!opencv-matrix
   rows: 3
   cols: 3
   dt: d
   data: [ 3.5073063782919711e+01, 3.8811804496882879e-01,
       -1.4399253414440527e+00, -3.3907799083864532e-01,
       3.4630772767840064e+01, 3.2582293162347370e-01,
       1.9279443069593640e-02, -3.4767041294151496e-01,
       3.4716162864632892e+01 ]
T: !!opencv-matrix
   rows: 3
   cols: 1
   dt: d
   data: [ 6.7124159621929676e-07, -1.7959473736188305e-09,
       -3.6393890294757016e-08 ]
E: !!opencv-matrix
   rows: 0
   cols: 0
   dt: u
   data: []
F: !!opencv-matrix
   rows: 0
   cols: 0
   dt: u
   data: []
K1: !!opencv-matrix
   rows: 3
   cols: 3
   dt: d
   data: [ 3.6627756984521932e+02, 0., 3.8060969928433269e+02, 0.,
       3.6653175179255015e+02, 2.3878059668569790e+02, 0., 0., 1. ]
D1: !!opencv-matrix
   rows: 5
   cols: 1
   dt: d
   data: [ -2.1859934914563901e-02, -9.9468572971318997e-04,
       1.6448003429794193e-03, -3.1164985765511365e-04,
       3.5195408316194161e-04 ]
P1: !!opencv-matrix
   rows: 3
   cols: 4
   dt: f
   data: [ 3.56964813e+02, 0., 4.12630707e+02, 0., 0., 3.56964813e+02,
       2.31767609e+02, 0., 0., 0., 1., 0. ]
R1: !!opencv-matrix
   rows: 3
   cols: 3
   dt: f
   data: [ 9.98531938e-01, 7.24672806e-03, -5.36792576e-02,
       -7.02393427e-03, 9.99965906e-01, 4.33796179e-03, 5.37088625e-02,
       -3.95455351e-03, 9.98548806e-01 ]
K2: !!opencv-matrix
   rows: 3
   cols: 3
   dt: d
   data: [ 3.6687495098581172e+02, 0., 3.7621769200552956e+02, 0.,
       3.6726361788508825e+02, 2.2399932895774910e+02, 0., 0., 1. ]
D2: !!opencv-matrix
   rows: 5
   cols: 1
   dt: d
   data: [ -2.2201337830972428e-02, -1.1445843221826492e-03,
       2.9199201696882579e-04, -7.1705872414221615e-04,
       5.1284674356775366e-04 ]
P2: !!opencv-matrix
   rows: 3
   cols: 4
   dt: f
   data: [ 3.56964813e+02, 0., 4.12630707e+02, 2.15391075e-04, 0.,
       3.56964813e+02, 2.31767609e+02, 0., 0., 0., 1., 0. ]
R2: !!opencv-matrix
   rows: 3
   cols: 3
   dt: f
   data: [ 9.99389768e-01, -3.48598533e-03, -3.47552747e-02,
       3.34177609e-03, 9.99985576e-01, -4.20650328e-03, 3.47694382e-02,
       4.08779178e-03, 9.99387026e-01 ]
