%YAML:1.0
---
Q: !!opencv-matrix
   rows: 4
   cols: 4
   dt: f
   data: [ 1., 0., 0., -3.84344849e+02, 0., 1., 0., -2.31859543e+02, 0.,
       0., 0., 3.56037628e+02, 0., 0., -1599725., 0. ]
R: !!opencv-matrix
   rows: 3
   cols: 3
   dt: d
   data: [ 3.5815412130043910e+01, 3.5050260727045318e-01,
       -4.3123837953891148e-01, -3.4931088261594356e-01,
       3.6288039085337680e+01, 3.3653766602669893e-01,
       1.4595989634790427e-01, -3.3389320160286068e-01,
       3.6308433110125328e+01 ]
T: !!opencv-matrix
   rows: 3
   cols: 1
   dt: d
   data: [ 1.8419820176160929e-05, -8.1238907349791570e-08,
       -1.0981574711578278e-06 ]
E: !!opencv-matrix
   rows: 0
   cols: 0
   dt: u
   data: []
F: !!opencv-matrix
   rows: 0
   cols: 0
   dt: u
   data: []
K1: !!opencv-matrix
   rows: 3
   cols: 3
   dt: d
   data: [ 3.6627756984521932e+02, 0., 3.8060969928433269e+02, 0.,
       3.6653175179255015e+02, 2.3878059668569790e+02, 0., 0., 1. ]
D1: !!opencv-matrix
   rows: 5
   cols: 1
   dt: d
   data: [ -2.1859934914563901e-02, -9.9468572971318997e-04,
       1.6448003429794193e-03, -3.1164985765511365e-04,
       3.5195408316194161e-04 ]
P1: !!opencv-matrix
   rows: 3
   cols: 4
   dt: f
   data: [ 3.56037628e+02, 0., 3.84344849e+02, 0., 0., 3.56037628e+02,
       2.31859543e+02, 0., 0., 0., 1., 0. ]
R1: !!opencv-matrix
   rows: 3
   cols: 3
   dt: f
   data: [ 9.99863327e-01, 1.36998249e-03, -1.64762214e-02,
       -1.31252594e-03, 9.99993026e-01, 3.49754817e-03, 1.64808985e-02,
       -3.47544486e-03, 9.99858141e-01 ]
K2: !!opencv-matrix
   rows: 3
   cols: 3
   dt: d
   data: [ 3.6687495098581172e+02, 0., 3.7621769200552956e+02, 0.,
       3.6726361788508825e+02, 2.2399932895774910e+02, 0., 0., 1. ]
D2: !!opencv-matrix
   rows: 5
   cols: 1
   dt: d
   data: [ -2.2201337830972428e-02, -1.1445843221826492e-03,
       2.9199201696882579e-04, -7.1705872414221615e-04,
       5.1284674356775366e-04 ]
P2: !!opencv-matrix
   rows: 3
   cols: 4
   dt: f
   data: [ 3.56037628e+02, 0., 3.84344849e+02, 2.22561765e-04, 0.,
       3.56037628e+02, 2.31859543e+02, 0., 0., 0., 1., 0. ]
R2: !!opencv-matrix
   rows: 3
   cols: 3
   dt: f
   data: [ 9.99978006e-01, -6.63058879e-03, 1.33349415e-04,
       6.63101301e-03, 9.99971926e-01, -3.48619279e-03, -1.10230161e-04,
       3.48700024e-03, 9.99993920e-01 ]
