%YAML:1.0
---
Q: !!opencv-matrix
   rows: 4
   cols: 4
   dt: f
   data: [ 1., 0., 0., -3.82352692e+02, 0., 1., 0., -2.31849854e+02, 0.,
       0., 0., 3.58595367e+02, 0., 0., 5.49115147e-03, 0. ]
R: !!opencv-matrix
   rows: 3
   cols: 3
   dt: d
   data: [ 9.9980434911371507e-01, 9.7516458110478519e-03,
       -3.1469163499916451e-03, -9.6811112537947292e-03,
       9.9971135481102780e-01, 9.2328315537680648e-03,
       3.2426730471691494e-03, -9.2018262628467615e-03,
       9.9975323261348481e-01 ]
T: !!opencv-matrix
   rows: 3
   cols: 1
   dt: d
   data: [ -1.8211056861295575e+02, 8.0335426825954892e-01,
       7.3865381447705925e-01 ]
E: !!opencv-matrix
   rows: 0
   cols: 0
   dt: u
   data: []
F: !!opencv-matrix
   rows: 0
   cols: 0
   dt: u
   data: []
K1: !!opencv-matrix
   rows: 3
   cols: 3
   dt: d
   data: [ 3.6627756984521932e+02, 0., 3.8060969928433269e+02, 0.,
       3.6653175179255015e+02, 2.3878059668569790e+02, 0., 0., 1. ]
D1: !!opencv-matrix
   rows: 5
   cols: 1
   dt: d
   data: [ -2.1859934914563901e-02, -9.9468572971318997e-04,
       1.6448003429794193e-03, -3.1164985765511365e-04,
       3.5195408316194161e-04 ]
P1: !!opencv-matrix
   rows: 3
   cols: 4
   dt: f
   data: [ 3.58595367e+02, 0., 3.82352692e+02, 0., 0., 3.58595367e+02,
       2.31849854e+02, 0., 0., 0., 1., 0. ]
R1: !!opencv-matrix
   rows: 3
   cols: 3
   dt: f
   data: [ 9.99959350e-01, 5.35903405e-03, -7.24723609e-03,
       -5.32566663e-03, 9.99975145e-01, 4.61567426e-03, 7.27179181e-03,
       -4.57689026e-03, 9.99963105e-01 ]
K2: !!opencv-matrix
   rows: 3
   cols: 3
   dt: d
   data: [ 3.6687495098581172e+02, 0., 3.7621769200552956e+02, 0.,
       3.6726361788508825e+02, 2.2399932895774910e+02, 0., 0., 1. ]
D2: !!opencv-matrix
   rows: 5
   cols: 1
   dt: d
   data: [ -2.2201337830972428e-02, -1.1445843221826492e-03,
       2.9199201696882579e-04, -7.1705872414221615e-04,
       5.1284674356775366e-04 ]
P2: !!opencv-matrix
   rows: 3
   cols: 4
   dt: f
   data: [ 3.58595367e+02, 0., 3.82352692e+02, -6.53042148e+04, 0.,
       3.58595367e+02, 2.31849854e+02, 0., 0., 0., 1., 0. ]
R2: !!opencv-matrix
   rows: 3
   cols: 3
   dt: f
   data: [ 9.99982059e-01, -4.41127503e-03, -4.05600062e-03,
       4.39258572e-03, 9.99979734e-01, -4.60525788e-03, 4.07623313e-03,
       4.58735880e-03, 9.99981165e-01 ]
