%YAML:1.0
---
Q: !!opencv-matrix
   rows: 4
   cols: 4
   dt: f
   data: [ 1., 0., 0., -3.82958984e+02, 0., 1., 0., -2.32164307e+02, 0.,
       0., 0., 3.61197357e+02, 0., 0., 5.50037343e-03, 0. ]
R: !!opencv-matrix
   rows: 3
   cols: 3
   dt: d
   data: [ 9.9985317994103162e-01, 9.8140101724858465e-03,
       -3.1378738461671878e-03, -9.6837826877479143e-03,
       9.9977191312918279e-01, 9.2325603321846330e-03,
       3.2427295888728747e-03, -9.2028671881636825e-03,
       9.9981988134104749e-01 ]
T: !!opencv-matrix
   rows: 3
   cols: 1
   dt: d
   data: [ -1.8150227630662468e+02, 1.0885365777104237e+01,
       7.3567719520105745e-01 ]
E: !!opencv-matrix
   rows: 0
   cols: 0
   dt: u
   data: []
F: !!opencv-matrix
   rows: 0
   cols: 0
   dt: u
   data: []
K1: !!opencv-matrix
   rows: 3
   cols: 3
   dt: d
   data: [ 3.6627756984521932e+02, 0., 3.8060969928433269e+02, 0.,
       3.6653175179255015e+02, 2.3878059668569790e+02, 0., 0., 1. ]
D1: !!opencv-matrix
   rows: 5
   cols: 1
   dt: d
   data: [ -2.1859934914563901e-02, -9.9468572971318997e-04,
       1.6448003429794193e-03, -3.1164985765511365e-04,
       3.5195408316194161e-04 ]
P1: !!opencv-matrix
   rows: 3
   cols: 4
   dt: f
   data: [ 3.61197357e+02, 0., 3.82958984e+02, 0., 0., 3.61197357e+02,
       2.32164307e+02, 0., 0., 0., 1., 0. ]
R1: !!opencv-matrix
   rows: 3
   cols: 3
   dt: f
   data: [ 9.98715460e-01, -5.00758067e-02, -7.73883238e-03,
       5.01105115e-02, 9.98734176e-01, 4.35706973e-03, 7.51085253e-03,
       -4.73926961e-03, 9.99960542e-01 ]
K2: !!opencv-matrix
   rows: 3
   cols: 3
   dt: d
   data: [ 3.6687495098581172e+02, 0., 3.7621769200552956e+02, 0.,
       3.6726361788508825e+02, 2.2399932895774910e+02, 0., 0., 1. ]
D2: !!opencv-matrix
   rows: 5
   cols: 1
   dt: d
   data: [ -2.2201337830972428e-02, -1.1445843221826492e-03,
       2.9199201696882579e-04, -7.1705872414221615e-04,
       5.1284674356775366e-04 ]
P2: !!opencv-matrix
   rows: 3
   cols: 4
   dt: f
   data: [ 3.61197357e+02, 0., 3.82958984e+02, -6.56677813e+04, 0.,
       3.61197357e+02, 2.32164307e+02, 0., 0., 0., 1., 0. ]
R2: !!opencv-matrix
   rows: 3
   cols: 3
   dt: f
   data: [ 9.98198271e-01, -5.98656572e-02, -4.04596422e-03,
       5.98466210e-02, 9.98196661e-01, -4.67285980e-03, 4.31841146e-03,
       4.42230329e-03, 9.99980927e-01 ]
