%YAML:1.0
---
Q: !!opencv-matrix
   rows: 4
   cols: 4
   dt: f
   data: [ 1., 0., 0., -3.82660675e+02, 0., 1., 0., -2.32002655e+02, 0.,
       0., 0., 3.57410797e+02, 0., 0., 5.48081612e-03, 0. ]
R: !!opencv-matrix
   rows: 3
   cols: 3
   dt: d
   data: [ 9.9975861055062720e-01, 9.7824692033465690e-03,
       -3.1419364392352811e-03, -9.6820276874292552e-03,
       9.9967245109896408e-01, 9.2321735925466643e-03,
       3.2425812318976630e-03, -9.2017330865722165e-03,
       9.9971645122938724e-01 ]
T: !!opencv-matrix
   rows: 3
   cols: 1
   dt: d
   data: [ -1.8236969072990630e+02, 5.8709362608333944e+00,
       7.3973287308623126e-01 ]
E: !!opencv-matrix
   rows: 0
   cols: 0
   dt: u
   data: []
F: !!opencv-matrix
   rows: 0
   cols: 0
   dt: u
   data: []
K1: !!opencv-matrix
   rows: 3
   cols: 3
   dt: d
   data: [ 3.6627756984521932e+02, 0., 3.8060969928433269e+02, 0.,
       3.6653175179255015e+02, 2.3878059668569790e+02, 0., 0., 1. ]
D1: !!opencv-matrix
   rows: 5
   cols: 1
   dt: d
   data: [ -2.1859934914563901e-02, -9.9468572971318997e-04,
       1.6448003429794193e-03, -3.1164985765511365e-04,
       3.5195408316194161e-04 ]
P1: !!opencv-matrix
   rows: 3
   cols: 4
   dt: f
   data: [ 3.57410797e+02, 0., 3.82660675e+02, 0., 0., 3.57410797e+02,
       2.32002655e+02, 0., 0., 0., 1., 0. ]
R1: !!opencv-matrix
   rows: 3
   cols: 3
   dt: f
   data: [ 9.99721169e-01, -2.23914627e-02, -7.49778608e-03,
       2.24255212e-02, 9.99738455e-01, 4.48965281e-03, 7.39529543e-03,
       -4.65654256e-03, 9.99961793e-01 ]
K2: !!opencv-matrix
   rows: 3
   cols: 3
   dt: d
   data: [ 3.6687495098581172e+02, 0., 3.7621769200552956e+02, 0.,
       3.6726361788508825e+02, 2.2399932895774910e+02, 0., 0., 1. ]
D2: !!opencv-matrix
   rows: 5
   cols: 1
   dt: d
   data: [ -2.2201337830972428e-02, -1.1445843221826492e-03,
       2.9199201696882579e-04, -7.1705872414221615e-04,
       5.1284674356775366e-04 ]
P2: !!opencv-matrix
   rows: 3
   cols: 4
   dt: f
   data: [ 3.57410797e+02, 0., 3.82660675e+02, -6.52112344e+04, 0.,
       3.57410797e+02, 2.32002655e+02, 0., 0., 0., 1., 0. ]
R2: !!opencv-matrix
   rows: 3
   cols: 3
   dt: f
   data: [ 9.99473989e-01, -3.21755670e-02, -4.05409327e-03,
       3.21566872e-02, 9.99472082e-01, -4.63921810e-03, 4.20122268e-03,
       4.50641196e-03, 9.99981046e-01 ]
