%YAML:1.0
---
Q: !!opencv-matrix
   rows: 4
   cols: 4
   dt: f
   data: [ 1., 0., 0., -3.82660797e+02, 0., 1., 0., -2.32002655e+02, 0.,
       0., 0., 3.57410736e+02, 0., 0., 5.48229413e-03, 0. ]
R: !!opencv-matrix
   rows: 3
   cols: 3
   dt: d
   data: [ 9.9976565015150076e-01, 9.7825933584138290e-03,
       -3.1421982799378985e-03, -9.6820983763965581e-03,
       9.9967937655791073e-01, 9.2322452958300740e-03,
       3.2426032488614520e-03, -9.2017970840401423e-03,
       9.9972337978291514e-01 ]
T: !!opencv-matrix
   rows: 3
   cols: 1
   dt: d
   data: [ -1.8232060332700971e+02, 5.8693560138690577e+00,
       7.3953376082187461e-01 ]
E: !!opencv-matrix
   rows: 0
   cols: 0
   dt: u
   data: []
F: !!opencv-matrix
   rows: 0
   cols: 0
   dt: u
   data: []
K1: !!opencv-matrix
   rows: 3
   cols: 3
   dt: d
   data: [ 3.6627756984521932e+02, 0., 3.8060969928433269e+02, 0.,
       3.6653175179255015e+02, 2.3878059668569790e+02, 0., 0., 1. ]
D1: !!opencv-matrix
   rows: 5
   cols: 1
   dt: d
   data: [ -2.1859934914563901e-02, -9.9468572971318997e-04,
       1.6448003429794193e-03, -3.1164985765511365e-04,
       3.5195408316194161e-04 ]
P1: !!opencv-matrix
   rows: 3
   cols: 4
   dt: f
   data: [ 3.57410736e+02, 0., 3.82660797e+02, 0., 0., 3.57410736e+02,
       2.32002655e+02, 0., 0., 0., 1., 0. ]
R1: !!opencv-matrix
   rows: 3
   cols: 3
   dt: f
   data: [ 9.99721169e-01, -2.23913901e-02, -7.49810087e-03,
       2.24254485e-02, 9.99738455e-01, 4.48965142e-03, 7.39560975e-03,
       -4.65654768e-03, 9.99961793e-01 ]
K2: !!opencv-matrix
   rows: 3
   cols: 3
   dt: d
   data: [ 3.6687495098581172e+02, 0., 3.7621769200552956e+02, 0.,
       3.6726361788508825e+02, 2.2399932895774910e+02, 0., 0., 1. ]
D2: !!opencv-matrix
   rows: 5
   cols: 1
   dt: d
   data: [ -2.2201337830972428e-02, -1.1445843221826492e-03,
       2.9199201696882579e-04, -7.1705872414221615e-04,
       5.1284674356775366e-04 ]
P2: !!opencv-matrix
   rows: 3
   cols: 4
   dt: f
   data: [ 3.57410736e+02, 0., 3.82660797e+02, -6.51936484e+04, 0.,
       3.57410736e+02, 2.32002655e+02, 0., 0., 0., 1., 0. ]
R2: !!opencv-matrix
   rows: 3
   cols: 3
   dt: f
   data: [ 9.99473989e-01, -3.21755670e-02, -4.05409327e-03,
       3.21566872e-02, 9.99472082e-01, -4.63921996e-03, 4.20122268e-03,
       4.50641382e-03, 9.99981046e-01 ]
