%YAML:1.0
---
Q: !!opencv-matrix
   rows: 4
   cols: 4
   dt: f
   data: [ 1., 0., 0., -3.83252502e+02, 0., 1., 0., -2.32334427e+02, 0.,
       0., 0., 3.66917267e+02, 0., 0., 5.52320760e-03, 0. ]
R: !!opencv-matrix
   rows: 3
   cols: 3
   dt: d
   data: [ 9.9996557505355177e-01, 9.8447448605434307e-03,
       -3.1350766273193554e-03, -9.6855435977294801e-03,
       9.9988323320760963e-01, 9.2329391734503902e-03,
       3.2432223401522354e-03, -9.2038002444906290e-03,
       9.9993661482631668e-01 ]
T: !!opencv-matrix
   rows: 3
   cols: 1
   dt: d
   data: [ -1.8040086205308651e+02, 1.5831096272216843e+01,
       7.3132642043250740e-01 ]
E: !!opencv-matrix
   rows: 0
   cols: 0
   dt: u
   data: []
F: !!opencv-matrix
   rows: 0
   cols: 0
   dt: u
   data: []
K1: !!opencv-matrix
   rows: 3
   cols: 3
   dt: d
   data: [ 3.6627756984521932e+02, 0., 3.8060969928433269e+02, 0.,
       3.6653175179255015e+02, 2.3878059668569790e+02, 0., 0., 1. ]
D1: !!opencv-matrix
   rows: 5
   cols: 1
   dt: d
   data: [ -2.1859934914563901e-02, -9.9468572971318997e-04,
       1.6448003429794193e-03, -3.1164985765511365e-04,
       3.5195408316194161e-04 ]
P1: !!opencv-matrix
   rows: 3
   cols: 4
   dt: f
   data: [ 3.66917267e+02, 0., 3.83252502e+02, 0., 0., 3.66917267e+02,
       2.32334427e+02, 0., 0., 0., 1., 0. ]
R1: !!opencv-matrix
   rows: 3
   cols: 3
   dt: f
   data: [ 9.96950269e-01, -7.76309446e-02, -7.97756482e-03,
       7.76662752e-02, 9.96970475e-01, 4.21813922e-03, 7.62593886e-03,
       -4.82486282e-03, 9.99959290e-01 ]
K2: !!opencv-matrix
   rows: 3
   cols: 3
   dt: d
   data: [ 3.6687495098581172e+02, 0., 3.7621769200552956e+02, 0.,
       3.6726361788508825e+02, 2.2399932895774910e+02, 0., 0., 1. ]
D2: !!opencv-matrix
   rows: 5
   cols: 1
   dt: d
   data: [ -2.2201337830972428e-02, -1.1445843221826492e-03,
       2.9199201696882579e-04, -7.1705872414221615e-04,
       5.1284674356775366e-04 ]
P2: !!opencv-matrix
   rows: 3
   cols: 4
   dt: f
   data: [ 3.66917267e+02, 0., 3.83252502e+02, -6.64319219e+04, 0.,
       3.66917267e+02, 2.32334427e+02, 0., 0., 0., 1., 0. ]
R2: !!opencv-matrix
   rows: 3
   cols: 3
   dt: f
   data: [ 9.96163487e-01, -8.74184296e-02, -4.03834367e-03,
       8.73992443e-02, 9.96162236e-01, -4.70611174e-03, 4.43424657e-03,
       4.33510868e-03, 9.99980748e-01 ]
