%YAML:1.0
---
Q: !!opencv-matrix
   rows: 4
   cols: 4
   dt: f
   data: [ 1., 0., 0., -3.83252777e+02, 0., 1., 0., -2.32334442e+02, 0.,
       0., 0., 3.66917206e+02, 0., 0., 5.52527420e-03, 0. ]
R: !!opencv-matrix
   rows: 3
   cols: 3
   dt: d
   data: [ 9.9997702982714443e-01, 9.8450395552022365e-03,
       -3.1345494061746390e-03, -9.6856630824718303e-03,
       9.9989456165876545e-01, 9.2329945400090006e-03,
       3.2432586894696165e-03, -9.2039053861283585e-03,
       9.9994795764901856e-01 ]
T: !!opencv-matrix
   rows: 3
   cols: 1
   dt: d
   data: [ -1.8032214754367459e+02, 1.5824188677432009e+01,
       7.3100735178901777e-01 ]
E: !!opencv-matrix
   rows: 0
   cols: 0
   dt: u
   data: []
F: !!opencv-matrix
   rows: 0
   cols: 0
   dt: u
   data: []
K1: !!opencv-matrix
   rows: 3
   cols: 3
   dt: d
   data: [ 3.6627756984521932e+02, 0., 3.8060969928433269e+02, 0.,
       3.6653175179255015e+02, 2.3878059668569790e+02, 0., 0., 1. ]
D1: !!opencv-matrix
   rows: 5
   cols: 1
   dt: d
   data: [ -2.1859934914563901e-02, -9.9468572971318997e-04,
       1.6448003429794193e-03, -3.1164985765511365e-04,
       3.5195408316194161e-04 ]
P1: !!opencv-matrix
   rows: 3
   cols: 4
   dt: f
   data: [ 3.66917206e+02, 0., 3.83252777e+02, 0., 0., 3.66917206e+02,
       2.32334442e+02, 0., 0., 0., 1., 0. ]
R1: !!opencv-matrix
   rows: 3
   cols: 3
   dt: f
   data: [ 9.96950269e-01, -7.76308253e-02, -7.97823817e-03,
       7.76661560e-02, 9.96970475e-01, 4.21812711e-03, 7.62661174e-03,
       -4.82490193e-03, 9.99959290e-01 ]
K2: !!opencv-matrix
   rows: 3
   cols: 3
   dt: d
   data: [ 3.6687495098581172e+02, 0., 3.7621769200552956e+02, 0.,
       3.6726361788508825e+02, 2.2399932895774910e+02, 0., 0., 1. ]
D2: !!opencv-matrix
   rows: 5
   cols: 1
   dt: d
   data: [ -2.2201337830972428e-02, -1.1445843221826492e-03,
       2.9199201696882579e-04, -7.1705872414221615e-04,
       5.1284674356775366e-04 ]
P2: !!opencv-matrix
   rows: 3
   cols: 4
   dt: f
   data: [ 3.66917206e+02, 0., 3.83252777e+02, -6.64070547e+04, 0.,
       3.66917206e+02, 2.32334442e+02, 0., 0., 0., 1., 0. ]
R2: !!opencv-matrix
   rows: 3
   cols: 3
   dt: f
   data: [ 9.96163487e-01, -8.74184296e-02, -4.03834367e-03,
       8.73992443e-02, 9.96162236e-01, -4.70612524e-03, 4.43424750e-03,
       4.33512218e-03, 9.99980748e-01 ]
