%YAML:1.0
---
Q: !!opencv-matrix
   rows: 4
   cols: 4
   dt: f
   data: [ 1., 0., 0., -3.83253998e+02, 0., 1., 0., -2.32334717e+02, 0.,
       0., 0., 3.66907196e+02, 0., 0., 5.52985445e-03, 0. ]
R: !!opencv-matrix
   rows: 3
   cols: 3
   dt: d
   data: [ 9.9993704993296750e-01, 9.8022727924914049e-03,
       -3.1447672017389850e-03, -9.6790722286096125e-03,
       9.9993782882424487e-01, 9.2342449603444211e-03,
       3.2437089457432234e-03, -9.2040958576551091e-03,
       9.9998748139046800e-01 ]
T: !!opencv-matrix
   rows: 3
   cols: 1
   dt: d
   data: [ -1.8019244013147136e+02, 1.5812805871761590e+01,
       7.3048004998620841e-01 ]
E: !!opencv-matrix
   rows: 0
   cols: 0
   dt: u
   data: []
F: !!opencv-matrix
   rows: 0
   cols: 0
   dt: u
   data: []
K1: !!opencv-matrix
   rows: 3
   cols: 3
   dt: d
   data: [ 3.6627756984521932e+02, 0., 3.8060969928433269e+02, 0.,
       3.6653175179255015e+02, 2.3878059668569790e+02, 0., 0., 1. ]
D1: !!opencv-matrix
   rows: 5
   cols: 1
   dt: d
   data: [ -2.1859934914563901e-02, -9.9468572971318997e-04,
       1.6448003429794193e-03, -3.1164985765511365e-04,
       3.5195408316194161e-04 ]
P1: !!opencv-matrix
   rows: 3
   cols: 4
   dt: f
   data: [ 3.66907196e+02, 0., 3.83253998e+02, 0., 0., 3.66907196e+02,
       2.32334717e+02, 0., 0., 0., 1., 0. ]
R1: !!opencv-matrix
   rows: 3
   cols: 3
   dt: f
   data: [ 9.96946514e-01, -7.76786432e-02, -7.98154250e-03,
       7.77139887e-02, 9.96966779e-01, 4.21777880e-03, 7.62970094e-03,
       -4.82517714e-03, 9.99959230e-01 ]
K2: !!opencv-matrix
   rows: 3
   cols: 3
   dt: d
   data: [ 3.6687495098581172e+02, 0., 3.7621769200552956e+02, 0.,
       3.6726361788508825e+02, 2.2399932895774910e+02, 0., 0., 1. ]
D2: !!opencv-matrix
   rows: 5
   cols: 1
   dt: d
   data: [ -2.2201337830972428e-02, -1.1445843221826492e-03,
       2.9199201696882579e-04, -7.1705872414221615e-04,
       5.1284674356775366e-04 ]
P2: !!opencv-matrix
   rows: 3
   cols: 4
   dt: f
   data: [ 3.66907196e+02, 0., 3.83253998e+02, -6.63502500e+04, 0.,
       3.66907196e+02, 2.32334717e+02, 0., 0., 0., 1., 0. ]
R2: !!opencv-matrix
   rows: 3
   cols: 3
   dt: f
   data: [ 9.96163487e-01, -8.74184296e-02, -4.03833017e-03,
       8.73992369e-02, 9.96162236e-01, -4.70609218e-03, 4.43423120e-03,
       4.33509052e-03, 9.99980748e-01 ]
