%YAML:1.0
---
Q: !!opencv-matrix
   rows: 4
   cols: 4
   dt: f
   data: [ 1., 0., 0., -3.82663208e+02, 0., 1., 0., -2.32002838e+02, 0.,
       0., 0., 3.57401550e+02, 0., 0., 5.48310997e-03, 0. ]
R: !!opencv-matrix
   rows: 3
   cols: 3
   dt: d
   data: [ 9.9973267615602623e-01, 9.7500580226333212e-03,
       -3.1496334537217167e-03, -9.6806238011255801e-03,
       9.9969878051352379e-01, 9.2326523153279869e-03,
       3.2428708970693096e-03, -9.2018344248327531e-03,
       9.9974176183065921e-01 ]
T: !!opencv-matrix
   rows: 3
   cols: 1
   dt: d
   data: [ -1.8228839170185842e+02, 5.8683188149266599e+00,
       7.3940165683444736e-01 ]
E: !!opencv-matrix
   rows: 0
   cols: 0
   dt: u
   data: []
F: !!opencv-matrix
   rows: 0
   cols: 0
   dt: u
   data: []
K1: !!opencv-matrix
   rows: 3
   cols: 3
   dt: d
   data: [ 3.6627756984521932e+02, 0., 3.8060969928433269e+02, 0.,
       3.6653175179255015e+02, 2.3878059668569790e+02, 0., 0., 1. ]
D1: !!opencv-matrix
   rows: 5
   cols: 1
   dt: d
   data: [ -2.1859934914563901e-02, -9.9468572971318997e-04,
       1.6448003429794193e-03, -3.1164985765511365e-04,
       3.5195408316194161e-04 ]
P1: !!opencv-matrix
   rows: 3
   cols: 4
   dt: f
   data: [ 3.57401550e+02, 0., 3.82663208e+02, 0., 0., 3.57401550e+02,
       2.32002838e+02, 0., 0., 0., 1., 0. ]
R1: !!opencv-matrix
   rows: 3
   cols: 3
   dt: f
   data: [ 9.99720395e-01, -2.24246327e-02, -7.50434771e-03,
       2.24587210e-02, 9.99737680e-01, 4.48943023e-03, 7.40170572e-03,
       -4.65671299e-03, 9.99961793e-01 ]
K2: !!opencv-matrix
   rows: 3
   cols: 3
   dt: d
   data: [ 3.6687495098581172e+02, 0., 3.7621769200552956e+02, 0.,
       3.6726361788508825e+02, 2.2399932895774910e+02, 0., 0., 1. ]
D2: !!opencv-matrix
   rows: 5
   cols: 1
   dt: d
   data: [ -2.2201337830972428e-02, -1.1445843221826492e-03,
       2.9199201696882579e-04, -7.1705872414221615e-04,
       5.1284674356775366e-04 ]
P2: !!opencv-matrix
   rows: 3
   cols: 4
   dt: f
   data: [ 3.57401550e+02, 0., 3.82663208e+02, -6.51822695e+04, 0.,
       3.57401550e+02, 2.32002838e+02, 0., 0., 0., 1., 0. ]
R2: !!opencv-matrix
   rows: 3
   cols: 3
   dt: f
   data: [ 9.99473989e-01, -3.21755633e-02, -4.05407883e-03,
       3.21566835e-02, 9.99472082e-01, -4.63919248e-03, 4.20120731e-03,
       4.50638682e-03, 9.99981046e-01 ]
