%YAML:1.0
---
Q: !!opencv-matrix
   rows: 4
   cols: 4
   dt: f
   data: [ 1., 0., 0., -3.82959137e+02, 0., 1., 0., -2.32164612e+02, 0.,
       0., 0., 3.61183044e+02, 0., 0., 5.50407637e-03, 0. ]
R: !!opencv-matrix
   rows: 3
   cols: 3
   dt: d
   data: [ 9.9976995751890696e-01, 9.7339266107368677e-03,
       -3.1444083390242410e-03, -9.6758982516115428e-03,
       9.9983427963150562e-01, 9.2334727651287481e-03,
       3.2434866111110019e-03, -9.2030729270489199e-03,
       9.9987744065617934e-01 ]
T: !!opencv-matrix
   rows: 3
   cols: 1
   dt: d
   data: [ -1.8136448205754979e+02, 1.0877101240276504e+01,
       7.3511618145475666e-01 ]
E: !!opencv-matrix
   rows: 0
   cols: 0
   dt: u
   data: []
F: !!opencv-matrix
   rows: 0
   cols: 0
   dt: u
   data: []
K1: !!opencv-matrix
   rows: 3
   cols: 3
   dt: d
   data: [ 3.6627756984521932e+02, 0., 3.8060969928433269e+02, 0.,
       3.6653175179255015e+02, 2.3878059668569790e+02, 0., 0., 1. ]
D1: !!opencv-matrix
   rows: 5
   cols: 1
   dt: d
   data: [ -2.1859934914563901e-02, -9.9468572971318997e-04,
       1.6448003429794193e-03, -3.1164985765511365e-04,
       3.5195408316194161e-04 ]
P1: !!opencv-matrix
   rows: 3
   cols: 4
   dt: f
   data: [ 3.61183044e+02, 0., 3.82959137e+02, 0., 0., 3.61183044e+02,
       2.32164612e+02, 0., 0., 0., 1., 0. ]
R1: !!opencv-matrix
   rows: 3
   cols: 3
   dt: f
   data: [ 9.98712182e-01, -5.01403771e-02, -7.73944473e-03,
       5.01750819e-02, 9.98730958e-01, 4.35669022e-03, 7.51117710e-03,
       -4.73940652e-03, 9.99960542e-01 ]
K2: !!opencv-matrix
   rows: 3
   cols: 3
   dt: d
   data: [ 3.6687495098581172e+02, 0., 3.7621769200552956e+02, 0.,
       3.6726361788508825e+02, 2.2399932895774910e+02, 0., 0., 1. ]
D2: !!opencv-matrix
   rows: 5
   cols: 1
   dt: d
   data: [ -2.2201337830972428e-02, -1.1445843221826492e-03,
       2.9199201696882579e-04, -7.1705872414221615e-04,
       5.1284674356775366e-04 ]
P2: !!opencv-matrix
   rows: 3
   cols: 4
   dt: f
   data: [ 3.61183044e+02, 0., 3.82959137e+02, -6.56210078e+04, 0.,
       3.61183044e+02, 2.32164612e+02, 0., 0., 0., 1., 0. ]
R2: !!opencv-matrix
   rows: 3
   cols: 3
   dt: f
   data: [ 9.98198271e-01, -5.98656535e-02, -4.04594466e-03,
       5.98466173e-02, 9.98196661e-01, -4.67274105e-03, 4.31838492e-03,
       4.42218594e-03, 9.99980927e-01 ]
