%YAML:1.0
---
Q: !!opencv-matrix
   rows: 4
   cols: 4
   dt: f
   data: [ 1., 0., 0., -3.82959045e+02, 0., 1., 0., -2.32164307e+02, 0.,
       0., 0., 3.61197296e+02, 0., 0., 5.49806235e-03, 0. ]
R: !!opencv-matrix
   rows: 3
   cols: 3
   dt: d
   data: [ 9.9984252543712793e-01, 9.8138950619680310e-03,
       -3.1377951996903668e-03, -9.6836787142300408e-03,
       9.9976127568985529e-01, 9.2324593785914708e-03,
       3.2426951471207516e-03, -9.2027692175117547e-03,
       9.9980924256502024e-01 ]
T: !!opencv-matrix
   rows: 3
   cols: 1
   dt: d
   data: [ -1.8157682522067802e+02, 1.0889836753320761e+01,
       7.3597936765725658e-01 ]
E: !!opencv-matrix
   rows: 0
   cols: 0
   dt: u
   data: []
F: !!opencv-matrix
   rows: 0
   cols: 0
   dt: u
   data: []
K1: !!opencv-matrix
   rows: 3
   cols: 3
   dt: d
   data: [ 3.6627756984521932e+02, 0., 3.8060969928433269e+02, 0.,
       3.6653175179255015e+02, 2.3878059668569790e+02, 0., 0., 1. ]
D1: !!opencv-matrix
   rows: 5
   cols: 1
   dt: d
   data: [ -2.1859934914563901e-02, -9.9468572971318997e-04,
       1.6448003429794193e-03, -3.1164985765511365e-04,
       3.5195408316194161e-04 ]
P1: !!opencv-matrix
   rows: 3
   cols: 4
   dt: f
   data: [ 3.61197296e+02, 0., 3.82959045e+02, 0., 0., 3.61197296e+02,
       2.32164307e+02, 0., 0., 0., 1., 0. ]
R1: !!opencv-matrix
   rows: 3
   cols: 3
   dt: f
   data: [ 9.98715460e-01, -5.00758775e-02, -7.73903169e-03,
       5.01105785e-02, 9.98734176e-01, 4.35706694e-03, 7.51105137e-03,
       -4.73927753e-03, 9.99960542e-01 ]
K2: !!opencv-matrix
   rows: 3
   cols: 3
   dt: d
   data: [ 3.6687495098581172e+02, 0., 3.7621769200552956e+02, 0.,
       3.6726361788508825e+02, 2.2399932895774910e+02, 0., 0., 1. ]
D2: !!opencv-matrix
   rows: 5
   cols: 1
   dt: d
   data: [ -2.2201337830972428e-02, -1.1445843221826492e-03,
       2.9199201696882579e-04, -7.1705872414221615e-04,
       5.1284674356775366e-04 ]
P2: !!opencv-matrix
   rows: 3
   cols: 4
   dt: f
   data: [ 3.61197296e+02, 0., 3.82959045e+02, -6.56953828e+04, 0.,
       3.61197296e+02, 2.32164307e+02, 0., 0., 0., 1., 0. ]
R2: !!opencv-matrix
   rows: 3
   cols: 3
   dt: f
   data: [ 9.98198271e-01, -5.98656572e-02, -4.04596422e-03,
       5.98466210e-02, 9.98196661e-01, -4.67286212e-03, 4.31841146e-03,
       4.42230562e-03, 9.99980927e-01 ]
