%YAML:1.0
---
Q: !!opencv-matrix
   rows: 4
   cols: 4
   dt: f
   data: [ 1., 0., 0., -3.82959167e+02, 0., 1., 0., -2.32164322e+02, 0.,
       0., 0., 3.61197266e+02, 0., 0., 5.50094945e-03, 0. ]
R: !!opencv-matrix
   rows: 3
   cols: 3
   dt: d
   data: [ 9.9985662291195831e-01, 9.8141313707566166e-03,
       -3.1377741711307609e-03, -9.6838165439107511e-03,
       9.9977534042554650e-01, 9.2325854062739205e-03,
       3.2427406800885688e-03, -9.2028991330336870e-03,
       9.9982331359883014e-01 ]
T: !!opencv-matrix
   rows: 3
   cols: 1
   dt: d
   data: [ -1.8147826459686846e+02, 1.0883925707149977e+01,
       7.3557987961529547e-01 ]
E: !!opencv-matrix
   rows: 0
   cols: 0
   dt: u
   data: []
F: !!opencv-matrix
   rows: 0
   cols: 0
   dt: u
   data: []
K1: !!opencv-matrix
   rows: 3
   cols: 3
   dt: d
   data: [ 3.6627756984521932e+02, 0., 3.8060969928433269e+02, 0.,
       3.6653175179255015e+02, 2.3878059668569790e+02, 0., 0., 1. ]
D1: !!opencv-matrix
   rows: 5
   cols: 1
   dt: d
   data: [ -2.1859934914563901e-02, -9.9468572971318997e-04,
       1.6448003429794193e-03, -3.1164985765511365e-04,
       3.5195408316194161e-04 ]
P1: !!opencv-matrix
   rows: 3
   cols: 4
   dt: f
   data: [ 3.61197266e+02, 0., 3.82959167e+02, 0., 0., 3.61197266e+02,
       2.32164322e+02, 0., 0., 0., 1., 0. ]
R1: !!opencv-matrix
   rows: 3
   cols: 3
   dt: f
   data: [ 9.98715460e-01, -5.00757620e-02, -7.73934834e-03,
       5.01104631e-02, 9.98734176e-01, 4.35706368e-03, 7.51136802e-03,
       -4.73928917e-03, 9.99960542e-01 ]
K2: !!opencv-matrix
   rows: 3
   cols: 3
   dt: d
   data: [ 3.6687495098581172e+02, 0., 3.7621769200552956e+02, 0.,
       3.6726361788508825e+02, 2.2399932895774910e+02, 0., 0., 1. ]
D2: !!opencv-matrix
   rows: 5
   cols: 1
   dt: d
   data: [ -2.2201337830972428e-02, -1.1445843221826492e-03,
       2.9199201696882579e-04, -7.1705872414221615e-04,
       5.1284674356775366e-04 ]
P2: !!opencv-matrix
   rows: 3
   cols: 4
   dt: f
   data: [ 3.61197266e+02, 0., 3.82959167e+02, -6.56608984e+04, 0.,
       3.61197266e+02, 2.32164322e+02, 0., 0., 0., 1., 0. ]
R2: !!opencv-matrix
   rows: 3
   cols: 3
   dt: f
   data: [ 9.98198271e-01, -5.98656572e-02, -4.04596422e-03,
       5.98466210e-02, 9.98196661e-01, -4.67286631e-03, 4.31841193e-03,
       4.42230981e-03, 9.99980927e-01 ]
