%YAML:1.0
---
Q: !!opencv-matrix
   rows: 4
   cols: 4
   dt: f
   data: [ 1., 0., 0., -3.82960510e+02, 0., 1., 0., -2.32164459e+02, 0.,
       0., 0., 3.61191742e+02, 0., 0., 5.50284516e-03, 0. ]
R: !!opencv-matrix
   rows: 3
   cols: 3
   dt: d
   data: [ 9.9985894873662451e-01, 9.8129978839434744e-03,
       -3.1434394460149529e-03, -9.6837106827635938e-03,
       9.9978028972981581e-01, 9.2329693185253438e-03,
       3.2427668763243471e-03, -9.2029394401092496e-03,
       9.9982821532603916e-01 ]
T: !!opencv-matrix
   rows: 3
   cols: 1
   dt: d
   data: [ -1.8144721112152703e+02, 1.0882063260561953e+01,
       7.3545357661476651e-01 ]
E: !!opencv-matrix
   rows: 0
   cols: 0
   dt: u
   data: []
F: !!opencv-matrix
   rows: 0
   cols: 0
   dt: u
   data: []
K1: !!opencv-matrix
   rows: 3
   cols: 3
   dt: d
   data: [ 3.6627756984521932e+02, 0., 3.8060969928433269e+02, 0.,
       3.6653175179255015e+02, 2.3878059668569790e+02, 0., 0., 1. ]
D1: !!opencv-matrix
   rows: 5
   cols: 1
   dt: d
   data: [ -2.1859934914563901e-02, -9.9468572971318997e-04,
       1.6448003429794193e-03, -3.1164985765511365e-04,
       3.5195408316194161e-04 ]
P1: !!opencv-matrix
   rows: 3
   cols: 4
   dt: f
   data: [ 3.61191742e+02, 0., 3.82960510e+02, 0., 0., 3.61191742e+02,
       2.32164459e+02, 0., 0., 0., 1., 0. ]
R1: !!opencv-matrix
   rows: 3
   cols: 3
   dt: f
   data: [ 9.98714268e-01, -5.00983559e-02, -7.74286781e-03,
       5.01330756e-02, 9.98733044e-01, 4.35688952e-03, 7.51478458e-03,
       -4.73946147e-03, 9.99960542e-01 ]
K2: !!opencv-matrix
   rows: 3
   cols: 3
   dt: d
   data: [ 3.6687495098581172e+02, 0., 3.7621769200552956e+02, 0.,
       3.6726361788508825e+02, 2.2399932895774910e+02, 0., 0., 1. ]
D2: !!opencv-matrix
   rows: 5
   cols: 1
   dt: d
   data: [ -2.2201337830972428e-02, -1.1445843221826492e-03,
       2.9199201696882579e-04, -7.1705872414221615e-04,
       5.1284674356775366e-04 ]
P2: !!opencv-matrix
   rows: 3
   cols: 4
   dt: f
   data: [ 3.61191742e+02, 0., 3.82960510e+02, -6.56372734e+04, 0.,
       3.61191742e+02, 2.32164459e+02, 0., 0., 0., 1., 0. ]
R2: !!opencv-matrix
   rows: 3
   cols: 3
   dt: f
   data: [ 9.98198271e-01, -5.98656535e-02, -4.04595630e-03,
       5.98466210e-02, 9.98196661e-01, -4.67286631e-03, 4.31840401e-03,
       4.42231027e-03, 9.99980927e-01 ]
