%YAML:1.0
---
R: !!opencv-matrix
   rows: 3
   cols: 3
   dt: d
   data: [ 9.9994786107858491e-01, 9.5338953915412115e-03,
       -3.6578631776153984e-03, -9.6827774839271553e-03,
       9.9902344252130049e-01, -4.3109223062896593e-02,
       3.2432922408809684e-03, 4.3142393669718553e-02,
       9.9906366910417033e-01 ]
T: !!opencv-matrix
   rows: 3
   cols: 1
   dt: d
   data: [ -1.6997624825260075e+02, 1.0793888964106854e+01,
       1.0729455726644746e+01 ]
Q: !!opencv-matrix
   rows: 4
   cols: 4
   dt: d
   data: [ 1., 0., 0., -4.2825387954711914e+02, 0., 1., 0.,
       -2.3284375381469727e+02, 0., 0., 0., 3.7218261853846843e+02, 0.,
       0., 5.8597327940479154e-03, 0. ]
K1: !!opencv-matrix
   rows: 3
   cols: 3
   dt: d
   data: [ 3.6627756984521932e+02, 0., 3.8060969928433269e+02, 0.,
       3.6653175179255015e+02, 2.3878059668569790e+02, 0., 0., 1. ]
K2: !!opencv-matrix
   rows: 3
   cols: 3
   dt: d
   data: [ 3.6687495098581172e+02, 0., 3.7621769200552956e+02, 0.,
       3.6726361788508825e+02, 2.2399932895774910e+02, 0., 0., 1. ]
D1: !!opencv-matrix
   rows: 5
   cols: 1
   dt: d
   data: [ -2.1859934914563901e-02, -9.9468572971318997e-04,
       1.6448003429794193e-03, -3.1164985765511365e-04,
       3.5195408316194161e-04 ]
D2: !!opencv-matrix
   rows: 5
   cols: 1
   dt: d
   data: [ -2.2201337830972428e-02, -1.1445843221826492e-03,
       2.9199201696882579e-04, -7.1705872414221615e-04,
       5.1284674356775366e-04 ]
R1: !!opencv-matrix
   rows: 3
   cols: 3
   dt: d
   data: [ 9.9637198243606051e-01, -5.6404069473990348e-02,
       -6.3729534465647358e-02, 5.5126495265114969e-02,
       9.9824502675516746e-01, -2.1631830212916640e-02,
       6.4837814091933413e-02, 1.8040163672995536e-02,
       9.9773273493377557e-01 ]
R2: !!opencv-matrix
   rows: 3
   cols: 3
   dt: d
   data: [ 9.9601539609499434e-01, -6.3249305138288830e-02,
       -6.2871743583705439e-02, 6.4719910964519067e-02,
       9.9766893691550185e-01, 2.1633895595507952e-02,
       6.1356856719329250e-02, -2.5616746737559093e-02,
       9.9778711077068327e-01 ]
P1: !!opencv-matrix
   rows: 3
   cols: 4
   dt: d
   data: [ 3.7218261853846843e+02, 0., 4.2825387954711914e+02, 0., 0.,
       3.7218261853846843e+02, 2.3284375381469727e+02, 0., 0., 0., 1.,
       0. ]
P2: !!opencv-matrix
   rows: 3
   cols: 4
   dt: d
   data: [ 3.7218261853846843e+02, 0., 4.2825387954711914e+02,
       -6.3515288430304674e+04, 0., 3.7218261853846843e+02,
       2.3284375381469727e+02, 0., 0., 0., 1., 0. ]
