%YAML:1.0
---
Q: !!opencv-matrix
   rows: 4
   cols: 4
   dt: f
   data: [ 1., 0., 0., -4.04589417e+02, 0., 1., 0., -2.31827515e+02, 0.,
       0., 0., 3.56217682e+02, 0., 0., 7.56127015e-03, 0. ]
R: !!opencv-matrix
   rows: 3
   cols: 3
   dt: d
   data: [ 1.0107272117212294e+00, 9.7965647520846157e-03,
       -5.0961889031749990e-03, -9.7892281977861508e-03,
       1.0110786756776247e+00, 9.3462502150033940e-03,
       3.2915763267454489e-03, -9.3052607610192416e-03,
       1.0111821197913837e+00 ]
T: !!opencv-matrix
   rows: 3
   cols: 1
   dt: d
   data: [ -1.3178610863306699e+02, 5.8136365978845961e-01,
       4.1939295255609501e+00 ]
E: !!opencv-matrix
   rows: 0
   cols: 0
   dt: u
   data: []
F: !!opencv-matrix
   rows: 0
   cols: 0
   dt: u
   data: []
K1: !!opencv-matrix
   rows: 3
   cols: 3
   dt: d
   data: [ 3.6627756984521932e+02, 0., 3.8060969928433269e+02, 0.,
       3.6653175179255015e+02, 2.3878059668569790e+02, 0., 0., 1. ]
D1: !!opencv-matrix
   rows: 5
   cols: 1
   dt: d
   data: [ -2.1859934914563901e-02, -9.9468572971318997e-04,
       1.6448003429794193e-03, -3.1164985765511365e-04,
       3.5195408316194161e-04 ]
P1: !!opencv-matrix
   rows: 3
   cols: 4
   dt: f
   data: [ 3.56217682e+02, 0., 4.04589417e+02, 0., 0., 3.56217682e+02,
       2.31827515e+02, 0., 0., 0., 1., 0. ]
R1: !!opencv-matrix
   rows: 3
   cols: 3
   dt: f
   data: [ 9.99326468e-01, 5.57437865e-03, -3.62703316e-02,
       -5.41011756e-03, 9.99974668e-01, 4.62536654e-03, 3.62951979e-02,
       -4.42602439e-03, 9.99331295e-01 ]
K2: !!opencv-matrix
   rows: 3
   cols: 3
   dt: d
   data: [ 3.6687495098581172e+02, 0., 3.7621769200552956e+02, 0.,
       3.6726361788508825e+02, 2.2399932895774910e+02, 0., 0., 1. ]
D2: !!opencv-matrix
   rows: 5
   cols: 1
   dt: d
   data: [ -2.2201337830972428e-02, -1.1445843221826492e-03,
       2.9199201696882579e-04, -7.1705872414221615e-04,
       5.1284674356775366e-04 ]
P2: !!opencv-matrix
   rows: 3
   cols: 4
   dt: f
   data: [ 3.56217682e+02, 0., 4.04589417e+02, -4.71108242e+04, 0.,
       3.56217682e+02, 2.31827515e+02, 0., 0., 0., 1., 0. ]
R2: !!opencv-matrix
   rows: 3
   cols: 3
   dt: f
   data: [ 9.99484301e-01, -4.40914324e-03, -3.18073481e-02,
       4.26510489e-03, 9.99980330e-01, -4.59488994e-03, 3.18269841e-02,
       4.45685862e-03, 9.99483466e-01 ]
