%YAML:1.0
---
Q: !!opencv-matrix
   rows: 4
   cols: 4
   dt: f
   data: [ 1., 0., 0., -4.04782379e+02, 0., 1., 0., -2.31824112e+02, 0.,
       0., 0., 3.56338623e+02, 0., 0., 7.37185683e-03, 0. ]
R: !!opencv-matrix
   rows: 3
   cols: 3
   dt: d
   data: [ 1.0079614365358842e+00, 1.0027667484141528e-02,
       -6.6191049571135679e-03, -9.7805594860517920e-03,
       1.0117476736256661e+00, 9.3591468297361292e-03,
       3.4030884298689589e-03, -9.3185742715482470e-03,
       1.0119005349081986e+00 ]
T: !!opencv-matrix
   rows: 3
   cols: 1
   dt: d
   data: [ -1.3262261405764136e+02, 5.8505380065324497e-01,
       4.2205492027328129e+00 ]
E: !!opencv-matrix
   rows: 0
   cols: 0
   dt: u
   data: []
F: !!opencv-matrix
   rows: 0
   cols: 0
   dt: u
   data: []
K1: !!opencv-matrix
   rows: 3
   cols: 3
   dt: d
   data: [ 3.6627756984521932e+02, 0., 3.8060969928433269e+02, 0.,
       3.6653175179255015e+02, 2.3878059668569790e+02, 0., 0., 1. ]
D1: !!opencv-matrix
   rows: 5
   cols: 1
   dt: d
   data: [ -2.1859934914563901e-02, -9.9468572971318997e-04,
       1.6448003429794193e-03, -3.1164985765511365e-04,
       3.5195408316194161e-04 ]
P1: !!opencv-matrix
   rows: 3
   cols: 4
   dt: f
   data: [ 3.56338623e+02, 0., 4.04782379e+02, 0., 0., 3.56338623e+02,
       2.31824112e+02, 0., 0., 0., 1., 0. ]
R1: !!opencv-matrix
   rows: 3
   cols: 3
   dt: f
   data: [ 9.99307334e-01, 5.79744438e-03, -3.67591940e-02,
       -5.63092064e-03, 9.99973416e-01, 4.63202922e-03, 3.67850699e-02,
       -4.42183297e-03, 9.99313414e-01 ]
K2: !!opencv-matrix
   rows: 3
   cols: 3
   dt: d
   data: [ 3.6687495098581172e+02, 0., 3.7621769200552956e+02, 0.,
       3.6726361788508825e+02, 2.2399932895774910e+02, 0., 0., 1. ]
D2: !!opencv-matrix
   rows: 5
   cols: 1
   dt: d
   data: [ -2.2201337830972428e-02, -1.1445843221826492e-03,
       2.9199201696882579e-04, -7.1705872414221615e-04,
       5.1284674356775366e-04 ]
P2: !!opencv-matrix
   rows: 3
   cols: 4
   dt: f
   data: [ 3.56338623e+02, 0., 4.04782379e+02, -4.83377031e+04, 0.,
       3.56338623e+02, 2.31824112e+02, 0., 0., 0., 1., 0. ]
R2: !!opencv-matrix
   rows: 3
   cols: 3
   dt: f
   data: [ 9.99484301e-01, -4.40914277e-03, -3.18073258e-02,
       4.26506437e-03, 9.99980330e-01, -4.59614675e-03, 3.18269655e-02,
       4.45811637e-03, 9.99483466e-01 ]
