%YAML:1.0
---
Q: !!opencv-matrix
   rows: 4
   cols: 4
   dt: f
   data: [ 1., 0., 0., -3.82362976e+02, 0., 1., 0., -2.31849838e+02, 0.,
       0., 0., 3.58603119e+02, 0., 0., 6.79267710e-03, 0. ]
R: !!opencv-matrix
   rows: 3
   cols: 3
   dt: d
   data: [ 1.0083687661812950e+00, 9.8172246393960858e-03,
       -3.2468869230353643e-03, -9.7642215681124876e-03,
       1.0083087861937621e+00, 9.3125895228063811e-03,
       3.2702375873201153e-03, -9.2809171085155434e-03,
       1.0083516198526863e+00 ]
T: !!opencv-matrix
   rows: 3
   cols: 1
   dt: d
   data: [ -1.4751686977082986e+02, 6.5061722140285549e-01,
       5.9725916240348587e-01 ]
E: !!opencv-matrix
   rows: 0
   cols: 0
   dt: u
   data: []
F: !!opencv-matrix
   rows: 0
   cols: 0
   dt: u
   data: []
K1: !!opencv-matrix
   rows: 3
   cols: 3
   dt: d
   data: [ 3.6627756984521932e+02, 0., 3.8060969928433269e+02, 0.,
       3.6653175179255015e+02, 2.3878059668569790e+02, 0., 0., 1. ]
D1: !!opencv-matrix
   rows: 5
   cols: 1
   dt: d
   data: [ -2.1859934914563901e-02, -9.9468572971318997e-04,
       1.6448003429794193e-03, -3.1164985765511365e-04,
       3.5195408316194161e-04 ]
P1: !!opencv-matrix
   rows: 3
   cols: 4
   dt: f
   data: [ 3.58603119e+02, 0., 3.82362976e+02, 0., 0., 3.58603119e+02,
       2.31849838e+02, 0., 0., 0., 1., 0. ]
R1: !!opencv-matrix
   rows: 3
   cols: 3
   dt: f
   data: [ 9.99959171e-01, 5.35097346e-03, -7.28091085e-03,
       -5.31745143e-03, 9.99975204e-01, 4.61569661e-03, 7.30542885e-03,
       -4.57679247e-03, 9.99962866e-01 ]
K2: !!opencv-matrix
   rows: 3
   cols: 3
   dt: d
   data: [ 3.6687495098581172e+02, 0., 3.7621769200552956e+02, 0.,
       3.6726361788508825e+02, 2.2399932895774910e+02, 0., 0., 1. ]
D2: !!opencv-matrix
   rows: 5
   cols: 1
   dt: d
   data: [ -2.2201337830972428e-02, -1.1445843221826492e-03,
       2.9199201696882579e-04, -7.1705872414221615e-04,
       5.1284674356775366e-04 ]
P2: !!opencv-matrix
   rows: 3
   cols: 4
   dt: f
   data: [ 3.58603119e+02, 0., 3.82362976e+02, -5.27926055e+04, 0.,
       3.58603119e+02, 2.31849838e+02, 0., 0., 0., 1., 0. ]
R2: !!opencv-matrix
   rows: 3
   cols: 3
   dt: f
   data: [ 9.99982059e-01, -4.41038096e-03, -4.04868415e-03,
       4.39172518e-03, 9.99979734e-01, -4.60520247e-03, 4.06891247e-03,
       4.58733924e-03, 9.99981225e-01 ]
