%YAML:1.0
---
Q: !!opencv-matrix
   rows: 4
   cols: 4
   dt: f
   data: [ 1., 0., 0., -4.26648346e+02, 0., 1., 0., -2.31781128e+02, 0.,
       0., 0., 3.56017120e+02, 0., 0., 8.24222434e-03, 0. ]
R: !!opencv-matrix
   rows: 3
   cols: 3
   dt: d
   data: [ 1.0127478793421900e+00, 9.8207680276114120e-03,
       -5.3375558320167176e-03, -9.8092392904514884e-03,
       1.0131889050292011e+00, 9.3667813839205267e-03,
       3.3147385961675661e-03, -9.3244299260620660e-03,
       1.0133593074903309e+00 ]
T: !!opencv-matrix
   rows: 3
   cols: 1
   dt: d
   data: [ -1.2122099333005194e+02, 5.3472150788319828e-01,
       7.2257202598511858e+00 ]
E: !!opencv-matrix
   rows: 0
   cols: 0
   dt: u
   data: []
F: !!opencv-matrix
   rows: 0
   cols: 0
   dt: u
   data: []
K1: !!opencv-matrix
   rows: 3
   cols: 3
   dt: d
   data: [ 3.6627756984521932e+02, 0., 3.8060969928433269e+02, 0.,
       3.6653175179255015e+02, 2.3878059668569790e+02, 0., 0., 1. ]
D1: !!opencv-matrix
   rows: 5
   cols: 1
   dt: d
   data: [ -2.1859934914563901e-02, -9.9468572971318997e-04,
       1.6448003429794193e-03, -3.1164985765511365e-04,
       3.5195408316194161e-04 ]
P1: !!opencv-matrix
   rows: 3
   cols: 4
   dt: f
   data: [ 3.56017120e+02, 0., 4.26648346e+02, 0., 0., 3.56017120e+02,
       2.31781128e+02, 0., 0., 0., 1., 0. ]
R1: !!opencv-matrix
   rows: 3
   cols: 3
   dt: f
   data: [ 9.97910976e-01, 5.95816551e-03, -6.43286780e-02,
       -5.67109836e-03, 9.99973118e-01, 4.64418624e-03, 6.43546209e-02,
       -4.26967023e-03, 9.97917950e-01 ]
K2: !!opencv-matrix
   rows: 3
   cols: 3
   dt: d
   data: [ 3.6687495098581172e+02, 0., 3.7621769200552956e+02, 0.,
       3.6726361788508825e+02, 2.2399932895774910e+02, 0., 0., 1. ]
D2: !!opencv-matrix
   rows: 5
   cols: 1
   dt: d
   data: [ -2.2201337830972428e-02, -1.1445843221826492e-03,
       2.9199201696882579e-04, -7.1705872414221615e-04,
       5.1284674356775366e-04 ]
P2: !!opencv-matrix
   rows: 3
   cols: 4
   dt: f
   data: [ 3.56017120e+02, 0., 4.26648346e+02, -4.31942969e+04, 0.,
       3.56017120e+02, 2.31781128e+02, 0., 0., 0., 1., 0. ]
R2: !!opencv-matrix
   rows: 3
   cols: 3
   dt: f
   data: [ 9.98218477e-01, -4.40327078e-03, -5.95016293e-02,
       4.13777586e-03, 9.99980927e-01, -4.58445726e-03, 5.95206805e-02,
       4.33008559e-03, 9.98217702e-01 ]
