%YAML:1.0
---
Q: !!opencv-matrix
   rows: 4
   cols: 4
   dt: f
   data: [ 1., 0., 0., -3.82363556e+02, 0., 1., 0., -2.31849838e+02, 0.,
       0., 0., 3.58603394e+02, 0., 0., 6.90739974e-03, 0. ]
R: !!opencv-matrix
   rows: 3
   cols: 3
   dt: d
   data: [ 1.0086935573909357e+00, 9.8178740877856076e-03,
       -3.2889508328526082e-03, -9.7674215814592923e-03,
       1.0086440176235072e+00, 9.3158662725110718e-03,
       3.2713682707923575e-03, -9.2839932083494964e-03,
       1.0086870191623603e+00 ]
T: !!opencv-matrix
   rows: 3
   cols: 1
   dt: d
   data: [ -1.4547891007771170e+02, 6.4162897153215048e-01,
       5.8901054578211032e-01 ]
E: !!opencv-matrix
   rows: 0
   cols: 0
   dt: u
   data: []
F: !!opencv-matrix
   rows: 0
   cols: 0
   dt: u
   data: []
K1: !!opencv-matrix
   rows: 3
   cols: 3
   dt: d
   data: [ 3.6627756984521932e+02, 0., 3.8060969928433269e+02, 0.,
       3.6653175179255015e+02, 2.3878059668569790e+02, 0., 0., 1. ]
D1: !!opencv-matrix
   rows: 5
   cols: 1
   dt: d
   data: [ -2.1859934914563901e-02, -9.9468572971318997e-04,
       1.6448003429794193e-03, -3.1164985765511365e-04,
       3.5195408316194161e-04 ]
P1: !!opencv-matrix
   rows: 3
   cols: 4
   dt: f
   data: [ 3.58603394e+02, 0., 3.82363556e+02, 0., 0., 3.58603394e+02,
       2.31849838e+02, 0., 0., 0., 1., 0. ]
R1: !!opencv-matrix
   rows: 3
   cols: 3
   dt: f
   data: [ 9.99959171e-01, 5.35092037e-03, -7.28238840e-03,
       -5.31739136e-03, 9.99975204e-01, 4.61569848e-03, 7.30690593e-03,
       -4.57678642e-03, 9.99962807e-01 ]
K2: !!opencv-matrix
   rows: 3
   cols: 3
   dt: d
   data: [ 3.6687495098581172e+02, 0., 3.7621769200552956e+02, 0.,
       3.6726361788508825e+02, 2.2399932895774910e+02, 0., 0., 1. ]
D2: !!opencv-matrix
   rows: 5
   cols: 1
   dt: d
   data: [ -2.2201337830972428e-02, -1.1445843221826492e-03,
       2.9199201696882579e-04, -7.1705872414221615e-04,
       5.1284674356775366e-04 ]
P2: !!opencv-matrix
   rows: 3
   cols: 4
   dt: f
   data: [ 3.58603394e+02, 0., 3.82363556e+02, -5.19158281e+04, 0.,
       3.58603394e+02, 2.31849838e+02, 0., 0., 0., 1., 0. ]
R2: !!opencv-matrix
   rows: 3
   cols: 3
   dt: f
   data: [ 9.99982059e-01, -4.41038096e-03, -4.04868508e-03,
       4.39172518e-03, 9.99979734e-01, -4.60520061e-03, 4.06891387e-03,
       4.58733737e-03, 9.99981225e-01 ]
