%YAML:1.0
---
Q: !!opencv-matrix
   rows: 4
   cols: 4
   dt: f
   data: [ 1., 0., 0., -4.04122925e+02, 0., 1., 0., -2.31828918e+02, 0.,
       0., 0., 3.56245453e+02, 0., 0., 7.50057492e-03, 0. ]
R: !!opencv-matrix
   rows: 3
   cols: 3
   dt: d
   data: [ 1.0044641229140201e+00, 1.0610524309067027e-02,
       -5.2399233581375592e-03, -9.7780481517529775e-03,
       1.0142000234053643e+00, 9.3757068014767662e-03,
       3.8722774651212444e-03, -9.3802505638168401e-03,
       1.0143679018443381e+00 ]
T: !!opencv-matrix
   rows: 3
   cols: 1
   dt: d
   data: [ -1.3063061833171628e+02, 5.7622828061285913e-01,
       7.7865972288921830e+00 ]
E: !!opencv-matrix
   rows: 0
   cols: 0
   dt: u
   data: []
F: !!opencv-matrix
   rows: 0
   cols: 0
   dt: u
   data: []
K1: !!opencv-matrix
   rows: 3
   cols: 3
   dt: d
   data: [ 3.6627756984521932e+02, 0., 3.8060969928433269e+02, 0.,
       3.6653175179255015e+02, 2.3878059668569790e+02, 0., 0., 1. ]
D1: !!opencv-matrix
   rows: 5
   cols: 1
   dt: d
   data: [ -2.1859934914563901e-02, -9.9468572971318997e-04,
       1.6448003429794193e-03, -3.1164985765511365e-04,
       3.5195408316194161e-04 ]
P1: !!opencv-matrix
   rows: 3
   cols: 4
   dt: f
   data: [ 3.56245453e+02, 0., 4.04122925e+02, 0., 0., 3.56245453e+02,
       2.31828918e+02, 0., 0., 0., 1., 0. ]
R1: !!opencv-matrix
   rows: 3
   cols: 3
   dt: f
   data: [ 9.99368548e-01, 5.60306758e-03, -3.50866690e-02,
       -5.44409873e-03, 9.99974489e-01, 4.62464103e-03, 3.51116881e-02,
       -4.43070568e-03, 9.99373555e-01 ]
K2: !!opencv-matrix
   rows: 3
   cols: 3
   dt: d
   data: [ 3.6687495098581172e+02, 0., 3.7621769200552956e+02, 0.,
       3.6726361788508825e+02, 2.2399932895774910e+02, 0., 0., 1. ]
D2: !!opencv-matrix
   rows: 5
   cols: 1
   dt: d
   data: [ -2.2201337830972428e-02, -1.1445843221826492e-03,
       2.9199201696882579e-04, -7.1705872414221615e-04,
       5.1284674356775366e-04 ]
P2: !!opencv-matrix
   rows: 3
   cols: 4
   dt: f
   data: [ 3.56245453e+02, 0., 4.04122925e+02, -4.74957539e+04, 0.,
       3.56245453e+02, 2.31828918e+02, 0., 0., 0., 1., 0. ]
R2: !!opencv-matrix
   rows: 3
   cols: 3
   dt: f
   data: [ 9.99484301e-01, -4.40914603e-03, -3.18074115e-02,
       4.26504575e-03, 9.99980330e-01, -4.59682010e-03, 3.18270512e-02,
       4.45878925e-03, 9.99483466e-01 ]
