%YAML:1.0
---
Q: !!opencv-matrix
   rows: 4
   cols: 4
   dt: f
   data: [ 1., 0., 0., -3.82268890e+02, 0., 1., 0., -2.31854080e+02, 0.,
       0., 0., 3.58623718e+02, 0., 0., 6.99003087e-03, 0. ]
R: !!opencv-matrix
   rows: 3
   cols: 3
   dt: d
   data: [ 1.0289546428404337e+00, 9.4124037361302589e-03,
       -3.3985201137209141e-03, -9.8213801382116724e-03,
       1.0019316081558509e+00, 9.2544365980449846e-03,
       3.1403711893776606e-03, -9.2208099240582500e-03,
       1.0019733613436497e+00 ]
T: !!opencv-matrix
   rows: 3
   cols: 1
   dt: d
   data: [ -1.4378829964300073e+02, 6.3417191442473619e-01,
       5.8214652424015023e-01 ]
E: !!opencv-matrix
   rows: 0
   cols: 0
   dt: u
   data: []
F: !!opencv-matrix
   rows: 0
   cols: 0
   dt: u
   data: []
K1: !!opencv-matrix
   rows: 3
   cols: 3
   dt: d
   data: [ 3.6627756984521932e+02, 0., 3.8060969928433269e+02, 0.,
       3.6653175179255015e+02, 2.3878059668569790e+02, 0., 0., 1. ]
D1: !!opencv-matrix
   rows: 5
   cols: 1
   dt: d
   data: [ -2.1859934914563901e-02, -9.9468572971318997e-04,
       1.6448003429794193e-03, -3.1164985765511365e-04,
       3.5195408316194161e-04 ]
P1: !!opencv-matrix
   rows: 3
   cols: 4
   dt: f
   data: [ 3.58623718e+02, 0., 3.82268890e+02, 0., 0., 3.58623718e+02,
       2.31854080e+02, 0., 0., 0., 1., 0. ]
R1: !!opencv-matrix
   rows: 3
   cols: 3
   dt: f
   data: [ 9.99965250e-01, 4.45421645e-03, -7.04283733e-03,
       -4.42180736e-03, 9.99979615e-01, 4.61059809e-03, 7.06323050e-03,
       -4.57929587e-03, 9.99964595e-01 ]
K2: !!opencv-matrix
   rows: 3
   cols: 3
   dt: d
   data: [ 3.6687495098581172e+02, 0., 3.7621769200552956e+02, 0.,
       3.6726361788508825e+02, 2.2399932895774910e+02, 0., 0., 1. ]
D2: !!opencv-matrix
   rows: 5
   cols: 1
   dt: d
   data: [ -2.2201337830972428e-02, -1.1445843221826492e-03,
       2.9199201696882579e-04, -7.1705872414221615e-04,
       5.1284674356775366e-04 ]
P2: !!opencv-matrix
   rows: 3
   cols: 4
   dt: f
   data: [ 3.58623718e+02, 0., 3.82268890e+02, -5.13050273e+04, 0.,
       3.58623718e+02, 2.31854080e+02, 0., 0., 0., 1., 0. ]
R2: !!opencv-matrix
   rows: 3
   cols: 3
   dt: f
   data: [ 9.99982059e-01, -4.41037165e-03, -4.04848391e-03,
       4.39172238e-03, 9.99979734e-01, -4.60389722e-03, 4.06870712e-03,
       4.58603492e-03, 9.99981225e-01 ]
