%YAML:1.0
---
Q: !!opencv-matrix
   rows: 4
   cols: 4
   dt: f
   data: [ 1., 0., 0., -3.82360992e+02, 0., 1., 0., -2.31849838e+02, 0.,
       0., 0., 3.58602234e+02, 0., 0., 6.77876407e-03, 0. ]
R: !!opencv-matrix
   rows: 3
   cols: 3
   dt: d
   data: [ 1.0020436577092251e+00, 1.0550378217064962e-02,
       -5.1843215140004962e-03, -9.7536747415973620e-03,
       1.0115975330909714e+00, 9.3514543760875850e-03,
       3.5862247617332544e-03, -9.3338889012125476e-03,
       1.0117070578281095e+00 ]
T: !!opencv-matrix
   rows: 3
   cols: 1
   dt: d
   data: [ -1.4495222548097027e+02, 6.3944457438259084e-01,
       4.6129136639298363e+00 ]
E: !!opencv-matrix
   rows: 0
   cols: 0
   dt: u
   data: []
F: !!opencv-matrix
   rows: 0
   cols: 0
   dt: u
   data: []
K1: !!opencv-matrix
   rows: 3
   cols: 3
   dt: d
   data: [ 3.6627756984521932e+02, 0., 3.8060969928433269e+02, 0.,
       3.6653175179255015e+02, 2.3878059668569790e+02, 0., 0., 1. ]
D1: !!opencv-matrix
   rows: 5
   cols: 1
   dt: d
   data: [ -2.1859934914563901e-02, -9.9468572971318997e-04,
       1.6448003429794193e-03, -3.1164985765511365e-04,
       3.5195408316194161e-04 ]
P1: !!opencv-matrix
   rows: 3
   cols: 4
   dt: f
   data: [ 3.58602234e+02, 0., 3.82360992e+02, 0., 0., 3.58602234e+02,
       2.31849838e+02, 0., 0., 0., 1., 0. ]
R1: !!opencv-matrix
   rows: 3
   cols: 3
   dt: f
   data: [ 9.99959230e-01, 5.35091199e-03, -7.27583840e-03,
       -5.31741325e-03, 9.99975204e-01, 4.61568963e-03, 7.30035640e-03,
       -4.57681296e-03, 9.99962866e-01 ]
K2: !!opencv-matrix
   rows: 3
   cols: 3
   dt: d
   data: [ 3.6687495098581172e+02, 0., 3.7621769200552956e+02, 0.,
       3.6726361788508825e+02, 2.2399932895774910e+02, 0., 0., 1. ]
D2: !!opencv-matrix
   rows: 5
   cols: 1
   dt: d
   data: [ -2.2201337830972428e-02, -1.1445843221826492e-03,
       2.9199201696882579e-04, -7.1705872414221615e-04,
       5.1284674356775366e-04 ]
P2: !!opencv-matrix
   rows: 3
   cols: 4
   dt: f
   data: [ 3.58602234e+02, 0., 3.82360992e+02, -5.29008242e+04, 0.,
       3.58602234e+02, 2.31849838e+02, 0., 0., 0., 1., 0. ]
R2: !!opencv-matrix
   rows: 3
   cols: 3
   dt: f
   data: [ 9.99982059e-01, -4.41038096e-03, -4.04867902e-03,
       4.39172518e-03, 9.99979734e-01, -4.60520899e-03, 4.06890782e-03,
       4.58734576e-03, 9.99981225e-01 ]
