%YAML:1.0
---
Q: !!opencv-matrix
   rows: 4
   cols: 4
   dt: f
   data: [ 1., 0., 0., -4.04462280e+02, 0., 1., 0., -2.31827911e+02, 0.,
       0., 0., 3.56224152e+02, 0., 0., 7.58414017e-03, 0. ]
R: !!opencv-matrix
   rows: 3
   cols: 3
   dt: d
   data: [ 1.0108918971805636e+00, 9.8189057251311298e-03,
       -4.4506566258173171e-03, -9.7899227642634905e-03,
       1.0110725191579049e+00, 9.3433466432819388e-03,
       3.2861228998636487e-03, -9.3059177665129073e-03,
       1.0111555192196529e+00 ]
T: !!opencv-matrix
   rows: 3
   cols: 1
   dt: d
   data: [ -1.3183000522794879e+02, 5.8155730222041180e-01,
       4.1953263338753706e+00 ]
E: !!opencv-matrix
   rows: 0
   cols: 0
   dt: u
   data: []
F: !!opencv-matrix
   rows: 0
   cols: 0
   dt: u
   data: []
K1: !!opencv-matrix
   rows: 3
   cols: 3
   dt: d
   data: [ 3.6627756984521932e+02, 0., 3.8060969928433269e+02, 0.,
       3.6653175179255015e+02, 2.3878059668569790e+02, 0., 0., 1. ]
D1: !!opencv-matrix
   rows: 5
   cols: 1
   dt: d
   data: [ -2.1859934914563901e-02, -9.9468572971318997e-04,
       1.6448003429794193e-03, -3.1164985765511365e-04,
       3.5195408316194161e-04 ]
P1: !!opencv-matrix
   rows: 3
   cols: 4
   dt: f
   data: [ 3.56224152e+02, 0., 4.04462280e+02, 0., 0., 3.56224152e+02,
       2.31827911e+02, 0., 0., 0., 1., 0. ]
R1: !!opencv-matrix
   rows: 3
   cols: 3
   dt: f
   data: [ 9.99338090e-01, 5.58018032e-03, -3.59478593e-02,
       -5.41736186e-03, 9.99974608e-01, 4.62511880e-03, 3.59727554e-02,
       -4.42731474e-03, 9.99342978e-01 ]
K2: !!opencv-matrix
   rows: 3
   cols: 3
   dt: d
   data: [ 3.6687495098581172e+02, 0., 3.7621769200552956e+02, 0.,
       3.6726361788508825e+02, 2.2399932895774910e+02, 0., 0., 1. ]
D2: !!opencv-matrix
   rows: 5
   cols: 1
   dt: d
   data: [ -2.2201337830972428e-02, -1.1445843221826492e-03,
       2.9199201696882579e-04, -7.1705872414221615e-04,
       5.1284674356775366e-04 ]
P2: !!opencv-matrix
   rows: 3
   cols: 4
   dt: f
   data: [ 3.56224152e+02, 0., 4.04462280e+02, -4.69696211e+04, 0.,
       3.56224152e+02, 2.31827911e+02, 0., 0., 0., 1., 0. ]
R2: !!opencv-matrix
   rows: 3
   cols: 3
   dt: f
   data: [ 9.99484301e-01, -4.40914324e-03, -3.18073481e-02,
       4.26508859e-03, 9.99980330e-01, -4.59539797e-03, 3.18269841e-02,
       4.45736665e-03, 9.99483466e-01 ]
