%YAML:1.0
---
Q: !!opencv-matrix
   rows: 4
   cols: 4
   dt: f
   data: [ 1., 0., 0., -4.26612946e+02, 0., 1., 0., -2.31776535e+02, 0.,
       0., 0., 3.56157227e+02, 0., 0., 7.79592525e-03, 0. ]
R: !!opencv-matrix
   rows: 3
   cols: 3
   dt: d
   data: [ 1.0068722000270440e+00, 1.0407412691486295e-02,
       -6.1275008500737554e-03, -9.7891155462815557e-03,
       1.0142853820636712e+00, 9.3804007569624204e-03,
       3.7340490173119597e-03, -9.3688749067113233e-03,
       1.0145052534973791e+00 ]
T: !!opencv-matrix
   rows: 3
   cols: 1
   dt: d
   data: [ -1.2565409999765301e+02, 5.5427638036809013e-01,
       7.4899632256677746e+00 ]
E: !!opencv-matrix
   rows: 0
   cols: 0
   dt: u
   data: []
F: !!opencv-matrix
   rows: 0
   cols: 0
   dt: u
   data: []
K1: !!opencv-matrix
   rows: 3
   cols: 3
   dt: d
   data: [ 3.6627756984521932e+02, 0., 3.8060969928433269e+02, 0.,
       3.6653175179255015e+02, 2.3878059668569790e+02, 0., 0., 1. ]
D1: !!opencv-matrix
   rows: 5
   cols: 1
   dt: d
   data: [ -2.1859934914563901e-02, -9.9468572971318997e-04,
       1.6448003429794193e-03, -3.1164985765511365e-04,
       3.5195408316194161e-04 ]
P1: !!opencv-matrix
   rows: 3
   cols: 4
   dt: f
   data: [ 3.56157227e+02, 0., 4.26612946e+02, 0., 0., 3.56157227e+02,
       2.31776535e+02, 0., 0., 0., 1., 0. ]
R1: !!opencv-matrix
   rows: 3
   cols: 3
   dt: f
   data: [ 9.97915208e-01, 6.20365655e-03, -6.42397031e-02,
       -5.91672817e-03, 9.99971628e-01, 4.65580914e-03, 6.42667636e-02,
       -4.26601432e-03, 9.97923613e-01 ]
K2: !!opencv-matrix
   rows: 3
   cols: 3
   dt: d
   data: [ 3.6687495098581172e+02, 0., 3.7621769200552956e+02, 0.,
       3.6726361788508825e+02, 2.2399932895774910e+02, 0., 0., 1. ]
D2: !!opencv-matrix
   rows: 5
   cols: 1
   dt: d
   data: [ -2.2201337830972428e-02, -1.1445843221826492e-03,
       2.9199201696882579e-04, -7.1705872414221615e-04,
       5.1284674356775366e-04 ]
P2: !!opencv-matrix
   rows: 3
   cols: 4
   dt: f
   data: [ 3.56157227e+02, 0., 4.26612946e+02, -4.56850469e+04, 0.,
       3.56157227e+02, 2.31776535e+02, 0., 0., 0., 1., 0. ]
R2: !!opencv-matrix
   rows: 3
   cols: 3
   dt: f
   data: [ 9.98218477e-01, -4.40326938e-03, -5.95015809e-02,
       4.13753744e-03, 9.99980927e-01, -4.58843261e-03, 5.95206507e-02,
       4.33406793e-03, 9.98217642e-01 ]
