%YAML:1.0
---
Q: !!opencv-matrix
   rows: 4
   cols: 4
   dt: f
   data: [ 1., 0., 0., -4.26687134e+02, 0., 1., 0., -2.31779083e+02, 0.,
       0., 0., 3.56070160e+02, 0., 0., 8.10407940e-03, 0. ]
R: !!opencv-matrix
   rows: 3
   cols: 3
   dt: d
   data: [ 1.0102478293813930e+00, 1.0067713553144123e-02,
       -6.2882239834619108e-03, -9.8026593877190999e-03,
       1.0140315173663761e+00, 9.3787548862071402e-03,
       3.5167878428920669e-03, -9.3464260515845957e-03,
       1.0142595176377840e+00 ]
T: !!opencv-matrix
   rows: 3
   cols: 1
   dt: d
   data: [ -1.2111032162295461e+02, 5.3423328790990576e-01,
       7.2191223204679043e+00 ]
E: !!opencv-matrix
   rows: 0
   cols: 0
   dt: u
   data: []
F: !!opencv-matrix
   rows: 0
   cols: 0
   dt: u
   data: []
K1: !!opencv-matrix
   rows: 3
   cols: 3
   dt: d
   data: [ 3.6627756984521932e+02, 0., 3.8060969928433269e+02, 0.,
       3.6653175179255015e+02, 2.3878059668569790e+02, 0., 0., 1. ]
D1: !!opencv-matrix
   rows: 5
   cols: 1
   dt: d
   data: [ -2.1859934914563901e-02, -9.9468572971318997e-04,
       1.6448003429794193e-03, -3.1164985765511365e-04,
       3.5195408316194161e-04 ]
P1: !!opencv-matrix
   rows: 3
   cols: 4
   dt: f
   data: [ 3.56070160e+02, 0., 4.26687134e+02, 0., 0., 3.56070160e+02,
       2.31779083e+02, 0., 0., 0., 1., 0. ]
R1: !!opencv-matrix
   rows: 3
   cols: 3
   dt: f
   data: [ 9.97904181e-01, 6.05577650e-03, -6.44252747e-02,
       -5.76818734e-03, 9.99972582e-01, 4.64898581e-03, 6.44516572e-02,
       -4.26762505e-03, 9.97911692e-01 ]
K2: !!opencv-matrix
   rows: 3
   cols: 3
   dt: d
   data: [ 3.6687495098581172e+02, 0., 3.7621769200552956e+02, 0.,
       3.6726361788508825e+02, 2.2399932895774910e+02, 0., 0., 1. ]
D2: !!opencv-matrix
   rows: 5
   cols: 1
   dt: d
   data: [ -2.2201337830972428e-02, -1.1445843221826492e-03,
       2.9199201696882579e-04, -7.1705872414221615e-04,
       5.1284674356775366e-04 ]
P2: !!opencv-matrix
   rows: 3
   cols: 4
   dt: f
   data: [ 3.56070160e+02, 0., 4.26687134e+02, -4.39371523e+04, 0.,
       3.56070160e+02, 2.31779083e+02, 0., 0., 0., 1., 0. ]
R2: !!opencv-matrix
   rows: 3
   cols: 3
   dt: f
   data: [ 9.98218477e-01, -4.40327032e-03, -5.95016144e-02,
       4.13769297e-03, 9.99980927e-01, -4.58584074e-03, 5.95206730e-02,
       4.33147140e-03, 9.98217702e-01 ]
