%YAML:1.0
---
Q: !!opencv-matrix
   rows: 4
   cols: 4
   dt: f
   data: [ 1., 0., 0., -4.48185364e+02, 0., 1., 0., -2.31719574e+02, 0.,
       0., 0., 3.55467102e+02, 0., 0., 7.33424211e-03, 0. ]
R: !!opencv-matrix
   rows: 3
   cols: 3
   dt: d
   data: [ 1.0363719464780523e+00, 8.1038424310703946e-03,
       -3.0109249644716335e-03, -9.8429708554929381e-03,
       9.9982788391792143e-01, 9.2332752123092943e-03,
       3.0949605461378094e-03, -9.1961765882416259e-03,
       9.9986232850476409e-01 ]
T: !!opencv-matrix
   rows: 3
   cols: 1
   dt: d
   data: [ -1.4305832520942130e+02, 6.3095171331299138e-01,
       5.7917971684732095e-01 ]
E: !!opencv-matrix
   rows: 0
   cols: 0
   dt: u
   data: []
F: !!opencv-matrix
   rows: 0
   cols: 0
   dt: u
   data: []
K1: !!opencv-matrix
   rows: 3
   cols: 3
   dt: d
   data: [ 3.6627756984521932e+02, 0., 3.8060969928433269e+02, 0.,
       3.6653175179255015e+02, 2.3878059668569790e+02, 0., 0., 1. ]
D1: !!opencv-matrix
   rows: 5
   cols: 1
   dt: d
   data: [ -2.1859934914563901e-02, -9.9468572971318997e-04,
       1.6448003429794193e-03, -3.1164985765511365e-04,
       3.5195408316194161e-04 ]
P1: !!opencv-matrix
   rows: 3
   cols: 4
   dt: f
   data: [ 3.55467102e+02, 0., 4.48185364e+02, 0., 0., 3.55467102e+02,
       2.31719574e+02, 0., 0., 0., 1., 0. ]
R1: !!opencv-matrix
   rows: 3
   cols: 3
   dt: f
   data: [ 9.95897472e-01, 6.09850511e-03, -9.02832299e-02,
       -5.70161222e-03, 9.99972939e-01, 4.65333927e-03, 9.03091580e-02,
       -4.11948841e-03, 9.95905280e-01 ]
K2: !!opencv-matrix
   rows: 3
   cols: 3
   dt: d
   data: [ 3.6687495098581172e+02, 0., 3.7621769200552956e+02, 0.,
       3.6726361788508825e+02, 2.2399932895774910e+02, 0., 0., 1. ]
D2: !!opencv-matrix
   rows: 5
   cols: 1
   dt: d
   data: [ -2.2201337830972428e-02, -1.1445843221826492e-03,
       2.9199201696882579e-04, -7.1705872414221615e-04,
       5.1284674356775366e-04 ]
P2: !!opencv-matrix
   rows: 3
   cols: 4
   dt: f
   data: [ 3.55467102e+02, 0., 4.48185364e+02, -4.84667773e+04, 0.,
       3.55467102e+02, 2.31719574e+02, 0., 0., 0., 1., 0. ]
R2: !!opencv-matrix
   rows: 3
   cols: 3
   dt: f
   data: [ 9.96193826e-01, -4.39491449e-03, -8.70551243e-02,
       4.01225593e-03, 9.99981523e-01, -4.57008043e-03, 8.70736018e-02,
       4.20339825e-03, 9.96192992e-01 ]
