%YAML:1.0
---
Q: !!opencv-matrix
   rows: 4
   cols: 4
   dt: f
   data: [ 1., 0., 0., -4.48249969e+02, 0., 1., 0., -2.31719360e+02, 0.,
       0., 0., 3.55461121e+02, 0., 0., 8.72223359e-03, 0. ]
R: !!opencv-matrix
   rows: 3
   cols: 3
   dt: d
   data: [ 1.0146857802456954e+00, 9.8810085021231123e-03,
       -3.4370131706591674e-03, -9.8258377229198234e-03,
       1.0147149149693750e+00, 9.3724641220264138e-03,
       3.2968366856341051e-03, -9.3419217946219563e-03,
       1.0147784182532649e+00 ]
T: !!opencv-matrix
   rows: 3
   cols: 1
   dt: d
   data: [ -1.1474120457931195e+02, 5.0616304377932286e-01,
       1.0027575631846664e+01 ]
E: !!opencv-matrix
   rows: 0
   cols: 0
   dt: u
   data: []
F: !!opencv-matrix
   rows: 0
   cols: 0
   dt: u
   data: []
K1: !!opencv-matrix
   rows: 3
   cols: 3
   dt: d
   data: [ 3.6627756984521932e+02, 0., 3.8060969928433269e+02, 0.,
       3.6653175179255015e+02, 2.3878059668569790e+02, 0., 0., 1. ]
D1: !!opencv-matrix
   rows: 5
   cols: 1
   dt: d
   data: [ -2.1859934914563901e-02, -9.9468572971318997e-04,
       1.6448003429794193e-03, -3.1164985765511365e-04,
       3.5195408316194161e-04 ]
P1: !!opencv-matrix
   rows: 3
   cols: 4
   dt: f
   data: [ 3.55461121e+02, 0., 4.48249969e+02, 0., 0., 3.55461121e+02,
       2.31719360e+02, 0., 0., 0., 1., 0. ]
R1: !!opencv-matrix
   rows: 3
   cols: 3
   dt: f
   data: [ 9.95883644e-01, 6.09569857e-03, -9.04359892e-02,
       -5.69816027e-03, 9.99972939e-01, 4.65333788e-03, 9.04619098e-02,
       -4.11886442e-03, 9.95891392e-01 ]
K2: !!opencv-matrix
   rows: 3
   cols: 3
   dt: d
   data: [ 3.6687495098581172e+02, 0., 3.7621769200552956e+02, 0.,
       3.6726361788508825e+02, 2.2399932895774910e+02, 0., 0., 1. ]
D2: !!opencv-matrix
   rows: 5
   cols: 1
   dt: d
   data: [ -2.2201337830972428e-02, -1.1445843221826492e-03,
       2.9199201696882579e-04, -7.1705872414221615e-04,
       5.1284674356775366e-04 ]
P2: !!opencv-matrix
   rows: 3
   cols: 4
   dt: f
   data: [ 3.55461121e+02, 0., 4.48249969e+02, -4.07534492e+04, 0.,
       3.55461121e+02, 2.31719360e+02, 0., 0., 0., 1., 0. ]
R2: !!opencv-matrix
   rows: 3
   cols: 3
   dt: f
   data: [ 9.96193349e-01, -4.39455500e-03, -8.70603547e-02,
       4.01189877e-03, 9.99981523e-01, -4.56977822e-03, 8.70788321e-02,
       4.20310488e-03, 9.96192575e-01 ]
