%YAML:1.0
---
Q: !!opencv-matrix
   rows: 4
   cols: 4
   dt: f
   data: [ 1., 0., 0., -4.26076965e+02, 0., 1., 0., -2.31785446e+02, 0.,
       0., 0., 3.55984528e+02, 0., 0., 8.17396212e-03, 0. ]
R: !!opencv-matrix
   rows: 3
   cols: 3
   dt: d
   data: [ 1.0128686603456498e+00, 9.8611026473691722e-03,
       -3.4687382379510940e-03, -9.8082379981391972e-03,
       1.0128978164685232e+00, 9.3558550120915428e-03,
       3.2892595237647123e-03, -9.3243295529223669e-03,
       1.0129570523585734e+00 ]
T: !!opencv-matrix
   rows: 3
   cols: 1
   dt: d
   data: [ -1.2294316798160210e+02, 5.4231860490040151e-01,
       7.3283843699234481e+00 ]
E: !!opencv-matrix
   rows: 0
   cols: 0
   dt: u
   data: []
F: !!opencv-matrix
   rows: 0
   cols: 0
   dt: u
   data: []
K1: !!opencv-matrix
   rows: 3
   cols: 3
   dt: d
   data: [ 3.6627756984521932e+02, 0., 3.8060969928433269e+02, 0.,
       3.6653175179255015e+02, 2.3878059668569790e+02, 0., 0., 1. ]
D1: !!opencv-matrix
   rows: 5
   cols: 1
   dt: d
   data: [ -2.1859934914563901e-02, -9.9468572971318997e-04,
       1.6448003429794193e-03, -3.1164985765511365e-04,
       3.5195408316194161e-04 ]
P1: !!opencv-matrix
   rows: 3
   cols: 4
   dt: f
   data: [ 3.55984528e+02, 0., 4.26076965e+02, 0., 0., 3.55984528e+02,
       2.31785446e+02, 0., 0., 0., 1., 0. ]
R1: !!opencv-matrix
   rows: 3
   cols: 3
   dt: f
   data: [ 9.98002589e-01, 5.85058145e-03, -6.29012138e-02,
       -5.56986220e-03, 9.99973714e-01, 4.63728653e-03, 6.29266948e-02,
       -4.27767308e-03, 9.98008966e-01 ]
K2: !!opencv-matrix
   rows: 3
   cols: 3
   dt: d
   data: [ 3.6687495098581172e+02, 0., 3.7621769200552956e+02, 0.,
       3.6726361788508825e+02, 2.2399932895774910e+02, 0., 0., 1. ]
D2: !!opencv-matrix
   rows: 5
   cols: 1
   dt: d
   data: [ -2.2201337830972428e-02, -1.1445843221826492e-03,
       2.9199201696882579e-04, -7.1705872414221615e-04,
       5.1284674356775366e-04 ]
P2: !!opencv-matrix
   rows: 3
   cols: 4
   dt: f
   data: [ 3.55984528e+02, 0., 4.26076965e+02, -4.35510391e+04, 0.,
       3.55984528e+02, 2.31785446e+02, 0., 0., 0., 1., 0. ]
R2: !!opencv-matrix
   rows: 3
   cols: 3
   dt: f
   data: [ 9.98218477e-01, -4.40327125e-03, -5.95016368e-02,
       4.13774932e-03, 9.99980927e-01, -4.58490569e-03, 5.95206879e-02,
       4.33053495e-03, 9.98217702e-01 ]
