%YAML:1.0
---
Q: !!opencv-matrix
   rows: 4
   cols: 4
   dt: f
   data: [ 1., 0., 0., -4.48204407e+02, 0., 1., 0., -2.31719574e+02, 0.,
       0., 0., 3.55463898e+02, 0., 0., 8.55525862e-03, 0. ]
R: !!opencv-matrix
   rows: 3
   cols: 3
   dt: d
   data: [ 1.0142587712184130e+00, 9.8766162718753360e-03,
       -3.3544045574586665e-03, -9.8217260698300855e-03,
       1.0142922899803839e+00, 9.3682025296900305e-03,
       3.2958456080640457e-03, -9.3380045928045351e-03,
       1.0143486729024951e+00 ]
T: !!opencv-matrix
   rows: 3
   cols: 1
   dt: d
   data: [ -1.1681328927293785e+02, 5.1530354023089853e-01,
       1.0208656973297986e+01 ]
E: !!opencv-matrix
   rows: 0
   cols: 0
   dt: u
   data: []
F: !!opencv-matrix
   rows: 0
   cols: 0
   dt: u
   data: []
K1: !!opencv-matrix
   rows: 3
   cols: 3
   dt: d
   data: [ 3.6627756984521932e+02, 0., 3.8060969928433269e+02, 0.,
       3.6653175179255015e+02, 2.3878059668569790e+02, 0., 0., 1. ]
D1: !!opencv-matrix
   rows: 5
   cols: 1
   dt: d
   data: [ -2.1859934914563901e-02, -9.9468572971318997e-04,
       1.6448003429794193e-03, -3.1164985765511365e-04,
       3.5195408316194161e-04 ]
P1: !!opencv-matrix
   rows: 3
   cols: 4
   dt: f
   data: [ 3.55463898e+02, 0., 4.48204407e+02, 0., 0., 3.55463898e+02,
       2.31719574e+02, 0., 0., 0., 1., 0. ]
R1: !!opencv-matrix
   rows: 3
   cols: 3
   dt: f
   data: [ 9.95893717e-01, 6.09492743e-03, -9.03246701e-02,
       -5.69786504e-03, 9.99972939e-01, 4.65315115e-03, 9.03505832e-02,
       -4.11938597e-03, 9.95901525e-01 ]
K2: !!opencv-matrix
   rows: 3
   cols: 3
   dt: d
   data: [ 3.6687495098581172e+02, 0., 3.7621769200552956e+02, 0.,
       3.6726361788508825e+02, 2.2399932895774910e+02, 0., 0., 1. ]
D2: !!opencv-matrix
   rows: 5
   cols: 1
   dt: d
   data: [ -2.2201337830972428e-02, -1.1445843221826492e-03,
       2.9199201696882579e-04, -7.1705872414221615e-04,
       5.1284674356775366e-04 ]
P2: !!opencv-matrix
   rows: 3
   cols: 4
   dt: f
   data: [ 3.55463898e+02, 0., 4.48204407e+02, -4.15491719e+04, 0.,
       3.55463898e+02, 2.31719574e+02, 0., 0., 0., 1., 0. ]
R2: !!opencv-matrix
   rows: 3
   cols: 3
   dt: f
   data: [ 9.96193349e-01, -4.39455127e-03, -8.70602727e-02,
       4.01188247e-03, 9.99981523e-01, -4.56993375e-03, 8.70787501e-02,
       4.20326181e-03, 9.96192575e-01 ]
