%YAML:1.0
---
Q: !!opencv-matrix
   rows: 4
   cols: 4
   dt: f
   data: [ 1., 0., 0., -4.26026276e+02, 0., 1., 0., -2.31785614e+02, 0.,
       0., 0., 3.55987701e+02, 0., 0., 8.09061620e-03, 0. ]
R: !!opencv-matrix
   rows: 3
   cols: 3
   dt: d
   data: [ 1.0128059436313772e+00, 9.8620143848960826e-03,
       -3.3678518605587547e-03, -9.8075174495556357e-03,
       1.0128135803438618e+00, 9.3546333796314593e-03,
       3.2877016373266624e-03, -9.3236551052521596e-03,
       1.0128668241399743e+00 ]
T: !!opencv-matrix
   rows: 3
   cols: 1
   dt: d
   data: [ -1.2337978585313149e+02, 5.4424440411915243e-01,
       7.3544056429456113e+00 ]
E: !!opencv-matrix
   rows: 0
   cols: 0
   dt: u
   data: []
F: !!opencv-matrix
   rows: 0
   cols: 0
   dt: u
   data: []
K1: !!opencv-matrix
   rows: 3
   cols: 3
   dt: d
   data: [ 3.6627756984521932e+02, 0., 3.8060969928433269e+02, 0.,
       3.6653175179255015e+02, 2.3878059668569790e+02, 0., 0., 1. ]
D1: !!opencv-matrix
   rows: 5
   cols: 1
   dt: d
   data: [ -2.1859934914563901e-02, -9.9468572971318997e-04,
       1.6448003429794193e-03, -3.1164985765511365e-04,
       3.5195408316194161e-04 ]
P1: !!opencv-matrix
   rows: 3
   cols: 4
   dt: f
   data: [ 3.55987701e+02, 0., 4.26026276e+02, 0., 0., 3.55987701e+02,
       2.31785614e+02, 0., 0., 0., 1., 0. ]
R1: !!opencv-matrix
   rows: 3
   cols: 3
   dt: f
   data: [ 9.98010576e-01, 5.85188251e-03, -6.27744421e-02,
       -5.57171600e-03, 9.99973714e-01, 4.63719247e-03, 6.27999306e-02,
       -4.27820580e-03, 9.98016953e-01 ]
K2: !!opencv-matrix
   rows: 3
   cols: 3
   dt: d
   data: [ 3.6687495098581172e+02, 0., 3.7621769200552956e+02, 0.,
       3.6726361788508825e+02, 2.2399932895774910e+02, 0., 0., 1. ]
D2: !!opencv-matrix
   rows: 5
   cols: 1
   dt: d
   data: [ -2.2201337830972428e-02, -1.1445843221826492e-03,
       2.9199201696882579e-04, -7.1705872414221615e-04,
       5.1284674356775366e-04 ]
P2: !!opencv-matrix
   rows: 3
   cols: 4
   dt: f
   data: [ 3.55987701e+02, 0., 4.26026276e+02, -4.40000742e+04, 0.,
       3.55987701e+02, 2.31785614e+02, 0., 0., 0., 1., 0. ]
R2: !!opencv-matrix
   rows: 3
   cols: 3
   dt: f
   data: [ 9.98218477e-01, -4.40327264e-03, -5.95016740e-02,
       4.13773814e-03, 9.99980927e-01, -4.58511617e-03, 5.95207289e-02,
       4.33074543e-03, 9.98217702e-01 ]
