%YAML:1.0
---
Q: !!opencv-matrix
   rows: 4
   cols: 4
   dt: f
   data: [ 1., 0., 0., -3.82356049e+02, 0., 1., 0., -2.31850922e+02, 0.,
       0., 0., 3.58665131e+02, 0., 0., 6.95454422e-03, 0. ]
R: !!opencv-matrix
   rows: 3
   cols: 3
   dt: d
   data: [ 1.0229821148812042e+00, 9.9878949834775448e-03,
       -3.9557654751873981e-03, -9.8059158830483568e-03,
       1.0039920440360974e+00, 9.2759172988867728e-03,
       3.1795984165846809e-03, -9.2420515722999516e-03,
       1.0040385604784552e+00 ]
T: !!opencv-matrix
   rows: 3
   cols: 1
   dt: d
   data: [ -1.4308071763783019e+02, 6.3105149009816197e-01,
       5.7929256542837060e-01 ]
E: !!opencv-matrix
   rows: 0
   cols: 0
   dt: u
   data: []
F: !!opencv-matrix
   rows: 0
   cols: 0
   dt: u
   data: []
K1: !!opencv-matrix
   rows: 3
   cols: 3
   dt: d
   data: [ 3.6627756984521932e+02, 0., 3.8060969928433269e+02, 0.,
       3.6653175179255015e+02, 2.3878059668569790e+02, 0., 0., 1. ]
D1: !!opencv-matrix
   rows: 5
   cols: 1
   dt: d
   data: [ -2.1859934914563901e-02, -9.9468572971318997e-04,
       1.6448003429794193e-03, -3.1164985765511365e-04,
       3.5195408316194161e-04 ]
P1: !!opencv-matrix
   rows: 3
   cols: 4
   dt: f
   data: [ 3.58665131e+02, 0., 3.82356049e+02, 0., 0., 3.58665131e+02,
       2.31850922e+02, 0., 0., 0., 1., 0. ]
R1: !!opencv-matrix
   rows: 3
   cols: 3
   dt: f
   data: [ 9.99960542e-01, 5.11113368e-03, -7.26390071e-03,
       -5.07769501e-03, 9.99976456e-01, 4.61436668e-03, 7.28731416e-03,
       -4.57730051e-03, 9.99962986e-01 ]
K2: !!opencv-matrix
   rows: 3
   cols: 3
   dt: d
   data: [ 3.6687495098581172e+02, 0., 3.7621769200552956e+02, 0.,
       3.6726361788508825e+02, 2.2399932895774910e+02, 0., 0., 1. ]
D2: !!opencv-matrix
   rows: 5
   cols: 1
   dt: d
   data: [ -2.2201337830972428e-02, -1.1445843221826492e-03,
       2.9199201696882579e-04, -7.1705872414221615e-04,
       5.1284674356775366e-04 ]
P2: !!opencv-matrix
   rows: 3
   cols: 4
   dt: f
   data: [ 3.58665131e+02, 0., 3.82356049e+02, -5.15727734e+04, 0.,
       3.58665131e+02, 2.31850922e+02, 0., 0., 0., 1., 0. ]
R2: !!opencv-matrix
   rows: 3
   cols: 3
   dt: f
   data: [ 9.99982059e-01, -4.41037677e-03, -4.04856354e-03,
       4.39172331e-03, 9.99979734e-01, -4.60478989e-03, 4.06879047e-03,
       4.58692713e-03, 9.99981225e-01 ]
