%YAML:1.0
---
Q: !!opencv-matrix
   rows: 4
   cols: 4
   dt: f
   data: [ 1., 0., 0., -4.48914032e+02, 0., 1., 0., -2.31710754e+02, 0.,
       0., 0., 3.55536865e+02, 0., 0., 8.71518161e-03, 0. ]
R: !!opencv-matrix
   rows: 3
   cols: 3
   dt: d
   data: [ 1.0120674899254618e+00, 1.0107557614429809e-02,
       -6.2520515437156322e-03, -9.8207155122643722e-03,
       1.0159331544529617e+00, 9.3961252378099158e-03,
       3.6361600393662653e-03, -9.3719043101200428e-03,
       1.0162433368266561e+00 ]
T: !!opencv-matrix
   rows: 3
   cols: 1
   dt: d
   data: [ -1.1256209673856908e+02, 4.9655001699762374e-01,
       9.8371311645634876e+00 ]
E: !!opencv-matrix
   rows: 0
   cols: 0
   dt: u
   data: []
F: !!opencv-matrix
   rows: 0
   cols: 0
   dt: u
   data: []
K1: !!opencv-matrix
   rows: 3
   cols: 3
   dt: d
   data: [ 3.6627756984521932e+02, 0., 3.8060969928433269e+02, 0.,
       3.6653175179255015e+02, 2.3878059668569790e+02, 0., 0., 1. ]
D1: !!opencv-matrix
   rows: 5
   cols: 1
   dt: d
   data: [ -2.1859934914563901e-02, -9.9468572971318997e-04,
       1.6448003429794193e-03, -3.1164985765511365e-04,
       3.5195408316194161e-04 ]
P1: !!opencv-matrix
   rows: 3
   cols: 4
   dt: f
   data: [ 3.55536865e+02, 0., 4.48914032e+02, 0., 0., 3.55536865e+02,
       2.31710754e+02, 0., 0., 0., 1., 0. ]
R1: !!opencv-matrix
   rows: 3
   cols: 3
   dt: f
   data: [ 9.95733678e-01, 6.31533936e-03, -9.20574218e-02,
       -5.91043523e-03, 9.99971628e-01, 4.67035407e-03, 9.20843109e-02,
       -4.10632929e-03, 9.95742738e-01 ]
K2: !!opencv-matrix
   rows: 3
   cols: 3
   dt: d
   data: [ 3.6687495098581172e+02, 0., 3.7621769200552956e+02, 0.,
       3.6726361788508825e+02, 2.2399932895774910e+02, 0., 0., 1. ]
D2: !!opencv-matrix
   rows: 5
   cols: 1
   dt: d
   data: [ -2.2201337830972428e-02, -1.1445843221826492e-03,
       2.9199201696882579e-04, -7.1705872414221615e-04,
       5.1284674356775366e-04 ]
P2: !!opencv-matrix
   rows: 3
   cols: 4
   dt: f
   data: [ 3.55536865e+02, 0., 4.48914032e+02, -4.07951211e+04, 0.,
       3.55536865e+02, 2.31710754e+02, 0., 0., 0., 1., 0. ]
R2: !!opencv-matrix
   rows: 3
   cols: 3
   dt: f
   data: [ 9.96193349e-01, -4.39455034e-03, -8.70602429e-02,
       4.01168503e-03, 9.99981523e-01, -4.57217870e-03, 8.70787203e-02,
       4.20551561e-03, 9.96192575e-01 ]
