%YAML:1.0
---
Q: !!opencv-matrix
   rows: 4
   cols: 4
   dt: f
   data: [ 1., 0., 0., -3.82519684e+02, 0., 1., 0., -2.31848541e+02, 0.,
       0., 0., 3.58629974e+02, 0., 0., 7.00620888e-03, 0. ]
R: !!opencv-matrix
   rows: 3
   cols: 3
   dt: d
   data: [ 1.0137106144160868e+00, 1.0129256886957488e-02,
       -3.9497272721042810e-03, -9.7822520291463329e-03,
       1.0072587060319962e+00, 9.3060190709619243e-03,
       3.2409617834239916e-03, -9.2725684740610024e-03,
       1.0073057765288802e+00 ]
T: !!opencv-matrix
   rows: 3
   cols: 1
   dt: d
   data: [ -1.4299910444629180e+02, 6.3069166249327446e-01,
       5.7896504520195757e-01 ]
E: !!opencv-matrix
   rows: 0
   cols: 0
   dt: u
   data: []
F: !!opencv-matrix
   rows: 0
   cols: 0
   dt: u
   data: []
K1: !!opencv-matrix
   rows: 3
   cols: 3
   dt: d
   data: [ 3.6627756984521932e+02, 0., 3.8060969928433269e+02, 0.,
       3.6653175179255015e+02, 2.3878059668569790e+02, 0., 0., 1. ]
D1: !!opencv-matrix
   rows: 5
   cols: 1
   dt: d
   data: [ -2.1859934914563901e-02, -9.9468572971318997e-04,
       1.6448003429794193e-03, -3.1164985765511365e-04,
       3.5195408316194161e-04 ]
P1: !!opencv-matrix
   rows: 3
   cols: 4
   dt: f
   data: [ 3.58629974e+02, 0., 3.82519684e+02, 0., 0., 3.58629974e+02,
       2.31848541e+02, 0., 0., 0., 1., 0. ]
R1: !!opencv-matrix
   rows: 3
   cols: 3
   dt: f
   data: [ 9.99955297e-01, 5.51420450e-03, -7.68109085e-03,
       -5.47884312e-03, 9.99974310e-01, 4.61714389e-03, 7.70635344e-03,
       -4.57485393e-03, 9.99959826e-01 ]
K2: !!opencv-matrix
   rows: 3
   cols: 3
   dt: d
   data: [ 3.6687495098581172e+02, 0., 3.7621769200552956e+02, 0.,
       3.6726361788508825e+02, 2.2399932895774910e+02, 0., 0., 1. ]
D2: !!opencv-matrix
   rows: 5
   cols: 1
   dt: d
   data: [ -2.2201337830972428e-02, -1.1445843221826492e-03,
       2.9199201696882579e-04, -7.1705872414221615e-04,
       5.1284674356775366e-04 ]
P2: !!opencv-matrix
   rows: 3
   cols: 4
   dt: f
   data: [ 3.58629974e+02, 0., 3.82519684e+02, -5.11874492e+04, 0.,
       3.58629974e+02, 2.31848541e+02, 0., 0., 0., 1., 0. ]
R2: !!opencv-matrix
   rows: 3
   cols: 3
   dt: f
   data: [ 9.99982059e-01, -4.41037957e-03, -4.04866226e-03,
       4.39172518e-03, 9.99979734e-01, -4.60496126e-03, 4.06888966e-03,
       4.58709849e-03, 9.99981225e-01 ]
