%YAML:1.0
---
Q: !!opencv-matrix
   rows: 4
   cols: 4
   dt: f
   data: [ 1., 0., 0., -4.04726227e+02, 0., 1., 0., -2.31823380e+02, 0.,
       0., 0., 3.56384491e+02, 0., 0., 7.19728135e-03, 0. ]
R: !!opencv-matrix
   rows: 3
   cols: 3
   dt: d
   data: [ 1.0060427273583055e+00, 1.0212184654661937e-02,
       -6.5425473408790916e-03, -9.7726511574248130e-03,
       1.0118522892072348e+00, 9.3597813292038024e-03,
       3.4678448456090536e-03, -9.3253829271972982e-03,
       1.0120035180682161e+00 ]
T: !!opencv-matrix
   rows: 3
   cols: 1
   dt: d
   data: [ -1.3558107772065514e+02, 5.9810476827331482e-01,
       4.3146966385901200e+00 ]
E: !!opencv-matrix
   rows: 0
   cols: 0
   dt: u
   data: []
F: !!opencv-matrix
   rows: 0
   cols: 0
   dt: u
   data: []
K1: !!opencv-matrix
   rows: 3
   cols: 3
   dt: d
   data: [ 3.6627756984521932e+02, 0., 3.8060969928433269e+02, 0.,
       3.6653175179255015e+02, 2.3878059668569790e+02, 0., 0., 1. ]
D1: !!opencv-matrix
   rows: 5
   cols: 1
   dt: d
   data: [ -2.1859934914563901e-02, -9.9468572971318997e-04,
       1.6448003429794193e-03, -3.1164985765511365e-04,
       3.5195408316194161e-04 ]
P1: !!opencv-matrix
   rows: 3
   cols: 4
   dt: f
   data: [ 3.56384491e+02, 0., 4.04726227e+02, 0., 0., 3.56384491e+02,
       2.31823380e+02, 0., 0., 0., 1., 0. ]
R1: !!opencv-matrix
   rows: 3
   cols: 3
   dt: f
   data: [ 9.99312103e-01, 5.87607035e-03, -3.66165750e-02,
       -5.71015989e-03, 9.99972939e-01, 4.63396311e-03, 3.66428122e-02,
       -4.42168908e-03, 9.99318659e-01 ]
K2: !!opencv-matrix
   rows: 3
   cols: 3
   dt: d
   data: [ 3.6687495098581172e+02, 0., 3.7621769200552956e+02, 0.,
       3.6726361788508825e+02, 2.2399932895774910e+02, 0., 0., 1. ]
D2: !!opencv-matrix
   rows: 5
   cols: 1
   dt: d
   data: [ -2.2201337830972428e-02, -1.1445843221826492e-03,
       2.9199201696882579e-04, -7.1705872414221615e-04,
       5.1284674356775366e-04 ]
P2: !!opencv-matrix
   rows: 3
   cols: 4
   dt: f
   data: [ 3.56384491e+02, 0., 4.04726227e+02, -4.95165430e+04, 0.,
       3.56384491e+02, 2.31823380e+02, 0., 0., 0., 1., 0. ]
R2: !!opencv-matrix
   rows: 3
   cols: 3
   dt: f
   data: [ 9.99484301e-01, -4.40914230e-03, -3.18073109e-02,
       4.26503550e-03, 9.99980330e-01, -4.59703617e-03, 3.18269543e-02,
       4.45900625e-03, 9.99483466e-01 ]
