%YAML:1.0
---
Q: !!opencv-matrix
   rows: 4
   cols: 4
   dt: f
   data: [ 1., 0., 0., -4.48867188e+02, 0., 1., 0., -2.31706802e+02, 0.,
       0., 0., 3.55627808e+02, 0., 0., 8.39942321e-03, 0. ]
R: !!opencv-matrix
   rows: 3
   cols: 3
   dt: d
   data: [ 1.0086648230257738e+00, 1.0467042504660908e-02,
       -6.1713997895834665e-03, -9.8074934381995101e-03,
       1.0162707359980945e+00, 9.3988970716303126e-03,
       3.9642671071935878e-03, -9.4061521041600895e-03,
       1.0165753632837999e+00 ]
T: !!opencv-matrix
   rows: 3
   cols: 1
   dt: d
   data: [ -1.1647333293962664e+02, 5.1380372827452170e-01,
       1.0178941966606908e+01 ]
E: !!opencv-matrix
   rows: 0
   cols: 0
   dt: u
   data: []
F: !!opencv-matrix
   rows: 0
   cols: 0
   dt: u
   data: []
K1: !!opencv-matrix
   rows: 3
   cols: 3
   dt: d
   data: [ 3.6627756984521932e+02, 0., 3.8060969928433269e+02, 0.,
       3.6653175179255015e+02, 2.3878059668569790e+02, 0., 0., 1. ]
D1: !!opencv-matrix
   rows: 5
   cols: 1
   dt: d
   data: [ -2.1859934914563901e-02, -9.9468572971318997e-04,
       1.6448003429794193e-03, -3.1164985765511365e-04,
       3.5195408316194161e-04 ]
P1: !!opencv-matrix
   rows: 3
   cols: 4
   dt: f
   data: [ 3.55627808e+02, 0., 4.48867188e+02, 0., 0., 3.55627808e+02,
       2.31706802e+02, 0., 0., 0., 1., 0. ]
R1: !!opencv-matrix
   rows: 3
   cols: 3
   dt: f
   data: [ 9.95743275e-01, 6.47115521e-03, -9.19427499e-02,
       -6.06641453e-03, 9.99970615e-01, 4.68089059e-03, 9.19703394e-02,
       -4.10320237e-03, 9.95753288e-01 ]
K2: !!opencv-matrix
   rows: 3
   cols: 3
   dt: d
   data: [ 3.6687495098581172e+02, 0., 3.7621769200552956e+02, 0.,
       3.6726361788508825e+02, 2.2399932895774910e+02, 0., 0., 1. ]
D2: !!opencv-matrix
   rows: 5
   cols: 1
   dt: d
   data: [ -2.2201337830972428e-02, -1.1445843221826492e-03,
       2.9199201696882579e-04, -7.1705872414221615e-04,
       5.1284674356775366e-04 ]
P2: !!opencv-matrix
   rows: 3
   cols: 4
   dt: f
   data: [ 3.55627808e+02, 0., 4.48867188e+02, -4.23395469e+04, 0.,
       3.55627808e+02, 2.31706802e+02, 0., 0., 0., 1., 0. ]
R2: !!opencv-matrix
   rows: 3
   cols: 3
   dt: f
   data: [ 9.96193349e-01, -4.39454941e-03, -8.70602056e-02,
       4.01136186e-03, 9.99981463e-01, -4.57586627e-03, 8.70787054e-02,
       4.20921762e-03, 9.96192515e-01 ]
