%YAML:1.0
---
Q: !!opencv-matrix
   rows: 4
   cols: 4
   dt: f
   data: [ 1., 0., 0., -4.04149231e+02, 0., 1., 0., -2.31828796e+02, 0.,
       0., 0., 3.56245544e+02, 0., 0., 7.52834091e-03, 0. ]
R: !!opencv-matrix
   rows: 3
   cols: 3
   dt: d
   data: [ 1.0108521537037447e+00, 9.8421551422555199e-03,
       -3.3657143341159299e-03, -9.7884735858043016e-03,
       1.0108308416152854e+00, 9.3363327039895118e-03,
       3.2789202078882243e-03, -9.3045127677339745e-03,
       1.0108794389219922e+00 ]
T: !!opencv-matrix
   rows: 3
   cols: 1
   dt: d
   data: [ -1.3325435362694654e+02, 5.8784103060008341e-01,
       4.2406628240783846e+00 ]
E: !!opencv-matrix
   rows: 0
   cols: 0
   dt: u
   data: []
F: !!opencv-matrix
   rows: 0
   cols: 0
   dt: u
   data: []
K1: !!opencv-matrix
   rows: 3
   cols: 3
   dt: d
   data: [ 3.6627756984521932e+02, 0., 3.8060969928433269e+02, 0.,
       3.6653175179255015e+02, 2.3878059668569790e+02, 0., 0., 1. ]
D1: !!opencv-matrix
   rows: 5
   cols: 1
   dt: d
   data: [ -2.1859934914563901e-02, -9.9468572971318997e-04,
       1.6448003429794193e-03, -3.1164985765511365e-04,
       3.5195408316194161e-04 ]
P1: !!opencv-matrix
   rows: 3
   cols: 4
   dt: f
   data: [ 3.56245544e+02, 0., 4.04149231e+02, 0., 0., 3.56245544e+02,
       2.31828796e+02, 0., 0., 0., 1., 0. ]
R1: !!opencv-matrix
   rows: 3
   cols: 3
   dt: f
   data: [ 9.99366224e-01, 5.60430903e-03, -3.51533294e-02,
       -5.44504123e-03, 9.99974489e-01, 4.62475885e-03, 3.51783521e-02,
       -4.43041651e-03, 9.99371231e-01 ]
K2: !!opencv-matrix
   rows: 3
   cols: 3
   dt: d
   data: [ 3.6687495098581172e+02, 0., 3.7621769200552956e+02, 0.,
       3.6726361788508825e+02, 2.2399932895774910e+02, 0., 0., 1. ]
D2: !!opencv-matrix
   rows: 5
   cols: 1
   dt: d
   data: [ -2.2201337830972428e-02, -1.1445843221826492e-03,
       2.9199201696882579e-04, -7.1705872414221615e-04,
       5.1284674356775366e-04 ]
P2: !!opencv-matrix
   rows: 3
   cols: 4
   dt: f
   data: [ 3.56245544e+02, 0., 4.04149231e+02, -4.73205898e+04, 0.,
       3.56245544e+02, 2.31828796e+02, 0., 0., 0., 1., 0. ]
R2: !!opencv-matrix
   rows: 3
   cols: 3
   dt: f
   data: [ 9.99484301e-01, -4.40914789e-03, -3.18074562e-02,
       4.26505040e-03, 9.99980330e-01, -4.59673675e-03, 3.18270996e-02,
       4.45870589e-03, 9.99483466e-01 ]
