%YAML:1.0
---
Q: !!opencv-matrix
   rows: 4
   cols: 4
   dt: f
   data: [ 1., 0., 0., -4.04985107e+02, 0., 1., 0., -2.33224503e+02, 0.,
       0., 0., 3.69079132e+02, 0., 0., 4.73880488e-03, 0. ]
R: !!opencv-matrix
   rows: 3
   cols: 3
   dt: d
   data: [ 1.0086576973377406e+00, -4.3187821159691220e-02,
       4.9173538641322241e-02, 4.5371456826920398e-02,
       1.0088574089714530e+00, -4.4026909292460524e-02,
       -4.7225955003142125e-02, 4.6143429177176822e-02,
       1.0086810129365815e+00 ]
T: !!opencv-matrix
   rows: 3
   cols: 1
   dt: d
   data: [ -2.1090408035084522e+02, 1.2648802263679151e+01,
       1.2573283311428748e+01 ]
E: !!opencv-matrix
   rows: 0
   cols: 0
   dt: u
   data: []
F: !!opencv-matrix
   rows: 0
   cols: 0
   dt: u
   data: []
K1: !!opencv-matrix
   rows: 3
   cols: 3
   dt: d
   data: [ 3.6627756984521932e+02, 0., 3.8060969928433269e+02, 0.,
       3.6653175179255015e+02, 2.3878059668569790e+02, 0., 0., 1. ]
D1: !!opencv-matrix
   rows: 5
   cols: 1
   dt: d
   data: [ -2.1859934914563901e-02, -9.9468572971318997e-04,
       1.6448003429794193e-03, -3.1164985765511365e-04,
       3.5195408316194161e-04 ]
P1: !!opencv-matrix
   rows: 3
   cols: 4
   dt: f
   data: [ 3.69079132e+02, 0., 4.04985107e+02, 0., 0., 3.69079132e+02,
       2.33224503e+02, 0., 0., 0., 1., 0. ]
R1: !!opencv-matrix
   rows: 3
   cols: 3
   dt: f
   data: [ 9.94445264e-01, -1.04935631e-01, -8.19034036e-03,
       1.04740836e-01, 9.94269311e-01, -2.13974230e-02, 1.03887571e-02,
       2.04207040e-02, 9.99737501e-01 ]
K2: !!opencv-matrix
   rows: 3
   cols: 3
   dt: d
   data: [ 3.6687495098581172e+02, 0., 3.7621769200552956e+02, 0.,
       3.6726361788508825e+02, 2.2399932895774910e+02, 0., 0., 1. ]
D2: !!opencv-matrix
   rows: 5
   cols: 1
   dt: d
   data: [ -2.2201337830972428e-02, -1.1445843221826492e-03,
       2.9199201696882579e-04, -7.1705872414221615e-04,
       5.1284674356775366e-04 ]
P2: !!opencv-matrix
   rows: 3
   cols: 4
   dt: f
   data: [ 3.69079132e+02, 0., 4.04985107e+02, -7.78844375e+04, 0.,
       3.69079132e+02, 2.33224503e+02, 0., 0., 0., 1., 0. ]
R2: !!opencv-matrix
   rows: 3
   cols: 3
   dt: f
   data: [ 9.96443570e-01, -5.97608946e-02, -5.94040751e-02,
       6.09926879e-02, 9.97954667e-01, 1.91419683e-02, 5.81386313e-02,
       -2.26971060e-02, 9.98050451e-01 ]
