%YAML:1.0
---
Q: !!opencv-matrix
   rows: 4
   cols: 4
   dt: f
   data: [ 1., 0., 0., -3.82963074e+02, 0., 1., 0., -2.32164673e+02, 0.,
       0., 0., 3.61183655e+02, 0., 0., 5.05222939e-03, 0. ]
R: !!opencv-matrix
   rows: 3
   cols: 3
   dt: d
   data: [ 1.0079515234828382e+00, 9.7968178122878509e-03,
       -3.1949967265410494e-03, -9.7586450604913201e-03,
       1.0079464797306090e+00, 9.3098738741369536e-03,
       3.2695109196285636e-03, -9.2775586847011898e-03,
       1.0079892137101731e+00 ]
T: !!opencv-matrix
   rows: 3
   cols: 1
   dt: d
   data: [ -1.9757579412789462e+02, 1.1849405420778151e+01,
       8.0030380819108426e-01 ]
E: !!opencv-matrix
   rows: 0
   cols: 0
   dt: u
   data: []
F: !!opencv-matrix
   rows: 0
   cols: 0
   dt: u
   data: []
K1: !!opencv-matrix
   rows: 3
   cols: 3
   dt: d
   data: [ 3.6627756984521932e+02, 0., 3.8060969928433269e+02, 0.,
       3.6653175179255015e+02, 2.3878059668569790e+02, 0., 0., 1. ]
D1: !!opencv-matrix
   rows: 5
   cols: 1
   dt: d
   data: [ -2.1859934914563901e-02, -9.9468572971318997e-04,
       1.6448003429794193e-03, -3.1164985765511365e-04,
       3.5195408316194161e-04 ]
P1: !!opencv-matrix
   rows: 3
   cols: 4
   dt: f
   data: [ 3.61183655e+02, 0., 3.82963074e+02, 0., 0., 3.61183655e+02,
       2.32164673e+02, 0., 0., 0., 1., 0. ]
R1: !!opencv-matrix
   rows: 3
   cols: 3
   dt: f
   data: [ 9.98712778e-01, -5.01261614e-02, -7.75213912e-03,
       5.01609221e-02, 9.98731673e-01, 4.35662223e-03, 7.52392597e-03,
       -4.73986892e-03, 9.99960482e-01 ]
K2: !!opencv-matrix
   rows: 3
   cols: 3
   dt: d
   data: [ 3.6687495098581172e+02, 0., 3.7621769200552956e+02, 0.,
       3.6726361788508825e+02, 2.2399932895774910e+02, 0., 0., 1. ]
D2: !!opencv-matrix
   rows: 5
   cols: 1
   dt: d
   data: [ -2.2201337830972428e-02, -1.1445843221826492e-03,
       2.9199201696882579e-04, -7.1705872414221615e-04,
       5.1284674356775366e-04 ]
P2: !!opencv-matrix
   rows: 3
   cols: 4
   dt: f
   data: [ 3.61183655e+02, 0., 3.82963074e+02, -7.14899609e+04, 0.,
       3.61183655e+02, 2.32164673e+02, 0., 0., 0., 1., 0. ]
R2: !!opencv-matrix
   rows: 3
   cols: 3
   dt: f
   data: [ 9.98198211e-01, -5.98659143e-02, -4.04331833e-03,
       5.98468892e-02, 9.98196602e-01, -4.67285980e-03, 4.31577163e-03,
       4.42246022e-03, 9.99980927e-01 ]
