%YAML:1.0
---
Q: !!opencv-matrix
   rows: 4
   cols: 4
   dt: f
   data: [ 1., 0., 0., -3.82352448e+02, 0., 1., 0., -2.31849960e+02, 0.,
       0., 0., 3.58602356e+02, 0., 0., 5.20237023e-03, 0. ]
R: !!opencv-matrix
   rows: 3
   cols: 3
   dt: d
   data: [ 1.0080367497155096e+00, 9.7796980843121700e-03,
       -3.1835529661988736e-03, -9.7611255633460701e-03,
       1.0080019379078704e+00, 9.3094365198396218e-03,
       3.2696380180634315e-03, -9.2781524796460534e-03,
       1.0080441153452695e+00 ]
T: !!opencv-matrix
   rows: 3
   cols: 1
   dt: d
   data: [ -1.9347652980344677e+02, 8.5348561006285573e-01,
       7.8426104643517647e-01 ]
E: !!opencv-matrix
   rows: 0
   cols: 0
   dt: u
   data: []
F: !!opencv-matrix
   rows: 0
   cols: 0
   dt: u
   data: []
K1: !!opencv-matrix
   rows: 3
   cols: 3
   dt: d
   data: [ 3.6627756984521932e+02, 0., 3.8060969928433269e+02, 0.,
       3.6653175179255015e+02, 2.3878059668569790e+02, 0., 0., 1. ]
D1: !!opencv-matrix
   rows: 5
   cols: 1
   dt: d
   data: [ -2.1859934914563901e-02, -9.9468572971318997e-04,
       1.6448003429794193e-03, -3.1164985765511365e-04,
       3.5195408316194161e-04 ]
P1: !!opencv-matrix
   rows: 3
   cols: 4
   dt: f
   data: [ 3.58602356e+02, 0., 3.82352448e+02, 0., 0., 3.58602356e+02,
       2.31849960e+02, 0., 0., 0., 1., 0. ]
R1: !!opencv-matrix
   rows: 3
   cols: 3
   dt: f
   data: [ 9.99959469e-01, 5.33401500e-03, -7.24925892e-03,
       -5.30063827e-03, 9.99975324e-01, 4.61559882e-03, 7.27369962e-03,
       -4.57698619e-03, 9.99963045e-01 ]
K2: !!opencv-matrix
   rows: 3
   cols: 3
   dt: d
   data: [ 3.6687495098581172e+02, 0., 3.7621769200552956e+02, 0.,
       3.6726361788508825e+02, 2.2399932895774910e+02, 0., 0., 1. ]
D2: !!opencv-matrix
   rows: 5
   cols: 1
   dt: d
   data: [ -2.2201337830972428e-02, -1.1445843221826492e-03,
       2.9199201696882579e-04, -7.1705872414221615e-04,
       5.1284674356775366e-04 ]
P2: !!opencv-matrix
   rows: 3
   cols: 4
   dt: f
   data: [ 3.58602356e+02, 0., 3.82352448e+02, -6.89305703e+04, 0.,
       3.58602356e+02, 2.31849960e+02, 0., 0., 0., 1., 0. ]
R2: !!opencv-matrix
   rows: 3
   cols: 3
   dt: f
   data: [ 9.99982059e-01, -4.41123405e-03, -4.05344693e-03,
       4.39255638e-03, 9.99979734e-01, -4.60526207e-03, 4.07367991e-03,
       4.58737463e-03, 9.99981165e-01 ]
