%YAML:1.0
---
Q: !!opencv-matrix
   rows: 4
   cols: 4
   dt: f
   data: [ 1., 0., 0., -4.25384949e+02, 0., 1., 0., -2.33710693e+02, 0.,
       0., 0., 3.70912231e+02, 0., 0., 4.89079067e-03, 0. ]
R: !!opencv-matrix
   rows: 3
   cols: 3
   dt: d
   data: [ 1.0091257086012164e+00, 9.3594438587383498e-03,
       -3.3140261093312540e-03, -9.7641867395197642e-03,
       1.0083571360860235e+00, -4.3534018478360456e-02,
       3.2824662536459453e-03, 4.3560554290214937e-02,
       1.0083593103070039e+00 ]
T: !!opencv-matrix
   rows: 3
   cols: 1
   dt: d
   data: [ -2.0411998210866307e+02, 1.2242080811144785e+01,
       1.2168895936726974e+01 ]
E: !!opencv-matrix
   rows: 0
   cols: 0
   dt: u
   data: []
F: !!opencv-matrix
   rows: 0
   cols: 0
   dt: u
   data: []
K1: !!opencv-matrix
   rows: 3
   cols: 3
   dt: d
   data: [ 3.6627756984521932e+02, 0., 3.8060969928433269e+02, 0.,
       3.6653175179255015e+02, 2.3878059668569790e+02, 0., 0., 1. ]
D1: !!opencv-matrix
   rows: 5
   cols: 1
   dt: d
   data: [ -2.1859934914563901e-02, -9.9468572971318997e-04,
       1.6448003429794193e-03, -3.1164985765511365e-04,
       3.5195408316194161e-04 ]
P1: !!opencv-matrix
   rows: 3
   cols: 4
   dt: f
   data: [ 3.70912231e+02, 0., 4.25384949e+02, 0., 0., 3.70912231e+02,
       2.33710693e+02, 0., 0., 0., 1., 0. ]
R1: !!opencv-matrix
   rows: 3
   cols: 3
   dt: f
   data: [ 9.96785462e-01, -5.29485084e-02, -6.01269677e-02,
       5.16272001e-02, 9.98394072e-01, -2.33213082e-02, 6.12652339e-02,
       2.01421548e-02, 9.97918248e-01 ]
K2: !!opencv-matrix
   rows: 3
   cols: 3
   dt: d
   data: [ 3.6687495098581172e+02, 0., 3.7621769200552956e+02, 0.,
       3.6726361788508825e+02, 2.2399932895774910e+02, 0., 0., 1. ]
D2: !!opencv-matrix
   rows: 5
   cols: 1
   dt: d
   data: [ -2.2201337830972428e-02, -1.1445843221826492e-03,
       2.9199201696882579e-04, -7.1705872414221615e-04,
       5.1284674356775366e-04 ]
P2: !!opencv-matrix
   rows: 3
   cols: 4
   dt: f
   data: [ 3.70912231e+02, 0., 4.25384949e+02, -7.58389063e+04, 0.,
       3.70912231e+02, 2.33710693e+02, 0., 0., 0., 1., 0. ]
R2: !!opencv-matrix
   rows: 3
   cols: 3
   dt: f
   data: [ 9.96443510e-01, -5.97616248e-02, -5.94043620e-02,
       6.10406138e-02, 9.97935832e-01, 1.99523102e-02, 5.80893606e-02,
       -2.35074293e-02, 9.98034596e-01 ]
