%YAML:1.0
---
Q: !!opencv-matrix
   rows: 4
   cols: 4
   dt: f
   data: [ 1., 0., 0., -4.04979370e+02, 0., 1., 0., -2.33224075e+02, 0.,
       0., 0., 3.69084625e+02, 0., 0., 4.66362853e-03, 0. ]
R: !!opencv-matrix
   rows: 3
   cols: 3
   dt: d
   data: [ 1.0086445332546710e+00, -4.3169741595238523e-02,
       4.9186727872120584e-02, 4.5366517786876809e-02,
       1.0088018753854882e+00, -4.4025477451307415e-02,
       -4.7225868869685307e-02, 4.6139994254258583e-02,
       1.0086254883615624e+00 ]
T: !!opencv-matrix
   rows: 3
   cols: 1
   dt: d
   data: [ -2.1433442677454337e+02, 1.2854534018234652e+01,
       1.2777785215242996e+01 ]
E: !!opencv-matrix
   rows: 0
   cols: 0
   dt: u
   data: []
F: !!opencv-matrix
   rows: 0
   cols: 0
   dt: u
   data: []
K1: !!opencv-matrix
   rows: 3
   cols: 3
   dt: d
   data: [ 3.6627756984521932e+02, 0., 3.8060969928433269e+02, 0.,
       3.6653175179255015e+02, 2.3878059668569790e+02, 0., 0., 1. ]
D1: !!opencv-matrix
   rows: 5
   cols: 1
   dt: d
   data: [ -2.1859934914563901e-02, -9.9468572971318997e-04,
       1.6448003429794193e-03, -3.1164985765511365e-04,
       3.5195408316194161e-04 ]
P1: !!opencv-matrix
   rows: 3
   cols: 4
   dt: f
   data: [ 3.69084625e+02, 0., 4.04979370e+02, 0., 0., 3.69084625e+02,
       2.33224075e+02, 0., 0., 0., 1., 0. ]
R1: !!opencv-matrix
   rows: 3
   cols: 3
   dt: f
   data: [ 9.94445622e-01, -1.04933575e-01, -8.17565061e-03,
       1.04739085e-01, 9.94269550e-01, -2.13970263e-02, 1.03740664e-02,
       2.04218682e-02, 9.99737620e-01 ]
K2: !!opencv-matrix
   rows: 3
   cols: 3
   dt: d
   data: [ 3.6687495098581172e+02, 0., 3.7621769200552956e+02, 0.,
       3.6726361788508825e+02, 2.2399932895774910e+02, 0., 0., 1. ]
D2: !!opencv-matrix
   rows: 5
   cols: 1
   dt: d
   data: [ -2.2201337830972428e-02, -1.1445843221826492e-03,
       2.9199201696882579e-04, -7.1705872414221615e-04,
       5.1284674356775366e-04 ]
P2: !!opencv-matrix
   rows: 3
   cols: 4
   dt: f
   data: [ 3.69084625e+02, 0., 4.04979370e+02, -7.91410859e+04, 0.,
       3.69084625e+02, 2.33224075e+02, 0., 0., 0., 1., 0. ]
R2: !!opencv-matrix
   rows: 3
   cols: 3
   dt: f
   data: [ 9.96443570e-01, -5.97608984e-02, -5.94040900e-02,
       6.09927140e-02, 9.97954667e-01, 1.91423502e-02, 5.81386238e-02,
       -2.26974878e-02, 9.98050451e-01 ]
