%YAML:1.0
---
Q: !!opencv-matrix
   rows: 4
   cols: 4
   dt: f
   data: [ 1., 0., 0., -4.04980103e+02, 0., 1., 0., -2.33224152e+02, 0.,
       0., 0., 3.69084686e+02, 0., 0., 4.62029269e-03, 0. ]
R: !!opencv-matrix
   rows: 3
   cols: 3
   dt: d
   data: [ 1.0086155494041773e+00, -4.3167524134457874e-02,
       4.9185945567708111e-02, 4.5365163024661252e-02,
       1.0087723423723107e+00, -4.4024230367687676e-02,
       -4.7224518047371003e-02, 4.6138589113905559e-02,
       1.0085959788038212e+00 ]
T: !!opencv-matrix
   rows: 3
   cols: 1
   dt: d
   data: [ -2.1648934148470059e+02, 1.2983773286211811e+01,
       1.2906252851637214e+01 ]
E: !!opencv-matrix
   rows: 0
   cols: 0
   dt: u
   data: []
F: !!opencv-matrix
   rows: 0
   cols: 0
   dt: u
   data: []
K1: !!opencv-matrix
   rows: 3
   cols: 3
   dt: d
   data: [ 3.6627756984521932e+02, 0., 3.8060969928433269e+02, 0.,
       3.6653175179255015e+02, 2.3878059668569790e+02, 0., 0., 1. ]
D1: !!opencv-matrix
   rows: 5
   cols: 1
   dt: d
   data: [ -2.1859934914563901e-02, -9.9468572971318997e-04,
       1.6448003429794193e-03, -3.1164985765511365e-04,
       3.5195408316194161e-04 ]
P1: !!opencv-matrix
   rows: 3
   cols: 4
   dt: f
   data: [ 3.69084686e+02, 0., 4.04980103e+02, 0., 0., 3.69084686e+02,
       2.33224152e+02, 0., 0., 0., 1., 0. ]
R1: !!opencv-matrix
   rows: 3
   cols: 3
   dt: f
   data: [ 9.94445324e-01, -1.04936413e-01, -8.17755237e-03,
       1.04741879e-01, 9.94269252e-01, -2.13970952e-02, 1.03760231e-02,
       2.04217080e-02, 9.99737620e-01 ]
K2: !!opencv-matrix
   rows: 3
   cols: 3
   dt: d
   data: [ 3.6687495098581172e+02, 0., 3.7621769200552956e+02, 0.,
       3.6726361788508825e+02, 2.2399932895774910e+02, 0., 0., 1. ]
D2: !!opencv-matrix
   rows: 5
   cols: 1
   dt: d
   data: [ -2.2201337830972428e-02, -1.1445843221826492e-03,
       2.9199201696882579e-04, -7.1705872414221615e-04,
       5.1284674356775366e-04 ]
P2: !!opencv-matrix
   rows: 3
   cols: 4
   dt: f
   data: [ 3.69084686e+02, 0., 4.04980103e+02, -7.98833984e+04, 0.,
       3.69084686e+02, 2.33224152e+02, 0., 0., 0., 1., 0. ]
R2: !!opencv-matrix
   rows: 3
   cols: 3
   dt: f
   data: [ 9.96443570e-01, -5.97608984e-02, -5.94040900e-02,
       6.09927140e-02, 9.97954667e-01, 1.91423055e-02, 5.81386276e-02,
       -2.26974431e-02, 9.98050451e-01 ]
