%YAML:1.0
---
Q: !!opencv-matrix
   rows: 4
   cols: 4
   dt: f
   data: [ 1., 0., 0., -3.82352814e+02, 0., 1., 0., -2.31849960e+02, 0.,
       0., 0., 3.58602905e+02, 0., 0., 5.14572905e-03, 0. ]
R: !!opencv-matrix
   rows: 3
   cols: 3
   dt: d
   data: [ 1.0080164650867836e+00, 9.7749460961018535e-03,
       -3.1866572431851095e-03, -9.7609425948368862e-03,
       1.0079842177545730e+00, 9.3092866869073920e-03,
       3.2695907153419742e-03, -9.2779704322048535e-03,
       1.0080263871758863e+00 ]
T: !!opencv-matrix
   rows: 3
   cols: 1
   dt: d
   data: [ -1.9473692893343232e+02, 8.5904535129609594e-01,
       7.8936915555134168e-01 ]
E: !!opencv-matrix
   rows: 0
   cols: 0
   dt: u
   data: []
F: !!opencv-matrix
   rows: 0
   cols: 0
   dt: u
   data: []
K1: !!opencv-matrix
   rows: 3
   cols: 3
   dt: d
   data: [ 3.6627756984521932e+02, 0., 3.8060969928433269e+02, 0.,
       3.6653175179255015e+02, 2.3878059668569790e+02, 0., 0., 1. ]
D1: !!opencv-matrix
   rows: 5
   cols: 1
   dt: d
   data: [ -2.1859934914563901e-02, -9.9468572971318997e-04,
       1.6448003429794193e-03, -3.1164985765511365e-04,
       3.5195408316194161e-04 ]
P1: !!opencv-matrix
   rows: 3
   cols: 4
   dt: f
   data: [ 3.58602905e+02, 0., 3.82352814e+02, 0., 0., 3.58602905e+02,
       2.31849960e+02, 0., 0., 0., 1., 0. ]
R1: !!opencv-matrix
   rows: 3
   cols: 3
   dt: f
   data: [ 9.99959469e-01, 5.33262733e-03, -7.25019956e-03,
       -5.29924640e-03, 9.99975324e-01, 4.61559230e-03, 7.27463374e-03,
       -4.57698479e-03, 9.99963045e-01 ]
K2: !!opencv-matrix
   rows: 3
   cols: 3
   dt: d
   data: [ 3.6687495098581172e+02, 0., 3.7621769200552956e+02, 0.,
       3.6726361788508825e+02, 2.2399932895774910e+02, 0., 0., 1. ]
D2: !!opencv-matrix
   rows: 5
   cols: 1
   dt: d
   data: [ -2.2201337830972428e-02, -1.1445843221826492e-03,
       2.9199201696882579e-04, -7.1705872414221615e-04,
       5.1284674356775366e-04 ]
P2: !!opencv-matrix
   rows: 3
   cols: 4
   dt: f
   data: [ 3.58602905e+02, 0., 3.82352814e+02, -6.96894219e+04, 0.,
       3.58602905e+02, 2.31849960e+02, 0., 0., 0., 1., 0. ]
R2: !!opencv-matrix
   rows: 3
   cols: 3
   dt: f
   data: [ 9.99982059e-01, -4.41123266e-03, -4.05344274e-03,
       4.39255498e-03, 9.99979734e-01, -4.60525835e-03, 4.07367572e-03,
       4.58737090e-03, 9.99981165e-01 ]
