%YAML:1.0
---
Q: !!opencv-matrix
   rows: 4
   cols: 4
   dt: f
   data: [ 1., 0., 0., -3.82435577e+02, 0., 1., 0., -2.31848801e+02, 0.,
       0., 0., 3.58588013e+02, 0., 0., 5.34479041e-03, 0. ]
R: !!opencv-matrix
   rows: 3
   cols: 3
   dt: d
   data: [ 1.0094061612087966e+00, 1.0005657846062123e-02,
       -3.5558262465868844e-03, -9.7663072336664786e-03,
       1.0078379524152596e+00, 9.3095758372304712e-03,
       3.2628976956048990e-03, -9.2775744911256994e-03,
       1.0078826379883850e+00 ]
T: !!opencv-matrix
   rows: 3
   cols: 1
   dt: d
   data: [ -1.8716035797611599e+02, 8.2562277495810876e-01,
       7.5865754593229984e-01 ]
E: !!opencv-matrix
   rows: 0
   cols: 0
   dt: u
   data: []
F: !!opencv-matrix
   rows: 0
   cols: 0
   dt: u
   data: []
K1: !!opencv-matrix
   rows: 3
   cols: 3
   dt: d
   data: [ 3.6627756984521932e+02, 0., 3.8060969928433269e+02, 0.,
       3.6653175179255015e+02, 2.3878059668569790e+02, 0., 0., 1. ]
D1: !!opencv-matrix
   rows: 5
   cols: 1
   dt: d
   data: [ -2.1859934914563901e-02, -9.9468572971318997e-04,
       1.6448003429794193e-03, -3.1164985765511365e-04,
       3.5195408316194161e-04 ]
P1: !!opencv-matrix
   rows: 3
   cols: 4
   dt: f
   data: [ 3.58588013e+02, 0., 3.82435577e+02, 0., 0., 3.58588013e+02,
       2.31848801e+02, 0., 0., 0., 1., 0. ]
R1: !!opencv-matrix
   rows: 3
   cols: 3
   dt: f
   data: [ 9.99956906e-01, 5.52593125e-03, -7.46127497e-03,
       -5.49157755e-03, 9.99974251e-01, 4.61693946e-03, 7.48659577e-03,
       -4.57576616e-03, 9.99961495e-01 ]
K2: !!opencv-matrix
   rows: 3
   cols: 3
   dt: d
   data: [ 3.6687495098581172e+02, 0., 3.7621769200552956e+02, 0.,
       3.6726361788508825e+02, 2.2399932895774910e+02, 0., 0., 1. ]
D2: !!opencv-matrix
   rows: 5
   cols: 1
   dt: d
   data: [ -2.2201337830972428e-02, -1.1445843221826492e-03,
       2.9199201696882579e-04, -7.1705872414221615e-04,
       5.1284674356775366e-04 ]
P2: !!opencv-matrix
   rows: 3
   cols: 4
   dt: f
   data: [ 3.58588013e+02, 0., 3.82435577e+02, -6.70911328e+04, 0.,
       3.58588013e+02, 2.31848801e+02, 0., 0., 0., 1., 0. ]
R2: !!opencv-matrix
   rows: 3
   cols: 3
   dt: f
   data: [ 9.99982059e-01, -4.41123312e-03, -4.05344367e-03,
       4.39255498e-03, 9.99979734e-01, -4.60532540e-03, 4.07367665e-03,
       4.58743796e-03, 9.99981165e-01 ]
