%YAML:1.0
---
Q: !!opencv-matrix
   rows: 4
   cols: 4
   dt: f
   data: [ 1., 0., 0., -4.04885162e+02, 0., 1., 0., -2.32954575e+02, 0.,
       0., 0., 3.78355988e+02, 0., 0., 4.87759756e-03, 0. ]
R: !!opencv-matrix
   rows: 3
   cols: 3
   dt: d
   data: [ 1.0089008244864819e+00, 9.6491465926091605e-03,
       4.9151018296186143e-02, -7.4879949874567557e-03,
       1.0091675466187662e+00, -4.3997820155183609e-02,
       -4.9545576105152873e-02, 4.3579408495742343e-02,
       1.0079990300427140e+00 ]
T: !!opencv-matrix
   rows: 3
   cols: 1
   dt: d
   data: [ -2.0428981343561054e+02, 1.2252160402308068e+01,
       1.2179157482338576e+01 ]
E: !!opencv-matrix
   rows: 0
   cols: 0
   dt: u
   data: []
F: !!opencv-matrix
   rows: 0
   cols: 0
   dt: u
   data: []
K1: !!opencv-matrix
   rows: 3
   cols: 3
   dt: d
   data: [ 3.6627756984521932e+02, 0., 3.8060969928433269e+02, 0.,
       3.6653175179255015e+02, 2.3878059668569790e+02, 0., 0., 1. ]
D1: !!opencv-matrix
   rows: 5
   cols: 1
   dt: d
   data: [ -2.1859934914563901e-02, -9.9468572971318997e-04,
       1.6448003429794193e-03, -3.1164985765511365e-04,
       3.5195408316194161e-04 ]
P1: !!opencv-matrix
   rows: 3
   cols: 4
   dt: f
   data: [ 3.78355988e+02, 0., 4.04885162e+02, 0., 0., 3.78355988e+02,
       2.32954575e+02, 0., 0., 0., 1., 0. ]
R1: !!opencv-matrix
   rows: 3
   cols: 3
   dt: f
   data: [ 9.98573899e-01, -5.27567752e-02, -8.17971490e-03,
       5.25727719e-02, 9.98390377e-01, -2.12791394e-02, 9.28916689e-03,
       2.08187625e-02, 9.99740124e-01 ]
K2: !!opencv-matrix
   rows: 3
   cols: 3
   dt: d
   data: [ 3.6687495098581172e+02, 0., 3.7621769200552956e+02, 0.,
       3.6726361788508825e+02, 2.2399932895774910e+02, 0., 0., 1. ]
D2: !!opencv-matrix
   rows: 5
   cols: 1
   dt: d
   data: [ -2.2201337830972428e-02, -1.1445843221826492e-03,
       2.9199201696882579e-04, -7.1705872414221615e-04,
       5.1284674356775366e-04 ]
P2: !!opencv-matrix
   rows: 3
   cols: 4
   dt: f
   data: [ 3.78355988e+02, 0., 4.04885162e+02, -7.75701563e+04, 0.,
       3.78355988e+02, 2.32954575e+02, 0., 0., 0., 1., 0. ]
R2: !!opencv-matrix
   rows: 3
   cols: 3
   dt: f
   data: [ 9.96443510e-01, -5.97611070e-02, -5.94050288e-02,
       6.09998070e-02, 9.97951925e-01, 1.92601290e-02, 5.81323579e-02,
       -2.28153262e-02, 9.98048127e-01 ]
