%YAML:1.0
---
Q: !!opencv-matrix
   rows: 4
   cols: 4
   dt: f
   data: [ 1., 0., 0., -3.82403748e+02, 0., 1., 0., -2.31849564e+02, 0.,
       0., 0., 3.58612793e+02, 0., 0., 5.33393910e-03, 0. ]
R: !!opencv-matrix
   rows: 3
   cols: 3
   dt: d
   data: [ 1.0085138977984378e+00, 9.8077367825225407e-03,
       -3.3298696482300270e-03, -9.7632256253705942e-03,
       1.0080008985658295e+00, 9.3100735877859105e-03,
       3.2676971454455128e-03, -9.2782575638666910e-03,
       1.0080437929106774e+00 ]
T: !!opencv-matrix
   rows: 3
   cols: 1
   dt: d
   data: [ -1.8805761793278643e+02, 8.2958084473838989e-01,
       7.6229452626876748e-01 ]
E: !!opencv-matrix
   rows: 0
   cols: 0
   dt: u
   data: []
F: !!opencv-matrix
   rows: 0
   cols: 0
   dt: u
   data: []
K1: !!opencv-matrix
   rows: 3
   cols: 3
   dt: d
   data: [ 3.6627756984521932e+02, 0., 3.8060969928433269e+02, 0.,
       3.6653175179255015e+02, 2.3878059668569790e+02, 0., 0., 1. ]
D1: !!opencv-matrix
   rows: 5
   cols: 1
   dt: d
   data: [ -2.1859934914563901e-02, -9.9468572971318997e-04,
       1.6448003429794193e-03, -3.1164985765511365e-04,
       3.5195408316194161e-04 ]
P1: !!opencv-matrix
   rows: 3
   cols: 4
   dt: f
   data: [ 3.58612793e+02, 0., 3.82403748e+02, 0., 0., 3.58612793e+02,
       2.31849564e+02, 0., 0., 0., 1., 0. ]
R1: !!opencv-matrix
   rows: 3
   cols: 3
   dt: f
   data: [ 9.99958277e-01, 5.38147707e-03, -7.38031045e-03,
       -5.34749823e-03, 9.99975026e-01, 4.61603096e-03, 7.40496721e-03,
       -4.57637198e-03, 9.99962091e-01 ]
K2: !!opencv-matrix
   rows: 3
   cols: 3
   dt: d
   data: [ 3.6687495098581172e+02, 0., 3.7621769200552956e+02, 0.,
       3.6726361788508825e+02, 2.2399932895774910e+02, 0., 0., 1. ]
D2: !!opencv-matrix
   rows: 5
   cols: 1
   dt: d
   data: [ -2.2201337830972428e-02, -1.1445843221826492e-03,
       2.9199201696882579e-04, -7.1705872414221615e-04,
       5.1284674356775366e-04 ]
P2: !!opencv-matrix
   rows: 3
   cols: 4
   dt: f
   data: [ 3.58612793e+02, 0., 3.82403748e+02, -6.72322656e+04, 0.,
       3.58612793e+02, 2.31849564e+02, 0., 0., 0., 1., 0. ]
R2: !!opencv-matrix
   rows: 3
   cols: 3
   dt: f
   data: [ 9.99982059e-01, -4.41123312e-03, -4.05344320e-03,
       4.39255591e-03, 9.99979734e-01, -4.60517267e-03, 4.07367572e-03,
       4.58728475e-03, 9.99981165e-01 ]
