%YAML:1.0
---
Q: !!opencv-matrix
   rows: 4
   cols: 4
   dt: f
   data: [ 1., 0., 0., -4.25298706e+02, 0., 1., 0., -2.33708038e+02, 0.,
       0., 0., 3.70939301e+02, 0., 0., 4.89899423e-03, 0. ]
R: !!opencv-matrix
   rows: 3
   cols: 3
   dt: d
   data: [ 1.0091069537765698e+00, 9.2174024627730850e-03,
       -2.8636470506697748e-03, -9.7617222105306767e-03,
       1.0083922844837774e+00, -4.3562184211379834e-02,
       3.2852588619016109e-03, 4.3570186764260777e-02,
       1.0083590698460252e+00 ]
T: !!opencv-matrix
   rows: 3
   cols: 1
   dt: d
   data: [ -2.0356028808260479e+02, 1.2208513187498156e+01,
       1.2135528938358954e+01 ]
E: !!opencv-matrix
   rows: 0
   cols: 0
   dt: u
   data: []
F: !!opencv-matrix
   rows: 0
   cols: 0
   dt: u
   data: []
K1: !!opencv-matrix
   rows: 3
   cols: 3
   dt: d
   data: [ 3.6627756984521932e+02, 0., 3.8060969928433269e+02, 0.,
       3.6653175179255015e+02, 2.3878059668569790e+02, 0., 0., 1. ]
D1: !!opencv-matrix
   rows: 5
   cols: 1
   dt: d
   data: [ -2.1859934914563901e-02, -9.9468572971318997e-04,
       1.6448003429794193e-03, -3.1164985765511365e-04,
       3.5195408316194161e-04 ]
P1: !!opencv-matrix
   rows: 3
   cols: 4
   dt: f
   data: [ 3.70939301e+02, 0., 4.25298706e+02, 0., 0., 3.70939301e+02,
       2.33708038e+02, 0., 0., 0., 1., 0. ]
R1: !!opencv-matrix
   rows: 3
   cols: 3
   dt: f
   data: [ 9.96796548e-01, -5.29841222e-02, -5.99109121e-02,
       5.16673028e-02, 9.98392045e-01, -2.33202800e-02, 6.10501803e-02,
       2.01501381e-02, 9.97931302e-01 ]
K2: !!opencv-matrix
   rows: 3
   cols: 3
   dt: d
   data: [ 3.6687495098581172e+02, 0., 3.7621769200552956e+02, 0.,
       3.6726361788508825e+02, 2.2399932895774910e+02, 0., 0., 1. ]
D2: !!opencv-matrix
   rows: 5
   cols: 1
   dt: d
   data: [ -2.2201337830972428e-02, -1.1445843221826492e-03,
       2.9199201696882579e-04, -7.1705872414221615e-04,
       5.1284674356775366e-04 ]
P2: !!opencv-matrix
   rows: 3
   cols: 4
   dt: f
   data: [ 3.70939301e+02, 0., 4.25298706e+02, -7.57174375e+04, 0.,
       3.70939301e+02, 2.33708038e+02, 0., 0., 0., 1., 0. ]
R2: !!opencv-matrix
   rows: 3
   cols: 3
   dt: f
   data: [ 9.96443510e-01, -5.97616248e-02, -5.94043620e-02,
       6.10408112e-02, 9.97935772e-01, 1.99557282e-02, 5.80891520e-02,
       -2.35108472e-02, 9.98034537e-01 ]
