%YAML:1.0
---
Q: !!opencv-matrix
   rows: 4
   cols: 4
   dt: f
   data: [ 1., 0., 0., -4.25467194e+02, 0., 1., 0., -2.33711670e+02, 0.,
       0., 0., 3.70900299e+02, 0., 0., 4.86656558e-03, 0. ]
R: !!opencv-matrix
   rows: 3
   cols: 3
   dt: d
   data: [ 1.0091548459008250e+00, 9.4971082434932037e-03,
       -3.5168332810058683e-03, -9.7670404650604965e-03,
       1.0083268913534527e+00, -4.3520902024443836e-02,
       3.2793465221494537e-03, 4.3551385716748187e-02,
       1.0083494291058848e+00 ]
T: !!opencv-matrix
   rows: 3
   cols: 1
   dt: d
   data: [ -2.0475291911156717e+02, 1.2280041166043819e+01,
       1.2206629372952326e+01 ]
E: !!opencv-matrix
   rows: 0
   cols: 0
   dt: u
   data: []
F: !!opencv-matrix
   rows: 0
   cols: 0
   dt: u
   data: []
K1: !!opencv-matrix
   rows: 3
   cols: 3
   dt: d
   data: [ 3.6627756984521932e+02, 0., 3.8060969928433269e+02, 0.,
       3.6653175179255015e+02, 2.3878059668569790e+02, 0., 0., 1. ]
D1: !!opencv-matrix
   rows: 5
   cols: 1
   dt: d
   data: [ -2.1859934914563901e-02, -9.9468572971318997e-04,
       1.6448003429794193e-03, -3.1164985765511365e-04,
       3.5195408316194161e-04 ]
P1: !!opencv-matrix
   rows: 3
   cols: 4
   dt: f
   data: [ 3.70900299e+02, 0., 4.25467194e+02, 0., 0., 3.70900299e+02,
       2.33711670e+02, 0., 0., 0., 1., 0. ]
R1: !!opencv-matrix
   rows: 3
   cols: 3
   dt: f
   data: [ 9.96779203e-01, -5.28311729e-02, -6.03333414e-02,
       5.15056700e-02, 9.98400450e-01, -2.33184937e-02, 6.14687800e-02,
       2.01358795e-02, 9.97905850e-01 ]
K2: !!opencv-matrix
   rows: 3
   cols: 3
   dt: d
   data: [ 3.6687495098581172e+02, 0., 3.7621769200552956e+02, 0.,
       3.6726361788508825e+02, 2.2399932895774910e+02, 0., 0., 1. ]
D2: !!opencv-matrix
   rows: 5
   cols: 1
   dt: d
   data: [ -2.2201337830972428e-02, -1.1445843221826492e-03,
       2.9199201696882579e-04, -7.1705872414221615e-04,
       5.1284674356775366e-04 ]
P2: !!opencv-matrix
   rows: 3
   cols: 4
   dt: f
   data: [ 3.70900299e+02, 0., 4.25467194e+02, -7.62139688e+04, 0.,
       3.70900299e+02, 2.33711670e+02, 0., 0., 0., 1., 0. ]
R2: !!opencv-matrix
   rows: 3
   cols: 3
   dt: f
   data: [ 9.96443510e-01, -5.97616248e-02, -5.94043620e-02,
       6.10403493e-02, 9.97935951e-01, 1.99478008e-02, 5.80896363e-02,
       -2.35029198e-02, 9.98034656e-01 ]
