%YAML:1.0
---
Q: !!opencv-matrix
   rows: 4
   cols: 4
   dt: f
   data: [ 1., 0., 0., -3.82965912e+02, 0., 1., 0., -2.32164703e+02, 0.,
       0., 0., 3.61185364e+02, 0., 0., 5.07649221e-03, 0. ]
R: !!opencv-matrix
   rows: 3
   cols: 3
   dt: d
   data: [ 1.0079503361211068e+00, 9.8091147733567995e-03,
       -3.2035088444364308e-03, -9.7581016588116805e-03,
       1.0079551365704429e+00, 9.3104693141540414e-03,
       3.2695842162821713e-03, -9.2776945464980599e-03,
       1.0079986373305092e+00 ]
T: !!opencv-matrix
   rows: 3
   cols: 1
   dt: d
   data: [ -1.9704662195786980e+02, 1.1817668865808360e+01,
       7.9816034401221070e-01 ]
E: !!opencv-matrix
   rows: 0
   cols: 0
   dt: u
   data: []
F: !!opencv-matrix
   rows: 0
   cols: 0
   dt: u
   data: []
K1: !!opencv-matrix
   rows: 3
   cols: 3
   dt: d
   data: [ 3.6627756984521932e+02, 0., 3.8060969928433269e+02, 0.,
       3.6653175179255015e+02, 2.3878059668569790e+02, 0., 0., 1. ]
D1: !!opencv-matrix
   rows: 5
   cols: 1
   dt: d
   data: [ -2.1859934914563901e-02, -9.9468572971318997e-04,
       1.6448003429794193e-03, -3.1164985765511365e-04,
       3.5195408316194161e-04 ]
P1: !!opencv-matrix
   rows: 3
   cols: 4
   dt: f
   data: [ 3.61185364e+02, 0., 3.82965912e+02, 0., 0., 3.61185364e+02,
       2.32164703e+02, 0., 0., 0., 1., 0. ]
R1: !!opencv-matrix
   rows: 3
   cols: 3
   dt: f
   data: [ 9.98713374e-01, -5.01131862e-02, -7.75935454e-03,
       5.01479805e-02, 9.98732269e-01, 4.35660640e-03, 7.53119448e-03,
       -4.74011712e-03, 9.99960423e-01 ]
K2: !!opencv-matrix
   rows: 3
   cols: 3
   dt: d
   data: [ 3.6687495098581172e+02, 0., 3.7621769200552956e+02, 0.,
       3.6726361788508825e+02, 2.2399932895774910e+02, 0., 0., 1. ]
D2: !!opencv-matrix
   rows: 5
   cols: 1
   dt: d
   data: [ -2.2201337830972428e-02, -1.1445843221826492e-03,
       2.9199201696882579e-04, -7.1705872414221615e-04,
       5.1284674356775366e-04 ]
P2: !!opencv-matrix
   rows: 3
   cols: 4
   dt: f
   data: [ 3.61185364e+02, 0., 3.82965912e+02, -7.11486172e+04, 0.,
       3.61185364e+02, 2.32164703e+02, 0., 0., 0., 1., 0. ]
R2: !!opencv-matrix
   rows: 3
   cols: 3
   dt: f
   data: [ 9.98198211e-01, -5.98659143e-02, -4.04331833e-03,
       5.98468892e-02, 9.98196602e-01, -4.67297575e-03, 4.31577908e-03,
       4.42257570e-03, 9.99980927e-01 ]
