%YAML:1.0
---
Q: !!opencv-matrix
   rows: 4
   cols: 4
   dt: f
   data: [ 1., 0., 0., -4.26645874e+02, 0., 1., 0., -2.33682541e+02, 0.,
       0., 0., 3.64751282e+02, 0., 0., 4.97377664e-03, 0. ]
R: !!opencv-matrix
   rows: 3
   cols: 3
   dt: d
   data: [ 1.0063391215272508e+00, 1.0583344902835636e-02,
       -3.5898365660038283e-03, -9.6460731664441985e-03,
       1.0082146607385607e+00, 9.3364206390097737e-03,
       3.3873132836578323e-03, -9.3275320518809574e-03,
       1.0083287486344166e+00 ]
T: !!opencv-matrix
   rows: 3
   cols: 1
   dt: d
   data: [ -2.0055647723427893e+02, 1.2028105954883671e+01,
       1.1955893814896129e+01 ]
E: !!opencv-matrix
   rows: 0
   cols: 0
   dt: u
   data: []
F: !!opencv-matrix
   rows: 0
   cols: 0
   dt: u
   data: []
K1: !!opencv-matrix
   rows: 3
   cols: 3
   dt: d
   data: [ 3.6627756984521932e+02, 0., 3.8060969928433269e+02, 0.,
       3.6653175179255015e+02, 2.3878059668569790e+02, 0., 0., 1. ]
D1: !!opencv-matrix
   rows: 5
   cols: 1
   dt: d
   data: [ -2.1859934914563901e-02, -9.9468572971318997e-04,
       1.6448003429794193e-03, -3.1164985765511365e-04,
       3.5195408316194161e-04 ]
P1: !!opencv-matrix
   rows: 3
   cols: 4
   dt: f
   data: [ 3.64751282e+02, 0., 4.26645874e+02, 0., 0., 3.64751282e+02,
       2.33682541e+02, 0., 0., 0., 1., 0. ]
R1: !!opencv-matrix
   rows: 3
   cols: 3
   dt: f
   data: [ 9.96779442e-01, -4.90798540e-02, -6.34181798e-02,
       4.93601970e-02, 9.98776972e-01, 2.86043901e-03, 6.32002279e-02,
       -5.98156080e-03, 9.97982919e-01 ]
K2: !!opencv-matrix
   rows: 3
   cols: 3
   dt: d
   data: [ 3.6687495098581172e+02, 0., 3.7621769200552956e+02, 0.,
       3.6726361788508825e+02, 2.2399932895774910e+02, 0., 0., 1. ]
D2: !!opencv-matrix
   rows: 5
   cols: 1
   dt: d
   data: [ -2.2201337830972428e-02, -1.1445843221826492e-03,
       2.9199201696882579e-04, -7.1705872414221615e-04,
       5.1284674356775366e-04 ]
P2: !!opencv-matrix
   rows: 3
   cols: 4
   dt: f
   data: [ 3.64751282e+02, 0., 4.26645874e+02, -7.33348672e+04, 0.,
       3.64751282e+02, 2.33682541e+02, 0., 0., 0., 1., 0. ]
R2: !!opencv-matrix
   rows: 3
   cols: 3
   dt: f
   data: [ 9.96443748e-01, -5.97603768e-02, -5.94016016e-02,
       5.94967306e-02, 9.98209238e-01, -6.19875081e-03, 5.96656650e-02,
       2.64250557e-03, 9.98214900e-01 ]
