%YAML:1.0
---
Q: !!opencv-matrix
   rows: 4
   cols: 4
   dt: f
   data: [ 1., 0., 0., -4.04979401e+02, 0., 1., 0., -2.33224091e+02, 0.,
       0., 0., 3.69084625e+02, 0., 0., 4.50107409e-03, 0. ]
R: !!opencv-matrix
   rows: 3
   cols: 3
   dt: d
   data: [ 1.0085502511363547e+00, -4.3164153030428254e-02,
       4.9183147537931834e-02, 4.5362190205774831e-02,
       1.0087066585660627e+00, -4.4021389472088515e-02,
       -4.7221465080079870e-02, 4.6135552958616453e-02,
       1.0085303161458863e+00 ]
T: !!opencv-matrix
   rows: 3
   cols: 1
   dt: d
   data: [ -2.2137906484538317e+02, 1.3277030492886171e+01,
       1.3197759147861609e+01 ]
E: !!opencv-matrix
   rows: 0
   cols: 0
   dt: u
   data: []
F: !!opencv-matrix
   rows: 0
   cols: 0
   dt: u
   data: []
K1: !!opencv-matrix
   rows: 3
   cols: 3
   dt: d
   data: [ 3.6627756984521932e+02, 0., 3.8060969928433269e+02, 0.,
       3.6653175179255015e+02, 2.3878059668569790e+02, 0., 0., 1. ]
D1: !!opencv-matrix
   rows: 5
   cols: 1
   dt: d
   data: [ -2.1859934914563901e-02, -9.9468572971318997e-04,
       1.6448003429794193e-03, -3.1164985765511365e-04,
       3.5195408316194161e-04 ]
P1: !!opencv-matrix
   rows: 3
   cols: 4
   dt: f
   data: [ 3.69084625e+02, 0., 4.04979401e+02, 0., 0., 3.69084625e+02,
       2.33224091e+02, 0., 0., 0., 1., 0. ]
R1: !!opencv-matrix
   rows: 3
   cols: 3
   dt: f
   data: [ 9.94445622e-01, -1.04933761e-01, -8.17576423e-03,
       1.04739264e-01, 9.94269490e-01, -2.13970300e-02, 1.03741838e-02,
       2.04218589e-02, 9.99737620e-01 ]
K2: !!opencv-matrix
   rows: 3
   cols: 3
   dt: d
   data: [ 3.6687495098581172e+02, 0., 3.7621769200552956e+02, 0.,
       3.6726361788508825e+02, 2.2399932895774910e+02, 0., 0., 1. ]
D2: !!opencv-matrix
   rows: 5
   cols: 1
   dt: d
   data: [ -2.2201337830972428e-02, -1.1445843221826492e-03,
       2.9199201696882579e-04, -7.1705872414221615e-04,
       5.1284674356775366e-04 ]
P2: !!opencv-matrix
   rows: 3
   cols: 4
   dt: f
   data: [ 3.69084625e+02, 0., 4.04979401e+02, -8.19992344e+04, 0.,
       3.69084625e+02, 2.33224091e+02, 0., 0., 0., 1., 0. ]
R2: !!opencv-matrix
   rows: 3
   cols: 3
   dt: f
   data: [ 9.96443570e-01, -5.97608984e-02, -5.94040900e-02,
       6.09927140e-02, 9.97954667e-01, 1.91423483e-02, 5.81386238e-02,
       -2.26974860e-02, 9.98050451e-01 ]
