%YAML:1.0
---
Q: !!opencv-matrix
   rows: 4
   cols: 4
   dt: f
   data: [ 1., 0., 0., -4.04979645e+02, 0., 1., 0., -2.33224106e+02, 0.,
       0., 0., 3.69084625e+02, 0., 0., 4.57314122e-03, 0. ]
R: !!opencv-matrix
   rows: 3
   cols: 3
   dt: d
   data: [ 1.0085862335703335e+00, -4.3167741949343051e-02,
       4.9183556845847368e-02, 4.5363933406154772e-02,
       1.0087439556753486e+00, -4.4022927773221192e-02,
       -4.7223134604032269e-02, 4.6137372463654659e-02,
       1.0085675705901838e+00 ]
T: !!opencv-matrix
   rows: 3
   cols: 1
   dt: d
   data: [ -2.1860482506984508e+02, 1.3110647704739158e+01,
       1.3032369759267800e+01 ]
E: !!opencv-matrix
   rows: 0
   cols: 0
   dt: u
   data: []
F: !!opencv-matrix
   rows: 0
   cols: 0
   dt: u
   data: []
K1: !!opencv-matrix
   rows: 3
   cols: 3
   dt: d
   data: [ 3.6627756984521932e+02, 0., 3.8060969928433269e+02, 0.,
       3.6653175179255015e+02, 2.3878059668569790e+02, 0., 0., 1. ]
D1: !!opencv-matrix
   rows: 5
   cols: 1
   dt: d
   data: [ -2.1859934914563901e-02, -9.9468572971318997e-04,
       1.6448003429794193e-03, -3.1164985765511365e-04,
       3.5195408316194161e-04 ]
P1: !!opencv-matrix
   rows: 3
   cols: 4
   dt: f
   data: [ 3.69084625e+02, 0., 4.04979645e+02, 0., 0., 3.69084625e+02,
       2.33224106e+02, 0., 0., 0., 1., 0. ]
R1: !!opencv-matrix
   rows: 3
   cols: 3
   dt: f
   data: [ 9.94445503e-01, -1.04934655e-01, -8.17636494e-03,
       1.04740143e-01, 9.94269431e-01, -2.13970523e-02, 1.03748022e-02,
       2.04218086e-02, 9.99737620e-01 ]
K2: !!opencv-matrix
   rows: 3
   cols: 3
   dt: d
   data: [ 3.6687495098581172e+02, 0., 3.7621769200552956e+02, 0.,
       3.6726361788508825e+02, 2.2399932895774910e+02, 0., 0., 1. ]
D2: !!opencv-matrix
   rows: 5
   cols: 1
   dt: d
   data: [ -2.2201337830972428e-02, -1.1445843221826492e-03,
       2.9199201696882579e-04, -7.1705872414221615e-04,
       5.1284674356775366e-04 ]
P2: !!opencv-matrix
   rows: 3
   cols: 4
   dt: f
   data: [ 3.69084625e+02, 0., 4.04979645e+02, -8.07070313e+04, 0.,
       3.69084625e+02, 2.33224106e+02, 0., 0., 0., 1., 0. ]
R2: !!opencv-matrix
   rows: 3
   cols: 3
   dt: f
   data: [ 9.96443570e-01, -5.97608984e-02, -5.94040900e-02,
       6.09927140e-02, 9.97954667e-01, 1.91423334e-02, 5.81386276e-02,
       -2.26974711e-02, 9.98050451e-01 ]
