%YAML:1.0
---
Q: !!opencv-matrix
   rows: 4
   cols: 4
   dt: f
   data: [ 1., 0., 0., -3.82352234e+02, 0., 1., 0., -2.31849945e+02, 0.,
       0., 0., 3.58602051e+02, 0., 0., 5.15457382e-03, 0. ]
R: !!opencv-matrix
   rows: 3
   cols: 3
   dt: d
   data: [ 1.0080239896618448e+00, 9.7787515558420361e-03,
       -3.1840634792805957e-03, -9.7610046827915770e-03,
       1.0079896817988645e+00, 9.3093257849740669e-03,
       3.2696002080483491e-03, -9.2780360880663423e-03,
       1.0080318574181333e+00 ]
T: !!opencv-matrix
   rows: 3
   cols: 1
   dt: d
   data: [ -1.9433242940605791e+02, 8.5726097733265716e-01,
       7.8772950928162988e-01 ]
E: !!opencv-matrix
   rows: 0
   cols: 0
   dt: u
   data: []
F: !!opencv-matrix
   rows: 0
   cols: 0
   dt: u
   data: []
K1: !!opencv-matrix
   rows: 3
   cols: 3
   dt: d
   data: [ 3.6627756984521932e+02, 0., 3.8060969928433269e+02, 0.,
       3.6653175179255015e+02, 2.3878059668569790e+02, 0., 0., 1. ]
D1: !!opencv-matrix
   rows: 5
   cols: 1
   dt: d
   data: [ -2.1859934914563901e-02, -9.9468572971318997e-04,
       1.6448003429794193e-03, -3.1164985765511365e-04,
       3.5195408316194161e-04 ]
P1: !!opencv-matrix
   rows: 3
   cols: 4
   dt: f
   data: [ 3.58602051e+02, 0., 3.82352234e+02, 0., 0., 3.58602051e+02,
       2.31849945e+02, 0., 0., 0., 1., 0. ]
R1: !!opencv-matrix
   rows: 3
   cols: 3
   dt: f
   data: [ 9.99959469e-01, 5.33485180e-03, -7.24865636e-03,
       -5.30147785e-03, 9.99975324e-01, 4.61560255e-03, 7.27310078e-03,
       -4.57698712e-03, 9.99963105e-01 ]
K2: !!opencv-matrix
   rows: 3
   cols: 3
   dt: d
   data: [ 3.6687495098581172e+02, 0., 3.7621769200552956e+02, 0.,
       3.6726361788508825e+02, 2.2399932895774910e+02, 0., 0., 1. ]
D2: !!opencv-matrix
   rows: 5
   cols: 1
   dt: d
   data: [ -2.2201337830972428e-02, -1.1445843221826492e-03,
       2.9199201696882579e-04, -7.1705872414221615e-04,
       5.1284674356775366e-04 ]
P2: !!opencv-matrix
   rows: 3
   cols: 4
   dt: f
   data: [ 3.58602051e+02, 0., 3.82352234e+02, -6.95696797e+04, 0.,
       3.58602051e+02, 2.31849945e+02, 0., 0., 0., 1., 0. ]
R2: !!opencv-matrix
   rows: 3
   cols: 3
   dt: f
   data: [ 9.99982059e-01, -4.41123359e-03, -4.05344553e-03,
       4.39255591e-03, 9.99979734e-01, -4.60526440e-03, 4.07367852e-03,
       4.58737696e-03, 9.99981165e-01 ]
