%YAML:1.0
---
Q: !!opencv-matrix
   rows: 4
   cols: 4
   dt: f
   data: [ 1., 0., 0., -4.04965729e+02, 0., 1., 0., -2.32957581e+02, 0.,
       0., 0., 3.78319183e+02, 0., 0., 4.92454972e-03, 0. ]
R: !!opencv-matrix
   rows: 3
   cols: 3
   dt: d
   data: [ 1.0098087655536774e+00, 9.5443907095066685e-03,
       4.8804350995370012e-02, -7.5511980455419793e-03,
       1.0090071927229869e+00, -4.3970254577931182e-02,
       -4.9601454526086143e-02, 4.3578366974371723e-02,
       1.0078528655339232e+00 ]
T: !!opencv-matrix
   rows: 3
   cols: 1
   dt: d
   data: [ -2.0266635340332570e+02, 1.2154794338634931e+01,
       1.2082371538360327e+01 ]
E: !!opencv-matrix
   rows: 0
   cols: 0
   dt: u
   data: []
F: !!opencv-matrix
   rows: 0
   cols: 0
   dt: u
   data: []
K1: !!opencv-matrix
   rows: 3
   cols: 3
   dt: d
   data: [ 3.6627756984521932e+02, 0., 3.8060969928433269e+02, 0.,
       3.6653175179255015e+02, 2.3878059668569790e+02, 0., 0., 1. ]
D1: !!opencv-matrix
   rows: 5
   cols: 1
   dt: d
   data: [ -2.1859934914563901e-02, -9.9468572971318997e-04,
       1.6448003429794193e-03, -3.1164985765511365e-04,
       3.5195408316194161e-04 ]
P1: !!opencv-matrix
   rows: 3
   cols: 4
   dt: f
   data: [ 3.78319183e+02, 0., 4.04965729e+02, 0., 0., 3.78319183e+02,
       2.32957581e+02, 0., 0., 0., 1., 0. ]
R1: !!opencv-matrix
   rows: 3
   cols: 3
   dt: f
   data: [ 9.98570442e-01, -5.27899787e-02, -8.38538818e-03,
       5.26016615e-02, 9.98388767e-01, -2.12820340e-02, 9.49535612e-03,
       2.08105240e-02, 9.99738336e-01 ]
K2: !!opencv-matrix
   rows: 3
   cols: 3
   dt: d
   data: [ 3.6687495098581172e+02, 0., 3.7621769200552956e+02, 0.,
       3.6726361788508825e+02, 2.2399932895774910e+02, 0., 0., 1. ]
D2: !!opencv-matrix
   rows: 5
   cols: 1
   dt: d
   data: [ -2.2201337830972428e-02, -1.1445843221826492e-03,
       2.9199201696882579e-04, -7.1705872414221615e-04,
       5.1284674356775366e-04 ]
P2: !!opencv-matrix
   rows: 3
   cols: 4
   dt: f
   data: [ 3.78319183e+02, 0., 4.04965729e+02, -7.68231016e+04, 0.,
       3.78319183e+02, 2.32957581e+02, 0., 0., 0., 1., 0. ]
R2: !!opencv-matrix
   rows: 3
   cols: 3
   dt: f
   data: [ 9.96443510e-01, -5.97611070e-02, -5.94050288e-02,
       6.09996542e-02, 9.97951984e-01, 1.92574766e-02, 5.81325181e-02,
       -2.28126738e-02, 9.98048186e-01 ]
