%YAML:1.0
---
Q: !!opencv-matrix
   rows: 4
   cols: 4
   dt: f
   data: [ 1., 0., 0., -4.26665405e+02, 0., 1., 0., -2.33681396e+02, 0.,
       0., 0., 3.64760345e+02, 0., 0., 4.97804815e-03, 0. ]
R: !!opencv-matrix
   rows: 3
   cols: 3
   dt: d
   data: [ 1.0058438064754496e+00, 1.0826832618581616e-02,
       -3.6699605057286468e-03, -9.6108267467224905e-03,
       1.0083102895157479e+00, 9.3422225856516130e-03,
       3.4237658546391186e-03, -9.3429974524264908e-03,
       1.0084436764730218e+00 ]
T: !!opencv-matrix
   rows: 3
   cols: 1
   dt: d
   data: [ -2.0033946155520022e+02, 1.2015090715572081e+01,
       1.1942956675076626e+01 ]
E: !!opencv-matrix
   rows: 0
   cols: 0
   dt: u
   data: []
F: !!opencv-matrix
   rows: 0
   cols: 0
   dt: u
   data: []
K1: !!opencv-matrix
   rows: 3
   cols: 3
   dt: d
   data: [ 3.6627756984521932e+02, 0., 3.8060969928433269e+02, 0.,
       3.6653175179255015e+02, 2.3878059668569790e+02, 0., 0., 1. ]
D1: !!opencv-matrix
   rows: 5
   cols: 1
   dt: d
   data: [ -2.1859934914563901e-02, -9.9468572971318997e-04,
       1.6448003429794193e-03, -3.1164985765511365e-04,
       3.5195408316194161e-04 ]
P1: !!opencv-matrix
   rows: 3
   cols: 4
   dt: f
   data: [ 3.64760345e+02, 0., 4.26665405e+02, 0., 0., 3.64760345e+02,
       2.33681396e+02, 0., 0., 0., 1., 0. ]
R1: !!opencv-matrix
   rows: 3
   cols: 3
   dt: f
   data: [ 9.96780992e-01, -4.89860065e-02, -6.34666160e-02,
       4.92666997e-02, 9.98781562e-01, 2.86429725e-03, 6.32489696e-02,
       -5.98186767e-03, 9.97979879e-01 ]
K2: !!opencv-matrix
   rows: 3
   cols: 3
   dt: d
   data: [ 3.6687495098581172e+02, 0., 3.7621769200552956e+02, 0.,
       3.6726361788508825e+02, 2.2399932895774910e+02, 0., 0., 1. ]
D2: !!opencv-matrix
   rows: 5
   cols: 1
   dt: d
   data: [ -2.2201337830972428e-02, -1.1445843221826492e-03,
       2.9199201696882579e-04, -7.1705872414221615e-04,
       5.1284674356775366e-04 ]
P2: !!opencv-matrix
   rows: 3
   cols: 4
   dt: f
   data: [ 3.64760345e+02, 0., 4.26665405e+02, -7.32737656e+04, 0.,
       3.64760345e+02, 2.33681396e+02, 0., 0., 0., 1., 0. ]
R2: !!opencv-matrix
   rows: 3
   cols: 3
   dt: f
   data: [ 9.96443748e-01, -5.97603768e-02, -5.94015978e-02,
       5.94966076e-02, 9.98209238e-01, -6.20083138e-03, 5.96657880e-02,
       2.64458614e-03, 9.98214900e-01 ]
