%YAML:1.0
---
Q: !!opencv-matrix
   rows: 4
   cols: 4
   dt: f
   data: [ 1., 0., 0., -4.04987305e+02, 0., 1., 0., -2.33224548e+02, 0.,
       0., 0., 3.69070587e+02, 0., 0., 4.74905828e-03, 0. ]
R: !!opencv-matrix
   rows: 3
   cols: 3
   dt: d
   data: [ 1.0086855887811157e+00, -4.3172551250023013e-02,
       4.9161481562900233e-02, 4.5370370053819484e-02,
       1.0088620672252036e+00, -4.4026413369218219e-02,
       -4.7227546963609382e-02, 4.6142761311499192e-02,
       1.0086873360313189e+00 ]
T: !!opencv-matrix
   rows: 3
   cols: 1
   dt: d
   data: [ -2.1027318770705585e+02, 1.2610963602486018e+01,
       1.2535666429776290e+01 ]
E: !!opencv-matrix
   rows: 0
   cols: 0
   dt: u
   data: []
F: !!opencv-matrix
   rows: 0
   cols: 0
   dt: u
   data: []
K1: !!opencv-matrix
   rows: 3
   cols: 3
   dt: d
   data: [ 3.6627756984521932e+02, 0., 3.8060969928433269e+02, 0.,
       3.6653175179255015e+02, 2.3878059668569790e+02, 0., 0., 1. ]
D1: !!opencv-matrix
   rows: 5
   cols: 1
   dt: d
   data: [ -2.1859934914563901e-02, -9.9468572971318997e-04,
       1.6448003429794193e-03, -3.1164985765511365e-04,
       3.5195408316194161e-04 ]
P1: !!opencv-matrix
   rows: 3
   cols: 4
   dt: f
   data: [ 3.69070587e+02, 0., 4.04987305e+02, 0., 0., 3.69070587e+02,
       2.33224548e+02, 0., 0., 0., 1., 0. ]
R1: !!opencv-matrix
   rows: 3
   cols: 3
   dt: f
   data: [ 9.94447410e-01, -1.04915254e-01, -8.19606055e-03,
       1.04720339e-01, 9.94271517e-01, -2.13974416e-02, 1.03940265e-02,
       2.04203352e-02, 9.99737442e-01 ]
K2: !!opencv-matrix
   rows: 3
   cols: 3
   dt: d
   data: [ 3.6687495098581172e+02, 0., 3.7621769200552956e+02, 0.,
       3.6726361788508825e+02, 2.2399932895774910e+02, 0., 0., 1. ]
D2: !!opencv-matrix
   rows: 5
   cols: 1
   dt: d
   data: [ -2.2201337830972428e-02, -1.1445843221826492e-03,
       2.9199201696882579e-04, -7.1705872414221615e-04,
       5.1284674356775366e-04 ]
P2: !!opencv-matrix
   rows: 3
   cols: 4
   dt: f
   data: [ 3.69070587e+02, 0., 4.04987305e+02, -7.77144766e+04, 0.,
       3.69070587e+02, 2.33224548e+02, 0., 0., 0., 1., 0. ]
R2: !!opencv-matrix
   rows: 3
   cols: 3
   dt: f
   data: [ 9.96443570e-01, -5.97608984e-02, -5.94040900e-02,
       6.09926805e-02, 9.97954667e-01, 1.91417821e-02, 5.81386574e-02,
       -2.26969197e-02, 9.98050451e-01 ]
