%YAML:1.0
---
Q: !!opencv-matrix
   rows: 4
   cols: 4
   dt: f
   data: [ 1., 0., 0., -4.04980774e+02, 0., 1., 0., -2.33224243e+02, 0.,
       0., 0., 3.69086365e+02, 0., 0., 4.70637251e-03, 0. ]
R: !!opencv-matrix
   rows: 3
   cols: 3
   dt: d
   data: [ 1.0086503497390691e+00, -4.3187453900066813e-02,
       4.9183198412538785e-02, 4.5370582382232488e-02,
       1.0088448882552576e+00, -4.4026978278717592e-02,
       -4.7225677571173963e-02, 4.6142866543387999e-02,
       1.0086678722041873e+00 ]
T: !!opencv-matrix
   rows: 3
   cols: 1
   dt: d
   data: [ -2.1172220835585898e+02, 1.2697868330344102e+01,
       1.2622054911158161e+01 ]
E: !!opencv-matrix
   rows: 0
   cols: 0
   dt: u
   data: []
F: !!opencv-matrix
   rows: 0
   cols: 0
   dt: u
   data: []
K1: !!opencv-matrix
   rows: 3
   cols: 3
   dt: d
   data: [ 3.6627756984521932e+02, 0., 3.8060969928433269e+02, 0.,
       3.6653175179255015e+02, 2.3878059668569790e+02, 0., 0., 1. ]
D1: !!opencv-matrix
   rows: 5
   cols: 1
   dt: d
   data: [ -2.1859934914563901e-02, -9.9468572971318997e-04,
       1.6448003429794193e-03, -3.1164985765511365e-04,
       3.5195408316194161e-04 ]
P1: !!opencv-matrix
   rows: 3
   cols: 4
   dt: f
   data: [ 3.69086365e+02, 0., 4.04980774e+02, 0., 0., 3.69086365e+02,
       2.33224243e+02, 0., 0., 0., 1., 0. ]
R1: !!opencv-matrix
   rows: 3
   cols: 3
   dt: f
   data: [ 9.94444489e-01, -1.04944229e-01, -8.17920174e-03,
       1.04749665e-01, 9.94268417e-01, -2.13971883e-02, 1.03778327e-02,
       2.04215460e-02, 9.99737620e-01 ]
K2: !!opencv-matrix
   rows: 3
   cols: 3
   dt: d
   data: [ 3.6687495098581172e+02, 0., 3.7621769200552956e+02, 0.,
       3.6726361788508825e+02, 2.2399932895774910e+02, 0., 0., 1. ]
D2: !!opencv-matrix
   rows: 5
   cols: 1
   dt: d
   data: [ -2.2201337830972428e-02, -1.1445843221826492e-03,
       2.9199201696882579e-04, -7.1705872414221615e-04,
       5.1284674356775366e-04 ]
P2: !!opencv-matrix
   rows: 3
   cols: 4
   dt: f
   data: [ 3.69086365e+02, 0., 4.04980774e+02, -7.84226875e+04, 0.,
       3.69086365e+02, 2.33224243e+02, 0., 0., 0., 1., 0. ]
R2: !!opencv-matrix
   rows: 3
   cols: 3
   dt: f
   data: [ 9.96443570e-01, -5.97608984e-02, -5.94040900e-02,
       6.09927103e-02, 9.97954667e-01, 1.91422757e-02, 5.81386276e-02,
       -2.26974133e-02, 9.98050451e-01 ]
