%YAML:1.0
---
Q: !!opencv-matrix
   rows: 4
   cols: 4
   dt: f
   data: [ 1., 0., 0., -3.82307587e+02, 0., 1., 0., -2.31850128e+02, 0.,
       0., 0., 3.58583008e+02, 0., 0., 5.33075910e-03, 0. ]
R: !!opencv-matrix
   rows: 3
   cols: 3
   dt: d
   data: [ 1.0098912810202827e+00, 1.0177703209398831e-02,
       -3.6245409197380785e-03, -9.7679457768233714e-03,
       1.0077420727907638e+00, 9.3090018294961843e-03,
       3.2602371571848750e-03, -9.2774001239113776e-03,
       1.0077877971503300e+00 ]
T: !!opencv-matrix
   rows: 3
   cols: 1
   dt: d
   data: [ -1.8709472525958643e+02, 8.2533325654752199e-01,
       7.5839152667751242e-01 ]
E: !!opencv-matrix
   rows: 0
   cols: 0
   dt: u
   data: []
F: !!opencv-matrix
   rows: 0
   cols: 0
   dt: u
   data: []
K1: !!opencv-matrix
   rows: 3
   cols: 3
   dt: d
   data: [ 3.6627756984521932e+02, 0., 3.8060969928433269e+02, 0.,
       3.6653175179255015e+02, 2.3878059668569790e+02, 0., 0., 1. ]
D1: !!opencv-matrix
   rows: 5
   cols: 1
   dt: d
   data: [ -2.1859934914563901e-02, -9.9468572971318997e-04,
       1.6448003429794193e-03, -3.1164985765511365e-04,
       3.5195408316194161e-04 ]
P1: !!opencv-matrix
   rows: 3
   cols: 4
   dt: f
   data: [ 3.58583008e+02, 0., 3.82307587e+02, 0., 0., 3.58583008e+02,
       2.31850128e+02, 0., 0., 0., 1., 0. ]
R1: !!opencv-matrix
   rows: 3
   cols: 3
   dt: f
   data: [ 9.99960363e-01, 5.33023058e-03, -7.13460427e-03,
       -5.29738003e-03, 9.99975324e-01, 4.61542886e-03, 7.15902913e-03,
       -4.57745092e-03, 9.99963880e-01 ]
K2: !!opencv-matrix
   rows: 3
   cols: 3
   dt: d
   data: [ 3.6687495098581172e+02, 0., 3.7621769200552956e+02, 0.,
       3.6726361788508825e+02, 2.2399932895774910e+02, 0., 0., 1. ]
D2: !!opencv-matrix
   rows: 5
   cols: 1
   dt: d
   data: [ -2.2201337830972428e-02, -1.1445843221826492e-03,
       2.9199201696882579e-04, -7.1705872414221615e-04,
       5.1284674356775366e-04 ]
P2: !!opencv-matrix
   rows: 3
   cols: 4
   dt: f
   data: [ 3.58583008e+02, 0., 3.82307587e+02, -6.72667813e+04, 0.,
       3.58583008e+02, 2.31850128e+02, 0., 0., 0., 1., 0. ]
R2: !!opencv-matrix
   rows: 3
   cols: 3
   dt: f
   data: [ 9.99982059e-01, -4.41123452e-03, -4.05344693e-03,
       4.39255591e-03, 9.99979734e-01, -4.60540876e-03, 4.07367991e-03,
       4.58752131e-03, 9.99981165e-01 ]
