%YAML:1.0
---
Q: !!opencv-matrix
   rows: 4
   cols: 4
   dt: f
   data: [ 1., 0., 0., -4.04932190e+02, 0., 1., 0., -2.32956314e+02, 0.,
       0., 0., 3.78335205e+02, 0., 0., 4.90754005e-03, 0. ]
R: !!opencv-matrix
   rows: 3
   cols: 3
   dt: d
   data: [ 1.0092200196263221e+00, 9.6120815333641391e-03,
       4.9011640735133047e-02, -7.5100248873058379e-03,
       1.0091148001738992e+00, -4.3987226351201184e-02,
       -4.9565182749040877e-02, 4.3579214484542668e-02,
       1.0079523055264987e+00 ]
T: !!opencv-matrix
   rows: 3
   cols: 1
   dt: d
   data: [ -2.0356794806272251e+02, 1.2208866943969582e+01,
       1.2136121952908102e+01 ]
E: !!opencv-matrix
   rows: 0
   cols: 0
   dt: u
   data: []
F: !!opencv-matrix
   rows: 0
   cols: 0
   dt: u
   data: []
K1: !!opencv-matrix
   rows: 3
   cols: 3
   dt: d
   data: [ 3.6627756984521932e+02, 0., 3.8060969928433269e+02, 0.,
       3.6653175179255015e+02, 2.3878059668569790e+02, 0., 0., 1. ]
D1: !!opencv-matrix
   rows: 5
   cols: 1
   dt: d
   data: [ -2.1859934914563901e-02, -9.9468572971318997e-04,
       1.6448003429794193e-03, -3.1164985765511365e-04,
       3.5195408316194161e-04 ]
P1: !!opencv-matrix
   rows: 3
   cols: 4
   dt: f
   data: [ 3.78335205e+02, 0., 4.04932190e+02, 0., 0., 3.78335205e+02,
       2.32956314e+02, 0., 0., 0., 1., 0. ]
R1: !!opencv-matrix
   rows: 3
   cols: 3
   dt: f
   data: [ 9.98572052e-01, -5.27726747e-02, -8.29978287e-03,
       5.25861531e-02, 9.98389602e-01, -2.12808065e-02, 9.40946210e-03,
       2.08139643e-02, 9.99739110e-01 ]
K2: !!opencv-matrix
   rows: 3
   cols: 3
   dt: d
   data: [ 3.6687495098581172e+02, 0., 3.7621769200552956e+02, 0.,
       3.6726361788508825e+02, 2.2399932895774910e+02, 0., 0., 1. ]
D2: !!opencv-matrix
   rows: 5
   cols: 1
   dt: d
   data: [ -2.2201337830972428e-02, -1.1445843221826492e-03,
       2.9199201696882579e-04, -7.1705872414221615e-04,
       5.1284674356775366e-04 ]
P2: !!opencv-matrix
   rows: 3
   cols: 4
   dt: f
   data: [ 3.78335205e+02, 0., 4.04932190e+02, -7.70926406e+04, 0.,
       3.78335205e+02, 2.32956314e+02, 0., 0., 0., 1., 0. ]
R2: !!opencv-matrix
   rows: 3
   cols: 3
   dt: f
   data: [ 9.96443510e-01, -5.97611070e-02, -5.94050288e-02,
       6.09997176e-02, 9.97951984e-01, 1.92585737e-02, 5.81324510e-02,
       -2.28137709e-02, 9.98048186e-01 ]
