%YAML:1.0
---
Q: !!opencv-matrix
   rows: 4
   cols: 4
   dt: f
   data: [ 1., 0., 0., -4.05096283e+02, 0., 1., 0., -2.32962311e+02, 0.,
       0., 0., 3.78267029e+02, 0., 0., 4.97167464e-03, 0. ]
R: !!opencv-matrix
   rows: 3
   cols: 3
   dt: d
   data: [ 1.0100813716208887e+00, 9.5057653516985256e-03,
       4.8714490852909700e-02, -7.5703924511399661e-03,
       1.0089553271063090e+00, -4.3962662562295078e-02,
       -4.9618275392651241e-02, 4.3578300390939406e-02,
       1.0078039770957208e+00 ]
T: !!opencv-matrix
   rows: 3
   cols: 1
   dt: d
   data: [ -2.0234206089850093e+02, 1.2135345099617739e+01,
       1.2063038224229601e+01 ]
E: !!opencv-matrix
   rows: 0
   cols: 0
   dt: u
   data: []
F: !!opencv-matrix
   rows: 0
   cols: 0
   dt: u
   data: []
K1: !!opencv-matrix
   rows: 3
   cols: 3
   dt: d
   data: [ 3.6627756984521932e+02, 0., 3.8060969928433269e+02, 0.,
       3.6653175179255015e+02, 2.3878059668569790e+02, 0., 0., 1. ]
D1: !!opencv-matrix
   rows: 5
   cols: 1
   dt: d
   data: [ -2.1859934914563901e-02, -9.9468572971318997e-04,
       1.6448003429794193e-03, -3.1164985765511365e-04,
       3.5195408316194161e-04 ]
P1: !!opencv-matrix
   rows: 3
   cols: 4
   dt: f
   data: [ 3.78267029e+02, 0., 4.05096283e+02, 0., 0., 3.78267029e+02,
       2.32962311e+02, 0., 0., 0., 1., 0. ]
R1: !!opencv-matrix
   rows: 3
   cols: 3
   dt: f
   data: [ 9.98566687e-01, -5.28066158e-02, -8.71891994e-03,
       5.26113138e-02, 9.98388171e-01, -2.12864969e-02, 9.82893445e-03,
       2.07972731e-02, 9.99735415e-01 ]
K2: !!opencv-matrix
   rows: 3
   cols: 3
   dt: d
   data: [ 3.6687495098581172e+02, 0., 3.7621769200552956e+02, 0.,
       3.6726361788508825e+02, 2.2399932895774910e+02, 0., 0., 1. ]
D2: !!opencv-matrix
   rows: 5
   cols: 1
   dt: d
   data: [ -2.2201337830972428e-02, -1.1445843221826492e-03,
       2.9199201696882579e-04, -7.1705872414221615e-04,
       5.1284674356775366e-04 ]
P2: !!opencv-matrix
   rows: 3
   cols: 4
   dt: f
   data: [ 3.78267029e+02, 0., 4.05096283e+02, -7.60844297e+04, 0.,
       3.78267029e+02, 2.32962311e+02, 0., 0., 0., 1., 0. ]
R2: !!opencv-matrix
   rows: 3
   cols: 3
   dt: f
   data: [ 9.96443510e-01, -5.97611070e-02, -5.94050176e-02,
       6.09993972e-02, 9.97952104e-01, 1.92531068e-02, 5.81327751e-02,
       -2.28083022e-02, 9.98048306e-01 ]
