%YAML:1.0
---
Q: !!opencv-matrix
   rows: 4
   cols: 4
   dt: f
   data: [ 1., 0., 0., -4.04949280e+02, 0., 1., 0., -2.32956955e+02, 0.,
       0., 0., 3.78327393e+02, 0., 0., 4.91666980e-03, 0. ]
R: !!opencv-matrix
   rows: 3
   cols: 3
   dt: d
   data: [ 1.0095217337793305e+00, 9.5772319922618181e-03,
       4.8897834005771787e-02, -7.5310461802574466e-03,
       1.0090611627549919e+00, -4.3978135325019554e-02,
       -4.9583755184924881e-02, 4.3578855234052215e-02,
       1.0079032975607369e+00 ]
T: !!opencv-matrix
   rows: 3
   cols: 1
   dt: d
   data: [ -2.0304338588995580e+02, 1.2177406635572160e+01,
       1.2104849090424503e+01 ]
E: !!opencv-matrix
   rows: 0
   cols: 0
   dt: u
   data: []
F: !!opencv-matrix
   rows: 0
   cols: 0
   dt: u
   data: []
K1: !!opencv-matrix
   rows: 3
   cols: 3
   dt: d
   data: [ 3.6627756984521932e+02, 0., 3.8060969928433269e+02, 0.,
       3.6653175179255015e+02, 2.3878059668569790e+02, 0., 0., 1. ]
D1: !!opencv-matrix
   rows: 5
   cols: 1
   dt: d
   data: [ -2.1859934914563901e-02, -9.9468572971318997e-04,
       1.6448003429794193e-03, -3.1164985765511365e-04,
       3.5195408316194161e-04 ]
P1: !!opencv-matrix
   rows: 3
   cols: 4
   dt: f
   data: [ 3.78327393e+02, 0., 4.04949280e+02, 0., 0., 3.78327393e+02,
       2.32956955e+02, 0., 0., 0., 1., 0. ]
R1: !!opencv-matrix
   rows: 3
   cols: 3
   dt: f
   data: [ 9.98571336e-01, -5.27796783e-02, -8.34343582e-03,
       5.25922440e-02, 9.98389304e-01, -2.12814193e-02, 9.45322402e-03,
       2.08122153e-02, 9.99738693e-01 ]
K2: !!opencv-matrix
   rows: 3
   cols: 3
   dt: d
   data: [ 3.6687495098581172e+02, 0., 3.7621769200552956e+02, 0.,
       3.6726361788508825e+02, 2.2399932895774910e+02, 0., 0., 1. ]
D2: !!opencv-matrix
   rows: 5
   cols: 1
   dt: d
   data: [ -2.2201337830972428e-02, -1.1445843221826492e-03,
       2.9199201696882579e-04, -7.1705872414221615e-04,
       5.1284674356775366e-04 ]
P2: !!opencv-matrix
   rows: 3
   cols: 4
   dt: f
   data: [ 3.78327393e+02, 0., 4.04949280e+02, -7.69478984e+04, 0.,
       3.78327393e+02, 2.32956955e+02, 0., 0., 0., 1., 0. ]
R2: !!opencv-matrix
   rows: 3
   cols: 3
   dt: f
   data: [ 9.96443510e-01, -5.97611070e-02, -5.94050288e-02,
       6.09996840e-02, 9.97951984e-01, 1.92580111e-02, 5.81324883e-02,
       -2.28132084e-02, 9.98048186e-01 ]
