%YAML:1.0
---
Q: !!opencv-matrix
   rows: 4
   cols: 4
   dt: f
   data: [ 1., 0., 0., -4.04979797e+02, 0., 1., 0., -2.33224121e+02, 0.,
       0., 0., 3.69084656e+02, 0., 0., 4.63423971e-03, 0. ]
R: !!opencv-matrix
   rows: 3
   cols: 3
   dt: d
   data: [ 1.0086244443812566e+00, -4.3172556050740614e-02,
       4.9183330890325859e-02, 4.5365843293283359e-02,
       1.0087841809781306e+00, -4.4024544509976886e-02,
       -4.7224900360660543e-02, 4.6139388610636066e-02,
       1.0086077327846339e+00 ]
T: !!opencv-matrix
   rows: 3
   cols: 1
   dt: d
   data: [ -2.1566675725418310e+02, 1.2934439462724942e+01,
       1.2857213581548411e+01 ]
E: !!opencv-matrix
   rows: 0
   cols: 0
   dt: u
   data: []
F: !!opencv-matrix
   rows: 0
   cols: 0
   dt: u
   data: []
K1: !!opencv-matrix
   rows: 3
   cols: 3
   dt: d
   data: [ 3.6627756984521932e+02, 0., 3.8060969928433269e+02, 0.,
       3.6653175179255015e+02, 2.3878059668569790e+02, 0., 0., 1. ]
D1: !!opencv-matrix
   rows: 5
   cols: 1
   dt: d
   data: [ -2.1859934914563901e-02, -9.9468572971318997e-04,
       1.6448003429794193e-03, -3.1164985765511365e-04,
       3.5195408316194161e-04 ]
P1: !!opencv-matrix
   rows: 3
   cols: 4
   dt: f
   data: [ 3.69084656e+02, 0., 4.04979797e+02, 0., 0., 3.69084656e+02,
       2.33224121e+02, 0., 0., 0., 1., 0. ]
R1: !!opencv-matrix
   rows: 3
   cols: 3
   dt: f
   data: [ 9.94445443e-01, -1.04935192e-01, -8.17672722e-03,
       1.04740679e-01, 9.94269371e-01, -2.13970654e-02, 1.03751747e-02,
       2.04217769e-02, 9.99737620e-01 ]
K2: !!opencv-matrix
   rows: 3
   cols: 3
   dt: d
   data: [ 3.6687495098581172e+02, 0., 3.7621769200552956e+02, 0.,
       3.6726361788508825e+02, 2.2399932895774910e+02, 0., 0., 1. ]
D2: !!opencv-matrix
   rows: 5
   cols: 1
   dt: d
   data: [ -2.2201337830972428e-02, -1.1445843221826492e-03,
       2.9199201696882579e-04, -7.1705872414221615e-04,
       5.1284674356775366e-04 ]
P2: !!opencv-matrix
   rows: 3
   cols: 4
   dt: f
   data: [ 3.69084656e+02, 0., 4.04979797e+02, -7.96429766e+04, 0.,
       3.69084656e+02, 2.33224121e+02, 0., 0., 0., 1., 0. ]
R2: !!opencv-matrix
   rows: 3
   cols: 3
   dt: f
   data: [ 9.96443570e-01, -5.97608984e-02, -5.94040900e-02,
       6.09927140e-02, 9.97954667e-01, 1.91423241e-02, 5.81386276e-02,
       -2.26974636e-02, 9.98050451e-01 ]
