%YAML:1.0
---
Q: !!opencv-matrix
   rows: 4
   cols: 4
   dt: f
   data: [ 1., 0., 0., -4.04990540e+02, 0., 1., 0., -2.33223526e+02, 0.,
       0., 0., 3.68994476e+02, 0., 0., 4.73298365e-03, 0. ]
R: !!opencv-matrix
   rows: 3
   cols: 3
   dt: d
   data: [ 1.0087354341501764e+00, -4.3136384403843091e-02,
       4.9149536932177891e-02, 4.5367234784839332e-02,
       1.0088585096940104e+00, -4.4025640536380306e-02,
       -4.7230535994794196e-02, 4.6140544386967124e-02,
       1.0086866519011612e+00 ]
T: !!opencv-matrix
   rows: 3
   cols: 1
   dt: d
   data: [ -2.0981919188562566e+02, 1.2583736427753692e+01,
       1.2508604357992990e+01 ]
E: !!opencv-matrix
   rows: 0
   cols: 0
   dt: u
   data: []
F: !!opencv-matrix
   rows: 0
   cols: 0
   dt: u
   data: []
K1: !!opencv-matrix
   rows: 3
   cols: 3
   dt: d
   data: [ 3.6627756984521932e+02, 0., 3.8060969928433269e+02, 0.,
       3.6653175179255015e+02, 2.3878059668569790e+02, 0., 0., 1. ]
D1: !!opencv-matrix
   rows: 5
   cols: 1
   dt: d
   data: [ -2.1859934914563901e-02, -9.9468572971318997e-04,
       1.6448003429794193e-03, -3.1164985765511365e-04,
       3.5195408316194161e-04 ]
P1: !!opencv-matrix
   rows: 3
   cols: 4
   dt: f
   data: [ 3.68994476e+02, 0., 4.04990540e+02, 0., 0., 3.68994476e+02,
       2.33223526e+02, 0., 0., 0., 1., 0. ]
R1: !!opencv-matrix
   rows: 3
   cols: 3
   dt: f
   data: [ 9.94472563e-01, -1.04675800e-01, -8.20536446e-03,
       1.04480751e-01, 9.94296730e-01, -2.13961378e-02, 1.03982249e-02,
       2.04205681e-02, 9.99737382e-01 ]
K2: !!opencv-matrix
   rows: 3
   cols: 3
   dt: d
   data: [ 3.6687495098581172e+02, 0., 3.7621769200552956e+02, 0.,
       3.6726361788508825e+02, 2.2399932895774910e+02, 0., 0., 1. ]
D2: !!opencv-matrix
   rows: 5
   cols: 1
   dt: d
   data: [ -2.2201337830972428e-02, -1.1445843221826492e-03,
       2.9199201696882579e-04, -7.1705872414221615e-04,
       5.1284674356775366e-04 ]
P2: !!opencv-matrix
   rows: 3
   cols: 4
   dt: f
   data: [ 3.68994476e+02, 0., 4.04990540e+02, -7.79623359e+04, 0.,
       3.68994476e+02, 2.33223526e+02, 0., 0., 0., 1., 0. ]
R2: !!opencv-matrix
   rows: 3
   cols: 3
   dt: f
   data: [ 9.96443570e-01, -5.97608984e-02, -5.94040900e-02,
       6.09926432e-02, 9.97954667e-01, 1.91411134e-02, 5.81386983e-02,
       -2.26962529e-02, 9.98050511e-01 ]
