%YAML:1.0
---
Q: !!opencv-matrix
   rows: 4
   cols: 4
   dt: f
   data: [ 1., 0., 0., -3.82353333e+02, 0., 1., 0., -2.31849976e+02, 0.,
       0., 0., 3.58603668e+02, 0., 0., 5.12173306e-03, 0. ]
R: !!opencv-matrix
   rows: 3
   cols: 3
   dt: d
   data: [ 1.0080091849452006e+00, 9.7747678592479629e-03,
       -3.1867245920153197e-03, -9.7608722886278164e-03,
       1.0079769743057954e+00, 9.3092201833984804e-03,
       3.2695673641479571e-03, -9.2779033179347121e-03,
       1.0080191433134942e+00 ]
T: !!opencv-matrix
   rows: 3
   cols: 1
   dt: d
   data: [ -1.9524290037025730e+02, 8.6127734920978360e-01,
       7.9142011874450102e-01 ]
E: !!opencv-matrix
   rows: 0
   cols: 0
   dt: u
   data: []
F: !!opencv-matrix
   rows: 0
   cols: 0
   dt: u
   data: []
K1: !!opencv-matrix
   rows: 3
   cols: 3
   dt: d
   data: [ 3.6627756984521932e+02, 0., 3.8060969928433269e+02, 0.,
       3.6653175179255015e+02, 2.3878059668569790e+02, 0., 0., 1. ]
D1: !!opencv-matrix
   rows: 5
   cols: 1
   dt: d
   data: [ -2.1859934914563901e-02, -9.9468572971318997e-04,
       1.6448003429794193e-03, -3.1164985765511365e-04,
       3.5195408316194161e-04 ]
P1: !!opencv-matrix
   rows: 3
   cols: 4
   dt: f
   data: [ 3.58603668e+02, 0., 3.82353333e+02, 0., 0., 3.58603668e+02,
       2.31849976e+02, 0., 0., 0., 1., 0. ]
R1: !!opencv-matrix
   rows: 3
   cols: 3
   dt: f
   data: [ 9.99959469e-01, 5.33071812e-03, -7.25154672e-03,
       -5.29733067e-03, 9.99975324e-01, 4.61558392e-03, 7.27597205e-03,
       -4.57698293e-03, 9.99963045e-01 ]
K2: !!opencv-matrix
   rows: 3
   cols: 3
   dt: d
   data: [ 3.6687495098581172e+02, 0., 3.7621769200552956e+02, 0.,
       3.6726361788508825e+02, 2.2399932895774910e+02, 0., 0., 1. ]
D2: !!opencv-matrix
   rows: 5
   cols: 1
   dt: d
   data: [ -2.2201337830972428e-02, -1.1445843221826492e-03,
       2.9199201696882579e-04, -7.1705872414221615e-04,
       5.1284674356775366e-04 ]
P2: !!opencv-matrix
   rows: 3
   cols: 4
   dt: f
   data: [ 3.58603668e+02, 0., 3.82353333e+02, -7.00160781e+04, 0.,
       3.58603668e+02, 2.31849976e+02, 0., 0., 0., 1., 0. ]
R2: !!opencv-matrix
   rows: 3
   cols: 3
   dt: f
   data: [ 9.99982059e-01, -4.41123266e-03, -4.05344274e-03,
       4.39255498e-03, 9.99979734e-01, -4.60525323e-03, 4.07367572e-03,
       4.58736531e-03, 9.99981165e-01 ]
