%YAML:1.0
---
Q: !!opencv-matrix
   rows: 4
   cols: 4
   dt: f
   data: [ 1., 0., 0., -3.82967896e+02, 0., 1., 0., -2.32164703e+02, 0.,
       0., 0., 3.61187439e+02, 0., 0., 5.09239221e-03, 0. ]
R: !!opencv-matrix
   rows: 3
   cols: 3
   dt: d
   data: [ 1.0079709414348592e+00, 9.8384158219771995e-03,
       -3.2140840270823492e-03, -9.7588655170796831e-03,
       1.0079627682900911e+00, 9.3111884358859955e-03,
       3.2695692014605118e-03, -9.2778992381244881e-03,
       1.0080080639924478e+00 ]
T: !!opencv-matrix
   rows: 3
   cols: 1
   dt: d
   data: [ -1.9630003432132722e+02, 1.1772893042991800e+01,
       7.9513621901406795e-01 ]
E: !!opencv-matrix
   rows: 0
   cols: 0
   dt: u
   data: []
F: !!opencv-matrix
   rows: 0
   cols: 0
   dt: u
   data: []
K1: !!opencv-matrix
   rows: 3
   cols: 3
   dt: d
   data: [ 3.6627756984521932e+02, 0., 3.8060969928433269e+02, 0.,
       3.6653175179255015e+02, 2.3878059668569790e+02, 0., 0., 1. ]
D1: !!opencv-matrix
   rows: 5
   cols: 1
   dt: d
   data: [ -2.1859934914563901e-02, -9.9468572971318997e-04,
       1.6448003429794193e-03, -3.1164985765511365e-04,
       3.5195408316194161e-04 ]
P1: !!opencv-matrix
   rows: 3
   cols: 4
   dt: f
   data: [ 3.61187439e+02, 0., 3.82967896e+02, 0., 0., 3.61187439e+02,
       2.32164703e+02, 0., 0., 0., 1., 0. ]
R1: !!opencv-matrix
   rows: 3
   cols: 3
   dt: f
   data: [ 9.98714030e-01, -5.01001514e-02, -7.76432874e-03,
       5.01349717e-02, 9.98732924e-01, 4.35661944e-03, 7.53622362e-03,
       -4.74028150e-03, 9.99960363e-01 ]
K2: !!opencv-matrix
   rows: 3
   cols: 3
   dt: d
   data: [ 3.6687495098581172e+02, 0., 3.7621769200552956e+02, 0.,
       3.6726361788508825e+02, 2.2399932895774910e+02, 0., 0., 1. ]
D2: !!opencv-matrix
   rows: 5
   cols: 1
   dt: d
   data: [ -2.2201337830972428e-02, -1.1445843221826492e-03,
       2.9199201696882579e-04, -7.1705872414221615e-04,
       5.1284674356775366e-04 ]
P2: !!opencv-matrix
   rows: 3
   cols: 4
   dt: f
   data: [ 3.61187439e+02, 0., 3.82967896e+02, -7.09268750e+04, 0.,
       3.61187439e+02, 2.32164703e+02, 0., 0., 0., 1., 0. ]
R2: !!opencv-matrix
   rows: 3
   cols: 3
   dt: f
   data: [ 9.98198211e-01, -5.98659180e-02, -4.04333649e-03,
       5.98468930e-02, 9.98196602e-01, -4.67306422e-03, 4.31580236e-03,
       4.42266325e-03, 9.99980927e-01 ]
