%YAML:1.0
---
Q: !!opencv-matrix
   rows: 4
   cols: 4
   dt: f
   data: [ 1., 0., 0., -4.26622131e+02, 0., 1., 0., -2.33683792e+02, 0.,
       0., 0., 3.64741791e+02, 0., 0., 4.96839453e-03, 0. ]
R: !!opencv-matrix
   rows: 3
   cols: 3
   dt: d
   data: [ 1.0068539559658447e+00, 1.0340342333109799e-02,
       -3.4855978082088601e-03, -9.6826668637361481e-03,
       1.0081154887934205e+00, 9.3291406680214833e-03,
       3.3494763261973240e-03, -9.3120652779188490e-03,
       1.0082088717126310e+00 ]
T: !!opencv-matrix
   rows: 3
   cols: 1
   dt: d
   data: [ -2.0091386074203302e+02, 1.2049539563748411e+01,
       1.1977198776666143e+01 ]
E: !!opencv-matrix
   rows: 0
   cols: 0
   dt: u
   data: []
F: !!opencv-matrix
   rows: 0
   cols: 0
   dt: u
   data: []
K1: !!opencv-matrix
   rows: 3
   cols: 3
   dt: d
   data: [ 3.6627756984521932e+02, 0., 3.8060969928433269e+02, 0.,
       3.6653175179255015e+02, 2.3878059668569790e+02, 0., 0., 1. ]
D1: !!opencv-matrix
   rows: 5
   cols: 1
   dt: d
   data: [ -2.1859934914563901e-02, -9.9468572971318997e-04,
       1.6448003429794193e-03, -3.1164985765511365e-04,
       3.5195408316194161e-04 ]
P1: !!opencv-matrix
   rows: 3
   cols: 4
   dt: f
   data: [ 3.64741791e+02, 0., 4.26622131e+02, 0., 0., 3.64741791e+02,
       2.33683792e+02, 0., 0., 0., 1., 0. ]
R1: !!opencv-matrix
   rows: 3
   cols: 3
   dt: f
   data: [ 9.96778011e-01, -4.91856337e-02, -6.33592010e-02,
       4.94655631e-02, 9.98771727e-01, 2.85615074e-03, 6.31408915e-02,
       -5.98104671e-03, 9.97986674e-01 ]
K2: !!opencv-matrix
   rows: 3
   cols: 3
   dt: d
   data: [ 3.6687495098581172e+02, 0., 3.7621769200552956e+02, 0.,
       3.6726361788508825e+02, 2.2399932895774910e+02, 0., 0., 1. ]
D2: !!opencv-matrix
   rows: 5
   cols: 1
   dt: d
   data: [ -2.2201337830972428e-02, -1.1445843221826492e-03,
       2.9199201696882579e-04, -7.1705872414221615e-04,
       5.1284674356775366e-04 ]
P2: !!opencv-matrix
   rows: 3
   cols: 4
   dt: f
   data: [ 3.64741791e+02, 0., 4.26622131e+02, -7.34123984e+04, 0.,
       3.64741791e+02, 2.33683792e+02, 0., 0., 0., 1., 0. ]
R2: !!opencv-matrix
   rows: 3
   cols: 3
   dt: f
   data: [ 9.96443748e-01, -5.97603768e-02, -5.94016016e-02,
       5.94968759e-02, 9.98209238e-01, -6.19635172e-03, 5.96655235e-02,
       2.64010625e-03, 9.98214960e-01 ]
