%YAML:1.0
---
Q: !!opencv-matrix
   rows: 4
   cols: 4
   dt: f
   data: [ 1., 0., 0., -4.25339111e+02, 0., 1., 0., -2.33709396e+02, 0.,
       0., 0., 3.70925598e+02, 0., 0., 4.89507802e-03, 0. ]
R: !!opencv-matrix
   rows: 3
   cols: 3
   dt: d
   data: [ 1.0091096316870685e+00, 9.2665388123555677e-03,
       -3.0960813186850186e-03, -9.7624174826679583e-03,
       1.0083787099703614e+00, -4.3547783321197096e-02,
       3.2844309333262397e-03, 4.3566792698388090e-02,
       1.0083623071389265e+00 ]
T: !!opencv-matrix
   rows: 3
   cols: 1
   dt: d
   data: [ -2.0373873733586760e+02, 1.2219215677105337e+01,
       1.2146167473380476e+01 ]
E: !!opencv-matrix
   rows: 0
   cols: 0
   dt: u
   data: []
F: !!opencv-matrix
   rows: 0
   cols: 0
   dt: u
   data: []
K1: !!opencv-matrix
   rows: 3
   cols: 3
   dt: d
   data: [ 3.6627756984521932e+02, 0., 3.8060969928433269e+02, 0.,
       3.6653175179255015e+02, 2.3878059668569790e+02, 0., 0., 1. ]
D1: !!opencv-matrix
   rows: 5
   cols: 1
   dt: d
   data: [ -2.1859934914563901e-02, -9.9468572971318997e-04,
       1.6448003429794193e-03, -3.1164985765511365e-04,
       3.5195408316194161e-04 ]
P1: !!opencv-matrix
   rows: 3
   cols: 4
   dt: f
   data: [ 3.70925598e+02, 0., 4.25339111e+02, 0., 0., 3.70925598e+02,
       2.33709396e+02, 0., 0., 0., 1., 0. ]
R1: !!opencv-matrix
   rows: 3
   cols: 3
   dt: f
   data: [ 9.96791005e-01, -5.29736355e-02, -6.00121208e-02,
       5.16547039e-02, 9.98392642e-01, -2.33210437e-02, 6.11510612e-02,
       2.01462992e-02, 9.97925162e-01 ]
K2: !!opencv-matrix
   rows: 3
   cols: 3
   dt: d
   data: [ 3.6687495098581172e+02, 0., 3.7621769200552956e+02, 0.,
       3.6726361788508825e+02, 2.2399932895774910e+02, 0., 0., 1. ]
D2: !!opencv-matrix
   rows: 5
   cols: 1
   dt: d
   data: [ -2.2201337830972428e-02, -1.1445843221826492e-03,
       2.9199201696882579e-04, -7.1705872414221615e-04,
       5.1284674356775366e-04 ]
P2: !!opencv-matrix
   rows: 3
   cols: 4
   dt: f
   data: [ 3.70925598e+02, 0., 4.25339111e+02, -7.57752109e+04, 0.,
       3.70925598e+02, 2.33709396e+02, 0., 0., 0., 1., 0. ]
R2: !!opencv-matrix
   rows: 3
   cols: 3
   dt: f
   data: [ 9.96443510e-01, -5.97616248e-02, -5.94043620e-02,
       6.10407256e-02, 9.97935772e-01, 1.99542195e-02, 5.80892414e-02,
       -2.35093385e-02, 9.98034537e-01 ]
