%YAML:1.0
---
Q: !!opencv-matrix
   rows: 4
   cols: 4
   dt: f
   data: [ 1., 0., 0., -3.82352722e+02, 0., 1., 0., -2.31849960e+02, 0.,
       0., 0., 3.58602753e+02, 0., 0., 5.16849291e-03, 0. ]
R: !!opencv-matrix
   rows: 3
   cols: 3
   dt: d
   data: [ 1.0080308723981097e+00, 9.7832942368787385e-03,
       -3.1809779502408541e-03, -9.7610582134237504e-03,
       1.0079940621802910e+00, 9.3093527090366331e-03,
       3.2696044678478457e-03, -9.2780949525215640e-03,
       1.0080362451979368e+00 ]
T: !!opencv-matrix
   rows: 3
   cols: 1
   dt: d
   data: [ -1.9399898354632791e+02, 8.5579021173025405e-01,
       7.8637846758774366e-01 ]
E: !!opencv-matrix
   rows: 0
   cols: 0
   dt: u
   data: []
F: !!opencv-matrix
   rows: 0
   cols: 0
   dt: u
   data: []
K1: !!opencv-matrix
   rows: 3
   cols: 3
   dt: d
   data: [ 3.6627756984521932e+02, 0., 3.8060969928433269e+02, 0.,
       3.6653175179255015e+02, 2.3878059668569790e+02, 0., 0., 1. ]
D1: !!opencv-matrix
   rows: 5
   cols: 1
   dt: d
   data: [ -2.1859934914563901e-02, -9.9468572971318997e-04,
       1.6448003429794193e-03, -3.1164985765511365e-04,
       3.5195408316194161e-04 ]
P1: !!opencv-matrix
   rows: 3
   cols: 4
   dt: f
   data: [ 3.58602753e+02, 0., 3.82352722e+02, 0., 0., 3.58602753e+02,
       2.31849960e+02, 0., 0., 0., 1., 0. ]
R1: !!opencv-matrix
   rows: 3
   cols: 3
   dt: f
   data: [ 9.99959469e-01, 5.33303479e-03, -7.24993041e-03,
       -5.29965525e-03, 9.99975324e-01, 4.61559417e-03, 7.27436645e-03,
       -4.57698526e-03, 9.99963045e-01 ]
K2: !!opencv-matrix
   rows: 3
   cols: 3
   dt: d
   data: [ 3.6687495098581172e+02, 0., 3.7621769200552956e+02, 0.,
       3.6726361788508825e+02, 2.2399932895774910e+02, 0., 0., 1. ]
D2: !!opencv-matrix
   rows: 5
   cols: 1
   dt: d
   data: [ -2.2201337830972428e-02, -1.1445843221826492e-03,
       2.9199201696882579e-04, -7.1705872414221615e-04,
       5.1284674356775366e-04 ]
P2: !!opencv-matrix
   rows: 3
   cols: 4
   dt: f
   data: [ 3.58602753e+02, 0., 3.82352722e+02, -6.93824609e+04, 0.,
       3.58602753e+02, 2.31849960e+02, 0., 0., 0., 1., 0. ]
R2: !!opencv-matrix
   rows: 3
   cols: 3
   dt: f
   data: [ 9.99982059e-01, -4.41123405e-03, -4.05344740e-03,
       4.39255638e-03, 9.99979734e-01, -4.60525928e-03, 4.07368038e-03,
       4.58737183e-03, 9.99981165e-01 ]
