%YAML:1.0
---
R: !!opencv-matrix
   rows: 3
   cols: 3
   dt: d
   data: [ 9.9994786107858491e-01, 9.5338953915412115e-03,
       -3.6578631776153984e-03, -9.6827774839271553e-03,
       9.9902344252130049e-01, -4.3109223062896593e-02,
       3.2432922408809684e-03, 4.3142393669718553e-02,
       9.9906366910417033e-01 ]
T: !!opencv-matrix
   rows: 3
   cols: 1
   dt: d
   data: [ -1.7997624825260075e+02, 1.0793888964106854e+01,
       1.0729455726644746e+01 ]
Q: !!opencv-matrix
   rows: 4
   cols: 4
   dt: d
   data: [ 1., 0., 0., -4.2552307128906250e+02, 0., 1., 0.,
       -2.3273660850524902e+02, 0., 0., 0., 3.7079434102968850e+02, 0.,
       0., 5.5365283082875107e-03, 0. ]
K1: !!opencv-matrix
   rows: 3
   cols: 3
   dt: d
   data: [ 3.6627756984521932e+02, 0., 3.8060969928433269e+02, 0.,
       3.6653175179255015e+02, 2.3878059668569790e+02, 0., 0., 1. ]
K2: !!opencv-matrix
   rows: 3
   cols: 3
   dt: d
   data: [ 3.6687495098581172e+02, 0., 3.7621769200552956e+02, 0.,
       3.6726361788508825e+02, 2.2399932895774910e+02, 0., 0., 1. ]
D1: !!opencv-matrix
   rows: 5
   cols: 1
   dt: d
   data: [ -2.1859934914563901e-02, -9.9468572971318997e-04,
       1.6448003429794193e-03, -3.1164985765511365e-04,
       3.5195408316194161e-04 ]
D2: !!opencv-matrix
   rows: 5
   cols: 1
   dt: d
   data: [ -2.2201337830972428e-02, -1.1445843221826492e-03,
       2.9199201696882579e-04, -7.1705872414221615e-04,
       5.1284674356775366e-04 ]
R1: !!opencv-matrix
   rows: 3
   cols: 3
   dt: d
   data: [ 9.9677762474044995e-01, -5.2765151058464507e-02,
       -6.0416931820178515e-02, 5.1541927698025340e-02,
       9.9843656506179856e-01, -2.1629961552633192e-02,
       6.1463782066825380e-02, 1.8446256568048811e-02,
       9.9793884537714417e-01 ]
R2: !!opencv-matrix
   rows: 3
   cols: 3
   dt: d
   data: [ 9.9644359326990462e-01, -5.9760671806289759e-02,
       -5.9403935363086177e-02, 6.1137349563791375e-02,
       9.9789491618760240e-01, 2.1632400126957302e-02,
       5.7986118335991196e-02, -2.5187265675315543e-02,
       9.9799960507413310e-01 ]
P1: !!opencv-matrix
   rows: 3
   cols: 4
   dt: d
   data: [ 3.7079434102968850e+02, 0., 4.2552307128906250e+02, 0., 0.,
       3.7079434102968850e+02, 2.3273660850524902e+02, 0., 0., 0., 1.,
       0. ]
P2: !!opencv-matrix
   rows: 3
   cols: 4
   dt: d
   data: [ 3.7079434102968850e+02, 0., 4.2552307128906250e+02,
       -6.6972355306962723e+04, 0., 3.7079434102968850e+02,
       2.3273660850524902e+02, 0., 0., 0., 1., 0. ]
