%YAML:1.0
---
Q: !!opencv-matrix
   rows: 4
   cols: 4
   dt: f
   data: [ 1., 0., 0., -4.29438446e+02, 0., 1., 0., -2.33895889e+02, 0.,
       0., 0., 3.65880920e+02, 0., 0., 5.32402052e-03, 0. ]
R: !!opencv-matrix
   rows: 3
   cols: 3
   dt: d
   data: [ 9.9321785055771494e-01, 1.1438659841909163e-02,
       -2.7470912986348140e-03, -9.1482984120540671e-03,
       1.0017914765698057e+00, 9.2268292659306878e-03,
       3.8000499811313114e-03, -9.3297273904692259e-03,
       1.0019159758128067e+00 ]
T: !!opencv-matrix
   rows: 3
   cols: 1
   dt: d
   data: [ -1.8821739746376286e+02, 1.1952320197535192e+01,
       1.1880240250749802e+01 ]
E: !!opencv-matrix
   rows: 0
   cols: 0
   dt: u
   data: []
F: !!opencv-matrix
   rows: 0
   cols: 0
   dt: u
   data: []
K1: !!opencv-matrix
   rows: 3
   cols: 3
   dt: d
   data: [ 3.6627756984521932e+02, 0., 3.8060969928433269e+02, 0.,
       3.6653175179255015e+02, 2.3878059668569790e+02, 0., 0., 1. ]
D1: !!opencv-matrix
   rows: 5
   cols: 1
   dt: d
   data: [ -2.1859934914563901e-02, -9.9468572971318997e-04,
       1.6448003429794193e-03, -3.1164985765511365e-04,
       3.5195408316194161e-04 ]
P1: !!opencv-matrix
   rows: 3
   cols: 4
   dt: f
   data: [ 3.65880920e+02, 0., 4.29438446e+02, 0., 0., 3.65880920e+02,
       2.33895889e+02, 0., 0., 0., 1., 0. ]
R1: !!opencv-matrix
   rows: 3
   cols: 3
   dt: f
   data: [ 9.96395826e-01, -5.21603338e-02, -6.68924674e-02,
       5.24557270e-02, 9.98619676e-01, 2.66594929e-03, 6.66610748e-02,
       -6.16523344e-03, 9.97756600e-01 ]
K2: !!opencv-matrix
   rows: 3
   cols: 3
   dt: d
   data: [ 3.6687495098581172e+02, 0., 3.7621769200552956e+02, 0.,
       3.6726361788508825e+02, 2.2399932895774910e+02, 0., 0., 1. ]
D2: !!opencv-matrix
   rows: 5
   cols: 1
   dt: d
   data: [ -2.2201337830972428e-02, -1.1445843221826492e-03,
       2.9199201696882579e-04, -7.1705872414221615e-04,
       5.1284674356775366e-04 ]
P2: !!opencv-matrix
   rows: 3
   cols: 4
   dt: f
   data: [ 3.65880920e+02, 0., 4.29438446e+02, -6.87226719e+04, 0.,
       3.65880920e+02, 2.33895889e+02, 0., 0., 0., 1., 0. ]
R2: !!opencv-matrix
   rows: 3
   cols: 3
   dt: f
   data: [ 9.96015608e-01, -6.32497147e-02, -6.28682822e-02,
       6.29709736e-02, 9.97994781e-01, -6.40737405e-03, 6.31474853e-02,
       2.42296769e-03, 9.98001277e-01 ]
