%YAML:1.0
---
Q: !!opencv-matrix
   rows: 4
   cols: 4
   dt: f
   data: [ 1., 0., 0., -4.14250214e+02, 0., 1., 0., -2.33920639e+02, 0.,
       0., 0., 3.68073151e+02, 0., 0., 5.22463398e+04, 0. ]
R: !!opencv-matrix
   rows: 3
   cols: 3
   dt: d
   data: [ 1.1391096394305635e+00, -4.9788250278777431e-02,
       1.7048596849895441e-02, 5.0778069444850589e-02,
       1.1351548564701623e+00, -4.7104433188395550e-02,
       -5.3403003837772987e-02, 5.1991735621473058e-02,
       1.1372969021527657e+00 ]
T: !!opencv-matrix
   rows: 3
   cols: 1
   dt: d
   data: [ -1.0627627567200599e-05, 6.7488049545010702e-07,
       6.7080848556924952e-07 ]
E: !!opencv-matrix
   rows: 0
   cols: 0
   dt: u
   data: []
F: !!opencv-matrix
   rows: 0
   cols: 0
   dt: u
   data: []
K1: !!opencv-matrix
   rows: 3
   cols: 3
   dt: d
   data: [ 3.6627756984521932e+02, 0., 3.8060969928433269e+02, 0.,
       3.6653175179255015e+02, 2.3878059668569790e+02, 0., 0., 1. ]
D1: !!opencv-matrix
   rows: 5
   cols: 1
   dt: d
   data: [ -2.1859934914563901e-02, -9.9468572971318997e-04,
       1.6448003429794193e-03, -3.1164985765511365e-04,
       3.5195408316194161e-04 ]
P1: !!opencv-matrix
   rows: 3
   cols: 4
   dt: f
   data: [ 3.68073151e+02, 0., 4.14250214e+02, 0., 0., 3.68073151e+02,
       2.33920639e+02, 0., 0., 0., 1., 0. ]
R1: !!opencv-matrix
   rows: 3
   cols: 3
   dt: f
   data: [ 9.93671477e-01, -1.08707950e-01, -2.82759592e-02,
       1.08107522e-01, 9.93896544e-01, -2.19652560e-02, 3.04911751e-02,
       1.87694039e-02, 9.99358773e-01 ]
K2: !!opencv-matrix
   rows: 3
   cols: 3
   dt: d
   data: [ 3.6687495098581172e+02, 0., 3.7621769200552956e+02, 0.,
       3.6726361788508825e+02, 2.2399932895774910e+02, 0., 0., 1. ]
D2: !!opencv-matrix
   rows: 5
   cols: 1
   dt: d
   data: [ -2.2201337830972428e-02, -1.1445843221826492e-03,
       2.9199201696882579e-04, -7.1705872414221615e-04,
       5.1284674356775366e-04 ]
P2: !!opencv-matrix
   rows: 3
   cols: 4
   dt: f
   data: [ 3.68073151e+02, 0., 4.14250214e+02, -7.04495562e-03, 0.,
       3.68073151e+02, 2.33920639e+02, 0., 0., 0., 1., 0. ]
R2: !!opencv-matrix
   rows: 3
   cols: 3
   dt: f
   data: [ 9.96015608e-01, -6.32494465e-02, -6.28678128e-02,
       6.45200163e-02, 9.97747004e-01, 1.83878168e-02, 6.15631565e-02,
       -2.23707855e-02, 9.97852445e-01 ]
