%YAML:1.0
---
Q: !!opencv-matrix
   rows: 4
   cols: 4
   dt: f
   data: [ 1., 0., 0., -4.28270081e+02, 0., 1., 0., -2.33878525e+02, 0.,
       0., 0., 3.72752777e+02, 0., 0., 5.32875862e-03, 0. ]
R: !!opencv-matrix
   rows: 3
   cols: 3
   dt: d
   data: [ 1.0060528523977876e+00, 1.3691269293856823e-02,
       -3.8510240796523179e-03, -9.7738279564360021e-03,
       1.0042690798443679e+00, -4.3335876176321876e-02,
       3.2238359666428460e-03, 4.3120921843090972e-02,
       1.0045813609295002e+00 ]
T: !!opencv-matrix
   rows: 3
   cols: 1
   dt: d
   data: [ -1.8730513541334577e+02, 1.1894439680888466e+01,
       1.1822304645784165e+01 ]
E: !!opencv-matrix
   rows: 0
   cols: 0
   dt: u
   data: []
F: !!opencv-matrix
   rows: 0
   cols: 0
   dt: u
   data: []
K1: !!opencv-matrix
   rows: 3
   cols: 3
   dt: d
   data: [ 3.6627756984521932e+02, 0., 3.8060969928433269e+02, 0.,
       3.6653175179255015e+02, 2.3878059668569790e+02, 0., 0., 1. ]
D1: !!opencv-matrix
   rows: 5
   cols: 1
   dt: d
   data: [ -2.1859934914563901e-02, -9.9468572971318997e-04,
       1.6448003429794193e-03, -3.1164985765511365e-04,
       3.5195408316194161e-04 ]
P1: !!opencv-matrix
   rows: 3
   cols: 4
   dt: f
   data: [ 3.72752777e+02, 0., 4.28270081e+02, 0., 0., 3.72752777e+02,
       2.33878525e+02, 0., 0., 0., 1., 0. ]
R1: !!opencv-matrix
   rows: 3
   cols: 3
   dt: f
   data: [ 9.96529102e-01, -5.34153208e-02, -6.38482645e-02,
       5.20158447e-02, 9.98372436e-01, -2.33848598e-02, 6.49934560e-02,
       1.99825726e-02, 9.97685611e-01 ]
K2: !!opencv-matrix
   rows: 3
   cols: 3
   dt: d
   data: [ 3.6687495098581172e+02, 0., 3.7621769200552956e+02, 0.,
       3.6726361788508825e+02, 2.2399932895774910e+02, 0., 0., 1. ]
D2: !!opencv-matrix
   rows: 5
   cols: 1
   dt: d
   data: [ -2.2201337830972428e-02, -1.1445843221826492e-03,
       2.9199201696882579e-04, -7.1705872414221615e-04,
       5.1284674356775366e-04 ]
P2: !!opencv-matrix
   rows: 3
   cols: 4
   dt: f
   data: [ 3.72752777e+02, 0., 4.28270081e+02, -6.99511406e+04, 0.,
       3.72752777e+02, 2.33878525e+02, 0., 0., 0., 1., 0. ]
R2: !!opencv-matrix
   rows: 3
   cols: 3
   dt: f
   data: [ 9.96015668e-01, -6.32499903e-02, -6.28664047e-02,
       6.46007881e-02, 9.97716904e-01, 1.96895432e-02, 6.14775158e-02,
       -2.36723125e-02, 9.97827709e-01 ]
