%YAML:1.0
---
Q: !!opencv-matrix
   rows: 4
   cols: 4
   dt: f
   data: [ 1., 0., 0., -4.07810730e+02, 0., 1., 0., -2.33132080e+02, 0.,
       0., 0., 3.79550293e+02, 0., 0., 5.63484523e-03, 0. ]
R: !!opencv-matrix
   rows: 3
   cols: 3
   dt: d
   data: [ 1.0020140678378668e+00, 9.5153773295546251e-03,
       4.8379340798391630e-02, -7.5128924928159662e-03,
       1.0009256073914856e+00, -4.3614750005629817e-02,
       -4.9226301683120796e-02, 4.3226719317074690e-02,
       9.9978660179659518e-01 ]
T: !!opencv-matrix
   rows: 3
   cols: 1
   dt: d
   data: [ -1.7834448666953597e+02, 1.1325290818264167e+01,
       1.1258028602454953e+01 ]
E: !!opencv-matrix
   rows: 0
   cols: 0
   dt: u
   data: []
F: !!opencv-matrix
   rows: 0
   cols: 0
   dt: u
   data: []
K1: !!opencv-matrix
   rows: 3
   cols: 3
   dt: d
   data: [ 3.6627756984521932e+02, 0., 3.8060969928433269e+02, 0.,
       3.6653175179255015e+02, 2.3878059668569790e+02, 0., 0., 1. ]
D1: !!opencv-matrix
   rows: 5
   cols: 1
   dt: d
   data: [ -2.1859934914563901e-02, -9.9468572971318997e-04,
       1.6448003429794193e-03, -3.1164985765511365e-04,
       3.5195408316194161e-04 ]
P1: !!opencv-matrix
   rows: 3
   cols: 4
   dt: f
   data: [ 3.79550293e+02, 0., 4.07810730e+02, 0., 0., 3.79550293e+02,
       2.33132080e+02, 0., 0., 0., 1., 0. ]
R1: !!opencv-matrix
   rows: 3
   cols: 3
   dt: f
   data: [ 9.98337507e-01, -5.63625321e-02, -1.20627424e-02,
       5.60965315e-02, 9.98196900e-01, -2.13576742e-02, 1.32447639e-02,
       2.06454899e-02, 9.99699116e-01 ]
K2: !!opencv-matrix
   rows: 3
   cols: 3
   dt: d
   data: [ 3.6687495098581172e+02, 0., 3.7621769200552956e+02, 0.,
       3.6726361788508825e+02, 2.2399932895774910e+02, 0., 0., 1. ]
D2: !!opencv-matrix
   rows: 5
   cols: 1
   dt: d
   data: [ -2.2201337830972428e-02, -1.1445843221826492e-03,
       2.9199201696882579e-04, -7.1705872414221615e-04,
       5.1284674356775366e-04 ]
P2: !!opencv-matrix
   rows: 3
   cols: 4
   dt: f
   data: [ 3.79550293e+02, 0., 4.07810730e+02, -6.73577188e+04, 0.,
       3.79550293e+02, 2.33132080e+02, 0., 0., 0., 1., 0. ]
R2: !!opencv-matrix
   rows: 3
   cols: 3
   dt: f
   data: [ 9.96015251e-01, -6.32492974e-02, -6.28736392e-02,
       6.45576194e-02, 9.97733116e-01, 1.89977381e-02, 6.15295246e-02,
       -2.29810104e-02, 9.97840643e-01 ]
