%YAML:1.0
---
Q: !!opencv-matrix
   rows: 4
   cols: 4
   dt: f
   data: [ 1., 0., 0., -3.83189087e+02, 0., 1., 0., -2.32193024e+02, 0.,
       0., 0., 3.61821503e+02, 0., 0., 5.57094812e-03, 0. ]
R: !!opencv-matrix
   rows: 3
   cols: 3
   dt: d
   data: [ 9.9994989975336346e-01, 9.7292168576411583e-03,
       -3.1610471588812837e-03, -9.6819306315402767e-03,
       9.9992709920929757e-01, 9.2352941410098529e-03,
       3.2434790990305135e-03, -9.2039354133082243e-03,
       9.9997001454891032e-01 ]
T: !!opencv-matrix
   rows: 3
   cols: 1
   dt: d
   data: [ -1.7914646332638540e+02, 1.1376268588369637e+01,
       7.6906212050541356e-01 ]
E: !!opencv-matrix
   rows: 0
   cols: 0
   dt: u
   data: []
F: !!opencv-matrix
   rows: 0
   cols: 0
   dt: u
   data: []
K1: !!opencv-matrix
   rows: 3
   cols: 3
   dt: d
   data: [ 3.6627756984521932e+02, 0., 3.8060969928433269e+02, 0.,
       3.6653175179255015e+02, 2.3878059668569790e+02, 0., 0., 1. ]
D1: !!opencv-matrix
   rows: 5
   cols: 1
   dt: d
   data: [ -2.1859934914563901e-02, -9.9468572971318997e-04,
       1.6448003429794193e-03, -3.1164985765511365e-04,
       3.5195408316194161e-04 ]
P1: !!opencv-matrix
   rows: 3
   cols: 4
   dt: f
   data: [ 3.61821503e+02, 0., 3.83189087e+02, 0., 0., 3.61821503e+02,
       2.32193024e+02, 0., 0., 0., 1., 0. ]
R1: !!opencv-matrix
   rows: 3
   cols: 3
   dt: f
   data: [ 9.98528838e-01, -5.36261946e-02, -8.02321080e-03,
       5.36621287e-02, 9.98549759e-01, 4.33231797e-03, 7.77924946e-03,
       -4.75648744e-03, 9.99958456e-01 ]
K2: !!opencv-matrix
   rows: 3
   cols: 3
   dt: d
   data: [ 3.6687495098581172e+02, 0., 3.7621769200552956e+02, 0.,
       3.6726361788508825e+02, 2.2399932895774910e+02, 0., 0., 1. ]
D2: !!opencv-matrix
   rows: 5
   cols: 1
   dt: d
   data: [ -2.2201337830972428e-02, -1.1445843221826492e-03,
       2.9199201696882579e-04, -7.1705872414221615e-04,
       5.1284674356775366e-04 ]
P2: !!opencv-matrix
   rows: 3
   cols: 4
   dt: f
   data: [ 3.61821503e+02, 0., 3.83189087e+02, -6.49479180e+04, 0.,
       3.61821503e+02, 2.32193024e+02, 0., 0., 0., 1., 0. ]
R2: !!opencv-matrix
   rows: 3
   cols: 3
   dt: f
   data: [ 9.97980654e-01, -6.33743778e-02, -4.28424776e-03,
       6.33542389e-02, 9.97980118e-01, -4.68422147e-03, 4.57245391e-03,
       4.40333737e-03, 9.99979854e-01 ]
