%YAML:1.0
---
Q: !!opencv-matrix
   rows: 4
   cols: 4
   dt: f
   data: [ 1., 0., 0., -4.07689575e+02, 0., 1., 0., -2.33439697e+02, 0.,
       0., 0., 3.70130432e+02, 0., 0., 5.48634771e-03, 0. ]
R: !!opencv-matrix
   rows: 3
   cols: 3
   dt: d
   data: [ 1.0008339848274943e+00, -4.2787330369602881e-02,
       4.8794657308619732e-02, 4.5011345023601670e-02,
       1.0009504926939632e+00, -4.3682293142267958e-02,
       -4.6860691562610329e-02, 4.5777986926240070e-02,
       1.0007791734727904e+00 ]
T: !!opencv-matrix
   rows: 3
   cols: 1
   dt: d
   data: [ -1.8168609699995514e+02, 1.1537465817056635e+01,
       1.1468765188254141e+01 ]
E: !!opencv-matrix
   rows: 0
   cols: 0
   dt: u
   data: []
F: !!opencv-matrix
   rows: 0
   cols: 0
   dt: u
   data: []
K1: !!opencv-matrix
   rows: 3
   cols: 3
   dt: d
   data: [ 3.6627756984521932e+02, 0., 3.8060969928433269e+02, 0.,
       3.6653175179255015e+02, 2.3878059668569790e+02, 0., 0., 1. ]
D1: !!opencv-matrix
   rows: 5
   cols: 1
   dt: d
   data: [ -2.1859934914563901e-02, -9.9468572971318997e-04,
       1.6448003429794193e-03, -3.1164985765511365e-04,
       3.5195408316194161e-04 ]
P1: !!opencv-matrix
   rows: 3
   cols: 4
   dt: f
   data: [ 3.70130432e+02, 0., 4.07689575e+02, 0., 0., 3.70130432e+02,
       2.33439697e+02, 0., 0., 0., 1., 0. ]
R1: !!opencv-matrix
   rows: 3
   cols: 3
   dt: f
   data: [ 9.94027138e-01, -1.08523823e-01, -1.15168607e-02,
       1.08259596e-01, 9.93889868e-01, -2.15123147e-02, 1.37810903e-02,
       2.01370139e-02, 9.99702275e-01 ]
K2: !!opencv-matrix
   rows: 3
   cols: 3
   dt: d
   data: [ 3.6687495098581172e+02, 0., 3.7621769200552956e+02, 0.,
       3.6726361788508825e+02, 2.2399932895774910e+02, 0., 0., 1. ]
D2: !!opencv-matrix
   rows: 5
   cols: 1
   dt: d
   data: [ -2.2201337830972428e-02, -1.1445843221826492e-03,
       2.9199201696882579e-04, -7.1705872414221615e-04,
       5.1284674356775366e-04 ]
P2: !!opencv-matrix
   rows: 3
   cols: 4
   dt: f
   data: [ 3.70130432e+02, 0., 4.07689575e+02, -6.74639063e+04, 0.,
       3.70130432e+02, 2.33439697e+02, 0., 0., 0., 1., 0. ]
R2: !!opencv-matrix
   rows: 3
   cols: 3
   dt: f
   data: [ 9.96015370e-01, -6.32491633e-02, -6.28725365e-02,
       6.45479411e-02, 9.97736692e-01, 1.88434403e-02, 6.15384057e-02,
       -2.28266492e-02, 9.97843683e-01 ]
