%YAML:1.0
---
Q: !!opencv-matrix
   rows: 4
   cols: 4
   dt: f
   data: [ 1., 0., 0., -4.14271362e+02, 0., 1., 0., -2.33923447e+02, 0.,
       0., 0., 3.68047974e+02, 0., 0., 8.85279007e+01, 0. ]
R: !!opencv-matrix
   rows: 3
   cols: 3
   dt: d
   data: [ 1.0991487342214201e+00, -4.7665951560430478e-02,
       1.6637027460619850e-02, 4.9099180224948198e-02,
       1.0962507985262784e+00, -4.5502110843085891e-02,
       -5.1514190662858846e-02, 5.0184758549406051e-02,
       1.0983350929570126e+00 ]
T: !!opencv-matrix
   rows: 3
   cols: 1
   dt: d
   data: [ -4.0971976342796586e-03, 2.6018212925651930e-04,
       2.5861227472924155e-04 ]
E: !!opencv-matrix
   rows: 0
   cols: 0
   dt: u
   data: []
F: !!opencv-matrix
   rows: 0
   cols: 0
   dt: u
   data: []
K1: !!opencv-matrix
   rows: 3
   cols: 3
   dt: d
   data: [ 3.6627756984521932e+02, 0., 3.8060969928433269e+02, 0.,
       3.6653175179255015e+02, 2.3878059668569790e+02, 0., 0., 1. ]
D1: !!opencv-matrix
   rows: 5
   cols: 1
   dt: d
   data: [ -2.1859934914563901e-02, -9.9468572971318997e-04,
       1.6448003429794193e-03, -3.1164985765511365e-04,
       3.5195408316194161e-04 ]
P1: !!opencv-matrix
   rows: 3
   cols: 4
   dt: f
   data: [ 3.68047974e+02, 0., 4.14271362e+02, 0., 0., 3.68047974e+02,
       2.33923447e+02, 0., 0., 0., 1., 0. ]
R1: !!opencv-matrix
   rows: 3
   cols: 3
   dt: f
   data: [ 9.93656874e-01, -1.08827770e-01, -2.83293836e-02,
       1.08226255e-01, 9.93883491e-01, -2.19687764e-02, 3.05469204e-02,
       1.87634435e-02, 9.99357224e-01 ]
K2: !!opencv-matrix
   rows: 3
   cols: 3
   dt: d
   data: [ 3.6687495098581172e+02, 0., 3.7621769200552956e+02, 0.,
       3.6726361788508825e+02, 2.2399932895774910e+02, 0., 0., 1. ]
D2: !!opencv-matrix
   rows: 5
   cols: 1
   dt: d
   data: [ -2.2201337830972428e-02, -1.1445843221826492e-03,
       2.9199201696882579e-04, -7.1705872414221615e-04,
       5.1284674356775366e-04 ]
P2: !!opencv-matrix
   rows: 3
   cols: 4
   dt: f
   data: [ 3.68047974e+02, 0., 4.14271362e+02, -4.15742350e+00, 0.,
       3.68047974e+02, 2.33923447e+02, 0., 0., 0., 1., 0. ]
R2: !!opencv-matrix
   rows: 3
   cols: 3
   dt: f
   data: [ 9.96015608e-01, -6.32494465e-02, -6.28678128e-02,
       6.45199418e-02, 9.97747004e-01, 1.83866713e-02, 6.15632311e-02,
       -2.23696399e-02, 9.97852504e-01 ]
