%YAML:1.0
---
Q: !!opencv-matrix
   rows: 4
   cols: 4
   dt: f
   data: [ 1., 0., 0., -3.83175140e+02, 0., 1., 0., -2.32192719e+02, 0.,
       0., 0., 3.61814453e+02, 0., 0., 5.56707568e-03, 0. ]
R: !!opencv-matrix
   rows: 3
   cols: 3
   dt: d
   data: [ 9.9979791713700916e-01, 9.6998366662622727e-03,
       -3.1412533168241065e-03, -9.6658207147860414e-03,
       1.0000493154588650e+00, 9.2351240217680881e-03,
       3.2450108186695501e-03, -9.2051310004690641e-03,
       1.0000905840655687e+00 ]
T: !!opencv-matrix
   rows: 3
   cols: 1
   dt: d
   data: [ -1.7923968657084401e+02, 1.1382228516033503e+01,
       7.6804424324776310e-01 ]
E: !!opencv-matrix
   rows: 0
   cols: 0
   dt: u
   data: []
F: !!opencv-matrix
   rows: 0
   cols: 0
   dt: u
   data: []
K1: !!opencv-matrix
   rows: 3
   cols: 3
   dt: d
   data: [ 3.6627756984521932e+02, 0., 3.8060969928433269e+02, 0.,
       3.6653175179255015e+02, 2.3878059668569790e+02, 0., 0., 1. ]
D1: !!opencv-matrix
   rows: 5
   cols: 1
   dt: d
   data: [ -2.1859934914563901e-02, -9.9468572971318997e-04,
       1.6448003429794193e-03, -3.1164985765511365e-04,
       3.5195408316194161e-04 ]
P1: !!opencv-matrix
   rows: 3
   cols: 4
   dt: f
   data: [ 3.61814453e+02, 0., 3.83175140e+02, 0., 0., 3.61814453e+02,
       2.32192719e+02, 0., 0., 0., 1., 0. ]
R1: !!opencv-matrix
   rows: 3
   cols: 3
   dt: f
   data: [ 9.98526692e-01, -5.36704771e-02, -7.99555611e-03,
       5.37062809e-02, 9.98547375e-01, 4.33260528e-03, 7.75140896e-03,
       -4.75563388e-03, 9.99958634e-01 ]
K2: !!opencv-matrix
   rows: 3
   cols: 3
   dt: d
   data: [ 3.6687495098581172e+02, 0., 3.7621769200552956e+02, 0.,
       3.6726361788508825e+02, 2.2399932895774910e+02, 0., 0., 1. ]
D2: !!opencv-matrix
   rows: 5
   cols: 1
   dt: d
   data: [ -2.2201337830972428e-02, -1.1445843221826492e-03,
       2.9199201696882579e-04, -7.1705872414221615e-04,
       5.1284674356775366e-04 ]
P2: !!opencv-matrix
   rows: 3
   cols: 4
   dt: f
   data: [ 3.61814453e+02, 0., 3.83175140e+02, -6.49918359e+04, 0.,
       3.61814453e+02, 2.32192719e+02, 0., 0., 0., 1., 0. ]
R2: !!opencv-matrix
   rows: 3
   cols: 3
   dt: f
   data: [ 9.97980654e-01, -6.33746013e-02, -4.27635200e-03,
       6.33544996e-02, 9.97980118e-01, -4.68369108e-03, 4.56454139e-03,
       4.40330664e-03, 9.99979913e-01 ]
