%YAML:1.0
---
Q: !!opencv-matrix
   rows: 4
   cols: 4
   dt: f
   data: [ 1., 0., 0., -4.29643646e+02, 0., 1., 0., -2.33895004e+02, 0.,
       0., 0., 3.65865936e+02, 0., 0., 5.40832011e-03, 0. ]
R: !!opencv-matrix
   rows: 3
   cols: 3
   dt: d
   data: [ 9.8895257661781710e-01, 1.2594146697013553e-02,
       -3.2741085088975881e-03, -8.7804195531105220e-03,
       1.0035218802911601e+00, 9.2765837867118117e-03,
       4.1889078455135910e-03, -9.4181484307877851e-03,
       1.0037516264668975e+00 ]
T: !!opencv-matrix
   rows: 3
   cols: 1
   dt: d
   data: [ -1.8561648595658608e+02, 1.1787155315577335e+01,
       1.1716070921712012e+01 ]
E: !!opencv-matrix
   rows: 0
   cols: 0
   dt: u
   data: []
F: !!opencv-matrix
   rows: 0
   cols: 0
   dt: u
   data: []
K1: !!opencv-matrix
   rows: 3
   cols: 3
   dt: d
   data: [ 3.6627756984521932e+02, 0., 3.8060969928433269e+02, 0.,
       3.6653175179255015e+02, 2.3878059668569790e+02, 0., 0., 1. ]
D1: !!opencv-matrix
   rows: 5
   cols: 1
   dt: d
   data: [ -2.1859934914563901e-02, -9.9468572971318997e-04,
       1.6448003429794193e-03, -3.1164985765511365e-04,
       3.5195408316194161e-04 ]
P1: !!opencv-matrix
   rows: 3
   cols: 4
   dt: f
   data: [ 3.65865936e+02, 0., 4.29643646e+02, 0., 0., 3.65865936e+02,
       2.33895004e+02, 0., 0., 0., 1., 0. ]
R1: !!opencv-matrix
   rows: 3
   cols: 3
   dt: f
   data: [ 9.96382058e-01, -5.17652854e-02, -6.74026161e-02,
       5.20638339e-02, 9.98640180e-01, 2.67913030e-03, 6.71722740e-02,
       -6.17867615e-03, 9.97722268e-01 ]
K2: !!opencv-matrix
   rows: 3
   cols: 3
   dt: d
   data: [ 3.6687495098581172e+02, 0., 3.7621769200552956e+02, 0.,
       3.6726361788508825e+02, 2.2399932895774910e+02, 0., 0., 1. ]
D2: !!opencv-matrix
   rows: 5
   cols: 1
   dt: d
   data: [ -2.2201337830972428e-02, -1.1445843221826492e-03,
       2.9199201696882579e-04, -7.1705872414221615e-04,
       5.1284674356775366e-04 ]
P2: !!opencv-matrix
   rows: 3
   cols: 4
   dt: f
   data: [ 3.65865936e+02, 0., 4.29643646e+02, -6.76487188e+04, 0.,
       3.65865936e+02, 2.33895004e+02, 0., 0., 0., 1., 0. ]
R2: !!opencv-matrix
   rows: 3
   cols: 3
   dt: f
   data: [ 9.96015608e-01, -6.32497147e-02, -6.28682747e-02,
       6.29701242e-02, 9.97994781e-01, -6.42069941e-03, 6.31483197e-02,
       2.43629352e-03, 9.98001158e-01 ]
