%YAML:1.0
---
Q: !!opencv-matrix
   rows: 4
   cols: 4
   dt: f
   data: [ 1., 0., 0., -3.82538879e+02, 0., 1., 0., -2.31851212e+02, 0.,
       0., 0., 3.58741638e+02, 0., 0., 5.55625791e-03, 0. ]
R: !!opencv-matrix
   rows: 3
   cols: 3
   dt: d
   data: [ 9.9996385554380141e-01, 9.7388897488308087e-03,
       -3.1543926122524135e-03, -9.6828191079581360e-03,
       9.9990568836786886e-01, 9.2346381963689574e-03,
       3.2429442318276116e-03, -9.2037839814472812e-03,
       9.9994786335961217e-01 ]
T: !!opencv-matrix
   rows: 3
   cols: 1
   dt: d
   data: [ -1.7997622800873816e+02, 8.4072306189458967e-01,
       7.7192876133077926e-01 ]
E: !!opencv-matrix
   rows: 0
   cols: 0
   dt: u
   data: []
F: !!opencv-matrix
   rows: 0
   cols: 0
   dt: u
   data: []
K1: !!opencv-matrix
   rows: 3
   cols: 3
   dt: d
   data: [ 3.6627756984521932e+02, 0., 3.8060969928433269e+02, 0.,
       3.6653175179255015e+02, 2.3878059668569790e+02, 0., 0., 1. ]
D1: !!opencv-matrix
   rows: 5
   cols: 1
   dt: d
   data: [ -2.1859934914563901e-02, -9.9468572971318997e-04,
       1.6448003429794193e-03, -3.1164985765511365e-04,
       3.5195408316194161e-04 ]
P1: !!opencv-matrix
   rows: 3
   cols: 4
   dt: f
   data: [ 3.58741638e+02, 0., 3.82538879e+02, 0., 0., 3.58741638e+02,
       2.31851212e+02, 0., 0., 0., 1., 0. ]
R1: !!opencv-matrix
   rows: 3
   cols: 3
   dt: f
   data: [ 9.99958992e-01, 5.09459339e-03, -7.48582464e-03,
       -5.06013725e-03, 9.99976575e-01, 4.61457437e-03, 7.50915846e-03,
       -4.57650563e-03, 9.99961317e-01 ]
K2: !!opencv-matrix
   rows: 3
   cols: 3
   dt: d
   data: [ 3.6687495098581172e+02, 0., 3.7621769200552956e+02, 0.,
       3.6726361788508825e+02, 2.2399932895774910e+02, 0., 0., 1. ]
D2: !!opencv-matrix
   rows: 5
   cols: 1
   dt: d
   data: [ -2.2201337830972428e-02, -1.1445843221826492e-03,
       2.9199201696882579e-04, -7.1705872414221615e-04,
       5.1284674356775366e-04 ]
P2: !!opencv-matrix
   rows: 3
   cols: 4
   dt: f
   data: [ 3.58741638e+02, 0., 3.82538879e+02, -6.45653320e+04, 0.,
       3.58741638e+02, 2.31851212e+02, 0., 0., 0., 1., 0. ]
R2: !!opencv-matrix
   rows: 3
   cols: 3
   dt: f
   data: [ 9.99979913e-01, -4.67120670e-03, -4.28897189e-03,
       4.65144683e-03, 9.99978602e-01, -4.60558524e-03, 4.31039371e-03,
       4.58554272e-03, 9.99980211e-01 ]
