%YAML:1.0
---
Q: !!opencv-matrix
   rows: 4
   cols: 4
   dt: f
   data: [ 1., 0., 0., -4.14301086e+02, 0., 1., 0., -2.33928513e+02, 0.,
       0., 0., 3.67996002e+02, 0., 0., 4.64063931e+00, 0. ]
R: !!opencv-matrix
   rows: 3
   cols: 3
   dt: d
   data: [ 1.0778310285921118e+00, -4.7921780263393582e-02,
       1.5892747471798488e-02, 4.7881905808013353e-02,
       1.0726275890112176e+00, -4.4493772176916475e-02,
       -5.0554901362281551e-02, 4.9180787978501533e-02,
       1.0746093861595014e+00 ]
T: !!opencv-matrix
   rows: 3
   cols: 1
   dt: d
   data: [ -1.1921832677642395e-01, 7.5706570382573172e-03,
       7.5249781507009993e-03 ]
E: !!opencv-matrix
   rows: 0
   cols: 0
   dt: u
   data: []
F: !!opencv-matrix
   rows: 0
   cols: 0
   dt: u
   data: []
K1: !!opencv-matrix
   rows: 3
   cols: 3
   dt: d
   data: [ 3.6627756984521932e+02, 0., 3.8060969928433269e+02, 0.,
       3.6653175179255015e+02, 2.3878059668569790e+02, 0., 0., 1. ]
D1: !!opencv-matrix
   rows: 5
   cols: 1
   dt: d
   data: [ -2.1859934914563901e-02, -9.9468572971318997e-04,
       1.6448003429794193e-03, -3.1164985765511365e-04,
       3.5195408316194161e-04 ]
P1: !!opencv-matrix
   rows: 3
   cols: 4
   dt: f
   data: [ 3.67996002e+02, 0., 4.14301086e+02, 0., 0., 3.67996002e+02,
       2.33928513e+02, 0., 0., 0., 1., 0. ]
R1: !!opencv-matrix
   rows: 3
   cols: 3
   dt: f
   data: [ 9.93624508e-01, -1.09103203e-01, -2.84041502e-02,
       1.08500145e-01, 9.93853509e-01, -2.19755992e-02, 3.06271724e-02,
       1.87536404e-02, 9.99354959e-01 ]
K2: !!opencv-matrix
   rows: 3
   cols: 3
   dt: d
   data: [ 3.6687495098581172e+02, 0., 3.7621769200552956e+02, 0.,
       3.6726361788508825e+02, 2.2399932895774910e+02, 0., 0., 1. ]
D2: !!opencv-matrix
   rows: 5
   cols: 1
   dt: d
   data: [ -2.2201337830972428e-02, -1.1445843221826492e-03,
       2.9199201696882579e-04, -7.1705872414221615e-04,
       5.1284674356775366e-04 ]
P2: !!opencv-matrix
   rows: 3
   cols: 4
   dt: f
   data: [ 3.67996002e+02, 0., 4.14301086e+02, -7.92985535e+01, 0.,
       3.67996002e+02, 2.33928513e+02, 0., 0., 0., 1., 0. ]
R2: !!opencv-matrix
   rows: 3
   cols: 3
   dt: f
   data: [ 9.96015608e-01, -6.32494465e-02, -6.28678128e-02,
       6.45198599e-02, 9.97747064e-01, 1.83853451e-02, 6.15633167e-02,
       -2.23683156e-02, 9.97852504e-01 ]
