%YAML:1.0
---
Q: !!opencv-matrix
   rows: 4
   cols: 4
   dt: f
   data: [ 1., 0., 0., -4.28160706e+02, 0., 1., 0., -2.33932983e+02, 0.,
       0., 0., 3.72304321e+02, 0., 0., 5.48397051e-03, 0. ]
R: !!opencv-matrix
   rows: 3
   cols: 3
   dt: d
   data: [ 1.0011254605114908e+00, 9.5374782544105190e-03,
       -3.4855315974765713e-03, -9.6908284589907519e-03,
       1.0002625856010987e+00, -4.3173920439498116e-02,
       3.2512395749539898e-03, 4.3196361690251435e-02,
       1.0002910485931213e+00 ]
T: !!opencv-matrix
   rows: 3
   cols: 1
   dt: d
   data: [ -1.8170144825233965e+02, 1.1538476590616023e+01,
       1.1469987775027247e+01 ]
E: !!opencv-matrix
   rows: 0
   cols: 0
   dt: u
   data: []
F: !!opencv-matrix
   rows: 0
   cols: 0
   dt: u
   data: []
K1: !!opencv-matrix
   rows: 3
   cols: 3
   dt: d
   data: [ 3.6627756984521932e+02, 0., 3.8060969928433269e+02, 0.,
       3.6653175179255015e+02, 2.3878059668569790e+02, 0., 0., 1. ]
D1: !!opencv-matrix
   rows: 5
   cols: 1
   dt: d
   data: [ -2.1859934914563901e-02, -9.9468572971318997e-04,
       1.6448003429794193e-03, -3.1164985765511365e-04,
       3.5195408316194161e-04 ]
P1: !!opencv-matrix
   rows: 3
   cols: 4
   dt: f
   data: [ 3.72304321e+02, 0., 4.28160706e+02, 0., 0., 3.72304321e+02,
       2.33932983e+02, 0., 0., 0., 1., 0. ]
R1: !!opencv-matrix
   rows: 3
   cols: 3
   dt: f
   data: [ 9.96380985e-01, -5.64431399e-02, -6.35540187e-02,
       5.50459065e-02, 9.98206615e-01, -2.35268027e-02, 6.47679642e-02,
       1.99432708e-02, 9.97701049e-01 ]
K2: !!opencv-matrix
   rows: 3
   cols: 3
   dt: d
   data: [ 3.6687495098581172e+02, 0., 3.7621769200552956e+02, 0.,
       3.6726361788508825e+02, 2.2399932895774910e+02, 0., 0., 1. ]
D2: !!opencv-matrix
   rows: 5
   cols: 1
   dt: d
   data: [ -2.2201337830972428e-02, -1.1445843221826492e-03,
       2.9199201696882579e-04, -7.1705872414221615e-04,
       5.1284674356775366e-04 ]
P2: !!opencv-matrix
   rows: 3
   cols: 4
   dt: f
   data: [ 3.72304321e+02, 0., 4.28160706e+02, -6.78895547e+04, 0.,
       3.72304321e+02, 2.33932983e+02, 0., 0., 0., 1., 0. ]
R2: !!opencv-matrix
   rows: 3
   cols: 3
   dt: f
   data: [ 9.96015251e-01, -6.32493496e-02, -6.28739223e-02,
       6.46035224e-02, 9.97715712e-01, 1.97414402e-02, 6.14816695e-02,
       -2.37246528e-02, 9.97826219e-01 ]
