%YAML:1.0
---
Q: !!opencv-matrix
   rows: 4
   cols: 4
   dt: f
   data: [ 1., 0., 0., -4.14277130e+02, 0., 1., 0., -2.33924164e+02, 0.,
       0., 0., 3.68041748e+02, 0., 0., 4.41748108e+02, 0. ]
R: !!opencv-matrix
   rows: 3
   cols: 3
   dt: d
   data: [ 1.1108460415684862e+00, -4.8547290504080368e-02,
       1.6643192714172396e-02, 4.9536157019902327e-02,
       1.1071544717937190e+00, -4.5943521808763314e-02,
       -5.2075264708716054e-02, 5.0708501356037244e-02,
       1.1092435466393933e+00 ]
T: !!opencv-matrix
   rows: 3
   cols: 1
   dt: d
   data: [ -7.5233723565121583e-04, 4.7775265282050073e-05,
       4.7487004836535138e-05 ]
E: !!opencv-matrix
   rows: 0
   cols: 0
   dt: u
   data: []
F: !!opencv-matrix
   rows: 0
   cols: 0
   dt: u
   data: []
K1: !!opencv-matrix
   rows: 3
   cols: 3
   dt: d
   data: [ 3.6627756984521932e+02, 0., 3.8060969928433269e+02, 0.,
       3.6653175179255015e+02, 2.3878059668569790e+02, 0., 0., 1. ]
D1: !!opencv-matrix
   rows: 5
   cols: 1
   dt: d
   data: [ -2.1859934914563901e-02, -9.9468572971318997e-04,
       1.6448003429794193e-03, -3.1164985765511365e-04,
       3.5195408316194161e-04 ]
P1: !!opencv-matrix
   rows: 3
   cols: 4
   dt: f
   data: [ 3.68041748e+02, 0., 4.14277130e+02, 0., 0., 3.68041748e+02,
       2.33924164e+02, 0., 0., 0., 1., 0. ]
R1: !!opencv-matrix
   rows: 3
   cols: 3
   dt: f
   data: [ 9.93653297e-01, -1.08856291e-01, -2.83440519e-02,
       1.08254485e-01, 9.93880451e-01, -2.19696686e-02, 3.05621363e-02,
       1.87618639e-02, 9.99356747e-01 ]
K2: !!opencv-matrix
   rows: 3
   cols: 3
   dt: d
   data: [ 3.6687495098581172e+02, 0., 3.7621769200552956e+02, 0.,
       3.6726361788508825e+02, 2.2399932895774910e+02, 0., 0., 1. ]
D2: !!opencv-matrix
   rows: 5
   cols: 1
   dt: d
   data: [ -2.2201337830972428e-02, -1.1445843221826492e-03,
       2.9199201696882579e-04, -7.1705872414221615e-04,
       5.1284674356775366e-04 ]
P2: !!opencv-matrix
   rows: 3
   cols: 4
   dt: f
   data: [ 3.68041748e+02, 0., 4.14277130e+02, -8.33148420e-01, 0.,
       3.68041748e+02, 2.33924164e+02, 0., 0., 0., 1., 0. ]
R2: !!opencv-matrix
   rows: 3
   cols: 3
   dt: f
   data: [ 9.96015608e-01, -6.32494465e-02, -6.28678128e-02,
       6.45199269e-02, 9.97747004e-01, 1.83863454e-02, 6.15632497e-02,
       -2.23693140e-02, 9.97852504e-01 ]
