%YAML:1.0
---
Q: !!opencv-matrix
   rows: 4
   cols: 4
   dt: f
   data: [ 1., 0., 0., -4.28052185e+02, 0., 1., 0., -2.33928864e+02, 0.,
       0., 0., 3.72342926e+02, 0., 0., 5.48277469e-03, 0. ]
R: !!opencv-matrix
   rows: 3
   cols: 3
   dt: d
   data: [ 1.0010823144715781e+00, 9.4294650908887112e-03,
       -2.9039769849853320e-03, -9.6862144108780818e-03,
       1.0003042570296521e+00, -4.3212359926308161e-02,
       3.2562743912612460e-03, 4.3204703459071354e-02,
       1.0002891223050068e+00 ]
T: !!opencv-matrix
   rows: 3
   cols: 1
   dt: d
   data: [ -1.8169496298720262e+02, 1.1538064750896282e+01,
       1.1469578393463715e+01 ]
E: !!opencv-matrix
   rows: 0
   cols: 0
   dt: u
   data: []
F: !!opencv-matrix
   rows: 0
   cols: 0
   dt: u
   data: []
K1: !!opencv-matrix
   rows: 3
   cols: 3
   dt: d
   data: [ 3.6627756984521932e+02, 0., 3.8060969928433269e+02, 0.,
       3.6653175179255015e+02, 2.3878059668569790e+02, 0., 0., 1. ]
D1: !!opencv-matrix
   rows: 5
   cols: 1
   dt: d
   data: [ -2.1859934914563901e-02, -9.9468572971318997e-04,
       1.6448003429794193e-03, -3.1164985765511365e-04,
       3.5195408316194161e-04 ]
P1: !!opencv-matrix
   rows: 3
   cols: 4
   dt: f
   data: [ 3.72342926e+02, 0., 4.28052185e+02, 0., 0., 3.72342926e+02,
       2.33928864e+02, 0., 0., 0., 1., 0. ]
R1: !!opencv-matrix
   rows: 3
   cols: 3
   dt: f
   data: [ 9.96397376e-01, -5.64586893e-02, -6.32828921e-02,
       5.50670959e-02, 9.98205483e-01, -2.35240180e-02, 6.44974709e-02,
       1.99544635e-02, 9.97718334e-01 ]
K2: !!opencv-matrix
   rows: 3
   cols: 3
   dt: d
   data: [ 3.6687495098581172e+02, 0., 3.7621769200552956e+02, 0.,
       3.6726361788508825e+02, 2.2399932895774910e+02, 0., 0., 1. ]
D2: !!opencv-matrix
   rows: 5
   cols: 1
   dt: d
   data: [ -2.2201337830972428e-02, -1.1445843221826492e-03,
       2.9199201696882579e-04, -7.1705872414221615e-04,
       5.1284674356775366e-04 ]
P2: !!opencv-matrix
   rows: 3
   cols: 4
   dt: f
   data: [ 3.72342926e+02, 0., 4.28052185e+02, -6.79114063e+04, 0.,
       3.72342926e+02, 2.33928864e+02, 0., 0., 0., 1., 0. ]
R2: !!opencv-matrix
   rows: 3
   cols: 3
   dt: f
   data: [ 9.96015251e-01, -6.32493496e-02, -6.28739223e-02,
       6.46037757e-02, 9.97715652e-01, 1.97455548e-02, 6.14814013e-02,
       -2.37287655e-02, 9.97826099e-01 ]
