%YAML:1.0
---
Q: !!opencv-matrix
   rows: 4
   cols: 4
   dt: f
   data: [ 1., 0., 0., -4.10047760e+02, 0., 1., 0., -2.33212875e+02, 0.,
       0., 0., 3.78838898e+02, 0., 0., 7.49677792e-03, 0. ]
R: !!opencv-matrix
   rows: 3
   cols: 3
   dt: d
   data: [ 1.0182995038410787e+00, 9.9159712465466520e-03,
       3.1361323374654790e-02, -7.6893182028672730e-03,
       1.0162092980398090e+00, -4.3153754177922526e-02,
       -5.0039772165561269e-02, 4.3871204112040853e-02,
       1.0161900699241293e+00 ]
T: !!opencv-matrix
   rows: 3
   cols: 1
   dt: d
   data: [ -1.0121689882318037e+02, 6.4274155928893988e+00,
       6.3893855514959581e+00 ]
E: !!opencv-matrix
   rows: 0
   cols: 0
   dt: u
   data: []
F: !!opencv-matrix
   rows: 0
   cols: 0
   dt: u
   data: []
K1: !!opencv-matrix
   rows: 3
   cols: 3
   dt: d
   data: [ 3.6627756984521932e+02, 0., 3.8060969928433269e+02, 0.,
       3.6653175179255015e+02, 2.3878059668569790e+02, 0., 0., 1. ]
D1: !!opencv-matrix
   rows: 5
   cols: 1
   dt: d
   data: [ -2.1859934914563901e-02, -9.9468572971318997e-04,
       1.6448003429794193e-03, -3.1164985765511365e-04,
       3.5195408316194161e-04 ]
P1: !!opencv-matrix
   rows: 3
   cols: 4
   dt: f
   data: [ 3.78838898e+02, 0., 4.10047760e+02, 0., 0., 3.78838898e+02,
       2.33212875e+02, 0., 0., 0., 1., 0. ]
R1: !!opencv-matrix
   rows: 3
   cols: 3
   dt: f
   data: [ 9.98286843e-01, -5.57443909e-02, -1.77751128e-02,
       5.53600192e-02, 9.98236477e-01, -2.14292426e-02, 1.89383253e-02,
       2.04085000e-02, 9.99612331e-01 ]
K2: !!opencv-matrix
   rows: 3
   cols: 3
   dt: d
   data: [ 3.6687495098581172e+02, 0., 3.7621769200552956e+02, 0.,
       3.6726361788508825e+02, 2.2399932895774910e+02, 0., 0., 1. ]
D2: !!opencv-matrix
   rows: 5
   cols: 1
   dt: d
   data: [ -2.2201337830972428e-02, -1.1445843221826492e-03,
       2.9199201696882579e-04, -7.1705872414221615e-04,
       5.1284674356775366e-04 ]
P2: !!opencv-matrix
   rows: 3
   cols: 4
   dt: f
   data: [ 3.78838898e+02, 0., 4.10047760e+02, -5.05335625e+04, 0.,
       3.78838898e+02, 2.33212875e+02, 0., 0., 0., 1., 0. ]
R2: !!opencv-matrix
   rows: 3
   cols: 3
   dt: f
   data: [ 9.96015310e-01, -6.32483736e-02, -6.28741533e-02,
       6.45516291e-02, 9.97735083e-01, 1.89153496e-02, 6.15353808e-02,
       -2.28986051e-02, 9.97842193e-01 ]
