%YAML:1.0
---
Q: !!opencv-matrix
   rows: 4
   cols: 4
   dt: f
   data: [ 1., 0., 0., -3.83169739e+02, 0., 1., 0., -2.32192612e+02, 0.,
       0., 0., 3.61812744e+02, 0., 0., 5.56494901e-03, 0. ]
R: !!opencv-matrix
   rows: 3
   cols: 3
   dt: d
   data: [ 9.9971568221367768e-01, 9.6675609339364164e-03,
       -3.1245840972335907e-03, -9.6595530522548771e-03,
       1.0000708018467057e+00, 9.2342409976339471e-03,
       3.2455095756422424e-03, -9.2051715705735952e-03,
       1.0001099383808356e+00 ]
T: !!opencv-matrix
   rows: 3
   cols: 1
   dt: d
   data: [ -1.7926479286677755e+02, 1.1383822695016773e+01,
       7.6815052613623247e-01 ]
E: !!opencv-matrix
   rows: 0
   cols: 0
   dt: u
   data: []
F: !!opencv-matrix
   rows: 0
   cols: 0
   dt: u
   data: []
K1: !!opencv-matrix
   rows: 3
   cols: 3
   dt: d
   data: [ 3.6627756984521932e+02, 0., 3.8060969928433269e+02, 0.,
       3.6653175179255015e+02, 2.3878059668569790e+02, 0., 0., 1. ]
D1: !!opencv-matrix
   rows: 5
   cols: 1
   dt: d
   data: [ -2.1859934914563901e-02, -9.9468572971318997e-04,
       1.6448003429794193e-03, -3.1164985765511365e-04,
       3.5195408316194161e-04 ]
P1: !!opencv-matrix
   rows: 3
   cols: 4
   dt: f
   data: [ 3.61812744e+02, 0., 3.83169739e+02, 0., 0., 3.61812744e+02,
       2.32192612e+02, 0., 0., 0., 1., 0. ]
R1: !!opencv-matrix
   rows: 3
   cols: 3
   dt: f
   data: [ 9.98525858e-01, -5.36884032e-02, -7.98179209e-03,
       5.37241437e-02, 9.98546422e-01, 4.33268258e-03, 7.73757510e-03,
       -4.75511048e-03, 9.99958754e-01 ]
K2: !!opencv-matrix
   rows: 3
   cols: 3
   dt: d
   data: [ 3.6687495098581172e+02, 0., 3.7621769200552956e+02, 0.,
       3.6726361788508825e+02, 2.2399932895774910e+02, 0., 0., 1. ]
D2: !!opencv-matrix
   rows: 5
   cols: 1
   dt: d
   data: [ -2.2201337830972428e-02, -1.1445843221826492e-03,
       2.9199201696882579e-04, -7.1705872414221615e-04,
       5.1284674356775366e-04 ]
P2: !!opencv-matrix
   rows: 3
   cols: 4
   dt: f
   data: [ 3.61812744e+02, 0., 3.83169739e+02, -6.50163633e+04, 0.,
       3.61812744e+02, 2.32192612e+02, 0., 0., 0., 1., 0. ]
R2: !!opencv-matrix
   rows: 3
   cols: 3
   dt: f
   data: [ 9.97980654e-01, -6.33746013e-02, -4.27638041e-03,
       6.33544996e-02, 9.97980118e-01, -4.68346942e-03, 4.56455536e-03,
       4.40308405e-03, 9.99979913e-01 ]
