%YAML:1.0
---
Q: !!opencv-matrix
   rows: 4
   cols: 4
   dt: f
   data: [ 1., 0., 0., -4.14249756e+02, 0., 1., 0., -2.33920578e+02, 0.,
       0., 0., 3.68073578e+02, 0., 0., 3.59357520e+03, 0. ]
R: !!opencv-matrix
   rows: 3
   cols: 3
   dt: d
   data: [ 1.1215469873428672e+00, -4.9031430603089975e-02,
       1.6781601914019860e-02, 4.9992713435012263e-02,
       1.1176311912431971e+00, -4.6376998007220581e-02,
       -5.2580013396251450e-02, 5.1189837278331887e-02,
       1.1197396583410899e+00 ]
T: !!opencv-matrix
   rows: 3
   cols: 1
   dt: d
   data: [ -1.5338381576092514e-04, 9.7402496389912922e-06,
       9.6814801338125564e-06 ]
E: !!opencv-matrix
   rows: 0
   cols: 0
   dt: u
   data: []
F: !!opencv-matrix
   rows: 0
   cols: 0
   dt: u
   data: []
K1: !!opencv-matrix
   rows: 3
   cols: 3
   dt: d
   data: [ 3.6627756984521932e+02, 0., 3.8060969928433269e+02, 0.,
       3.6653175179255015e+02, 2.3878059668569790e+02, 0., 0., 1. ]
D1: !!opencv-matrix
   rows: 5
   cols: 1
   dt: d
   data: [ -2.1859934914563901e-02, -9.9468572971318997e-04,
       1.6448003429794193e-03, -3.1164985765511365e-04,
       3.5195408316194161e-04 ]
P1: !!opencv-matrix
   rows: 3
   cols: 4
   dt: f
   data: [ 3.68073578e+02, 0., 4.14249756e+02, 0., 0., 3.68073578e+02,
       2.33920578e+02, 0., 0., 0., 1., 0. ]
R1: !!opencv-matrix
   rows: 3
   cols: 3
   dt: f
   data: [ 9.93671775e-01, -1.08705997e-01, -2.82747969e-02,
       1.08105592e-01, 9.93896723e-01, -2.19651908e-02, 3.04899756e-02,
       1.87695250e-02, 9.99358833e-01 ]
K2: !!opencv-matrix
   rows: 3
   cols: 3
   dt: d
   data: [ 3.6687495098581172e+02, 0., 3.7621769200552956e+02, 0.,
       3.6726361788508825e+02, 2.2399932895774910e+02, 0., 0., 1. ]
D2: !!opencv-matrix
   rows: 5
   cols: 1
   dt: d
   data: [ -2.2201337830972428e-02, -1.1445843221826492e-03,
       2.9199201696882579e-04, -7.1705872414221615e-04,
       5.1284674356775366e-04 ]
P2: !!opencv-matrix
   rows: 3
   cols: 4
   dt: f
   data: [ 3.68073578e+02, 0., 4.14249756e+02, -1.02425456e-01, 0.,
       3.68073578e+02, 2.33920578e+02, 0., 0., 0., 1., 0. ]
R2: !!opencv-matrix
   rows: 3
   cols: 3
   dt: f
   data: [ 9.96015608e-01, -6.32494465e-02, -6.28678128e-02,
       6.45200163e-02, 9.97747004e-01, 1.83878448e-02, 6.15631528e-02,
       -2.23708134e-02, 9.97852445e-01 ]
