%YAML:1.0
---
Q: !!opencv-matrix
   rows: 4
   cols: 4
   dt: f
   data: [ 1., 0., 0., -4.14274231e+02, 0., 1., 0., -2.33923889e+02, 0.,
       0., 0., 3.68043488e+02, 0., 0., 1.32389514e+03, 0. ]
R: !!opencv-matrix
   rows: 3
   cols: 3
   dt: d
   data: [ 1.1170475984471901e+00, -4.8438599168010493e-02,
       1.6910038946487634e-02, 4.9899698257845390e-02,
       1.1141111868687550e+00, -4.6243576890043596e-02,
       -5.2352916937915536e-02, 5.1002143249036576e-02,
       1.1162295670893481e+00 ]
T: !!opencv-matrix
   rows: 3
   cols: 1
   dt: d
   data: [ -2.7716564931732951e-04, 1.7600700584419898e-05,
       1.7494503669300954e-05 ]
E: !!opencv-matrix
   rows: 0
   cols: 0
   dt: u
   data: []
F: !!opencv-matrix
   rows: 0
   cols: 0
   dt: u
   data: []
K1: !!opencv-matrix
   rows: 3
   cols: 3
   dt: d
   data: [ 3.6627756984521932e+02, 0., 3.8060969928433269e+02, 0.,
       3.6653175179255015e+02, 2.3878059668569790e+02, 0., 0., 1. ]
D1: !!opencv-matrix
   rows: 5
   cols: 1
   dt: d
   data: [ -2.1859934914563901e-02, -9.9468572971318997e-04,
       1.6448003429794193e-03, -3.1164985765511365e-04,
       3.5195408316194161e-04 ]
P1: !!opencv-matrix
   rows: 3
   cols: 4
   dt: f
   data: [ 3.68043488e+02, 0., 4.14274231e+02, 0., 0., 3.68043488e+02,
       2.33923889e+02, 0., 0., 0., 1., 0. ]
R1: !!opencv-matrix
   rows: 3
   cols: 3
   dt: f
   data: [ 9.93654132e-01, -1.08850740e-01, -2.83366609e-02,
       1.08249083e-01, 9.93881047e-01, -2.19693743e-02, 3.05546522e-02,
       1.87625419e-02, 9.99356985e-01 ]
K2: !!opencv-matrix
   rows: 3
   cols: 3
   dt: d
   data: [ 3.6687495098581172e+02, 0., 3.7621769200552956e+02, 0.,
       3.6726361788508825e+02, 2.2399932895774910e+02, 0., 0., 1. ]
D2: !!opencv-matrix
   rows: 5
   cols: 1
   dt: d
   data: [ -2.2201337830972428e-02, -1.1445843221826492e-03,
       2.9199201696882579e-04, -7.1705872414221615e-04,
       5.1284674356775366e-04 ]
P2: !!opencv-matrix
   rows: 3
   cols: 4
   dt: f
   data: [ 3.68043488e+02, 0., 4.14274231e+02, -2.78000474e-01, 0.,
       3.68043488e+02, 2.33923889e+02, 0., 0., 0., 1., 0. ]
R2: !!opencv-matrix
   rows: 3
   cols: 3
   dt: f
   data: [ 9.96015608e-01, -6.32494465e-02, -6.28678128e-02,
       6.45199344e-02, 9.97747004e-01, 1.83865335e-02, 6.15632385e-02,
       -2.23695021e-02, 9.97852504e-01 ]
