%YAML:1.0
---
Q: !!opencv-matrix
   rows: 4
   cols: 4
   dt: f
   data: [ 1., 0., 0., -4.28379669e+02, 0., 1., 0., -2.33849213e+02, 0.,
       0., 0., 3.72992767e+02, 0., 0., 5.38982917e-03, 0. ]
R: !!opencv-matrix
   rows: 3
   cols: 3
   dt: d
   data: [ 1.0066665086857822e+00, 1.7359906976256240e-02,
       -4.1765097547783910e-03, -9.8107975921388462e-03,
       1.0040732481966592e+00, -4.3316817069330264e-02,
       3.1875685173803734e-03, 4.2890990450240876e-02,
       1.0046390132041885e+00 ]
T: !!opencv-matrix
   rows: 3
   cols: 1
   dt: d
   data: [ -1.8612880144211067e+02, 1.1819738956999139e+01,
       1.1748056979989316e+01 ]
E: !!opencv-matrix
   rows: 0
   cols: 0
   dt: u
   data: []
F: !!opencv-matrix
   rows: 0
   cols: 0
   dt: u
   data: []
K1: !!opencv-matrix
   rows: 3
   cols: 3
   dt: d
   data: [ 3.6627756984521932e+02, 0., 3.8060969928433269e+02, 0.,
       3.6653175179255015e+02, 2.3878059668569790e+02, 0., 0., 1. ]
D1: !!opencv-matrix
   rows: 5
   cols: 1
   dt: d
   data: [ -2.1859934914563901e-02, -9.9468572971318997e-04,
       1.6448003429794193e-03, -3.1164985765511365e-04,
       3.5195408316194161e-04 ]
P1: !!opencv-matrix
   rows: 3
   cols: 4
   dt: f
   data: [ 3.72992767e+02, 0., 4.28379669e+02, 0., 0., 3.72992767e+02,
       2.33849213e+02, 0., 0., 0., 1., 0. ]
R1: !!opencv-matrix
   rows: 3
   cols: 3
   dt: f
   data: [ 9.96601641e-01, -5.16969711e-02, -6.41296729e-02,
       5.02938479e-02, 9.98462498e-01, -2.33052373e-02, 6.52358830e-02,
       2.00007092e-02, 9.97669399e-01 ]
K2: !!opencv-matrix
   rows: 3
   cols: 3
   dt: d
   data: [ 3.6687495098581172e+02, 0., 3.7621769200552956e+02, 0.,
       3.6726361788508825e+02, 2.2399932895774910e+02, 0., 0., 1. ]
D2: !!opencv-matrix
   rows: 5
   cols: 1
   dt: d
   data: [ -2.2201337830972428e-02, -1.1445843221826492e-03,
       2.9199201696882579e-04, -7.1705872414221615e-04,
       5.1284674356775366e-04 ]
P2: !!opencv-matrix
   rows: 3
   cols: 4
   dt: f
   data: [ 3.72992767e+02, 0., 4.28379669e+02, -6.92030781e+04, 0.,
       3.72992767e+02, 2.33849213e+02, 0., 0., 0., 1., 0. ]
R2: !!opencv-matrix
   rows: 3
   cols: 3
   dt: f
   data: [ 9.96015668e-01, -6.32499903e-02, -6.28664196e-02,
       6.45988733e-02, 9.97717679e-01, 1.96584072e-02, 6.14795424e-02,
       -2.36411821e-02, 9.97828305e-01 ]
