%YAML:1.0
---
Q: !!opencv-matrix
   rows: 4
   cols: 4
   dt: f
   data: [ 1., 0., 0., -3.82410126e+02, 0., 1., 0., -2.31848633e+02, 0.,
       0., 0., 3.58559662e+02, 0., 0., 5.41460840e-03, 0. ]
R: !!opencv-matrix
   rows: 3
   cols: 3
   dt: d
   data: [ 1.0030013708698975e+00, 1.0244218726489753e-02,
       -3.4476076956681113e-03, -9.7161162711651549e-03,
       1.0036706391810748e+00, 9.2706598939956072e-03,
       3.2582964000144985e-03, -9.2404734846315197e-03,
       1.0037159566241003e+00 ]
T: !!opencv-matrix
   rows: 3
   cols: 1
   dt: d
   data: [ -1.8468223989432676e+02, 8.1480113770748497e-01,
       7.4910129446585028e-01 ]
E: !!opencv-matrix
   rows: 0
   cols: 0
   dt: u
   data: []
F: !!opencv-matrix
   rows: 0
   cols: 0
   dt: u
   data: []
K1: !!opencv-matrix
   rows: 3
   cols: 3
   dt: d
   data: [ 3.6627756984521932e+02, 0., 3.8060969928433269e+02, 0.,
       3.6653175179255015e+02, 2.3878059668569790e+02, 0., 0., 1. ]
D1: !!opencv-matrix
   rows: 5
   cols: 1
   dt: d
   data: [ -2.1859934914563901e-02, -9.9468572971318997e-04,
       1.6448003429794193e-03, -3.1164985765511365e-04,
       3.5195408316194161e-04 ]
P1: !!opencv-matrix
   rows: 3
   cols: 4
   dt: f
   data: [ 3.58559662e+02, 0., 3.82410126e+02, 0., 0., 3.58559662e+02,
       2.31848633e+02, 0., 0., 0., 1., 0. ]
R1: !!opencv-matrix
   rows: 3
   cols: 3
   dt: f
   data: [ 9.99957085e-01, 5.58674522e-03, -7.39342486e-03,
       -5.55270119e-03, 9.99973953e-01, 4.61720023e-03, 7.41902739e-03,
       -4.57594870e-03, 9.99962032e-01 ]
K2: !!opencv-matrix
   rows: 3
   cols: 3
   dt: d
   data: [ 3.6687495098581172e+02, 0., 3.7621769200552956e+02, 0.,
       3.6726361788508825e+02, 2.2399932895774910e+02, 0., 0., 1. ]
D2: !!opencv-matrix
   rows: 5
   cols: 1
   dt: d
   data: [ -2.2201337830972428e-02, -1.1445843221826492e-03,
       2.9199201696882579e-04, -7.1705872414221615e-04,
       5.1284674356775366e-04 ]
P2: !!opencv-matrix
   rows: 3
   cols: 4
   dt: f
   data: [ 3.58559662e+02, 0., 3.82410126e+02, -6.62207891e+04, 0.,
       3.58559662e+02, 2.31848633e+02, 0., 0., 0., 1., 0. ]
R2: !!opencv-matrix
   rows: 3
   cols: 3
   dt: f
   data: [ 9.99982059e-01, -4.41182917e-03, -4.05609049e-03,
       4.39313799e-03, 9.99979734e-01, -4.60555404e-03, 4.07632720e-03,
       4.58765216e-03, 9.99981165e-01 ]
