%YAML:1.0
---
Q: !!opencv-matrix
   rows: 4
   cols: 4
   dt: f
   data: [ 1., 0., 0., -3.82353302e+02, 0., 1., 0., -2.31849945e+02, 0.,
       0., 0., 3.58601929e+02, 0., 0., 5.35335904e-03, 0. ]
R: !!opencv-matrix
   rows: 3
   cols: 3
   dt: d
   data: [ 1.0034903586881239e+00, 9.7425175111329771e-03,
       -3.1617790772492213e-03, -9.7171172164717285e-03,
       1.0034534752201143e+00, 9.2673759205568057e-03,
       3.2547116446615169e-03, -9.2364279399978870e-03,
       1.0034954228549626e+00 ]
T: !!opencv-matrix
   rows: 3
   cols: 1
   dt: d
   data: [ -1.8679525221714806e+02, 8.2412356370530926e-01,
       7.5767204651054332e-01 ]
E: !!opencv-matrix
   rows: 0
   cols: 0
   dt: u
   data: []
F: !!opencv-matrix
   rows: 0
   cols: 0
   dt: u
   data: []
K1: !!opencv-matrix
   rows: 3
   cols: 3
   dt: d
   data: [ 3.6627756984521932e+02, 0., 3.8060969928433269e+02, 0.,
       3.6653175179255015e+02, 2.3878059668569790e+02, 0., 0., 1. ]
D1: !!opencv-matrix
   rows: 5
   cols: 1
   dt: d
   data: [ -2.1859934914563901e-02, -9.9468572971318997e-04,
       1.6448003429794193e-03, -3.1164985765511365e-04,
       3.5195408316194161e-04 ]
P1: !!opencv-matrix
   rows: 3
   cols: 4
   dt: f
   data: [ 3.58601929e+02, 0., 3.82353302e+02, 0., 0., 3.58601929e+02,
       2.31849945e+02, 0., 0., 0., 1., 0. ]
R1: !!opencv-matrix
   rows: 3
   cols: 3
   dt: f
   data: [ 9.99959469e-01, 5.33593353e-03, -7.24879699e-03,
       -5.30255865e-03, 9.99975264e-01, 4.61562909e-03, 7.27324653e-03,
       -4.57700482e-03, 9.99963045e-01 ]
K2: !!opencv-matrix
   rows: 3
   cols: 3
   dt: d
   data: [ 3.6687495098581172e+02, 0., 3.7621769200552956e+02, 0.,
       3.6726361788508825e+02, 2.2399932895774910e+02, 0., 0., 1. ]
D2: !!opencv-matrix
   rows: 5
   cols: 1
   dt: d
   data: [ -2.2201337830972428e-02, -1.1445843221826492e-03,
       2.9199201696882579e-04, -7.1705872414221615e-04,
       5.1284674356775366e-04 ]
P2: !!opencv-matrix
   rows: 3
   cols: 4
   dt: f
   data: [ 3.58601929e+02, 0., 3.82353302e+02, -6.69863438e+04, 0.,
       3.58601929e+02, 2.31849945e+02, 0., 0., 0., 1., 0. ]
R2: !!opencv-matrix
   rows: 3
   cols: 3
   dt: f
   data: [ 9.99982059e-01, -4.41182917e-03, -4.05609049e-03,
       4.39313939e-03, 9.99979734e-01, -4.60529374e-03, 4.07632627e-03,
       4.58739232e-03, 9.99981165e-01 ]
