%YAML:1.0
---
Q: !!opencv-matrix
   rows: 4
   cols: 4
   dt: f
   data: [ 1., 0., 0., -3.68794678e+02, 0., 1., 0., -2.31740814e+02, 0.,
       0., 0., 3.66537384e+02, 0., 0., 5.22654643e-03, 0. ]
R: !!opencv-matrix
   rows: 3
   cols: 3
   dt: d
   data: [ 1.0039573271307345e+00, -2.5366559348656708e-02,
       3.1553498989284709e-02, 2.6236502678164124e-02,
       1.0041332620236509e+00, -2.6114734134073374e-02,
       -3.0878176026878978e-02, 2.6917278128612384e-02,
       1.0039801734112999e+00 ]
T: !!opencv-matrix
   rows: 3
   cols: 1
   dt: d
   data: [ -1.9159197786540733e+02, 8.4525183620926370e-01,
       7.7700217502493818e-01 ]
E: !!opencv-matrix
   rows: 0
   cols: 0
   dt: u
   data: []
F: !!opencv-matrix
   rows: 0
   cols: 0
   dt: u
   data: []
K1: !!opencv-matrix
   rows: 3
   cols: 3
   dt: d
   data: [ 3.6627756984521932e+02, 0., 3.8060969928433269e+02, 0.,
       3.6653175179255015e+02, 2.3878059668569790e+02, 0., 0., 1. ]
D1: !!opencv-matrix
   rows: 5
   cols: 1
   dt: d
   data: [ -2.1859934914563901e-02, -9.9468572971318997e-04,
       1.6448003429794193e-03, -3.1164985765511365e-04,
       3.5195408316194161e-04 ]
P1: !!opencv-matrix
   rows: 3
   cols: 4
   dt: f
   data: [ 3.66537384e+02, 0., 3.68794678e+02, 0., 0., 3.66537384e+02,
       2.31740814e+02, 0., 0., 0., 1., 0. ]
R1: !!opencv-matrix
   rows: 3
   cols: 3
   dt: f
   data: [ 9.99178946e-01, -2.97778901e-02, 2.74718627e-02,
       3.01363599e-02, 9.99464750e-01, -1.27280569e-02, -2.70781443e-02,
       1.35455085e-02, 9.99541521e-01 ]
K2: !!opencv-matrix
   rows: 3
   cols: 3
   dt: d
   data: [ 3.6687495098581172e+02, 0., 3.7621769200552956e+02, 0.,
       3.6726361788508825e+02, 2.2399932895774910e+02, 0., 0., 1. ]
D2: !!opencv-matrix
   rows: 5
   cols: 1
   dt: d
   data: [ -2.2201337830972428e-02, -1.1445843221826492e-03,
       2.9199201696882579e-04, -7.1705872414221615e-04,
       5.1284674356775366e-04 ]
P2: !!opencv-matrix
   rows: 3
   cols: 4
   dt: f
   data: [ 3.66537384e+02, 0., 3.68794678e+02, -7.01299375e+04, 0.,
       3.66537384e+02, 2.31740814e+02, 0., 0., 0., 1., 0. ]
R2: !!opencv-matrix
   rows: 3
   cols: 3
   dt: f
   data: [ 9.99982059e-01, -4.41165082e-03, -4.05543577e-03,
       4.46455646e-03, 9.99903798e-01, 1.31304860e-02, 3.99711868e-03,
       -1.31483562e-02, 9.99905586e-01 ]
