%YAML:1.0
---
Q: !!opencv-matrix
   rows: 4
   cols: 4
   dt: f
   data: [ 1., 0., 0., -3.82406036e+02, 0., 1., 0., -2.31847992e+02, 0.,
       0., 0., 3.59853912e+02, 0., 0., 5.27942274e-03, 0. ]
R: !!opencv-matrix
   rows: 3
   cols: 3
   dt: d
   data: [ 1.0040015824398860e+00, 9.6308093972686682e-03,
       -3.5018117583110026e-03, -9.7220684459595162e-03,
       1.0036785756300401e+00, -2.5771450374247027e-02,
       3.2563981065635251e-03, 2.5803865901158209e-02,
       1.0037195245901513e+00 ]
T: !!opencv-matrix
   rows: 3
   cols: 1
   dt: d
   data: [ -1.8966484952018840e+02, 8.3672662867563730e-01,
       7.6906355371058088e-01 ]
E: !!opencv-matrix
   rows: 0
   cols: 0
   dt: u
   data: []
F: !!opencv-matrix
   rows: 0
   cols: 0
   dt: u
   data: []
K1: !!opencv-matrix
   rows: 3
   cols: 3
   dt: d
   data: [ 3.6627756984521932e+02, 0., 3.8060969928433269e+02, 0.,
       3.6653175179255015e+02, 2.3878059668569790e+02, 0., 0., 1. ]
D1: !!opencv-matrix
   rows: 5
   cols: 1
   dt: d
   data: [ -2.1859934914563901e-02, -9.9468572971318997e-04,
       1.6448003429794193e-03, -3.1164985765511365e-04,
       3.5195408316194161e-04 ]
P1: !!opencv-matrix
   rows: 3
   cols: 4
   dt: f
   data: [ 3.59853912e+02, 0., 3.82406036e+02, 0., 0., 3.59853912e+02,
       2.31847992e+02, 0., 0., 0., 1., 0. ]
R1: !!opencv-matrix
   rows: 3
   cols: 3
   dt: f
   data: [ 9.99959528e-01, 5.08001214e-03, -7.42915086e-03,
       -5.17510576e-03, 9.99904215e-01, -1.28373289e-02, 7.36322533e-03,
       1.28752552e-02, 9.99889970e-01 ]
K2: !!opencv-matrix
   rows: 3
   cols: 3
   dt: d
   data: [ 3.6687495098581172e+02, 0., 3.7621769200552956e+02, 0.,
       3.6726361788508825e+02, 2.2399932895774910e+02, 0., 0., 1. ]
D2: !!opencv-matrix
   rows: 5
   cols: 1
   dt: d
   data: [ -2.2201337830972428e-02, -1.1445843221826492e-03,
       2.9199201696882579e-04, -7.1705872414221615e-04,
       5.1284674356775366e-04 ]
P2: !!opencv-matrix
   rows: 3
   cols: 4
   dt: f
   data: [ 3.59853912e+02, 0., 3.82406036e+02, -6.81616016e+04, 0.,
       3.59853912e+02, 2.31847992e+02, 0., 0., 0., 1., 0. ]
R2: !!opencv-matrix
   rows: 3
   cols: 3
   dt: f
   data: [ 9.99982059e-01, -4.41152696e-03, -4.05478291e-03,
       4.46329266e-03, 9.99907494e-01, 1.28474310e-02, 3.99773102e-03,
       -1.28652984e-02, 9.99909222e-01 ]
