%YAML:1.0
---
Q: !!opencv-matrix
   rows: 4
   cols: 4
   dt: f
   data: [ 1., 0., 0., -3.82353455e+02, 0., 1., 0., -2.31849945e+02, 0.,
       0., 0., 3.58602081e+02, 0., 0., 5.37913293e-03, 0. ]
R: !!opencv-matrix
   rows: 3
   cols: 3
   dt: d
   data: [ 1.0035029958717123e+00, 9.7425036334168359e-03,
       -3.1620416816258890e-03, -9.7172358784891524e-03,
       1.0034654091200577e+00, 9.2674871234815354e-03,
       3.2547474970201036e-03, -9.2365372556471922e-03,
       1.0035073575945770e+00 ]
T: !!opencv-matrix
   rows: 3
   cols: 1
   dt: d
   data: [ -1.8614853945611659e+02, 8.2127032570391312e-01,
       7.5504887245443464e-01 ]
E: !!opencv-matrix
   rows: 0
   cols: 0
   dt: u
   data: []
F: !!opencv-matrix
   rows: 0
   cols: 0
   dt: u
   data: []
K1: !!opencv-matrix
   rows: 3
   cols: 3
   dt: d
   data: [ 3.6627756984521932e+02, 0., 3.8060969928433269e+02, 0.,
       3.6653175179255015e+02, 2.3878059668569790e+02, 0., 0., 1. ]
D1: !!opencv-matrix
   rows: 5
   cols: 1
   dt: d
   data: [ -2.1859934914563901e-02, -9.9468572971318997e-04,
       1.6448003429794193e-03, -3.1164985765511365e-04,
       3.5195408316194161e-04 ]
P1: !!opencv-matrix
   rows: 3
   cols: 4
   dt: f
   data: [ 3.58602081e+02, 0., 3.82353455e+02, 0., 0., 3.58602081e+02,
       2.31849945e+02, 0., 0., 0., 1., 0. ]
R1: !!opencv-matrix
   rows: 3
   cols: 3
   dt: f
   data: [ 9.99959469e-01, 5.33566810e-03, -7.24917743e-03,
       -5.30229136e-03, 9.99975264e-01, 4.61562816e-03, 7.27362558e-03,
       -4.57700389e-03, 9.99963045e-01 ]
K2: !!opencv-matrix
   rows: 3
   cols: 3
   dt: d
   data: [ 3.6687495098581172e+02, 0., 3.7621769200552956e+02, 0.,
       3.6726361788508825e+02, 2.2399932895774910e+02, 0., 0., 1. ]
D2: !!opencv-matrix
   rows: 5
   cols: 1
   dt: d
   data: [ -2.2201337830972428e-02, -1.1445843221826492e-03,
       2.9199201696882579e-04, -7.1705872414221615e-04,
       5.1284674356775366e-04 ]
P2: !!opencv-matrix
   rows: 3
   cols: 4
   dt: f
   data: [ 3.58602081e+02, 0., 3.82353455e+02, -6.66654063e+04, 0.,
       3.58602081e+02, 2.31849945e+02, 0., 0., 0., 1., 0. ]
R2: !!opencv-matrix
   rows: 3
   cols: 3
   dt: f
   data: [ 9.99982059e-01, -4.41182917e-03, -4.05609049e-03,
       4.39313939e-03, 9.99979734e-01, -4.60529281e-03, 4.07632627e-03,
       4.58739093e-03, 9.99981165e-01 ]
