%YAML:1.0
---
Q: !!opencv-matrix
   rows: 4
   cols: 4
   dt: f
   data: [ 1., 0., 0., -3.68794189e+02, 0., 1., 0., -2.31740646e+02, 0.,
       0., 0., 3.66541473e+02, 0., 0., 5.19284885e-03, 0. ]
R: !!opencv-matrix
   rows: 3
   cols: 3
   dt: d
   data: [ 1.0039634426781900e+00, -2.5420081950383693e-02,
       3.1563003066154248e-02, 2.6235426836289374e-02,
       1.0040991615082135e+00, -2.6113887567125800e-02,
       -3.0877284350846392e-02, 2.6916578261108378e-02,
       1.0039457957087685e+00 ]
T: !!opencv-matrix
   rows: 3
   cols: 1
   dt: d
   data: [ -1.9285619678627000e+02, 8.5082886569702376e-01,
       7.8212794179031531e-01 ]
E: !!opencv-matrix
   rows: 0
   cols: 0
   dt: u
   data: []
F: !!opencv-matrix
   rows: 0
   cols: 0
   dt: u
   data: []
K1: !!opencv-matrix
   rows: 3
   cols: 3
   dt: d
   data: [ 3.6627756984521932e+02, 0., 3.8060969928433269e+02, 0.,
       3.6653175179255015e+02, 2.3878059668569790e+02, 0., 0., 1. ]
D1: !!opencv-matrix
   rows: 5
   cols: 1
   dt: d
   data: [ -2.1859934914563901e-02, -9.9468572971318997e-04,
       1.6448003429794193e-03, -3.1164985765511365e-04,
       3.5195408316194161e-04 ]
P1: !!opencv-matrix
   rows: 3
   cols: 4
   dt: f
   data: [ 3.66541473e+02, 0., 3.68794189e+02, 0., 0., 3.66541473e+02,
       2.31740646e+02, 0., 0., 0., 1., 0. ]
R1: !!opencv-matrix
   rows: 3
   cols: 3
   dt: f
   data: [ 9.99177933e-01, -2.98113003e-02, 2.74731405e-02,
       3.01697776e-02, 9.99463737e-01, -1.27273593e-02, -2.70789880e-02,
       1.35457553e-02, 9.99541521e-01 ]
K2: !!opencv-matrix
   rows: 3
   cols: 3
   dt: d
   data: [ 3.6687495098581172e+02, 0., 3.7621769200552956e+02, 0.,
       3.6726361788508825e+02, 2.2399932895774910e+02, 0., 0., 1. ]
D2: !!opencv-matrix
   rows: 5
   cols: 1
   dt: d
   data: [ -2.2201337830972428e-02, -1.1445843221826492e-03,
       2.9199201696882579e-04, -7.1705872414221615e-04,
       5.1284674356775366e-04 ]
P2: !!opencv-matrix
   rows: 3
   cols: 4
   dt: f
   data: [ 3.66541473e+02, 0., 3.68794189e+02, -7.05858203e+04, 0.,
       3.66541473e+02, 2.31740646e+02, 0., 0., 0., 1., 0. ]
R2: !!opencv-matrix
   rows: 3
   cols: 3
   dt: f
   data: [ 9.99982059e-01, -4.41164756e-03, -4.05542506e-03,
       4.46455227e-03, 9.99903798e-01, 1.31302644e-02, 3.99710890e-03,
       -1.31481346e-02, 9.99905586e-01 ]
