%YAML:1.0
---
Q: !!opencv-matrix
   rows: 4
   cols: 4
   dt: f
   data: [ 1., 0., 0., -3.68796082e+02, 0., 1., 0., -2.31740799e+02, 0.,
       0., 0., 3.66536804e+02, 0., 0., 5.21933148e-03, 0. ]
R: !!opencv-matrix
   rows: 3
   cols: 3
   dt: d
   data: [ 1.0039659814267434e+00, -2.5388370924493375e-02,
       3.1553674346721128e-02, 2.6236109212789217e-02,
       1.0041217280497321e+00, -2.6114433933666987e-02,
       -3.0877900759052397e-02, 2.6917056031262078e-02,
       1.0039685417354514e+00 ]
T: !!opencv-matrix
   rows: 3
   cols: 1
   dt: d
   data: [ -1.9192573577852130e+02, 8.4672409356236422e-01,
       7.7835505237475267e-01 ]
E: !!opencv-matrix
   rows: 0
   cols: 0
   dt: u
   data: []
F: !!opencv-matrix
   rows: 0
   cols: 0
   dt: u
   data: []
K1: !!opencv-matrix
   rows: 3
   cols: 3
   dt: d
   data: [ 3.6627756984521932e+02, 0., 3.8060969928433269e+02, 0.,
       3.6653175179255015e+02, 2.3878059668569790e+02, 0., 0., 1. ]
D1: !!opencv-matrix
   rows: 5
   cols: 1
   dt: d
   data: [ -2.1859934914563901e-02, -9.9468572971318997e-04,
       1.6448003429794193e-03, -3.1164985765511365e-04,
       3.5195408316194161e-04 ]
P1: !!opencv-matrix
   rows: 3
   cols: 4
   dt: f
   data: [ 3.66536804e+02, 0., 3.68796082e+02, 0., 0., 3.66536804e+02,
       2.31740799e+02, 0., 0., 0., 1., 0. ]
R1: !!opencv-matrix
   rows: 3
   cols: 3
   dt: f
   data: [ 9.99178827e-01, -2.97850668e-02, 2.74682324e-02,
       3.01434863e-02, 9.99464512e-01, -1.27279377e-02, -2.70744227e-02,
       1.35454740e-02, 9.99541640e-01 ]
K2: !!opencv-matrix
   rows: 3
   cols: 3
   dt: d
   data: [ 3.6687495098581172e+02, 0., 3.7621769200552956e+02, 0.,
       3.6726361788508825e+02, 2.2399932895774910e+02, 0., 0., 1. ]
D2: !!opencv-matrix
   rows: 5
   cols: 1
   dt: d
   data: [ -2.2201337830972428e-02, -1.1445843221826492e-03,
       2.9199201696882579e-04, -7.1705872414221615e-04,
       5.1284674356775366e-04 ]
P2: !!opencv-matrix
   rows: 3
   cols: 4
   dt: f
   data: [ 3.66536804e+02, 0., 3.68796082e+02, -7.02267734e+04, 0.,
       3.66536804e+02, 2.31740799e+02, 0., 0., 0., 1., 0. ]
R2: !!opencv-matrix
   rows: 3
   cols: 3
   dt: f
   data: [ 9.99982059e-01, -4.41164942e-03, -4.05543204e-03,
       4.46455507e-03, 9.99903798e-01, 1.31304096e-02, 3.99711495e-03,
       -1.31482799e-02, 9.99905586e-01 ]
