%YAML:1.0
---
Q: !!opencv-matrix
   rows: 4
   cols: 4
   dt: f
   data: [ 1., 0., 0., -3.68817993e+02, 0., 1., 0., -2.31895828e+02, 0.,
       0., 0., 3.53909515e+02, 0., 0., 5.22879278e-03, 0. ]
R: !!opencv-matrix
   rows: 3
   cols: 3
   dt: d
   data: [ 1.0043756404172577e+00, 9.5281621079870652e-03,
       3.1323020936881926e-02, -8.8218140929524156e-03,
       1.0039730346566631e+00, -2.6101692618757905e-02,
       -3.1786464541849746e-02, 2.5811935085173803e-02,
       1.0035164661835989e+00 ]
T: !!opencv-matrix
   rows: 3
   cols: 1
   dt: d
   data: [ -1.9140395305310091e+02, 8.4438700981100245e-01,
       7.7603594735722947e-01 ]
E: !!opencv-matrix
   rows: 0
   cols: 0
   dt: u
   data: []
F: !!opencv-matrix
   rows: 0
   cols: 0
   dt: u
   data: []
K1: !!opencv-matrix
   rows: 3
   cols: 3
   dt: d
   data: [ 3.6627756984521932e+02, 0., 3.8060969928433269e+02, 0.,
       3.6653175179255015e+02, 2.3878059668569790e+02, 0., 0., 1. ]
D1: !!opencv-matrix
   rows: 5
   cols: 1
   dt: d
   data: [ -2.1859934914563901e-02, -9.9468572971318997e-04,
       1.6448003429794193e-03, -3.1164985765511365e-04,
       3.5195408316194161e-04 ]
P1: !!opencv-matrix
   rows: 3
   cols: 4
   dt: f
   data: [ 3.53909515e+02, 0., 3.68817993e+02, 0., 0., 3.53909515e+02,
       2.31895828e+02, 0., 0., 0., 1., 0. ]
R1: !!opencv-matrix
   rows: 3
   cols: 3
   dt: f
   data: [ 9.99614596e-01, 5.00039617e-03, 2.73063574e-02,
       -4.64769732e-03, 9.99905169e-01, -1.29645932e-02, -2.73685958e-02,
       1.28326844e-02, 9.99543011e-01 ]
K2: !!opencv-matrix
   rows: 3
   cols: 3
   dt: d
   data: [ 3.6687495098581172e+02, 0., 3.7621769200552956e+02, 0.,
       3.6726361788508825e+02, 2.2399932895774910e+02, 0., 0., 1. ]
D2: !!opencv-matrix
   rows: 5
   cols: 1
   dt: d
   data: [ -2.2201337830972428e-02, -1.1445843221826492e-03,
       2.9199201696882579e-04, -7.1705872414221615e-04,
       5.1284674356775366e-04 ]
P2: !!opencv-matrix
   rows: 3
   cols: 4
   dt: f
   data: [ 3.53909515e+02, 0., 3.68817993e+02, -6.76847422e+04, 0.,
       3.53909515e+02, 2.31895828e+02, 0., 0., 0., 1., 0. ]
R2: !!opencv-matrix
   rows: 3
   cols: 3
   dt: f
   data: [ 9.99982059e-01, -4.41146502e-03, -4.05436661e-03,
       4.46339883e-03, 9.99906957e-01, 1.28908912e-02, 3.99712194e-03,
       -1.29087567e-02, 9.99908686e-01 ]
