%YAML:1.0
---
Q: !!opencv-matrix
   rows: 4
   cols: 4
   dt: f
   data: [ 1., 0., 0., -3.68792175e+02, 0., 1., 0., -2.31740784e+02, 0.,
       0., 0., 3.66539154e+02, 0., 0., 5.23214648e-03, 0. ]
R: !!opencv-matrix
   rows: 3
   cols: 3
   dt: d
   data: [ 1.0039473481735552e+00, -2.5351784595649900e-02,
       3.1560560572935194e-02, 2.6236853467434165e-02,
       1.0041432382536097e+00, -2.6115025165171103e-02,
       -3.0878403489011556e-02, 2.6917486327071881e-02,
       1.0039901867898915e+00 ]
T: !!opencv-matrix
   rows: 3
   cols: 1
   dt: d
   data: [ -1.9132750378061942e+02, 8.4408525709901350e-01,
       7.7593033799466993e-01 ]
E: !!opencv-matrix
   rows: 0
   cols: 0
   dt: u
   data: []
F: !!opencv-matrix
   rows: 0
   cols: 0
   dt: u
   data: []
K1: !!opencv-matrix
   rows: 3
   cols: 3
   dt: d
   data: [ 3.6627756984521932e+02, 0., 3.8060969928433269e+02, 0.,
       3.6653175179255015e+02, 2.3878059668569790e+02, 0., 0., 1. ]
D1: !!opencv-matrix
   rows: 5
   cols: 1
   dt: d
   data: [ -2.1859934914563901e-02, -9.9468572971318997e-04,
       1.6448003429794193e-03, -3.1164985765511365e-04,
       3.5195408316194161e-04 ]
P1: !!opencv-matrix
   rows: 3
   cols: 4
   dt: f
   data: [ 3.66539154e+02, 0., 3.68792175e+02, 0., 0., 3.66539154e+02,
       2.31740784e+02, 0., 0., 0., 1., 0. ]
R1: !!opencv-matrix
   rows: 3
   cols: 3
   dt: f
   data: [ 9.99178946e-01, -2.97722016e-02, 2.74782125e-02,
       3.01307552e-02, 9.99464929e-01, -1.27281249e-02, -2.70845648e-02,
       1.35456137e-02, 9.99541342e-01 ]
K2: !!opencv-matrix
   rows: 3
   cols: 3
   dt: d
   data: [ 3.6687495098581172e+02, 0., 3.7621769200552956e+02, 0.,
       3.6726361788508825e+02, 2.2399932895774910e+02, 0., 0., 1. ]
D2: !!opencv-matrix
   rows: 5
   cols: 1
   dt: d
   data: [ -2.2201337830972428e-02, -1.1445843221826492e-03,
       2.9199201696882579e-04, -7.1705872414221615e-04,
       5.1284674356775366e-04 ]
P2: !!opencv-matrix
   rows: 3
   cols: 4
   dt: f
   data: [ 3.66539154e+02, 0., 3.68792175e+02, -7.00552188e+04, 0.,
       3.66539154e+02, 2.31740784e+02, 0., 0., 0., 1., 0. ]
R2: !!opencv-matrix
   rows: 3
   cols: 3
   dt: f
   data: [ 9.99982059e-01, -4.41165175e-03, -4.05543996e-03,
       4.46455786e-03, 9.99903798e-01, 1.31305726e-02, 3.99712240e-03,
       -1.31484428e-02, 9.99905586e-01 ]
