%YAML:1.0
---
Q: !!opencv-matrix
   rows: 4
   cols: 4
   dt: f
   data: [ 1., 0., 0., -3.68935089e+02, 0., 1., 0., -2.31895432e+02, 0.,
       0., 0., 3.53956696e+02, 0., 0., 5.25633525e-03, 0. ]
R: !!opencv-matrix
   rows: 3
   cols: 3
   dt: d
   data: [ 1.0047794052592771e+00, 9.4269757011425405e-03,
       3.1149046088860235e-02, -8.8229875780366420e-03,
       1.0038345213036610e+00, -2.6097331683826889e-02,
       -3.1784265779026960e-02, 2.5808767484450344e-02,
       1.0033782631977437e+00 ]
T: !!opencv-matrix
   rows: 3
   cols: 1
   dt: d
   data: [ -1.9112684706300672e+02, 8.4316458728439814e-01,
       7.7491262279006867e-01 ]
E: !!opencv-matrix
   rows: 0
   cols: 0
   dt: u
   data: []
F: !!opencv-matrix
   rows: 0
   cols: 0
   dt: u
   data: []
K1: !!opencv-matrix
   rows: 3
   cols: 3
   dt: d
   data: [ 3.6627756984521932e+02, 0., 3.8060969928433269e+02, 0.,
       3.6653175179255015e+02, 2.3878059668569790e+02, 0., 0., 1. ]
D1: !!opencv-matrix
   rows: 5
   cols: 1
   dt: d
   data: [ -2.1859934914563901e-02, -9.9468572971318997e-04,
       1.6448003429794193e-03, -3.1164985765511365e-04,
       3.5195408316194161e-04 ]
P1: !!opencv-matrix
   rows: 3
   cols: 4
   dt: f
   data: [ 3.53956696e+02, 0., 3.68935089e+02, 0., 0., 3.53956696e+02,
       2.31895432e+02, 0., 0., 0., 1., 0. ]
R1: !!opencv-matrix
   rows: 3
   cols: 3
   dt: f
   data: [ 9.99622643e-01, 5.02138725e-03, 2.70074215e-02,
       -4.67252918e-03, 9.99905050e-01, -1.29647441e-02, -2.70699579e-02,
       1.28336586e-02, 9.99551177e-01 ]
K2: !!opencv-matrix
   rows: 3
   cols: 3
   dt: d
   data: [ 3.6687495098581172e+02, 0., 3.7621769200552956e+02, 0.,
       3.6726361788508825e+02, 2.2399932895774910e+02, 0., 0., 1. ]
D2: !!opencv-matrix
   rows: 5
   cols: 1
   dt: d
   data: [ -2.2201337830972428e-02, -1.1445843221826492e-03,
       2.9199201696882579e-04, -7.1705872414221615e-04,
       5.1284674356775366e-04 ]
P2: !!opencv-matrix
   rows: 3
   cols: 4
   dt: f
   data: [ 3.53956696e+02, 0., 3.68935089e+02, -6.73390625e+04, 0.,
       3.53956696e+02, 2.31895432e+02, 0., 0., 0., 1., 0. ]
R2: !!opencv-matrix
   rows: 3
   cols: 3
   dt: f
   data: [ 9.99982059e-01, -4.41146735e-03, -4.05437592e-03,
       4.46340349e-03, 9.99906957e-01, 1.28914285e-02, 3.99712846e-03,
       -1.29092932e-02, 9.99908686e-01 ]
