%YAML:1.0
---
Q: !!opencv-matrix
   rows: 4
   cols: 4
   dt: f
   data: [ 1., 0., 0., -3.82356415e+02, 0., 1., 0., -2.31848526e+02, 0.,
       0., 0., 3.59854950e+02, 0., 0., 5.30936243e-03, 0. ]
R: !!opencv-matrix
   rows: 3
   cols: 3
   dt: d
   data: [ 1.0039740588248021e+00, 9.5377109315861637e-03,
       -3.3719291184269901e-03, -9.7221548234720026e-03,
       1.0037183880079052e+00, -2.5773035604449195e-02,
       3.2567972789035002e-03, 2.5805257899370194e-02,
       1.0037583991097114e+00 ]
T: !!opencv-matrix
   rows: 3
   cols: 1
   dt: d
   data: [ -1.8861105958423093e+02, 8.3207763118298761e-01,
       7.6479025259480493e-01 ]
E: !!opencv-matrix
   rows: 0
   cols: 0
   dt: u
   data: []
F: !!opencv-matrix
   rows: 0
   cols: 0
   dt: u
   data: []
K1: !!opencv-matrix
   rows: 3
   cols: 3
   dt: d
   data: [ 3.6627756984521932e+02, 0., 3.8060969928433269e+02, 0.,
       3.6653175179255015e+02, 2.3878059668569790e+02, 0., 0., 1. ]
D1: !!opencv-matrix
   rows: 5
   cols: 1
   dt: d
   data: [ -2.1859934914563901e-02, -9.9468572971318997e-04,
       1.6448003429794193e-03, -3.1164985765511365e-04,
       3.5195408316194161e-04 ]
P1: !!opencv-matrix
   rows: 3
   cols: 4
   dt: f
   data: [ 3.59854950e+02, 0., 3.82356415e+02, 0., 0., 3.59854950e+02,
       2.31848526e+02, 0., 0., 0., 1., 0. ]
R1: !!opencv-matrix
   rows: 3
   cols: 3
   dt: f
   data: [ 9.99960899e-01, 4.99275513e-03, -7.30207283e-03,
       -5.08622173e-03, 9.99904633e-01, -1.28379809e-02, 7.23727979e-03,
       1.28746182e-02, 9.99890924e-01 ]
K2: !!opencv-matrix
   rows: 3
   cols: 3
   dt: d
   data: [ 3.6687495098581172e+02, 0., 3.7621769200552956e+02, 0.,
       3.6726361788508825e+02, 2.2399932895774910e+02, 0., 0., 1. ]
D2: !!opencv-matrix
   rows: 5
   cols: 1
   dt: d
   data: [ -2.2201337830972428e-02, -1.1445843221826492e-03,
       2.9199201696882579e-04, -7.1705872414221615e-04,
       5.1284674356775366e-04 ]
P2: !!opencv-matrix
   rows: 3
   cols: 4
   dt: f
   data: [ 3.59854950e+02, 0., 3.82356415e+02, -6.77774297e+04, 0.,
       3.59854950e+02, 2.31848526e+02, 0., 0., 0., 1., 0. ]
R2: !!opencv-matrix
   rows: 3
   cols: 3
   dt: f
   data: [ 9.99982059e-01, -4.41152602e-03, -4.05477872e-03,
       4.46329173e-03, 9.99907494e-01, 1.28474338e-02, 3.99772730e-03,
       -1.28653012e-02, 9.99909222e-01 ]
