%YAML:1.0
---
Q: !!opencv-matrix
   rows: 4
   cols: 4
   dt: f
   data: [ 1., 0., 0., -3.68752228e+02, 0., 1., 0., -2.31896454e+02, 0.,
       0., 0., 3.53861633e+02, 0., 0., 5.17766690e-03, 0. ]
R: !!opencv-matrix
   rows: 3
   cols: 3
   dt: d
   data: [ 1.0039730362759378e+00, -2.5139189742976065e-02,
       3.1555996149874962e-02, 2.6236586654529589e-02,
       1.0041372774074937e+00, -2.6114874991814273e-02,
       -3.0878373719091953e-02, 2.6916490057324802e-02,
       1.0039851821788157e+00 ]
T: !!opencv-matrix
   rows: 3
   cols: 1
   dt: d
   data: [ -1.9124903883521452e+02, 8.4373889659971568e-01,
       7.7561142614995571e-01 ]
E: !!opencv-matrix
   rows: 0
   cols: 0
   dt: u
   data: []
F: !!opencv-matrix
   rows: 0
   cols: 0
   dt: u
   data: []
K1: !!opencv-matrix
   rows: 3
   cols: 3
   dt: d
   data: [ 3.6627756984521932e+02, 0., 3.8060969928433269e+02, 0.,
       3.6653175179255015e+02, 2.3878059668569790e+02, 0., 0., 1. ]
D1: !!opencv-matrix
   rows: 5
   cols: 1
   dt: d
   data: [ -2.1859934914563901e-02, -9.9468572971318997e-04,
       1.6448003429794193e-03, -3.1164985765511365e-04,
       3.5195408316194161e-04 ]
P1: !!opencv-matrix
   rows: 3
   cols: 4
   dt: f
   data: [ 3.53861633e+02, 0., 3.68752228e+02, 0., 0., 3.53861633e+02,
       2.31896454e+02, 0., 0., 0., 1., 0. ]
R1: !!opencv-matrix
   rows: 3
   cols: 3
   dt: f
   data: [ 9.99609590e-01, 5.07892948e-03, 2.74739023e-02,
       -4.72405320e-03, 9.99904752e-01, -1.29663665e-02, -2.75371429e-02,
       1.28315166e-02, 9.99538422e-01 ]
K2: !!opencv-matrix
   rows: 3
   cols: 3
   dt: d
   data: [ 3.6687495098581172e+02, 0., 3.7621769200552956e+02, 0.,
       3.6726361788508825e+02, 2.2399932895774910e+02, 0., 0., 1. ]
D2: !!opencv-matrix
   rows: 5
   cols: 1
   dt: d
   data: [ -2.2201337830972428e-02, -1.1445843221826492e-03,
       2.9199201696882579e-04, -7.1705872414221615e-04,
       5.1284674356775366e-04 ]
P2: !!opencv-matrix
   rows: 3
   cols: 4
   dt: f
   data: [ 3.53861633e+02, 0., 3.68752228e+02, -6.83438359e+04, 0.,
       3.53861633e+02, 2.31896454e+02, 0., 0., 0., 1., 0. ]
R2: !!opencv-matrix
   rows: 3
   cols: 3
   dt: f
   data: [ 9.99982059e-01, -4.41146782e-03, -4.05437732e-03,
       4.46340302e-03, 9.99906957e-01, 1.28912097e-02, 3.99713079e-03,
       -1.29090752e-02, 9.99908686e-01 ]
