%YAML:1.0
---
Q: !!opencv-matrix
   rows: 4
   cols: 4
   dt: f
   data: [ 1., 0., 0., -3.82380951e+02, 0., 1., 0., -2.31848267e+02, 0.,
       0., 0., 3.59855072e+02, 0., 0., 5.30182105e-03, 0. ]
R: !!opencv-matrix
   rows: 3
   cols: 3
   dt: d
   data: [ 1.0040110554542749e+00, 9.6310941595405160e-03,
       -3.4979847232044252e-03, -9.7221914839738504e-03,
       1.0036939819730293e+00, -2.5771863099376204e-02,
       3.2564721761096939e-03, 2.5804261447351831e-02,
       1.0037349164281915e+00 ]
T: !!opencv-matrix
   rows: 3
   cols: 1
   dt: d
   data: [ -1.8895247926653678e+02, 8.3358393278592646e-01,
       7.6617499954896073e-01 ]
E: !!opencv-matrix
   rows: 0
   cols: 0
   dt: u
   data: []
F: !!opencv-matrix
   rows: 0
   cols: 0
   dt: u
   data: []
K1: !!opencv-matrix
   rows: 3
   cols: 3
   dt: d
   data: [ 3.6627756984521932e+02, 0., 3.8060969928433269e+02, 0.,
       3.6653175179255015e+02, 2.3878059668569790e+02, 0., 0., 1. ]
D1: !!opencv-matrix
   rows: 5
   cols: 1
   dt: d
   data: [ -2.1859934914563901e-02, -9.9468572971318997e-04,
       1.6448003429794193e-03, -3.1164985765511365e-04,
       3.5195408316194161e-04 ]
P1: !!opencv-matrix
   rows: 3
   cols: 4
   dt: f
   data: [ 3.59855072e+02, 0., 3.82380951e+02, 0., 0., 3.59855072e+02,
       2.31848267e+02, 0., 0., 0., 1., 0. ]
R1: !!opencv-matrix
   rows: 3
   cols: 3
   dt: f
   data: [ 9.99960184e-01, 5.03348839e-03, -7.36489985e-03,
       -5.12775965e-03, 9.99904454e-01, -1.28376735e-02, 7.29957782e-03,
       1.28749274e-02, 9.99890447e-01 ]
K2: !!opencv-matrix
   rows: 3
   cols: 3
   dt: d
   data: [ 3.6687495098581172e+02, 0., 3.7621769200552956e+02, 0.,
       3.6726361788508825e+02, 2.2399932895774910e+02, 0., 0., 1. ]
D2: !!opencv-matrix
   rows: 5
   cols: 1
   dt: d
   data: [ -2.2201337830972428e-02, -1.1445843221826492e-03,
       2.9199201696882579e-04, -7.1705872414221615e-04,
       5.1284674356775366e-04 ]
P2: !!opencv-matrix
   rows: 3
   cols: 4
   dt: f
   data: [ 3.59855072e+02, 0., 3.82380951e+02, -6.78738672e+04, 0.,
       3.59855072e+02, 2.31848267e+02, 0., 0., 0., 1., 0. ]
R2: !!opencv-matrix
   rows: 3
   cols: 3
   dt: f
   data: [ 9.99982059e-01, -4.41152649e-03, -4.05478105e-03,
       4.46329219e-03, 9.99907494e-01, 1.28474375e-02, 3.99772916e-03,
       -1.28653040e-02, 9.99909222e-01 ]
