%YAML:1.0
---
Q: !!opencv-matrix
   rows: 4
   cols: 4
   dt: f
   data: [ 1., 0., 0., -3.68791351e+02, 0., 1., 0., -2.31740631e+02, 0.,
       0., 0., 3.66542633e+02, 0., 0., 5.52240619e-03, 0. ]
R: !!opencv-matrix
   rows: 3
   cols: 3
   dt: d
   data: [ 1.0027483261318035e+00, 9.9302307578376381e-03,
       -3.0283506750274588e-03, -9.7154258187221298e-03,
       1.0037528270933305e+00, 9.2695552898731087e-03,
       3.2599125703684476e-03, -9.2399404313241711e-03,
       1.0037950576234815e+00 ]
T: !!opencv-matrix
   rows: 3
   cols: 1
   dt: d
   data: [ -1.8491017525713258e+02, 8.1580671448826581e-01,
       7.5002566562709672e-01 ]
E: !!opencv-matrix
   rows: 0
   cols: 0
   dt: u
   data: []
F: !!opencv-matrix
   rows: 0
   cols: 0
   dt: u
   data: []
K1: !!opencv-matrix
   rows: 3
   cols: 3
   dt: d
   data: [ 3.6627756984521932e+02, 0., 3.8060969928433269e+02, 0.,
       3.6653175179255015e+02, 2.3878059668569790e+02, 0., 0., 1. ]
D1: !!opencv-matrix
   rows: 5
   cols: 1
   dt: d
   data: [ -2.1859934914563901e-02, -9.9468572971318997e-04,
       1.6448003429794193e-03, -3.1164985765511365e-04,
       3.5195408316194161e-04 ]
P1: !!opencv-matrix
   rows: 3
   cols: 4
   dt: f
   data: [ 3.66542633e+02, 0., 3.68791351e+02, 0., 0., 3.66542633e+02,
       2.31740631e+02, 0., 0., 0., 1., 0. ]
R1: !!opencv-matrix
   rows: 3
   cols: 3
   dt: f
   data: [ 9.99177873e-01, -2.98093557e-02, 2.74767708e-02,
       3.01678814e-02, 9.99463797e-01, -1.27273900e-02, -2.70826425e-02,
       1.35458428e-02, 9.99541402e-01 ]
K2: !!opencv-matrix
   rows: 3
   cols: 3
   dt: d
   data: [ 3.6687495098581172e+02, 0., 3.7621769200552956e+02, 0.,
       3.6726361788508825e+02, 2.2399932895774910e+02, 0., 0., 1. ]
D2: !!opencv-matrix
   rows: 5
   cols: 1
   dt: d
   data: [ -2.2201337830972428e-02, -1.1445843221826492e-03,
       2.9199201696882579e-04, -7.1705872414221615e-04,
       5.1284674356775366e-04 ]
P2: !!opencv-matrix
   rows: 3
   cols: 4
   dt: f
   data: [ 3.66542633e+02, 0., 3.68791351e+02, -6.63737188e+04, 0.,
       3.66542633e+02, 2.31740631e+02, 0., 0., 0., 1., 0. ]
R2: !!opencv-matrix
   rows: 3
   cols: 3
   dt: f
   data: [ 9.99982059e-01, -4.41084243e-03, -4.05182224e-03,
       4.46370011e-03, 9.99903858e-01, 1.31303333e-02, 3.99351679e-03,
       -1.31481839e-02, 9.99905586e-01 ]
