%YAML:1.0
---
Q: !!opencv-matrix
   rows: 4
   cols: 4
   dt: f
   data: [ 1., 0., 0., -3.68796112e+02, 0., 1., 0., -2.31740753e+02, 0.,
       0., 0., 3.66537964e+02, 0., 0., 5.21025527e-03, 0. ]
R: !!opencv-matrix
   rows: 3
   cols: 3
   dt: d
   data: [ 1.0039728954945824e+00, -2.5419424559650784e-02,
       3.1563815058102504e-02, 2.6235659712919551e-02,
       1.0041081486096590e+00, -2.6114123733491552e-02,
       -3.0877562714365123e-02, 2.6916815691527599e-02,
       1.0039547831964153e+00 ]
T: !!opencv-matrix
   rows: 3
   cols: 1
   dt: d
   data: [ -1.9234945773420608e+02, 8.4859326988815165e-01,
       7.8007285710833207e-01 ]
E: !!opencv-matrix
   rows: 0
   cols: 0
   dt: u
   data: []
F: !!opencv-matrix
   rows: 0
   cols: 0
   dt: u
   data: []
K1: !!opencv-matrix
   rows: 3
   cols: 3
   dt: d
   data: [ 3.6627756984521932e+02, 0., 3.8060969928433269e+02, 0.,
       3.6653175179255015e+02, 2.3878059668569790e+02, 0., 0., 1. ]
D1: !!opencv-matrix
   rows: 5
   cols: 1
   dt: d
   data: [ -2.1859934914563901e-02, -9.9468572971318997e-04,
       1.6448003429794193e-03, -3.1164985765511365e-04,
       3.5195408316194161e-04 ]
P1: !!opencv-matrix
   rows: 3
   cols: 4
   dt: f
   data: [ 3.66537964e+02, 0., 3.68796112e+02, 0., 0., 3.66537964e+02,
       2.31740753e+02, 0., 0., 0., 1., 0. ]
R1: !!opencv-matrix
   rows: 3
   cols: 3
   dt: f
   data: [ 9.99178529e-01, -2.97957566e-02, 2.74682194e-02,
       3.01541705e-02, 9.99464214e-01, -1.27277179e-02, -2.70742700e-02,
       1.35455439e-02, 9.99541640e-01 ]
K2: !!opencv-matrix
   rows: 3
   cols: 3
   dt: d
   data: [ 3.6687495098581172e+02, 0., 3.7621769200552956e+02, 0.,
       3.6726361788508825e+02, 2.2399932895774910e+02, 0., 0., 1. ]
D2: !!opencv-matrix
   rows: 5
   cols: 1
   dt: d
   data: [ -2.2201337830972428e-02, -1.1445843221826492e-03,
       2.9199201696882579e-04, -7.1705872414221615e-04,
       5.1284674356775366e-04 ]
P2: !!opencv-matrix
   rows: 3
   cols: 4
   dt: f
   data: [ 3.66537964e+02, 0., 3.68796112e+02, -7.03493281e+04, 0.,
       3.66537964e+02, 2.31740753e+02, 0., 0., 0., 1., 0. ]
R2: !!opencv-matrix
   rows: 3
   cols: 3
   dt: f
   data: [ 9.99982059e-01, -4.41164849e-03, -4.05542832e-03,
       4.46455367e-03, 9.99903798e-01, 1.31303351e-02, 3.99711216e-03,
       -1.31482054e-02, 9.99905586e-01 ]
