%YAML:1.0
---
Q: !!opencv-matrix
   rows: 4
   cols: 4
   dt: f
   data: [ 1., 0., 0., -3.82331818e+02, 0., 1., 0., -2.31848755e+02, 0.,
       0., 0., 3.59853546e+02, 0., 0., 5.31527773e-03, 0. ]
R: !!opencv-matrix
   rows: 3
   cols: 3
   dt: d
   data: [ 1.0039375761870104e+00, 9.4558225711328953e-03,
       -3.2454057400392237e-03, -9.7221098116305627e-03,
       1.0037407289844738e+00, -2.5774158417532441e-02,
       3.2571055836830890e-03, 2.5806155880132076e-02,
       1.0037798655924357e+00 ]
T: !!opencv-matrix
   rows: 3
   cols: 1
   dt: d
   data: [ -1.8834314510188824e+02, 8.3089559622680753e-01,
       7.6370352315747958e-01 ]
E: !!opencv-matrix
   rows: 0
   cols: 0
   dt: u
   data: []
F: !!opencv-matrix
   rows: 0
   cols: 0
   dt: u
   data: []
K1: !!opencv-matrix
   rows: 3
   cols: 3
   dt: d
   data: [ 3.6627756984521932e+02, 0., 3.8060969928433269e+02, 0.,
       3.6653175179255015e+02, 2.3878059668569790e+02, 0., 0., 1. ]
D1: !!opencv-matrix
   rows: 5
   cols: 1
   dt: d
   data: [ -2.1859934914563901e-02, -9.9468572971318997e-04,
       1.6448003429794193e-03, -3.1164985765511365e-04,
       3.5195408316194161e-04 ]
P1: !!opencv-matrix
   rows: 3
   cols: 4
   dt: f
   data: [ 3.59853546e+02, 0., 3.82331818e+02, 0., 0., 3.59853546e+02,
       2.31848755e+02, 0., 0., 0., 1., 0. ]
R1: !!opencv-matrix
   rows: 3
   cols: 3
   dt: f
   data: [ 9.99961495e-01, 4.95694950e-03, -7.23906001e-03,
       -5.04960911e-03, 9.99904811e-01, -1.28382593e-02, 7.17473263e-03,
       1.28743192e-02, 9.99891400e-01 ]
K2: !!opencv-matrix
   rows: 3
   cols: 3
   dt: d
   data: [ 3.6687495098581172e+02, 0., 3.7621769200552956e+02, 0.,
       3.6726361788508825e+02, 2.2399932895774910e+02, 0., 0., 1. ]
D2: !!opencv-matrix
   rows: 5
   cols: 1
   dt: d
   data: [ -2.2201337830972428e-02, -1.1445843221826492e-03,
       2.9199201696882579e-04, -7.1705872414221615e-04,
       5.1284674356775366e-04 ]
P2: !!opencv-matrix
   rows: 3
   cols: 4
   dt: f
   data: [ 3.59853546e+02, 0., 3.82331818e+02, -6.77017344e+04, 0.,
       3.59853546e+02, 2.31848755e+02, 0., 0., 0., 1., 0. ]
R2: !!opencv-matrix
   rows: 3
   cols: 3
   dt: f
   data: [ 9.99982059e-01, -4.41152556e-03, -4.05477686e-03,
       4.46329080e-03, 9.99907494e-01, 1.28474217e-02, 3.99772497e-03,
       -1.28652882e-02, 9.99909222e-01 ]
