%YAML:1.0
---
Q: !!opencv-matrix
   rows: 4
   cols: 4
   dt: f
   data: [ 1., 0., 0., -3.68795532e+02, 0., 1., 0., -2.31741302e+02, 0.,
       0., 0., 3.66524963e+02, 0., 0., 5.22869034e-03, 0. ]
R: !!opencv-matrix
   rows: 3
   cols: 3
   dt: d
   data: [ 1.0039372210004951e+00, -2.5340009169242634e-02,
       3.1573083146344917e-02, 2.6237154244732119e-02,
       1.0041515687740992e+00, -2.6115297373119777e-02,
       -3.0878586050568296e-02, 2.6917662381420172e-02,
       1.0039985189255347e+00 ]
T: !!opencv-matrix
   rows: 3
   cols: 1
   dt: d
   data: [ -1.9112271046728731e+02, 8.4318198140704703e-01,
       7.7510056519302672e-01 ]
E: !!opencv-matrix
   rows: 0
   cols: 0
   dt: u
   data: []
F: !!opencv-matrix
   rows: 0
   cols: 0
   dt: u
   data: []
K1: !!opencv-matrix
   rows: 3
   cols: 3
   dt: d
   data: [ 3.6627756984521932e+02, 0., 3.8060969928433269e+02, 0.,
       3.6653175179255015e+02, 2.3878059668569790e+02, 0., 0., 1. ]
D1: !!opencv-matrix
   rows: 5
   cols: 1
   dt: d
   data: [ -2.1859934914563901e-02, -9.9468572971318997e-04,
       1.6448003429794193e-03, -3.1164985765511365e-04,
       3.5195408316194161e-04 ]
P1: !!opencv-matrix
   rows: 3
   cols: 4
   dt: f
   data: [ 3.66524963e+02, 0., 3.68795532e+02, 0., 0., 3.66524963e+02,
       2.31741302e+02, 0., 0., 0., 1., 0. ]
R1: !!opencv-matrix
   rows: 3
   cols: 3
   dt: f
   data: [ 9.99182165e-01, -2.96718013e-02, 2.74693426e-02,
       3.00302655e-02, 9.99467909e-01, -1.27302576e-02, -2.70769969e-02,
       1.35447588e-02, 9.99541581e-01 ]
K2: !!opencv-matrix
   rows: 3
   cols: 3
   dt: d
   data: [ 3.6687495098581172e+02, 0., 3.7621769200552956e+02, 0.,
       3.6726361788508825e+02, 2.2399932895774910e+02, 0., 0., 1. ]
D2: !!opencv-matrix
   rows: 5
   cols: 1
   dt: d
   data: [ -2.2201337830972428e-02, -1.1445843221826492e-03,
       2.9199201696882579e-04, -7.1705872414221615e-04,
       5.1284674356775366e-04 ]
P2: !!opencv-matrix
   rows: 3
   cols: 4
   dt: f
   data: [ 3.66524963e+02, 0., 3.68795532e+02, -7.00988047e+04, 0.,
       3.66524963e+02, 2.31741302e+02, 0., 0., 0., 1., 0. ]
R2: !!opencv-matrix
   rows: 3
   cols: 3
   dt: f
   data: [ 9.99982059e-01, -4.41164942e-03, -4.05543204e-03,
       4.46455833e-03, 9.99903798e-01, 1.31312013e-02, 3.99711169e-03,
       -1.31490715e-02, 9.99905586e-01 ]
