%YAML:1.0
---
Q: !!opencv-matrix
   rows: 4
   cols: 4
   dt: f
   data: [ 1., 0., 0., -3.68777954e+02, 0., 1., 0., -2.31896225e+02, 0.,
       0., 0., 3.53879486e+02, 0., 0., 5.21794939e-03, 0. ]
R: !!opencv-matrix
   rows: 3
   cols: 3
   dt: d
   data: [ 1.0039513276208119e+00, 9.6315274687575406e-03,
       3.1549073050664705e-02, -8.8205307746575378e-03,
       1.0041071906833610e+00, -2.6106171100773953e-02,
       -3.1788459540691712e-02, 2.5814981758557547e-02,
       1.0036501111963942e+00 ]
T: !!opencv-matrix
   rows: 3
   cols: 1
   dt: d
   data: [ -1.9198253223342329e+02, 8.4693993537812051e-01,
       7.7838360269208018e-01 ]
E: !!opencv-matrix
   rows: 0
   cols: 0
   dt: u
   data: []
F: !!opencv-matrix
   rows: 0
   cols: 0
   dt: u
   data: []
K1: !!opencv-matrix
   rows: 3
   cols: 3
   dt: d
   data: [ 3.6627756984521932e+02, 0., 3.8060969928433269e+02, 0.,
       3.6653175179255015e+02, 2.3878059668569790e+02, 0., 0., 1. ]
D1: !!opencv-matrix
   rows: 5
   cols: 1
   dt: d
   data: [ -2.1859934914563901e-02, -9.9468572971318997e-04,
       1.6448003429794193e-03, -3.1164985765511365e-04,
       3.5195408316194161e-04 ]
P1: !!opencv-matrix
   rows: 3
   cols: 4
   dt: f
   data: [ 3.53879486e+02, 0., 3.68777954e+02, 0., 0., 3.53879486e+02,
       2.31896225e+02, 0., 0., 0., 1., 0. ]
R1: !!opencv-matrix
   rows: 3
   cols: 3
   dt: f
   data: [ 9.99611557e-01, 5.05187875e-03, 2.74083950e-02,
       -4.69785277e-03, 9.99904931e-01, -1.29657462e-02, -2.74712890e-02,
       1.28319496e-02, 9.99540210e-01 ]
K2: !!opencv-matrix
   rows: 3
   cols: 3
   dt: d
   data: [ 3.6687495098581172e+02, 0., 3.7621769200552956e+02, 0.,
       3.6726361788508825e+02, 2.2399932895774910e+02, 0., 0., 1. ]
D2: !!opencv-matrix
   rows: 5
   cols: 1
   dt: d
   data: [ -2.2201337830972428e-02, -1.1445843221826492e-03,
       2.9199201696882579e-04, -7.1705872414221615e-04,
       5.1284674356775366e-04 ]
P2: !!opencv-matrix
   rows: 3
   cols: 4
   dt: f
   data: [ 3.53879486e+02, 0., 3.68777954e+02, -6.78196484e+04, 0.,
       3.53879486e+02, 2.31896225e+02, 0., 0., 0., 1., 0. ]
R2: !!opencv-matrix
   rows: 3
   cols: 3
   dt: f
   data: [ 9.99982059e-01, -4.41146595e-03, -4.05437127e-03,
       4.46340116e-03, 9.99906957e-01, 1.28911110e-02, 3.99712520e-03,
       -1.29089756e-02, 9.99908686e-01 ]
