%YAML:1.0
---
Q: !!opencv-matrix
   rows: 4
   cols: 4
   dt: f
   data: [ 1., 0., 0., -3.68752289e+02, 0., 1., 0., -2.31896454e+02, 0.,
       0., 0., 3.53861694e+02, 0., 0., 5.18539734e-03, 0. ]
R: !!opencv-matrix
   rows: 3
   cols: 3
   dt: d
   data: [ 1.0039247880999904e+00, 9.6327553323175153e-03,
       3.1553048890070490e-02, -8.8203319052048788e-03,
       1.0040884836133028e+00, -2.6105705020526736e-02,
       -3.1787835709502749e-02, 2.5814495265899590e-02,
       1.0036314003483504e+00 ]
T: !!opencv-matrix
   rows: 3
   cols: 1
   dt: d
   data: [ -1.9313371299755300e+02, 8.5201842085233015e-01,
       7.8305099863898675e-01 ]
E: !!opencv-matrix
   rows: 0
   cols: 0
   dt: u
   data: []
F: !!opencv-matrix
   rows: 0
   cols: 0
   dt: u
   data: []
K1: !!opencv-matrix
   rows: 3
   cols: 3
   dt: d
   data: [ 3.6627756984521932e+02, 0., 3.8060969928433269e+02, 0.,
       3.6653175179255015e+02, 2.3878059668569790e+02, 0., 0., 1. ]
D1: !!opencv-matrix
   rows: 5
   cols: 1
   dt: d
   data: [ -2.1859934914563901e-02, -9.9468572971318997e-04,
       1.6448003429794193e-03, -3.1164985765511365e-04,
       3.5195408316194161e-04 ]
P1: !!opencv-matrix
   rows: 3
   cols: 4
   dt: f
   data: [ 3.53861694e+02, 0., 3.68752289e+02, 0., 0., 3.53861694e+02,
       2.31896454e+02, 0., 0., 0., 1., 0. ]
R1: !!opencv-matrix
   rows: 3
   cols: 3
   dt: f
   data: [ 9.99609649e-01, 5.07884286e-03, 2.74737664e-02,
       -4.72396892e-03, 9.99904752e-01, -1.29663646e-02, -2.75370050e-02,
       1.28315175e-02, 9.99538422e-01 ]
K2: !!opencv-matrix
   rows: 3
   cols: 3
   dt: d
   data: [ 3.6687495098581172e+02, 0., 3.7621769200552956e+02, 0.,
       3.6726361788508825e+02, 2.2399932895774910e+02, 0., 0., 1. ]
D2: !!opencv-matrix
   rows: 5
   cols: 1
   dt: d
   data: [ -2.2201337830972428e-02, -1.1445843221826492e-03,
       2.9199201696882579e-04, -7.1705872414221615e-04,
       5.1284674356775366e-04 ]
P2: !!opencv-matrix
   rows: 3
   cols: 4
   dt: f
   data: [ 3.53861694e+02, 0., 3.68752289e+02, -6.82419609e+04, 0.,
       3.53861694e+02, 2.31896454e+02, 0., 0., 0., 1., 0. ]
R2: !!opencv-matrix
   rows: 3
   cols: 3
   dt: f
   data: [ 9.99982059e-01, -4.41146782e-03, -4.05437732e-03,
       4.46340302e-03, 9.99906957e-01, 1.28912097e-02, 3.99713079e-03,
       -1.29090743e-02, 9.99908686e-01 ]
