%YAML:1.0
---
Q: !!opencv-matrix
   rows: 4
   cols: 4
   dt: f
   data: [ 1., 0., 0., -3.82307159e+02, 0., 1., 0., -2.31848969e+02, 0.,
       0., 0., 3.59850983e+02, 0., 0., 5.31990128e-03, 0. ]
R: !!opencv-matrix
   rows: 3
   cols: 3
   dt: d
   data: [ 1.0039015302329108e+00, 9.3838251546567875e-03,
       -3.1185219444980965e-03, -9.7220581535047319e-03,
       1.0037614000874306e+00, -2.5775241036668877e-02,
       3.2574002384680948e-03, 2.5806971885664547e-02,
       1.0037997044124212e+00 ]
T: !!opencv-matrix
   rows: 3
   cols: 1
   dt: d
   data: [ -1.8813354475068036e+02, 8.2997081231169056e-01,
       7.6285321891300928e-01 ]
E: !!opencv-matrix
   rows: 0
   cols: 0
   dt: u
   data: []
F: !!opencv-matrix
   rows: 0
   cols: 0
   dt: u
   data: []
K1: !!opencv-matrix
   rows: 3
   cols: 3
   dt: d
   data: [ 3.6627756984521932e+02, 0., 3.8060969928433269e+02, 0.,
       3.6653175179255015e+02, 2.3878059668569790e+02, 0., 0., 1. ]
D1: !!opencv-matrix
   rows: 5
   cols: 1
   dt: d
   data: [ -2.1859934914563901e-02, -9.9468572971318997e-04,
       1.6448003429794193e-03, -3.1164985765511365e-04,
       3.5195408316194161e-04 ]
P1: !!opencv-matrix
   rows: 3
   cols: 4
   dt: f
   data: [ 3.59850983e+02, 0., 3.82307159e+02, 0., 0., 3.59850983e+02,
       2.31848969e+02, 0., 0., 0., 1., 0. ]
R1: !!opencv-matrix
   rows: 3
   cols: 3
   dt: f
   data: [ 9.99962151e-01, 4.92550759e-03, -7.17597501e-03,
       -5.01735881e-03, 9.99904990e-01, -1.28385108e-02, 7.11205741e-03,
       1.28740296e-02, 9.99891818e-01 ]
K2: !!opencv-matrix
   rows: 3
   cols: 3
   dt: d
   data: [ 3.6687495098581172e+02, 0., 3.7621769200552956e+02, 0.,
       3.6726361788508825e+02, 2.2399932895774910e+02, 0., 0., 1. ]
D2: !!opencv-matrix
   rows: 5
   cols: 1
   dt: d
   data: [ -2.2201337830972428e-02, -1.1445843221826492e-03,
       2.9199201696882579e-04, -7.1705872414221615e-04,
       5.1284674356775366e-04 ]
P2: !!opencv-matrix
   rows: 3
   cols: 4
   dt: f
   data: [ 3.59850983e+02, 0., 3.82307159e+02, -6.76424141e+04, 0.,
       3.59850983e+02, 2.31848969e+02, 0., 0., 0., 1., 0. ]
R2: !!opencv-matrix
   rows: 3
   cols: 3
   dt: f
   data: [ 9.99982059e-01, -4.41152463e-03, -4.05477453e-03,
       4.46329033e-03, 9.99907494e-01, 1.28474012e-02, 3.99772264e-03,
       -1.28652677e-02, 9.99909222e-01 ]
