%YAML:1.0
---
Q: !!opencv-matrix
   rows: 4
   cols: 4
   dt: f
   data: [ 1., 0., 0., -3.82283661e+02, 0., 1., 0., -2.31849152e+02, 0.,
       0., 0., 3.59848572e+02, 0., 0., 5.32417418e-03, 0. ]
R: !!opencv-matrix
   rows: 3
   cols: 3
   dt: d
   data: [ 1.0038658709562851e+00, 9.3205887053973598e-03,
       -2.9915039969629293e-03, -9.7220012359701628e-03,
       1.0037807112259867e+00, -2.5776290298171065e-02,
       3.2576836732372215e-03, 2.5807718348466777e-02,
       1.0038182214046649e+00 ]
T: !!opencv-matrix
   rows: 3
   cols: 1
   dt: d
   data: [ -1.8797003662441878e+02, 8.2924936253625492e-01,
       7.6218978679203409e-01 ]
E: !!opencv-matrix
   rows: 0
   cols: 0
   dt: u
   data: []
F: !!opencv-matrix
   rows: 0
   cols: 0
   dt: u
   data: []
K1: !!opencv-matrix
   rows: 3
   cols: 3
   dt: d
   data: [ 3.6627756984521932e+02, 0., 3.8060969928433269e+02, 0.,
       3.6653175179255015e+02, 2.3878059668569790e+02, 0., 0., 1. ]
D1: !!opencv-matrix
   rows: 5
   cols: 1
   dt: d
   data: [ -2.1859934914563901e-02, -9.9468572971318997e-04,
       1.6448003429794193e-03, -3.1164985765511365e-04,
       3.5195408316194161e-04 ]
P1: !!opencv-matrix
   rows: 3
   cols: 4
   dt: f
   data: [ 3.59848572e+02, 0., 3.82283661e+02, 0., 0., 3.59848572e+02,
       2.31849152e+02, 0., 0., 0., 1., 0. ]
R1: !!opencv-matrix
   rows: 3
   cols: 3
   dt: f
   data: [ 9.99962687e-01, 4.89531923e-03, -7.11582787e-03,
       -4.98639932e-03, 9.99905169e-01, -1.28387511e-02, 7.05230329e-03,
       1.28737548e-02, 9.99892235e-01 ]
K2: !!opencv-matrix
   rows: 3
   cols: 3
   dt: d
   data: [ 3.6687495098581172e+02, 0., 3.7621769200552956e+02, 0.,
       3.6726361788508825e+02, 2.2399932895774910e+02, 0., 0., 1. ]
D2: !!opencv-matrix
   rows: 5
   cols: 1
   dt: d
   data: [ -2.2201337830972428e-02, -1.1445843221826492e-03,
       2.9199201696882579e-04, -7.1705872414221615e-04,
       5.1284674356775366e-04 ]
P2: !!opencv-matrix
   rows: 3
   cols: 4
   dt: f
   data: [ 3.59848572e+02, 0., 3.82283661e+02, -6.75876797e+04, 0.,
       3.59848572e+02, 2.31849152e+02, 0., 0., 0., 1., 0. ]
R2: !!opencv-matrix
   rows: 3
   cols: 3
   dt: f
   data: [ 9.99982059e-01, -4.41152230e-03, -4.05476568e-03,
       4.46328754e-03, 9.99907494e-01, 1.28473816e-02, 3.99771426e-03,
       -1.28652481e-02, 9.99909222e-01 ]
