%YAML:1.0
---
Q: !!opencv-matrix
   rows: 4
   cols: 4
   dt: f
   data: [ 1., 0., 0., -3.82405396e+02, 0., 1., 0., -2.31847992e+02, 0.,
       0., 0., 3.59853638e+02, 0., 0., 5.29224100e-03, 0. ]
R: !!opencv-matrix
   rows: 3
   cols: 3
   dt: d
   data: [ 1.0040087769904569e+00, 9.6317485393194319e-03,
       -3.5004799349257726e-03, -9.7221547425808668e-03,
       1.0036889177394834e+00, -2.5771722059301123e-02,
       3.2564444662776114e-03, 2.5804128478723813e-02,
       1.0037298652773476e+00 ]
T: !!opencv-matrix
   rows: 3
   cols: 1
   dt: d
   data: [ -1.8917403092077106e+02, 8.3456133231147511e-01,
       7.6707336269355231e-01 ]
E: !!opencv-matrix
   rows: 0
   cols: 0
   dt: u
   data: []
F: !!opencv-matrix
   rows: 0
   cols: 0
   dt: u
   data: []
K1: !!opencv-matrix
   rows: 3
   cols: 3
   dt: d
   data: [ 3.6627756984521932e+02, 0., 3.8060969928433269e+02, 0.,
       3.6653175179255015e+02, 2.3878059668569790e+02, 0., 0., 1. ]
D1: !!opencv-matrix
   rows: 5
   cols: 1
   dt: d
   data: [ -2.1859934914563901e-02, -9.9468572971318997e-04,
       1.6448003429794193e-03, -3.1164985765511365e-04,
       3.5195408316194161e-04 ]
P1: !!opencv-matrix
   rows: 3
   cols: 4
   dt: f
   data: [ 3.59853638e+02, 0., 3.82405396e+02, 0., 0., 3.59853638e+02,
       2.31847992e+02, 0., 0., 0., 1., 0. ]
R1: !!opencv-matrix
   rows: 3
   cols: 3
   dt: f
   data: [ 9.99959528e-01, 5.07994788e-03, -7.42748659e-03,
       -5.17502008e-03, 9.99904215e-01, -1.28373317e-02, 7.36156199e-03,
       1.28752496e-02, 9.99890029e-01 ]
K2: !!opencv-matrix
   rows: 3
   cols: 3
   dt: d
   data: [ 3.6687495098581172e+02, 0., 3.7621769200552956e+02, 0.,
       3.6726361788508825e+02, 2.2399932895774910e+02, 0., 0., 1. ]
D2: !!opencv-matrix
   rows: 5
   cols: 1
   dt: d
   data: [ -2.2201337830972428e-02, -1.1445843221826492e-03,
       2.9199201696882579e-04, -7.1705872414221615e-04,
       5.1284674356775366e-04 ]
P2: !!opencv-matrix
   rows: 3
   cols: 4
   dt: f
   data: [ 3.59853638e+02, 0., 3.82405396e+02, -6.79964609e+04, 0.,
       3.59853638e+02, 2.31847992e+02, 0., 0., 0., 1., 0. ]
R2: !!opencv-matrix
   rows: 3
   cols: 3
   dt: f
   data: [ 9.99982059e-01, -4.41152696e-03, -4.05478291e-03,
       4.46329266e-03, 9.99907494e-01, 1.28474291e-02, 3.99773102e-03,
       -1.28652966e-02, 9.99909222e-01 ]
