%YAML:1.0
---
Q: !!opencv-matrix
   rows: 4
   cols: 4
   dt: f
   data: [ 1., 0., 0., -3.82353455e+02, 0., 1., 0., -2.31849945e+02, 0.,
       0., 0., 3.58602081e+02, 0., 0., 5.38505567e-03, 0. ]
R: !!opencv-matrix
   rows: 3
   cols: 3
   dt: d
   data: [ 1.0035083411411927e+00, 9.7421520640425460e-03,
       -3.1626055957806728e-03, -9.7172827687177308e-03,
       1.0034698321214748e+00, 9.2675303828018193e-03,
       3.2547580895508346e-03, -9.2365763514575972e-03,
       1.0035117812721814e+00 ]
T: !!opencv-matrix
   rows: 3
   cols: 1
   dt: d
   data: [ -1.8590023159273429e+02, 8.2017481328166097e-01,
       7.5404169251609032e-01 ]
E: !!opencv-matrix
   rows: 0
   cols: 0
   dt: u
   data: []
F: !!opencv-matrix
   rows: 0
   cols: 0
   dt: u
   data: []
K1: !!opencv-matrix
   rows: 3
   cols: 3
   dt: d
   data: [ 3.6627756984521932e+02, 0., 3.8060969928433269e+02, 0.,
       3.6653175179255015e+02, 2.3878059668569790e+02, 0., 0., 1. ]
D1: !!opencv-matrix
   rows: 5
   cols: 1
   dt: d
   data: [ -2.1859934914563901e-02, -9.9468572971318997e-04,
       1.6448003429794193e-03, -3.1164985765511365e-04,
       3.5195408316194161e-04 ]
P1: !!opencv-matrix
   rows: 3
   cols: 4
   dt: f
   data: [ 3.58602081e+02, 0., 3.82353455e+02, 0., 0., 3.58602081e+02,
       2.31849945e+02, 0., 0., 0., 1., 0. ]
R1: !!opencv-matrix
   rows: 3
   cols: 3
   dt: f
   data: [ 9.99959469e-01, 5.33569232e-03, -7.24919513e-03,
       -5.30231558e-03, 9.99975264e-01, 4.61562816e-03, 7.27364374e-03,
       -4.57700389e-03, 9.99963045e-01 ]
K2: !!opencv-matrix
   rows: 3
   cols: 3
   dt: d
   data: [ 3.6687495098581172e+02, 0., 3.7621769200552956e+02, 0.,
       3.6726361788508825e+02, 2.2399932895774910e+02, 0., 0., 1. ]
D2: !!opencv-matrix
   rows: 5
   cols: 1
   dt: d
   data: [ -2.2201337830972428e-02, -1.1445843221826492e-03,
       2.9199201696882579e-04, -7.1705872414221615e-04,
       5.1284674356775366e-04 ]
P2: !!opencv-matrix
   rows: 3
   cols: 4
   dt: f
   data: [ 3.58602081e+02, 0., 3.82353455e+02, -6.65920859e+04, 0.,
       3.58602081e+02, 2.31849945e+02, 0., 0., 0., 1., 0. ]
R2: !!opencv-matrix
   rows: 3
   cols: 3
   dt: f
   data: [ 9.99982059e-01, -4.41182917e-03, -4.05609049e-03,
       4.39313939e-03, 9.99979734e-01, -4.60529281e-03, 4.07632580e-03,
       4.58739139e-03, 9.99981165e-01 ]
