%YAML:1.0
---
Q: !!opencv-matrix
   rows: 4
   cols: 4
   dt: f
   data: [ 1., 0., 0., -3.82371735e+02, 0., 1., 0., -2.31849579e+02, 0.,
       0., 0., 3.58591705e+02, 0., 0., 5.40046627e-03, 0. ]
R: !!opencv-matrix
   rows: 3
   cols: 3
   dt: d
   data: [ 1.0035171249524601e+00, 9.7428036600582229e-03,
       -3.1644622021156084e-03, -9.7173559794819977e-03,
       1.0034763658852681e+00, 9.2675988499607426e-03,
       3.2547701745243387e-03, -9.2366389016180564e-03,
       1.0035183253523356e+00 ]
T: !!opencv-matrix
   rows: 3
   cols: 1
   dt: d
   data: [ -1.8552144952920125e+02, 8.1850366049396572e-01,
       7.5250528744140621e-01 ]
E: !!opencv-matrix
   rows: 0
   cols: 0
   dt: u
   data: []
F: !!opencv-matrix
   rows: 0
   cols: 0
   dt: u
   data: []
K1: !!opencv-matrix
   rows: 3
   cols: 3
   dt: d
   data: [ 3.6627756984521932e+02, 0., 3.8060969928433269e+02, 0.,
       3.6653175179255015e+02, 2.3878059668569790e+02, 0., 0., 1. ]
D1: !!opencv-matrix
   rows: 5
   cols: 1
   dt: d
   data: [ -2.1859934914563901e-02, -9.9468572971318997e-04,
       1.6448003429794193e-03, -3.1164985765511365e-04,
       3.5195408316194161e-04 ]
P1: !!opencv-matrix
   rows: 3
   cols: 4
   dt: f
   data: [ 3.58591705e+02, 0., 3.82371735e+02, 0., 0., 3.58591705e+02,
       2.31849579e+02, 0., 0., 0., 1., 0. ]
R1: !!opencv-matrix
   rows: 3
   cols: 3
   dt: f
   data: [ 9.99958754e-01, 5.40449517e-03, -7.29572214e-03,
       -5.37090329e-03, 9.99974906e-01, 4.61606495e-03, 7.32048694e-03,
       -4.57669003e-03, 9.99962747e-01 ]
K2: !!opencv-matrix
   rows: 3
   cols: 3
   dt: d
   data: [ 3.6687495098581172e+02, 0., 3.7621769200552956e+02, 0.,
       3.6726361788508825e+02, 2.2399932895774910e+02, 0., 0., 1. ]
D2: !!opencv-matrix
   rows: 5
   cols: 1
   dt: d
   data: [ -2.2201337830972428e-02, -1.1445843221826492e-03,
       2.9199201696882579e-04, -7.1705872414221615e-04,
       5.1284674356775366e-04 ]
P2: !!opencv-matrix
   rows: 3
   cols: 4
   dt: f
   data: [ 3.58591705e+02, 0., 3.82371735e+02, -6.64001406e+04, 0.,
       3.58591705e+02, 2.31849579e+02, 0., 0., 0., 1., 0. ]
R2: !!opencv-matrix
   rows: 3
   cols: 3
   dt: f
   data: [ 9.99982059e-01, -4.41183103e-03, -4.05609654e-03,
       4.39314079e-03, 9.99979734e-01, -4.60535521e-03, 4.07633232e-03,
       4.58745332e-03, 9.99981165e-01 ]
