%YAML:1.0
---
Q: !!opencv-matrix
   rows: 4
   cols: 4
   dt: f
   data: [ 1., 0., 0., -3.68753174e+02, 0., 1., 0., -2.31896439e+02, 0.,
       0., 0., 3.53862213e+02, 0., 0., 5.20871393e-03, 0. ]
R: !!opencv-matrix
   rows: 3
   cols: 3
   dt: d
   data: [ 1.0039422464667982e+00, 9.6326113505866857e-03,
       3.1552810937930137e-02, -8.8204661673191645e-03,
       1.0041015728574036e+00, -2.6106042435372571e-02,
       -3.1788267789264142e-02, 2.5814832846302652e-02,
       1.0036444850858732e+00 ]
T: !!opencv-matrix
   rows: 3
   cols: 1
   dt: d
   data: [ -1.9234044107947327e+02, 8.4851885849773223e-01,
       7.7983469424485130e-01 ]
E: !!opencv-matrix
   rows: 0
   cols: 0
   dt: u
   data: []
F: !!opencv-matrix
   rows: 0
   cols: 0
   dt: u
   data: []
K1: !!opencv-matrix
   rows: 3
   cols: 3
   dt: d
   data: [ 3.6627756984521932e+02, 0., 3.8060969928433269e+02, 0.,
       3.6653175179255015e+02, 2.3878059668569790e+02, 0., 0., 1. ]
D1: !!opencv-matrix
   rows: 5
   cols: 1
   dt: d
   data: [ -2.1859934914563901e-02, -9.9468572971318997e-04,
       1.6448003429794193e-03, -3.1164985765511365e-04,
       3.5195408316194161e-04 ]
P1: !!opencv-matrix
   rows: 3
   cols: 4
   dt: f
   data: [ 3.53862213e+02, 0., 3.68753174e+02, 0., 0., 3.53862213e+02,
       2.31896439e+02, 0., 0., 0., 1., 0. ]
R1: !!opencv-matrix
   rows: 3
   cols: 3
   dt: f
   data: [ 9.99609709e-01, 5.07820956e-03, 2.74715256e-02,
       -4.72336402e-03, 9.99904752e-01, -1.29663488e-02, -2.75347568e-02,
       1.28315305e-02, 9.99538481e-01 ]
K2: !!opencv-matrix
   rows: 3
   cols: 3
   dt: d
   data: [ 3.6687495098581172e+02, 0., 3.7621769200552956e+02, 0.,
       3.6726361788508825e+02, 2.2399932895774910e+02, 0., 0., 1. ]
D2: !!opencv-matrix
   rows: 5
   cols: 1
   dt: d
   data: [ -2.2201337830972428e-02, -1.1445843221826492e-03,
       2.9199201696882579e-04, -7.1705872414221615e-04,
       5.1284674356775366e-04 ]
P2: !!opencv-matrix
   rows: 3
   cols: 4
   dt: f
   data: [ 3.53862213e+02, 0., 3.68753174e+02, -6.79365859e+04, 0.,
       3.53862213e+02, 2.31896439e+02, 0., 0., 0., 1., 0. ]
R2: !!opencv-matrix
   rows: 3
   cols: 3
   dt: f
   data: [ 9.99982059e-01, -4.41146782e-03, -4.05437732e-03,
       4.46340302e-03, 9.99906957e-01, 1.28912078e-02, 3.99713079e-03,
       -1.29090734e-02, 9.99908686e-01 ]
