%YAML:1.0
---
Q: !!opencv-matrix
   rows: 4
   cols: 4
   dt: f
   data: [ 1., 0., 0., -3.82405884e+02, 0., 1., 0., -2.31847977e+02, 0.,
       0., 0., 3.59853790e+02, 0., 0., 5.28604304e-03, 0. ]
R: !!opencv-matrix
   rows: 3
   cols: 3
   dt: d
   data: [ 1.0040054617797147e+00, 9.6311489315791272e-03,
       -3.5013255276207917e-03, -9.7221133991109866e-03,
       1.0036838535505548e+00, -2.5771588154894731e-02,
       3.2564209186953675e-03, 2.5804000453922692e-02,
       1.0037248019527247e+00 ]
T: !!opencv-matrix
   rows: 3
   cols: 1
   dt: d
   data: [ -1.8941124155962933e+02, 8.3560781127525430e-01,
       7.6803521399170027e-01 ]
E: !!opencv-matrix
   rows: 0
   cols: 0
   dt: u
   data: []
F: !!opencv-matrix
   rows: 0
   cols: 0
   dt: u
   data: []
K1: !!opencv-matrix
   rows: 3
   cols: 3
   dt: d
   data: [ 3.6627756984521932e+02, 0., 3.8060969928433269e+02, 0.,
       3.6653175179255015e+02, 2.3878059668569790e+02, 0., 0., 1. ]
D1: !!opencv-matrix
   rows: 5
   cols: 1
   dt: d
   data: [ -2.1859934914563901e-02, -9.9468572971318997e-04,
       1.6448003429794193e-03, -3.1164985765511365e-04,
       3.5195408316194161e-04 ]
P1: !!opencv-matrix
   rows: 3
   cols: 4
   dt: f
   data: [ 3.59853790e+02, 0., 3.82405884e+02, 0., 0., 3.59853790e+02,
       2.31847977e+02, 0., 0., 0., 1., 0. ]
R1: !!opencv-matrix
   rows: 3
   cols: 3
   dt: f
   data: [ 9.99959528e-01, 5.08029107e-03, -7.42872758e-03,
       -5.17537910e-03, 9.99904215e-01, -1.28373280e-02, 7.36279879e-03,
       1.28752543e-02, 9.99890029e-01 ]
K2: !!opencv-matrix
   rows: 3
   cols: 3
   dt: d
   data: [ 3.6687495098581172e+02, 0., 3.7621769200552956e+02, 0.,
       3.6726361788508825e+02, 2.2399932895774910e+02, 0., 0., 1. ]
D2: !!opencv-matrix
   rows: 5
   cols: 1
   dt: d
   data: [ -2.2201337830972428e-02, -1.1445843221826492e-03,
       2.9199201696882579e-04, -7.1705872414221615e-04,
       5.1284674356775366e-04 ]
P2: !!opencv-matrix
   rows: 3
   cols: 4
   dt: f
   data: [ 3.59853790e+02, 0., 3.82405884e+02, -6.80762109e+04, 0.,
       3.59853790e+02, 2.31847977e+02, 0., 0., 0., 1., 0. ]
R2: !!opencv-matrix
   rows: 3
   cols: 3
   dt: f
   data: [ 9.99982059e-01, -4.41152696e-03, -4.05478291e-03,
       4.46329266e-03, 9.99907494e-01, 1.28474301e-02, 3.99773102e-03,
       -1.28652975e-02, 9.99909222e-01 ]
