%YAML:1.0
---
Q: !!opencv-matrix
   rows: 4
   cols: 4
   dt: f
   data: [ 1., 0., 0., -3.68794250e+02, 0., 1., 0., -2.31740646e+02, 0.,
       0., 0., 3.66541443e+02, 0., 0., 5.14445547e-03, 0. ]
R: !!opencv-matrix
   rows: 3
   cols: 3
   dt: d
   data: [ 1.0039307753686693e+00, -2.5419069010666102e-02,
       3.1562226268316534e-02, 2.6234570469660615e-02,
       1.0040664002671136e+00, -2.6113036673315763e-02,
       -3.0876277287495046e-02, 2.6915699317999035e-02,
       1.0039130392561004e+00 ]
T: !!opencv-matrix
   rows: 3
   cols: 1
   dt: d
   data: [ -1.9468599768091778e+02, 8.5890144682968095e-01,
       7.8954869357523128e-01 ]
E: !!opencv-matrix
   rows: 0
   cols: 0
   dt: u
   data: []
F: !!opencv-matrix
   rows: 0
   cols: 0
   dt: u
   data: []
K1: !!opencv-matrix
   rows: 3
   cols: 3
   dt: d
   data: [ 3.6627756984521932e+02, 0., 3.8060969928433269e+02, 0.,
       3.6653175179255015e+02, 2.3878059668569790e+02, 0., 0., 1. ]
D1: !!opencv-matrix
   rows: 5
   cols: 1
   dt: d
   data: [ -2.1859934914563901e-02, -9.9468572971318997e-04,
       1.6448003429794193e-03, -3.1164985765511365e-04,
       3.5195408316194161e-04 ]
P1: !!opencv-matrix
   rows: 3
   cols: 4
   dt: f
   data: [ 3.66541443e+02, 0., 3.68794250e+02, 0., 0., 3.66541443e+02,
       2.31740646e+02, 0., 0., 0., 1., 0. ]
R1: !!opencv-matrix
   rows: 3
   cols: 3
   dt: f
   data: [ 9.99177933e-01, -2.98114270e-02, 2.74730362e-02,
       3.01699024e-02, 9.99463737e-01, -1.27273574e-02, -2.70788819e-02,
       1.35457534e-02, 9.99541521e-01 ]
K2: !!opencv-matrix
   rows: 3
   cols: 3
   dt: d
   data: [ 3.6687495098581172e+02, 0., 3.7621769200552956e+02, 0.,
       3.6726361788508825e+02, 2.2399932895774910e+02, 0., 0., 1. ]
D2: !!opencv-matrix
   rows: 5
   cols: 1
   dt: d
   data: [ -2.2201337830972428e-02, -1.1445843221826492e-03,
       2.9199201696882579e-04, -7.1705872414221615e-04,
       5.1284674356775366e-04 ]
P2: !!opencv-matrix
   rows: 3
   cols: 4
   dt: f
   data: [ 3.66541443e+02, 0., 3.68794250e+02, -7.12498047e+04, 0.,
       3.66541443e+02, 2.31740646e+02, 0., 0., 0., 1., 0. ]
R2: !!opencv-matrix
   rows: 3
   cols: 3
   dt: f
   data: [ 9.99982059e-01, -4.41164756e-03, -4.05542506e-03,
       4.46455227e-03, 9.99903798e-01, 1.31302625e-02, 3.99710936e-03,
       -1.31481327e-02, 9.99905586e-01 ]
