%YAML:1.0
---
Q: !!opencv-matrix
   rows: 4
   cols: 4
   dt: f
   data: [ 1., 0., 0., -4.30071045e+02, 0., 1., 0., -2.33886337e+02, 0.,
       0., 0., 3.65890656e+02, 0., 0., 5.67552308e-03, 0. ]
R: !!opencv-matrix
   rows: 3
   cols: 3
   dt: d
   data: [ 9.9186272084110838e-01, 1.4223974015855194e-02,
       -6.8586698676655908e-03, -8.8517911710222792e-03,
       1.0055290903216672e+00, 9.5233170057583260e-03,
       4.1452107964570425e-03, -9.5388991784657300e-03,
       1.0060869106547956e+00 ]
T: !!opencv-matrix
   rows: 3
   cols: 1
   dt: d
   data: [ -1.6875932069589817e+02, 1.0716520678904025e+01,
       1.0651953008289960e+01 ]
E: !!opencv-matrix
   rows: 0
   cols: 0
   dt: u
   data: []
F: !!opencv-matrix
   rows: 0
   cols: 0
   dt: u
   data: []
K1: !!opencv-matrix
   rows: 3
   cols: 3
   dt: d
   data: [ 3.6627756984521932e+02, 0., 3.8060969928433269e+02, 0.,
       3.6653175179255015e+02, 2.3878059668569790e+02, 0., 0., 1. ]
D1: !!opencv-matrix
   rows: 5
   cols: 1
   dt: d
   data: [ -2.1859934914563901e-02, -9.9468572971318997e-04,
       1.6448003429794193e-03, -3.1164985765511365e-04,
       3.5195408316194161e-04 ]
P1: !!opencv-matrix
   rows: 3
   cols: 4
   dt: f
   data: [ 3.65890656e+02, 0., 4.30071045e+02, 0., 0., 3.65890656e+02,
       2.33886337e+02, 0., 0., 0., 1., 0. ]
R1: !!opencv-matrix
   rows: 3
   cols: 3
   dt: f
   data: [ 9.96368289e-01, -5.06252050e-02, -6.84639513e-02,
       5.09307310e-02, 9.98698473e-01, 2.72334856e-03, 6.82369769e-02,
       -6.20037736e-03, 9.97649848e-01 ]
K2: !!opencv-matrix
   rows: 3
   cols: 3
   dt: d
   data: [ 3.6687495098581172e+02, 0., 3.7621769200552956e+02, 0.,
       3.6726361788508825e+02, 2.2399932895774910e+02, 0., 0., 1. ]
D2: !!opencv-matrix
   rows: 5
   cols: 1
   dt: d
   data: [ -2.2201337830972428e-02, -1.1445843221826492e-03,
       2.9199201696882579e-04, -7.1705872414221615e-04,
       5.1284674356775366e-04 ]
P2: !!opencv-matrix
   rows: 3
   cols: 4
   dt: f
   data: [ 3.65890656e+02, 0., 4.30071045e+02, -6.44681797e+04, 0.,
       3.65890656e+02, 2.33886337e+02, 0., 0., 0., 1., 0. ]
R2: !!opencv-matrix
   rows: 3
   cols: 3
   dt: f
   data: [ 9.96015668e-01, -6.32487908e-02, -6.28676713e-02,
       6.29671142e-02, 9.97994721e-01, -6.45362353e-03, 6.31497875e-02,
       2.46931426e-03, 9.98000979e-01 ]
