%YAML:1.0
---
Q: !!opencv-matrix
   rows: 4
   cols: 4
   dt: f
   data: [ 1., 0., 0., -4.09790039e+02, 0., 1., 0., -2.33583984e+02, 0.,
       0., 0., 3.69668549e+02, 0., 0., -1.62356323e+03, 0. ]
R: !!opencv-matrix
   rows: 3
   cols: 3
   dt: d
   data: [ 1.1208866458772744e+00, -4.6829430003048386e-02,
       4.1044796430916110e-02, 5.2341952463227467e-02,
       1.1387066406207784e+00, -4.8780289106334945e-02,
       -5.2191245013075413e-02, 5.1966862728287024e-02,
       1.1395430331451391e+00 ]
T: !!opencv-matrix
   rows: 3
   cols: 1
   dt: d
   data: [ 5.3931387228754962e-04, -3.4247979599339911e-05,
       -3.4039727334327881e-05 ]
E: !!opencv-matrix
   rows: 0
   cols: 0
   dt: u
   data: []
F: !!opencv-matrix
   rows: 0
   cols: 0
   dt: u
   data: []
K1: !!opencv-matrix
   rows: 3
   cols: 3
   dt: d
   data: [ 3.6627756984521932e+02, 0., 3.8060969928433269e+02, 0.,
       3.6653175179255015e+02, 2.3878059668569790e+02, 0., 0., 1. ]
D1: !!opencv-matrix
   rows: 5
   cols: 1
   dt: d
   data: [ -2.1859934914563901e-02, -9.9468572971318997e-04,
       1.6448003429794193e-03, -3.1164985765511365e-04,
       3.5195408316194161e-04 ]
P1: !!opencv-matrix
   rows: 3
   cols: 4
   dt: f
   data: [ 3.69668549e+02, 0., 4.09790039e+02, 0., 0., 3.69668549e+02,
       2.33583984e+02, 0., 0., 0., 1., 0. ]
R1: !!opencv-matrix
   rows: 3
   cols: 3
   dt: f
   data: [ 9.94074881e-01, -1.07375316e-01, -1.69009008e-02,
       1.07001759e-01, 9.94023204e-01, -2.16438416e-02, 1.91239025e-02,
       1.97071731e-02, 9.99622881e-01 ]
K2: !!opencv-matrix
   rows: 3
   cols: 3
   dt: d
   data: [ 3.6687495098581172e+02, 0., 3.7621769200552956e+02, 0.,
       3.6726361788508825e+02, 2.2399932895774910e+02, 0., 0., 1. ]
D2: !!opencv-matrix
   rows: 5
   cols: 1
   dt: d
   data: [ -2.2201337830972428e-02, -1.1445843221826492e-03,
       2.9199201696882579e-04, -7.1705872414221615e-04,
       5.1284674356775366e-04 ]
P2: !!opencv-matrix
   rows: 3
   cols: 4
   dt: f
   data: [ 3.69668549e+02, 0., 4.09790039e+02, 2.27689654e-01, 0.,
       3.69668549e+02, 2.33583984e+02, 0., 0., 0., 1., 0. ]
R2: !!opencv-matrix
   rows: 3
   cols: 3
   dt: f
   data: [ 9.96015787e-01, -6.32498562e-02, -6.28652647e-02,
       6.45392686e-02, 9.97740030e-01, 1.86941698e-02, 6.15407862e-02,
       -2.26769671e-02, 9.97846901e-01 ]
