%YAML:1.0
---
Q: !!opencv-matrix
   rows: 4
   cols: 4
   dt: f
   data: [ 1., 0., 0., -3.82542023e+02, 0., 1., 0., -2.31851196e+02, 0.,
       0., 0., 3.58741882e+02, 0., 0., 5.55705279e-03, 0. ]
R: !!opencv-matrix
   rows: 3
   cols: 3
   dt: d
   data: [ 9.9994755295859172e-01, 9.7394624280550159e-03,
       -3.1532052423739907e-03, -9.6827556172009444e-03,
       9.9991309603763168e-01, 9.2347381958800996e-03,
       3.2434543014125258e-03, -9.2037628860666028e-03,
       9.9995508520913390e-01 ]
T: !!opencv-matrix
   rows: 3
   cols: 1
   dt: d
   data: [ -1.7996001445059210e+02, 8.4045322314880888e-01,
       7.7247018737086459e-01 ]
E: !!opencv-matrix
   rows: 0
   cols: 0
   dt: u
   data: []
F: !!opencv-matrix
   rows: 0
   cols: 0
   dt: u
   data: []
K1: !!opencv-matrix
   rows: 3
   cols: 3
   dt: d
   data: [ 3.6627756984521932e+02, 0., 3.8060969928433269e+02, 0.,
       3.6653175179255015e+02, 2.3878059668569790e+02, 0., 0., 1. ]
D1: !!opencv-matrix
   rows: 5
   cols: 1
   dt: d
   data: [ -2.1859934914563901e-02, -9.9468572971318997e-04,
       1.6448003429794193e-03, -3.1164985765511365e-04,
       3.5195408316194161e-04 ]
P1: !!opencv-matrix
   rows: 3
   cols: 4
   dt: f
   data: [ 3.58741882e+02, 0., 3.82542023e+02, 0., 0., 3.58741882e+02,
       2.31851196e+02, 0., 0., 0., 1., 0. ]
R1: !!opencv-matrix
   rows: 3
   cols: 3
   dt: f
   data: [ 9.99958932e-01, 5.09697245e-03, -7.49045424e-03,
       -5.06249536e-03, 9.99976516e-01, 4.61457577e-03, 7.51379877e-03,
       -4.57646558e-03, 9.99961317e-01 ]
K2: !!opencv-matrix
   rows: 3
   cols: 3
   dt: d
   data: [ 3.6687495098581172e+02, 0., 3.7621769200552956e+02, 0.,
       3.6726361788508825e+02, 2.2399932895774910e+02, 0., 0., 1. ]
D2: !!opencv-matrix
   rows: 5
   cols: 1
   dt: d
   data: [ -2.2201337830972428e-02, -1.1445843221826492e-03,
       2.9199201696882579e-04, -7.1705872414221615e-04,
       5.1284674356775366e-04 ]
P2: !!opencv-matrix
   rows: 3
   cols: 4
   dt: f
   data: [ 3.58741882e+02, 0., 3.82542023e+02, -6.45561406e+04, 0.,
       3.58741882e+02, 2.31851196e+02, 0., 0., 0., 1., 0. ]
R2: !!opencv-matrix
   rows: 3
   cols: 3
   dt: f
   data: [ 9.99979854e-01, -4.67012823e-03, -4.29236889e-03,
       4.65035252e-03, 9.99978602e-01, -4.60557174e-03, 4.31378558e-03,
       4.58551804e-03, 9.99980211e-01 ]
