%YAML:1.0
---
Q: !!opencv-matrix
   rows: 4
   cols: 4
   dt: f
   data: [ 1., 0., 0., -3.82542236e+02, 0., 1., 0., -2.31851181e+02, 0.,
       0., 0., 3.58741028e+02, 0., 0., 5.55705745e-03, 0. ]
R: !!opencv-matrix
   rows: 3
   cols: 3
   dt: d
   data: [ 9.9991999044674695e-01, 9.7458560353787752e-03,
       -3.1579642362328420e-03, -9.6826943439611794e-03,
       9.9992651976983005e-01, 9.2348844737717099e-03,
       3.2436738742229933e-03, -9.2039137605378889e-03,
       9.9996855898638803e-01 ]
T: !!opencv-matrix
   rows: 3
   cols: 1
   dt: d
   data: [ -1.7994275049329104e+02, 8.4037256638016389e-01,
       7.7239623838813576e-01 ]
E: !!opencv-matrix
   rows: 0
   cols: 0
   dt: u
   data: []
F: !!opencv-matrix
   rows: 0
   cols: 0
   dt: u
   data: []
K1: !!opencv-matrix
   rows: 3
   cols: 3
   dt: d
   data: [ 3.6627756984521932e+02, 0., 3.8060969928433269e+02, 0.,
       3.6653175179255015e+02, 2.3878059668569790e+02, 0., 0., 1. ]
D1: !!opencv-matrix
   rows: 5
   cols: 1
   dt: d
   data: [ -2.1859934914563901e-02, -9.9468572971318997e-04,
       1.6448003429794193e-03, -3.1164985765511365e-04,
       3.5195408316194161e-04 ]
P1: !!opencv-matrix
   rows: 3
   cols: 4
   dt: f
   data: [ 3.58741028e+02, 0., 3.82542236e+02, 0., 0., 3.58741028e+02,
       2.31851181e+02, 0., 0., 0., 1., 0. ]
R1: !!opencv-matrix
   rows: 3
   cols: 3
   dt: f
   data: [ 9.99958932e-01, 5.10051660e-03, -7.49100652e-03,
       -5.06603671e-03, 9.99976516e-01, 4.61459626e-03, 7.51436735e-03,
       -4.57645720e-03, 9.99961317e-01 ]
K2: !!opencv-matrix
   rows: 3
   cols: 3
   dt: d
   data: [ 3.6687495098581172e+02, 0., 3.7621769200552956e+02, 0.,
       3.6726361788508825e+02, 2.2399932895774910e+02, 0., 0., 1. ]
D2: !!opencv-matrix
   rows: 5
   cols: 1
   dt: d
   data: [ -2.2201337830972428e-02, -1.1445843221826492e-03,
       2.9199201696882579e-04, -7.1705872414221615e-04,
       5.1284674356775366e-04 ]
P2: !!opencv-matrix
   rows: 3
   cols: 4
   dt: f
   data: [ 3.58741028e+02, 0., 3.82542236e+02, -6.45559297e+04, 0.,
       3.58741028e+02, 2.31851181e+02, 0., 0., 0., 1., 0. ]
R2: !!opencv-matrix
   rows: 3
   cols: 3
   dt: f
   data: [ 9.99979854e-01, -4.67012776e-03, -4.29236889e-03,
       4.65035252e-03, 9.99978602e-01, -4.60557733e-03, 4.31378558e-03,
       4.58552362e-03, 9.99980211e-01 ]
