%YAML:1.0
---
Q: !!opencv-matrix
   rows: 4
   cols: 4
   dt: f
   data: [ 1., 0., 0., -4.11795959e+02, 0., 1., 0., -2.33773392e+02, 0.,
       0., 0., 3.68248413e+02, 0., 0., -3.16800684e+03, 0. ]
R: !!opencv-matrix
   rows: 3
   cols: 3
   dt: d
   data: [ 1.1408839394139643e+00, -6.1184914290583842e-02,
       2.4512064619068071e-02, 5.2670902871428581e-02,
       1.1543189491457864e+00, -4.8328077519327779e-02,
       -5.3213244379128097e-02, 5.3507333382625748e-02,
       1.1553700721128510e+00 ]
T: !!opencv-matrix
   rows: 3
   cols: 1
   dt: d
   data: [ 1.7010796272677952e-04, -1.0802343545923616e-05,
       -1.0736640158381530e-05 ]
E: !!opencv-matrix
   rows: 0
   cols: 0
   dt: u
   data: []
F: !!opencv-matrix
   rows: 0
   cols: 0
   dt: u
   data: []
K1: !!opencv-matrix
   rows: 3
   cols: 3
   dt: d
   data: [ 3.6627756984521932e+02, 0., 3.8060969928433269e+02, 0.,
       3.6653175179255015e+02, 2.3878059668569790e+02, 0., 0., 1. ]
D1: !!opencv-matrix
   rows: 5
   cols: 1
   dt: d
   data: [ -2.1859934914563901e-02, -9.9468572971318997e-04,
       1.6448003429794193e-03, -3.1164985765511365e-04,
       3.5195408316194161e-04 ]
P1: !!opencv-matrix
   rows: 3
   cols: 4
   dt: f
   data: [ 3.68248413e+02, 0., 4.11795959e+02, 0., 0., 3.68248413e+02,
       2.33773392e+02, 0., 0., 0., 1., 0. ]
R1: !!opencv-matrix
   rows: 3
   cols: 3
   dt: f
   data: [ 9.93416846e-01, -1.12422191e-01, -2.20050588e-02,
       1.11944690e-01, 9.93474185e-01, -2.18499098e-02, 2.43178718e-02,
       1.92427188e-02, 9.99519050e-01 ]
K2: !!opencv-matrix
   rows: 3
   cols: 3
   dt: d
   data: [ 3.6687495098581172e+02, 0., 3.7621769200552956e+02, 0.,
       3.6726361788508825e+02, 2.2399932895774910e+02, 0., 0., 1. ]
D2: !!opencv-matrix
   rows: 5
   cols: 1
   dt: d
   data: [ -2.2201337830972428e-02, -1.1445843221826492e-03,
       2.9199201696882579e-04, -7.1705872414221615e-04,
       5.1284674356775366e-04 ]
P2: !!opencv-matrix
   rows: 3
   cols: 4
   dt: f
   data: [ 3.68248413e+02, 0., 4.11795959e+02, 1.16239779e-01, 0.,
       3.68248413e+02, 2.33773392e+02, 0., 0., 0., 1., 0. ]
R2: !!opencv-matrix
   rows: 3
   cols: 3
   dt: f
   data: [ 9.96015787e-01, -6.32498562e-02, -6.28651604e-02,
       6.45315051e-02, 9.97742891e-01, 1.85683034e-02, 6.15488254e-02,
       -2.25511063e-02, 9.97849286e-01 ]
