%YAML:1.0
---
Q: !!opencv-matrix
   rows: 4
   cols: 4
   dt: f
   data: [ 1., 0., 0., -3.82541382e+02, 0., 1., 0., -2.31851212e+02, 0.,
       0., 0., 3.58742004e+02, 0., 0., 5.55667793e-03, 0. ]
R: !!opencv-matrix
   rows: 3
   cols: 3
   dt: d
   data: [ 9.9996071815217979e-01, 9.7366229859466111e-03,
       -3.1493922193753013e-03, -9.6827776250879051e-03,
       9.9990523490742778e-01, 9.2346477820046506e-03,
       3.2433385134199386e-03, -9.2036784521774620e-03,
       9.9994719462602277e-01 ]
T: !!opencv-matrix
   rows: 3
   cols: 1
   dt: d
   data: [ -1.7997769875403324e+02, 8.4053582374425895e-01,
       7.7254586765297129e-01 ]
E: !!opencv-matrix
   rows: 0
   cols: 0
   dt: u
   data: []
F: !!opencv-matrix
   rows: 0
   cols: 0
   dt: u
   data: []
K1: !!opencv-matrix
   rows: 3
   cols: 3
   dt: d
   data: [ 3.6627756984521932e+02, 0., 3.8060969928433269e+02, 0.,
       3.6653175179255015e+02, 2.3878059668569790e+02, 0., 0., 1. ]
D1: !!opencv-matrix
   rows: 5
   cols: 1
   dt: d
   data: [ -2.1859934914563901e-02, -9.9468572971318997e-04,
       1.6448003429794193e-03, -3.1164985765511365e-04,
       3.5195408316194161e-04 ]
P1: !!opencv-matrix
   rows: 3
   cols: 4
   dt: f
   data: [ 3.58742004e+02, 0., 3.82541382e+02, 0., 0., 3.58742004e+02,
       2.31851212e+02, 0., 0., 0., 1., 0. ]
R1: !!opencv-matrix
   rows: 3
   cols: 3
   dt: f
   data: [ 9.99958992e-01, 5.09544276e-03, -7.48884957e-03,
       -5.06097311e-03, 9.99976575e-01, 4.61456506e-03, 7.51218712e-03,
       -4.57647489e-03, 9.99961317e-01 ]
K2: !!opencv-matrix
   rows: 3
   cols: 3
   dt: d
   data: [ 3.6687495098581172e+02, 0., 3.7621769200552956e+02, 0.,
       3.6726361788508825e+02, 2.2399932895774910e+02, 0., 0., 1. ]
D2: !!opencv-matrix
   rows: 5
   cols: 1
   dt: d
   data: [ -2.2201337830972428e-02, -1.1445843221826492e-03,
       2.9199201696882579e-04, -7.1705872414221615e-04,
       5.1284674356775366e-04 ]
P2: !!opencv-matrix
   rows: 3
   cols: 4
   dt: f
   data: [ 3.58742004e+02, 0., 3.82541382e+02, -6.45605195e+04, 0.,
       3.58742004e+02, 2.31851212e+02, 0., 0., 0., 1., 0. ]
R2: !!opencv-matrix
   rows: 3
   cols: 3
   dt: f
   data: [ 9.99979854e-01, -4.67012823e-03, -4.29236842e-03,
       4.65035299e-03, 9.99978602e-01, -4.60557081e-03, 4.31378512e-03,
       4.58551710e-03, 9.99980211e-01 ]
