%YAML:1.0
---
Q: !!opencv-matrix
   rows: 4
   cols: 4
   dt: f
   data: [ 1., 0., 0., -3.83187439e+02, 0., 1., 0., -2.32193085e+02, 0.,
       0., 0., 3.61816650e+02, 0., 0., 5.57139562e-03, 0. ]
R: !!opencv-matrix
   rows: 3
   cols: 3
   dt: d
   data: [ 9.9978548979452198e-01, 9.7044063264928836e-03,
       -3.1933404068387756e-03, -9.6609126270671229e-03,
       1.0001262872655623e+00, 9.2391871527186305e-03,
       3.2455375977140416e-03, -9.2054885625568253e-03,
       1.0001675943288155e+00 ]
T: !!opencv-matrix
   rows: 3
   cols: 1
   dt: d
   data: [ -1.7893707111840442e+02, 1.1362803405858397e+01,
       7.6855588686898957e-01 ]
E: !!opencv-matrix
   rows: 0
   cols: 0
   dt: u
   data: []
F: !!opencv-matrix
   rows: 0
   cols: 0
   dt: u
   data: []
K1: !!opencv-matrix
   rows: 3
   cols: 3
   dt: d
   data: [ 3.6627756984521932e+02, 0., 3.8060969928433269e+02, 0.,
       3.6653175179255015e+02, 2.3878059668569790e+02, 0., 0., 1. ]
D1: !!opencv-matrix
   rows: 5
   cols: 1
   dt: d
   data: [ -2.1859934914563901e-02, -9.9468572971318997e-04,
       1.6448003429794193e-03, -3.1164985765511365e-04,
       3.5195408316194161e-04 ]
P1: !!opencv-matrix
   rows: 3
   cols: 4
   dt: f
   data: [ 3.61816650e+02, 0., 3.83187439e+02, 0., 0., 3.61816650e+02,
       2.32193085e+02, 0., 0., 0., 1., 0. ]
R1: !!opencv-matrix
   rows: 3
   cols: 3
   dt: f
   data: [ 9.98527467e-01, -5.36530949e-02, -8.01731460e-03,
       5.36889993e-02, 9.98548329e-01, 4.33218339e-03, 7.77324103e-03,
       -4.75624576e-03, 9.99958456e-01 ]
K2: !!opencv-matrix
   rows: 3
   cols: 3
   dt: d
   data: [ 3.6687495098581172e+02, 0., 3.7621769200552956e+02, 0.,
       3.6726361788508825e+02, 2.2399932895774910e+02, 0., 0., 1. ]
D2: !!opencv-matrix
   rows: 5
   cols: 1
   dt: d
   data: [ -2.2201337830972428e-02, -1.1445843221826492e-03,
       2.9199201696882579e-04, -7.1705872414221615e-04,
       5.1284674356775366e-04 ]
P2: !!opencv-matrix
   rows: 3
   cols: 4
   dt: f
   data: [ 3.61816650e+02, 0., 3.83187439e+02, -6.49418320e+04, 0.,
       3.61816650e+02, 2.32193085e+02, 0., 0., 0., 1., 0. ]
R2: !!opencv-matrix
   rows: 3
   cols: 3
   dt: f
   data: [ 9.97980654e-01, -6.33734167e-02, -4.28609503e-03,
       6.33532628e-02, 9.97980177e-01, -4.68409155e-03, 4.57428489e-03,
       4.40309476e-03, 9.99979854e-01 ]
