%YAML:1.0
---
Q: !!opencv-matrix
   rows: 4
   cols: 4
   dt: f
   data: [ 1., 0., 0., -4.30908691e+02, 0., 1., 0., -2.33956924e+02, 0.,
       0., 0., 3.65174103e+02, 0., 0., 6.87606586e-03, 0. ]
R: !!opencv-matrix
   rows: 3
   cols: 3
   dt: d
   data: [ 9.9861281656723988e-01, 8.3257711438265245e-03,
       -1.4150224803873212e-02, -9.1142651269310211e-03,
       1.0089930111484964e+00, 1.0014239919227749e-02,
       3.9240519160435748e-03, -9.1931354939497473e-03,
       1.0096341322755664e+00 ]
T: !!opencv-matrix
   rows: 3
   cols: 1
   dt: d
   data: [ -1.2197722879621746e+02, 7.7457737868738530e+00,
       7.6991072158267624e+00 ]
E: !!opencv-matrix
   rows: 0
   cols: 0
   dt: u
   data: []
F: !!opencv-matrix
   rows: 0
   cols: 0
   dt: u
   data: []
K1: !!opencv-matrix
   rows: 3
   cols: 3
   dt: d
   data: [ 3.6627756984521932e+02, 0., 3.8060969928433269e+02, 0.,
       3.6653175179255015e+02, 2.3878059668569790e+02, 0., 0., 1. ]
D1: !!opencv-matrix
   rows: 5
   cols: 1
   dt: d
   data: [ -2.1859934914563901e-02, -9.9468572971318997e-04,
       1.6448003429794193e-03, -3.1164985765511365e-04,
       3.5195408316194161e-04 ]
P1: !!opencv-matrix
   rows: 3
   cols: 4
   dt: f
   data: [ 3.65174103e+02, 0., 4.30908691e+02, 0., 0., 3.65174103e+02,
       2.33956924e+02, 0., 0., 0., 1., 0. ]
R1: !!opencv-matrix
   rows: 3
   cols: 3
   dt: f
   data: [ 9.96116102e-01, -5.26725277e-02, -7.05573335e-02,
       5.29869534e-02, 9.98591840e-01, 2.59081600e-03, 7.03215078e-02,
       -6.31937152e-03, 9.97504354e-01 ]
K2: !!opencv-matrix
   rows: 3
   cols: 3
   dt: d
   data: [ 3.6687495098581172e+02, 0., 3.7621769200552956e+02, 0.,
       3.6726361788508825e+02, 2.2399932895774910e+02, 0., 0., 1. ]
D2: !!opencv-matrix
   rows: 5
   cols: 1
   dt: d
   data: [ -2.2201337830972428e-02, -1.1445843221826492e-03,
       2.9199201696882579e-04, -7.1705872414221615e-04,
       5.1284674356775366e-04 ]
P2: !!opencv-matrix
   rows: 3
   cols: 4
   dt: f
   data: [ 3.65174103e+02, 0., 4.30908691e+02, -5.31079961e+04, 0.,
       3.65174103e+02, 2.33956924e+02, 0., 0., 0., 1., 0. ]
R2: !!opencv-matrix
   rows: 3
   cols: 3
   dt: f
   data: [ 9.96015668e-01, -6.32487908e-02, -6.28677458e-02,
       6.29675239e-02, 9.97994781e-01, -6.44713873e-03, 6.31494522e-02,
       2.46282481e-03, 9.98001039e-01 ]
