%YAML:1.0
---
Q: !!opencv-matrix
   rows: 4
   cols: 4
   dt: f
   data: [ 1., 0., 0., -3.82540619e+02, 0., 1., 0., -2.31851212e+02, 0.,
       0., 0., 3.58742065e+02, 0., 0., 5.55613218e-03, 0. ]
R: !!opencv-matrix
   rows: 3
   cols: 3
   dt: d
   data: [ 9.9971515589643445e-01, 9.7034090660184525e-03,
       -3.1484178957657100e-03, -9.6564810702330396e-03,
       1.0001257178147083e+00, 9.2363301002921765e-03,
       3.2458323028882567e-03, -9.2054707468837253e-03,
       1.0001667834127477e+00 ]
T: !!opencv-matrix
   rows: 3
   cols: 1
   dt: d
   data: [ -1.7912579338364768e+02, 1.1374782550185831e+01,
       7.6930365834817471e-01 ]
E: !!opencv-matrix
   rows: 0
   cols: 0
   dt: u
   data: []
F: !!opencv-matrix
   rows: 0
   cols: 0
   dt: u
   data: []
K1: !!opencv-matrix
   rows: 3
   cols: 3
   dt: d
   data: [ 3.6627756984521932e+02, 0., 3.8060969928433269e+02, 0.,
       3.6653175179255015e+02, 2.3878059668569790e+02, 0., 0., 1. ]
D1: !!opencv-matrix
   rows: 5
   cols: 1
   dt: d
   data: [ -2.1859934914563901e-02, -9.9468572971318997e-04,
       1.6448003429794193e-03, -3.1164985765511365e-04,
       3.5195408316194161e-04 ]
P1: !!opencv-matrix
   rows: 3
   cols: 4
   dt: f
   data: [ 3.58742065e+02, 0., 3.82540619e+02, 0., 0., 3.58742065e+02,
       2.31851212e+02, 0., 0., 0., 1., 0. ]
R1: !!opencv-matrix
   rows: 3
   cols: 3
   dt: f
   data: [ 9.99958992e-01, 5.09400805e-03, -7.48687563e-03,
       -5.05954726e-03, 9.99976575e-01, 4.61455435e-03, 7.51020666e-03,
       -4.57648514e-03, 9.99961317e-01 ]
K2: !!opencv-matrix
   rows: 3
   cols: 3
   dt: d
   data: [ 3.6687495098581172e+02, 0., 3.7621769200552956e+02, 0.,
       3.6726361788508825e+02, 2.2399932895774910e+02, 0., 0., 1. ]
D2: !!opencv-matrix
   rows: 5
   cols: 1
   dt: d
   data: [ -2.2201337830972428e-02, -1.1445843221826492e-03,
       2.9199201696882579e-04, -7.1705872414221615e-04,
       5.1284674356775366e-04 ]
P2: !!opencv-matrix
   rows: 3
   cols: 4
   dt: f
   data: [ 3.58742065e+02, 0., 3.82540619e+02, -6.45668672e+04, 0.,
       3.58742065e+02, 2.31851212e+02, 0., 0., 0., 1., 0. ]
R2: !!opencv-matrix
   rows: 3
   cols: 3
   dt: f
   data: [ 9.99979854e-01, -4.67012823e-03, -4.29236703e-03,
       4.65035299e-03, 9.99978602e-01, -4.60557034e-03, 4.31378372e-03,
       4.58551664e-03, 9.99980211e-01 ]
