%YAML:1.0
---
Q: !!opencv-matrix
   rows: 4
   cols: 4
   dt: f
   data: [ 1., 0., 0., -4.10796478e+02, 0., 1., 0., -2.33268402e+02, 0.,
       0., 0., 3.77903656e+02, 0., 0., 2.12227497e-02, 0. ]
R: !!opencv-matrix
   rows: 3
   cols: 3
   dt: d
   data: [ 1.0324572105177461e+00, 5.7406169870465734e-04,
       2.4660744244519889e-02, -7.1024444958262658e-03,
       1.0433215716843345e+00, -4.3801770960528535e-02,
       -5.0562128811832481e-02, 4.5621552628368693e-02,
       1.0431668445498163e+00 ]
T: !!opencv-matrix
   rows: 3
   cols: 1
   dt: d
   data: [ -2.6037062529066830e+01, 1.6534026959123393e+00,
       1.6434845185761489e+00 ]
E: !!opencv-matrix
   rows: 0
   cols: 0
   dt: u
   data: []
F: !!opencv-matrix
   rows: 0
   cols: 0
   dt: u
   data: []
K1: !!opencv-matrix
   rows: 3
   cols: 3
   dt: d
   data: [ 3.6627756984521932e+02, 0., 3.8060969928433269e+02, 0.,
       3.6653175179255015e+02, 2.3878059668569790e+02, 0., 0., 1. ]
D1: !!opencv-matrix
   rows: 5
   cols: 1
   dt: d
   data: [ -2.1859934914563901e-02, -9.9468572971318997e-04,
       1.6448003429794193e-03, -3.1164985765511365e-04,
       3.5195408316194161e-04 ]
P1: !!opencv-matrix
   rows: 3
   cols: 4
   dt: f
   data: [ 3.77903656e+02, 0., 4.10796478e+02, 0., 0., 3.77903656e+02,
       2.33268402e+02, 0., 0., 0., 1., 0. ]
R1: !!opencv-matrix
   rows: 3
   cols: 3
   dt: f
   data: [ 9.98054445e-01, -5.91637380e-02, -1.96730420e-02,
       5.87392226e-02, 9.98041809e-01, -2.14987863e-02, 2.09064670e-02,
       2.03013793e-02, 9.99575317e-01 ]
K2: !!opencv-matrix
   rows: 3
   cols: 3
   dt: d
   data: [ 3.6687495098581172e+02, 0., 3.7621769200552956e+02, 0.,
       3.6726361788508825e+02, 2.2399932895774910e+02, 0., 0., 1. ]
D2: !!opencv-matrix
   rows: 5
   cols: 1
   dt: d
   data: [ -2.2201337830972428e-02, -1.1445843221826492e-03,
       2.9199201696882579e-04, -7.1705872414221615e-04,
       5.1284674356775366e-04 ]
P2: !!opencv-matrix
   rows: 3
   cols: 4
   dt: f
   data: [ 3.77903656e+02, 0., 4.10796478e+02, -1.78065371e+04, 0.,
       3.77903656e+02, 2.33268402e+02, 0., 0., 0., 1., 0. ]
R2: !!opencv-matrix
   rows: 3
   cols: 3
   dt: f
   data: [ 9.96015549e-01, -6.32488728e-02, -6.28694668e-02,
       6.45509437e-02, 9.97735441e-01, 1.88979227e-02, 6.15318231e-02,
       -2.28809081e-02, 9.97842848e-01 ]
