%YAML:1.0
---
Q: !!opencv-matrix
   rows: 4
   cols: 4
   dt: f
   data: [ 1., 0., 0., -4.26012573e+02, 0., 1., 0., -2.31785995e+02, 0.,
       0., 0., 3.55978973e+02, 0., 0., 5.49778203e-03, 0. ]
R: !!opencv-matrix
   rows: 3
   cols: 3
   dt: d
   data: [ 1.0005914435633132e+00, 9.7274321992797761e-03,
       -3.1947160448643750e-03, -9.6890398644528357e-03,
       1.0005594052038678e+00, 9.2408789254427044e-03,
       3.2457231662544380e-03, -9.2100020925123347e-03,
       1.0006038378215463e+00 ]
T: !!opencv-matrix
   rows: 3
   cols: 1
   dt: d
   data: [ -1.8165164948197861e+02, 8.0125112461045789e-01,
       1.0828537090217077e+01 ]
E: !!opencv-matrix
   rows: 0
   cols: 0
   dt: u
   data: []
F: !!opencv-matrix
   rows: 0
   cols: 0
   dt: u
   data: []
K1: !!opencv-matrix
   rows: 3
   cols: 3
   dt: d
   data: [ 3.6627756984521932e+02, 0., 3.8060969928433269e+02, 0.,
       3.6653175179255015e+02, 2.3878059668569790e+02, 0., 0., 1. ]
D1: !!opencv-matrix
   rows: 5
   cols: 1
   dt: d
   data: [ -2.1859934914563901e-02, -9.9468572971318997e-04,
       1.6448003429794193e-03, -3.1164985765511365e-04,
       3.5195408316194161e-04 ]
P1: !!opencv-matrix
   rows: 3
   cols: 4
   dt: f
   data: [ 3.55978973e+02, 0., 4.26012573e+02, 0., 0., 3.55978973e+02,
       2.31785995e+02, 0., 0., 0., 1., 0. ]
R1: !!opencv-matrix
   rows: 3
   cols: 3
   dt: f
   data: [ 9.98013079e-01, 5.83510753e-03, -6.27366379e-02,
       -5.55512216e-03, 9.99973834e-01, 4.63636918e-03, 6.27620518e-02,
       -4.27864725e-03, 9.98019338e-01 ]
K2: !!opencv-matrix
   rows: 3
   cols: 3
   dt: d
   data: [ 3.6687495098581172e+02, 0., 3.7621769200552956e+02, 0.,
       3.6726361788508825e+02, 2.2399932895774910e+02, 0., 0., 1. ]
D2: !!opencv-matrix
   rows: 5
   cols: 1
   dt: d
   data: [ -2.2201337830972428e-02, -1.1445843221826492e-03,
       2.9199201696882579e-04, -7.1705872414221615e-04,
       5.1284674356775366e-04 ]
P2: !!opencv-matrix
   rows: 3
   cols: 4
   dt: f
   data: [ 3.55978973e+02, 0., 4.26012573e+02, -6.47495664e+04, 0.,
       3.55978973e+02, 2.31785995e+02, 0., 0., 0., 1., 0. ]
R2: !!opencv-matrix
   rows: 3
   cols: 3
   dt: f
   data: [ 9.98218298e-01, -4.40306030e-03, -5.95053136e-02,
       4.13752114e-03, 9.99980927e-01, -4.58492385e-03, 5.95243685e-02,
       4.33055032e-03, 9.98217463e-01 ]
