%YAML:1.0
---
Q: !!opencv-matrix
   rows: 4
   cols: 4
   dt: f
   data: [ 1., 0., 0., -4.26035187e+02, 0., 1., 0., -2.31786163e+02, 0.,
       0., 0., 3.55970520e+02, 0., 0., 5.50284563e-03, 0. ]
R: !!opencv-matrix
   rows: 3
   cols: 3
   dt: d
   data: [ 1.0006008151147410e+00, 9.7089551736663938e-03,
       -3.2465351212311927e-03, -9.6891123447401858e-03,
       1.0005653986017138e+00, 9.2411620987197778e-03,
       3.2455362197398112e-03, -9.2089506679855354e-03,
       1.0006128386979944e+00 ]
T: !!opencv-matrix
   rows: 3
   cols: 1
   dt: d
   data: [ -1.8156745968349040e+02, 8.0087944416082568e-01,
       1.0823513455100700e+01 ]
E: !!opencv-matrix
   rows: 0
   cols: 0
   dt: u
   data: []
F: !!opencv-matrix
   rows: 0
   cols: 0
   dt: u
   data: []
K1: !!opencv-matrix
   rows: 3
   cols: 3
   dt: d
   data: [ 3.6627756984521932e+02, 0., 3.8060969928433269e+02, 0.,
       3.6653175179255015e+02, 2.3878059668569790e+02, 0., 0., 1. ]
D1: !!opencv-matrix
   rows: 5
   cols: 1
   dt: d
   data: [ -2.1859934914563901e-02, -9.9468572971318997e-04,
       1.6448003429794193e-03, -3.1164985765511365e-04,
       3.5195408316194161e-04 ]
P1: !!opencv-matrix
   rows: 3
   cols: 4
   dt: f
   data: [ 3.55970520e+02, 0., 4.26035187e+02, 0., 0., 3.55970520e+02,
       2.31786163e+02, 0., 0., 0., 1., 0. ]
R1: !!opencv-matrix
   rows: 3
   cols: 3
   dt: f
   data: [ 9.98009562e-01, 5.82199078e-03, -6.27933145e-02,
       -5.54177072e-03, 9.99973893e-01, 4.63581970e-03, 6.28186688e-02,
       -4.27860627e-03, 9.98015761e-01 ]
K2: !!opencv-matrix
   rows: 3
   cols: 3
   dt: d
   data: [ 3.6687495098581172e+02, 0., 3.7621769200552956e+02, 0.,
       3.6726361788508825e+02, 2.2399932895774910e+02, 0., 0., 1. ]
D2: !!opencv-matrix
   rows: 5
   cols: 1
   dt: d
   data: [ -2.2201337830972428e-02, -1.1445843221826492e-03,
       2.9199201696882579e-04, -7.1705872414221615e-04,
       5.1284674356775366e-04 ]
P2: !!opencv-matrix
   rows: 3
   cols: 4
   dt: f
   data: [ 3.55970520e+02, 0., 4.26035187e+02, -6.46884414e+04, 0.,
       3.55970520e+02, 2.31786163e+02, 0., 0., 0., 1., 0. ]
R2: !!opencv-matrix
   rows: 3
   cols: 3
   dt: f
   data: [ 9.98218298e-01, -4.40304959e-03, -5.95051683e-02,
       4.13752813e-03, 9.99980927e-01, -4.58463188e-03, 5.95242195e-02,
       4.33025928e-03, 9.98217463e-01 ]
