%YAML:1.0
---
Q: !!opencv-matrix
   rows: 4
   cols: 4
   dt: f
   data: [ 1., 0., 0., -4.04108337e+02, 0., 1., 0., -2.31829132e+02, 0.,
       0., 0., 3.56238586e+02, 0., 0., 5.36431465e-03, 0. ]
R: !!opencv-matrix
   rows: 3
   cols: 3
   dt: d
   data: [ 9.9988444553502265e-01, 9.7214489764801872e-03,
       -3.1815231204009383e-03, -9.6820308213183669e-03,
       9.9982967873995188e-01, 9.2340691241172609e-03,
       3.2424875947623904e-03, -9.2031847597927527e-03,
       9.9987251713550562e-01 ]
T: !!opencv-matrix
   rows: 3
   cols: 1
   dt: d
   data: [ -1.8640094005702559e+02, 8.2228441165524857e-01,
       5.9338623669194268e+00 ]
E: !!opencv-matrix
   rows: 0
   cols: 0
   dt: u
   data: []
F: !!opencv-matrix
   rows: 0
   cols: 0
   dt: u
   data: []
K1: !!opencv-matrix
   rows: 3
   cols: 3
   dt: d
   data: [ 3.6627756984521932e+02, 0., 3.8060969928433269e+02, 0.,
       3.6653175179255015e+02, 2.3878059668569790e+02, 0., 0., 1. ]
D1: !!opencv-matrix
   rows: 5
   cols: 1
   dt: d
   data: [ -2.1859934914563901e-02, -9.9468572971318997e-04,
       1.6448003429794193e-03, -3.1164985765511365e-04,
       3.5195408316194161e-04 ]
P1: !!opencv-matrix
   rows: 3
   cols: 4
   dt: f
   data: [ 3.56238586e+02, 0., 4.04108337e+02, 0., 0., 3.56238586e+02,
       2.31829132e+02, 0., 0., 0., 1., 0. ]
R1: !!opencv-matrix
   rows: 3
   cols: 3
   dt: f
   data: [ 9.99370277e-01, 5.59008587e-03, -3.50397415e-02,
       -5.43132890e-03, 9.99974549e-01, 4.62432252e-03, 3.50647010e-02,
       -4.43109823e-03, 9.99375224e-01 ]
K2: !!opencv-matrix
   rows: 3
   cols: 3
   dt: d
   data: [ 3.6687495098581172e+02, 0., 3.7621769200552956e+02, 0.,
       3.6726361788508825e+02, 2.2399932895774910e+02, 0., 0., 1. ]
D2: !!opencv-matrix
   rows: 5
   cols: 1
   dt: d
   data: [ -2.2201337830972428e-02, -1.1445843221826492e-03,
       2.9199201696882579e-04, -7.1705872414221615e-04,
       5.1284674356775366e-04 ]
P2: !!opencv-matrix
   rows: 3
   cols: 4
   dt: f
   data: [ 3.56238586e+02, 0., 4.04108337e+02, -6.64089688e+04, 0.,
       3.56238586e+02, 2.31829132e+02, 0., 0., 0., 1., 0. ]
R2: !!opencv-matrix
   rows: 3
   cols: 3
   dt: f
   data: [ 9.99483943e-01, -4.40909714e-03, -3.18174213e-02,
       4.26495075e-03, 9.99980330e-01, -4.59687505e-03, 3.18370648e-02,
       4.45880322e-03, 9.99483109e-01 ]
