%YAML:1.0
---
Q: !!opencv-matrix
   rows: 4
   cols: 4
   dt: f
   data: [ 1., 0., 0., -4.48184479e+02, 0., 1., 0., -2.31720093e+02, 0.,
       0., 0., 3.55455658e+02, 0., 0., 5.61371585e-03, 0. ]
R: !!opencv-matrix
   rows: 3
   cols: 3
   dt: d
   data: [ 1.0012428266720255e+00, 9.7348853923572651e-03,
       -3.2008485288215717e-03, -9.6954719805133430e-03,
       1.0012340692314925e+00, 9.2471036902032396e-03,
       3.2500787978492758e-03, -9.2165357738400299e-03,
       1.0012802348701693e+00 ]
T: !!opencv-matrix
   rows: 3
   cols: 1
   dt: d
   data: [ -1.7757045571287847e+02, 7.8332922259936866e-01,
       1.5517470597506682e+01 ]
E: !!opencv-matrix
   rows: 0
   cols: 0
   dt: u
   data: []
F: !!opencv-matrix
   rows: 0
   cols: 0
   dt: u
   data: []
K1: !!opencv-matrix
   rows: 3
   cols: 3
   dt: d
   data: [ 3.6627756984521932e+02, 0., 3.8060969928433269e+02, 0.,
       3.6653175179255015e+02, 2.3878059668569790e+02, 0., 0., 1. ]
D1: !!opencv-matrix
   rows: 5
   cols: 1
   dt: d
   data: [ -2.1859934914563901e-02, -9.9468572971318997e-04,
       1.6448003429794193e-03, -3.1164985765511365e-04,
       3.5195408316194161e-04 ]
P1: !!opencv-matrix
   rows: 3
   cols: 4
   dt: f
   data: [ 3.55455658e+02, 0., 4.48184479e+02, 0., 0., 3.55455658e+02,
       2.31720093e+02, 0., 0., 0., 1., 0. ]
R1: !!opencv-matrix
   rows: 3
   cols: 3
   dt: f
   data: [ 9.95897770e-01, 6.07798900e-03, -9.02812183e-02,
       -5.68114594e-03, 9.99973059e-01, 4.65196278e-03, 9.03070644e-02,
       -4.11997875e-03, 9.95905459e-01 ]
K2: !!opencv-matrix
   rows: 3
   cols: 3
   dt: d
   data: [ 3.6687495098581172e+02, 0., 3.7621769200552956e+02, 0.,
       3.6726361788508825e+02, 2.2399932895774910e+02, 0., 0., 1. ]
D2: !!opencv-matrix
   rows: 5
   cols: 1
   dt: d
   data: [ -2.2201337830972428e-02, -1.1445843221826492e-03,
       2.9199201696882579e-04, -7.1705872414221615e-04,
       5.1284674356775366e-04 ]
P2: !!opencv-matrix
   rows: 3
   cols: 4
   dt: f
   data: [ 3.55455658e+02, 0., 4.48184479e+02, -6.33191406e+04, 0.,
       3.55455658e+02, 2.31720093e+02, 0., 0., 0., 1., 0. ]
R2: !!opencv-matrix
   rows: 3
   cols: 3
   dt: f
   data: [ 9.96193826e-01, -4.39457921e-03, -8.70550424e-02,
       4.01195930e-03, 9.99981523e-01, -4.56962315e-03, 8.70735124e-02,
       4.20296891e-03, 9.96193051e-01 ]
