%YAML:1.0
---
Q: !!opencv-matrix
   rows: 4
   cols: 4
   dt: f
   data: [ 1., 0., 0., -4.26255066e+02, 0., 1., 0., -2.31770813e+02, 0.,
       0., 0., 3.56389313e+02, 0., 0., 5.40265813e-03, 0. ]
R: !!opencv-matrix
   rows: 3
   cols: 3
   dt: d
   data: [ 9.9360852837264435e-01, 1.0911263739810797e-02,
       -3.9934463267240830e-03, -9.6675556355076617e-03,
       1.0023212975081155e+00, 9.2606969866513046e-03,
       3.7730567435812759e-03, -9.2958142265826341e-03,
       1.0024182311344454e+00 ]
T: !!opencv-matrix
   rows: 3
   cols: 1
   dt: d
   data: [ -1.8360381044291140e+02, 8.0986212044547112e-01,
       1.0944911952117934e+01 ]
E: !!opencv-matrix
   rows: 0
   cols: 0
   dt: u
   data: []
F: !!opencv-matrix
   rows: 0
   cols: 0
   dt: u
   data: []
K1: !!opencv-matrix
   rows: 3
   cols: 3
   dt: d
   data: [ 3.6627756984521932e+02, 0., 3.8060969928433269e+02, 0.,
       3.6653175179255015e+02, 2.3878059668569790e+02, 0., 0., 1. ]
D1: !!opencv-matrix
   rows: 5
   cols: 1
   dt: d
   data: [ -2.1859934914563901e-02, -9.9468572971318997e-04,
       1.6448003429794193e-03, -3.1164985765511365e-04,
       3.5195408316194161e-04 ]
P1: !!opencv-matrix
   rows: 3
   cols: 4
   dt: f
   data: [ 3.56389313e+02, 0., 4.26255066e+02, 0., 0., 3.56389313e+02,
       2.31770813e+02, 0., 0., 0., 1., 0. ]
R1: !!opencv-matrix
   rows: 3
   cols: 3
   dt: f
   data: [ 9.97970223e-01, 6.58367481e-03, -6.33409247e-02,
       -6.30029617e-03, 9.99969244e-01, 4.67256224e-03, 6.33697361e-02,
       -4.26401151e-03, 9.97981012e-01 ]
K2: !!opencv-matrix
   rows: 3
   cols: 3
   dt: d
   data: [ 3.6687495098581172e+02, 0., 3.7621769200552956e+02, 0.,
       3.6726361788508825e+02, 2.2399932895774910e+02, 0., 0., 1. ]
D2: !!opencv-matrix
   rows: 5
   cols: 1
   dt: d
   data: [ -2.2201337830972428e-02, -1.1445843221826492e-03,
       2.9199201696882579e-04, -7.1705872414221615e-04,
       5.1284674356775366e-04 ]
P2: !!opencv-matrix
   rows: 3
   cols: 4
   dt: f
   data: [ 3.56389313e+02, 0., 4.26255066e+02, -6.59655547e+04, 0.,
       3.56389313e+02, 2.31770813e+02, 0., 0., 0., 1., 0. ]
R2: !!opencv-matrix
   rows: 3
   cols: 3
   dt: f
   data: [ 9.98218298e-01, -4.40306310e-03, -5.95053621e-02,
       4.13687853e-03, 9.99980867e-01, -4.59574163e-03, 5.95244616e-02,
       4.34138672e-03, 9.98217404e-01 ]
