%YAML:1.0
---
Q: !!opencv-matrix
   rows: 4
   cols: 4
   dt: f
   data: [ 1., 0., 0., -4.04095001e+02, 0., 1., 0., -2.31829041e+02, 0.,
       0., 0., 3.56246063e+02, 0., 0., 5.36213117e-03, 0. ]
R: !!opencv-matrix
   rows: 3
   cols: 3
   dt: d
   data: [ 9.9208518076992946e-01, 1.1158419957420973e-02,
       -3.7951412420905582e-03, -9.6625802285059750e-03,
       1.0026509813169759e+00, 9.2628724198820806e-03,
       3.8846564844227638e-03, -9.3134005700341201e-03,
       1.0027371213291876e+00 ]
T: !!opencv-matrix
   rows: 3
   cols: 1
   dt: d
   data: [ -1.8476429153263672e+02, 8.1498092320084325e-01,
       1.1014090431037889e+01 ]
E: !!opencv-matrix
   rows: 0
   cols: 0
   dt: u
   data: []
F: !!opencv-matrix
   rows: 0
   cols: 0
   dt: u
   data: []
K1: !!opencv-matrix
   rows: 3
   cols: 3
   dt: d
   data: [ 3.6627756984521932e+02, 0., 3.8060969928433269e+02, 0.,
       3.6653175179255015e+02, 2.3878059668569790e+02, 0., 0., 1. ]
D1: !!opencv-matrix
   rows: 5
   cols: 1
   dt: d
   data: [ -2.1859934914563901e-02, -9.9468572971318997e-04,
       1.6448003429794193e-03, -3.1164985765511365e-04,
       3.5195408316194161e-04 ]
P1: !!opencv-matrix
   rows: 3
   cols: 4
   dt: f
   data: [ 3.56246063e+02, 0., 4.04095001e+02, 0., 0., 3.56246063e+02,
       2.31829041e+02, 0., 0., 0., 1., 0. ]
R1: !!opencv-matrix
   rows: 3
   cols: 3
   dt: f
   data: [ 9.99371409e-01, 5.60276210e-03, -3.50057669e-02,
       -5.44415321e-03, 9.99974489e-01, 4.62461263e-03, 3.50307859e-02,
       -4.43112897e-03, 9.99376416e-01 ]
K2: !!opencv-matrix
   rows: 3
   cols: 3
   dt: d
   data: [ 3.6687495098581172e+02, 0., 3.7621769200552956e+02, 0.,
       3.6726361788508825e+02, 2.2399932895774910e+02, 0., 0., 1. ]
D2: !!opencv-matrix
   rows: 5
   cols: 1
   dt: d
   data: [ -2.2201337830972428e-02, -1.1445843221826492e-03,
       2.9199201696882579e-04, -7.1705872414221615e-04,
       5.1284674356775366e-04 ]
P2: !!opencv-matrix
   rows: 3
   cols: 4
   dt: f
   data: [ 3.56246063e+02, 0., 4.04095001e+02, -6.64373984e+04, 0.,
       3.56246063e+02, 2.31829041e+02, 0., 0., 0., 1., 0. ]
R2: !!opencv-matrix
   rows: 3
   cols: 3
   dt: f
   data: [ 9.99483943e-01, -4.40909946e-03, -3.18174548e-02,
       4.26494749e-03, 9.99980330e-01, -4.59703431e-03, 3.18370983e-02,
       4.45896247e-03, 9.99483109e-01 ]
