%YAML:1.0
---
Q: !!opencv-matrix
   rows: 4
   cols: 4
   dt: f
   data: [ 1., 0., 0., -4.48174164e+02, 0., 1., 0., -2.31719894e+02, 0.,
       0., 0., 3.55461609e+02, 0., 0., 5.61013259e-03, 0. ]
R: !!opencv-matrix
   rows: 3
   cols: 3
   dt: d
   data: [ 1.0012315389220026e+00, 9.7430866676586521e-03,
       -3.1783683878707386e-03, -9.6953839434226648e-03,
       1.0012267766573206e+00, 9.2469375713751419e-03,
       3.2504074998715672e-03, -9.2171922634399616e-03,
       1.0012710155240960e+00 ]
T: !!opencv-matrix
   rows: 3
   cols: 1
   dt: d
   data: [ -1.7765127259899555e+02, 7.8368587166969061e-01,
       1.5524535095360829e+01 ]
E: !!opencv-matrix
   rows: 0
   cols: 0
   dt: u
   data: []
F: !!opencv-matrix
   rows: 0
   cols: 0
   dt: u
   data: []
K1: !!opencv-matrix
   rows: 3
   cols: 3
   dt: d
   data: [ 3.6627756984521932e+02, 0., 3.8060969928433269e+02, 0.,
       3.6653175179255015e+02, 2.3878059668569790e+02, 0., 0., 1. ]
D1: !!opencv-matrix
   rows: 5
   cols: 1
   dt: d
   data: [ -2.1859934914563901e-02, -9.9468572971318997e-04,
       1.6448003429794193e-03, -3.1164985765511365e-04,
       3.5195408316194161e-04 ]
P1: !!opencv-matrix
   rows: 3
   cols: 4
   dt: f
   data: [ 3.55461609e+02, 0., 4.48174164e+02, 0., 0., 3.55461609e+02,
       2.31719894e+02, 0., 0., 0., 1., 0. ]
R1: !!opencv-matrix
   rows: 3
   cols: 3
   dt: f
   data: [ 9.95899975e-01, 6.08730176e-03, -9.02559385e-02,
       -5.69054671e-03, 9.99972999e-01, 4.65256395e-03, 9.02818218e-02,
       -4.11988283e-03, 9.95907724e-01 ]
K2: !!opencv-matrix
   rows: 3
   cols: 3
   dt: d
   data: [ 3.6687495098581172e+02, 0., 3.7621769200552956e+02, 0.,
       3.6726361788508825e+02, 2.2399932895774910e+02, 0., 0., 1. ]
D2: !!opencv-matrix
   rows: 5
   cols: 1
   dt: d
   data: [ -2.2201337830972428e-02, -1.1445843221826492e-03,
       2.9199201696882579e-04, -7.1705872414221615e-04,
       5.1284674356775366e-04 ]
P2: !!opencv-matrix
   rows: 3
   cols: 4
   dt: f
   data: [ 3.55461609e+02, 0., 4.48174164e+02, -6.33606445e+04, 0.,
       3.55461609e+02, 2.31719894e+02, 0., 0., 0., 1., 0. ]
R2: !!opencv-matrix
   rows: 3
   cols: 3
   dt: f
   data: [ 9.96193826e-01, -4.39458061e-03, -8.70550647e-02,
       4.01193928e-03, 9.99981523e-01, -4.56987275e-03, 8.70735422e-02,
       4.20321943e-03, 9.96192992e-01 ]
