%YAML:1.0
---
Q: !!opencv-matrix
   rows: 4
   cols: 4
   dt: f
   data: [ 1., 0., 0., -4.04272400e+02, 0., 1., 0., -2.31830322e+02, 0.,
       0., 0., 3.56148102e+02, 0., 0., 5.35400445e-03, 0. ]
R: !!opencv-matrix
   rows: 3
   cols: 3
   dt: d
   data: [ 9.9982600607704641e-01, 9.5318495205116566e-03,
       -3.6756915577829865e-03, -9.6814068564212794e-03,
       9.9976104956217982e-01, 9.2356084944215221e-03,
       3.2419110917625031e-03, -9.1965320309510875e-03,
       9.9981878934827950e-01 ]
T: !!opencv-matrix
   rows: 3
   cols: 1
   dt: d
   data: [ -1.8673827716491513e+02, 8.2377264780836290e-01,
       5.9446039925930609e+00 ]
E: !!opencv-matrix
   rows: 0
   cols: 0
   dt: u
   data: []
F: !!opencv-matrix
   rows: 0
   cols: 0
   dt: u
   data: []
K1: !!opencv-matrix
   rows: 3
   cols: 3
   dt: d
   data: [ 3.6627756984521932e+02, 0., 3.8060969928433269e+02, 0.,
       3.6653175179255015e+02, 2.3878059668569790e+02, 0., 0., 1. ]
D1: !!opencv-matrix
   rows: 5
   cols: 1
   dt: d
   data: [ -2.1859934914563901e-02, -9.9468572971318997e-04,
       1.6448003429794193e-03, -3.1164985765511365e-04,
       3.5195408316194161e-04 ]
P1: !!opencv-matrix
   rows: 3
   cols: 4
   dt: f
   data: [ 3.56148102e+02, 0., 4.04272400e+02, 0., 0., 3.56148102e+02,
       2.31830322e+02, 0., 0., 0., 1., 0. ]
R1: !!opencv-matrix
   rows: 3
   cols: 3
   dt: f
   data: [ 9.99356449e-01, 5.43679204e-03, -3.54563333e-02,
       -5.27621806e-03, 9.99975383e-01, 4.62078769e-03, 3.54805812e-02,
       -4.43073874e-03, 9.99360561e-01 ]
K2: !!opencv-matrix
   rows: 3
   cols: 3
   dt: d
   data: [ 3.6687495098581172e+02, 0., 3.7621769200552956e+02, 0.,
       3.6726361788508825e+02, 2.2399932895774910e+02, 0., 0., 1. ]
D2: !!opencv-matrix
   rows: 5
   cols: 1
   dt: d
   data: [ -2.2201337830972428e-02, -1.1445843221826492e-03,
       2.9199201696882579e-04, -7.1705872414221615e-04,
       5.1284674356775366e-04 ]
P2: !!opencv-matrix
   rows: 3
   cols: 4
   dt: f
   data: [ 3.56148102e+02, 0., 4.04272400e+02, -6.65199531e+04, 0.,
       3.56148102e+02, 2.31830322e+02, 0., 0., 0., 1., 0. ]
R2: !!opencv-matrix
   rows: 3
   cols: 3
   dt: f
   data: [ 9.99483943e-01, -4.40909900e-03, -3.18174548e-02,
       4.26501408e-03, 9.99980330e-01, -4.59494395e-03, 3.18370871e-02,
       4.45687119e-03, 9.99483109e-01 ]
