%YAML:1.0
---
Q: !!opencv-matrix
   rows: 4
   cols: 4
   dt: f
   data: [ 1., 0., 0., -4.28141144e+02, 0., 1., 0., -2.33932251e+02, 0.,
       0., 0., 3.72311127e+02, 0., 0., 5.55855874e-03, 0. ]
R: !!opencv-matrix
   rows: 3
   cols: 3
   dt: d
   data: [ 1.0010820173695685e+00, 9.5118000910600232e-03,
       -3.3580472244816341e-03, -9.6823869861675932e-03,
       1.0003702582912142e+00, -4.3186620363420899e-02,
       3.2609958256717450e-03, 4.3202718120808246e-02,
       1.0003890241402658e+00 ]
T: !!opencv-matrix
   rows: 3
   cols: 1
   dt: d
   data: [ -1.7918962177499958e+02, 1.1379083297032942e+01,
       1.1311182819320120e+01 ]
E: !!opencv-matrix
   rows: 0
   cols: 0
   dt: u
   data: []
F: !!opencv-matrix
   rows: 0
   cols: 0
   dt: u
   data: []
K1: !!opencv-matrix
   rows: 3
   cols: 3
   dt: d
   data: [ 3.6627756984521932e+02, 0., 3.8060969928433269e+02, 0.,
       3.6653175179255015e+02, 2.3878059668569790e+02, 0., 0., 1. ]
D1: !!opencv-matrix
   rows: 5
   cols: 1
   dt: d
   data: [ -2.1859934914563901e-02, -9.9468572971318997e-04,
       1.6448003429794193e-03, -3.1164985765511365e-04,
       3.5195408316194161e-04 ]
P1: !!opencv-matrix
   rows: 3
   cols: 4
   dt: f
   data: [ 3.72311127e+02, 0., 4.28141144e+02, 0., 0., 3.72311127e+02,
       2.33932251e+02, 0., 0., 0., 1., 0. ]
R1: !!opencv-matrix
   rows: 3
   cols: 3
   dt: f
   data: [ 9.96383905e-01, -5.64455055e-02, -6.35064766e-02,
       5.50492592e-02, 9.98206437e-01, -2.35262904e-02, 6.47205263e-02,
       1.99452322e-02, 9.97704089e-01 ]
K2: !!opencv-matrix
   rows: 3
   cols: 3
   dt: d
   data: [ 3.6687495098581172e+02, 0., 3.7621769200552956e+02, 0.,
       3.6726361788508825e+02, 2.2399932895774910e+02, 0., 0., 1. ]
D2: !!opencv-matrix
   rows: 5
   cols: 1
   dt: d
   data: [ -2.2201337830972428e-02, -1.1445843221826492e-03,
       2.9199201696882579e-04, -7.1705872414221615e-04,
       5.1284674356775366e-04 ]
P2: !!opencv-matrix
   rows: 3
   cols: 4
   dt: f
   data: [ 3.72311127e+02, 0., 4.28141144e+02, -6.69797969e+04, 0.,
       3.72311127e+02, 2.33932251e+02, 0., 0., 0., 1., 0. ]
R2: !!opencv-matrix
   rows: 3
   cols: 3
   dt: f
   data: [ 9.96015310e-01, -6.32499829e-02, -6.28725663e-02,
       6.46041706e-02, 9.97715652e-01, 1.97421741e-02, 6.14802502e-02,
       -2.37253364e-02, 9.97826278e-01 ]
