%YAML:1.0
---
Q: !!opencv-matrix
   rows: 4
   cols: 4
   dt: f
   data: [ 1., 0., 0., -4.29532532e+02, 0., 1., 0., -2.33898178e+02, 0.,
       0., 0., 3.65850586e+02, 0., 0., 5.52631216e-03, 0. ]
R: !!opencv-matrix
   rows: 3
   cols: 3
   dt: d
   data: [ 9.9849383642486700e-01, 1.1205373268227866e-02,
       -3.9330992833423615e-03, -9.5600387024461705e-03,
       1.0003807874520994e+00, 9.2892787091667390e-03,
       3.3725787700929813e-03, -9.3026934667061762e-03,
       1.0005662572751295e+00 ]
T: !!opencv-matrix
   rows: 3
   cols: 1
   dt: d
   data: [ -1.7982497443167887e+02, 1.1419314509748768e+01,
       1.1350890175499588e+01 ]
E: !!opencv-matrix
   rows: 0
   cols: 0
   dt: u
   data: []
F: !!opencv-matrix
   rows: 0
   cols: 0
   dt: u
   data: []
K1: !!opencv-matrix
   rows: 3
   cols: 3
   dt: d
   data: [ 3.6627756984521932e+02, 0., 3.8060969928433269e+02, 0.,
       3.6653175179255015e+02, 2.3878059668569790e+02, 0., 0., 1. ]
D1: !!opencv-matrix
   rows: 5
   cols: 1
   dt: d
   data: [ -2.1859934914563901e-02, -9.9468572971318997e-04,
       1.6448003429794193e-03, -3.1164985765511365e-04,
       3.5195408316194161e-04 ]
P1: !!opencv-matrix
   rows: 3
   cols: 4
   dt: f
   data: [ 3.65850586e+02, 0., 4.29532532e+02, 0., 0., 3.65850586e+02,
       2.33898178e+02, 0., 0., 0., 1., 0. ]
R1: !!opencv-matrix
   rows: 3
   cols: 3
   dt: f
   data: [ 9.96382654e-01, -5.21136746e-02, -6.71248809e-02,
       5.24103492e-02, 9.98622060e-01, 2.66517047e-03, 6.68935031e-02,
       -6.17356831e-03, 9.97741044e-01 ]
K2: !!opencv-matrix
   rows: 3
   cols: 3
   dt: d
   data: [ 3.6687495098581172e+02, 0., 3.7621769200552956e+02, 0.,
       3.6726361788508825e+02, 2.2399932895774910e+02, 0., 0., 1. ]
D2: !!opencv-matrix
   rows: 5
   cols: 1
   dt: d
   data: [ -2.2201337830972428e-02, -1.1445843221826492e-03,
       2.9199201696882579e-04, -7.1705872414221615e-04,
       5.1284674356775366e-04 ]
P2: !!opencv-matrix
   rows: 3
   cols: 4
   dt: f
   data: [ 3.65850586e+02, 0., 4.29532532e+02, -6.62015781e+04, 0.,
       3.65850586e+02, 2.33898178e+02, 0., 0., 0., 1., 0. ]
R2: !!opencv-matrix
   rows: 3
   cols: 3
   dt: f
   data: [ 9.96015489e-01, -6.32493570e-02, -6.28703684e-02,
       6.29703626e-02, 9.97994781e-01, -6.41122088e-03, 6.31498098e-02,
       2.42670532e-03, 9.98001099e-01 ]
