%YAML:1.0
---
Q: !!opencv-matrix
   rows: 4
   cols: 4
   dt: f
   data: [ 1., 0., 0., -3.83197296e+02, 0., 1., 0., -2.32193344e+02, 0.,
       0., 0., 3.61817902e+02, 0., 0., 5.57987299e-03, 0. ]
R: !!opencv-matrix
   rows: 3
   cols: 3
   dt: d
   data: [ 9.9999838162266663e-01, 9.7641590636564513e-03,
       -3.1830635499802522e-03, -9.6783348644192569e-03,
       1.0000499234316962e+00, 9.2378792336194129e-03,
       3.2440774316939286e-03, -9.2050790125065840e-03,
       1.0000950234507524e+00 ]
T: !!opencv-matrix
   rows: 3
   cols: 1
   dt: d
   data: [ -1.7888532334575814e+02, 1.1359517612121589e+01,
       7.6833259855841718e-01 ]
E: !!opencv-matrix
   rows: 0
   cols: 0
   dt: u
   data: []
F: !!opencv-matrix
   rows: 0
   cols: 0
   dt: u
   data: []
K1: !!opencv-matrix
   rows: 3
   cols: 3
   dt: d
   data: [ 3.6627756984521932e+02, 0., 3.8060969928433269e+02, 0.,
       3.6653175179255015e+02, 2.3878059668569790e+02, 0., 0., 1. ]
D1: !!opencv-matrix
   rows: 5
   cols: 1
   dt: d
   data: [ -2.1859934914563901e-02, -9.9468572971318997e-04,
       1.6448003429794193e-03, -3.1164985765511365e-04,
       3.5195408316194161e-04 ]
P1: !!opencv-matrix
   rows: 3
   cols: 4
   dt: f
   data: [ 3.61817902e+02, 0., 3.83197296e+02, 0., 0., 3.61817902e+02,
       2.32193344e+02, 0., 0., 0., 1., 0. ]
R1: !!opencv-matrix
   rows: 3
   cols: 3
   dt: f
   data: [ 9.98528481e-01, -5.36299087e-02, -8.04207008e-03,
       5.36659285e-02, 9.98549521e-01, 4.33198549e-03, 7.79808173e-03,
       -4.75719571e-03, 9.99958277e-01 ]
K2: !!opencv-matrix
   rows: 3
   cols: 3
   dt: d
   data: [ 3.6687495098581172e+02, 0., 3.7621769200552956e+02, 0.,
       3.6726361788508825e+02, 2.2399932895774910e+02, 0., 0., 1. ]
D2: !!opencv-matrix
   rows: 5
   cols: 1
   dt: d
   data: [ -2.2201337830972428e-02, -1.1445843221826492e-03,
       2.9199201696882579e-04, -7.1705872414221615e-04,
       5.1284674356775366e-04 ]
P2: !!opencv-matrix
   rows: 3
   cols: 4
   dt: f
   data: [ 3.61817902e+02, 0., 3.83197296e+02, -6.48433906e+04, 0.,
       3.61817902e+02, 2.32193344e+02, 0., 0., 0., 1., 0. ]
R2: !!opencv-matrix
   rows: 3
   cols: 3
   dt: f
   data: [ 9.97980654e-01, -6.33734465e-02, -4.28644894e-03,
       6.33532926e-02, 9.97980177e-01, -4.68447758e-03, 4.57466254e-03,
       4.40345751e-03, 9.99979854e-01 ]
