%YAML:1.0
---
Q: !!opencv-matrix
   rows: 4
   cols: 4
   dt: f
   data: [ 1., 0., 0., -4.09914063e+02, 0., 1., 0., -2.33587799e+02, 0.,
       0., 0., 3.69740143e+02, 0., 0., -1.51181592e+03, 0. ]
R: !!opencv-matrix
   rows: 3
   cols: 3
   dt: d
   data: [ 1.1178065106815895e+00, -4.2456301053748632e-02,
       4.4377827936601513e-02, 5.2079352707831268e-02,
       1.1342159944459531e+00, -4.8820666410119916e-02,
       -5.2065685170398862e-02, 5.1509053557395872e-02,
       1.1350959823548177e+00 ]
T: !!opencv-matrix
   rows: 3
   cols: 1
   dt: d
   data: [ 6.5796552096686453e-04, -4.1782695847339128e-05,
       -4.1528592573743302e-05 ]
E: !!opencv-matrix
   rows: 0
   cols: 0
   dt: u
   data: []
F: !!opencv-matrix
   rows: 0
   cols: 0
   dt: u
   data: []
K1: !!opencv-matrix
   rows: 3
   cols: 3
   dt: d
   data: [ 3.6627756984521932e+02, 0., 3.8060969928433269e+02, 0.,
       3.6653175179255015e+02, 2.3878059668569790e+02, 0., 0., 1. ]
D1: !!opencv-matrix
   rows: 5
   cols: 1
   dt: d
   data: [ -2.1859934914563901e-02, -9.9468572971318997e-04,
       1.6448003429794193e-03, -3.1164985765511365e-04,
       3.5195408316194161e-04 ]
P1: !!opencv-matrix
   rows: 3
   cols: 4
   dt: f
   data: [ 3.69740143e+02, 0., 4.09914063e+02, 0., 0., 3.69740143e+02,
       2.33587799e+02, 0., 0., 0., 1., 0. ]
R1: !!opencv-matrix
   rows: 3
   cols: 3
   dt: f
   data: [ 9.94142532e-01, -1.06696360e-01, -1.72207598e-02,
       1.06316522e-01, 9.94096756e-01, -2.16442179e-02, 1.94284599e-02,
       1.96865853e-02, 9.99617398e-01 ]
K2: !!opencv-matrix
   rows: 3
   cols: 3
   dt: d
   data: [ 3.6687495098581172e+02, 0., 3.7621769200552956e+02, 0.,
       3.6726361788508825e+02, 2.2399932895774910e+02, 0., 0., 1. ]
D2: !!opencv-matrix
   rows: 5
   cols: 1
   dt: d
   data: [ -2.2201337830972428e-02, -1.1445843221826492e-03,
       2.9199201696882579e-04, -7.1705872414221615e-04,
       5.1284674356775366e-04 ]
P2: !!opencv-matrix
   rows: 3
   cols: 4
   dt: f
   data: [ 3.69740143e+02, 0., 4.09914063e+02, 2.44566917e-01, 0.,
       3.69740143e+02, 2.33587799e+02, 0., 0., 0., 1., 0. ]
R2: !!opencv-matrix
   rows: 3
   cols: 3
   dt: f
   data: [ 9.96015787e-01, -6.32498562e-02, -6.28651530e-02,
       6.45386204e-02, 9.97740269e-01, 1.86837129e-02, 6.15413524e-02,
       -2.26665027e-02, 9.97847140e-01 ]
