%YAML:1.0
---
Q: !!opencv-matrix
   rows: 4
   cols: 4
   dt: f
   data: [ 1., 0., 0., -3.83186829e+02, 0., 1., 0., -2.32192902e+02, 0.,
       0., 0., 3.61825104e+02, 0., 0., 5.56688942e-03, 0. ]
R: !!opencv-matrix
   rows: 3
   cols: 3
   dt: d
   data: [ 9.9993179538825561e-01, 9.7439141083307187e-03,
       -3.1524821585930873e-03, -9.6809520522397954e-03,
       9.9992379260016961e-01, 9.2346995427980520e-03,
       3.2434462265055609e-03, -9.2039641481714406e-03,
       9.9996761644767862e-01 ]
T: !!opencv-matrix
   rows: 3
   cols: 1
   dt: d
   data: [ -1.7927323379697089e+02, 1.1384523809161470e+01,
       7.6969452828844775e-01 ]
E: !!opencv-matrix
   rows: 0
   cols: 0
   dt: u
   data: []
F: !!opencv-matrix
   rows: 0
   cols: 0
   dt: u
   data: []
K1: !!opencv-matrix
   rows: 3
   cols: 3
   dt: d
   data: [ 3.6627756984521932e+02, 0., 3.8060969928433269e+02, 0.,
       3.6653175179255015e+02, 2.3878059668569790e+02, 0., 0., 1. ]
D1: !!opencv-matrix
   rows: 5
   cols: 1
   dt: d
   data: [ -2.1859934914563901e-02, -9.9468572971318997e-04,
       1.6448003429794193e-03, -3.1164985765511365e-04,
       3.5195408316194161e-04 ]
P1: !!opencv-matrix
   rows: 3
   cols: 4
   dt: f
   data: [ 3.61825104e+02, 0., 3.83186829e+02, 0., 0., 3.61825104e+02,
       2.32192902e+02, 0., 0., 0., 1., 0. ]
R1: !!opencv-matrix
   rows: 3
   cols: 3
   dt: f
   data: [ 9.98529434e-01, -5.36167547e-02, -8.01695697e-03,
       5.36526591e-02, 9.98550236e-01, 4.33244277e-03, 7.77304266e-03,
       -4.75620292e-03, 9.99958456e-01 ]
K2: !!opencv-matrix
   rows: 3
   cols: 3
   dt: d
   data: [ 3.6687495098581172e+02, 0., 3.7621769200552956e+02, 0.,
       3.6726361788508825e+02, 2.2399932895774910e+02, 0., 0., 1. ]
D2: !!opencv-matrix
   rows: 5
   cols: 1
   dt: d
   data: [ -2.2201337830972428e-02, -1.1445843221826492e-03,
       2.9199201696882579e-04, -7.1705872414221615e-04,
       5.1284674356775366e-04 ]
P2: !!opencv-matrix
   rows: 3
   cols: 4
   dt: f
   data: [ 3.61825104e+02, 0., 3.83186829e+02, -6.49959180e+04, 0.,
       3.61825104e+02, 2.32192902e+02, 0., 0., 0., 1., 0. ]
R2: !!opencv-matrix
   rows: 3
   cols: 3
   dt: f
   data: [ 9.97980535e-01, -6.33755177e-02, -4.28475253e-03,
       6.33553714e-02, 9.97980058e-01, -4.68415953e-03, 4.57295822e-03,
       4.40323818e-03, 9.99979854e-01 ]
