%YAML:1.0
---
Q: !!opencv-matrix
   rows: 4
   cols: 4
   dt: f
   data: [ 1., 0., 0., -4.10939575e+02, 0., 1., 0., -2.33690811e+02, 0.,
       0., 0., 3.68849792e+02, 0., 0., -2.29354761e+03, 0. ]
R: !!opencv-matrix
   rows: 3
   cols: 3
   dt: d
   data: [ 1.1357786765159432e+00, -5.6927605297443375e-02,
       3.2018087006017423e-02, 5.2132843869370567e-02,
       1.1461204651605676e+00, -4.8482409004417269e-02,
       -5.3020544653009524e-02, 5.2896496960496038e-02,
       1.1469235027811355e+00 ]
T: !!opencv-matrix
   rows: 3
   cols: 1
   dt: d
   data: [ 3.1439824512602481e-04, -1.9965190341356964e-05,
       -1.9843758040881533e-05 ]
E: !!opencv-matrix
   rows: 0
   cols: 0
   dt: u
   data: []
F: !!opencv-matrix
   rows: 0
   cols: 0
   dt: u
   data: []
K1: !!opencv-matrix
   rows: 3
   cols: 3
   dt: d
   data: [ 3.6627756984521932e+02, 0., 3.8060969928433269e+02, 0.,
       3.6653175179255015e+02, 2.3878059668569790e+02, 0., 0., 1. ]
D1: !!opencv-matrix
   rows: 5
   cols: 1
   dt: d
   data: [ -2.1859934914563901e-02, -9.9468572971318997e-04,
       1.6448003429794193e-03, -3.1164985765511365e-04,
       3.5195408316194161e-04 ]
P1: !!opencv-matrix
   rows: 3
   cols: 4
   dt: f
   data: [ 3.68849792e+02, 0., 4.10939575e+02, 0., 0., 3.68849792e+02,
       2.33690811e+02, 0., 0., 0., 1., 0. ]
R1: !!opencv-matrix
   rows: 3
   cols: 3
   dt: f
   data: [ 9.93704021e-01, -1.10268876e-01, -1.98264699e-02,
       1.09835580e-01, 9.93711591e-01, -2.17588302e-02, 2.21011136e-02,
       1.94441844e-02, 9.99566615e-01 ]
K2: !!opencv-matrix
   rows: 3
   cols: 3
   dt: d
   data: [ 3.6687495098581172e+02, 0., 3.7621769200552956e+02, 0.,
       3.6726361788508825e+02, 2.2399932895774910e+02, 0., 0., 1. ]
D2: !!opencv-matrix
   rows: 5
   cols: 1
   dt: d
   data: [ -2.2201337830972428e-02, -1.1445843221826492e-03,
       2.9199201696882579e-04, -7.1705872414221615e-04,
       5.1284674356775366e-04 ]
P2: !!opencv-matrix
   rows: 3
   cols: 4
   dt: f
   data: [ 3.68849792e+02, 0., 4.10939575e+02, 1.60820633e-01, 0.,
       3.68849792e+02, 2.33690811e+02, 0., 0., 0., 1., 0. ]
R2: !!opencv-matrix
   rows: 3
   cols: 3
   dt: f
   data: [ 9.96015787e-01, -6.32498562e-02, -6.28651530e-02,
       6.45348206e-02, 9.97741699e-01, 1.86220501e-02, 6.15453422e-02,
       -2.26048473e-02, 9.97848272e-01 ]
