%YAML:1.0
---
Q: !!opencv-matrix
   rows: 4
   cols: 4
   dt: f
   data: [ 1., 0., 0., -3.83186432e+02, 0., 1., 0., -2.32192978e+02, 0.,
       0., 0., 3.61821381e+02, 0., 0., 5.56643493e-03, 0. ]
R: !!opencv-matrix
   rows: 3
   cols: 3
   dt: d
   data: [ 9.9772747180476606e-01, 1.1949219830568616e-02,
       -4.1061022091949846e-03, -9.4969983416246118e-03,
       1.0006008009786307e+00, 9.3026780457015693e-03,
       3.4386782045489868e-03, -9.3519406636490433e-03,
       1.0008442204741146e+00 ]
T: !!opencv-matrix
   rows: 3
   cols: 1
   dt: d
   data: [ -1.8066859422502100e+02, 1.1472886668612606e+01,
       1.1404140846364243e+01 ]
E: !!opencv-matrix
   rows: 0
   cols: 0
   dt: u
   data: []
F: !!opencv-matrix
   rows: 0
   cols: 0
   dt: u
   data: []
K1: !!opencv-matrix
   rows: 3
   cols: 3
   dt: d
   data: [ 3.6627756984521932e+02, 0., 3.8060969928433269e+02, 0.,
       3.6653175179255015e+02, 2.3878059668569790e+02, 0., 0., 1. ]
D1: !!opencv-matrix
   rows: 5
   cols: 1
   dt: d
   data: [ -2.1859934914563901e-02, -9.9468572971318997e-04,
       1.6448003429794193e-03, -3.1164985765511365e-04,
       3.5195408316194161e-04 ]
P1: !!opencv-matrix
   rows: 3
   cols: 4
   dt: f
   data: [ 3.61821381e+02, 0., 3.83186432e+02, 0., 0., 3.61821381e+02,
       2.32192978e+02, 0., 0., 0., 1., 0. ]
R1: !!opencv-matrix
   rows: 3
   cols: 3
   dt: f
   data: [ 9.98528481e-01, -5.36346175e-02, -8.01596045e-03,
       5.36705181e-02, 9.98549283e-01, 4.33234964e-03, 7.77196791e-03,
       -4.75619501e-03, 9.99958515e-01 ]
K2: !!opencv-matrix
   rows: 3
   cols: 3
   dt: d
   data: [ 3.6687495098581172e+02, 0., 3.7621769200552956e+02, 0.,
       3.6726361788508825e+02, 2.2399932895774910e+02, 0., 0., 1. ]
D2: !!opencv-matrix
   rows: 5
   cols: 1
   dt: d
   data: [ -2.2201337830972428e-02, -1.1445843221826492e-03,
       2.9199201696882579e-04, -7.1705872414221615e-04,
       5.1284674356775366e-04 ]
P2: !!opencv-matrix
   rows: 3
   cols: 4
   dt: f
   data: [ 3.61821381e+02, 0., 3.83186432e+02, -6.50005586e+04, 0.,
       3.61821381e+02, 2.32192978e+02, 0., 0., 0., 1., 0. ]
R2: !!opencv-matrix
   rows: 3
   cols: 3
   dt: f
   data: [ 9.97980535e-01, -6.33755103e-02, -4.28473204e-03,
       6.33553639e-02, 9.97980058e-01, -4.68410971e-03, 4.57293494e-03,
       4.40318929e-03, 9.99979854e-01 ]
