%YAML:1.0
---
Q: !!opencv-matrix
   rows: 4
   cols: 4
   dt: f
   data: [ 1., 0., 0., -4.28631165e+02, 0., 1., 0., -2.33924835e+02, 0.,
       0., 0., 3.72349976e+02, 0., 0., 1.21951420e-02, 0. ]
R: !!opencv-matrix
   rows: 3
   cols: 3
   dt: d
   data: [ 1.0203346414391128e+00, 9.9156548252624047e-03,
       -4.7276793289664524e-03, -9.8621427632516103e-03,
       1.0197152416625865e+00, -4.3939481011465033e-02,
       3.3317006327099560e-03, 4.4024997547927228e-02,
       1.0198306804425679e+00 ]
T: !!opencv-matrix
   rows: 3
   cols: 1
   dt: d
   data: [ -8.1913533880532285e+01, 5.2017063225844931e+00,
       5.1707456377953465e+00 ]
E: !!opencv-matrix
   rows: 0
   cols: 0
   dt: u
   data: []
F: !!opencv-matrix
   rows: 0
   cols: 0
   dt: u
   data: []
K1: !!opencv-matrix
   rows: 3
   cols: 3
   dt: d
   data: [ 3.6627756984521932e+02, 0., 3.8060969928433269e+02, 0.,
       3.6653175179255015e+02, 2.3878059668569790e+02, 0., 0., 1. ]
D1: !!opencv-matrix
   rows: 5
   cols: 1
   dt: d
   data: [ -2.1859934914563901e-02, -9.9468572971318997e-04,
       1.6448003429794193e-03, -3.1164985765511365e-04,
       3.5195408316194161e-04 ]
P1: !!opencv-matrix
   rows: 3
   cols: 4
   dt: f
   data: [ 3.72349976e+02, 0., 4.28631165e+02, 0., 0., 3.72349976e+02,
       2.33924835e+02, 0., 0., 0., 1., 0. ]
R1: !!opencv-matrix
   rows: 3
   cols: 3
   dt: f
   data: [ 9.96382535e-01, -5.50554283e-02, -6.47356883e-02,
       5.36353514e-02, 9.98284638e-01, -2.34748349e-02, 6.59170598e-02,
       1.99177954e-02, 9.97626305e-01 ]
K2: !!opencv-matrix
   rows: 3
   cols: 3
   dt: d
   data: [ 3.6687495098581172e+02, 0., 3.7621769200552956e+02, 0.,
       3.6726361788508825e+02, 2.2399932895774910e+02, 0., 0., 1. ]
D2: !!opencv-matrix
   rows: 5
   cols: 1
   dt: d
   data: [ -2.2201337830972428e-02, -1.1445843221826492e-03,
       2.9199201696882579e-04, -7.1705872414221615e-04,
       5.1284674356775366e-04 ]
P2: !!opencv-matrix
   rows: 3
   cols: 4
   dt: f
   data: [ 3.72349976e+02, 0., 4.28631165e+02, -3.05326484e+04, 0.,
       3.72349976e+02, 2.33924835e+02, 0., 0., 0., 1., 0. ]
R2: !!opencv-matrix
   rows: 3
   cols: 3
   dt: f
   data: [ 9.96015310e-01, -6.32493645e-02, -6.28729016e-02,
       6.46011308e-02, 9.97716665e-01, 1.97027437e-02, 6.14831559e-02,
       -2.36858949e-02, 9.97827053e-01 ]
