%YAML:1.0
---
Q: !!opencv-matrix
   rows: 4
   cols: 4
   dt: f
   data: [ 1., 0., 0., -4.11807281e+02, 0., 1., 0., -2.33700043e+02, 0.,
       0., 0., 3.69581085e+02, 0., 0., -2.20192522e-02, 0. ]
R: !!opencv-matrix
   rows: 3
   cols: 3
   dt: d
   data: [ 1.0991398036508775e+00, -5.8818943728801316e-02,
       2.0234334103777257e-02, 4.8774400354116045e-02,
       1.0939680860941190e+00, -4.5608941048161655e-02,
       -5.1562038079584496e-02, 5.0760117286029360e-02,
       1.0951001698596949e+00 ]
T: !!opencv-matrix
   rows: 3
   cols: 1
   dt: d
   data: [ 1.9893003896524288e+01, -1.2632628062468181e+00,
       -1.2555792025860608e+00 ]
E: !!opencv-matrix
   rows: 0
   cols: 0
   dt: u
   data: []
F: !!opencv-matrix
   rows: 0
   cols: 0
   dt: u
   data: []
K1: !!opencv-matrix
   rows: 3
   cols: 3
   dt: d
   data: [ 3.6627756984521932e+02, 0., 3.8060969928433269e+02, 0.,
       3.6653175179255015e+02, 2.3878059668569790e+02, 0., 0., 1. ]
D1: !!opencv-matrix
   rows: 5
   cols: 1
   dt: d
   data: [ -2.1859934914563901e-02, -9.9468572971318997e-04,
       1.6448003429794193e-03, -3.1164985765511365e-04,
       3.5195408316194161e-04 ]
P1: !!opencv-matrix
   rows: 3
   cols: 4
   dt: f
   data: [ 3.69581085e+02, 0., 4.11807281e+02, 0., 0., 3.69581085e+02,
       2.33700043e+02, 0., 0., 0., 1., 0. ]
R1: !!opencv-matrix
   rows: 3
   cols: 3
   dt: f
   data: [ 9.94331062e-01, -1.04013264e-01, -2.20668484e-02,
       1.03536956e-01, 9.94388163e-01, -2.17315760e-02, 2.42033843e-02,
       1.93236470e-02, 9.99520302e-01 ]
K2: !!opencv-matrix
   rows: 3
   cols: 3
   dt: d
   data: [ 3.6687495098581172e+02, 0., 3.7621769200552956e+02, 0.,
       3.6726361788508825e+02, 2.2399932895774910e+02, 0., 0., 1. ]
D2: !!opencv-matrix
   rows: 5
   cols: 1
   dt: d
   data: [ -2.2201337830972428e-02, -1.1445843221826492e-03,
       2.9199201696882579e-04, -7.1705872414221615e-04,
       5.1284674356775366e-04 ]
P2: !!opencv-matrix
   rows: 3
   cols: 4
   dt: f
   data: [ 3.69581085e+02, 0., 4.11807281e+02, 1.67844512e+04, 0.,
       3.69581085e+02, 2.33700043e+02, 0., 0., 0., 1., 0. ]
R2: !!opencv-matrix
   rows: 3
   cols: 3
   dt: f
   data: [ 9.96015787e-01, -6.32498562e-02, -6.28651530e-02,
       6.45300597e-02, 9.97743428e-01, 1.85448788e-02, 6.15503304e-02,
       -2.25276835e-02, 9.97849703e-01 ]
