%YAML:1.0
---
Q: !!opencv-matrix
   rows: 4
   cols: 4
   dt: f
   data: [ 1., 0., 0., -4.07674500e+02, 0., 1., 0., -2.33127167e+02, 0.,
       0., 0., 3.79590363e+02, 0., 0., 5.71489101e-03, 0. ]
R: !!opencv-matrix
   rows: 3
   cols: 3
   dt: d
   data: [ 1.0014177820550827e+00, 9.5149703528664611e-03,
       4.8452193949263499e-02, -7.4670391648485436e-03,
       1.0010680569238972e+00, -4.3625127160147270e-02,
       -4.9186684540847028e-02, 4.3232938476840205e-02,
       9.9992473274750426e-01 ]
T: !!opencv-matrix
   rows: 3
   cols: 1
   dt: d
   data: [ -1.7414335143467994e+02, 1.1058447361103360e+01,
       1.0992531492633693e+01 ]
E: !!opencv-matrix
   rows: 0
   cols: 0
   dt: u
   data: []
F: !!opencv-matrix
   rows: 0
   cols: 0
   dt: u
   data: []
K1: !!opencv-matrix
   rows: 3
   cols: 3
   dt: d
   data: [ 3.6627756984521932e+02, 0., 3.8060969928433269e+02, 0.,
       3.6653175179255015e+02, 2.3878059668569790e+02, 0., 0., 1. ]
D1: !!opencv-matrix
   rows: 5
   cols: 1
   dt: d
   data: [ -2.1859934914563901e-02, -9.9468572971318997e-04,
       1.6448003429794193e-03, -3.1164985765511365e-04,
       3.5195408316194161e-04 ]
P1: !!opencv-matrix
   rows: 3
   cols: 4
   dt: f
   data: [ 3.79590363e+02, 0., 4.07674500e+02, 0., 0., 3.79590363e+02,
       2.33127167e+02, 0., 0., 0., 1., 0. ]
R1: !!opencv-matrix
   rows: 3
   cols: 3
   dt: f
   data: [ 9.98338878e-01, -5.64111024e-02, -1.17163090e-02,
       5.61523102e-02, 9.98193860e-01, -2.13532634e-02, 1.28997080e-02,
       2.06598956e-02, 9.99703348e-01 ]
K2: !!opencv-matrix
   rows: 3
   cols: 3
   dt: d
   data: [ 3.6687495098581172e+02, 0., 3.7621769200552956e+02, 0.,
       3.6726361788508825e+02, 2.2399932895774910e+02, 0., 0., 1. ]
D2: !!opencv-matrix
   rows: 5
   cols: 1
   dt: d
   data: [ -2.2201337830972428e-02, -1.1445843221826492e-03,
       2.9199201696882579e-04, -7.1705872414221615e-04,
       5.1284674356775366e-04 ]
P2: !!opencv-matrix
   rows: 3
   cols: 4
   dt: f
   data: [ 3.79590363e+02, 0., 4.07674500e+02, -6.64212813e+04, 0.,
       3.79590363e+02, 2.33127167e+02, 0., 0., 0., 1., 0. ]
R2: !!opencv-matrix
   rows: 3
   cols: 3
   dt: f
   data: [ 9.96015429e-01, -6.32489473e-02, -6.28719404e-02,
       6.45575449e-02, 9.97733057e-01, 1.90027915e-02, 6.15275055e-02,
       -2.29859315e-02, 9.97840703e-01 ]
