%YAML:1.0
---
Q: !!opencv-matrix
   rows: 4
   cols: 4
   dt: f
   data: [ 1., 0., 0., -4.29228241e+02, 0., 1., 0., -2.33904114e+02, 0.,
       0., 0., 3.72481781e+02, 0., 0., 1.23019665e-02, 0. ]
R: !!opencv-matrix
   rows: 3
   cols: 3
   dt: d
   data: [ 1.0196537924348026e+00, 1.7184866698197170e-02,
       -7.0316879424265500e-03, -9.8278629253216003e-03,
       1.0190872784172498e+00, -4.3785958361045138e-02,
       3.3636350413616713e-03, 4.3558853096255755e-02,
       1.0198099014905839e+00 ]
T: !!opencv-matrix
   rows: 3
   cols: 1
   dt: d
   data: [ -8.2940372538694490e+01, 5.2669130606946846e+00,
       5.2355639778493348e+00 ]
E: !!opencv-matrix
   rows: 0
   cols: 0
   dt: u
   data: []
F: !!opencv-matrix
   rows: 0
   cols: 0
   dt: u
   data: []
K1: !!opencv-matrix
   rows: 3
   cols: 3
   dt: d
   data: [ 3.6627756984521932e+02, 0., 3.8060969928433269e+02, 0.,
       3.6653175179255015e+02, 2.3878059668569790e+02, 0., 0., 1. ]
D1: !!opencv-matrix
   rows: 5
   cols: 1
   dt: d
   data: [ -2.1859934914563901e-02, -9.9468572971318997e-04,
       1.6448003429794193e-03, -3.1164985765511365e-04,
       3.5195408316194161e-04 ]
P1: !!opencv-matrix
   rows: 3
   cols: 4
   dt: f
   data: [ 3.72481781e+02, 0., 4.29228241e+02, 0., 0., 3.72481781e+02,
       2.33904114e+02, 0., 0., 0., 1., 0. ]
R1: !!opencv-matrix
   rows: 3
   cols: 3
   dt: f
   data: [ 9.96404171e-01, -5.28366156e-02, -6.62347004e-02,
       5.13882972e-02, 9.98404920e-01, -2.33839042e-02, 6.73645809e-02,
       1.98961310e-02, 9.97530043e-01 ]
K2: !!opencv-matrix
   rows: 3
   cols: 3
   dt: d
   data: [ 3.6687495098581172e+02, 0., 3.7621769200552956e+02, 0.,
       3.6726361788508825e+02, 2.2399932895774910e+02, 0., 0., 1. ]
D2: !!opencv-matrix
   rows: 5
   cols: 1
   dt: d
   data: [ -2.2201337830972428e-02, -1.1445843221826492e-03,
       2.9199201696882579e-04, -7.1705872414221615e-04,
       5.1284674356775366e-04 ]
P2: !!opencv-matrix
   rows: 3
   cols: 4
   dt: f
   data: [ 3.72481781e+02, 0., 4.29228241e+02, -3.02782305e+04, 0.,
       3.72481781e+02, 2.33904114e+02, 0., 0., 0., 1., 0. ]
R2: !!opencv-matrix
   rows: 3
   cols: 3
   dt: f
   data: [ 9.96015310e-01, -6.32493645e-02, -6.28729239e-02,
       6.45976514e-02, 9.97717977e-01, 1.96463317e-02, 6.14868253e-02,
       -2.36294903e-02, 9.97828126e-01 ]
