%YAML:1.0
---
Q: !!opencv-matrix
   rows: 4
   cols: 4
   dt: f
   data: [ 1., 0., 0., -4.07684143e+02, 0., 1., 0., -2.33439453e+02, 0.,
       0., 0., 3.70128693e+02, 0., 0., 5.61479060e-03, 0. ]
R: !!opencv-matrix
   rows: 3
   cols: 3
   dt: d
   data: [ 1.0007890421701717e+00, -4.2805828475252099e-02,
       4.8805336824173332e-02, 4.5014149131355395e-02,
       1.0009514630619403e+00, -4.3682981683718258e-02,
       -4.6857922648445245e-02, 4.5779219075046604e-02,
       1.0007783631886218e+00 ]
T: !!opencv-matrix
   rows: 3
   cols: 1
   dt: d
   data: [ -1.7739136977293077e+02, 1.1264839621056238e+01,
       1.1197424616839472e+01 ]
E: !!opencv-matrix
   rows: 0
   cols: 0
   dt: u
   data: []
F: !!opencv-matrix
   rows: 0
   cols: 0
   dt: u
   data: []
K1: !!opencv-matrix
   rows: 3
   cols: 3
   dt: d
   data: [ 3.6627756984521932e+02, 0., 3.8060969928433269e+02, 0.,
       3.6653175179255015e+02, 2.3878059668569790e+02, 0., 0., 1. ]
D1: !!opencv-matrix
   rows: 5
   cols: 1
   dt: d
   data: [ -2.1859934914563901e-02, -9.9468572971318997e-04,
       1.6448003429794193e-03, -3.1164985765511365e-04,
       3.5195408316194161e-04 ]
P1: !!opencv-matrix
   rows: 3
   cols: 4
   dt: f
   data: [ 3.70128693e+02, 0., 4.07684143e+02, 0., 0., 3.70128693e+02,
       2.33439453e+02, 0., 0., 0., 1., 0. ]
R1: !!opencv-matrix
   rows: 3
   cols: 3
   dt: f
   data: [ 9.94025171e-01, -1.08543113e-01, -1.15043037e-02,
       1.08279131e-01, 9.93887722e-01, -2.15121396e-02, 1.37689803e-02,
       2.01379322e-02, 9.99702394e-01 ]
K2: !!opencv-matrix
   rows: 3
   cols: 3
   dt: d
   data: [ 3.6687495098581172e+02, 0., 3.7621769200552956e+02, 0.,
       3.6726361788508825e+02, 2.2399932895774910e+02, 0., 0., 1. ]
D2: !!opencv-matrix
   rows: 5
   cols: 1
   dt: d
   data: [ -2.2201337830972428e-02, -1.1445843221826492e-03,
       2.9199201696882579e-04, -7.1705872414221615e-04,
       5.1284674356775366e-04 ]
P2: !!opencv-matrix
   rows: 3
   cols: 4
   dt: f
   data: [ 3.70128693e+02, 0., 4.07684143e+02, -6.59203047e+04, 0.,
       3.70128693e+02, 2.33439453e+02, 0., 0., 0., 1., 0. ]
R2: !!opencv-matrix
   rows: 3
   cols: 3
   dt: f
   data: [ 9.96015429e-01, -6.32497147e-02, -6.28711954e-02,
       6.45484924e-02, 9.97736633e-01, 1.88438483e-02, 6.15370274e-02,
       -2.28270050e-02, 9.97843742e-01 ]
