%YAML:1.0
---
Q: !!opencv-matrix
   rows: 4
   cols: 4
   dt: f
   data: [ 1., 0., 0., -3.83189880e+02, 0., 1., 0., -2.32192902e+02, 0.,
       0., 0., 3.61829041e+02, 0., 0., 5.57703665e-03, 0. ]
R: !!opencv-matrix
   rows: 3
   cols: 3
   dt: d
   data: [ 9.9093704211620992e-01, 1.5237094162013683e-02,
       -5.9318812074209875e-03, -8.8179102774993984e-03,
       1.0050017981390678e+00, 9.4602839771471027e-03,
       4.1729324549338752e-03, -9.5988703102262568e-03,
       1.0055658148177145e+00 ]
T: !!opencv-matrix
   rows: 3
   cols: 1
   dt: d
   data: [ -1.7549319935663462e+02, 1.1144133814703267e+01,
       1.1076983143073054e+01 ]
E: !!opencv-matrix
   rows: 0
   cols: 0
   dt: u
   data: []
F: !!opencv-matrix
   rows: 0
   cols: 0
   dt: u
   data: []
K1: !!opencv-matrix
   rows: 3
   cols: 3
   dt: d
   data: [ 3.6627756984521932e+02, 0., 3.8060969928433269e+02, 0.,
       3.6653175179255015e+02, 2.3878059668569790e+02, 0., 0., 1. ]
D1: !!opencv-matrix
   rows: 5
   cols: 1
   dt: d
   data: [ -2.1859934914563901e-02, -9.9468572971318997e-04,
       1.6448003429794193e-03, -3.1164985765511365e-04,
       3.5195408316194161e-04 ]
P1: !!opencv-matrix
   rows: 3
   cols: 4
   dt: f
   data: [ 3.61829041e+02, 0., 3.83189880e+02, 0., 0., 3.61829041e+02,
       2.32192902e+02, 0., 0., 0., 1., 0. ]
R1: !!opencv-matrix
   rows: 3
   cols: 3
   dt: f
   data: [ 9.98530686e-01, -5.35922684e-02, -8.02300032e-03,
       5.36281988e-02, 9.98551548e-01, 4.33246745e-03, 7.77919311e-03,
       -4.75636078e-03, 9.99958456e-01 ]
K2: !!opencv-matrix
   rows: 3
   cols: 3
   dt: d
   data: [ 3.6687495098581172e+02, 0., 3.7621769200552956e+02, 0.,
       3.6726361788508825e+02, 2.2399932895774910e+02, 0., 0., 1. ]
D2: !!opencv-matrix
   rows: 5
   cols: 1
   dt: d
   data: [ -2.2201337830972428e-02, -1.1445843221826492e-03,
       2.9199201696882579e-04, -7.1705872414221615e-04,
       5.1284674356775366e-04 ]
P2: !!opencv-matrix
   rows: 3
   cols: 4
   dt: f
   data: [ 3.61829041e+02, 0., 3.83189880e+02, -6.48783711e+04, 0.,
       3.61829041e+02, 2.32192902e+02, 0., 0., 0., 1., 0. ]
R2: !!opencv-matrix
   rows: 3
   cols: 3
   dt: f
   data: [ 9.97980654e-01, -6.33734465e-02, -4.28642659e-03,
       6.33532926e-02, 9.97980177e-01, -4.68429783e-03, 4.57462901e-03,
       4.40327963e-03, 9.99979854e-01 ]
