%YAML:1.0
---
Q: !!opencv-matrix
   rows: 4
   cols: 4
   dt: f
   data: [ 1., 0., 0., -4.13581512e+02, 0., 1., 0., -2.33921112e+02, 0.,
       0., 0., 3.67514160e+02, 0., 0., -5.00686467e-02, 0. ]
R: !!opencv-matrix
   rows: 3
   cols: 3
   dt: d
   data: [ 1.0991398036508775e+00, -5.8818943728801316e-02,
       2.0234334103777257e-02, 4.8774400354116045e-02,
       1.0939680860941190e+00, -4.5608941048161655e-02,
       -5.1562038079584496e-02, 5.0760117286029360e-02,
       1.0951001698596949e+00 ]
T: !!opencv-matrix
   rows: 3
   cols: 1
   dt: d
   data: [ 1.9893003896524288e+01, -1.2632628062468181e+00,
       -1.2555792025860608e+00 ]
E: !!opencv-matrix
   rows: 0
   cols: 0
   dt: u
   data: []
F: !!opencv-matrix
   rows: 0
   cols: 0
   dt: u
   data: []
K1: !!opencv-matrix
   rows: 3
   cols: 3
   dt: d
   data: [ 3.6627756984521932e+02, 0., 3.8060969928433269e+02, 0.,
       3.6653175179255015e+02, 2.3878059668569790e+02, 0., 0., 1. ]
D1: !!opencv-matrix
   rows: 5
   cols: 1
   dt: d
   data: [ -2.1859934914563901e-02, -9.9468572971318997e-04,
       1.6448003429794193e-03, -3.1164985765511365e-04,
       3.5195408316194161e-04 ]
P1: !!opencv-matrix
   rows: 3
   cols: 4
   dt: f
   data: [ 3.67514160e+02, 0., 4.13581512e+02, 0., 0., 3.67514160e+02,
       2.33921112e+02, 0., 0., 0., 1., 0. ]
R1: !!opencv-matrix
   rows: 3
   cols: 3
   dt: f
   data: [ 9.93165314e-01, -1.13654710e-01, -2.65562907e-02,
       1.13086589e-01, 9.93341506e-01, -2.20011193e-02, 2.88799983e-02,
       1.88475884e-02, 9.99405205e-01 ]
K2: !!opencv-matrix
   rows: 3
   cols: 3
   dt: d
   data: [ 3.6687495098581172e+02, 0., 3.7621769200552956e+02, 0.,
       3.6726361788508825e+02, 2.2399932895774910e+02, 0., 0., 1. ]
D2: !!opencv-matrix
   rows: 5
   cols: 1
   dt: d
   data: [ -2.2201337830972428e-02, -1.1445843221826492e-03,
       2.9199201696882579e-04, -7.1705872414221615e-04,
       5.1284674356775366e-04 ]
P2: !!opencv-matrix
   rows: 3
   cols: 4
   dt: f
   data: [ 3.67514160e+02, 0., 4.13581512e+02, 7.34020557e+03, 0.,
       3.67514160e+02, 2.33921112e+02, 0., 0., 0., 1., 0. ]
R2: !!opencv-matrix
   rows: 3
   cols: 3
   dt: f
   data: [ 9.96015787e-01, -6.32498562e-02, -6.28651530e-02,
       6.45240545e-02, 9.97745633e-01, 1.84475482e-02, 6.15566261e-02,
       -2.24303622e-02, 9.97851551e-01 ]
