%YAML:1.0
---
Q: !!opencv-matrix
   rows: 4
   cols: 4
   dt: f
   data: [ 1., 0., 0., -4.28430206e+02, 0., 1., 0., -2.33941605e+02, 0.,
       0., 0., 3.72221527e+02, 0., 0., 1.21593503e-02, 0. ]
R: !!opencv-matrix
   rows: 3
   cols: 3
   dt: d
   data: [ 1.0256690045915433e+00, 7.3354920628806927e-03,
       3.7541293904854729e-02, -7.4888515270584736e-03,
       1.0283026236645962e+00, -4.4029115026326102e-02,
       -5.0337910540066665e-02, 4.4556315532810323e-02,
       1.0277451337738555e+00 ]
T: !!opencv-matrix
   rows: 3
   cols: 1
   dt: d
   data: [ -5.9014337153691329e+01, 3.7475219918556726e+00,
       3.7250427618852431e+00 ]
E: !!opencv-matrix
   rows: 0
   cols: 0
   dt: u
   data: []
F: !!opencv-matrix
   rows: 0
   cols: 0
   dt: u
   data: []
K1: !!opencv-matrix
   rows: 3
   cols: 3
   dt: d
   data: [ 3.6627756984521932e+02, 0., 3.8060969928433269e+02, 0.,
       3.6653175179255015e+02, 2.3878059668569790e+02, 0., 0., 1. ]
D1: !!opencv-matrix
   rows: 5
   cols: 1
   dt: d
   data: [ -2.1859934914563901e-02, -9.9468572971318997e-04,
       1.6448003429794193e-03, -3.1164985765511365e-04,
       3.5195408316194161e-04 ]
P1: !!opencv-matrix
   rows: 3
   cols: 4
   dt: f
   data: [ 3.72221527e+02, 0., 4.28430206e+02, 0., 0., 3.72221527e+02,
       2.33941605e+02, 0., 0., 0., 1., 0. ]
R1: !!opencv-matrix
   rows: 3
   cols: 3
   dt: f
   data: [ 9.96344626e-01, -5.63213862e-02, -6.42284378e-02,
       5.49102351e-02, 9.98214006e-01, -2.35297251e-02, 6.54389560e-02,
       1.99169163e-02, 9.97657776e-01 ]
K2: !!opencv-matrix
   rows: 3
   cols: 3
   dt: d
   data: [ 3.6687495098581172e+02, 0., 3.7621769200552956e+02, 0.,
       3.6726361788508825e+02, 2.2399932895774910e+02, 0., 0., 1. ]
D2: !!opencv-matrix
   rows: 5
   cols: 1
   dt: d
   data: [ -2.2201337830972428e-02, -1.1445843221826492e-03,
       2.9199201696882579e-04, -7.1705872414221615e-04,
       5.1284674356775366e-04 ]
P2: !!opencv-matrix
   rows: 3
   cols: 4
   dt: f
   data: [ 3.72221527e+02, 0., 4.28430206e+02, -3.06119609e+04, 0.,
       3.72221527e+02, 2.33941605e+02, 0., 0., 0., 1., 0. ]
R2: !!opencv-matrix
   rows: 3
   cols: 3
   dt: f
   data: [ 9.96015310e-01, -6.32493645e-02, -6.28729090e-02,
       6.46028072e-02, 9.97716010e-01, 1.97299551e-02, 6.14813976e-02,
       -2.37131026e-02, 9.97826517e-01 ]
