%YAML:1.0
---
Q: !!opencv-matrix
   rows: 4
   cols: 4
   dt: f
   data: [ 1., 0., 0., -4.30248657e+02, 0., 1., 0., -2.33902420e+02, 0.,
       0., 0., 3.65726624e+02, 0., 0., 5.90198906e-03, 0. ]
R: !!opencv-matrix
   rows: 3
   cols: 3
   dt: d
   data: [ 9.9312207948690912e-01, 1.2902910309359621e-02,
       -8.0983022423706062e-03, -8.8963437062307277e-03,
       1.0062714798982888e+00, 9.6079819057259559e-03,
       4.1093962917242693e-03, -9.4611690680944990e-03,
       1.0068231451283023e+00 ]
T: !!opencv-matrix
   rows: 3
   cols: 1
   dt: d
   data: [ -1.5950900687674496e+02, 1.0129109224034254e+01,
       1.0068082855002201e+01 ]
E: !!opencv-matrix
   rows: 0
   cols: 0
   dt: u
   data: []
F: !!opencv-matrix
   rows: 0
   cols: 0
   dt: u
   data: []
K1: !!opencv-matrix
   rows: 3
   cols: 3
   dt: d
   data: [ 3.6627756984521932e+02, 0., 3.8060969928433269e+02, 0.,
       3.6653175179255015e+02, 2.3878059668569790e+02, 0., 0., 1. ]
D1: !!opencv-matrix
   rows: 5
   cols: 1
   dt: d
   data: [ -2.1859934914563901e-02, -9.9468572971318997e-04,
       1.6448003429794193e-03, -3.1164985765511365e-04,
       3.5195408316194161e-04 ]
P1: !!opencv-matrix
   rows: 3
   cols: 4
   dt: f
   data: [ 3.65726624e+02, 0., 4.30248657e+02, 0., 0., 3.65726624e+02,
       2.33902420e+02, 0., 0., 0., 1., 0. ]
R1: !!opencv-matrix
   rows: 3
   cols: 3
   dt: f
   data: [ 9.96312261e-01, -5.11230305e-02, -6.89083040e-02,
       5.14303744e-02, 9.98672962e-01, 2.69234320e-03, 6.86792210e-02,
       -6.22639433e-03, 9.97619390e-01 ]
K2: !!opencv-matrix
   rows: 3
   cols: 3
   dt: d
   data: [ 3.6687495098581172e+02, 0., 3.7621769200552956e+02, 0.,
       3.6726361788508825e+02, 2.2399932895774910e+02, 0., 0., 1. ]
D2: !!opencv-matrix
   rows: 5
   cols: 1
   dt: d
   data: [ -2.2201337830972428e-02, -1.1445843221826492e-03,
       2.9199201696882579e-04, -7.1705872414221615e-04,
       5.1284674356775366e-04 ]
P2: !!opencv-matrix
   rows: 3
   cols: 4
   dt: f
   data: [ 3.65726624e+02, 0., 4.30248657e+02, -6.19666719e+04, 0.,
       3.65726624e+02, 2.33902420e+02, 0., 0., 0., 1., 0. ]
R2: !!opencv-matrix
   rows: 3
   cols: 3
   dt: f
   data: [ 9.96015668e-01, -6.32487908e-02, -6.28677085e-02,
       6.29672706e-02, 9.97994721e-01, -6.45119324e-03, 6.31496757e-02,
       2.46688165e-03, 9.98001039e-01 ]
