%YAML:1.0
---
Q: !!opencv-matrix
   rows: 4
   cols: 4
   dt: f
   data: [ 1., 0., 0., -2.06295898e+03, 0., 1., 0., -5.61421204e+02, 0.,
       0., 0., 3.62207718e+01, 0., 0., 8.62598270e-02, 0. ]
R: !!opencv-matrix
   rows: 3
   cols: 3
   dt: d
   data: [ 1.0841030443546444e+00, -3.8191683289344726e-02,
       2.8820219491702787e-02, 4.6170272669492689e-02,
       1.0599345008426873e+00, -4.4823770051548174e-02,
       -5.1147600348079920e-02, 4.8046043610082717e-02,
       1.0616501372077229e+00 ]
T: !!opencv-matrix
   rows: 3
   cols: 1
   dt: d
   data: [ 4.5233860062600918e+01, -2.8724798571486181e+00,
       -2.8550084574066021e+00 ]
E: !!opencv-matrix
   rows: 0
   cols: 0
   dt: u
   data: []
F: !!opencv-matrix
   rows: 0
   cols: 0
   dt: u
   data: []
K1: !!opencv-matrix
   rows: 3
   cols: 3
   dt: d
   data: [ 3.6627756984521932e+02, 0., 3.8060969928433269e+02, 0.,
       3.6653175179255015e+02, 2.3878059668569790e+02, 0., 0., 1. ]
D1: !!opencv-matrix
   rows: 5
   cols: 1
   dt: d
   data: [ -2.1859934914563901e-02, -9.9468572971318997e-04,
       1.6448003429794193e-03, -3.1164985765511365e-04,
       3.5195408316194161e-04 ]
P1: !!opencv-matrix
   rows: 3
   cols: 4
   dt: f
   data: [ 3.62207718e+01, 0., 2.06295898e+03, 0., 0., 3.62207718e+01,
       5.61421204e+02, 0., 0., 0., 1., 0. ]
R1: !!opencv-matrix
   rows: 3
   cols: 3
   dt: f
   data: [ 6.25147104e-01, -7.83136860e-02, 7.76568115e-01,
       1.04629815e-01, 9.94381726e-01, 1.60509702e-02, -7.73462176e-01,
       7.12179616e-02, 6.29828811e-01 ]
K2: !!opencv-matrix
   rows: 3
   cols: 3
   dt: d
   data: [ 3.6687495098581172e+02, 0., 3.7621769200552956e+02, 0.,
       3.6726361788508825e+02, 2.2399932895774910e+02, 0., 0., 1. ]
D2: !!opencv-matrix
   rows: 5
   cols: 1
   dt: d
   data: [ -2.2201337830972428e-02, -1.1445843221826492e-03,
       2.9199201696882579e-04, -7.1705872414221615e-04,
       5.1284674356775366e-04 ]
P2: !!opencv-matrix
   rows: 3
   cols: 4
   dt: f
   data: [ 3.62207718e+01, 0., 2.06295898e+03, -4.19903168e+02, 0.,
       3.62207718e+01, 5.61421204e+02, 0., 0., 0., 1., 0. ]
R2: !!opencv-matrix
   rows: 3
   cols: 3
   dt: f
   data: [ 6.52954340e-01, -1.01236396e-01, 7.50600934e-01,
       7.59144202e-02, 9.94783938e-01, 6.81316629e-02, -7.53583193e-01,
       1.24945687e-02, 6.57233834e-01 ]
