%YAML:1.0
---
Q: !!opencv-matrix
   rows: 4
   cols: 4
   dt: f
   data: [ 1., 0., 0., -3.82646729e+02, 0., 1., 0., -2.31851974e+02, 0.,
       0., 0., 3.58698120e+02, 0., 0., 5.54619730e-03, 0. ]
R: !!opencv-matrix
   rows: 3
   cols: 3
   dt: d
   data: [ 9.9994506664141491e-01, 9.7330255486768567e-03,
       -3.1531739110930344e-03, -9.6824937618862263e-03,
       9.9986014722231253e-01, 9.2342256189201725e-03,
       3.2432312026468664e-03, -9.2033545192438376e-03,
       9.9990197483632104e-01 ]
T: !!opencv-matrix
   rows: 3
   cols: 1
   dt: d
   data: [ -1.8031330791103326e+02, 8.6772799100668097e-01,
       7.9796067773940205e-01 ]
E: !!opencv-matrix
   rows: 0
   cols: 0
   dt: u
   data: []
F: !!opencv-matrix
   rows: 0
   cols: 0
   dt: u
   data: []
K1: !!opencv-matrix
   rows: 3
   cols: 3
   dt: d
   data: [ 3.6627756984521932e+02, 0., 3.8060969928433269e+02, 0.,
       3.6653175179255015e+02, 2.3878059668569790e+02, 0., 0., 1. ]
D1: !!opencv-matrix
   rows: 5
   cols: 1
   dt: d
   data: [ -2.1859934914563901e-02, -9.9468572971318997e-04,
       1.6448003429794193e-03, -3.1164985765511365e-04,
       3.5195408316194161e-04 ]
P1: !!opencv-matrix
   rows: 3
   cols: 4
   dt: f
   data: [ 3.58698120e+02, 0., 3.82646729e+02, 0., 0., 3.58698120e+02,
       2.31851974e+02, 0., 0., 0., 1., 0. ]
R1: !!opencv-matrix
   rows: 3
   cols: 3
   dt: f
   data: [ 9.99958694e-01, 4.95151803e-03, -7.62278913e-03,
       -4.91643744e-03, 9.99977291e-01, 4.61393036e-03, 7.64546171e-03,
       -4.57626302e-03, 9.99960303e-01 ]
K2: !!opencv-matrix
   rows: 3
   cols: 3
   dt: d
   data: [ 3.6687495098581172e+02, 0., 3.7621769200552956e+02, 0.,
       3.6726361788508825e+02, 2.2399932895774910e+02, 0., 0., 1. ]
D2: !!opencv-matrix
   rows: 5
   cols: 1
   dt: d
   data: [ -2.2201337830972428e-02, -1.1445843221826492e-03,
       2.9199201696882579e-04, -7.1705872414221615e-04,
       5.1284674356775366e-04 ]
P2: !!opencv-matrix
   rows: 3
   cols: 4
   dt: f
   data: [ 3.58698120e+02, 0., 3.82646729e+02, -6.46746016e+04, 0.,
       3.58698120e+02, 2.31851974e+02, 0., 0., 0., 1., 0. ]
R2: !!opencv-matrix
   rows: 3
   cols: 3
   dt: f
   data: [ 9.99978602e-01, -4.81223175e-03, -4.42531705e-03,
       4.79184603e-03, 9.99977887e-01, -4.60577151e-03, 4.44738334e-03,
       4.58446750e-03, 9.99979615e-01 ]
