%YAML:1.0
---
Q: !!opencv-matrix
   rows: 4
   cols: 4
   dt: f
   data: [ 1., 0., 0., -4.26419464e+02, 0., 1., 0., -2.31784470e+02, 0.,
       0., 0., 3.55956573e+02, 0., 0., 8.23470019e-03, 0. ]
R: !!opencv-matrix
   rows: 3
   cols: 3
   dt: d
   data: [ 1.0129260828412596e+00, 9.8337159130818651e-03,
       -4.6505640249558120e-03, -9.8099329755772981e-03,
       1.0131713219917555e+00, 9.3635893656059694e-03,
       3.3030146912771713e-03, -9.3250504980902510e-03,
       1.0133008348134755e+00 ]
T: !!opencv-matrix
   rows: 3
   cols: 1
   dt: d
   data: [ -1.2136076607884320e+02, 5.3533806177100751e-01,
       7.2340517186004751e+00 ]
E: !!opencv-matrix
   rows: 0
   cols: 0
   dt: u
   data: []
F: !!opencv-matrix
   rows: 0
   cols: 0
   dt: u
   data: []
K1: !!opencv-matrix
   rows: 3
   cols: 3
   dt: d
   data: [ 3.6627756984521932e+02, 0., 3.8060969928433269e+02, 0.,
       3.6653175179255015e+02, 2.3878059668569790e+02, 0., 0., 1. ]
D1: !!opencv-matrix
   rows: 5
   cols: 1
   dt: d
   data: [ -2.1859934914563901e-02, -9.9468572971318997e-04,
       1.6448003429794193e-03, -3.1164985765511365e-04,
       3.5195408316194161e-04 ]
P1: !!opencv-matrix
   rows: 3
   cols: 4
   dt: f
   data: [ 3.55956573e+02, 0., 4.26419464e+02, 0., 0., 3.55956573e+02,
       2.31784470e+02, 0., 0., 0., 1., 0. ]
R1: !!opencv-matrix
   rows: 3
   cols: 3
   dt: f
   data: [ 9.97948408e-01, 5.83057618e-03, -6.37571961e-02,
       -5.54613536e-03, 9.99973893e-01, 4.63738572e-03, 6.37825653e-02,
       -4.27426584e-03, 9.97954667e-01 ]
K2: !!opencv-matrix
   rows: 3
   cols: 3
   dt: d
   data: [ 3.6687495098581172e+02, 0., 3.7621769200552956e+02, 0.,
       3.6726361788508825e+02, 2.2399932895774910e+02, 0., 0., 1. ]
D2: !!opencv-matrix
   rows: 5
   cols: 1
   dt: d
   data: [ -2.2201337830972428e-02, -1.1445843221826492e-03,
       2.9199201696882579e-04, -7.1705872414221615e-04,
       5.1284674356775366e-04 ]
P2: !!opencv-matrix
   rows: 3
   cols: 4
   dt: f
   data: [ 3.55956573e+02, 0., 4.26419464e+02, -4.32264180e+04, 0.,
       3.55956573e+02, 2.31784470e+02, 0., 0., 0., 1., 0. ]
R2: !!opencv-matrix
   rows: 3
   cols: 3
   dt: f
   data: [ 9.98218477e-01, -4.40327125e-03, -5.95016368e-02,
       4.13784431e-03, 9.99980927e-01, -4.58331360e-03, 5.95206842e-02,
       4.32894006e-03, 9.98217702e-01 ]
