%YAML:1.0
---
Q: !!opencv-matrix
   rows: 4
   cols: 4
   dt: f
   data: [ 1., 0., 0., -4.48905609e+02, 0., 1., 0., -2.31708542e+02, 0.,
       0., 0., 3.55584961e+02, 0., 0., 8.55297409e-03, 0. ]
R: !!opencv-matrix
   rows: 3
   cols: 3
   dt: d
   data: [ 1.0101568604126165e+00, 1.0305770563854403e-02,
       -6.3571296637231385e-03, -9.8137277380415857e-03,
       1.0162055353967354e+00, 9.3991085565293259e-03,
       3.8279010186655213e-03, -9.3915086703778971e-03,
       1.0165257002847941e+00 ]
T: !!opencv-matrix
   rows: 3
   cols: 1
   dt: d
   data: [ -1.1430552109708839e+02, 5.0424081813940735e-01,
       9.9894925010582121e+00 ]
E: !!opencv-matrix
   rows: 0
   cols: 0
   dt: u
   data: []
F: !!opencv-matrix
   rows: 0
   cols: 0
   dt: u
   data: []
K1: !!opencv-matrix
   rows: 3
   cols: 3
   dt: d
   data: [ 3.6627756984521932e+02, 0., 3.8060969928433269e+02, 0.,
       3.6653175179255015e+02, 2.3878059668569790e+02, 0., 0., 1. ]
D1: !!opencv-matrix
   rows: 5
   cols: 1
   dt: d
   data: [ -2.1859934914563901e-02, -9.9468572971318997e-04,
       1.6448003429794193e-03, -3.1164985765511365e-04,
       3.5195408316194161e-04 ]
P1: !!opencv-matrix
   rows: 3
   cols: 4
   dt: f
   data: [ 3.55584961e+02, 0., 4.48905609e+02, 0., 0., 3.55584961e+02,
       2.31708542e+02, 0., 0., 0., 1., 0. ]
R1: !!opencv-matrix
   rows: 3
   cols: 3
   dt: f
   data: [ 9.95735049e-01, 6.39984338e-03, -9.20366496e-02,
       -5.99485124e-03, 9.99971092e-01, 4.67612641e-03, 9.20639113e-02,
       -4.10443731e-03, 9.95744646e-01 ]
K2: !!opencv-matrix
   rows: 3
   cols: 3
   dt: d
   data: [ 3.6687495098581172e+02, 0., 3.7621769200552956e+02, 0.,
       3.6726361788508825e+02, 2.2399932895774910e+02, 0., 0., 1. ]
D2: !!opencv-matrix
   rows: 5
   cols: 1
   dt: d
   data: [ -2.2201337830972428e-02, -1.1445843221826492e-03,
       2.9199201696882579e-04, -7.1705872414221615e-04,
       5.1284674356775366e-04 ]
P2: !!opencv-matrix
   rows: 3
   cols: 4
   dt: f
   data: [ 3.55584961e+02, 0., 4.48905609e+02, -4.15744258e+04, 0.,
       3.55584961e+02, 2.31708542e+02, 0., 0., 0., 1., 0. ]
R2: !!opencv-matrix
   rows: 3
   cols: 3
   dt: f
   data: [ 9.96193349e-01, -4.39454988e-03, -8.70602205e-02,
       4.01151553e-03, 9.99981463e-01, -4.57411353e-03, 8.70787129e-02,
       4.20745835e-03, 9.96192575e-01 ]
