%YAML:1.0
---
Q: !!opencv-matrix
   rows: 4
   cols: 4
   dt: f
   data: [ 1., 0., 0., -4.04335388e+02, 0., 1., 0., -2.31828262e+02, 0.,
       0., 0., 3.56233368e+02, 0., 0., 7.58161442e-03, 0. ]
R: !!opencv-matrix
   rows: 3
   cols: 3
   dt: d
   data: [ 1.0109643885111905e+00, 9.8374278149917505e-03,
       -3.8610434116437657e-03, -9.7898559310550682e-03,
       1.0109990993782225e+00, 9.3400693490947716e-03,
       3.2812441683624468e-03, -9.3058548366881898e-03,
       1.0110634248688408e+00 ]
T: !!opencv-matrix
   rows: 3
   cols: 1
   dt: d
   data: [ -1.3224121008936956e+02, 5.8337129599056714e-01,
       4.2084123108656577e+00 ]
E: !!opencv-matrix
   rows: 0
   cols: 0
   dt: u
   data: []
F: !!opencv-matrix
   rows: 0
   cols: 0
   dt: u
   data: []
K1: !!opencv-matrix
   rows: 3
   cols: 3
   dt: d
   data: [ 3.6627756984521932e+02, 0., 3.8060969928433269e+02, 0.,
       3.6653175179255015e+02, 2.3878059668569790e+02, 0., 0., 1. ]
D1: !!opencv-matrix
   rows: 5
   cols: 1
   dt: d
   data: [ -2.1859934914563901e-02, -9.9468572971318997e-04,
       1.6448003429794193e-03, -3.1164985765511365e-04,
       3.5195408316194161e-04 ]
P1: !!opencv-matrix
   rows: 3
   cols: 4
   dt: f
   data: [ 3.56233368e+02, 0., 4.04335388e+02, 0., 0., 3.56233368e+02,
       2.31828262e+02, 0., 0., 0., 1., 0. ]
R1: !!opencv-matrix
   rows: 3
   cols: 3
   dt: f
   data: [ 9.99349535e-01, 5.59085561e-03, -3.56258489e-02,
       -5.42947557e-03, 9.99974549e-01, 4.62499866e-03, 3.56508009e-02,
       -4.42856085e-03, 9.99354482e-01 ]
K2: !!opencv-matrix
   rows: 3
   cols: 3
   dt: d
   data: [ 3.6687495098581172e+02, 0., 3.7621769200552956e+02, 0.,
       3.6726361788508825e+02, 2.2399932895774910e+02, 0., 0., 1. ]
D2: !!opencv-matrix
   rows: 5
   cols: 1
   dt: d
   data: [ -2.2201337830972428e-02, -1.1445843221826492e-03,
       2.9199201696882579e-04, -7.1705872414221615e-04,
       5.1284674356775366e-04 ]
P2: !!opencv-matrix
   rows: 3
   cols: 4
   dt: f
   data: [ 3.56233368e+02, 0., 4.04335388e+02, -4.69864766e+04, 0.,
       3.56233368e+02, 2.31828262e+02, 0., 0., 0., 1., 0. ]
R2: !!opencv-matrix
   rows: 3
   cols: 3
   dt: f
   data: [ 9.99484301e-01, -4.40914324e-03, -3.18073481e-02,
       4.26507136e-03, 9.99980330e-01, -4.59594792e-03, 3.18269879e-02,
       4.45791706e-03, 9.99483466e-01 ]
