%YAML:1.0
---
Q: !!opencv-matrix
   rows: 4
   cols: 4
   dt: f
   data: [ 1., 0., 0., -3.82384918e+02, 0., 1., 0., -2.31849762e+02, 0.,
       0., 0., 3.58613129e+02, 0., 0., 6.94045750e-03, 0. ]
R: !!opencv-matrix
   rows: 3
   cols: 3
   dt: d
   data: [ 1.0088668267021608e+00, 9.8225896586738859e-03,
       -3.2924738844748807e-03, -9.7690573091904643e-03,
       1.0088092824778705e+00, 9.3174059444915830e-03,
       3.2718718523090831e-03, -9.2855269623966664e-03,
       1.0088523167917138e+00 ]
T: !!opencv-matrix
   rows: 3
   cols: 1
   dt: d
   data: [ -1.4446508188951171e+02, 6.3715755152747167e-01,
       5.8490594666465279e-01 ]
E: !!opencv-matrix
   rows: 0
   cols: 0
   dt: u
   data: []
F: !!opencv-matrix
   rows: 0
   cols: 0
   dt: u
   data: []
K1: !!opencv-matrix
   rows: 3
   cols: 3
   dt: d
   data: [ 3.6627756984521932e+02, 0., 3.8060969928433269e+02, 0.,
       3.6653175179255015e+02, 2.3878059668569790e+02, 0., 0., 1. ]
D1: !!opencv-matrix
   rows: 5
   cols: 1
   dt: d
   data: [ -2.1859934914563901e-02, -9.9468572971318997e-04,
       1.6448003429794193e-03, -3.1164985765511365e-04,
       3.5195408316194161e-04 ]
P1: !!opencv-matrix
   rows: 3
   cols: 4
   dt: f
   data: [ 3.58613129e+02, 0., 3.82384918e+02, 0., 0., 3.58613129e+02,
       2.31849762e+02, 0., 0., 0., 1., 0. ]
R1: !!opencv-matrix
   rows: 3
   cols: 3
   dt: f
   data: [ 9.99958754e-01, 5.35075925e-03, -7.33697880e-03,
       -5.31698018e-03, 9.99975204e-01, 4.61576972e-03, 7.36149447e-03,
       -4.57656896e-03, 9.99962449e-01 ]
K2: !!opencv-matrix
   rows: 3
   cols: 3
   dt: d
   data: [ 3.6687495098581172e+02, 0., 3.7621769200552956e+02, 0.,
       3.6726361788508825e+02, 2.2399932895774910e+02, 0., 0., 1. ]
D2: !!opencv-matrix
   rows: 5
   cols: 1
   dt: d
   data: [ -2.2201337830972428e-02, -1.1445843221826492e-03,
       2.9199201696882579e-04, -7.1705872414221615e-04,
       5.1284674356775366e-04 ]
P2: !!opencv-matrix
   rows: 3
   cols: 4
   dt: f
   data: [ 3.58613129e+02, 0., 3.82384918e+02, -5.16699570e+04, 0.,
       3.58613129e+02, 2.31849762e+02, 0., 0., 0., 1., 0. ]
R2: !!opencv-matrix
   rows: 3
   cols: 3
   dt: f
   data: [ 9.99982059e-01, -4.41038283e-03, -4.04872885e-03,
       4.39172750e-03, 9.99979734e-01, -4.60512750e-03, 4.06895718e-03,
       4.58726427e-03, 9.99981225e-01 ]
