%YAML:1.0
---
Q: !!opencv-matrix
   rows: 4
   cols: 4
   dt: f
   data: [ 1., 0., 0., -4.04544098e+02, 0., 1., 0., -2.31822876e+02, 0.,
       0., 0., 3.56446503e+02, 0., 0., 6.89526694e-03, 0. ]
R: !!opencv-matrix
   rows: 3
   cols: 3
   dt: d
   data: [ 1.0032470108862668e+00, 1.0484910656202497e-02,
       -5.7845588191677332e-03, -9.7595106097378842e-03,
       1.0116978816274973e+00, 9.3550248822816054e-03,
       3.5514400090940722e-03, -9.3326969772053771e-03,
       1.0118262083291125e+00 ]
T: !!opencv-matrix
   rows: 3
   cols: 1
   dt: d
   data: [ -1.4189247757909720e+02, 6.2594685884565848e-01,
       4.5155443645169102e+00 ]
E: !!opencv-matrix
   rows: 0
   cols: 0
   dt: u
   data: []
F: !!opencv-matrix
   rows: 0
   cols: 0
   dt: u
   data: []
K1: !!opencv-matrix
   rows: 3
   cols: 3
   dt: d
   data: [ 3.6627756984521932e+02, 0., 3.8060969928433269e+02, 0.,
       3.6653175179255015e+02, 2.3878059668569790e+02, 0., 0., 1. ]
D1: !!opencv-matrix
   rows: 5
   cols: 1
   dt: d
   data: [ -2.1859934914563901e-02, -9.9468572971318997e-04,
       1.6448003429794193e-03, -3.1164985765511365e-04,
       3.5195408316194161e-04 ]
P1: !!opencv-matrix
   rows: 3
   cols: 4
   dt: f
   data: [ 3.56446503e+02, 0., 4.04544098e+02, 0., 0., 3.56446503e+02,
       2.31822876e+02, 0., 0., 0., 1., 0. ]
R1: !!opencv-matrix
   rows: 3
   cols: 3
   dt: f
   data: [ 9.99328315e-01, 5.97765669e-03, -3.61544192e-02,
       -5.81378303e-03, 9.99972343e-01, 4.63604182e-03, 3.61811332e-02,
       -4.42273403e-03, 9.99335468e-01 ]
K2: !!opencv-matrix
   rows: 3
   cols: 3
   dt: d
   data: [ 3.6687495098581172e+02, 0., 3.7621769200552956e+02, 0.,
       3.6726361788508825e+02, 2.2399932895774910e+02, 0., 0., 1. ]
D2: !!opencv-matrix
   rows: 5
   cols: 1
   dt: d
   data: [ -2.2201337830972428e-02, -1.1445843221826492e-03,
       2.9199201696882579e-04, -7.1705872414221615e-04,
       5.1284674356775366e-04 ]
P2: !!opencv-matrix
   rows: 3
   cols: 4
   dt: f
   data: [ 3.56446503e+02, 0., 4.04544098e+02, -5.16943750e+04, 0.,
       3.56446503e+02, 2.31822876e+02, 0., 0., 0., 1., 0. ]
R2: !!opencv-matrix
   rows: 3
   cols: 3
   dt: f
   data: [ 9.99484301e-01, -4.40914091e-03, -3.18072699e-02,
       4.26498568e-03, 9.99980330e-01, -4.59857937e-03, 3.18269208e-02,
       4.46055038e-03, 9.99483466e-01 ]
