%YAML:1.0
---
Q: !!opencv-matrix
   rows: 4
   cols: 4
   dt: f
   data: [ 1., 0., 0., -4.48777069e+02, 0., 1., 0., -2.31706055e+02, 0.,
       0., 0., 3.55658630e+02, 0., 0., 8.23506247e-03, 0. ]
R: !!opencv-matrix
   rows: 3
   cols: 3
   dt: d
   data: [ 1.0074278627843793e+00, 1.0602796141674737e-02,
       -5.8658340532856106e-03, -9.8020613694958913e-03,
       1.0162747796731553e+00, 9.3975919740316178e-03,
       4.0727879724245970e-03, -9.4180534540198313e-03,
       1.0165533009662342e+00 ]
T: !!opencv-matrix
   rows: 3
   cols: 1
   dt: d
   data: [ -1.1860258508175825e+02, 5.2319653095048346e-01,
       1.0365021399272113e+01 ]
E: !!opencv-matrix
   rows: 0
   cols: 0
   dt: u
   data: []
F: !!opencv-matrix
   rows: 0
   cols: 0
   dt: u
   data: []
K1: !!opencv-matrix
   rows: 3
   cols: 3
   dt: d
   data: [ 3.6627756984521932e+02, 0., 3.8060969928433269e+02, 0.,
       3.6653175179255015e+02, 2.3878059668569790e+02, 0., 0., 1. ]
D1: !!opencv-matrix
   rows: 5
   cols: 1
   dt: d
   data: [ -2.1859934914563901e-02, -9.9468572971318997e-04,
       1.6448003429794193e-03, -3.1164985765511365e-04,
       3.5195408316194161e-04 ]
P1: !!opencv-matrix
   rows: 3
   cols: 4
   dt: f
   data: [ 3.55658630e+02, 0., 4.48777069e+02, 0., 0., 3.55658630e+02,
       2.31706055e+02, 0., 0., 0., 1., 0. ]
R1: !!opencv-matrix
   rows: 3
   cols: 3
   dt: f
   data: [ 9.95763302e-01, 6.51444308e-03, -9.17227194e-02,
       -6.11055084e-03, 9.99970376e-01, 4.68354998e-03, 9.17505100e-02,
       -4.10323078e-03, 9.95773554e-01 ]
K2: !!opencv-matrix
   rows: 3
   cols: 3
   dt: d
   data: [ 3.6687495098581172e+02, 0., 3.7621769200552956e+02, 0.,
       3.6726361788508825e+02, 2.2399932895774910e+02, 0., 0., 1. ]
D2: !!opencv-matrix
   rows: 5
   cols: 1
   dt: d
   data: [ -2.2201337830972428e-02, -1.1445843221826492e-03,
       2.9199201696882579e-04, -7.1705872414221615e-04,
       5.1284674356775366e-04 ]
P2: !!opencv-matrix
   rows: 3
   cols: 4
   dt: f
   data: [ 3.55658630e+02, 0., 4.48777069e+02, -4.31883359e+04, 0.,
       3.55658630e+02, 2.31706055e+02, 0., 0., 0., 1., 0. ]
R2: !!opencv-matrix
   rows: 3
   cols: 3
   dt: f
   data: [ 9.96193349e-01, -4.39454848e-03, -8.70601833e-02,
       4.01124591e-03, 9.99981463e-01, -4.57718549e-03, 8.70786831e-02,
       4.21054196e-03, 9.96192515e-01 ]
