%YAML:1.0
---
Q: !!opencv-matrix
   rows: 4
   cols: 4
   dt: f
   data: [ 1., 0., 0., -4.04782837e+02, 0., 1., 0., -2.31825272e+02, 0.,
       0., 0., 3.56284058e+02, 0., 0., 7.53630372e-03, 0. ]
R: !!opencv-matrix
   rows: 3
   cols: 3
   dt: d
   data: [ 1.0104693827630424e+00, 9.7832481105670638e-03,
       -5.7415129072994698e-03, -9.7877257538123708e-03,
       1.0110094900107240e+00, 9.3484584893776604e-03,
       3.2973533164414757e-03, -9.3042211531865274e-03,
       1.0111334189598666e+00 ]
T: !!opencv-matrix
   rows: 3
   cols: 1
   dt: d
   data: [ -1.3218470882803135e+02, 5.8312205470749656e-01,
       4.2066146070737549e+00 ]
E: !!opencv-matrix
   rows: 0
   cols: 0
   dt: u
   data: []
F: !!opencv-matrix
   rows: 0
   cols: 0
   dt: u
   data: []
K1: !!opencv-matrix
   rows: 3
   cols: 3
   dt: d
   data: [ 3.6627756984521932e+02, 0., 3.8060969928433269e+02, 0.,
       3.6653175179255015e+02, 2.3878059668569790e+02, 0., 0., 1. ]
D1: !!opencv-matrix
   rows: 5
   cols: 1
   dt: d
   data: [ -2.1859934914563901e-02, -9.9468572971318997e-04,
       1.6448003429794193e-03, -3.1164985765511365e-04,
       3.5195408316194161e-04 ]
P1: !!opencv-matrix
   rows: 3
   cols: 4
   dt: f
   data: [ 3.56284058e+02, 0., 4.04782837e+02, 0., 0., 3.56284058e+02,
       2.31825272e+02, 0., 0., 0., 1., 0. ]
R1: !!opencv-matrix
   rows: 3
   cols: 3
   dt: f
   data: [ 9.99307811e-01, 5.70076611e-03, -3.67606170e-02,
       -5.53426798e-03, 9.99973953e-01, 4.62940801e-03, 3.67860496e-02,
       -4.42276057e-03, 9.99313354e-01 ]
K2: !!opencv-matrix
   rows: 3
   cols: 3
   dt: d
   data: [ 3.6687495098581172e+02, 0., 3.7621769200552956e+02, 0.,
       3.6726361788508825e+02, 2.2399932895774910e+02, 0., 0., 1. ]
D2: !!opencv-matrix
   rows: 5
   cols: 1
   dt: d
   data: [ -2.2201337830972428e-02, -1.1445843221826492e-03,
       2.9199201696882579e-04, -7.1705872414221615e-04,
       5.1284674356775366e-04 ]
P2: !!opencv-matrix
   rows: 3
   cols: 4
   dt: f
   data: [ 3.56284058e+02, 0., 4.04782837e+02, -4.72757031e+04, 0.,
       3.56284058e+02, 2.31825272e+02, 0., 0., 0., 1., 0. ]
R2: !!opencv-matrix
   rows: 3
   cols: 3
   dt: f
   data: [ 9.99484301e-01, -4.40914324e-03, -3.18073407e-02,
       4.26509185e-03, 9.99980330e-01, -4.59529972e-03, 3.18269767e-02,
       4.45726840e-03, 9.99483466e-01 ]
