%YAML:1.0
---
Q: !!opencv-matrix
   rows: 4
   cols: 4
   dt: f
   data: [ 1., 0., 0., -4.48201569e+02, 0., 1., 0., -2.31719589e+02, 0.,
       0., 0., 3.55464020e+02, 0., 0., 8.52808263e-03, 0. ]
R: !!opencv-matrix
   rows: 3
   cols: 3
   dt: d
   data: [ 1.0140669589237354e+00, 9.8714580393362474e-03,
       -3.3998026192155442e-03, -9.8199388604908022e-03,
       1.0141138283960618e+00, 9.3667568981048634e-03,
       3.2964329259760634e-03, -9.3360638653265278e-03,
       1.0141742045288127e+00 ]
T: !!opencv-matrix
   rows: 3
   cols: 1
   dt: d
   data: [ -1.1768711621268285e+02, 5.1915836723887521e-01,
       1.0285025547052932e+01 ]
E: !!opencv-matrix
   rows: 0
   cols: 0
   dt: u
   data: []
F: !!opencv-matrix
   rows: 0
   cols: 0
   dt: u
   data: []
K1: !!opencv-matrix
   rows: 3
   cols: 3
   dt: d
   data: [ 3.6627756984521932e+02, 0., 3.8060969928433269e+02, 0.,
       3.6653175179255015e+02, 2.3878059668569790e+02, 0., 0., 1. ]
D1: !!opencv-matrix
   rows: 5
   cols: 1
   dt: d
   data: [ -2.1859934914563901e-02, -9.9468572971318997e-04,
       1.6448003429794193e-03, -3.1164985765511365e-04,
       3.5195408316194161e-04 ]
P1: !!opencv-matrix
   rows: 3
   cols: 4
   dt: f
   data: [ 3.55464020e+02, 0., 4.48201569e+02, 0., 0., 3.55464020e+02,
       2.31719589e+02, 0., 0., 0., 1., 0. ]
R1: !!opencv-matrix
   rows: 3
   cols: 3
   dt: f
   data: [ 9.95894372e-01, 6.09477144e-03, -9.03177336e-02,
       -5.69773884e-03, 9.99972939e-01, 4.65313205e-03, 9.03436542e-02,
       -4.11942089e-03, 9.95902121e-01 ]
K2: !!opencv-matrix
   rows: 3
   cols: 3
   dt: d
   data: [ 3.6687495098581172e+02, 0., 3.7621769200552956e+02, 0.,
       3.6726361788508825e+02, 2.2399932895774910e+02, 0., 0., 1. ]
D2: !!opencv-matrix
   rows: 5
   cols: 1
   dt: d
   data: [ -2.2201337830972428e-02, -1.1445843221826492e-03,
       2.9199201696882579e-04, -7.1705872414221615e-04,
       5.1284674356775366e-04 ]
P2: !!opencv-matrix
   rows: 3
   cols: 4
   dt: f
   data: [ 3.55464020e+02, 0., 4.48201569e+02, -4.16815859e+04, 0.,
       3.55464020e+02, 2.31719589e+02, 0., 0., 0., 1., 0. ]
R2: !!opencv-matrix
   rows: 3
   cols: 3
   dt: f
   data: [ 9.96193349e-01, -4.39455081e-03, -8.70602652e-02,
       4.01188154e-03, 9.99981523e-01, -4.56994120e-03, 8.70787427e-02,
       4.20326926e-03, 9.96192575e-01 ]
