%YAML:1.0
---
Q: !!opencv-matrix
   rows: 4
   cols: 4
   dt: f
   data: [ 1., 0., 0., -4.04219604e+02, 0., 1., 0., -2.31828583e+02, 0.,
       0., 0., 3.56241394e+02, 0., 0., 7.55803939e-03, 0. ]
R: !!opencv-matrix
   rows: 3
   cols: 3
   dt: d
   data: [ 1.0109161824322428e+00, 9.8454145541822715e-03,
       -3.4999686931575379e-03, -9.7892167484666271e-03,
       1.0109182561179646e+00, 9.3377310101935319e-03,
       3.2799509257320516e-03, -9.3053967538816711e-03,
       1.0109711294339203e+00 ]
T: !!opencv-matrix
   rows: 3
   cols: 1
   dt: d
   data: [ -1.3276288797918664e+02, 5.8567324057257075e-01,
       4.2250287214743221e+00 ]
E: !!opencv-matrix
   rows: 0
   cols: 0
   dt: u
   data: []
F: !!opencv-matrix
   rows: 0
   cols: 0
   dt: u
   data: []
K1: !!opencv-matrix
   rows: 3
   cols: 3
   dt: d
   data: [ 3.6627756984521932e+02, 0., 3.8060969928433269e+02, 0.,
       3.6653175179255015e+02, 2.3878059668569790e+02, 0., 0., 1. ]
D1: !!opencv-matrix
   rows: 5
   cols: 1
   dt: d
   data: [ -2.1859934914563901e-02, -9.9468572971318997e-04,
       1.6448003429794193e-03, -3.1164985765511365e-04,
       3.5195408316194161e-04 ]
P1: !!opencv-matrix
   rows: 3
   cols: 4
   dt: f
   data: [ 3.56241394e+02, 0., 4.04219604e+02, 0., 0., 3.56241394e+02,
       2.31828583e+02, 0., 0., 0., 1., 0. ]
R1: !!opencv-matrix
   rows: 3
   cols: 3
   dt: f
   data: [ 9.99359965e-01, 5.60002681e-03, -3.53320763e-02,
       -5.43995993e-03, 9.99974489e-01, 4.62487107e-03, 3.53570767e-02,
       -4.42970591e-03, 9.99364913e-01 ]
K2: !!opencv-matrix
   rows: 3
   cols: 3
   dt: d
   data: [ 3.6687495098581172e+02, 0., 3.7621769200552956e+02, 0.,
       3.6726361788508825e+02, 2.2399932895774910e+02, 0., 0., 1. ]
D2: !!opencv-matrix
   rows: 5
   cols: 1
   dt: d
   data: [ -2.2201337830972428e-02, -1.1445843221826492e-03,
       2.9199201696882579e-04, -7.1705872414221615e-04,
       5.1284674356775366e-04 ]
P2: !!opencv-matrix
   rows: 3
   cols: 4
   dt: f
   data: [ 3.56241394e+02, 0., 4.04219604e+02, -4.71340977e+04, 0.,
       3.56241394e+02, 2.31828583e+02, 0., 0., 0., 1., 0. ]
R2: !!opencv-matrix
   rows: 3
   cols: 3
   dt: f
   data: [ 9.99484301e-01, -4.40914324e-03, -3.18073481e-02,
       4.26505553e-03, 9.99980330e-01, -4.59644431e-03, 3.18269879e-02,
       4.45841393e-03, 9.99483466e-01 ]
