%YAML:1.0
---
Q: !!opencv-matrix
   rows: 4
   cols: 4
   dt: f
   data: [ 1., 0., 0., -3.82367920e+02, 0., 1., 0., -2.31849823e+02, 0.,
       0., 0., 3.58605713e+02, 0., 0., 6.80921739e-03, 0. ]
R: !!opencv-matrix
   rows: 3
   cols: 3
   dt: d
   data: [ 1.0084163342122987e+00, 9.8178205991075358e-03,
       -3.2572531606589522e-03, -9.7646921026243502e-03,
       1.0083582367958859e+00, 9.3130912478554973e-03,
       3.2704058502013534e-03, -9.2813729967758385e-03,
       1.0084011141718572e+00 ]
T: !!opencv-matrix
   rows: 3
   cols: 1
   dt: d
   data: [ -1.4721472606041399e+02, 6.4928466210451818e-01,
       5.9603657582402292e-01 ]
E: !!opencv-matrix
   rows: 0
   cols: 0
   dt: u
   data: []
F: !!opencv-matrix
   rows: 0
   cols: 0
   dt: u
   data: []
K1: !!opencv-matrix
   rows: 3
   cols: 3
   dt: d
   data: [ 3.6627756984521932e+02, 0., 3.8060969928433269e+02, 0.,
       3.6653175179255015e+02, 2.3878059668569790e+02, 0., 0., 1. ]
D1: !!opencv-matrix
   rows: 5
   cols: 1
   dt: d
   data: [ -2.1859934914563901e-02, -9.9468572971318997e-04,
       1.6448003429794193e-03, -3.1164985765511365e-04,
       3.5195408316194161e-04 ]
P1: !!opencv-matrix
   rows: 3
   cols: 4
   dt: f
   data: [ 3.58605713e+02, 0., 3.82367920e+02, 0., 0., 3.58605713e+02,
       2.31849823e+02, 0., 0., 0., 1., 0. ]
R1: !!opencv-matrix
   rows: 3
   cols: 3
   dt: f
   data: [ 9.99959111e-01, 5.34966076e-03, -7.29354378e-03,
       -5.31608053e-03, 9.99975204e-01, 4.61570639e-03, 7.31805526e-03,
       -4.57674451e-03, 9.99962747e-01 ]
K2: !!opencv-matrix
   rows: 3
   cols: 3
   dt: d
   data: [ 3.6687495098581172e+02, 0., 3.7621769200552956e+02, 0.,
       3.6726361788508825e+02, 2.2399932895774910e+02, 0., 0., 1. ]
D2: !!opencv-matrix
   rows: 5
   cols: 1
   dt: d
   data: [ -2.2201337830972428e-02, -1.1445843221826492e-03,
       2.9199201696882579e-04, -7.1705872414221615e-04,
       5.1284674356775366e-04 ]
P2: !!opencv-matrix
   rows: 3
   cols: 4
   dt: f
   data: [ 3.58605713e+02, 0., 3.82367920e+02, -5.26647422e+04, 0.,
       3.58605713e+02, 2.31849823e+02, 0., 0., 0., 1., 0. ]
R2: !!opencv-matrix
   rows: 3
   cols: 3
   dt: f
   data: [ 9.99982059e-01, -4.41038143e-03, -4.04869439e-03,
       4.39172564e-03, 9.99979734e-01, -4.60518338e-03, 4.06892318e-03,
       4.58732015e-03, 9.99981225e-01 ]
