%YAML:1.0
---
Q: !!opencv-matrix
   rows: 4
   cols: 4
   dt: f
   data: [ 1., 0., 0., -3.82368958e+02, 0., 1., 0., -2.31849808e+02, 0.,
       0., 0., 3.58606171e+02, 0., 0., 6.87372545e-03, 0. ]
R: !!opencv-matrix
   rows: 3
   cols: 3
   dt: d
   data: [ 1.0086400726044913e+00, 9.8199287145995517e-03,
       -3.2615509488686393e-03, -9.7668610409377583e-03,
       1.0085824258213503e+00, 9.3151775885170207e-03,
       3.2711349189292866e-03, -9.2834363097824748e-03,
       1.0086253268122329e+00 ]
T: !!opencv-matrix
   rows: 3
   cols: 1
   dt: d
   data: [ -1.4584523502611557e+02, 6.4324458380356109e-01,
       5.9049203265946315e-01 ]
E: !!opencv-matrix
   rows: 0
   cols: 0
   dt: u
   data: []
F: !!opencv-matrix
   rows: 0
   cols: 0
   dt: u
   data: []
K1: !!opencv-matrix
   rows: 3
   cols: 3
   dt: d
   data: [ 3.6627756984521932e+02, 0., 3.8060969928433269e+02, 0.,
       3.6653175179255015e+02, 2.3878059668569790e+02, 0., 0., 1. ]
D1: !!opencv-matrix
   rows: 5
   cols: 1
   dt: d
   data: [ -2.1859934914563901e-02, -9.9468572971318997e-04,
       1.6448003429794193e-03, -3.1164985765511365e-04,
       3.5195408316194161e-04 ]
P1: !!opencv-matrix
   rows: 3
   cols: 4
   dt: f
   data: [ 3.58606171e+02, 0., 3.82368958e+02, 0., 0., 3.58606171e+02,
       2.31849808e+02, 0., 0., 0., 1., 0. ]
R1: !!opencv-matrix
   rows: 3
   cols: 3
   dt: f
   data: [ 9.99959052e-01, 5.34964260e-03, -7.29620829e-03,
       -5.31605026e-03, 9.99975204e-01, 4.61570965e-03, 7.32072024e-03,
       -4.57673380e-03, 9.99962747e-01 ]
K2: !!opencv-matrix
   rows: 3
   cols: 3
   dt: d
   data: [ 3.6687495098581172e+02, 0., 3.7621769200552956e+02, 0.,
       3.6726361788508825e+02, 2.2399932895774910e+02, 0., 0., 1. ]
D2: !!opencv-matrix
   rows: 5
   cols: 1
   dt: d
   data: [ -2.2201337830972428e-02, -1.1445843221826492e-03,
       2.9199201696882579e-04, -7.1705872414221615e-04,
       5.1284674356775366e-04 ]
P2: !!opencv-matrix
   rows: 3
   cols: 4
   dt: f
   data: [ 3.58606171e+02, 0., 3.82368958e+02, -5.21705703e+04, 0.,
       3.58606171e+02, 2.31849808e+02, 0., 0., 0., 1., 0. ]
R2: !!opencv-matrix
   rows: 3
   cols: 3
   dt: f
   data: [ 9.99982059e-01, -4.41038143e-03, -4.04869672e-03,
       4.39172564e-03, 9.99979734e-01, -4.60517965e-03, 4.06892551e-03,
       4.58731642e-03, 9.99981225e-01 ]
