%YAML:1.0
---
Q: !!opencv-matrix
   rows: 4
   cols: 4
   dt: f
   data: [ 1., 0., 0., -4.04653503e+02, 0., 1., 0., -2.31822891e+02, 0.,
       0., 0., 3.56423187e+02, 0., 0., 7.04395538e-03, 0. ]
R: !!opencv-matrix
   rows: 3
   cols: 3
   dt: d
   data: [ 1.0045204378406298e+00, 1.0361483397305903e-02,
       -6.2007715208440293e-03, -9.7655865055362497e-03,
       1.0117853739659430e+00, 9.3576626901681181e-03,
       3.5139650956407145e-03, -9.3295436322373606e-03,
       1.0119263921861286e+00 ]
T: !!opencv-matrix
   rows: 3
   cols: 1
   dt: d
   data: [ -1.3886970197697340e+02, 6.1261220179363485e-01,
       4.4193507183856831e+00 ]
E: !!opencv-matrix
   rows: 0
   cols: 0
   dt: u
   data: []
F: !!opencv-matrix
   rows: 0
   cols: 0
   dt: u
   data: []
K1: !!opencv-matrix
   rows: 3
   cols: 3
   dt: d
   data: [ 3.6627756984521932e+02, 0., 3.8060969928433269e+02, 0.,
       3.6653175179255015e+02, 2.3878059668569790e+02, 0., 0., 1. ]
D1: !!opencv-matrix
   rows: 5
   cols: 1
   dt: d
   data: [ -2.1859934914563901e-02, -9.9468572971318997e-04,
       1.6448003429794193e-03, -3.1164985765511365e-04,
       3.5195408316194161e-04 ]
P1: !!opencv-matrix
   rows: 3
   cols: 4
   dt: f
   data: [ 3.56423187e+02, 0., 4.04653503e+02, 0., 0., 3.56423187e+02,
       2.31822891e+02, 0., 0., 0., 1., 0. ]
R1: !!opencv-matrix
   rows: 3
   cols: 3
   dt: f
   data: [ 9.99318480e-01, 5.94129600e-03, -3.64320055e-02,
       -5.77619066e-03, 9.99972582e-01, 4.63546440e-03, 3.64585482e-02,
       -4.42186696e-03, 9.99325395e-01 ]
K2: !!opencv-matrix
   rows: 3
   cols: 3
   dt: d
   data: [ 3.6687495098581172e+02, 0., 3.7621769200552956e+02, 0.,
       3.6726361788508825e+02, 2.2399932895774910e+02, 0., 0., 1. ]
D2: !!opencv-matrix
   rows: 5
   cols: 1
   dt: d
   data: [ -2.2201337830972428e-02, -1.1445843221826492e-03,
       2.9199201696882579e-04, -7.1705872414221615e-04,
       5.1284674356775366e-04 ]
P2: !!opencv-matrix
   rows: 3
   cols: 4
   dt: f
   data: [ 3.56423187e+02, 0., 4.04653503e+02, -5.05998633e+04, 0.,
       3.56423187e+02, 2.31822891e+02, 0., 0., 0., 1., 0. ]
R2: !!opencv-matrix
   rows: 3
   cols: 3
   dt: f
   data: [ 9.99484301e-01, -4.40914184e-03, -3.18072923e-02,
       4.26500896e-03, 9.99980330e-01, -4.59786784e-03, 3.18269394e-02,
       4.45983838e-03, 9.99483466e-01 ]
