%YAML:1.0
---
Q: !!opencv-matrix
   rows: 4
   cols: 4
   dt: f
   data: [ 1., 0., 0., -4.26516846e+02, 0., 1., 0., -2.31776154e+02, 0.,
       0., 0., 3.56184967e+02, 0., 0., 7.64153525e-03, 0. ]
R: !!opencv-matrix
   rows: 3
   cols: 3
   dt: d
   data: [ 1.0056351422584142e+00, 1.0536111481017995e-02,
       -5.7974428686234638e-03, -9.7835446093763427e-03,
       1.0142631490903413e+00, 9.3787450950059258e-03,
       3.8064242311475205e-03, -9.3763582107650647e-03,
       1.0144639189809797e+00 ]
T: !!opencv-matrix
   rows: 3
   cols: 1
   dt: d
   data: [ -1.2804361995368168e+02, 5.6481679850523636e-01,
       7.6323950440943324e+00 ]
E: !!opencv-matrix
   rows: 0
   cols: 0
   dt: u
   data: []
F: !!opencv-matrix
   rows: 0
   cols: 0
   dt: u
   data: []
K1: !!opencv-matrix
   rows: 3
   cols: 3
   dt: d
   data: [ 3.6627756984521932e+02, 0., 3.8060969928433269e+02, 0.,
       3.6653175179255015e+02, 2.3878059668569790e+02, 0., 0., 1. ]
D1: !!opencv-matrix
   rows: 5
   cols: 1
   dt: d
   data: [ -2.1859934914563901e-02, -9.9468572971318997e-04,
       1.6448003429794193e-03, -3.1164985765511365e-04,
       3.5195408316194161e-04 ]
P1: !!opencv-matrix
   rows: 3
   cols: 4
   dt: f
   data: [ 3.56184967e+02, 0., 4.26516846e+02, 0., 0., 3.56184967e+02,
       2.31776154e+02, 0., 0., 0., 1., 0. ]
R1: !!opencv-matrix
   rows: 3
   cols: 3
   dt: f
   data: [ 9.97930408e-01, 6.24441821e-03, -6.39996156e-02,
       -5.95849846e-03, 9.99971390e-01, 4.65741660e-03, 6.40268698e-02,
       -4.26643575e-03, 9.97939050e-01 ]
K2: !!opencv-matrix
   rows: 3
   cols: 3
   dt: d
   data: [ 3.6687495098581172e+02, 0., 3.7621769200552956e+02, 0.,
       3.6726361788508825e+02, 2.2399932895774910e+02, 0., 0., 1. ]
D2: !!opencv-matrix
   rows: 5
   cols: 1
   dt: d
   data: [ -2.2201337830972428e-02, -1.1445843221826492e-03,
       2.9199201696882579e-04, -7.1705872414221615e-04,
       5.1284674356775366e-04 ]
P2: !!opencv-matrix
   rows: 3
   cols: 4
   dt: f
   data: [ 3.56184967e+02, 0., 4.26516846e+02, -4.66116992e+04, 0.,
       3.56184967e+02, 2.31776154e+02, 0., 0., 0., 1., 0. ]
R2: !!opencv-matrix
   rows: 3
   cols: 3
   dt: f
   data: [ 9.98218477e-01, -4.40326892e-03, -5.95015585e-02,
       4.13747737e-03, 9.99980927e-01, -4.58942913e-03, 5.95206320e-02,
       4.33506677e-03, 9.98217642e-01 ]
