%YAML:1.0
---
Q: !!opencv-matrix
   rows: 4
   cols: 4
   dt: f
   data: [ 1., 0., 0., -4.26164124e+02, 0., 1., 0., -2.31785202e+02, 0.,
       0., 0., 3.55977234e+02, 0., 0., 8.20235815e-03, 0. ]
R: !!opencv-matrix
   rows: 3
   cols: 3
   dt: d
   data: [ 1.0130357752746391e+00, 9.8616973142088438e-03,
       -3.6263672313556566e-03, -9.8097215757015806e-03,
       1.0130393206045989e+00, 9.3578554291634114e-03,
       3.2881874276219302e-03, -9.3255808677475613e-03,
       1.0131079316390068e+00 ]
T: !!opencv-matrix
   rows: 3
   cols: 1
   dt: d
   data: [ -1.2212174372005738e+02, 5.3869482796746748e-01,
       7.2794117715924154e+00 ]
E: !!opencv-matrix
   rows: 0
   cols: 0
   dt: u
   data: []
F: !!opencv-matrix
   rows: 0
   cols: 0
   dt: u
   data: []
K1: !!opencv-matrix
   rows: 3
   cols: 3
   dt: d
   data: [ 3.6627756984521932e+02, 0., 3.8060969928433269e+02, 0.,
       3.6653175179255015e+02, 2.3878059668569790e+02, 0., 0., 1. ]
D1: !!opencv-matrix
   rows: 5
   cols: 1
   dt: d
   data: [ -2.1859934914563901e-02, -9.9468572971318997e-04,
       1.6448003429794193e-03, -3.1164985765511365e-04,
       3.5195408316194161e-04 ]
P1: !!opencv-matrix
   rows: 3
   cols: 4
   dt: f
   data: [ 3.55977234e+02, 0., 4.26164124e+02, 0., 0., 3.55977234e+02,
       2.31785202e+02, 0., 0., 0., 1., 0. ]
R1: !!opencv-matrix
   rows: 3
   cols: 3
   dt: f
   data: [ 9.97988880e-01, 5.84510947e-03, -6.31191358e-02,
       -5.56344260e-03, 9.99973774e-01, 4.63729585e-03, 6.31445870e-02,
       -4.27680975e-03, 9.97995198e-01 ]
K2: !!opencv-matrix
   rows: 3
   cols: 3
   dt: d
   data: [ 3.6687495098581172e+02, 0., 3.7621769200552956e+02, 0.,
       3.6726361788508825e+02, 2.2399932895774910e+02, 0., 0., 1. ]
D2: !!opencv-matrix
   rows: 5
   cols: 1
   dt: d
   data: [ -2.2201337830972428e-02, -1.1445843221826492e-03,
       2.9199201696882579e-04, -7.1705872414221615e-04,
       5.1284674356775366e-04 ]
P2: !!opencv-matrix
   rows: 3
   cols: 4
   dt: f
   data: [ 3.55977234e+02, 0., 4.26164124e+02, -4.33993789e+04, 0.,
       3.55977234e+02, 2.31785202e+02, 0., 0., 0., 1., 0. ]
R2: !!opencv-matrix
   rows: 3
   cols: 3
   dt: f
   data: [ 9.98218477e-01, -4.40327125e-03, -5.95016368e-02,
       4.13777353e-03, 9.99980927e-01, -4.58449451e-03, 5.95206879e-02,
       4.33012331e-03, 9.98217702e-01 ]
