%YAML:1.0
---
Q: !!opencv-matrix
   rows: 4
   cols: 4
   dt: f
   data: [ 1., 0., 0., -3.82473907e+02, 0., 1., 0., -2.31849197e+02, 0.,
       0., 0., 3.58638611e+02, 0., 0., 6.98893657e-03, 0. ]
R: !!opencv-matrix
   rows: 3
   cols: 3
   dt: d
   data: [ 1.0181528992905715e+00, 1.0188710562298140e-02,
       -4.1489461867216144e-03, -9.7936518236388190e-03,
       1.0057046832048804e+00, 9.2925700934769762e-03,
       3.2116465670471049e-03, -9.2585699239945956e-03,
       1.0057528433643796e+00 ]
T: !!opencv-matrix
   rows: 3
   cols: 1
   dt: d
   data: [ -1.4272798564797114e+02, 6.2949589778294091e-01,
       5.7786776024216102e-01 ]
E: !!opencv-matrix
   rows: 0
   cols: 0
   dt: u
   data: []
F: !!opencv-matrix
   rows: 0
   cols: 0
   dt: u
   data: []
K1: !!opencv-matrix
   rows: 3
   cols: 3
   dt: d
   data: [ 3.6627756984521932e+02, 0., 3.8060969928433269e+02, 0.,
       3.6653175179255015e+02, 2.3878059668569790e+02, 0., 0., 1. ]
D1: !!opencv-matrix
   rows: 5
   cols: 1
   dt: d
   data: [ -2.1859934914563901e-02, -9.9468572971318997e-04,
       1.6448003429794193e-03, -3.1164985765511365e-04,
       3.5195408316194161e-04 ]
P1: !!opencv-matrix
   rows: 3
   cols: 4
   dt: f
   data: [ 3.58638611e+02, 0., 3.82473907e+02, 0., 0., 3.58638611e+02,
       2.31849197e+02, 0., 0., 0., 1., 0. ]
R1: !!opencv-matrix
   rows: 3
   cols: 3
   dt: f
   data: [ 9.99956787e-01, 5.40585443e-03, -7.56439287e-03,
       -5.37103089e-03, 9.99974906e-01, 4.61637508e-03, 7.58915860e-03,
       -4.57554683e-03, 9.99960721e-01 ]
K2: !!opencv-matrix
   rows: 3
   cols: 3
   dt: d
   data: [ 3.6687495098581172e+02, 0., 3.7621769200552956e+02, 0.,
       3.6726361788508825e+02, 2.2399932895774910e+02, 0., 0., 1. ]
D2: !!opencv-matrix
   rows: 5
   cols: 1
   dt: d
   data: [ -2.2201337830972428e-02, -1.1445843221826492e-03,
       2.9199201696882579e-04, -7.1705872414221615e-04,
       5.1284674356775366e-04 ]
P2: !!opencv-matrix
   rows: 3
   cols: 4
   dt: f
   data: [ 3.58638611e+02, 0., 3.82473907e+02, -5.13151914e+04, 0.,
       3.58638611e+02, 2.31849197e+02, 0., 0., 0., 1., 0. ]
R2: !!opencv-matrix
   rows: 3
   cols: 3
   dt: f
   data: [ 9.99982059e-01, -4.41037910e-03, -4.04863898e-03,
       4.39172471e-03, 9.99979734e-01, -4.60492168e-03, 4.06886637e-03,
       4.58705844e-03, 9.99981225e-01 ]
