%YAML:1.0
---
Q: !!opencv-matrix
   rows: 4
   cols: 4
   dt: f
   data: [ 1., 0., 0., -3.82369537e+02, 0., 1., 0., -2.31849808e+02, 0.,
       0., 0., 3.58606018e+02, 0., 0., 6.92196377e-03, 0. ]
R: !!opencv-matrix
   rows: 3
   cols: 3
   dt: d
   data: [ 1.0088207853872475e+00, 9.8216337346185619e-03,
       -3.2615551789988658e-03, -9.7685869272667626e-03,
       1.0087585788612328e+00, 9.3168020295852621e-03,
       3.2716878406548367e-03, -9.2850576807158493e-03,
       1.0088014850235696e+00 ]
T: !!opencv-matrix
   rows: 3
   cols: 1
   dt: d
   data: [ -1.4476968471014234e+02, 6.3850090640740798e-01,
       5.8613735497441422e-01 ]
E: !!opencv-matrix
   rows: 0
   cols: 0
   dt: u
   data: []
F: !!opencv-matrix
   rows: 0
   cols: 0
   dt: u
   data: []
K1: !!opencv-matrix
   rows: 3
   cols: 3
   dt: d
   data: [ 3.6627756984521932e+02, 0., 3.8060969928433269e+02, 0.,
       3.6653175179255015e+02, 2.3878059668569790e+02, 0., 0., 1. ]
D1: !!opencv-matrix
   rows: 5
   cols: 1
   dt: d
   data: [ -2.1859934914563901e-02, -9.9468572971318997e-04,
       1.6448003429794193e-03, -3.1164985765511365e-04,
       3.5195408316194161e-04 ]
P1: !!opencv-matrix
   rows: 3
   cols: 4
   dt: f
   data: [ 3.58606018e+02, 0., 3.82369537e+02, 0., 0., 3.58606018e+02,
       2.31849808e+02, 0., 0., 0., 1., 0. ]
R1: !!opencv-matrix
   rows: 3
   cols: 3
   dt: f
   data: [ 9.99959052e-01, 5.35116065e-03, -7.29765929e-03,
       -5.31756179e-03, 9.99975204e-01, 4.61571990e-03, 7.32217776e-03,
       -4.57672495e-03, 9.99962747e-01 ]
K2: !!opencv-matrix
   rows: 3
   cols: 3
   dt: d
   data: [ 3.6687495098581172e+02, 0., 3.7621769200552956e+02, 0.,
       3.6726361788508825e+02, 2.2399932895774910e+02, 0., 0., 1. ]
D2: !!opencv-matrix
   rows: 5
   cols: 1
   dt: d
   data: [ -2.2201337830972428e-02, -1.1445843221826492e-03,
       2.9199201696882579e-04, -7.1705872414221615e-04,
       5.1284674356775366e-04 ]
P2: !!opencv-matrix
   rows: 3
   cols: 4
   dt: f
   data: [ 3.58606018e+02, 0., 3.82369537e+02, -5.18069766e+04, 0.,
       3.58606018e+02, 2.31849808e+02, 0., 0., 0., 1., 0. ]
R2: !!opencv-matrix
   rows: 3
   cols: 3
   dt: f
   data: [ 9.99982059e-01, -4.41038143e-03, -4.04869765e-03,
       4.39172611e-03, 9.99979734e-01, -4.60518058e-03, 4.06892644e-03,
       4.58731735e-03, 9.99981225e-01 ]
