%YAML:1.0
---
Q: !!opencv-matrix
   rows: 4
   cols: 4
   dt: f
   data: [ 1., 0., 0., -4.48217804e+02, 0., 1., 0., -2.31719513e+02, 0.,
       0., 0., 3.55462921e+02, 0., 0., 8.68208893e-03, 0. ]
R: !!opencv-matrix
   rows: 3
   cols: 3
   dt: d
   data: [ 1.0146142713821462e+00, 9.8795275405182646e-03,
       -3.3765104629809740e-03, -9.8251076696092305e-03,
       1.0146362571181049e+00, 9.3714719187042612e-03,
       3.2959549823119235e-03, -9.3411337817574658e-03,
       1.0146944891514094e+00 ]
T: !!opencv-matrix
   rows: 3
   cols: 1
   dt: d
   data: [ -1.1513001120127015e+02, 5.0787808225257702e-01,
       1.0061551837964652e+01 ]
E: !!opencv-matrix
   rows: 0
   cols: 0
   dt: u
   data: []
F: !!opencv-matrix
   rows: 0
   cols: 0
   dt: u
   data: []
K1: !!opencv-matrix
   rows: 3
   cols: 3
   dt: d
   data: [ 3.6627756984521932e+02, 0., 3.8060969928433269e+02, 0.,
       3.6653175179255015e+02, 2.3878059668569790e+02, 0., 0., 1. ]
D1: !!opencv-matrix
   rows: 5
   cols: 1
   dt: d
   data: [ -2.1859934914563901e-02, -9.9468572971318997e-04,
       1.6448003429794193e-03, -3.1164985765511365e-04,
       3.5195408316194161e-04 ]
P1: !!opencv-matrix
   rows: 3
   cols: 4
   dt: f
   data: [ 3.55462921e+02, 0., 4.48217804e+02, 0., 0., 3.55462921e+02,
       2.31719513e+02, 0., 0., 0., 1., 0. ]
R1: !!opencv-matrix
   rows: 3
   cols: 3
   dt: f
   data: [ 9.95890737e-01, 6.09487202e-03, -9.03574154e-02,
       -5.69766993e-03, 9.99972939e-01, 4.65318700e-03, 9.03833285e-02,
       -4.11923928e-03, 9.95898545e-01 ]
K2: !!opencv-matrix
   rows: 3
   cols: 3
   dt: d
   data: [ 3.6687495098581172e+02, 0., 3.7621769200552956e+02, 0.,
       3.6726361788508825e+02, 2.2399932895774910e+02, 0., 0., 1. ]
D2: !!opencv-matrix
   rows: 5
   cols: 1
   dt: d
   data: [ -2.2201337830972428e-02, -1.1445843221826492e-03,
       2.9199201696882579e-04, -7.1705872414221615e-04,
       5.1284674356775366e-04 ]
P2: !!opencv-matrix
   rows: 3
   cols: 4
   dt: f
   data: [ 3.55462921e+02, 0., 4.48217804e+02, -4.09420977e+04, 0.,
       3.55462921e+02, 2.31719513e+02, 0., 0., 0., 1., 0. ]
R2: !!opencv-matrix
   rows: 3
   cols: 3
   dt: f
   data: [ 9.96193349e-01, -4.39455267e-03, -8.70603025e-02,
       4.01188806e-03, 9.99981523e-01, -4.56988160e-03, 8.70787799e-02,
       4.20320965e-03, 9.96192575e-01 ]
