%YAML:1.0
---
Q: !!opencv-matrix
   rows: 4
   cols: 4
   dt: f
   data: [ 1., 0., 0., -4.48446167e+02, 0., 1., 0., -2.31718948e+02, 0.,
       0., 0., 3.55438904e+02, 0., 0., 8.80601723e-03, 0. ]
R: !!opencv-matrix
   rows: 3
   cols: 3
   dt: d
   data: [ 1.0148491813975600e+00, 9.8711684200453419e-03,
       -3.9864470313452837e-03, -9.8277183373463479e-03,
       1.0149349130343266e+00, 9.3769162485098315e-03,
       3.3024896603798628e-03, -9.3428969454418653e-03,
       1.0150463306865509e+00 ]
T: !!opencv-matrix
   rows: 3
   cols: 1
   dt: d
   data: [ -1.1353671406085778e+02, 5.0084941415033013e-01,
       9.9223066086177099e+00 ]
E: !!opencv-matrix
   rows: 0
   cols: 0
   dt: u
   data: []
F: !!opencv-matrix
   rows: 0
   cols: 0
   dt: u
   data: []
K1: !!opencv-matrix
   rows: 3
   cols: 3
   dt: d
   data: [ 3.6627756984521932e+02, 0., 3.8060969928433269e+02, 0.,
       3.6653175179255015e+02, 2.3878059668569790e+02, 0., 0., 1. ]
D1: !!opencv-matrix
   rows: 5
   cols: 1
   dt: d
   data: [ -2.1859934914563901e-02, -9.9468572971318997e-04,
       1.6448003429794193e-03, -3.1164985765511365e-04,
       3.5195408316194161e-04 ]
P1: !!opencv-matrix
   rows: 3
   cols: 4
   dt: f
   data: [ 3.55438904e+02, 0., 4.48446167e+02, 0., 0., 3.55438904e+02,
       2.31718948e+02, 0., 0., 0., 1., 0. ]
R1: !!opencv-matrix
   rows: 3
   cols: 3
   dt: f
   data: [ 9.95840013e-01, 6.08100463e-03, -9.09155309e-02,
       -5.68145327e-03, 9.99973059e-01, 4.65291133e-03, 9.09413695e-02,
       -4.11702320e-03, 9.95847762e-01 ]
K2: !!opencv-matrix
   rows: 3
   cols: 3
   dt: d
   data: [ 3.6687495098581172e+02, 0., 3.7621769200552956e+02, 0.,
       3.6726361788508825e+02, 2.2399932895774910e+02, 0., 0., 1. ]
D2: !!opencv-matrix
   rows: 5
   cols: 1
   dt: d
   data: [ -2.2201337830972428e-02, -1.1445843221826492e-03,
       2.9199201696882579e-04, -7.1705872414221615e-04,
       5.1284674356775366e-04 ]
P2: !!opencv-matrix
   rows: 3
   cols: 4
   dt: f
   data: [ 3.55438904e+02, 0., 4.48446167e+02, -4.03631875e+04, 0.,
       3.55438904e+02, 2.31718948e+02, 0., 0., 0., 1., 0. ]
R2: !!opencv-matrix
   rows: 3
   cols: 3
   dt: f
   data: [ 9.96193349e-01, -4.39455081e-03, -8.70602578e-02,
       4.01199004e-03, 9.99981523e-01, -4.56869369e-03, 8.70787278e-02,
       4.20201756e-03, 9.96192575e-01 ]
