%YAML:1.0
---
Q: !!opencv-matrix
   rows: 4
   cols: 4
   dt: f
   data: [ 1., 0., 0., -3.82542542e+02, 0., 1., 0., -2.31851212e+02, 0.,
       0., 0., 3.58742615e+02, 0., 0., 5.55535546e-03, 0. ]
R: !!opencv-matrix
   rows: 3
   cols: 3
   dt: d
   data: [ 9.9997762821658076e-01, 9.7413920883429976e-03,
       -3.1571744452822295e-03, -9.6828138950999006e-03,
       9.9989575306081091e-01, 9.2345504227998136e-03,
       3.2429942775709917e-03, -9.2035436922307222e-03,
       9.9993773673491293e-01 ]
T: !!opencv-matrix
   rows: 3
   cols: 1
   dt: d
   data: [ -1.8000026076911684e+02, 8.4085378999106053e-01,
       7.7290399288884759e-01 ]
E: !!opencv-matrix
   rows: 0
   cols: 0
   dt: u
   data: []
F: !!opencv-matrix
   rows: 0
   cols: 0
   dt: u
   data: []
K1: !!opencv-matrix
   rows: 3
   cols: 3
   dt: d
   data: [ 3.6627756984521932e+02, 0., 3.8060969928433269e+02, 0.,
       3.6653175179255015e+02, 2.3878059668569790e+02, 0., 0., 1. ]
D1: !!opencv-matrix
   rows: 5
   cols: 1
   dt: d
   data: [ -2.1859934914563901e-02, -9.9468572971318997e-04,
       1.6448003429794193e-03, -3.1164985765511365e-04,
       3.5195408316194161e-04 ]
P1: !!opencv-matrix
   rows: 3
   cols: 4
   dt: f
   data: [ 3.58742615e+02, 0., 3.82542542e+02, 0., 0., 3.58742615e+02,
       2.31851212e+02, 0., 0., 0., 1., 0. ]
R1: !!opencv-matrix
   rows: 3
   cols: 3
   dt: f
   data: [ 9.99958992e-01, 5.09487512e-03, -7.49038020e-03,
       -5.06039849e-03, 9.99976575e-01, 4.61453432e-03, 7.51371495e-03,
       -4.57644043e-03, 9.99961317e-01 ]
K2: !!opencv-matrix
   rows: 3
   cols: 3
   dt: d
   data: [ 3.6687495098581172e+02, 0., 3.7621769200552956e+02, 0.,
       3.6726361788508825e+02, 2.2399932895774910e+02, 0., 0., 1. ]
D2: !!opencv-matrix
   rows: 5
   cols: 1
   dt: d
   data: [ -2.2201337830972428e-02, -1.1445843221826492e-03,
       2.9199201696882579e-04, -7.1705872414221615e-04,
       5.1284674356775366e-04 ]
P2: !!opencv-matrix
   rows: 3
   cols: 4
   dt: f
   data: [ 3.58742615e+02, 0., 3.82542542e+02, -6.45759961e+04, 0.,
       3.58742615e+02, 2.31851212e+02, 0., 0., 0., 1., 0. ]
R2: !!opencv-matrix
   rows: 3
   cols: 3
   dt: f
   data: [ 9.99979854e-01, -4.67130868e-03, -4.29380452e-03,
       4.65152692e-03, 9.99978602e-01, -4.60554427e-03, 4.31522634e-03,
       4.58547892e-03, 9.99980152e-01 ]
