%YAML:1.0
---
Q: !!opencv-matrix
   rows: 4
   cols: 4
   dt: f
   data: [ 1., 0., 0., -4.28232483e+02, 0., 1., 0., -2.33913940e+02, 0.,
       0., 0., 3.72460175e+02, 0., 0., 5.20906178e-03, 0. ]
R: !!opencv-matrix
   rows: 3
   cols: 3
   dt: d
   data: [ 1.0051325964908004e+00, 9.9832023985590452e-03,
       -3.7149612733569475e-03, -9.7336195012639390e-03,
       1.0041654769655488e+00, -4.3329784646472601e-02,
       3.2590464431707595e-03, 4.3340328436739489e-02,
       1.0042336711372766e+00 ]
T: !!opencv-matrix
   rows: 3
   cols: 1
   dt: d
   data: [ -1.9122614948692583e+02, 1.2143307847949417e+01,
       1.2071197399201099e+01 ]
E: !!opencv-matrix
   rows: 0
   cols: 0
   dt: u
   data: []
F: !!opencv-matrix
   rows: 0
   cols: 0
   dt: u
   data: []
K1: !!opencv-matrix
   rows: 3
   cols: 3
   dt: d
   data: [ 3.6627756984521932e+02, 0., 3.8060969928433269e+02, 0.,
       3.6653175179255015e+02, 2.3878059668569790e+02, 0., 0., 1. ]
D1: !!opencv-matrix
   rows: 5
   cols: 1
   dt: d
   data: [ -2.1859934914563901e-02, -9.9468572971318997e-04,
       1.6448003429794193e-03, -3.1164985765511365e-04,
       3.5195408316194161e-04 ]
P1: !!opencv-matrix
   rows: 3
   cols: 4
   dt: f
   data: [ 3.72460175e+02, 0., 4.28232483e+02, 0., 0., 3.72460175e+02,
       2.33913940e+02, 0., 0., 0., 1., 0. ]
R1: !!opencv-matrix
   rows: 3
   cols: 3
   dt: f
   data: [ 9.96432543e-01, -5.53132407e-02, -6.37385771e-02,
       5.39136045e-02, 9.98269618e-01, -2.34749280e-02, 6.49267584e-02,
       1.99548062e-02, 9.97690499e-01 ]
K2: !!opencv-matrix
   rows: 3
   cols: 3
   dt: d
   data: [ 3.6687495098581172e+02, 0., 3.7621769200552956e+02, 0.,
       3.6726361788508825e+02, 2.2399932895774910e+02, 0., 0., 1. ]
D2: !!opencv-matrix
   rows: 5
   cols: 1
   dt: d
   data: [ -2.2201337830972428e-02, -1.1445843221826492e-03,
       2.9199201696882579e-04, -7.1705872414221615e-04,
       5.1284674356775366e-04 ]
P2: !!opencv-matrix
   rows: 3
   cols: 4
   dt: f
   data: [ 3.72460175e+02, 0., 4.28232483e+02, -7.15023516e+04, 0.,
       3.72460175e+02, 2.33913940e+02, 0., 0., 0., 1., 0. ]
R2: !!opencv-matrix
   rows: 3
   cols: 3
   dt: f
   data: [ 9.96015251e-01, -6.32492974e-02, -6.28736988e-02,
       6.46022037e-02, 9.97716188e-01, 1.97209977e-02, 6.14827722e-02,
       -2.37041954e-02, 9.97826636e-01 ]
