%YAML:1.0
---
Q: !!opencv-matrix
   rows: 4
   cols: 4
   dt: f
   data: [ 1., 0., 0., -4.13722321e+02, 0., 1., 0., -2.33887436e+02, 0.,
       0., 0., 3.68150757e+02, 0., 0., 2.11076630e+02, 0. ]
R: !!opencv-matrix
   rows: 3
   cols: 3
   dt: d
   data: [ 1.1149696247927192e+00, -4.9959355870007341e-02,
       1.9601374686846328e-02, 4.9183960353890013e-02,
       1.1064133290313041e+00, -4.6097601044087770e-02,
       -5.2349398424599881e-02, 5.0761762057434288e-02,
       1.1082213566655226e+00 ]
T: !!opencv-matrix
   rows: 3
   cols: 1
   dt: d
   data: [ -4.7187400641723826e-03, 2.9965234784174805e-04,
       2.9783320383626564e-04 ]
E: !!opencv-matrix
   rows: 0
   cols: 0
   dt: u
   data: []
F: !!opencv-matrix
   rows: 0
   cols: 0
   dt: u
   data: []
K1: !!opencv-matrix
   rows: 3
   cols: 3
   dt: d
   data: [ 3.6627756984521932e+02, 0., 3.8060969928433269e+02, 0.,
       3.6653175179255015e+02, 2.3878059668569790e+02, 0., 0., 1. ]
D1: !!opencv-matrix
   rows: 5
   cols: 1
   dt: d
   data: [ -2.1859934914563901e-02, -9.9468572971318997e-04,
       1.6448003429794193e-03, -3.1164985765511365e-04,
       3.5195408316194161e-04 ]
P1: !!opencv-matrix
   rows: 3
   cols: 4
   dt: f
   data: [ 3.68150757e+02, 0., 4.13722321e+02, 0., 0., 3.68150757e+02,
       2.33887436e+02, 0., 0., 0., 1., 0. ]
R1: !!opencv-matrix
   rows: 3
   cols: 3
   dt: f
   data: [ 9.93648469e-01, -1.09258398e-01, -2.69309059e-02,
       1.08684227e-01, 9.93834198e-01, -2.19383538e-02, 2.91618053e-02,
       1.88720468e-02, 9.99396563e-01 ]
K2: !!opencv-matrix
   rows: 3
   cols: 3
   dt: d
   data: [ 3.6687495098581172e+02, 0., 3.7621769200552956e+02, 0.,
       3.6726361788508825e+02, 2.2399932895774910e+02, 0., 0., 1. ]
D2: !!opencv-matrix
   rows: 5
   cols: 1
   dt: d
   data: [ -2.2201337830972428e-02, -1.1445843221826492e-03,
       2.9199201696882579e-04, -7.1705872414221615e-04,
       5.1284674356775366e-04 ]
P2: !!opencv-matrix
   rows: 3
   cols: 4
   dt: f
   data: [ 3.68150757e+02, 0., 4.13722321e+02, -1.74415684e+00, 0.,
       3.68150757e+02, 2.33887436e+02, 0., 0., 0., 1., 0. ]
R2: !!opencv-matrix
   rows: 3
   cols: 3
   dt: f
   data: [ 9.96015787e-01, -6.32496104e-02, -6.28656298e-02,
       6.45224825e-02, 9.97746110e-01, 1.84258968e-02, 6.15585074e-02,
       -2.24087294e-02, 9.97851908e-01 ]
