%YAML:1.0
---
Q: !!opencv-matrix
   rows: 4
   cols: 4
   dt: f
   data: [ 1., 0., 0., -3.83175201e+02, 0., 1., 0., -2.32192719e+02, 0.,
       0., 0., 3.61817749e+02, 0., 0., 5.56163443e-03, 0. ]
R: !!opencv-matrix
   rows: 3
   cols: 3
   dt: d
   data: [ 9.9985762760256491e-01, 9.7139457869583491e-03,
       -3.1189352572443146e-03, -9.6714258980373068e-03,
       1.0000150642661234e+00, 9.2334204433294088e-03,
       3.2445195897316662e-03, -9.2045241686543947e-03,
       1.0000569119679945e+00 ]
T: !!opencv-matrix
   rows: 3
   cols: 1
   dt: d
   data: [ -1.7945463871578818e+02, 1.1395840905299973e+01,
       7.7005789544695968e-01 ]
E: !!opencv-matrix
   rows: 0
   cols: 0
   dt: u
   data: []
F: !!opencv-matrix
   rows: 0
   cols: 0
   dt: u
   data: []
K1: !!opencv-matrix
   rows: 3
   cols: 3
   dt: d
   data: [ 3.6627756984521932e+02, 0., 3.8060969928433269e+02, 0.,
       3.6653175179255015e+02, 2.3878059668569790e+02, 0., 0., 1. ]
D1: !!opencv-matrix
   rows: 5
   cols: 1
   dt: d
   data: [ -2.1859934914563901e-02, -9.9468572971318997e-04,
       1.6448003429794193e-03, -3.1164985765511365e-04,
       3.5195408316194161e-04 ]
P1: !!opencv-matrix
   rows: 3
   cols: 4
   dt: f
   data: [ 3.61817749e+02, 0., 3.83175201e+02, 0., 0., 3.61817749e+02,
       2.32192719e+02, 0., 0., 0., 1., 0. ]
R1: !!opencv-matrix
   rows: 3
   cols: 3
   dt: f
   data: [ 9.98526990e-01, -5.36657944e-02, -7.98969716e-03,
       5.37015721e-02, 9.98547614e-01, 4.33253031e-03, 7.74558447e-03,
       -4.75520780e-03, 9.99958694e-01 ]
K2: !!opencv-matrix
   rows: 3
   cols: 3
   dt: d
   data: [ 3.6687495098581172e+02, 0., 3.7621769200552956e+02, 0.,
       3.6726361788508825e+02, 2.2399932895774910e+02, 0., 0., 1. ]
D2: !!opencv-matrix
   rows: 5
   cols: 1
   dt: d
   data: [ -2.2201337830972428e-02, -1.1445843221826492e-03,
       2.9199201696882579e-04, -7.1705872414221615e-04,
       5.1284674356775366e-04 ]
P2: !!opencv-matrix
   rows: 3
   cols: 4
   dt: f
   data: [ 3.61817749e+02, 0., 3.83175201e+02, -6.50560078e+04, 0.,
       3.61817749e+02, 2.32192719e+02, 0., 0., 0., 1., 0. ]
R2: !!opencv-matrix
   rows: 3
   cols: 3
   dt: f
   data: [ 9.97980654e-01, -6.33743927e-02, -4.28238139e-03,
       6.33542612e-02, 9.97980118e-01, -4.68363054e-03, 4.57055401e-03,
       4.40286519e-03, 9.99979854e-01 ]
