%YAML:1.0
---
Q: !!opencv-matrix
   rows: 4
   cols: 4
   dt: f
   data: [ 1., 0., 0., -4.07683594e+02, 0., 1., 0., -2.33439453e+02, 0.,
       0., 0., 3.70126923e+02, 0., 0., 5.60159935e-03, 0. ]
R: !!opencv-matrix
   rows: 3
   cols: 3
   dt: d
   data: [ 1.0007222182799429e+00, -4.2824194131416103e-02,
       4.8805418386924225e-02, 4.5010406161221074e-02,
       1.0008791463237292e+00, -4.3679961420554254e-02,
       -4.6854957647358392e-02, 4.5777045560999798e-02,
       1.0007045119908013e+00 ]
T: !!opencv-matrix
   rows: 3
   cols: 1
   dt: d
   data: [ -1.7780911790625686e+02, 1.1291191206260020e+01,
       1.1223828556265369e+01 ]
E: !!opencv-matrix
   rows: 0
   cols: 0
   dt: u
   data: []
F: !!opencv-matrix
   rows: 0
   cols: 0
   dt: u
   data: []
K1: !!opencv-matrix
   rows: 3
   cols: 3
   dt: d
   data: [ 3.6627756984521932e+02, 0., 3.8060969928433269e+02, 0.,
       3.6653175179255015e+02, 2.3878059668569790e+02, 0., 0., 1. ]
D1: !!opencv-matrix
   rows: 5
   cols: 1
   dt: d
   data: [ -2.1859934914563901e-02, -9.9468572971318997e-04,
       1.6448003429794193e-03, -3.1164985765511365e-04,
       3.5195408316194161e-04 ]
P1: !!opencv-matrix
   rows: 3
   cols: 4
   dt: f
   data: [ 3.70126923e+02, 0., 4.07683594e+02, 0., 0., 3.70126923e+02,
       2.33439453e+02, 0., 0., 0., 1., 0. ]
R1: !!opencv-matrix
   rows: 3
   cols: 3
   dt: f
   data: [ 9.94024158e-01, -1.08552411e-01, -1.15026338e-02,
       1.08288467e-01, 9.93886709e-01, -2.15121452e-02, 1.37675107e-02,
       2.01379899e-02, 9.99702394e-01 ]
K2: !!opencv-matrix
   rows: 3
   cols: 3
   dt: d
   data: [ 3.6687495098581172e+02, 0., 3.7621769200552956e+02, 0.,
       3.6726361788508825e+02, 2.2399932895774910e+02, 0., 0., 1. ]
D2: !!opencv-matrix
   rows: 5
   cols: 1
   dt: d
   data: [ -2.2201337830972428e-02, -1.1445843221826492e-03,
       2.9199201696882579e-04, -7.1705872414221615e-04,
       5.1284674356775366e-04 ]
P2: !!opencv-matrix
   rows: 3
   cols: 4
   dt: f
   data: [ 3.70126923e+02, 0., 4.07683594e+02, -6.60752266e+04, 0.,
       3.70126923e+02, 2.33439453e+02, 0., 0., 0., 1., 0. ]
R2: !!opencv-matrix
   rows: 3
   cols: 3
   dt: f
   data: [ 9.96015429e-01, -6.32487312e-02, -6.28713891e-02,
       6.45475164e-02, 9.97736692e-01, 1.88439097e-02, 6.15372434e-02,
       -2.28270181e-02, 9.97843742e-01 ]
