%YAML:1.0
---
Q: !!opencv-matrix
   rows: 4
   cols: 4
   dt: f
   data: [ 1., 0., 0., -4.10881073e+02, 0., 1., 0., -2.33678192e+02, 0.,
       0., 0., 3.69028076e+02, 0., 0., 5.23209162e-02, 0. ]
R: !!opencv-matrix
   rows: 3
   cols: 3
   dt: d
   data: [ 1.0481767104920949e+00, -4.7382471702424982e-02,
       2.6158598472641896e-02, 4.6427325188152797e-02,
       1.0419041643713347e+00, -4.3897999076593454e-02,
       -4.9184871519577733e-02, 4.7822395226498858e-02,
       1.0430993126763664e+00 ]
T: !!opencv-matrix
   rows: 3
   cols: 1
   dt: d
   data: [ -1.1792748144218113e+01, 7.4887037941362244e-01,
       7.4432411499005557e-01 ]
E: !!opencv-matrix
   rows: 0
   cols: 0
   dt: u
   data: []
F: !!opencv-matrix
   rows: 0
   cols: 0
   dt: u
   data: []
K1: !!opencv-matrix
   rows: 3
   cols: 3
   dt: d
   data: [ 3.6627756984521932e+02, 0., 3.8060969928433269e+02, 0.,
       3.6653175179255015e+02, 2.3878059668569790e+02, 0., 0., 1. ]
D1: !!opencv-matrix
   rows: 5
   cols: 1
   dt: d
   data: [ -2.1859934914563901e-02, -9.9468572971318997e-04,
       1.6448003429794193e-03, -3.1164985765511365e-04,
       3.5195408316194161e-04 ]
P1: !!opencv-matrix
   rows: 3
   cols: 4
   dt: f
   data: [ 3.69028076e+02, 0., 4.10881073e+02, 0., 0., 3.69028076e+02,
       2.33678192e+02, 0., 0., 0., 1., 0. ]
R1: !!opencv-matrix
   rows: 3
   cols: 3
   dt: f
   data: [ 9.93818104e-01, -1.09262273e-01, -1.96806267e-02,
       1.08832195e-01, 9.93822336e-01, -2.17414908e-02, 2.19345726e-02,
       1.94652006e-02, 9.99569893e-01 ]
K2: !!opencv-matrix
   rows: 3
   cols: 3
   dt: d
   data: [ 3.6687495098581172e+02, 0., 3.7621769200552956e+02, 0.,
       3.6726361788508825e+02, 2.2399932895774910e+02, 0., 0., 1. ]
D2: !!opencv-matrix
   rows: 5
   cols: 1
   dt: d
   data: [ -2.2201337830972428e-02, -1.1445843221826492e-03,
       2.9199201696882579e-04, -7.1705872414221615e-04,
       5.1284674356775366e-04 ]
P2: !!opencv-matrix
   rows: 3
   cols: 4
   dt: f
   data: [ 3.69028076e+02, 0., 4.10881073e+02, -7.05316553e+03, 0.,
       3.69028076e+02, 2.33678192e+02, 0., 0., 0., 1., 0. ]
R2: !!opencv-matrix
   rows: 3
   cols: 3
   dt: f
   data: [ 9.96015787e-01, -6.32496104e-02, -6.28656298e-02,
       6.45346567e-02, 9.97741699e-01, 1.86232924e-02, 6.15457445e-02,
       -2.26061046e-02, 9.97848213e-01 ]
