%YAML:1.0
---
Q: !!opencv-matrix
   rows: 4
   cols: 4
   dt: f
   data: [ 1., 0., 0., -3.83171539e+02, 0., 1., 0., -2.32192688e+02, 0.,
       0., 0., 3.61814148e+02, 0., 0., 5.56181790e-03, 0. ]
R: !!opencv-matrix
   rows: 3
   cols: 3
   dt: d
   data: [ 9.9978029076965846e-01, 9.6715016691627711e-03,
       -3.1014830669963411e-03, -9.6648766494008380e-03,
       1.0000482151298007e+00, 9.2325872731131610e-03,
       3.2450796402271674e-03, -9.2046218199036099e-03,
       1.0000872771097393e+00 ]
T: !!opencv-matrix
   rows: 3
   cols: 1
   dt: d
   data: [ -1.7944016983571294e+02, 1.1394921640229757e+01,
       7.6998616348395121e-01 ]
E: !!opencv-matrix
   rows: 0
   cols: 0
   dt: u
   data: []
F: !!opencv-matrix
   rows: 0
   cols: 0
   dt: u
   data: []
K1: !!opencv-matrix
   rows: 3
   cols: 3
   dt: d
   data: [ 3.6627756984521932e+02, 0., 3.8060969928433269e+02, 0.,
       3.6653175179255015e+02, 2.3878059668569790e+02, 0., 0., 1. ]
D1: !!opencv-matrix
   rows: 5
   cols: 1
   dt: d
   data: [ -2.1859934914563901e-02, -9.9468572971318997e-04,
       1.6448003429794193e-03, -3.1164985765511365e-04,
       3.5195408316194161e-04 ]
P1: !!opencv-matrix
   rows: 3
   cols: 4
   dt: f
   data: [ 3.61814148e+02, 0., 3.83171539e+02, 0., 0., 3.61814148e+02,
       2.32192688e+02, 0., 0., 0., 1., 0. ]
R1: !!opencv-matrix
   rows: 3
   cols: 3
   dt: f
   data: [ 9.98525798e-01, -5.36889471e-02, -7.98050594e-03,
       5.37246801e-02, 9.98546362e-01, 4.33251681e-03, 7.73629732e-03,
       -4.75487998e-03, 9.99958754e-01 ]
K2: !!opencv-matrix
   rows: 3
   cols: 3
   dt: d
   data: [ 3.6687495098581172e+02, 0., 3.7621769200552956e+02, 0.,
       3.6726361788508825e+02, 2.2399932895774910e+02, 0., 0., 1. ]
D2: !!opencv-matrix
   rows: 5
   cols: 1
   dt: d
   data: [ -2.2201337830972428e-02, -1.1445843221826492e-03,
       2.9199201696882579e-04, -7.1705872414221615e-04,
       5.1284674356775366e-04 ]
P2: !!opencv-matrix
   rows: 3
   cols: 4
   dt: f
   data: [ 3.61814148e+02, 0., 3.83171539e+02, -6.50532148e+04, 0.,
       3.61814148e+02, 2.32192688e+02, 0., 0., 0., 1., 0. ]
R2: !!opencv-matrix
   rows: 3
   cols: 3
   dt: f
   data: [ 9.97980654e-01, -6.33743852e-02, -4.28232178e-03,
       6.33542538e-02, 9.97980118e-01, -4.68345918e-03, 4.57048323e-03,
       4.40269848e-03, 9.99979854e-01 ]
