%YAML:1.0
---
Q: !!opencv-matrix
   rows: 4
   cols: 4
   dt: f
   data: [ 1., 0., 0., -4.29496460e+02, 0., 1., 0., -2.33900330e+02, 0.,
       0., 0., 3.65832794e+02, 0., 0., 5.53441653e-03, 0. ]
R: !!opencv-matrix
   rows: 3
   cols: 3
   dt: d
   data: [ 9.9801333464113084e-01, 1.1002366248240917e-02,
       -3.8766571439908682e-03, -9.5232476220898817e-03,
       1.0005103321941398e+00, 9.2868546229769589e-03,
       3.4106126299595333e-03, -9.2909321135412858e-03,
       1.0006793947790389e+00 ]
T: !!opencv-matrix
   rows: 3
   cols: 1
   dt: d
   data: [ -1.7934365103182949e+02, 1.1388337016783739e+01,
       1.1320072228889734e+01 ]
E: !!opencv-matrix
   rows: 0
   cols: 0
   dt: u
   data: []
F: !!opencv-matrix
   rows: 0
   cols: 0
   dt: u
   data: []
K1: !!opencv-matrix
   rows: 3
   cols: 3
   dt: d
   data: [ 3.6627756984521932e+02, 0., 3.8060969928433269e+02, 0.,
       3.6653175179255015e+02, 2.3878059668569790e+02, 0., 0., 1. ]
D1: !!opencv-matrix
   rows: 5
   cols: 1
   dt: d
   data: [ -2.1859934914563901e-02, -9.9468572971318997e-04,
       1.6448003429794193e-03, -3.1164985765511365e-04,
       3.5195408316194161e-04 ]
P1: !!opencv-matrix
   rows: 3
   cols: 4
   dt: f
   data: [ 3.65832794e+02, 0., 4.29496460e+02, 0., 0., 3.65832794e+02,
       2.33900330e+02, 0., 0., 0., 1., 0. ]
R1: !!opencv-matrix
   rows: 3
   cols: 3
   dt: f
   data: [ 9.96379495e-01, -5.22858836e-02, -6.70380220e-02,
       5.25819063e-02, 9.98613060e-01, 2.65770685e-03, 6.68060854e-02,
       -6.17307192e-03, 9.97746885e-01 ]
K2: !!opencv-matrix
   rows: 3
   cols: 3
   dt: d
   data: [ 3.6687495098581172e+02, 0., 3.7621769200552956e+02, 0.,
       3.6726361788508825e+02, 2.2399932895774910e+02, 0., 0., 1. ]
D2: !!opencv-matrix
   rows: 5
   cols: 1
   dt: d
   data: [ -2.2201337830972428e-02, -1.1445843221826492e-03,
       2.9199201696882579e-04, -7.1705872414221615e-04,
       5.1284674356775366e-04 ]
P2: !!opencv-matrix
   rows: 3
   cols: 4
   dt: f
   data: [ 3.65832794e+02, 0., 4.29496460e+02, -6.61014219e+04, 0.,
       3.65832794e+02, 2.33900330e+02, 0., 0., 0., 1., 0. ]
R2: !!opencv-matrix
   rows: 3
   cols: 3
   dt: f
   data: [ 9.96015787e-01, -6.32470772e-02, -6.28679469e-02,
       6.29683435e-02, 9.97994959e-01, -6.40709605e-03, 6.31471276e-02,
       2.42287805e-03, 9.98001277e-01 ]
