%YAML:1.0
---
Q: !!opencv-matrix
   rows: 4
   cols: 4
   dt: f
   data: [ 1., 0., 0., -3.82539459e+02, 0., 1., 0., -2.31851273e+02, 0.,
       0., 0., 3.58741638e+02, 0., 0., 5.55557199e-03, 0. ]
R: !!opencv-matrix
   rows: 3
   cols: 3
   dt: d
   data: [ 9.9991780351069248e-01, 9.7620223426776384e-03,
       -3.1114395473222410e-03, -9.6797470760768764e-03,
       9.9992756523791315e-01, 9.2322142417049433e-03,
       3.2435874709579801e-03, -9.2041064893218574e-03,
       9.9997242661883901e-01 ]
T: !!opencv-matrix
   rows: 3
   cols: 1
   dt: d
   data: [ -1.7939373750002650e+02, 1.1391802416919404e+01,
       7.6986767994464766e-01 ]
E: !!opencv-matrix
   rows: 0
   cols: 0
   dt: u
   data: []
F: !!opencv-matrix
   rows: 0
   cols: 0
   dt: u
   data: []
K1: !!opencv-matrix
   rows: 3
   cols: 3
   dt: d
   data: [ 3.6627756984521932e+02, 0., 3.8060969928433269e+02, 0.,
       3.6653175179255015e+02, 2.3878059668569790e+02, 0., 0., 1. ]
D1: !!opencv-matrix
   rows: 5
   cols: 1
   dt: d
   data: [ -2.1859934914563901e-02, -9.9468572971318997e-04,
       1.6448003429794193e-03, -3.1164985765511365e-04,
       3.5195408316194161e-04 ]
P1: !!opencv-matrix
   rows: 3
   cols: 4
   dt: f
   data: [ 3.58741638e+02, 0., 3.82539459e+02, 0., 0., 3.58741638e+02,
       2.31851273e+02, 0., 0., 0., 1., 0. ]
R1: !!opencv-matrix
   rows: 3
   cols: 3
   dt: f
   data: [ 9.99959052e-01, 5.08203683e-03, -7.48590054e-03,
       -5.04758069e-03, 9.99976635e-01, 4.61450825e-03, 7.50917662e-03,
       -4.57653403e-03, 9.99961317e-01 ]
K2: !!opencv-matrix
   rows: 3
   cols: 3
   dt: d
   data: [ 3.6687495098581172e+02, 0., 3.7621769200552956e+02, 0.,
       3.6726361788508825e+02, 2.2399932895774910e+02, 0., 0., 1. ]
D2: !!opencv-matrix
   rows: 5
   cols: 1
   dt: d
   data: [ -2.2201337830972428e-02, -1.1445843221826492e-03,
       2.9199201696882579e-04, -7.1705872414221615e-04,
       5.1284674356775366e-04 ]
P2: !!opencv-matrix
   rows: 3
   cols: 4
   dt: f
   data: [ 3.58741638e+02, 0., 3.82539459e+02, -6.45733008e+04, 0.,
       3.58741638e+02, 2.31851273e+02, 0., 0., 0., 1., 0. ]
R2: !!opencv-matrix
   rows: 3
   cols: 3
   dt: f
   data: [ 9.99979913e-01, -4.66966676e-03, -4.29045269e-03,
       4.64990037e-03, 9.99978602e-01, -4.60556662e-03, 4.31186706e-03,
       4.58552362e-03, 9.99980211e-01 ]
