%YAML:1.0
---
Q: !!opencv-matrix
   rows: 4
   cols: 4
   dt: f
   data: [ 1., 0., 0., -4.13904846e+02, 0., 1., 0., -2.33897949e+02, 0.,
       0., 0., 3.68139191e+02, 0., 0., 1.04047184e+01, 0. ]
R: !!opencv-matrix
   rows: 3
   cols: 3
   dt: d
   data: [ 1.0991691763823261e+00, -4.9203591689072033e-02,
       1.9215506814827799e-02, 4.8485949081802829e-02,
       1.0907217581764095e+00, -4.5437099137323175e-02,
       -5.1607697670216994e-02, 5.0038988518026420e-02,
       1.0925139679684008e+00 ]
T: !!opencv-matrix
   rows: 3
   cols: 1
   dt: d
   data: [ -3.3239048936021760e-02, 2.1107666280027497e-03,
       2.0979524836972773e-03 ]
E: !!opencv-matrix
   rows: 0
   cols: 0
   dt: u
   data: []
F: !!opencv-matrix
   rows: 0
   cols: 0
   dt: u
   data: []
K1: !!opencv-matrix
   rows: 3
   cols: 3
   dt: d
   data: [ 3.6627756984521932e+02, 0., 3.8060969928433269e+02, 0.,
       3.6653175179255015e+02, 2.3878059668569790e+02, 0., 0., 1. ]
D1: !!opencv-matrix
   rows: 5
   cols: 1
   dt: d
   data: [ -2.1859934914563901e-02, -9.9468572971318997e-04,
       1.6448003429794193e-03, -3.1164985765511365e-04,
       3.5195408316194161e-04 ]
P1: !!opencv-matrix
   rows: 3
   cols: 4
   dt: f
   data: [ 3.68139191e+02, 0., 4.13904846e+02, 0., 0., 3.68139191e+02,
       2.33897949e+02, 0., 0., 0., 1., 0. ]
R1: !!opencv-matrix
   rows: 3
   cols: 3
   dt: f
   data: [ 9.93667543e-01, -1.08968936e-01, -2.73971632e-02,
       1.08385682e-01, 9.93866622e-01, -2.19460763e-02, 2.96205673e-02,
       1.88376438e-02, 9.99383688e-01 ]
K2: !!opencv-matrix
   rows: 3
   cols: 3
   dt: d
   data: [ 3.6687495098581172e+02, 0., 3.7621769200552956e+02, 0.,
       3.6726361788508825e+02, 2.2399932895774910e+02, 0., 0., 1. ]
D2: !!opencv-matrix
   rows: 5
   cols: 1
   dt: d
   data: [ -2.2201337830972428e-02, -1.1445843221826492e-03,
       2.9199201696882579e-04, -7.1705872414221615e-04,
       5.1284674356775366e-04 ]
P2: !!opencv-matrix
   rows: 3
   cols: 4
   dt: f
   data: [ 3.68139191e+02, 0., 4.13904846e+02, -3.53819466e+01, 0.,
       3.68139191e+02, 2.33897949e+02, 0., 0., 0., 1., 0. ]
R2: !!opencv-matrix
   rows: 3
   cols: 3
   dt: f
   data: [ 9.96015787e-01, -6.32496104e-02, -6.28656298e-02,
       6.45216480e-02, 9.97746408e-01, 1.84124503e-02, 6.15593791e-02,
       -2.23952848e-02, 9.97852147e-01 ]
