%YAML:1.0
---
Q: !!opencv-matrix
   rows: 4
   cols: 4
   dt: f
   data: [ 1., 0., 0., -3.82539673e+02, 0., 1., 0., -2.31851257e+02, 0.,
       0., 0., 3.58742065e+02, 0., 0., 5.55586023e-03, 0. ]
R: !!opencv-matrix
   rows: 3
   cols: 3
   dt: d
   data: [ 9.9993975196663976e-01, 9.7146932649561004e-03,
       -3.1520524743575379e-03, -9.6826974300446879e-03,
       9.9991285786760775e-01, 9.2347383335334831e-03,
       3.2434005225761785e-03, -9.2037282648190031e-03,
       9.9995478991042930e-01 ]
T: !!opencv-matrix
   rows: 3
   cols: 1
   dt: d
   data: [ -1.7998775212042869e+02, 8.4049941604571332e-01,
       7.7224368980872971e-01 ]
E: !!opencv-matrix
   rows: 0
   cols: 0
   dt: u
   data: []
F: !!opencv-matrix
   rows: 0
   cols: 0
   dt: u
   data: []
K1: !!opencv-matrix
   rows: 3
   cols: 3
   dt: d
   data: [ 3.6627756984521932e+02, 0., 3.8060969928433269e+02, 0.,
       3.6653175179255015e+02, 2.3878059668569790e+02, 0., 0., 1. ]
D1: !!opencv-matrix
   rows: 5
   cols: 1
   dt: d
   data: [ -2.1859934914563901e-02, -9.9468572971318997e-04,
       1.6448003429794193e-03, -3.1164985765511365e-04,
       3.5195408316194161e-04 ]
P1: !!opencv-matrix
   rows: 3
   cols: 4
   dt: f
   data: [ 3.58742065e+02, 0., 3.82539673e+02, 0., 0., 3.58742065e+02,
       2.31851257e+02, 0., 0., 0., 1., 0. ]
R1: !!opencv-matrix
   rows: 3
   cols: 3
   dt: f
   data: [ 9.99959052e-01, 5.08403266e-03, -7.48639833e-03,
       -5.04957465e-03, 9.99976575e-01, 4.61452035e-03, 7.50968326e-03,
       -4.57652798e-03, 9.99961317e-01 ]
K2: !!opencv-matrix
   rows: 3
   cols: 3
   dt: d
   data: [ 3.6687495098581172e+02, 0., 3.7621769200552956e+02, 0.,
       3.6726361788508825e+02, 2.2399932895774910e+02, 0., 0., 1. ]
D2: !!opencv-matrix
   rows: 5
   cols: 1
   dt: d
   data: [ -2.2201337830972428e-02, -1.1445843221826492e-03,
       2.9199201696882579e-04, -7.1705872414221615e-04,
       5.1284674356775366e-04 ]
P2: !!opencv-matrix
   rows: 3
   cols: 4
   dt: f
   data: [ 3.58742065e+02, 0., 3.82539673e+02, -6.45700313e+04, 0.,
       3.58742065e+02, 2.31851257e+02, 0., 0., 0., 1., 0. ]
R2: !!opencv-matrix
   rows: 3
   cols: 3
   dt: f
   data: [ 9.99979913e-01, -4.66966350e-03, -4.29044478e-03,
       4.64989711e-03, 9.99978602e-01, -4.60556941e-03, 4.31185914e-03,
       4.58552688e-03, 9.99980211e-01 ]
