%YAML:1.0
---
Q: !!opencv-matrix
   rows: 4
   cols: 4
   dt: f
   data: [ 1., 0., 0., -4.28112061e+02, 0., 1., 0., -2.33934326e+02, 0.,
       0., 0., 3.72293915e+02, 0., 0., 5.60643431e-03, 0. ]
R: !!opencv-matrix
   rows: 3
   cols: 3
   dt: d
   data: [ 1.0009969831155241e+00, 9.2511127664824840e-03,
       -3.2114083103412425e-03, -9.6805877983418762e-03,
       1.0003195812744616e+00, -4.3192983667144740e-02,
       3.2618470190807643e-03, 4.3216148234573010e-02,
       1.0003126648403977e+00 ]
T: !!opencv-matrix
   rows: 3
   cols: 1
   dt: d
   data: [ -1.7765954216321194e+02, 1.1281752783180535e+01,
       1.1214423915574598e+01 ]
E: !!opencv-matrix
   rows: 0
   cols: 0
   dt: u
   data: []
F: !!opencv-matrix
   rows: 0
   cols: 0
   dt: u
   data: []
K1: !!opencv-matrix
   rows: 3
   cols: 3
   dt: d
   data: [ 3.6627756984521932e+02, 0., 3.8060969928433269e+02, 0.,
       3.6653175179255015e+02, 2.3878059668569790e+02, 0., 0., 1. ]
D1: !!opencv-matrix
   rows: 5
   cols: 1
   dt: d
   data: [ -2.1859934914563901e-02, -9.9468572971318997e-04,
       1.6448003429794193e-03, -3.1164985765511365e-04,
       3.5195408316194161e-04 ]
P1: !!opencv-matrix
   rows: 3
   cols: 4
   dt: f
   data: [ 3.72293915e+02, 0., 4.28112061e+02, 0., 0., 3.72293915e+02,
       2.33934326e+02, 0., 0., 0., 1., 0. ]
R1: !!opencv-matrix
   rows: 3
   cols: 3
   dt: f
   data: [ 9.96378899e-01, -5.66148870e-02, -6.34340644e-02,
       5.52199408e-02, 9.98196840e-01, -2.35334300e-02, 6.46520257e-02,
       1.99453868e-02, 9.97708499e-01 ]
K2: !!opencv-matrix
   rows: 3
   cols: 3
   dt: d
   data: [ 3.6687495098581172e+02, 0., 3.7621769200552956e+02, 0.,
       3.6726361788508825e+02, 2.2399932895774910e+02, 0., 0., 1. ]
D2: !!opencv-matrix
   rows: 5
   cols: 1
   dt: d
   data: [ -2.2201337830972428e-02, -1.1445843221826492e-03,
       2.9199201696882579e-04, -7.1705872414221615e-04,
       5.1284674356775366e-04 ]
P2: !!opencv-matrix
   rows: 3
   cols: 4
   dt: f
   data: [ 3.72293915e+02, 0., 4.28112061e+02, -6.64047578e+04, 0.,
       3.72293915e+02, 2.33934326e+02, 0., 0., 0., 1., 0. ]
R2: !!opencv-matrix
   rows: 3
   cols: 3
   dt: f
   data: [ 9.96015429e-01, -6.32490665e-02, -6.28715977e-02,
       6.46034554e-02, 9.97715652e-01, 1.97459068e-02, 6.14790656e-02,
       -2.37289499e-02, 9.97826278e-01 ]
