%YAML:1.0
---
Q: !!opencv-matrix
   rows: 4
   cols: 4
   dt: f
   data: [ 1., 0., 0., -4.09190796e+02, 0., 1., 0., -2.33551361e+02, 0.,
       0., 0., 3.69611816e+02, 0., 0., 3.46928500e-02, 0. ]
R: !!opencv-matrix
   rows: 3
   cols: 3
   dt: d
   data: [ 1.0327023130514170e+00, -4.5426945539309163e-02,
       3.8901464572879844e-02, 4.6085986659485635e-02,
       1.0296062568315203e+00, -4.4212274869380452e-02,
       -4.8407061332084396e-02, 4.7173631741898397e-02,
       1.0300526834340493e+00 ]
T: !!opencv-matrix
   rows: 3
   cols: 1
   dt: d
   data: [ -2.4902338578855144e+01, 1.5813636940738700e+00,
       1.5717634755861316e+00 ]
E: !!opencv-matrix
   rows: 0
   cols: 0
   dt: u
   data: []
F: !!opencv-matrix
   rows: 0
   cols: 0
   dt: u
   data: []
K1: !!opencv-matrix
   rows: 3
   cols: 3
   dt: d
   data: [ 3.6627756984521932e+02, 0., 3.8060969928433269e+02, 0.,
       3.6653175179255015e+02, 2.3878059668569790e+02, 0., 0., 1. ]
D1: !!opencv-matrix
   rows: 5
   cols: 1
   dt: d
   data: [ -2.1859934914563901e-02, -9.9468572971318997e-04,
       1.6448003429794193e-03, -3.1164985765511365e-04,
       3.5195408316194161e-04 ]
P1: !!opencv-matrix
   rows: 3
   cols: 4
   dt: f
   data: [ 3.69611816e+02, 0., 4.09190796e+02, 0., 0., 3.69611816e+02,
       2.33551361e+02, 0., 0., 0., 1., 0. ]
R1: !!opencv-matrix
   rows: 3
   cols: 3
   dt: f
   data: [ 9.93937790e-01, -1.08865283e-01, -1.53623689e-02,
       1.08522490e-01, 9.93858874e-01, -2.16194708e-02, 1.76216364e-02,
       1.98212471e-02, 9.99648213e-01 ]
K2: !!opencv-matrix
   rows: 3
   cols: 3
   dt: d
   data: [ 3.6687495098581172e+02, 0., 3.7621769200552956e+02, 0.,
       3.6726361788508825e+02, 2.2399932895774910e+02, 0., 0., 1. ]
D2: !!opencv-matrix
   rows: 5
   cols: 1
   dt: d
   data: [ -2.2201337830972428e-02, -1.1445843221826492e-03,
       2.9199201696882579e-04, -7.1705872414221615e-04,
       5.1284674356775366e-04 ]
P2: !!opencv-matrix
   rows: 3
   cols: 4
   dt: f
   data: [ 3.69611816e+02, 0., 4.09190796e+02, -1.06538330e+04, 0.,
       3.69611816e+02, 2.33551361e+02, 0., 0., 0., 1., 0. ]
R2: !!opencv-matrix
   rows: 3
   cols: 3
   dt: f
   data: [ 9.96015787e-01, -6.32496029e-02, -6.28656372e-02,
       6.45418316e-02, 9.97739017e-01, 1.87397543e-02, 6.15382195e-02,
       -2.27225535e-02, 9.97846067e-01 ]
