%YAML:1.0
---
Q: !!opencv-matrix
   rows: 4
   cols: 4
   dt: f
   data: [ 1., 0., 0., -4.29337097e+02, 0., 1., 0., -2.33894073e+02, 0.,
       0., 0., 3.65910309e+02, 0., 0., 5.25655365e-03, 0. ]
R: !!opencv-matrix
   rows: 3
   cols: 3
   dt: d
   data: [ 9.9392123689312872e-01, 1.1326424319883550e-02,
       -2.6303081245275632e-03, -9.2010679721651160e-03,
       1.0016482954686552e+00, 9.2180931780356055e-03,
       3.7458040559789976e-03, -9.3213239382786729e-03,
       1.0017581620715923e+00 ]
T: !!opencv-matrix
   rows: 3
   cols: 1
   dt: d
   data: [ -1.8986873271847998e+02, 1.2057032389520254e+01,
       1.1985610584388748e+01 ]
E: !!opencv-matrix
   rows: 0
   cols: 0
   dt: u
   data: []
F: !!opencv-matrix
   rows: 0
   cols: 0
   dt: u
   data: []
K1: !!opencv-matrix
   rows: 3
   cols: 3
   dt: d
   data: [ 3.6627756984521932e+02, 0., 3.8060969928433269e+02, 0.,
       3.6653175179255015e+02, 2.3878059668569790e+02, 0., 0., 1. ]
D1: !!opencv-matrix
   rows: 5
   cols: 1
   dt: d
   data: [ -2.1859934914563901e-02, -9.9468572971318997e-04,
       1.6448003429794193e-03, -3.1164985765511365e-04,
       3.5195408316194161e-04 ]
P1: !!opencv-matrix
   rows: 3
   cols: 4
   dt: f
   data: [ 3.65910309e+02, 0., 4.29337097e+02, 0., 0., 3.65910309e+02,
       2.33894073e+02, 0., 0., 0., 1., 0. ]
R1: !!opencv-matrix
   rows: 3
   cols: 3
   dt: f
   data: [ 9.96408820e-01, -5.22435829e-02, -6.66340590e-02,
       5.25375046e-02, 9.98615384e-01, 2.66508898e-03, 6.64025694e-02,
       -6.15630532e-03, 9.97773945e-01 ]
K2: !!opencv-matrix
   rows: 3
   cols: 3
   dt: d
   data: [ 3.6687495098581172e+02, 0., 3.7621769200552956e+02, 0.,
       3.6726361788508825e+02, 2.2399932895774910e+02, 0., 0., 1. ]
D2: !!opencv-matrix
   rows: 5
   cols: 1
   dt: d
   data: [ -2.2201337830972428e-02, -1.1445843221826492e-03,
       2.9199201696882579e-04, -7.1705872414221615e-04,
       5.1284674356775366e-04 ]
P2: !!opencv-matrix
   rows: 3
   cols: 4
   dt: f
   data: [ 3.65910309e+02, 0., 4.29337097e+02, -6.96103047e+04, 0.,
       3.65910309e+02, 2.33894073e+02, 0., 0., 0., 1., 0. ]
R2: !!opencv-matrix
   rows: 3
   cols: 3
   dt: f
   data: [ 9.96015251e-01, -6.32489026e-02, -6.28742129e-02,
       6.29704371e-02, 9.97994840e-01, -6.40262710e-03, 6.31531030e-02,
       2.41789781e-03, 9.98000920e-01 ]
