%YAML:1.0
---
Q: !!opencv-matrix
   rows: 4
   cols: 4
   dt: f
   data: [ 1., 0., 0., -3.83177216e+02, 0., 1., 0., -2.32192535e+02, 0.,
       0., 0., 3.61828339e+02, 0., 0., 5.56307426e-03, 0. ]
R: !!opencv-matrix
   rows: 3
   cols: 3
   dt: d
   data: [ 9.9992230234650092e-01, 9.7519642251467243e-03,
       -3.1229303483971673e-03, -9.6801133068356478e-03,
       9.9992670634186320e-01, 9.2329303720174657e-03,
       3.2435568926976154e-03, -9.2040496542710685e-03,
       9.9997097915961675e-01 ]
T: !!opencv-matrix
   rows: 3
   cols: 1
   dt: d
   data: [ -1.7937567804968978e+02, 1.1390655740839831e+01,
       7.6979047384592902e-01 ]
E: !!opencv-matrix
   rows: 0
   cols: 0
   dt: u
   data: []
F: !!opencv-matrix
   rows: 0
   cols: 0
   dt: u
   data: []
K1: !!opencv-matrix
   rows: 3
   cols: 3
   dt: d
   data: [ 3.6627756984521932e+02, 0., 3.8060969928433269e+02, 0.,
       3.6653175179255015e+02, 2.3878059668569790e+02, 0., 0., 1. ]
D1: !!opencv-matrix
   rows: 5
   cols: 1
   dt: d
   data: [ -2.1859934914563901e-02, -9.9468572971318997e-04,
       1.6448003429794193e-03, -3.1164985765511365e-04,
       3.5195408316194161e-04 ]
P1: !!opencv-matrix
   rows: 3
   cols: 4
   dt: f
   data: [ 3.61828339e+02, 0., 3.83177216e+02, 0., 0., 3.61828339e+02,
       2.32192535e+02, 0., 0., 0., 1., 0. ]
R1: !!opencv-matrix
   rows: 3
   cols: 3
   dt: f
   data: [ 9.98529851e-01, -5.36123142e-02, -7.99430255e-03,
       5.36481142e-02, 9.98550475e-01, 4.33282554e-03, 7.75042223e-03,
       -4.75533493e-03, 9.99958634e-01 ]
K2: !!opencv-matrix
   rows: 3
   cols: 3
   dt: d
   data: [ 3.6687495098581172e+02, 0., 3.7621769200552956e+02, 0.,
       3.6726361788508825e+02, 2.2399932895774910e+02, 0., 0., 1. ]
D2: !!opencv-matrix
   rows: 5
   cols: 1
   dt: d
   data: [ -2.2201337830972428e-02, -1.1445843221826492e-03,
       2.9199201696882579e-04, -7.1705872414221615e-04,
       5.1284674356775366e-04 ]
P2: !!opencv-matrix
   rows: 3
   cols: 4
   dt: f
   data: [ 3.61828339e+02, 0., 3.83177216e+02, -6.50410742e+04, 0.,
       3.61828339e+02, 2.32192535e+02, 0., 0., 0., 1., 0. ]
R2: !!opencv-matrix
   rows: 3
   cols: 3
   dt: f
   data: [ 9.97980714e-01, -6.33734465e-02, -4.28283121e-03,
       6.33533075e-02, 9.97980177e-01, -4.68385080e-03, 4.57101222e-03,
       4.40306123e-03, 9.99979854e-01 ]
