%YAML:1.0
---
Q: !!opencv-matrix
   rows: 4
   cols: 4
   dt: f
   data: [ 1., 0., 0., -3.83178528e+02, 0., 1., 0., -2.32192719e+02, 0.,
       0., 0., 3.61821686e+02, 0., 0., 5.56118600e-03, 0. ]
R: !!opencv-matrix
   rows: 3
   cols: 3
   dt: d
   data: [ 9.9993370607754806e-01, 9.7585735862221537e-03,
       -3.1344575144935469e-03, -9.6779613776563495e-03,
       9.9998054516436496e-01, 9.2341199603242167e-03,
       3.2439555009014091e-03, -9.2044246128964897e-03,
       1.0000253099842025e+00 ]
T: !!opencv-matrix
   rows: 3
   cols: 1
   dt: d
   data: [ -1.7948104405845368e+02, 1.1397518146493876e+01,
       7.7017966667453286e-01 ]
E: !!opencv-matrix
   rows: 0
   cols: 0
   dt: u
   data: []
F: !!opencv-matrix
   rows: 0
   cols: 0
   dt: u
   data: []
K1: !!opencv-matrix
   rows: 3
   cols: 3
   dt: d
   data: [ 3.6627756984521932e+02, 0., 3.8060969928433269e+02, 0.,
       3.6653175179255015e+02, 2.3878059668569790e+02, 0., 0., 1. ]
D1: !!opencv-matrix
   rows: 5
   cols: 1
   dt: d
   data: [ -2.1859934914563901e-02, -9.9468572971318997e-04,
       1.6448003429794193e-03, -3.1164985765511365e-04,
       3.5195408316194161e-04 ]
P1: !!opencv-matrix
   rows: 3
   cols: 4
   dt: f
   data: [ 3.61821686e+02, 0., 3.83178528e+02, 0., 0., 3.61821686e+02,
       2.32192719e+02, 0., 0., 0., 1., 0. ]
R1: !!opencv-matrix
   rows: 3
   cols: 3
   dt: f
   data: [ 9.98528242e-01, -5.36415502e-02, -7.99812004e-03,
       5.36773652e-02, 9.98548925e-01, 4.33256058e-03, 7.75410933e-03,
       -4.75550210e-03, 9.99958634e-01 ]
K2: !!opencv-matrix
   rows: 3
   cols: 3
   dt: d
   data: [ 3.6687495098581172e+02, 0., 3.7621769200552956e+02, 0.,
       3.6726361788508825e+02, 2.2399932895774910e+02, 0., 0., 1. ]
D2: !!opencv-matrix
   rows: 5
   cols: 1
   dt: d
   data: [ -2.2201337830972428e-02, -1.1445843221826492e-03,
       2.9199201696882579e-04, -7.1705872414221615e-04,
       5.1284674356775366e-04 ]
P2: !!opencv-matrix
   rows: 3
   cols: 4
   dt: f
   data: [ 3.61821686e+02, 0., 3.83178528e+02, -6.50619648e+04, 0.,
       3.61821686e+02, 2.32192719e+02, 0., 0., 0., 1., 0. ]
R2: !!opencv-matrix
   rows: 3
   cols: 3
   dt: f
   data: [ 9.97980654e-01, -6.33743927e-02, -4.28243540e-03,
       6.33542612e-02, 9.97980118e-01, -4.68379352e-03, 4.57061781e-03,
       4.40302445e-03, 9.99979854e-01 ]
