%YAML:1.0
---
Q: !!opencv-matrix
   rows: 4
   cols: 4
   dt: f
   data: [ 1., 0., 0., -4.13944122e+02, 0., 1., 0., -2.33899933e+02, 0.,
       0., 0., 3.68140930e+02, 0., 0., 1.38978577e+00, 0. ]
R: !!opencv-matrix
   rows: 3
   cols: 3
   dt: d
   data: [ 1.0831218185873204e+00, -4.8413949313078221e-02,
       1.8788241616747112e-02, 4.7776901172741325e-02,
       1.0747823918366448e+00, -4.4763981594336061e-02,
       -5.0854425934502547e-02, 4.9303476331922509e-02,
       1.0765621635929148e+00 ]
T: !!opencv-matrix
   rows: 3
   cols: 1
   dt: d
   data: [ -2.4292277012689764e-01, 1.5426231880129312e-02,
       1.5332581566161324e-02 ]
E: !!opencv-matrix
   rows: 0
   cols: 0
   dt: u
   data: []
F: !!opencv-matrix
   rows: 0
   cols: 0
   dt: u
   data: []
K1: !!opencv-matrix
   rows: 3
   cols: 3
   dt: d
   data: [ 3.6627756984521932e+02, 0., 3.8060969928433269e+02, 0.,
       3.6653175179255015e+02, 2.3878059668569790e+02, 0., 0., 1. ]
D1: !!opencv-matrix
   rows: 5
   cols: 1
   dt: d
   data: [ -2.1859934914563901e-02, -9.9468572971318997e-04,
       1.6448003429794193e-03, -3.1164985765511365e-04,
       3.5195408316194161e-04 ]
P1: !!opencv-matrix
   rows: 3
   cols: 4
   dt: f
   data: [ 3.68140930e+02, 0., 4.13944122e+02, 0., 0., 3.68140930e+02,
       2.33899933e+02, 0., 0., 0., 1., 0. ]
R1: !!opencv-matrix
   rows: 3
   cols: 3
   dt: f
   data: [ 9.93674576e-01, -1.08879350e-01, -2.74976268e-02,
       1.08294152e-01, 9.93876576e-01, -2.19472591e-02, 2.97188517e-02,
       1.88306011e-02, 9.99380887e-01 ]
K2: !!opencv-matrix
   rows: 3
   cols: 3
   dt: d
   data: [ 3.6687495098581172e+02, 0., 3.7621769200552956e+02, 0.,
       3.6726361788508825e+02, 2.2399932895774910e+02, 0., 0., 1. ]
D2: !!opencv-matrix
   rows: 5
   cols: 1
   dt: d
   data: [ -2.2201337830972428e-02, -1.1445843221826492e-03,
       2.9199201696882579e-04, -7.1705872414221615e-04,
       5.1284674356775366e-04 ]
P2: !!opencv-matrix
   rows: 3
   cols: 4
   dt: f
   data: [ 3.68140930e+02, 0., 4.13944122e+02, -2.64890411e+02, 0.,
       3.68140930e+02, 2.33899933e+02, 0., 0., 0., 1., 0. ]
R2: !!opencv-matrix
   rows: 3
   cols: 3
   dt: f
   data: [ 9.96015787e-01, -6.32496104e-02, -6.28656298e-02,
       6.45214692e-02, 9.97746468e-01, 1.84094813e-02, 6.15595691e-02,
       -2.23923158e-02, 9.97852206e-01 ]
