%YAML:1.0
---
Q: !!opencv-matrix
   rows: 4
   cols: 4
   dt: f
   data: [ 1., 0., 0., -4.29363708e+02, 0., 1., 0., -2.33892441e+02, 0.,
       0., 0., 3.65922180e+02, 0., 0., 5.27991168e-03, 0. ]
R: !!opencv-matrix
   rows: 3
   cols: 3
   dt: d
   data: [ 9.9142713365194768e-01, 1.1839733116874151e-02,
       -2.4657319640009334e-03, -8.9827219720240645e-03,
       1.0027305610364246e+00, 9.2177091276462054e-03,
       3.9771949868851412e-03, -9.3632988884983035e-03,
       1.0028617732097449e+00 ]
T: !!opencv-matrix
   rows: 3
   cols: 1
   dt: d
   data: [ -1.8948065900920687e+02, 1.2032388955347566e+01,
       1.1961109118710777e+01 ]
E: !!opencv-matrix
   rows: 0
   cols: 0
   dt: u
   data: []
F: !!opencv-matrix
   rows: 0
   cols: 0
   dt: u
   data: []
K1: !!opencv-matrix
   rows: 3
   cols: 3
   dt: d
   data: [ 3.6627756984521932e+02, 0., 3.8060969928433269e+02, 0.,
       3.6653175179255015e+02, 2.3878059668569790e+02, 0., 0., 1. ]
D1: !!opencv-matrix
   rows: 5
   cols: 1
   dt: d
   data: [ -2.1859934914563901e-02, -9.9468572971318997e-04,
       1.6448003429794193e-03, -3.1164985765511365e-04,
       3.5195408316194161e-04 ]
P1: !!opencv-matrix
   rows: 3
   cols: 4
   dt: f
   data: [ 3.65922180e+02, 0., 4.29363708e+02, 0., 0., 3.65922180e+02,
       2.33892441e+02, 0., 0., 0., 1., 0. ]
R1: !!opencv-matrix
   rows: 3
   cols: 3
   dt: f
   data: [ 9.96411085e-01, -5.21155335e-02, -6.67000189e-02,
       5.24099506e-02, 9.98622060e-01, 2.67062685e-03, 6.64689317e-02,
       -6.15678681e-03, 9.97769475e-01 ]
K2: !!opencv-matrix
   rows: 3
   cols: 3
   dt: d
   data: [ 3.6687495098581172e+02, 0., 3.7621769200552956e+02, 0.,
       3.6726361788508825e+02, 2.2399932895774910e+02, 0., 0., 1. ]
D2: !!opencv-matrix
   rows: 5
   cols: 1
   dt: d
   data: [ -2.2201337830972428e-02, -1.1445843221826492e-03,
       2.9199201696882579e-04, -7.1705872414221615e-04,
       5.1284674356775366e-04 ]
P2: !!opencv-matrix
   rows: 3
   cols: 4
   dt: f
   data: [ 3.65922180e+02, 0., 4.29363708e+02, -6.93046016e+04, 0.,
       3.65922180e+02, 2.33892441e+02, 0., 0., 0., 1., 0. ]
R2: !!opencv-matrix
   rows: 3
   cols: 3
   dt: f
   data: [ 9.96015251e-01, -6.32489026e-02, -6.28741831e-02,
       6.29702434e-02, 9.97994840e-01, -6.40563294e-03, 6.31532595e-02,
       2.42090551e-03, 9.98000920e-01 ]
