%YAML:1.0
---
Q: !!opencv-matrix
   rows: 4
   cols: 4
   dt: f
   data: [ 1., 0., 0., -4.09818390e+02, 0., 1., 0., -2.33598450e+02, 0.,
       0., 0., 3.69392273e+02, 0., 0., 3.99968773e-02, 0. ]
R: !!opencv-matrix
   rows: 3
   cols: 3
   dt: d
   data: [ 1.0394852443404137e+00, -4.6313660983828789e-02,
       3.3457315137368542e-02, 4.6238734498261651e-02,
       1.0350274669636861e+00, -4.4084670150596292e-02,
       -4.8747530882836822e-02, 4.7461111708588646e-02,
       1.0357914398206662e+00 ]
T: !!opencv-matrix
   rows: 3
   cols: 1
   dt: d
   data: [ -1.9036665395984276e+01, 1.2088780877994110e+00,
       1.2015391819236614e+00 ]
E: !!opencv-matrix
   rows: 0
   cols: 0
   dt: u
   data: []
F: !!opencv-matrix
   rows: 0
   cols: 0
   dt: u
   data: []
K1: !!opencv-matrix
   rows: 3
   cols: 3
   dt: d
   data: [ 3.6627756984521932e+02, 0., 3.8060969928433269e+02, 0.,
       3.6653175179255015e+02, 2.3878059668569790e+02, 0., 0., 1. ]
D1: !!opencv-matrix
   rows: 5
   cols: 1
   dt: d
   data: [ -2.1859934914563901e-02, -9.9468572971318997e-04,
       1.6448003429794193e-03, -3.1164985765511365e-04,
       3.5195408316194161e-04 ]
P1: !!opencv-matrix
   rows: 3
   cols: 4
   dt: f
   data: [ 3.69392273e+02, 0., 4.09818390e+02, 0., 0., 3.69392273e+02,
       2.33598450e+02, 0., 0., 0., 1., 0. ]
R1: !!opencv-matrix
   rows: 3
   cols: 3
   dt: f
   data: [ 9.93893623e-01, -1.09030448e-01, -1.69661604e-02,
       1.08655110e-01, 9.93843377e-01, -2.16648299e-02, 1.92238335e-02,
       1.96890775e-02, 9.99621332e-01 ]
K2: !!opencv-matrix
   rows: 3
   cols: 3
   dt: d
   data: [ 3.6687495098581172e+02, 0., 3.7621769200552956e+02, 0.,
       3.6726361788508825e+02, 2.2399932895774910e+02, 0., 0., 1. ]
D2: !!opencv-matrix
   rows: 5
   cols: 1
   dt: d
   data: [ -2.2201337830972428e-02, -1.1445843221826492e-03,
       2.9199201696882579e-04, -7.1705872414221615e-04,
       5.1284674356775366e-04 ]
P2: !!opencv-matrix
   rows: 3
   cols: 4
   dt: f
   data: [ 3.69392273e+02, 0., 4.09818390e+02, -9.23552832e+03, 0.,
       3.69392273e+02, 2.33598450e+02, 0., 0., 0., 1., 0. ]
R2: !!opencv-matrix
   rows: 3
   cols: 3
   dt: f
   data: [ 9.96015787e-01, -6.32496104e-02, -6.28656298e-02,
       6.45391718e-02, 9.97740030e-01, 1.86965540e-02, 6.15410060e-02,
       -2.26793569e-02, 9.97846842e-01 ]
