%YAML:1.0
---
Q: !!opencv-matrix
   rows: 4
   cols: 4
   dt: f
   data: [ 1., 0., 0., -3.83168121e+02, 0., 1., 0., -2.32192657e+02, 0.,
       0., 0., 3.61810883e+02, 0., 0., 5.56176947e-03, 0. ]
R: !!opencv-matrix
   rows: 3
   cols: 3
   dt: d
   data: [ 9.9970221335609466e-01, 9.6312286929891820e-03,
       -3.0825090385178636e-03, -9.6583301929041541e-03,
       1.0000803019385209e+00, 9.2316491044520926e-03,
       3.2456357234039532e-03, -9.2047202991994790e-03,
       1.0001167103592390e+00 ]
T: !!opencv-matrix
   rows: 3
   cols: 1
   dt: d
   data: [ -1.7943424985690501e+02, 1.1394545230725205e+01,
       7.6994997892071482e-01 ]
E: !!opencv-matrix
   rows: 0
   cols: 0
   dt: u
   data: []
F: !!opencv-matrix
   rows: 0
   cols: 0
   dt: u
   data: []
K1: !!opencv-matrix
   rows: 3
   cols: 3
   dt: d
   data: [ 3.6627756984521932e+02, 0., 3.8060969928433269e+02, 0.,
       3.6653175179255015e+02, 2.3878059668569790e+02, 0., 0., 1. ]
D1: !!opencv-matrix
   rows: 5
   cols: 1
   dt: d
   data: [ -2.1859934914563901e-02, -9.9468572971318997e-04,
       1.6448003429794193e-03, -3.1164985765511365e-04,
       3.5195408316194161e-04 ]
P1: !!opencv-matrix
   rows: 3
   cols: 4
   dt: f
   data: [ 3.61810883e+02, 0., 3.83168121e+02, 0., 0., 3.61810883e+02,
       2.32192657e+02, 0., 0., 0., 1., 0. ]
R1: !!opencv-matrix
   rows: 3
   cols: 3
   dt: f
   data: [ 9.98524725e-01, -5.37108108e-02, -7.97157455e-03,
       5.37465028e-02, 9.98545229e-01, 4.33250191e-03, 7.72727560e-03,
       -4.75455448e-03, 9.99958813e-01 ]
K2: !!opencv-matrix
   rows: 3
   cols: 3
   dt: d
   data: [ 3.6687495098581172e+02, 0., 3.7621769200552956e+02, 0.,
       3.6726361788508825e+02, 2.2399932895774910e+02, 0., 0., 1. ]
D2: !!opencv-matrix
   rows: 5
   cols: 1
   dt: d
   data: [ -2.2201337830972428e-02, -1.1445843221826492e-03,
       2.9199201696882579e-04, -7.1705872414221615e-04,
       5.1284674356775366e-04 ]
P2: !!opencv-matrix
   rows: 3
   cols: 4
   dt: f
   data: [ 3.61810883e+02, 0., 3.83168121e+02, -6.50531953e+04, 0.,
       3.61810883e+02, 2.32192657e+02, 0., 0., 0., 1., 0. ]
R2: !!opencv-matrix
   rows: 3
   cols: 3
   dt: f
   data: [ 9.97980654e-01, -6.33744001e-02, -4.28257324e-03,
       6.33542687e-02, 9.97980118e-01, -4.68329806e-03, 4.57072398e-03,
       4.40252153e-03, 9.99979854e-01 ]
