%YAML:1.0
---
Q: !!opencv-matrix
   rows: 4
   cols: 4
   dt: f
   data: [ 1., 0., 0., -3.83184021e+02, 0., 1., 0., -2.32192673e+02, 0.,
       0., 0., 3.61830750e+02, 0., 0., 5.55906910e-03, 0. ]
R: !!opencv-matrix
   rows: 3
   cols: 3
   dt: d
   data: [ 9.8716969309856628e-01, 1.2625815960183129e-02,
       -2.5906065549837157e-03, -8.5885343272741402e-03,
       1.0049828879038001e+00, 9.2464274496655303e-03,
       4.3986544026552079e-03, -9.4326865079205520e-03,
       1.0051701233874875e+00 ]
T: !!opencv-matrix
   rows: 3
   cols: 1
   dt: d
   data: [ -1.8652068115044273e+02, 1.1844424737845848e+01,
       1.1774242077112905e+01 ]
E: !!opencv-matrix
   rows: 0
   cols: 0
   dt: u
   data: []
F: !!opencv-matrix
   rows: 0
   cols: 0
   dt: u
   data: []
K1: !!opencv-matrix
   rows: 3
   cols: 3
   dt: d
   data: [ 3.6627756984521932e+02, 0., 3.8060969928433269e+02, 0.,
       3.6653175179255015e+02, 2.3878059668569790e+02, 0., 0., 1. ]
D1: !!opencv-matrix
   rows: 5
   cols: 1
   dt: d
   data: [ -2.1859934914563901e-02, -9.9468572971318997e-04,
       1.6448003429794193e-03, -3.1164985765511365e-04,
       3.5195408316194161e-04 ]
P1: !!opencv-matrix
   rows: 3
   cols: 4
   dt: f
   data: [ 3.61830750e+02, 0., 3.83184021e+02, 0., 0., 3.61830750e+02,
       2.32192673e+02, 0., 0., 0., 1., 0. ]
R1: !!opencv-matrix
   rows: 3
   cols: 3
   dt: f
   data: [ 9.98530865e-01, -5.35897948e-02, -8.01191013e-03,
       5.36256731e-02, 9.98551726e-01, 4.33268305e-03, 7.76811922e-03,
       -4.75596217e-03, 9.99958515e-01 ]
K2: !!opencv-matrix
   rows: 3
   cols: 3
   dt: d
   data: [ 3.6687495098581172e+02, 0., 3.7621769200552956e+02, 0.,
       3.6726361788508825e+02, 2.2399932895774910e+02, 0., 0., 1. ]
D2: !!opencv-matrix
   rows: 5
   cols: 1
   dt: d
   data: [ -2.2201337830972428e-02, -1.1445843221826492e-03,
       2.9199201696882579e-04, -7.1705872414221615e-04,
       5.1284674356775366e-04 ]
P2: !!opencv-matrix
   rows: 3
   cols: 4
   dt: f
   data: [ 3.61830750e+02, 0., 3.83184021e+02, -6.50883711e+04, 0.,
       3.61830750e+02, 2.32192673e+02, 0., 0., 0., 1., 0. ]
R2: !!opencv-matrix
   rows: 3
   cols: 3
   dt: f
   data: [ 9.97980654e-01, -6.33743927e-02, -4.28252295e-03,
       6.33542612e-02, 9.97980118e-01, -4.68408456e-03, 4.57072351e-03,
       4.40330943e-03, 9.99979854e-01 ]
