%YAML:1.0
---
Q: !!opencv-matrix
   rows: 4
   cols: 4
   dt: f
   data: [ 1., 0., 0., -4.28238953e+02, 0., 1., 0., -2.33931534e+02, 0.,
       0., 0., 3.72313171e+02, 0., 0., 5.20857237e-03, 0. ]
R: !!opencv-matrix
   rows: 3
   cols: 3
   dt: d
   data: [ 1.0144561754186805e+00, 9.1543100848123175e-03,
       3.7706973822280387e-02, -7.8147067870467848e-03,
       1.0096631786568646e+00, -4.3289794861134108e-02,
       -4.9889681404326536e-02, 4.3630701435554808e-02,
       1.0091864202810452e+00 ]
T: !!opencv-matrix
   rows: 3
   cols: 1
   dt: d
   data: [ -1.3964388531328822e+02, 8.8677253684463029e+00,
       8.8148885323436517e+00 ]
E: !!opencv-matrix
   rows: 0
   cols: 0
   dt: u
   data: []
F: !!opencv-matrix
   rows: 0
   cols: 0
   dt: u
   data: []
K1: !!opencv-matrix
   rows: 3
   cols: 3
   dt: d
   data: [ 3.6627756984521932e+02, 0., 3.8060969928433269e+02, 0.,
       3.6653175179255015e+02, 2.3878059668569790e+02, 0., 0., 1. ]
D1: !!opencv-matrix
   rows: 5
   cols: 1
   dt: d
   data: [ -2.1859934914563901e-02, -9.9468572971318997e-04,
       1.6448003429794193e-03, -3.1164985765511365e-04,
       3.5195408316194161e-04 ]
P1: !!opencv-matrix
   rows: 3
   cols: 4
   dt: f
   data: [ 3.72313171e+02, 0., 4.28238953e+02, 0., 0., 3.72313171e+02,
       2.33931534e+02, 0., 0., 0., 1., 0. ]
R1: !!opencv-matrix
   rows: 3
   cols: 3
   dt: f
   data: [ 9.96381879e-01, -5.62046133e-02, -6.37506917e-02,
       5.48035800e-02, 9.98220146e-01, -2.35179085e-02, 6.49590343e-02,
       1.99390519e-02, 9.97688711e-01 ]
K2: !!opencv-matrix
   rows: 3
   cols: 3
   dt: d
   data: [ 3.6687495098581172e+02, 0., 3.7621769200552956e+02, 0.,
       3.6726361788508825e+02, 2.2399932895774910e+02, 0., 0., 1. ]
D2: !!opencv-matrix
   rows: 5
   cols: 1
   dt: d
   data: [ -2.2201337830972428e-02, -1.1445843221826492e-03,
       2.9199201696882579e-04, -7.1705872414221615e-04,
       5.1284674356775366e-04 ]
P2: !!opencv-matrix
   rows: 3
   cols: 4
   dt: f
   data: [ 3.72313171e+02, 0., 4.28238953e+02, -7.14808438e+04, 0.,
       3.72313171e+02, 2.33931534e+02, 0., 0., 0., 1., 0. ]
R2: !!opencv-matrix
   rows: 3
   cols: 3
   dt: f
   data: [ 9.96015251e-01, -6.32492974e-02, -6.28737062e-02,
       6.46030605e-02, 9.97715890e-01, 1.97348874e-02, 6.14818782e-02,
       -2.37180833e-02, 9.97826338e-01 ]
