%YAML:1.0
---
Q: !!opencv-matrix
   rows: 4
   cols: 4
   dt: f
   data: [ 1., 0., 0., -3.82955383e+02, 0., 1., 0., -2.32164429e+02, 0.,
       0., 0., 3.61186066e+02, 0., 0., 5.45362849e-03, 0. ]
R: !!opencv-matrix
   rows: 3
   cols: 3
   dt: d
   data: [ 9.9960311288494075e-01, 9.7302570482669729e-03,
       -3.1423183343995474e-03, -9.6727672903433350e-03,
       9.9969770621387355e-01, 9.2321155903692005e-03,
       3.2429886244710621e-03, -9.2018529032200959e-03,
       9.9974085692290937e-01 ]
T: !!opencv-matrix
   rows: 3
   cols: 1
   dt: d
   data: [ -1.8300168828406785e+02, 1.0975271807639022e+01,
       7.4134649347563475e-01 ]
E: !!opencv-matrix
   rows: 0
   cols: 0
   dt: u
   data: []
F: !!opencv-matrix
   rows: 0
   cols: 0
   dt: u
   data: []
K1: !!opencv-matrix
   rows: 3
   cols: 3
   dt: d
   data: [ 3.6627756984521932e+02, 0., 3.8060969928433269e+02, 0.,
       3.6653175179255015e+02, 2.3878059668569790e+02, 0., 0., 1. ]
D1: !!opencv-matrix
   rows: 5
   cols: 1
   dt: d
   data: [ -2.1859934914563901e-02, -9.9468572971318997e-04,
       1.6448003429794193e-03, -3.1164985765511365e-04,
       3.5195408316194161e-04 ]
P1: !!opencv-matrix
   rows: 3
   cols: 4
   dt: f
   data: [ 3.61186066e+02, 0., 3.82955383e+02, 0., 0., 3.61186066e+02,
       2.32164429e+02, 0., 0., 0., 1., 0. ]
R1: !!opencv-matrix
   rows: 3
   cols: 3
   dt: f
   data: [ 9.98712778e-01, -5.01295812e-02, -7.73206074e-03,
       5.01642488e-02, 9.98731494e-01, 4.35689325e-03, 7.50384340e-03,
       -4.73915832e-03, 9.99960601e-01 ]
K2: !!opencv-matrix
   rows: 3
   cols: 3
   dt: d
   data: [ 3.6687495098581172e+02, 0., 3.7621769200552956e+02, 0.,
       3.6726361788508825e+02, 2.2399932895774910e+02, 0., 0., 1. ]
D2: !!opencv-matrix
   rows: 5
   cols: 1
   dt: d
   data: [ -2.2201337830972428e-02, -1.1445843221826492e-03,
       2.9199201696882579e-04, -7.1705872414221615e-04,
       5.1284674356775366e-04 ]
P2: !!opencv-matrix
   rows: 3
   cols: 4
   dt: f
   data: [ 3.61186066e+02, 0., 3.82955383e+02, -6.62285781e+04, 0.,
       3.61186066e+02, 2.32164429e+02, 0., 0., 0., 1., 0. ]
R2: !!opencv-matrix
   rows: 3
   cols: 3
   dt: f
   data: [ 9.98198271e-01, -5.98655529e-02, -4.04373650e-03,
       5.98465241e-02, 9.98196661e-01, -4.67265164e-03, 4.31617489e-03,
       4.42222925e-03, 9.99980927e-01 ]
