%YAML:1.0
---
Q: !!opencv-matrix
   rows: 4
   cols: 4
   dt: f
   data: [ 1., 0., 0., -3.82948181e+02, 0., 1., 0., -2.32164215e+02, 0.,
       0., 0., 3.61188232e+02, 0., 0., 5.45044942e-03, 0. ]
R: !!opencv-matrix
   rows: 3
   cols: 3
   dt: d
   data: [ 9.9956218060114344e-01, 9.7167406209810892e-03,
       -3.1269792190427481e-03, -9.6698487843227890e-03,
       9.9970774133337204e-01, 9.2312790992680038e-03,
       3.2432219565209789e-03, -9.2018834984130167e-03,
       9.9975001433929378e-01 ]
T: !!opencv-matrix
   rows: 3
   cols: 1
   dt: d
   data: [ -1.8303378504339901e+02, 1.0977196498471516e+01,
       7.4147632224966364e-01 ]
E: !!opencv-matrix
   rows: 0
   cols: 0
   dt: u
   data: []
F: !!opencv-matrix
   rows: 0
   cols: 0
   dt: u
   data: []
K1: !!opencv-matrix
   rows: 3
   cols: 3
   dt: d
   data: [ 3.6627756984521932e+02, 0., 3.8060969928433269e+02, 0.,
       3.6653175179255015e+02, 2.3878059668569790e+02, 0., 0., 1. ]
D1: !!opencv-matrix
   rows: 5
   cols: 1
   dt: d
   data: [ -2.1859934914563901e-02, -9.9468572971318997e-04,
       1.6448003429794193e-03, -3.1164985765511365e-04,
       3.5195408316194161e-04 ]
P1: !!opencv-matrix
   rows: 3
   cols: 4
   dt: f
   data: [ 3.61188232e+02, 0., 3.82948181e+02, 0., 0., 3.61188232e+02,
       2.32164215e+02, 0., 0., 0., 1., 0. ]
R1: !!opencv-matrix
   rows: 3
   cols: 3
   dt: f
   data: [ 9.98712778e-01, -5.01329228e-02, -7.71366293e-03,
       5.01675047e-02, 9.98731315e-01, 4.35710466e-03, 7.48544233e-03,
       -4.73847101e-03, 9.99960780e-01 ]
K2: !!opencv-matrix
   rows: 3
   cols: 3
   dt: d
   data: [ 3.6687495098581172e+02, 0., 3.7621769200552956e+02, 0.,
       3.6726361788508825e+02, 2.2399932895774910e+02, 0., 0., 1. ]
D2: !!opencv-matrix
   rows: 5
   cols: 1
   dt: d
   data: [ -2.2201337830972428e-02, -1.1445843221826492e-03,
       2.9199201696882579e-04, -7.1705872414221615e-04,
       5.1284674356775366e-04 ]
P2: !!opencv-matrix
   rows: 3
   cols: 4
   dt: f
   data: [ 3.61188232e+02, 0., 3.82948181e+02, -6.62676016e+04, 0.,
       3.61188232e+02, 2.32164215e+02, 0., 0., 0., 1., 0. ]
R2: !!opencv-matrix
   rows: 3
   cols: 3
   dt: f
   data: [ 9.98198271e-01, -5.98655567e-02, -4.04375046e-03,
       5.98465316e-02, 9.98196661e-01, -4.67241369e-03, 4.31617489e-03,
       4.42199083e-03, 9.99980927e-01 ]
