%YAML:1.0
---
Q: !!opencv-matrix
   rows: 4
   cols: 4
   dt: f
   data: [ 1., 0., 0., -3.82649445e+02, 0., 1., 0., -2.32002289e+02, 0.,
       0., 0., 3.57421112e+02, 0., 0., 5.42931166e-03, 0. ]
R: !!opencv-matrix
   rows: 3
   cols: 3
   dt: d
   data: [ 9.9968467721957821e-01, 9.8056143406447926e-03,
       -3.1282202149564863e-03, -9.6827713029275491e-03,
       9.9953327742189557e-01, 9.2304397106857099e-03,
       3.2416851665217593e-03, -9.2002680868673564e-03,
       9.9957850034756746e-01 ]
T: !!opencv-matrix
   rows: 3
   cols: 1
   dt: d
   data: [ -1.8407059105227449e+02, 5.9258293219691076e+00,
       7.4466973189161112e-01 ]
E: !!opencv-matrix
   rows: 0
   cols: 0
   dt: u
   data: []
F: !!opencv-matrix
   rows: 0
   cols: 0
   dt: u
   data: []
K1: !!opencv-matrix
   rows: 3
   cols: 3
   dt: d
   data: [ 3.6627756984521932e+02, 0., 3.8060969928433269e+02, 0.,
       3.6653175179255015e+02, 2.3878059668569790e+02, 0., 0., 1. ]
D1: !!opencv-matrix
   rows: 5
   cols: 1
   dt: d
   data: [ -2.1859934914563901e-02, -9.9468572971318997e-04,
       1.6448003429794193e-03, -3.1164985765511365e-04,
       3.5195408316194161e-04 ]
P1: !!opencv-matrix
   rows: 3
   cols: 4
   dt: f
   data: [ 3.57421112e+02, 0., 3.82649445e+02, 0., 0., 3.57421112e+02,
       2.32002289e+02, 0., 0., 0., 1., 0. ]
R1: !!opencv-matrix
   rows: 3
   cols: 3
   dt: f
   data: [ 9.99722123e-01, -2.23540310e-02, -7.47956662e-03,
       2.23880056e-02, 9.99739289e-01, 4.48997132e-03, 7.37724779e-03,
       -4.65617608e-03, 9.99961972e-01 ]
K2: !!opencv-matrix
   rows: 3
   cols: 3
   dt: d
   data: [ 3.6687495098581172e+02, 0., 3.7621769200552956e+02, 0.,
       3.6726361788508825e+02, 2.2399932895774910e+02, 0., 0., 1. ]
D2: !!opencv-matrix
   rows: 5
   cols: 1
   dt: d
   data: [ -2.2201337830972428e-02, -1.1445843221826492e-03,
       2.9199201696882579e-04, -7.1705872414221615e-04,
       5.1284674356775366e-04 ]
P2: !!opencv-matrix
   rows: 3
   cols: 4
   dt: f
   data: [ 3.57421112e+02, 0., 3.82649445e+02, -6.58317500e+04, 0.,
       3.57421112e+02, 2.32002289e+02, 0., 0., 0., 1., 0. ]
R2: !!opencv-matrix
   rows: 3
   cols: 3
   dt: f
   data: [ 9.99474049e-01, -3.21763121e-02, -4.04344033e-03,
       3.21574807e-02, 9.99472022e-01, -4.63902345e-03, 4.19057207e-03,
       4.50655678e-03, 9.99981046e-01 ]
