%YAML:1.0
---
Q: !!opencv-matrix
   rows: 4
   cols: 4
   dt: f
   data: [ 1., 0., 0., -3.82649567e+02, 0., 1., 0., -2.32002411e+02, 0.,
       0., 0., 3.57414856e+02, 0., 0., 5.42984111e-03, 0. ]
R: !!opencv-matrix
   rows: 3
   cols: 3
   dt: d
   data: [ 9.9962140910506680e-01, 9.7600658692412398e-03,
       -3.1341449029715670e-03, -9.6801311950364625e-03,
       9.9956155293982796e-01, 9.2308753260467551e-03,
       3.2421368719579556e-03, -9.2003306908101795e-03,
       9.9960532624528597e-01 ]
T: !!opencv-matrix
   rows: 3
   cols: 1
   dt: d
   data: [ -1.8402785071202294e+02, 5.9244529459804172e+00,
       7.4449610121734211e-01 ]
E: !!opencv-matrix
   rows: 0
   cols: 0
   dt: u
   data: []
F: !!opencv-matrix
   rows: 0
   cols: 0
   dt: u
   data: []
K1: !!opencv-matrix
   rows: 3
   cols: 3
   dt: d
   data: [ 3.6627756984521932e+02, 0., 3.8060969928433269e+02, 0.,
       3.6653175179255015e+02, 2.3878059668569790e+02, 0., 0., 1. ]
D1: !!opencv-matrix
   rows: 5
   cols: 1
   dt: d
   data: [ -2.1859934914563901e-02, -9.9468572971318997e-04,
       1.6448003429794193e-03, -3.1164985765511365e-04,
       3.5195408316194161e-04 ]
P1: !!opencv-matrix
   rows: 3
   cols: 4
   dt: f
   data: [ 3.57414856e+02, 0., 3.82649567e+02, 0., 0., 3.57414856e+02,
       2.32002411e+02, 0., 0., 0., 1., 0. ]
R1: !!opencv-matrix
   rows: 3
   cols: 3
   dt: f
   data: [ 9.99721587e-01, -2.23792847e-02, -7.47997314e-03,
       2.24132612e-02, 9.99738693e-01, 4.48982790e-03, 7.37753930e-03,
       -4.65622824e-03, 9.99961972e-01 ]
K2: !!opencv-matrix
   rows: 3
   cols: 3
   dt: d
   data: [ 3.6687495098581172e+02, 0., 3.7621769200552956e+02, 0.,
       3.6726361788508825e+02, 2.2399932895774910e+02, 0., 0., 1. ]
D2: !!opencv-matrix
   rows: 5
   cols: 1
   dt: d
   data: [ -2.2201337830972428e-02, -1.1445843221826492e-03,
       2.9199201696882579e-04, -7.1705872414221615e-04,
       5.1284674356775366e-04 ]
P2: !!opencv-matrix
   rows: 3
   cols: 4
   dt: f
   data: [ 3.57414856e+02, 0., 3.82649567e+02, -6.58241875e+04, 0.,
       3.57414856e+02, 2.32002411e+02, 0., 0., 0., 1., 0. ]
R2: !!opencv-matrix
   rows: 3
   cols: 3
   dt: f
   data: [ 9.99474049e-01, -3.21763121e-02, -4.04343801e-03,
       3.21574807e-02, 9.99472022e-01, -4.63897828e-03, 4.19056881e-03,
       4.50651161e-03, 9.99981046e-01 ]
