%YAML:1.0
---
Q: !!opencv-matrix
   rows: 4
   cols: 4
   dt: f
   data: [ 1., 0., 0., -3.82957458e+02, 0., 1., 0., -2.32164322e+02, 0.,
       0., 0., 3.61193848e+02, 0., 0., 5.45152836e-03, 0. ]
R: !!opencv-matrix
   rows: 3
   cols: 3
   dt: d
   data: [ 9.9970025209595947e-01, 9.7848452780769854e-03,
       -3.1388703740065083e-03, -9.6810795292302087e-03,
       9.9964496353174637e-01, 9.2314613758133941e-03,
       3.2422335362061456e-03, -9.2016180879749294e-03,
       9.9969140082120422e-01 ]
T: !!opencv-matrix
   rows: 3
   cols: 1
   dt: d
   data: [ -1.8312288258067616e+02, 1.0982541172059330e+01,
       7.4183853686968904e-01 ]
E: !!opencv-matrix
   rows: 0
   cols: 0
   dt: u
   data: []
F: !!opencv-matrix
   rows: 0
   cols: 0
   dt: u
   data: []
K1: !!opencv-matrix
   rows: 3
   cols: 3
   dt: d
   data: [ 3.6627756984521932e+02, 0., 3.8060969928433269e+02, 0.,
       3.6653175179255015e+02, 2.3878059668569790e+02, 0., 0., 1. ]
D1: !!opencv-matrix
   rows: 5
   cols: 1
   dt: d
   data: [ -2.1859934914563901e-02, -9.9468572971318997e-04,
       1.6448003429794193e-03, -3.1164985765511365e-04,
       3.5195408316194161e-04 ]
P1: !!opencv-matrix
   rows: 3
   cols: 4
   dt: f
   data: [ 3.61193848e+02, 0., 3.82957458e+02, 0., 0., 3.61193848e+02,
       2.32164322e+02, 0., 0., 0., 1., 0. ]
R1: !!opencv-matrix
   rows: 3
   cols: 3
   dt: f
   data: [ 9.98714745e-01, -5.00902943e-02, -7.73725659e-03,
       5.01249880e-02, 9.98733461e-01, 4.35705436e-03, 7.50921061e-03,
       -4.73928405e-03, 9.99960601e-01 ]
K2: !!opencv-matrix
   rows: 3
   cols: 3
   dt: d
   data: [ 3.6687495098581172e+02, 0., 3.7621769200552956e+02, 0.,
       3.6726361788508825e+02, 2.2399932895774910e+02, 0., 0., 1. ]
D2: !!opencv-matrix
   rows: 5
   cols: 1
   dt: d
   data: [ -2.2201337830972428e-02, -1.1445843221826492e-03,
       2.9199201696882579e-04, -7.1705872414221615e-04,
       5.1284674356775366e-04 ]
P2: !!opencv-matrix
   rows: 3
   cols: 4
   dt: f
   data: [ 3.61193848e+02, 0., 3.82957458e+02, -6.62555234e+04, 0.,
       3.61193848e+02, 2.32164322e+02, 0., 0., 0., 1., 0. ]
R2: !!opencv-matrix
   rows: 3
   cols: 3
   dt: f
   data: [ 9.98198271e-01, -5.98655567e-02, -4.04374348e-03,
       5.98465316e-02, 9.98196661e-01, -4.67279321e-03, 4.31619026e-03,
       4.42236988e-03, 9.99980927e-01 ]
