%YAML:1.0
---
Q: !!opencv-matrix
   rows: 4
   cols: 4
   dt: f
   data: [ 1., 0., 0., -3.83253479e+02, 0., 1., 0., -2.32334610e+02, 0.,
       0., 0., 3.66910278e+02, 0., 0., 5.48292557e-03, 0. ]
R: !!opencv-matrix
   rows: 3
   cols: 3
   dt: d
   data: [ 9.9981789472880789e-01, 9.8090498544827591e-03,
       -3.1429983824412876e-03, -9.6820827127454233e-03,
       9.9976512916980853e-01, 9.2325273803456689e-03,
       3.2430164338764565e-03, -9.2024940799986729e-03,
       9.9981560455591090e-01 ]
T: !!opencv-matrix
   rows: 3
   cols: 1
   dt: d
   data: [ -1.8175284222258702e+02, 1.5949831924058246e+01,
       7.3647240240908451e-01 ]
E: !!opencv-matrix
   rows: 0
   cols: 0
   dt: u
   data: []
F: !!opencv-matrix
   rows: 0
   cols: 0
   dt: u
   data: []
K1: !!opencv-matrix
   rows: 3
   cols: 3
   dt: d
   data: [ 3.6627756984521932e+02, 0., 3.8060969928433269e+02, 0.,
       3.6653175179255015e+02, 2.3878059668569790e+02, 0., 0., 1. ]
D1: !!opencv-matrix
   rows: 5
   cols: 1
   dt: d
   data: [ -2.1859934914563901e-02, -9.9468572971318997e-04,
       1.6448003429794193e-03, -3.1164985765511365e-04,
       3.5195408316194161e-04 ]
P1: !!opencv-matrix
   rows: 3
   cols: 4
   dt: f
   data: [ 3.66910278e+02, 0., 3.83253479e+02, 0., 0., 3.66910278e+02,
       2.32334610e+02, 0., 0., 0., 1., 0. ]
R1: !!opencv-matrix
   rows: 3
   cols: 3
   dt: f
   data: [ 9.96947825e-01, -7.76617229e-02, -7.98195042e-03,
       7.76970759e-02, 9.96968091e-01, 4.21789149e-03, 7.63018103e-03,
       -4.82519157e-03, 9.99959230e-01 ]
K2: !!opencv-matrix
   rows: 3
   cols: 3
   dt: d
   data: [ 3.6687495098581172e+02, 0., 3.7621769200552956e+02, 0.,
       3.6726361788508825e+02, 2.2399932895774910e+02, 0., 0., 1. ]
D2: !!opencv-matrix
   rows: 5
   cols: 1
   dt: d
   data: [ -2.2201337830972428e-02, -1.1445843221826492e-03,
       2.9199201696882579e-04, -7.1705872414221615e-04,
       5.1284674356775366e-04 ]
P2: !!opencv-matrix
   rows: 3
   cols: 4
   dt: f
   data: [ 3.66910278e+02, 0., 3.83253479e+02, -6.69187031e+04, 0.,
       3.66910278e+02, 2.32334610e+02, 0., 0., 0., 1., 0. ]
R2: !!opencv-matrix
   rows: 3
   cols: 3
   dt: f
   data: [ 9.96163487e-01, -8.74189287e-02, -4.03650850e-03,
       8.73997509e-02, 9.96162176e-01, -4.70607588e-03, 4.43241745e-03,
       4.33523115e-03, 9.99980807e-01 ]
