%YAML:1.0
---
Q: !!opencv-matrix
   rows: 4
   cols: 4
   dt: f
   data: [ 1., 0., 0., -3.82658234e+02, 0., 1., 0., -2.32002197e+02, 0.,
       0., 0., 3.57429596e+02, 0., 0., 5.43272961e-03, 0. ]
R: !!opencv-matrix
   rows: 3
   cols: 3
   dt: d
   data: [ 9.9982774456231538e-01, 9.9033821738587786e-03,
       -3.1392412821976789e-03, -9.6884272909378965e-03,
       9.9948346262716536e-01, 9.2303682451248918e-03,
       3.2407655729376431e-03, -9.2002336640398755e-03,
       9.9953189039667811e-01 ]
T: !!opencv-matrix
   rows: 3
   cols: 1
   dt: d
   data: [ -1.8406701620784401e+02, 5.9257149968597895e+00,
       7.4465567708812519e-01 ]
E: !!opencv-matrix
   rows: 0
   cols: 0
   dt: u
   data: []
F: !!opencv-matrix
   rows: 0
   cols: 0
   dt: u
   data: []
K1: !!opencv-matrix
   rows: 3
   cols: 3
   dt: d
   data: [ 3.6627756984521932e+02, 0., 3.8060969928433269e+02, 0.,
       3.6653175179255015e+02, 2.3878059668569790e+02, 0., 0., 1. ]
D1: !!opencv-matrix
   rows: 5
   cols: 1
   dt: d
   data: [ -2.1859934914563901e-02, -9.9468572971318997e-04,
       1.6448003429794193e-03, -3.1164985765511365e-04,
       3.5195408316194161e-04 ]
P1: !!opencv-matrix
   rows: 3
   cols: 4
   dt: f
   data: [ 3.57429596e+02, 0., 3.82658234e+02, 0., 0., 3.57429596e+02,
       2.32002197e+02, 0., 0., 0., 1., 0. ]
R1: !!opencv-matrix
   rows: 3
   cols: 3
   dt: f
   data: [ 9.99723136e-01, -2.23031528e-02, -7.50190346e-03,
       2.23372336e-02, 9.99740422e-01, 4.49013105e-03, 7.39981188e-03,
       -4.65645967e-03, 9.99961793e-01 ]
K2: !!opencv-matrix
   rows: 3
   cols: 3
   dt: d
   data: [ 3.6687495098581172e+02, 0., 3.7621769200552956e+02, 0.,
       3.6726361788508825e+02, 2.2399932895774910e+02, 0., 0., 1. ]
D2: !!opencv-matrix
   rows: 5
   cols: 1
   dt: d
   data: [ -2.2201337830972428e-02, -1.1445843221826492e-03,
       2.9199201696882579e-04, -7.1705872414221615e-04,
       5.1284674356775366e-04 ]
P2: !!opencv-matrix
   rows: 3
   cols: 4
   dt: f
   data: [ 3.57429596e+02, 0., 3.82658234e+02, -6.57918984e+04, 0.,
       3.57429596e+02, 2.32002197e+02, 0., 0., 0., 1., 0. ]
R2: !!opencv-matrix
   rows: 3
   cols: 3
   dt: f
   data: [ 9.99474049e-01, -3.21763158e-02, -4.04343754e-03,
       3.21574844e-02, 9.99472022e-01, -4.63924417e-03, 4.19057673e-03,
       4.50677704e-03, 9.99981046e-01 ]
