%YAML:1.0
---
Q: !!opencv-matrix
   rows: 4
   cols: 4
   dt: f
   data: [ 1., 0., 0., -3.82652313e+02, 0., 1., 0., -2.32002563e+02, 0.,
       0., 0., 3.57407532e+02, 0., 0., 5.42969024e-03, 0. ]
R: !!opencv-matrix
   rows: 3
   cols: 3
   dt: d
   data: [ 9.9961507189966536e-01, 9.7578808243168787e-03,
       -3.1417968503522492e-03, -9.6800635065310749e-03,
       9.9955556548702751e-01, 9.2310663617940301e-03,
       3.2421183594519001e-03, -9.2002663780099483e-03,
       9.9959930124166196e-01 ]
T: !!opencv-matrix
   rows: 3
   cols: 1
   dt: d
   data: [ -1.8407937650714788e+02, 5.9261116907031663e+00,
       7.4470411315094898e-01 ]
E: !!opencv-matrix
   rows: 0
   cols: 0
   dt: u
   data: []
F: !!opencv-matrix
   rows: 0
   cols: 0
   dt: u
   data: []
K1: !!opencv-matrix
   rows: 3
   cols: 3
   dt: d
   data: [ 3.6627756984521932e+02, 0., 3.8060969928433269e+02, 0.,
       3.6653175179255015e+02, 2.3878059668569790e+02, 0., 0., 1. ]
D1: !!opencv-matrix
   rows: 5
   cols: 1
   dt: d
   data: [ -2.1859934914563901e-02, -9.9468572971318997e-04,
       1.6448003429794193e-03, -3.1164985765511365e-04,
       3.5195408316194161e-04 ]
P1: !!opencv-matrix
   rows: 3
   cols: 4
   dt: f
   data: [ 3.57407532e+02, 0., 3.82652313e+02, 0., 0., 3.57407532e+02,
       2.32002563e+02, 0., 0., 0., 1., 0. ]
R1: !!opencv-matrix
   rows: 3
   cols: 3
   dt: f
   data: [ 9.99720931e-01, -2.24042851e-02, -7.48707680e-03,
       2.24382952e-02, 9.99738157e-01, 4.48964816e-03, 7.38452887e-03,
       -4.65639262e-03, 9.99961913e-01 ]
K2: !!opencv-matrix
   rows: 3
   cols: 3
   dt: d
   data: [ 3.6687495098581172e+02, 0., 3.7621769200552956e+02, 0.,
       3.6726361788508825e+02, 2.2399932895774910e+02, 0., 0., 1. ]
D2: !!opencv-matrix
   rows: 5
   cols: 1
   dt: d
   data: [ -2.2201337830972428e-02, -1.1445843221826492e-03,
       2.9199201696882579e-04, -7.1705872414221615e-04,
       5.1284674356775366e-04 ]
P2: !!opencv-matrix
   rows: 3
   cols: 4
   dt: f
   data: [ 3.57407532e+02, 0., 3.82652313e+02, -6.58246641e+04, 0.,
       3.57407532e+02, 2.32002563e+02, 0., 0., 0., 1., 0. ]
R2: !!opencv-matrix
   rows: 3
   cols: 3
   dt: f
   data: [ 9.99474049e-01, -3.21763083e-02, -4.04343195e-03,
       3.21574770e-02, 9.99472022e-01, -4.63897130e-03, 4.19056229e-03,
       4.50650463e-03, 9.99981046e-01 ]
