%YAML:1.0
---
Q: !!opencv-matrix
   rows: 4
   cols: 4
   dt: f
   data: [ 1., 0., 0., -3.82652435e+02, 0., 1., 0., -2.32002563e+02, 0.,
       0., 0., 3.57407471e+02, 0., 0., 5.42986114e-03, 0. ]
R: !!opencv-matrix
   rows: 3
   cols: 3
   dt: d
   data: [ 9.9961586205742214e-01, 9.7578721731713634e-03,
       -3.1418845901968195e-03, -9.6800693346255420e-03,
       9.9955643716171505e-01, 9.2310771431832351e-03,
       3.2421215123434972e-03, -9.2002743259474735e-03,
       9.9960017274561108e-01 ]
T: !!opencv-matrix
   rows: 3
   cols: 1
   dt: d
   data: [ -1.8407184607952655e+02, 5.9258692621208544e+00,
       7.4467364970671224e-01 ]
E: !!opencv-matrix
   rows: 0
   cols: 0
   dt: u
   data: []
F: !!opencv-matrix
   rows: 0
   cols: 0
   dt: u
   data: []
K1: !!opencv-matrix
   rows: 3
   cols: 3
   dt: d
   data: [ 3.6627756984521932e+02, 0., 3.8060969928433269e+02, 0.,
       3.6653175179255015e+02, 2.3878059668569790e+02, 0., 0., 1. ]
D1: !!opencv-matrix
   rows: 5
   cols: 1
   dt: d
   data: [ -2.1859934914563901e-02, -9.9468572971318997e-04,
       1.6448003429794193e-03, -3.1164985765511365e-04,
       3.5195408316194161e-04 ]
P1: !!opencv-matrix
   rows: 3
   cols: 4
   dt: f
   data: [ 3.57407471e+02, 0., 3.82652435e+02, 0., 0., 3.57407471e+02,
       2.32002563e+02, 0., 0., 0., 1., 0. ]
R1: !!opencv-matrix
   rows: 3
   cols: 3
   dt: f
   data: [ 9.99720931e-01, -2.24043913e-02, -7.48738414e-03,
       2.24384014e-02, 9.99738157e-01, 4.48964583e-03, 7.38483574e-03,
       -4.65639774e-03, 9.99961913e-01 ]
K2: !!opencv-matrix
   rows: 3
   cols: 3
   dt: d
   data: [ 3.6687495098581172e+02, 0., 3.7621769200552956e+02, 0.,
       3.6726361788508825e+02, 2.2399932895774910e+02, 0., 0., 1. ]
D2: !!opencv-matrix
   rows: 5
   cols: 1
   dt: d
   data: [ -2.2201337830972428e-02, -1.1445843221826492e-03,
       2.9199201696882579e-04, -7.1705872414221615e-04,
       5.1284674356775366e-04 ]
P2: !!opencv-matrix
   rows: 3
   cols: 4
   dt: f
   data: [ 3.57407471e+02, 0., 3.82652435e+02, -6.58225781e+04, 0.,
       3.57407471e+02, 2.32002563e+02, 0., 0., 0., 1., 0. ]
R2: !!opencv-matrix
   rows: 3
   cols: 3
   dt: f
   data: [ 9.99474049e-01, -3.21763083e-02, -4.04343195e-03,
       3.21574770e-02, 9.99472022e-01, -4.63897269e-03, 4.19056229e-03,
       4.50650649e-03, 9.99981046e-01 ]
