%YAML:1.0
---
Q: !!opencv-matrix
   rows: 4
   cols: 4
   dt: f
   data: [ 1., 0., 0., -3.82651550e+02, 0., 1., 0., -2.32002213e+02, 0.,
       0., 0., 3.57426514e+02, 0., 0., 5.42994635e-03, 0. ]
R: !!opencv-matrix
   rows: 3
   cols: 3
   dt: d
   data: [ 9.9975276967418547e-01, 9.8537842368817356e-03,
       -3.1280137794558027e-03, -9.6855244597701048e-03,
       9.9950679560189204e-01, 9.2302053402387087e-03,
       3.2412276429187774e-03, -9.2002333334609450e-03,
       9.9955357523334210e-01 ]
T: !!opencv-matrix
   rows: 3
   cols: 1
   dt: d
   data: [ -1.8408852957147369e+02, 5.9264072175402616e+00,
       7.4474269961204997e-01 ]
E: !!opencv-matrix
   rows: 0
   cols: 0
   dt: u
   data: []
F: !!opencv-matrix
   rows: 0
   cols: 0
   dt: u
   data: []
K1: !!opencv-matrix
   rows: 3
   cols: 3
   dt: d
   data: [ 3.6627756984521932e+02, 0., 3.8060969928433269e+02, 0.,
       3.6653175179255015e+02, 2.3878059668569790e+02, 0., 0., 1. ]
D1: !!opencv-matrix
   rows: 5
   cols: 1
   dt: d
   data: [ -2.1859934914563901e-02, -9.9468572971318997e-04,
       1.6448003429794193e-03, -3.1164985765511365e-04,
       3.5195408316194161e-04 ]
P1: !!opencv-matrix
   rows: 3
   cols: 4
   dt: f
   data: [ 3.57426514e+02, 0., 3.82651550e+02, 0., 0., 3.57426514e+02,
       2.32002213e+02, 0., 0., 0., 1., 0. ]
R1: !!opencv-matrix
   rows: 3
   cols: 3
   dt: f
   data: [ 9.99722660e-01, -2.23280359e-02, -7.48486072e-03,
       2.23620366e-02, 9.99739826e-01, 4.49008681e-03, 7.38265878e-03,
       -4.65621846e-03, 9.99961913e-01 ]
K2: !!opencv-matrix
   rows: 3
   cols: 3
   dt: d
   data: [ 3.6687495098581172e+02, 0., 3.7621769200552956e+02, 0.,
       3.6726361788508825e+02, 2.2399932895774910e+02, 0., 0., 1. ]
D2: !!opencv-matrix
   rows: 5
   cols: 1
   dt: d
   data: [ -2.2201337830972428e-02, -1.1445843221826492e-03,
       2.9199201696882579e-04, -7.1705872414221615e-04,
       5.1284674356775366e-04 ]
P2: !!opencv-matrix
   rows: 3
   cols: 4
   dt: f
   data: [ 3.57426514e+02, 0., 3.82651550e+02, -6.58250547e+04, 0.,
       3.57426514e+02, 2.32002213e+02, 0., 0., 0., 1., 0. ]
R2: !!opencv-matrix
   rows: 3
   cols: 3
   dt: f
   data: [ 9.99474049e-01, -3.21763158e-02, -4.04344033e-03,
       3.21574844e-02, 9.99472022e-01, -4.63910168e-03, 4.19057487e-03,
       4.50663501e-03, 9.99981046e-01 ]
