%YAML:1.0
---
Q: !!opencv-matrix
   rows: 4
   cols: 4
   dt: f
   data: [ 1., 0., 0., -3.82650818e+02, 0., 1., 0., -2.32002533e+02, 0.,
       0., 0., 3.57408478e+02, 0., 0., 5.43110212e-03, 0. ]
R: !!opencv-matrix
   rows: 3
   cols: 3
   dt: d
   data: [ 9.9961746965545883e-01, 9.7576046875078818e-03,
       -3.1415110565888860e-03, -9.6800846597066264e-03,
       9.9955806456563490e-01, 9.2310799004983422e-03,
       3.2421268091339969e-03, -9.2002880872114091e-03,
       9.9960178957998347e-01 ]
T: !!opencv-matrix
   rows: 3
   cols: 1
   dt: d
   data: [ -1.8405770412066178e+02, 5.9254139809843442e+00,
       7.4461640126409345e-01 ]
E: !!opencv-matrix
   rows: 0
   cols: 0
   dt: u
   data: []
F: !!opencv-matrix
   rows: 0
   cols: 0
   dt: u
   data: []
K1: !!opencv-matrix
   rows: 3
   cols: 3
   dt: d
   data: [ 3.6627756984521932e+02, 0., 3.8060969928433269e+02, 0.,
       3.6653175179255015e+02, 2.3878059668569790e+02, 0., 0., 1. ]
D1: !!opencv-matrix
   rows: 5
   cols: 1
   dt: d
   data: [ -2.1859934914563901e-02, -9.9468572971318997e-04,
       1.6448003429794193e-03, -3.1164985765511365e-04,
       3.5195408316194161e-04 ]
P1: !!opencv-matrix
   rows: 3
   cols: 4
   dt: f
   data: [ 3.57408478e+02, 0., 3.82650818e+02, 0., 0., 3.57408478e+02,
       2.32002533e+02, 0., 0., 0., 1., 0. ]
R1: !!opencv-matrix
   rows: 3
   cols: 3
   dt: f
   data: [ 9.99720991e-01, -2.24032048e-02, -7.48322532e-03,
       2.24371962e-02, 9.99738157e-01, 4.48967563e-03, 7.38068298e-03,
       -4.65632603e-03, 9.99961913e-01 ]
K2: !!opencv-matrix
   rows: 3
   cols: 3
   dt: d
   data: [ 3.6687495098581172e+02, 0., 3.7621769200552956e+02, 0.,
       3.6726361788508825e+02, 2.2399932895774910e+02, 0., 0., 1. ]
D2: !!opencv-matrix
   rows: 5
   cols: 1
   dt: d
   data: [ -2.2201337830972428e-02, -1.1445843221826492e-03,
       2.9199201696882579e-04, -7.1705872414221615e-04,
       5.1284674356775366e-04 ]
P2: !!opencv-matrix
   rows: 3
   cols: 4
   dt: f
   data: [ 3.57408478e+02, 0., 3.82650818e+02, -6.58077266e+04, 0.,
       3.57408478e+02, 2.32002533e+02, 0., 0., 0., 1., 0. ]
R2: !!opencv-matrix
   rows: 3
   cols: 3
   dt: f
   data: [ 9.99474049e-01, -3.21763083e-02, -4.04343428e-03,
       3.21574770e-02, 9.99472022e-01, -4.63895174e-03, 4.19056369e-03,
       4.50648507e-03, 9.99981046e-01 ]
