%YAML:1.0
---
Q: !!opencv-matrix
   rows: 4
   cols: 4
   dt: f
   data: [ 1., 0., 0., -3.83233917e+02, 0., 1., 0., -2.32333557e+02, 0.,
       0., 0., 3.66920135e+02, 0., 0., 5.44387521e-03, 0. ]
R: !!opencv-matrix
   rows: 3
   cols: 3
   dt: d
   data: [ 9.9968960105044546e-01, 9.8185761775103596e-03,
       -3.0873975675733308e-03, -9.6607452623830511e-03,
       9.9989298948924454e-01, 9.2288082376950891e-03,
       3.2442404084321586e-03, -9.2038904387545285e-03,
       9.9994389917185100e-01 ]
T: !!opencv-matrix
   rows: 3
   cols: 1
   dt: d
   data: [ -1.8287453253093193e+02, 1.6048189538419365e+01,
       7.4135053538045470e-01 ]
E: !!opencv-matrix
   rows: 0
   cols: 0
   dt: u
   data: []
F: !!opencv-matrix
   rows: 0
   cols: 0
   dt: u
   data: []
K1: !!opencv-matrix
   rows: 3
   cols: 3
   dt: d
   data: [ 3.6627756984521932e+02, 0., 3.8060969928433269e+02, 0.,
       3.6653175179255015e+02, 2.3878059668569790e+02, 0., 0., 1. ]
D1: !!opencv-matrix
   rows: 5
   cols: 1
   dt: d
   data: [ -2.1859934914563901e-02, -9.9468572971318997e-04,
       1.6448003429794193e-03, -3.1164985765511365e-04,
       3.5195408316194161e-04 ]
P1: !!opencv-matrix
   rows: 3
   cols: 4
   dt: f
   data: [ 3.66920135e+02, 0., 3.83233917e+02, 0., 0., 3.66920135e+02,
       2.32333557e+02, 0., 0., 0., 1., 0. ]
R1: !!opencv-matrix
   rows: 3
   cols: 3
   dt: f
   data: [ 9.96949077e-01, -7.76504874e-02, -7.93031324e-03,
       7.76855946e-02, 9.96968985e-01, 4.21897834e-03, 7.57867051e-03,
       -4.82217781e-03, 9.99959648e-01 ]
K2: !!opencv-matrix
   rows: 3
   cols: 3
   dt: d
   data: [ 3.6687495098581172e+02, 0., 3.7621769200552956e+02, 0.,
       3.6726361788508825e+02, 2.2399932895774910e+02, 0., 0., 1. ]
D2: !!opencv-matrix
   rows: 5
   cols: 1
   dt: d
   data: [ -2.2201337830972428e-02, -1.1445843221826492e-03,
       2.9199201696882579e-04, -7.1705872414221615e-04,
       5.1284674356775366e-04 ]
P2: !!opencv-matrix
   rows: 3
   cols: 4
   dt: f
   data: [ 3.66920135e+02, 0., 3.83233917e+02, -6.74005469e+04, 0.,
       3.66920135e+02, 2.32333557e+02, 0., 0., 0., 1., 0. ]
R2: !!opencv-matrix
   rows: 3
   cols: 3
   dt: f
   data: [ 9.96163487e-01, -8.74185041e-02, -4.03813366e-03,
       8.73993188e-02, 9.96162236e-01, -4.70517948e-03, 4.43395600e-03,
       4.33419785e-03, 9.99980748e-01 ]
