%YAML:1.0
---
Q: !!opencv-matrix
   rows: 4
   cols: 4
   dt: f
   data: [ 1., 0., 0., -3.82348236e+02, 0., 1., 0., -2.31849915e+02, 0.,
       0., 0., 3.58598022e+02, 0., 0., 5.40480856e-03, 0. ]
R: !!opencv-matrix
   rows: 3
   cols: 3
   dt: d
   data: [ 9.9969453513814843e-01, 9.7234165067853554e-03,
       -3.1518324871342555e-03, -9.6801102423179561e-03,
       9.9961486024528745e-01, 9.2319495392353158e-03,
       3.2421820948425155e-03, -9.2007102033374033e-03,
       9.9965698638276623e-01 ]
T: !!opencv-matrix
   rows: 3
   cols: 1
   dt: d
   data: [ -1.8500916183031904e+02, 8.1620711141439839e-01,
       7.4914688468720003e-01 ]
E: !!opencv-matrix
   rows: 0
   cols: 0
   dt: u
   data: []
F: !!opencv-matrix
   rows: 0
   cols: 0
   dt: u
   data: []
K1: !!opencv-matrix
   rows: 3
   cols: 3
   dt: d
   data: [ 3.6627756984521932e+02, 0., 3.8060969928433269e+02, 0.,
       3.6653175179255015e+02, 2.3878059668569790e+02, 0., 0., 1. ]
D1: !!opencv-matrix
   rows: 5
   cols: 1
   dt: d
   data: [ -2.1859934914563901e-02, -9.9468572971318997e-04,
       1.6448003429794193e-03, -3.1164985765511365e-04,
       3.5195408316194161e-04 ]
P1: !!opencv-matrix
   rows: 3
   cols: 4
   dt: f
   data: [ 3.58598022e+02, 0., 3.82348236e+02, 0., 0., 3.58598022e+02,
       2.31849915e+02, 0., 0., 0., 1., 0. ]
R1: !!opencv-matrix
   rows: 3
   cols: 3
   dt: f
   data: [ 9.99959469e-01, 5.34506701e-03, -7.24272663e-03,
       -5.31172054e-03, 9.99975264e-01, 4.61556669e-03, 7.26721808e-03,
       -4.57690842e-03, 9.99963105e-01 ]
K2: !!opencv-matrix
   rows: 3
   cols: 3
   dt: d
   data: [ 3.6687495098581172e+02, 0., 3.7621769200552956e+02, 0.,
       3.6726361788508825e+02, 2.2399932895774910e+02, 0., 0., 1. ]
D2: !!opencv-matrix
   rows: 5
   cols: 1
   dt: d
   data: [ -2.2201337830972428e-02, -1.1445843221826492e-03,
       2.9199201696882579e-04, -7.1705872414221615e-04,
       5.1284674356775366e-04 ]
P2: !!opencv-matrix
   rows: 3
   cols: 4
   dt: f
   data: [ 3.58598022e+02, 0., 3.82348236e+02, -6.63479609e+04, 0.,
       3.58598022e+02, 2.31849915e+02, 0., 0., 0., 1., 0. ]
R2: !!opencv-matrix
   rows: 3
   cols: 3
   dt: f
   data: [ 9.99982059e-01, -4.41163266e-03, -4.04916937e-03,
       4.39297501e-03, 9.99979734e-01, -4.60519874e-03, 4.06940375e-03,
       4.58732853e-03, 9.99981225e-01 ]
