%YAML:1.0
---
Q: !!opencv-matrix
   rows: 4
   cols: 4
   dt: f
   data: [ 1., 0., 0., -3.82960754e+02, 0., 1., 0., -2.32164459e+02, 0.,
       0., 0., 3.61193237e+02, 0., 0., 5.42150065e-03, 0. ]
R: !!opencv-matrix
   rows: 3
   cols: 3
   dt: d
   data: [ 9.9971303654722909e-01, 9.7840633846959981e-03,
       -3.1413915618442884e-03, -9.6780322103716346e-03,
       9.9972012273656952e-01, 9.2323251980237792e-03,
       3.2422806724799803e-03, -9.2017131033789619e-03,
       9.9976621591981363e-01 ]
T: !!opencv-matrix
   rows: 3
   cols: 1
   dt: d
   data: [ -1.8414028994633154e+02, 1.1043437156516100e+01,
       7.4693117640163276e-01 ]
E: !!opencv-matrix
   rows: 0
   cols: 0
   dt: u
   data: []
F: !!opencv-matrix
   rows: 0
   cols: 0
   dt: u
   data: []
K1: !!opencv-matrix
   rows: 3
   cols: 3
   dt: d
   data: [ 3.6627756984521932e+02, 0., 3.8060969928433269e+02, 0.,
       3.6653175179255015e+02, 2.3878059668569790e+02, 0., 0., 1. ]
D1: !!opencv-matrix
   rows: 5
   cols: 1
   dt: d
   data: [ -2.1859934914563901e-02, -9.9468572971318997e-04,
       1.6448003429794193e-03, -3.1164985765511365e-04,
       3.5195408316194161e-04 ]
P1: !!opencv-matrix
   rows: 3
   cols: 4
   dt: f
   data: [ 3.61193237e+02, 0., 3.82960754e+02, 0., 0., 3.61193237e+02,
       2.32164459e+02, 0., 0., 0., 1., 0. ]
R1: !!opencv-matrix
   rows: 3
   cols: 3
   dt: f
   data: [ 9.98714447e-01, -5.00952490e-02, -7.74046220e-03,
       5.01299575e-02, 9.98733222e-01, 4.35677310e-03, 7.51240272e-03,
       -4.73920116e-03, 9.99960542e-01 ]
K2: !!opencv-matrix
   rows: 3
   cols: 3
   dt: d
   data: [ 3.6687495098581172e+02, 0., 3.7621769200552956e+02, 0.,
       3.6726361788508825e+02, 2.2399932895774910e+02, 0., 0., 1. ]
D2: !!opencv-matrix
   rows: 5
   cols: 1
   dt: d
   data: [ -2.2201337830972428e-02, -1.1445843221826492e-03,
       2.9199201696882579e-04, -7.1705872414221615e-04,
       5.1284674356775366e-04 ]
P2: !!opencv-matrix
   rows: 3
   cols: 4
   dt: f
   data: [ 3.61193237e+02, 0., 3.82960754e+02, -6.66223672e+04, 0.,
       3.61193237e+02, 2.32164459e+02, 0., 0., 0., 1., 0. ]
R2: !!opencv-matrix
   rows: 3
   cols: 3
   dt: f
   data: [ 9.98198271e-01, -5.98648973e-02, -4.04900126e-03,
       5.98458499e-02, 9.98196721e-01, -4.67276759e-03, 4.32143454e-03,
       4.42203227e-03, 9.99980867e-01 ]
