%YAML:1.0
---
Q: !!opencv-matrix
   rows: 4
   cols: 4
   dt: f
   data: [ 1., 0., 0., -3.83249054e+02, 0., 1., 0., -2.32334366e+02, 0.,
       0., 0., 3.66913727e+02, 0., 0., 5.44832833e-03, 0. ]
R: !!opencv-matrix
   rows: 3
   cols: 3
   dt: d
   data: [ 9.9977769841256325e-01, 9.8130922865642886e-03,
       -3.1317786600566673e-03, -9.6709120324261870e-03,
       9.9986224590333184e-01, 9.2324233679356594e-03,
       3.2436561790403192e-03, -9.2035827159148154e-03,
       9.9991287907136672e-01 ]
T: !!opencv-matrix
   rows: 3
   cols: 1
   dt: d
   data: [ -1.8284620710396641e+02, 1.6045704003844307e+01,
       7.4123909326697457e-01 ]
E: !!opencv-matrix
   rows: 0
   cols: 0
   dt: u
   data: []
F: !!opencv-matrix
   rows: 0
   cols: 0
   dt: u
   data: []
K1: !!opencv-matrix
   rows: 3
   cols: 3
   dt: d
   data: [ 3.6627756984521932e+02, 0., 3.8060969928433269e+02, 0.,
       3.6653175179255015e+02, 2.3878059668569790e+02, 0., 0., 1. ]
D1: !!opencv-matrix
   rows: 5
   cols: 1
   dt: d
   data: [ -2.1859934914563901e-02, -9.9468572971318997e-04,
       1.6448003429794193e-03, -3.1164985765511365e-04,
       3.5195408316194161e-04 ]
P1: !!opencv-matrix
   rows: 3
   cols: 4
   dt: f
   data: [ 3.66913727e+02, 0., 3.83249054e+02, 0., 0., 3.66913727e+02,
       2.32334366e+02, 0., 0., 0., 1., 0. ]
R1: !!opencv-matrix
   rows: 3
   cols: 3
   dt: f
   data: [ 9.96948421e-01, -7.76553228e-02, -7.96882529e-03,
       7.76906088e-02, 9.96968567e-01, 4.21819603e-03, 7.61710294e-03,
       -4.82442649e-03, 9.99959350e-01 ]
K2: !!opencv-matrix
   rows: 3
   cols: 3
   dt: d
   data: [ 3.6687495098581172e+02, 0., 3.7621769200552956e+02, 0.,
       3.6726361788508825e+02, 2.2399932895774910e+02, 0., 0., 1. ]
D2: !!opencv-matrix
   rows: 5
   cols: 1
   dt: d
   data: [ -2.2201337830972428e-02, -1.1445843221826492e-03,
       2.9199201696882579e-04, -7.1705872414221615e-04,
       5.1284674356775366e-04 ]
P2: !!opencv-matrix
   rows: 3
   cols: 4
   dt: f
   data: [ 3.66913727e+02, 0., 3.83249054e+02, -6.73442734e+04, 0.,
       3.66913727e+02, 2.32334366e+02, 0., 0., 0., 1., 0. ]
R2: !!opencv-matrix
   rows: 3
   cols: 3
   dt: f
   data: [ 9.96163487e-01, -8.74185190e-02, -4.03833389e-03,
       8.73993337e-02, 9.96162236e-01, -4.70592361e-03, 4.43422049e-03,
       4.33492148e-03, 9.99980748e-01 ]
