%YAML:1.0
---
Q: !!opencv-matrix
   rows: 4
   cols: 4
   dt: f
   data: [ 1., 0., 0., -3.82955048e+02, 0., 1., 0., -2.32164291e+02, 0.,
       0., 0., 3.61194885e+02, 0., 0., 5.42090088e-03, 0. ]
R: !!opencv-matrix
   rows: 3
   cols: 3
   dt: d
   data: [ 9.9963281356802858e-01, 9.7790263405474458e-03,
       -3.1232778987659920e-03, -9.6714250080569240e-03,
       9.9975615769440596e-01, 9.2315619676466513e-03,
       3.2428663255960450e-03, -9.2020196597307462e-03,
       9.9980185622657469e-01 ]
T: !!opencv-matrix
   rows: 3
   cols: 1
   dt: d
   data: [ -1.8411484889914325e+02, 1.1041911252240284e+01,
       7.4682535143422757e-01 ]
E: !!opencv-matrix
   rows: 0
   cols: 0
   dt: u
   data: []
F: !!opencv-matrix
   rows: 0
   cols: 0
   dt: u
   data: []
K1: !!opencv-matrix
   rows: 3
   cols: 3
   dt: d
   data: [ 3.6627756984521932e+02, 0., 3.8060969928433269e+02, 0.,
       3.6653175179255015e+02, 2.3878059668569790e+02, 0., 0., 1. ]
D1: !!opencv-matrix
   rows: 5
   cols: 1
   dt: d
   data: [ -2.1859934914563901e-02, -9.9468572971318997e-04,
       1.6448003429794193e-03, -3.1164985765511365e-04,
       3.5195408316194161e-04 ]
P1: !!opencv-matrix
   rows: 3
   cols: 4
   dt: f
   data: [ 3.61194885e+02, 0., 3.82955048e+02, 0., 0., 3.61194885e+02,
       2.32164291e+02, 0., 0., 0., 1., 0. ]
R1: !!opencv-matrix
   rows: 3
   cols: 3
   dt: f
   data: [ 9.98714387e-01, -5.00982627e-02, -7.72586837e-03,
       5.01329042e-02, 9.98733044e-01, 4.35693935e-03, 7.49780517e-03,
       -4.73865820e-03, 9.99960661e-01 ]
K2: !!opencv-matrix
   rows: 3
   cols: 3
   dt: d
   data: [ 3.6687495098581172e+02, 0., 3.7621769200552956e+02, 0.,
       3.6726361788508825e+02, 2.2399932895774910e+02, 0., 0., 1. ]
D2: !!opencv-matrix
   rows: 5
   cols: 1
   dt: d
   data: [ -2.2201337830972428e-02, -1.1445843221826492e-03,
       2.9199201696882579e-04, -7.1705872414221615e-04,
       5.1284674356775366e-04 ]
P2: !!opencv-matrix
   rows: 3
   cols: 4
   dt: f
   data: [ 3.61194885e+02, 0., 3.82955048e+02, -6.66300469e+04, 0.,
       3.61194885e+02, 2.32164291e+02, 0., 0., 0., 1., 0. ]
R2: !!opencv-matrix
   rows: 3
   cols: 3
   dt: f
   data: [ 9.98198271e-01, -5.98648973e-02, -4.04898217e-03,
       5.98458499e-02, 9.98196721e-01, -4.67257807e-03, 4.32140427e-03,
       4.42184461e-03, 9.99980867e-01 ]
