%YAML:1.0
---
Q: !!opencv-matrix
   rows: 4
   cols: 4
   dt: f
   data: [ 1., 0., 0., -3.83254730e+02, 0., 1., 0., -2.32334595e+02, 0.,
       0., 0., 3.66913666e+02, 0., 0., 5.44499513e-03, 0. ]
R: !!opencv-matrix
   rows: 3
   cols: 3
   dt: d
   data: [ 9.9985639810739291e-01, 9.8204915450085407e-03,
       -3.1422037217294606e-03, -9.6817066178618745e-03,
       9.9981175183339221e-01, 9.2328920360267124e-03,
       3.2429743207423433e-03, -9.2031565579746202e-03,
       9.9986311724706611e-01 ]
T: !!opencv-matrix
   rows: 3
   cols: 1
   dt: d
   data: [ -1.8295847632978254e+02, 1.6055556278725980e+01,
       7.4169542732473237e-01 ]
E: !!opencv-matrix
   rows: 0
   cols: 0
   dt: u
   data: []
F: !!opencv-matrix
   rows: 0
   cols: 0
   dt: u
   data: []
K1: !!opencv-matrix
   rows: 3
   cols: 3
   dt: d
   data: [ 3.6627756984521932e+02, 0., 3.8060969928433269e+02, 0.,
       3.6653175179255015e+02, 2.3878059668569790e+02, 0., 0., 1. ]
D1: !!opencv-matrix
   rows: 5
   cols: 1
   dt: d
   data: [ -2.1859934914563901e-02, -9.9468572971318997e-04,
       1.6448003429794193e-03, -3.1164985765511365e-04,
       3.5195408316194161e-04 ]
P1: !!opencv-matrix
   rows: 3
   cols: 4
   dt: f
   data: [ 3.66913666e+02, 0., 3.83254730e+02, 0., 0., 3.66913666e+02,
       2.32334595e+02, 0., 0., 0., 1., 0. ]
R1: !!opencv-matrix
   rows: 3
   cols: 3
   dt: f
   data: [ 9.96949077e-01, -7.76450858e-02, -7.98332039e-03,
       7.76804462e-02, 9.96969402e-01, 4.21797484e-03, 7.63162132e-03,
       -4.82525397e-03, 9.99959230e-01 ]
K2: !!opencv-matrix
   rows: 3
   cols: 3
   dt: d
   data: [ 3.6687495098581172e+02, 0., 3.7621769200552956e+02, 0.,
       3.6726361788508825e+02, 2.2399932895774910e+02, 0., 0., 1. ]
D2: !!opencv-matrix
   rows: 5
   cols: 1
   dt: d
   data: [ -2.2201337830972428e-02, -1.1445843221826492e-03,
       2.9199201696882579e-04, -7.1705872414221615e-04,
       5.1284674356775366e-04 ]
P2: !!opencv-matrix
   rows: 3
   cols: 4
   dt: f
   data: [ 3.66913666e+02, 0., 3.83254730e+02, -6.73854922e+04, 0.,
       3.66913666e+02, 2.32334595e+02, 0., 0., 0., 1., 0. ]
R2: !!opencv-matrix
   rows: 3
   cols: 3
   dt: f
   data: [ 9.96163487e-01, -8.74185190e-02, -4.03834553e-03,
       8.73993337e-02, 9.96162236e-01, -4.70622675e-03, 4.43425868e-03,
       4.33522277e-03, 9.99980748e-01 ]
