%YAML:1.0
---
Q: !!opencv-matrix
   rows: 4
   cols: 4
   dt: f
   data: [ 1., 0., 0., -3.83254089e+02, 0., 1., 0., -2.32334564e+02, 0.,
       0., 0., 3.66914063e+02, 0., 0., 5.43611916e-03, 0. ]
R: !!opencv-matrix
   rows: 3
   cols: 3
   dt: d
   data: [ 9.9981708016076587e-01, 9.8199295395801668e-03,
       -3.1422863643034934e-03, -9.6813483252193577e-03,
       9.9977216357118159e-01, 9.2325444879996273e-03,
       3.2428447181434648e-03, -9.2027913182770038e-03,
       9.9982351261583724e-01 ]
T: !!opencv-matrix
   rows: 3
   cols: 1
   dt: d
   data: [ -1.8327269814173400e+02, 1.6083130872358797e+01,
       7.4296921384144410e-01 ]
E: !!opencv-matrix
   rows: 0
   cols: 0
   dt: u
   data: []
F: !!opencv-matrix
   rows: 0
   cols: 0
   dt: u
   data: []
K1: !!opencv-matrix
   rows: 3
   cols: 3
   dt: d
   data: [ 3.6627756984521932e+02, 0., 3.8060969928433269e+02, 0.,
       3.6653175179255015e+02, 2.3878059668569790e+02, 0., 0., 1. ]
D1: !!opencv-matrix
   rows: 5
   cols: 1
   dt: d
   data: [ -2.1859934914563901e-02, -9.9468572971318997e-04,
       1.6448003429794193e-03, -3.1164985765511365e-04,
       3.5195408316194161e-04 ]
P1: !!opencv-matrix
   rows: 3
   cols: 4
   dt: f
   data: [ 3.66914063e+02, 0., 3.83254089e+02, 0., 0., 3.66914063e+02,
       2.32334564e+02, 0., 0., 0., 1., 0. ]
R1: !!opencv-matrix
   rows: 3
   cols: 3
   dt: f
   data: [ 9.96949196e-01, -7.76442662e-02, -7.98163284e-03,
       7.76796117e-02, 9.96969461e-01, 4.21801256e-03, 7.62993935e-03,
       -4.82515432e-03, 9.99959230e-01 ]
K2: !!opencv-matrix
   rows: 3
   cols: 3
   dt: d
   data: [ 3.6687495098581172e+02, 0., 3.7621769200552956e+02, 0.,
       3.6726361788508825e+02, 2.2399932895774910e+02, 0., 0., 1. ]
D2: !!opencv-matrix
   rows: 5
   cols: 1
   dt: d
   data: [ -2.2201337830972428e-02, -1.1445843221826492e-03,
       2.9199201696882579e-04, -7.1705872414221615e-04,
       5.1284674356775366e-04 ]
P2: !!opencv-matrix
   rows: 3
   cols: 4
   dt: f
   data: [ 3.66914063e+02, 0., 3.83254089e+02, -6.74955938e+04, 0.,
       3.66914063e+02, 2.32334564e+02, 0., 0., 0., 1., 0. ]
R2: !!opencv-matrix
   rows: 3
   cols: 3
   dt: f
   data: [ 9.96163487e-01, -8.74185190e-02, -4.03834740e-03,
       8.73993337e-02, 9.96162236e-01, -4.70619556e-03, 4.43425775e-03,
       4.33519157e-03, 9.99980748e-01 ]
