%YAML:1.0
---
Q: !!opencv-matrix
   rows: 4
   cols: 4
   dt: f
   data: [ 1., 0., 0., -3.82661987e+02, 0., 1., 0., -2.32002777e+02, 0.,
       0., 0., 3.57404388e+02, 0., 0., 5.39999874e-03, 0. ]
R: !!opencv-matrix
   rows: 3
   cols: 3
   dt: d
   data: [ 9.9960794274968245e-01, 9.7439775695167870e-03,
       -3.1472367154656744e-03, -9.6781519327975626e-03,
       9.9962949712693616e-01, 9.2319422448536043e-03,
       3.2429878673052043e-03, -9.2014611780251512e-03,
       9.9967229794946755e-01 ]
T: !!opencv-matrix
   rows: 3
   cols: 1
   dt: d
   data: [ -1.8508719967357968e+02, 5.9583943632261889e+00,
       7.5073216083484917e-01 ]
E: !!opencv-matrix
   rows: 0
   cols: 0
   dt: u
   data: []
F: !!opencv-matrix
   rows: 0
   cols: 0
   dt: u
   data: []
K1: !!opencv-matrix
   rows: 3
   cols: 3
   dt: d
   data: [ 3.6627756984521932e+02, 0., 3.8060969928433269e+02, 0.,
       3.6653175179255015e+02, 2.3878059668569790e+02, 0., 0., 1. ]
D1: !!opencv-matrix
   rows: 5
   cols: 1
   dt: d
   data: [ -2.1859934914563901e-02, -9.9468572971318997e-04,
       1.6448003429794193e-03, -3.1164985765511365e-04,
       3.5195408316194161e-04 ]
P1: !!opencv-matrix
   rows: 3
   cols: 4
   dt: f
   data: [ 3.57404388e+02, 0., 3.82661987e+02, 0., 0., 3.57404388e+02,
       2.32002777e+02, 0., 0., 0., 1., 0. ]
R1: !!opencv-matrix
   rows: 3
   cols: 3
   dt: f
   data: [ 9.99720633e-01, -2.24147886e-02, -7.50139961e-03,
       2.24488638e-02, 9.99737918e-01, 4.48957412e-03, 7.39880092e-03,
       -4.65671765e-03, 9.99961793e-01 ]
K2: !!opencv-matrix
   rows: 3
   cols: 3
   dt: d
   data: [ 3.6687495098581172e+02, 0., 3.7621769200552956e+02, 0.,
       3.6726361788508825e+02, 2.2399932895774910e+02, 0., 0., 1. ]
D2: !!opencv-matrix
   rows: 5
   cols: 1
   dt: d
   data: [ -2.2201337830972428e-02, -1.1445843221826492e-03,
       2.9199201696882579e-04, -7.1705872414221615e-04,
       5.1284674356775366e-04 ]
P2: !!opencv-matrix
   rows: 3
   cols: 4
   dt: f
   data: [ 3.57404388e+02, 0., 3.82661987e+02, -6.61860156e+04, 0.,
       3.57404388e+02, 2.32002777e+02, 0., 0., 0., 1., 0. ]
R2: !!opencv-matrix
   rows: 3
   cols: 3
   dt: f
   data: [ 9.99473989e-01, -3.21754292e-02, -4.05395869e-03,
       3.21565494e-02, 9.99472082e-01, -4.63926466e-03, 4.20108903e-03,
       4.50646318e-03, 9.99981046e-01 ]
