%YAML:1.0
---
Q: !!opencv-matrix
   rows: 4
   cols: 4
   dt: f
   data: [ 1., 0., 0., -3.83243591e+02, 0., 1., 0., -2.32334076e+02, 0.,
       0., 0., 3.66915741e+02, 0., 0., 5.44725126e-03, 0. ]
R: !!opencv-matrix
   rows: 3
   cols: 3
   dt: d
   data: [ 9.9973519609401607e-01, 9.8136054889012524e-03,
       -3.1156504607734508e-03, -9.6657452691146419e-03,
       9.9988062169224590e-01, 9.2311729390210425e-03,
       3.2439624937922393e-03, -9.2037532866967604e-03,
       9.9993121970097321e-01 ]
T: !!opencv-matrix
   rows: 3
   cols: 1
   dt: d
   data: [ -1.8283836997453776e+02, 1.6045016189621364e+01,
       7.4120603168858989e-01 ]
E: !!opencv-matrix
   rows: 0
   cols: 0
   dt: u
   data: []
F: !!opencv-matrix
   rows: 0
   cols: 0
   dt: u
   data: []
K1: !!opencv-matrix
   rows: 3
   cols: 3
   dt: d
   data: [ 3.6627756984521932e+02, 0., 3.8060969928433269e+02, 0.,
       3.6653175179255015e+02, 2.3878059668569790e+02, 0., 0., 1. ]
D1: !!opencv-matrix
   rows: 5
   cols: 1
   dt: d
   data: [ -2.1859934914563901e-02, -9.9468572971318997e-04,
       1.6448003429794193e-03, -3.1164985765511365e-04,
       3.5195408316194161e-04 ]
P1: !!opencv-matrix
   rows: 3
   cols: 4
   dt: f
   data: [ 3.66915741e+02, 0., 3.83243591e+02, 0., 0., 3.66915741e+02,
       2.32334076e+02, 0., 0., 0., 1., 0. ]
R1: !!opencv-matrix
   rows: 3
   cols: 3
   dt: f
   data: [ 9.96948540e-01, -7.76551813e-02, -7.95484614e-03,
       7.76904076e-02, 9.96968627e-01, 4.21846891e-03, 7.60314567e-03,
       -4.82361205e-03, 9.99959469e-01 ]
K2: !!opencv-matrix
   rows: 3
   cols: 3
   dt: d
   data: [ 3.6687495098581172e+02, 0., 3.7621769200552956e+02, 0.,
       3.6726361788508825e+02, 2.2399932895774910e+02, 0., 0., 1. ]
D2: !!opencv-matrix
   rows: 5
   cols: 1
   dt: d
   data: [ -2.2201337830972428e-02, -1.1445843221826492e-03,
       2.9199201696882579e-04, -7.1705872414221615e-04,
       5.1284674356775366e-04 ]
P2: !!opencv-matrix
   rows: 3
   cols: 4
   dt: f
   data: [ 3.66915741e+02, 0., 3.83243591e+02, -6.73579609e+04, 0.,
       3.66915741e+02, 2.32334076e+02, 0., 0., 0., 1., 0. ]
R2: !!opencv-matrix
   rows: 3
   cols: 3
   dt: f
   data: [ 9.96163487e-01, -8.74185190e-02, -4.03832225e-03,
       8.73993337e-02, 9.96162236e-01, -4.70565166e-03, 4.43418557e-03,
       4.33465187e-03, 9.99980748e-01 ]
