%YAML:1.0
---
Q: !!opencv-matrix
   rows: 4
   cols: 4
   dt: f
   data: [ 1., 0., 0., -3.82351227e+02, 0., 1., 0., -2.31849915e+02, 0.,
       0., 0., 3.58600250e+02, 0., 0., 5.40378457e-03, 0. ]
R: !!opencv-matrix
   rows: 3
   cols: 3
   dt: d
   data: [ 9.9968894474373049e-01, 9.7199798353309972e-03,
       -3.1589829003747091e-03, -9.6800479483318529e-03,
       9.9960773733026465e-01, 9.2319152581359434e-03,
       3.2421527190029972e-03, -9.2006309279117158e-03,
       9.9964987724249621e-01 ]
T: !!opencv-matrix
   rows: 3
   cols: 1
   dt: d
   data: [ -1.8506119721183285e+02, 8.1643669534339214e-01,
       7.4935804901654468e-01 ]
E: !!opencv-matrix
   rows: 0
   cols: 0
   dt: u
   data: []
F: !!opencv-matrix
   rows: 0
   cols: 0
   dt: u
   data: []
K1: !!opencv-matrix
   rows: 3
   cols: 3
   dt: d
   data: [ 3.6627756984521932e+02, 0., 3.8060969928433269e+02, 0.,
       3.6653175179255015e+02, 2.3878059668569790e+02, 0., 0., 1. ]
D1: !!opencv-matrix
   rows: 5
   cols: 1
   dt: d
   data: [ -2.1859934914563901e-02, -9.9468572971318997e-04,
       1.6448003429794193e-03, -3.1164985765511365e-04,
       3.5195408316194161e-04 ]
P1: !!opencv-matrix
   rows: 3
   cols: 4
   dt: f
   data: [ 3.58600250e+02, 0., 3.82351227e+02, 0., 0., 3.58600250e+02,
       2.31849915e+02, 0., 0., 0., 1., 0. ]
R1: !!opencv-matrix
   rows: 3
   cols: 3
   dt: f
   data: [ 9.99959469e-01, 5.34187583e-03, -7.25035556e-03,
       -5.30849444e-03, 9.99975264e-01, 4.61555971e-03, 7.27483165e-03,
       -4.57688374e-03, 9.99963045e-01 ]
K2: !!opencv-matrix
   rows: 3
   cols: 3
   dt: d
   data: [ 3.6687495098581172e+02, 0., 3.7621769200552956e+02, 0.,
       3.6726361788508825e+02, 2.2399932895774910e+02, 0., 0., 1. ]
D2: !!opencv-matrix
   rows: 5
   cols: 1
   dt: d
   data: [ -2.2201337830972428e-02, -1.1445843221826492e-03,
       2.9199201696882579e-04, -7.1705872414221615e-04,
       5.1284674356775366e-04 ]
P2: !!opencv-matrix
   rows: 3
   cols: 4
   dt: f
   data: [ 3.58600250e+02, 0., 3.82351227e+02, -6.63609453e+04, 0.,
       3.58600250e+02, 2.31849915e+02, 0., 0., 0., 1., 0. ]
R2: !!opencv-matrix
   rows: 3
   cols: 3
   dt: f
   data: [ 9.99982059e-01, -4.41163313e-03, -4.04917961e-03,
       4.39297548e-03, 9.99979734e-01, -4.60518291e-03, 4.06941399e-03,
       4.58731223e-03, 9.99981225e-01 ]
