%YAML:1.0
---
Q: !!opencv-matrix
   rows: 4
   cols: 4
   dt: f
   data: [ 1., 0., 0., -3.82948669e+02, 0., 1., 0., -2.32164063e+02, 0.,
       0., 0., 3.61197906e+02, 0., 0., 5.41868806e-03, 0. ]
R: !!opencv-matrix
   rows: 3
   cols: 3
   dt: d
   data: [ 9.9958991405950870e-01, 9.7805727155101489e-03,
       -3.1045245085431941e-03, -9.6681893874378533e-03,
       9.9976925222294999e-01, 9.2305565240146815e-03,
       3.2431363246783564e-03, -9.2021465119678167e-03,
       9.9981496064249853e-01 ]
T: !!opencv-matrix
   rows: 3
   cols: 1
   dt: d
   data: [ -1.8413881649769289e+02, 1.1043348563467390e+01,
       7.4692055118182199e-01 ]
E: !!opencv-matrix
   rows: 0
   cols: 0
   dt: u
   data: []
F: !!opencv-matrix
   rows: 0
   cols: 0
   dt: u
   data: []
K1: !!opencv-matrix
   rows: 3
   cols: 3
   dt: d
   data: [ 3.6627756984521932e+02, 0., 3.8060969928433269e+02, 0.,
       3.6653175179255015e+02, 2.3878059668569790e+02, 0., 0., 1. ]
D1: !!opencv-matrix
   rows: 5
   cols: 1
   dt: d
   data: [ -2.1859934914563901e-02, -9.9468572971318997e-04,
       1.6448003429794193e-03, -3.1164985765511365e-04,
       3.5195408316194161e-04 ]
P1: !!opencv-matrix
   rows: 3
   cols: 4
   dt: f
   data: [ 3.61197906e+02, 0., 3.82948669e+02, 0., 0., 3.61197906e+02,
       2.32164063e+02, 0., 0., 0., 1., 0. ]
R1: !!opencv-matrix
   rows: 3
   cols: 3
   dt: f
   data: [ 9.98714626e-01, -5.00959978e-02, -7.70973274e-03,
       5.01305647e-02, 9.98733163e-01, 4.35715728e-03, 7.48168956e-03,
       -4.73805005e-03, 9.99960780e-01 ]
K2: !!opencv-matrix
   rows: 3
   cols: 3
   dt: d
   data: [ 3.6687495098581172e+02, 0., 3.7621769200552956e+02, 0.,
       3.6726361788508825e+02, 2.2399932895774910e+02, 0., 0., 1. ]
D2: !!opencv-matrix
   rows: 5
   cols: 1
   dt: d
   data: [ -2.2201337830972428e-02, -1.1445843221826492e-03,
       2.9199201696882579e-04, -7.1705872414221615e-04,
       5.1284674356775366e-04 ]
P2: !!opencv-matrix
   rows: 3
   cols: 4
   dt: f
   data: [ 3.61197906e+02, 0., 3.82948669e+02, -6.66578125e+04, 0.,
       3.61197906e+02, 2.32164063e+02, 0., 0., 0., 1., 0. ]
R2: !!opencv-matrix
   rows: 3
   cols: 3
   dt: f
   data: [ 9.98198271e-01, -5.98648861e-02, -4.04880801e-03,
       5.98458387e-02, 9.98196721e-01, -4.67237737e-03, 4.32121847e-03,
       4.42165462e-03, 9.99980867e-01 ]
