%YAML:1.0
---
Q: !!opencv-matrix
   rows: 4
   cols: 4
   dt: f
   data: [ 1., 0., 0., -3.83257568e+02, 0., 1., 0., -2.32334747e+02, 0.,
       0., 0., 3.66913544e+02, 0., 0., 5.45689976e-03, 0. ]
R: !!opencv-matrix
   rows: 3
   cols: 3
   dt: d
   data: [ 1.0001697532258389e+00, 9.9007327538021394e-03,
       -3.2802348920866965e-03, -9.6810577592003604e-03,
       9.9939611358352254e-01, 9.2305061329613948e-03,
       3.2386683585451282e-03, -9.1994306976060317e-03,
       9.9943954517527434e-01 ]
T: !!opencv-matrix
   rows: 3
   cols: 1
   dt: d
   data: [ -1.8517174411085679e+02, 8.1692431805377530e-01,
       7.4980399489833105e-01 ]
E: !!opencv-matrix
   rows: 0
   cols: 0
   dt: u
   data: []
F: !!opencv-matrix
   rows: 0
   cols: 0
   dt: u
   data: []
K1: !!opencv-matrix
   rows: 3
   cols: 3
   dt: d
   data: [ 3.6627756984521932e+02, 0., 3.8060969928433269e+02, 0.,
       3.6653175179255015e+02, 2.3878059668569790e+02, 0., 0., 1. ]
D1: !!opencv-matrix
   rows: 5
   cols: 1
   dt: d
   data: [ -2.1859934914563901e-02, -9.9468572971318997e-04,
       1.6448003429794193e-03, -3.1164985765511365e-04,
       3.5195408316194161e-04 ]
P1: !!opencv-matrix
   rows: 3
   cols: 4
   dt: f
   data: [ 3.66913544e+02, 0., 3.83257568e+02, 0., 0., 3.66913544e+02,
       2.32334747e+02, 0., 0., 0., 1., 0. ]
R1: !!opencv-matrix
   rows: 3
   cols: 3
   dt: f
   data: [ 9.96949077e-01, -7.76446909e-02, -7.98893161e-03,
       7.76800737e-02, 9.96969402e-01, 4.21782723e-03, 7.63722882e-03,
       -4.82553989e-03, 9.99959171e-01 ]
K2: !!opencv-matrix
   rows: 3
   cols: 3
   dt: d
   data: [ 3.6687495098581172e+02, 0., 3.7621769200552956e+02, 0.,
       3.6726361788508825e+02, 2.2399932895774910e+02, 0., 0., 1. ]
D2: !!opencv-matrix
   rows: 5
   cols: 1
   dt: d
   data: [ -2.2201337830972428e-02, -1.1445843221826492e-03,
       2.9199201696882579e-04, -7.1705872414221615e-04,
       5.1284674356775366e-04 ]
P2: !!opencv-matrix
   rows: 3
   cols: 4
   dt: f
   data: [ 3.66913544e+02, 0., 3.83257568e+02, -6.72384609e+04, 0.,
       3.66913544e+02, 2.32334747e+02, 0., 0., 0., 1., 0. ]
R2: !!opencv-matrix
   rows: 3
   cols: 3
   dt: f
   data: [ 9.96163428e-01, -8.74189287e-02, -4.04001027e-03,
       8.73997360e-02, 9.96162176e-01, -4.70637018e-03, 4.43593133e-03,
       4.33521811e-03, 9.99980748e-01 ]
