%YAML:1.0
---
Q: !!opencv-matrix
   rows: 4
   cols: 4
   dt: f
   data: [ 1., 0., 0., -4.26645477e+02, 0., 1., 0., -2.33677063e+02, 0.,
       0., 0., 3.64804626e+02, 0., 0., 4.03401954e-03, 0. ]
R: !!opencv-matrix
   rows: 3
   cols: 3
   dt: d
   data: [ 1.0159899632870559e+00, 1.0957713250065551e-02,
       -3.6199804460726437e-03, -9.7954109982382378e-03,
       1.0167362067420758e+00, 9.4154770871832712e-03,
       3.3488134341667338e-03, -9.4235785820887333e-03,
       1.0168683438362893e+00 ]
T: !!opencv-matrix
   rows: 3
   cols: 1
   dt: d
   data: [ -2.4809859461024791e+02, 1.4879355266593363e+01,
       1.4790110749671740e+01 ]
E: !!opencv-matrix
   rows: 0
   cols: 0
   dt: u
   data: []
F: !!opencv-matrix
   rows: 0
   cols: 0
   dt: u
   data: []
K1: !!opencv-matrix
   rows: 3
   cols: 3
   dt: d
   data: [ 3.6627756984521932e+02, 0., 3.8060969928433269e+02, 0.,
       3.6653175179255015e+02, 2.3878059668569790e+02, 0., 0., 1. ]
D1: !!opencv-matrix
   rows: 5
   cols: 1
   dt: d
   data: [ -2.1859934914563901e-02, -9.9468572971318997e-04,
       1.6448003429794193e-03, -3.1164985765511365e-04,
       3.5195408316194161e-04 ]
P1: !!opencv-matrix
   rows: 3
   cols: 4
   dt: f
   data: [ 3.64804626e+02, 0., 4.26645477e+02, 0., 0., 3.64804626e+02,
       2.33677063e+02, 0., 0., 0., 1., 0. ]
R1: !!opencv-matrix
   rows: 3
   cols: 3
   dt: f
   data: [ 9.96793747e-01, -4.87920642e-02, -6.34158179e-02,
       4.90726866e-02, 9.98791099e-01, 2.87416228e-03, 6.31989166e-02,
       -5.97693119e-03, 9.97983038e-01 ]
K2: !!opencv-matrix
   rows: 3
   cols: 3
   dt: d
   data: [ 3.6687495098581172e+02, 0., 3.7621769200552956e+02, 0.,
       3.6726361788508825e+02, 2.2399932895774910e+02, 0., 0., 1. ]
D2: !!opencv-matrix
   rows: 5
   cols: 1
   dt: d
   data: [ -2.2201337830972428e-02, -1.1445843221826492e-03,
       2.9199201696882579e-04, -7.1705872414221615e-04,
       5.1284674356775366e-04 ]
P2: !!opencv-matrix
   rows: 3
   cols: 4
   dt: f
   data: [ 3.64804626e+02, 0., 4.26645477e+02, -9.04320391e+04, 0.,
       3.64804626e+02, 2.33677063e+02, 0., 0., 0., 1., 0. ]
R2: !!opencv-matrix
   rows: 3
   cols: 3
   dt: f
   data: [ 9.96443748e-01, -5.97602762e-02, -5.94018400e-02,
       5.94963580e-02, 9.98209238e-01, -6.20328588e-03, 5.96661754e-02,
       2.64703203e-03, 9.98214900e-01 ]
