%YAML:1.0
---
Q: !!opencv-matrix
   rows: 4
   cols: 4
   dt: f
   data: [ 1., 0., 0., -4.26707520e+02, 0., 1., 0., -2.33671478e+02, 0.,
       0., 0., 3.64851929e+02, 0., 0., 4.06248728e-03, 0. ]
R: !!opencv-matrix
   rows: 3
   cols: 3
   dt: d
   data: [ 1.0154112452369239e+00, 1.1897724186327509e-02,
       -3.9125112826568749e-03, -9.7462282709660092e-03,
       1.0169678174748256e+00, 9.4356249182376509e-03,
       3.4014050390188907e-03, -9.4820987079343583e-03,
       1.0171735595585554e+00 ]
T: !!opencv-matrix
   rows: 3
   cols: 1
   dt: d
   data: [ -2.4613070520720197e+02, 1.4761334070875513e+01,
       1.4672797302633727e+01 ]
E: !!opencv-matrix
   rows: 0
   cols: 0
   dt: u
   data: []
F: !!opencv-matrix
   rows: 0
   cols: 0
   dt: u
   data: []
K1: !!opencv-matrix
   rows: 3
   cols: 3
   dt: d
   data: [ 3.6627756984521932e+02, 0., 3.8060969928433269e+02, 0.,
       3.6653175179255015e+02, 2.3878059668569790e+02, 0., 0., 1. ]
D1: !!opencv-matrix
   rows: 5
   cols: 1
   dt: d
   data: [ -2.1859934914563901e-02, -9.9468572971318997e-04,
       1.6448003429794193e-03, -3.1164985765511365e-04,
       3.5195408316194161e-04 ]
P1: !!opencv-matrix
   rows: 3
   cols: 4
   dt: f
   data: [ 3.64851929e+02, 0., 4.26707520e+02, 0., 0., 3.64851929e+02,
       2.33671478e+02, 0., 0., 0., 1., 0. ]
R1: !!opencv-matrix
   rows: 3
   cols: 3
   dt: f
   data: [ 9.96803343e-01, -4.83940244e-02, -6.35693893e-02,
       4.86758500e-02, 9.98810470e-01, 2.89121643e-03, 6.33538514e-02,
       -5.97626856e-03, 9.97973204e-01 ]
K2: !!opencv-matrix
   rows: 3
   cols: 3
   dt: d
   data: [ 3.6687495098581172e+02, 0., 3.7621769200552956e+02, 0.,
       3.6726361788508825e+02, 2.2399932895774910e+02, 0., 0., 1. ]
D2: !!opencv-matrix
   rows: 5
   cols: 1
   dt: d
   data: [ -2.2201337830972428e-02, -1.1445843221826492e-03,
       2.9199201696882579e-04, -7.1705872414221615e-04,
       5.1284674356775366e-04 ]
P2: !!opencv-matrix
   rows: 3
   cols: 4
   dt: f
   data: [ 3.64851929e+02, 0., 4.26707520e+02, -8.98099922e+04, 0.,
       3.64851929e+02, 2.33671478e+02, 0., 0., 0., 1., 0. ]
R2: !!opencv-matrix
   rows: 3
   cols: 3
   dt: f
   data: [ 9.96443748e-01, -5.97602762e-02, -5.94018400e-02,
       5.94958700e-02, 9.98209238e-01, -6.21146988e-03, 5.96666634e-02,
       2.65521626e-03, 9.98214841e-01 ]
