%YAML:1.0
---
Q: !!opencv-matrix
   rows: 4
   cols: 4
   dt: f
   data: [ 1., 0., 0., -4.25389191e+02, 0., 1., 0., -2.33706268e+02, 0.,
       0., 0., 3.70951538e+02, 0., 0., 3.92129226e-03, 0. ]
R: !!opencv-matrix
   rows: 3
   cols: 3
   dt: d
   data: [ 1.0175504299929248e+00, 9.7341422831948663e-03,
       -3.2177278182480935e-03, -9.8367185575196914e-03,
       1.0169363226242318e+00, -4.3912582590537645e-02,
       3.3209510922258940e-03, 4.3914340890099178e-02,
       1.0169488330710927e+00 ]
T: !!opencv-matrix
   rows: 3
   cols: 1
   dt: d
   data: [ -2.5487939551343032e+02, 1.5286106652844973e+01,
       1.5195075555289057e+01 ]
E: !!opencv-matrix
   rows: 0
   cols: 0
   dt: u
   data: []
F: !!opencv-matrix
   rows: 0
   cols: 0
   dt: u
   data: []
K1: !!opencv-matrix
   rows: 3
   cols: 3
   dt: d
   data: [ 3.6627756984521932e+02, 0., 3.8060969928433269e+02, 0.,
       3.6653175179255015e+02, 2.3878059668569790e+02, 0., 0., 1. ]
D1: !!opencv-matrix
   rows: 5
   cols: 1
   dt: d
   data: [ -2.1859934914563901e-02, -9.9468572971318997e-04,
       1.6448003429794193e-03, -3.1164985765511365e-04,
       3.5195408316194161e-04 ]
P1: !!opencv-matrix
   rows: 3
   cols: 4
   dt: f
   data: [ 3.70951538e+02, 0., 4.25389191e+02, 0., 0., 3.70951538e+02,
       2.33706268e+02, 0., 0., 0., 1., 0. ]
R1: !!opencv-matrix
   rows: 3
   cols: 3
   dt: f
   data: [ 9.96797860e-01, -5.27008995e-02, -6.01383895e-02,
       5.13796397e-02, 9.98407125e-01, -2.33102087e-02, 6.12710640e-02,
       2.01456770e-02, 9.97917831e-01 ]
K2: !!opencv-matrix
   rows: 3
   cols: 3
   dt: d
   data: [ 3.6687495098581172e+02, 0., 3.7621769200552956e+02, 0.,
       3.6726361788508825e+02, 2.2399932895774910e+02, 0., 0., 1. ]
D2: !!opencv-matrix
   rows: 5
   cols: 1
   dt: d
   data: [ -2.2201337830972428e-02, -1.1445843221826492e-03,
       2.9199201696882579e-04, -7.1705872414221615e-04,
       5.1284674356775366e-04 ]
P2: !!opencv-matrix
   rows: 3
   cols: 4
   dt: f
   data: [ 3.70951538e+02, 0., 4.25389191e+02, -9.45993125e+04, 0.,
       3.70951538e+02, 2.33706268e+02, 0., 0., 0., 1., 0. ]
R2: !!opencv-matrix
   rows: 3
   cols: 3
   dt: f
   data: [ 9.96443570e-01, -5.97605892e-02, -5.94047047e-02,
       6.10393584e-02, 9.97936010e-01, 1.99484751e-02, 5.80899604e-02,
       -2.35035550e-02, 9.98034656e-01 ]
