%YAML:1.0
---
Q: !!opencv-matrix
   rows: 4
   cols: 4
   dt: f
   data: [ 1., 0., 0., -3.82998505e+02, 0., 1., 0., -2.32167221e+02, 0.,
       0., 0., 3.61103363e+02, 0., 0., 4.31501493e-03, 0. ]
R: !!opencv-matrix
   rows: 3
   cols: 3
   dt: d
   data: [ 1.0172224894831263e+00, 9.3984305651246096e-03,
       -3.3722672059860346e-03, -9.8833465769587337e-03,
       1.0165512167450692e+00, 9.3980789040923624e-03,
       3.2944776269905013e-03, -9.3545068647020724e-03,
       1.0165658957704453e+00 ]
T: !!opencv-matrix
   rows: 3
   cols: 1
   dt: d
   data: [ -2.3236402847258330e+02, 1.3935813755789892e+01,
       9.4192076945337322e-01 ]
E: !!opencv-matrix
   rows: 0
   cols: 0
   dt: u
   data: []
F: !!opencv-matrix
   rows: 0
   cols: 0
   dt: u
   data: []
K1: !!opencv-matrix
   rows: 3
   cols: 3
   dt: d
   data: [ 3.6627756984521932e+02, 0., 3.8060969928433269e+02, 0.,
       3.6653175179255015e+02, 2.3878059668569790e+02, 0., 0., 1. ]
D1: !!opencv-matrix
   rows: 5
   cols: 1
   dt: d
   data: [ -2.1859934914563901e-02, -9.9468572971318997e-04,
       1.6448003429794193e-03, -3.1164985765511365e-04,
       3.5195408316194161e-04 ]
P1: !!opencv-matrix
   rows: 3
   cols: 4
   dt: f
   data: [ 3.61103363e+02, 0., 3.82998505e+02, 0., 0., 3.61103363e+02,
       2.32167221e+02, 0., 0., 0., 1., 0. ]
R1: !!opencv-matrix
   rows: 3
   cols: 3
   dt: f
   data: [ 9.98696744e-01, -5.04313558e-02, -7.84064364e-03,
       5.04665226e-02, 9.98716235e-01, 4.35367320e-03, 7.61101674e-03,
       -4.74368967e-03, 9.99959767e-01 ]
K2: !!opencv-matrix
   rows: 3
   cols: 3
   dt: d
   data: [ 3.6687495098581172e+02, 0., 3.7621769200552956e+02, 0.,
       3.6726361788508825e+02, 2.2399932895774910e+02, 0., 0., 1. ]
D2: !!opencv-matrix
   rows: 5
   cols: 1
   dt: d
   data: [ -2.2201337830972428e-02, -1.1445843221826492e-03,
       2.9199201696882579e-04, -7.1705872414221615e-04,
       5.1284674356775366e-04 ]
P2: !!opencv-matrix
   rows: 3
   cols: 4
   dt: f
   data: [ 3.61103363e+02, 0., 3.82998505e+02, -8.36853125e+04, 0.,
       3.61103363e+02, 2.32167221e+02, 0., 0., 0., 1., 0. ]
R2: !!opencv-matrix
   rows: 3
   cols: 3
   dt: f
   data: [ 9.98198211e-01, -5.98659962e-02, -4.04633908e-03,
       5.98469563e-02, 9.98196602e-01, -4.67340508e-03, 4.31881985e-03,
       4.42282343e-03, 9.99980867e-01 ]
