%YAML:1.0
---
Q: !!opencv-matrix
   rows: 4
   cols: 4
   dt: f
   data: [ 1., 0., 0., -4.25504852e+02, 0., 1., 0., -2.33711304e+02, 0.,
       0., 0., 3.70901550e+02, 0., 0., 3.82985803e-03, 0. ]
R: !!opencv-matrix
   rows: 3
   cols: 3
   dt: d
   data: [ 1.0185823888373016e+00, 9.8359736196568202e-03,
       4.7961681684318795e-02, -7.6362634833846534e-03,
       1.0173908810485157e+00, -4.4261227959175510e-02,
       -5.0036271317652578e-02, 4.3928618498393385e-02,
       1.0163140878333379e+00 ]
T: !!opencv-matrix
   rows: 3
   cols: 1
   dt: d
   data: [ -2.5414811466482587e+02, 1.5242275443697933e+01,
       1.5151050429410208e+01 ]
E: !!opencv-matrix
   rows: 0
   cols: 0
   dt: u
   data: []
F: !!opencv-matrix
   rows: 0
   cols: 0
   dt: u
   data: []
K1: !!opencv-matrix
   rows: 3
   cols: 3
   dt: d
   data: [ 3.6627756984521932e+02, 0., 3.8060969928433269e+02, 0.,
       3.6653175179255015e+02, 2.3878059668569790e+02, 0., 0., 1. ]
D1: !!opencv-matrix
   rows: 5
   cols: 1
   dt: d
   data: [ -2.1859934914563901e-02, -9.9468572971318997e-04,
       1.6448003429794193e-03, -3.1164985765511365e-04,
       3.5195408316194161e-04 ]
P1: !!opencv-matrix
   rows: 3
   cols: 4
   dt: f
   data: [ 3.70901550e+02, 0., 4.25504852e+02, 0., 0., 3.70901550e+02,
       2.33711304e+02, 0., 0., 0., 1., 0. ]
R1: !!opencv-matrix
   rows: 3
   cols: 3
   dt: f
   data: [ 9.96778548e-01, -5.27348332e-02, -6.04276918e-02,
       5.14074676e-02, 9.98405576e-01, -2.33152546e-02, 6.15608729e-02,
       2.01337114e-02, 9.97900248e-01 ]
K2: !!opencv-matrix
   rows: 3
   cols: 3
   dt: d
   data: [ 3.6687495098581172e+02, 0., 3.7621769200552956e+02, 0.,
       3.6726361788508825e+02, 2.2399932895774910e+02, 0., 0., 1. ]
D2: !!opencv-matrix
   rows: 5
   cols: 1
   dt: d
   data: [ -2.2201337830972428e-02, -1.1445843221826492e-03,
       2.9199201696882579e-04, -7.1705872414221615e-04,
       5.1284674356775366e-04 ]
P2: !!opencv-matrix
   rows: 3
   cols: 4
   dt: f
   data: [ 3.70901550e+02, 0., 4.25504852e+02, -9.68447266e+04, 0.,
       3.70901550e+02, 2.33711304e+02, 0., 0., 0., 1., 0. ]
R2: !!opencv-matrix
   rows: 3
   cols: 3
   dt: f
   data: [ 9.96443570e-01, -5.97605892e-02, -5.94047047e-02,
       6.10391609e-02, 9.97936070e-01, 1.99451204e-02, 5.80901653e-02,
       -2.35002004e-02, 9.98034716e-01 ]
