%YAML:1.0
---
Q: !!opencv-matrix
   rows: 4
   cols: 4
   dt: f
   data: [ 1., 0., 0., -4.04988586e+02, 0., 1., 0., -2.33224670e+02, 0.,
       0., 0., 3.69070435e+02, 0., 0., 3.66708986e-03, 0. ]
R: !!opencv-matrix
   rows: 3
   cols: 3
   dt: d
   data: [ 1.0170846937430056e+00, -4.3508692243315300e-02,
       4.9545764014080819e-02, 4.5757944658246820e-02,
       1.0173538249258862e+00, -4.4395254170411250e-02,
       -4.7619593611579344e-02, 4.6529583018593085e-02,
       1.0171810960113157e+00 ]
T: !!opencv-matrix
   rows: 3
   cols: 1
   dt: d
   data: [ -2.7269918023860191e+02, 1.6354659274954777e+01,
       1.6256978018873891e+01 ]
E: !!opencv-matrix
   rows: 0
   cols: 0
   dt: u
   data: []
F: !!opencv-matrix
   rows: 0
   cols: 0
   dt: u
   data: []
K1: !!opencv-matrix
   rows: 3
   cols: 3
   dt: d
   data: [ 3.6627756984521932e+02, 0., 3.8060969928433269e+02, 0.,
       3.6653175179255015e+02, 2.3878059668569790e+02, 0., 0., 1. ]
D1: !!opencv-matrix
   rows: 5
   cols: 1
   dt: d
   data: [ -2.1859934914563901e-02, -9.9468572971318997e-04,
       1.6448003429794193e-03, -3.1164985765511365e-04,
       3.5195408316194161e-04 ]
P1: !!opencv-matrix
   rows: 3
   cols: 4
   dt: f
   data: [ 3.69070435e+02, 0., 4.04988586e+02, 0., 0., 3.69070435e+02,
       2.33224670e+02, 0., 0., 0., 1., 0. ]
R1: !!opencv-matrix
   rows: 3
   cols: 3
   dt: f
   data: [ 9.94446814e-01, -1.04920603e-01, -8.20037816e-03,
       1.04725599e-01, 9.94270921e-01, -2.13975757e-02, 1.03984447e-02,
       2.04199608e-02, 9.99737442e-01 ]
K2: !!opencv-matrix
   rows: 3
   cols: 3
   dt: d
   data: [ 3.6687495098581172e+02, 0., 3.7621769200552956e+02, 0.,
       3.6726361788508825e+02, 2.2399932895774910e+02, 0., 0., 1. ]
D2: !!opencv-matrix
   rows: 5
   cols: 1
   dt: d
   data: [ -2.2201337830972428e-02, -1.1445843221826492e-03,
       2.9199201696882579e-04, -7.1705872414221615e-04,
       5.1284674356775366e-04 ]
P2: !!opencv-matrix
   rows: 3
   cols: 4
   dt: f
   data: [ 3.69070435e+02, 0., 4.04988586e+02, -1.00643953e+05, 0.,
       3.69070435e+02, 2.33224670e+02, 0., 0., 0., 1., 0. ]
R2: !!opencv-matrix
   rows: 3
   cols: 3
   dt: f
   data: [ 9.96443689e-01, -5.97599782e-02, -5.94030507e-02,
       6.09917343e-02, 9.97954726e-01, 1.91417225e-02, 5.81376441e-02,
       -2.26967447e-02, 9.98050511e-01 ]
