%YAML:1.0
---
Q: !!opencv-matrix
   rows: 4
   cols: 4
   dt: f
   data: [ 1., 0., 0., -4.26567505e+02, 0., 1., 0., -2.33683319e+02, 0.,
       0., 0., 3.64752197e+02, 0., 0., 3.99483647e-03, 0. ]
R: !!opencv-matrix
   rows: 3
   cols: 3
   dt: d
   data: [ 1.0165256752259269e+00, 9.9366407381923233e-03,
       -3.2374243104332256e-03, -9.8416457300490225e-03,
       1.0165167946662466e+00, 9.3899964536946767e-03,
       3.2992464787969535e-03, -9.3602892897638075e-03,
       1.0165650931250811e+00 ]
T: !!opencv-matrix
   rows: 3
   cols: 1
   dt: d
   data: [ -2.5105461049581476e+02, 1.5056637949540210e+01,
       1.4966330211794128e+01 ]
E: !!opencv-matrix
   rows: 0
   cols: 0
   dt: u
   data: []
F: !!opencv-matrix
   rows: 0
   cols: 0
   dt: u
   data: []
K1: !!opencv-matrix
   rows: 3
   cols: 3
   dt: d
   data: [ 3.6627756984521932e+02, 0., 3.8060969928433269e+02, 0.,
       3.6653175179255015e+02, 2.3878059668569790e+02, 0., 0., 1. ]
D1: !!opencv-matrix
   rows: 5
   cols: 1
   dt: d
   data: [ -2.1859934914563901e-02, -9.9468572971318997e-04,
       1.6448003429794193e-03, -3.1164985765511365e-04,
       3.5195408316194161e-04 ]
P1: !!opencv-matrix
   rows: 3
   cols: 4
   dt: f
   data: [ 3.64752197e+02, 0., 4.26567505e+02, 0., 0., 3.64752197e+02,
       2.33683319e+02, 0., 0., 0., 1., 0. ]
R1: !!opencv-matrix
   rows: 3
   cols: 3
   dt: f
   data: [ 9.96783257e-01, -4.92543317e-02, -6.32226765e-02,
       4.95334826e-02, 9.98768389e-01, 2.85461848e-03, 6.30042106e-02,
       -5.97707508e-03, 9.97995377e-01 ]
K2: !!opencv-matrix
   rows: 3
   cols: 3
   dt: d
   data: [ 3.6687495098581172e+02, 0., 3.7621769200552956e+02, 0.,
       3.6726361788508825e+02, 2.2399932895774910e+02, 0., 0., 1. ]
D2: !!opencv-matrix
   rows: 5
   cols: 1
   dt: d
   data: [ -2.2201337830972428e-02, -1.1445843221826492e-03,
       2.9199201696882579e-04, -7.1705872414221615e-04,
       5.1284674356775366e-04 ]
P2: !!opencv-matrix
   rows: 3
   cols: 4
   dt: f
   data: [ 3.64752197e+02, 0., 4.26567505e+02, -9.13059141e+04, 0.,
       3.64752197e+02, 2.33683319e+02, 0., 0., 0., 1., 0. ]
R2: !!opencv-matrix
   rows: 3
   cols: 3
   dt: f
   data: [ 9.96443748e-01, -5.97602762e-02, -5.94018400e-02,
       5.94969355e-02, 9.98209298e-01, -6.19359827e-03, 5.96655980e-02,
       2.63734465e-03, 9.98214960e-01 ]
