%YAML:1.0
---
Q: !!opencv-matrix
   rows: 4
   cols: 4
   dt: f
   data: [ 1., 0., 0., -3.82966492e+02, 0., 1., 0., -2.32164810e+02, 0.,
       0., 0., 3.61182434e+02, 0., 0., 4.22552414e-03, 0. ]
R: !!opencv-matrix
   rows: 3
   cols: 3
   dt: d
   data: [ 1.0151042677139053e+00, 1.2292546239317385e-02,
       -4.0314051787397808e-03, -9.7203729044779714e-03,
       1.0170922586381368e+00, 9.4440945753732197e-03,
       3.4290102290908371e-03, -9.5069122923631434e-03,
       1.0173286594836475e+00 ]
T: !!opencv-matrix
   rows: 3
   cols: 1
   dt: d
   data: [ -2.4527923978761424e+02, 1.4710268820649304e+01,
       1.4622038146696317e+01 ]
E: !!opencv-matrix
   rows: 0
   cols: 0
   dt: u
   data: []
F: !!opencv-matrix
   rows: 0
   cols: 0
   dt: u
   data: []
K1: !!opencv-matrix
   rows: 3
   cols: 3
   dt: d
   data: [ 3.6627756984521932e+02, 0., 3.8060969928433269e+02, 0.,
       3.6653175179255015e+02, 2.3878059668569790e+02, 0., 0., 1. ]
D1: !!opencv-matrix
   rows: 5
   cols: 1
   dt: d
   data: [ -2.1859934914563901e-02, -9.9468572971318997e-04,
       1.6448003429794193e-03, -3.1164985765511365e-04,
       3.5195408316194161e-04 ]
P1: !!opencv-matrix
   rows: 3
   cols: 4
   dt: f
   data: [ 3.61182434e+02, 0., 3.82966492e+02, 0., 0., 3.61182434e+02,
       2.32164810e+02, 0., 0., 0., 1., 0. ]
R1: !!opencv-matrix
   rows: 3
   cols: 3
   dt: f
   data: [ 9.98712540e-01, -5.01310155e-02, -7.75784533e-03,
       5.01658022e-02, 9.98731375e-01, 4.35646763e-03, 7.52960937e-03,
       -4.74003702e-03, 9.99960423e-01 ]
K2: !!opencv-matrix
   rows: 3
   cols: 3
   dt: d
   data: [ 3.6687495098581172e+02, 0., 3.7621769200552956e+02, 0.,
       3.6726361788508825e+02, 2.2399932895774910e+02, 0., 0., 1. ]
D2: !!opencv-matrix
   rows: 5
   cols: 1
   dt: d
   data: [ -2.2201337830972428e-02, -1.1445843221826492e-03,
       2.9199201696882579e-04, -7.1705872414221615e-04,
       5.1284674356775366e-04 ]
P2: !!opencv-matrix
   rows: 3
   cols: 4
   dt: f
   data: [ 3.61182434e+02, 0., 3.82966492e+02, -8.54763594e+04, 0.,
       3.61182434e+02, 2.32164810e+02, 0., 0., 0., 1., 0. ]
R2: !!opencv-matrix
   rows: 3
   cols: 3
   dt: f
   data: [ 9.98198211e-01, -5.98660000e-02, -4.04633908e-03,
       5.98469600e-02, 9.98196602e-01, -4.67295758e-03, 4.31879330e-03,
       4.42237686e-03, 9.99980867e-01 ]
