%YAML:1.0
---
Q: !!opencv-matrix
   rows: 4
   cols: 4
   dt: f
   data: [ 1., 0., 0., -4.04981720e+02, 0., 1., 0., -2.33224274e+02, 0.,
       0., 0., 3.69082245e+02, 0., 0., 3.48463934e-03, 0. ]
R: !!opencv-matrix
   rows: 3
   cols: 3
   dt: d
   data: [ 1.0169460743986070e+00, -4.3526214244459779e-02,
       4.9579387249736248e-02, 4.5743315254723249e-02,
       1.0171367977195951e+00, -4.4388368298673521e-02,
       -4.7614126726174107e-02, 4.6521185421113984e-02,
       1.0169598550766399e+00 ]
T: !!opencv-matrix
   rows: 3
   cols: 1
   dt: d
   data: [ -2.8891479926608514e+02, 1.7327162895927703e+01,
       1.7223673127211175e+01 ]
E: !!opencv-matrix
   rows: 0
   cols: 0
   dt: u
   data: []
F: !!opencv-matrix
   rows: 0
   cols: 0
   dt: u
   data: []
K1: !!opencv-matrix
   rows: 3
   cols: 3
   dt: d
   data: [ 3.6627756984521932e+02, 0., 3.8060969928433269e+02, 0.,
       3.6653175179255015e+02, 2.3878059668569790e+02, 0., 0., 1. ]
D1: !!opencv-matrix
   rows: 5
   cols: 1
   dt: d
   data: [ -2.1859934914563901e-02, -9.9468572971318997e-04,
       1.6448003429794193e-03, -3.1164985765511365e-04,
       3.5195408316194161e-04 ]
P1: !!opencv-matrix
   rows: 3
   cols: 4
   dt: f
   data: [ 3.69082245e+02, 0., 4.04981720e+02, 0., 0., 3.69082245e+02,
       2.33224274e+02, 0., 0., 0., 1., 0. ]
R1: !!opencv-matrix
   rows: 3
   cols: 3
   dt: f
   data: [ 9.94445384e-01, -1.04935504e-01, -8.18275847e-03,
       1.04740866e-01, 9.94269311e-01, -2.13972107e-02, 1.03811929e-02,
       2.04212870e-02, 9.99737561e-01 ]
K2: !!opencv-matrix
   rows: 3
   cols: 3
   dt: d
   data: [ 3.6687495098581172e+02, 0., 3.7621769200552956e+02, 0.,
       3.6726361788508825e+02, 2.2399932895774910e+02, 0., 0., 1. ]
D2: !!opencv-matrix
   rows: 5
   cols: 1
   dt: d
   data: [ -2.2201337830972428e-02, -1.1445843221826492e-03,
       2.9199201696882579e-04, -7.1705872414221615e-04,
       5.1284674356775366e-04 ]
P2: !!opencv-matrix
   rows: 3
   cols: 4
   dt: f
   data: [ 3.69082245e+02, 0., 4.04981720e+02, -1.05916922e+05, 0.,
       3.69082245e+02, 2.33224274e+02, 0., 0., 0., 1., 0. ]
R2: !!opencv-matrix
   rows: 3
   cols: 3
   dt: f
   data: [ 9.96443689e-01, -5.97599782e-02, -5.94030507e-02,
       6.09917641e-02, 9.97954726e-01, 1.91422123e-02, 5.81376143e-02,
       -2.26972327e-02, 9.98050511e-01 ]
