%YAML:1.0
---
Q: !!opencv-matrix
   rows: 4
   cols: 4
   dt: f
   data: [ 1., 0., 0., -3.82982635e+02, 0., 1., 0., -2.32165863e+02, 0.,
       0., 0., 3.61150513e+02, 0., 0., 4.26694797e-03, 0. ]
R: !!opencv-matrix
   rows: 3
   cols: 3
   dt: d
   data: [ 1.0166839368240976e+00, 9.8717115822729209e-03,
       -3.2281839676243369e-03, -9.8433689319535594e-03,
       1.0166755997230388e+00, 9.3908188267856994e-03,
       3.2977744747002226e-03, -9.3578245010928224e-03,
       1.0167179947743277e+00 ]
T: !!opencv-matrix
   rows: 3
   cols: 1
   dt: d
   data: [ -2.3623061991498210e+02, 1.4167709155281187e+01,
       9.5759455482424316e-01 ]
E: !!opencv-matrix
   rows: 0
   cols: 0
   dt: u
   data: []
F: !!opencv-matrix
   rows: 0
   cols: 0
   dt: u
   data: []
K1: !!opencv-matrix
   rows: 3
   cols: 3
   dt: d
   data: [ 3.6627756984521932e+02, 0., 3.8060969928433269e+02, 0.,
       3.6653175179255015e+02, 2.3878059668569790e+02, 0., 0., 1. ]
D1: !!opencv-matrix
   rows: 5
   cols: 1
   dt: d
   data: [ -2.1859934914563901e-02, -9.9468572971318997e-04,
       1.6448003429794193e-03, -3.1164985765511365e-04,
       3.5195408316194161e-04 ]
P1: !!opencv-matrix
   rows: 3
   cols: 4
   dt: f
   data: [ 3.61150513e+02, 0., 3.82982635e+02, 0., 0., 3.61150513e+02,
       2.32165863e+02, 0., 0., 0., 1., 0. ]
R1: !!opencv-matrix
   rows: 3
   cols: 3
   dt: f
   data: [ 9.98706400e-01, -5.02463207e-02, -7.79948244e-03,
       5.02812974e-02, 9.98725593e-01, 4.35527321e-03, 7.57070631e-03,
       -4.74180747e-03, 9.99960124e-01 ]
K2: !!opencv-matrix
   rows: 3
   cols: 3
   dt: d
   data: [ 3.6687495098581172e+02, 0., 3.7621769200552956e+02, 0.,
       3.6726361788508825e+02, 2.2399932895774910e+02, 0., 0., 1. ]
D2: !!opencv-matrix
   rows: 5
   cols: 1
   dt: d
   data: [ -2.2201337830972428e-02, -1.1445843221826492e-03,
       2.9199201696882579e-04, -7.1705872414221615e-04,
       5.1284674356775366e-04 ]
P2: !!opencv-matrix
   rows: 3
   cols: 4
   dt: f
   data: [ 3.61150513e+02, 0., 3.82982635e+02, -8.46390625e+04, 0.,
       3.61150513e+02, 2.32165863e+02, 0., 0., 0., 1., 0. ]
R2: !!opencv-matrix
   rows: 3
   cols: 3
   dt: f
   data: [ 9.98198211e-01, -5.98660000e-02, -4.04633908e-03,
       5.98469600e-02, 9.98196602e-01, -4.67325281e-03, 4.31881100e-03,
       4.42267163e-03, 9.99980867e-01 ]
