%YAML:1.0
---
Q: !!opencv-matrix
   rows: 4
   cols: 4
   dt: f
   data: [ 1., 0., 0., -4.05187531e+02, 0., 1., 0., -2.32964828e+02, 0.,
       0., 0., 3.78260406e+02, 0., 0., 3.92072042e-03, 0. ]
R: !!opencv-matrix
   rows: 3
   cols: 3
   dt: d
   data: [ 1.0183718378927493e+00, 9.5379339210382979e-03,
       4.8952555391502200e-02, -7.6245314377593690e-03,
       1.0173916938626011e+00, -4.4319960958549141e-02,
       -5.0023897370967477e-02, 4.3945639573063799e-02,
       1.0162379349982178e+00 ]
T: !!opencv-matrix
   rows: 3
   cols: 1
   dt: d
   data: [ -2.5778280643663157e+02, 1.5460261767726420e+01,
       1.5367732779376091e+01 ]
E: !!opencv-matrix
   rows: 0
   cols: 0
   dt: u
   data: []
F: !!opencv-matrix
   rows: 0
   cols: 0
   dt: u
   data: []
K1: !!opencv-matrix
   rows: 3
   cols: 3
   dt: d
   data: [ 3.6627756984521932e+02, 0., 3.8060969928433269e+02, 0.,
       3.6653175179255015e+02, 2.3878059668569790e+02, 0., 0., 1. ]
D1: !!opencv-matrix
   rows: 5
   cols: 1
   dt: d
   data: [ -2.1859934914563901e-02, -9.9468572971318997e-04,
       1.6448003429794193e-03, -3.1164985765511365e-04,
       3.5195408316194161e-04 ]
P1: !!opencv-matrix
   rows: 3
   cols: 4
   dt: f
   data: [ 3.78260406e+02, 0., 4.05187531e+02, 0., 0., 3.78260406e+02,
       2.32964828e+02, 0., 0., 0., 1., 0. ]
R1: !!opencv-matrix
   rows: 3
   cols: 3
   dt: f
   data: [ 9.98572052e-01, -5.26651181e-02, -8.95480998e-03,
       5.24649136e-02, 9.98395801e-01, -2.12886706e-02, 1.00616151e-02,
       2.07884591e-02, 9.99733269e-01 ]
K2: !!opencv-matrix
   rows: 3
   cols: 3
   dt: d
   data: [ 3.6687495098581172e+02, 0., 3.7621769200552956e+02, 0.,
       3.6726361788508825e+02, 2.2399932895774910e+02, 0., 0., 1. ]
D2: !!opencv-matrix
   rows: 5
   cols: 1
   dt: d
   data: [ -2.2201337830972428e-02, -1.1445843221826492e-03,
       2.9199201696882579e-04, -7.1705872414221615e-04,
       5.1284674356775366e-04 ]
P2: !!opencv-matrix
   rows: 3
   cols: 4
   dt: f
   data: [ 3.78260406e+02, 0., 4.05187531e+02, -9.64772734e+04, 0.,
       3.78260406e+02, 2.32964828e+02, 0., 0., 0., 1., 0. ]
R2: !!opencv-matrix
   rows: 3
   cols: 3
   dt: f
   data: [ 9.96443629e-01, -5.97606972e-02, -5.94030283e-02,
       6.09987490e-02, 9.97952223e-01, 1.92498323e-02, 5.81310019e-02,
       -2.28048824e-02, 9.98048484e-01 ]
