%YAML:1.0
---
Q: !!opencv-matrix
   rows: 4
   cols: 4
   dt: f
   data: [ 1., 0., 0., -3.82990997e+02, 0., 1., 0., -2.32167313e+02, 0.,
       0., 0., 3.61090088e+02, 0., 0., 4.32270393e-03, 0. ]
R: !!opencv-matrix
   rows: 3
   cols: 3
   dt: d
   data: [ 1.0175949651179559e+00, 9.1973550167217914e-03,
       -3.4049482765592964e-03, -9.9124285437342113e-03,
       1.0164291198336606e+00, 9.3988260032262985e-03,
       3.2919894617450050e-03, -9.3524630086869349e-03,
       1.0164319462268852e+00 ]
T: !!opencv-matrix
   rows: 3
   cols: 1
   dt: d
   data: [ -2.3133135044445655e+02, 1.3873879794054981e+01,
       9.3773466239834391e-01 ]
E: !!opencv-matrix
   rows: 0
   cols: 0
   dt: u
   data: []
F: !!opencv-matrix
   rows: 0
   cols: 0
   dt: u
   data: []
K1: !!opencv-matrix
   rows: 3
   cols: 3
   dt: d
   data: [ 3.6627756984521932e+02, 0., 3.8060969928433269e+02, 0.,
       3.6653175179255015e+02, 2.3878059668569790e+02, 0., 0., 1. ]
D1: !!opencv-matrix
   rows: 5
   cols: 1
   dt: d
   data: [ -2.1859934914563901e-02, -9.9468572971318997e-04,
       1.6448003429794193e-03, -3.1164985765511365e-04,
       3.5195408316194161e-04 ]
P1: !!opencv-matrix
   rows: 3
   cols: 4
   dt: f
   data: [ 3.61090088e+02, 0., 3.82990997e+02, 0., 0., 3.61090088e+02,
       2.32167313e+02, 0., 0., 0., 1., 0. ]
R1: !!opencv-matrix
   rows: 3
   cols: 3
   dt: f
   data: [ 9.98693168e-01, -5.05057387e-02, -7.82162696e-03,
       5.05408160e-02, 9.98712480e-01, 4.35348181e-03, 7.59168109e-03,
       -4.74310387e-03, 9.99959946e-01 ]
K2: !!opencv-matrix
   rows: 3
   cols: 3
   dt: d
   data: [ 3.6687495098581172e+02, 0., 3.7621769200552956e+02, 0.,
       3.6726361788508825e+02, 2.2399932895774910e+02, 0., 0., 1. ]
D2: !!opencv-matrix
   rows: 5
   cols: 1
   dt: d
   data: [ -2.2201337830972428e-02, -1.1445843221826492e-03,
       2.9199201696882579e-04, -7.1705872414221615e-04,
       5.1284674356775366e-04 ]
P2: !!opencv-matrix
   rows: 3
   cols: 4
   dt: f
   data: [ 3.61090088e+02, 0., 3.82990997e+02, -8.35333828e+04, 0.,
       3.61090088e+02, 2.32167313e+02, 0., 0., 0., 1., 0. ]
R2: !!opencv-matrix
   rows: 3
   cols: 3
   dt: f
   data: [ 9.98198211e-01, -5.98659962e-02, -4.04633908e-03,
       5.98469600e-02, 9.98196602e-01, -4.67301998e-03, 4.31879703e-03,
       4.42243926e-03, 9.99980867e-01 ]
