%YAML:1.0
---
Q: !!opencv-matrix
   rows: 4
   cols: 4
   dt: f
   data: [ 1., 0., 0., -4.04987000e+02, 0., 1., 0., -2.33224609e+02, 0.,
       0., 0., 3.69075989e+02, 0., 0., 3.61397839e-03, 0. ]
R: !!opencv-matrix
   rows: 3
   cols: 3
   dt: d
   data: [ 1.0170812041714201e+00, -4.3526605611020688e-02,
       4.9593444313622212e-02, 4.5748336598813291e-02,
       1.0172615829706644e+00, -4.4394304364028421e-02,
       -4.7620582445200198e-02, 4.6526610616459678e-02,
       1.0170844415756213e+00 ]
T: !!opencv-matrix
   rows: 3
   cols: 1
   dt: d
   data: [ -2.7804831478609140e+02, 1.6675464379703588e+01,
       1.6575867002134206e+01 ]
E: !!opencv-matrix
   rows: 0
   cols: 0
   dt: u
   data: []
F: !!opencv-matrix
   rows: 0
   cols: 0
   dt: u
   data: []
K1: !!opencv-matrix
   rows: 3
   cols: 3
   dt: d
   data: [ 3.6627756984521932e+02, 0., 3.8060969928433269e+02, 0.,
       3.6653175179255015e+02, 2.3878059668569790e+02, 0., 0., 1. ]
D1: !!opencv-matrix
   rows: 5
   cols: 1
   dt: d
   data: [ -2.1859934914563901e-02, -9.9468572971318997e-04,
       1.6448003429794193e-03, -3.1164985765511365e-04,
       3.5195408316194161e-04 ]
P1: !!opencv-matrix
   rows: 3
   cols: 4
   dt: f
   data: [ 3.69075989e+02, 0., 4.04987000e+02, 0., 0., 3.69075989e+02,
       2.33224609e+02, 0., 0., 0., 1., 0. ]
R1: !!opencv-matrix
   rows: 3
   cols: 3
   dt: f
   data: [ 9.94445503e-01, -1.04933277e-01, -8.19624029e-03,
       1.04738355e-01, 9.94269609e-01, -2.13975497e-02, 1.03945872e-02,
       2.04202347e-02, 9.99737442e-01 ]
K2: !!opencv-matrix
   rows: 3
   cols: 3
   dt: d
   data: [ 3.6687495098581172e+02, 0., 3.7621769200552956e+02, 0.,
       3.6726361788508825e+02, 2.2399932895774910e+02, 0., 0., 1. ]
D2: !!opencv-matrix
   rows: 5
   cols: 1
   dt: d
   data: [ -2.2201337830972428e-02, -1.1445843221826492e-03,
       2.9199201696882579e-04, -7.1705872414221615e-04,
       5.1284674356775366e-04 ]
P2: !!opencv-matrix
   rows: 3
   cols: 4
   dt: f
   data: [ 3.69075989e+02, 0., 4.04987000e+02, -1.02124570e+05, 0.,
       3.69075989e+02, 2.33224609e+02, 0., 0., 0., 1., 0. ]
R2: !!opencv-matrix
   rows: 3
   cols: 3
   dt: f
   data: [ 9.96443689e-01, -5.97599782e-02, -5.94030507e-02,
       6.09917417e-02, 9.97954726e-01, 1.91418547e-02, 5.81376366e-02,
       -2.26968750e-02, 9.98050511e-01 ]
