%YAML:1.0
---
Q: !!opencv-matrix
   rows: 4
   cols: 4
   dt: f
   data: [ 1., 0., 0., -4.25485657e+02, 0., 1., 0., -2.33711563e+02, 0.,
       0., 0., 3.70899963e+02, 0., 0., 3.86145618e-03, 0. ]
R: !!opencv-matrix
   rows: 3
   cols: 3
   dt: d
   data: [ 1.0176568944912887e+00, 9.7669021290747206e-03,
       -3.7404309541143612e-03, -9.8521173747555223e-03,
       1.0167551877272982e+00, -4.3873467720079350e-02,
       3.3033374710878497e-03, 4.3904552976469537e-02,
       1.0168009591264340e+00 ]
T: !!opencv-matrix
   rows: 3
   cols: 1
   dt: d
   data: [ -2.6017766999313000e+02, 1.5603864699146916e+01,
       1.5510941356219124e+01 ]
E: !!opencv-matrix
   rows: 0
   cols: 0
   dt: u
   data: []
F: !!opencv-matrix
   rows: 0
   cols: 0
   dt: u
   data: []
K1: !!opencv-matrix
   rows: 3
   cols: 3
   dt: d
   data: [ 3.6627756984521932e+02, 0., 3.8060969928433269e+02, 0.,
       3.6653175179255015e+02, 2.3878059668569790e+02, 0., 0., 1. ]
D1: !!opencv-matrix
   rows: 5
   cols: 1
   dt: d
   data: [ -2.1859934914563901e-02, -9.9468572971318997e-04,
       1.6448003429794193e-03, -3.1164985765511365e-04,
       3.5195408316194161e-04 ]
P1: !!opencv-matrix
   rows: 3
   cols: 4
   dt: f
   data: [ 3.70899963e+02, 0., 4.25485657e+02, 0., 0., 3.70899963e+02,
       2.33711563e+02, 0., 0., 0., 1., 0. ]
R1: !!opencv-matrix
   rows: 3
   cols: 3
   dt: f
   data: [ 9.96778667e-01, -5.27885556e-02, -6.03794307e-02,
       5.14621399e-02, 9.98402715e-01, -2.33171154e-02, 6.15138635e-02,
       2.01347470e-02, 9.97903109e-01 ]
K2: !!opencv-matrix
   rows: 3
   cols: 3
   dt: d
   data: [ 3.6687495098581172e+02, 0., 3.7621769200552956e+02, 0.,
       3.6726361788508825e+02, 2.2399932895774910e+02, 0., 0., 1. ]
D2: !!opencv-matrix
   rows: 5
   cols: 1
   dt: d
   data: [ -2.2201337830972428e-02, -1.1445843221826492e-03,
       2.9199201696882579e-04, -7.1705872414221615e-04,
       5.1284674356775366e-04 ]
P2: !!opencv-matrix
   rows: 3
   cols: 4
   dt: f
   data: [ 3.70899963e+02, 0., 4.25485657e+02, -9.60518359e+04, 0.,
       3.70899963e+02, 2.33711563e+02, 0., 0., 0., 1., 0. ]
R2: !!opencv-matrix
   rows: 3
   cols: 3
   dt: f
   data: [ 9.96443570e-01, -5.97605892e-02, -5.94047047e-02,
       6.10392466e-02, 9.97936070e-01, 1.99465677e-02, 5.80900759e-02,
       -2.35016476e-02, 9.98034656e-01 ]
