%YAML:1.0
---
Q: !!opencv-matrix
   rows: 4
   cols: 4
   dt: f
   data: [ 1., 0., 0., -4.04997040e+02, 0., 1., 0., -2.32958832e+02, 0.,
       0., 0., 3.78301178e+02, 0., 0., 3.86543875e-03, 0. ]
R: !!opencv-matrix
   rows: 3
   cols: 3
   dt: d
   data: [ 1.0181589149882886e+00, 9.6051898156197194e-03,
       4.9054749775695655e-02, -7.6079017430678974e-03,
       1.0174611705716454e+00, -4.4329078436909093e-02,
       -5.0010432335299143e-02, 4.3944844653756650e-02,
       1.0163054391074304e+00 ]
T: !!opencv-matrix
   rows: 3
   cols: 1
   dt: d
   data: [ -2.5855864485216404e+02, 1.5506791930013279e+01,
       1.5413984416473726e+01 ]
E: !!opencv-matrix
   rows: 0
   cols: 0
   dt: u
   data: []
F: !!opencv-matrix
   rows: 0
   cols: 0
   dt: u
   data: []
K1: !!opencv-matrix
   rows: 3
   cols: 3
   dt: d
   data: [ 3.6627756984521932e+02, 0., 3.8060969928433269e+02, 0.,
       3.6653175179255015e+02, 2.3878059668569790e+02, 0., 0., 1. ]
D1: !!opencv-matrix
   rows: 5
   cols: 1
   dt: d
   data: [ -2.1859934914563901e-02, -9.9468572971318997e-04,
       1.6448003429794193e-03, -3.1164985765511365e-04,
       3.5195408316194161e-04 ]
P1: !!opencv-matrix
   rows: 3
   cols: 4
   dt: f
   data: [ 3.78301178e+02, 0., 4.04997040e+02, 0., 0., 3.78301178e+02,
       2.32958832e+02, 0., 0., 0., 1., 0. ]
R1: !!opencv-matrix
   rows: 3
   cols: 3
   dt: f
   data: [ 9.98568356e-01, -5.28166257e-02, -8.46730545e-03,
       5.26265875e-02, 9.98387456e-01, -2.12833099e-02, 9.57776420e-03,
       2.08072327e-02, 9.99737620e-01 ]
K2: !!opencv-matrix
   rows: 3
   cols: 3
   dt: d
   data: [ 3.6687495098581172e+02, 0., 3.7621769200552956e+02, 0.,
       3.6726361788508825e+02, 2.2399932895774910e+02, 0., 0., 1. ]
D2: !!opencv-matrix
   rows: 5
   cols: 1
   dt: d
   data: [ -2.2201337830972428e-02, -1.1445843221826492e-03,
       2.9199201696882579e-04, -7.1705872414221615e-04,
       5.1284674356775366e-04 ]
P2: !!opencv-matrix
   rows: 3
   cols: 4
   dt: f
   data: [ 3.78301178e+02, 0., 4.04997040e+02, -9.78675859e+04, 0.,
       3.78301178e+02, 2.32958832e+02, 0., 0., 0., 1., 0. ]
R2: !!opencv-matrix
   rows: 3
   cols: 3
   dt: f
   data: [ 9.96443629e-01, -5.97606935e-02, -5.94030283e-02,
       6.09991401e-02, 9.97952044e-01, 1.92565545e-02, 5.81305884e-02,
       -2.28116065e-02, 9.98048306e-01 ]
