%YAML:1.0
---
Q: !!opencv-matrix
   rows: 4
   cols: 4
   dt: f
   data: [ 1., 0., 0., -4.26522095e+02, 0., 1., 0., -2.33686508e+02, 0.,
       0., 0., 3.64726013e+02, 0., 0., 3.96903185e-03, 0. ]
R: !!opencv-matrix
   rows: 3
   cols: 3
   dt: d
   data: [ 1.0175431162731763e+00, 9.8566033760688464e-03,
       -3.1327195573396067e-03, -9.8350018529876904e-03,
       1.0169543831460937e+00, -4.3918782073049820e-02,
       3.3229846023372232e-03, 4.3908151094706575e-02,
       1.0169691511022962e+00 ]
T: !!opencv-matrix
   rows: 3
   cols: 1
   dt: d
   data: [ -2.5411102406843852e+02, 1.5240024446202581e+01,
       1.5149267738164767e+01 ]
E: !!opencv-matrix
   rows: 0
   cols: 0
   dt: u
   data: []
F: !!opencv-matrix
   rows: 0
   cols: 0
   dt: u
   data: []
K1: !!opencv-matrix
   rows: 3
   cols: 3
   dt: d
   data: [ 3.6627756984521932e+02, 0., 3.8060969928433269e+02, 0.,
       3.6653175179255015e+02, 2.3878059668569790e+02, 0., 0., 1. ]
D1: !!opencv-matrix
   rows: 5
   cols: 1
   dt: d
   data: [ -2.1859934914563901e-02, -9.9468572971318997e-04,
       1.6448003429794193e-03, -3.1164985765511365e-04,
       3.5195408316194161e-04 ]
P1: !!opencv-matrix
   rows: 3
   cols: 4
   dt: f
   data: [ 3.64726013e+02, 0., 4.26522095e+02, 0., 0., 3.64726013e+02,
       2.33686508e+02, 0., 0., 0., 1., 0. ]
R1: !!opencv-matrix
   rows: 3
   cols: 3
   dt: f
   data: [ 9.96778250e-01, -4.95002009e-02, -6.31100386e-02,
       4.97785173e-02, 9.98756230e-01, 2.84438580e-03, 6.28907457e-02,
       -5.97674586e-03, 9.98002529e-01 ]
K2: !!opencv-matrix
   rows: 3
   cols: 3
   dt: d
   data: [ 3.6687495098581172e+02, 0., 3.7621769200552956e+02, 0.,
       3.6726361788508825e+02, 2.2399932895774910e+02, 0., 0., 1. ]
D2: !!opencv-matrix
   rows: 5
   cols: 1
   dt: d
   data: [ -2.2201337830972428e-02, -1.1445843221826492e-03,
       2.9199201696882579e-04, -7.1705872414221615e-04,
       5.1284674356775366e-04 ]
P2: !!opencv-matrix
   rows: 3
   cols: 4
   dt: f
   data: [ 3.64726013e+02, 0., 4.26522095e+02, -9.18929453e+04, 0.,
       3.64726013e+02, 2.33686508e+02, 0., 0., 0., 1., 0. ]
R2: !!opencv-matrix
   rows: 3
   cols: 3
   dt: f
   data: [ 9.96443748e-01, -5.97602762e-02, -5.94018400e-02,
       5.94972521e-02, 9.98209298e-01, -6.18832326e-03, 5.96652851e-02,
       2.63206963e-03, 9.98214960e-01 ]
