%YAML:1.0
---
Q: !!opencv-matrix
   rows: 4
   cols: 4
   dt: f
   data: [ 1., 0., 0., -4.25461823e+02, 0., 1., 0., -2.33710999e+02, 0.,
       0., 0., 3.70905945e+02, 0., 0., 3.88374086e-03, 0. ]
R: !!opencv-matrix
   rows: 3
   cols: 3
   dt: d
   data: [ 1.0176018865700749e+00, 9.6652930614823506e-03,
       -3.6351581819820404e-03, -9.8452474138616304e-03,
       1.0168322624144568e+00, -4.3882858079853058e-02,
       3.3110802893377899e-03, 4.3913714465962352e-02,
       1.0168656106728009e+00 ]
T: !!opencv-matrix
   rows: 3
   cols: 1
   dt: d
   data: [ -2.5804865057171673e+02, 1.5476179144827647e+01,
       1.5384016180310530e+01 ]
E: !!opencv-matrix
   rows: 0
   cols: 0
   dt: u
   data: []
F: !!opencv-matrix
   rows: 0
   cols: 0
   dt: u
   data: []
K1: !!opencv-matrix
   rows: 3
   cols: 3
   dt: d
   data: [ 3.6627756984521932e+02, 0., 3.8060969928433269e+02, 0.,
       3.6653175179255015e+02, 2.3878059668569790e+02, 0., 0., 1. ]
D1: !!opencv-matrix
   rows: 5
   cols: 1
   dt: d
   data: [ -2.1859934914563901e-02, -9.9468572971318997e-04,
       1.6448003429794193e-03, -3.1164985765511365e-04,
       3.5195408316194161e-04 ]
P1: !!opencv-matrix
   rows: 3
   cols: 4
   dt: f
   data: [ 3.70905945e+02, 0., 4.25461823e+02, 0., 0., 3.70905945e+02,
       2.33710999e+02, 0., 0., 0., 1., 0. ]
R1: !!opencv-matrix
   rows: 3
   cols: 3
   dt: f
   data: [ 9.96781290e-01, -5.28074056e-02, -6.03197180e-02,
       5.14822192e-02, 9.98401642e-01, -2.33172476e-02, 6.14546314e-02,
       2.01368034e-02, 9.97906744e-01 ]
K2: !!opencv-matrix
   rows: 3
   cols: 3
   dt: d
   data: [ 3.6687495098581172e+02, 0., 3.7621769200552956e+02, 0.,
       3.6726361788508825e+02, 2.2399932895774910e+02, 0., 0., 1. ]
D2: !!opencv-matrix
   rows: 5
   cols: 1
   dt: d
   data: [ -2.2201337830972428e-02, -1.1445843221826492e-03,
       2.9199201696882579e-04, -7.1705872414221615e-04,
       5.1284674356775366e-04 ]
P2: !!opencv-matrix
   rows: 3
   cols: 4
   dt: f
   data: [ 3.70905945e+02, 0., 4.25461823e+02, -9.55022344e+04, 0.,
       3.70905945e+02, 2.33710999e+02, 0., 0., 0., 1., 0. ]
R2: !!opencv-matrix
   rows: 3
   cols: 3
   dt: f
   data: [ 9.96443570e-01, -5.97605892e-02, -5.94047047e-02,
       6.10393099e-02, 9.97936010e-01, 1.99476480e-02, 5.80900125e-02,
       -2.35027261e-02, 9.98034656e-01 ]
