%YAML:1.0
---
Q: !!opencv-matrix
   rows: 4
   cols: 4
   dt: f
   data: [ 1., 0., 0., -4.04982056e+02, 0., 1., 0., -2.33224289e+02, 0.,
       0., 0., 3.69082092e+02, 0., 0., 3.56742530e-03, 0. ]
R: !!opencv-matrix
   rows: 3
   cols: 3
   dt: d
   data: [ 1.0170344167584739e+00, -4.3535375057710379e-02,
       4.9574811701808920e-02, 4.5748345450327008e-02,
       1.0172355212457214e+00, -4.4392101545716912e-02,
       -4.7618134186476271e-02, 4.6525982227220111e-02,
       1.0170588234696460e+00 ]
T: !!opencv-matrix
   rows: 3
   cols: 1
   dt: d
   data: [ -2.8079460736271795e+02, 1.6840168498373462e+01,
       1.6739587397575445e+01 ]
E: !!opencv-matrix
   rows: 0
   cols: 0
   dt: u
   data: []
F: !!opencv-matrix
   rows: 0
   cols: 0
   dt: u
   data: []
K1: !!opencv-matrix
   rows: 3
   cols: 3
   dt: d
   data: [ 3.6627756984521932e+02, 0., 3.8060969928433269e+02, 0.,
       3.6653175179255015e+02, 2.3878059668569790e+02, 0., 0., 1. ]
D1: !!opencv-matrix
   rows: 5
   cols: 1
   dt: d
   data: [ -2.1859934914563901e-02, -9.9468572971318997e-04,
       1.6448003429794193e-03, -3.1164985765511365e-04,
       3.5195408316194161e-04 ]
P1: !!opencv-matrix
   rows: 3
   cols: 4
   dt: f
   data: [ 3.69082092e+02, 0., 4.04982056e+02, 0., 0., 3.69082092e+02,
       2.33224289e+02, 0., 0., 0., 1., 0. ]
R1: !!opencv-matrix
   rows: 3
   cols: 3
   dt: f
   data: [ 9.94445324e-01, -1.04936041e-01, -8.18357244e-03,
       1.04741387e-01, 9.94269252e-01, -2.13972349e-02, 1.03820162e-02,
       2.04212219e-02, 9.99737561e-01 ]
K2: !!opencv-matrix
   rows: 3
   cols: 3
   dt: d
   data: [ 3.6687495098581172e+02, 0., 3.7621769200552956e+02, 0.,
       3.6726361788508825e+02, 2.2399932895774910e+02, 0., 0., 1. ]
D2: !!opencv-matrix
   rows: 5
   cols: 1
   dt: d
   data: [ -2.2201337830972428e-02, -1.1445843221826492e-03,
       2.9199201696882579e-04, -7.1705872414221615e-04,
       5.1284674356775366e-04 ]
P2: !!opencv-matrix
   rows: 3
   cols: 4
   dt: f
   data: [ 3.69082092e+02, 0., 4.04982056e+02, -1.03458961e+05, 0.,
       3.69082092e+02, 2.33224289e+02, 0., 0., 0., 1., 0. ]
R2: !!opencv-matrix
   rows: 3
   cols: 3
   dt: f
   data: [ 9.96443689e-01, -5.97599782e-02, -5.94030507e-02,
       6.09917603e-02, 9.97954726e-01, 1.91421919e-02, 5.81376180e-02,
       -2.26972122e-02, 9.98050511e-01 ]
