%YAML:1.0
---
Q: !!opencv-matrix
   rows: 4
   cols: 4
   dt: f
   data: [ 1., 0., 0., -3.82726318e+02, 0., 1., 0., -2.32160522e+02, 0.,
       0., 0., 3.61095551e+02, 0., 0., 4.26368974e-03, 0. ]
R: !!opencv-matrix
   rows: 3
   cols: 3
   dt: d
   data: [ 1.0180495679146286e+00, 9.0123426819518036e-03,
       -3.3707604018840278e-03, -9.9486584343412652e-03,
       1.0162618444373344e+00, 9.3951629462431172e-03,
       3.2888458523116278e-03, -9.3500792445973882e-03,
       1.0162535349721815e+00 ]
T: !!opencv-matrix
   rows: 3
   cols: 1
   dt: d
   data: [ -2.3091988003473503e+02, 1.3849202209324918e+01,
       9.3606671120130003e-01 ]
E: !!opencv-matrix
   rows: 0
   cols: 0
   dt: u
   data: []
F: !!opencv-matrix
   rows: 0
   cols: 0
   dt: u
   data: []
K1: !!opencv-matrix
   rows: 3
   cols: 3
   dt: d
   data: [ 3.6627756984521932e+02, 0., 3.8060969928433269e+02, 0.,
       3.6653175179255015e+02, 2.3878059668569790e+02, 0., 0., 1. ]
D1: !!opencv-matrix
   rows: 5
   cols: 1
   dt: d
   data: [ -2.1859934914563901e-02, -9.9468572971318997e-04,
       1.6448003429794193e-03, -3.1164985765511365e-04,
       3.5195408316194161e-04 ]
P1: !!opencv-matrix
   rows: 3
   cols: 4
   dt: f
   data: [ 3.61095551e+02, 0., 3.82726318e+02, 0., 0., 3.61095551e+02,
       2.32160522e+02, 0., 0., 0., 1., 0. ]
R1: !!opencv-matrix
   rows: 3
   cols: 3
   dt: f
   data: [ 9.98674750e-01, -5.09679243e-02, -7.14617129e-03,
       5.09998538e-02, 9.98689175e-01, 4.35956428e-03, 6.91460585e-03,
       -4.71824035e-03, 9.99964952e-01 ]
K2: !!opencv-matrix
   rows: 3
   cols: 3
   dt: d
   data: [ 3.6687495098581172e+02, 0., 3.7621769200552956e+02, 0.,
       3.6726361788508825e+02, 2.2399932895774910e+02, 0., 0., 1. ]
D2: !!opencv-matrix
   rows: 5
   cols: 1
   dt: d
   data: [ -2.2201337830972428e-02, -1.1445843221826492e-03,
       2.9199201696882579e-04, -7.1705872414221615e-04,
       5.1284674356775366e-04 ]
P2: !!opencv-matrix
   rows: 3
   cols: 4
   dt: f
   data: [ 3.61095551e+02, 0., 3.82726318e+02, -8.46908594e+04, 0.,
       3.61095551e+02, 2.32160522e+02, 0., 0., 0., 1., 0. ]
R2: !!opencv-matrix
   rows: 3
   cols: 3
   dt: f
   data: [ 9.98198211e-01, -5.98659962e-02, -4.04633908e-03,
       5.98469973e-02, 9.98196661e-01, -4.66364296e-03, 4.31823591e-03,
       4.41307900e-03, 9.99980927e-01 ]
