%YAML:1.0
---
Q: !!opencv-matrix
   rows: 4
   cols: 4
   dt: f
   data: [ 1., 0., 0., -4.04983337e+02, 0., 1., 0., -2.33224396e+02, 0.,
       0., 0., 3.69081329e+02, 0., 0., 3.54865682e-03, 0. ]
R: !!opencv-matrix
   rows: 3
   cols: 3
   dt: d
   data: [ 1.0170149753235447e+00, -4.3534368338550948e-02,
       4.9574053609661994e-02, 4.5747452553199702e-02,
       1.0172158907890416e+00, -4.4391257191902178e-02,
       -4.7617226168095009e-02, 4.6525074877788522e-02,
       1.0170391946270054e+00 ]
T: !!opencv-matrix
   rows: 3
   cols: 1
   dt: d
   data: [ -2.8243982704559647e+02, 1.6938837689195271e+01,
       1.6837667267949989e+01 ]
E: !!opencv-matrix
   rows: 0
   cols: 0
   dt: u
   data: []
F: !!opencv-matrix
   rows: 0
   cols: 0
   dt: u
   data: []
K1: !!opencv-matrix
   rows: 3
   cols: 3
   dt: d
   data: [ 3.6627756984521932e+02, 0., 3.8060969928433269e+02, 0.,
       3.6653175179255015e+02, 2.3878059668569790e+02, 0., 0., 1. ]
D1: !!opencv-matrix
   rows: 5
   cols: 1
   dt: d
   data: [ -2.1859934914563901e-02, -9.9468572971318997e-04,
       1.6448003429794193e-03, -3.1164985765511365e-04,
       3.5195408316194161e-04 ]
P1: !!opencv-matrix
   rows: 3
   cols: 4
   dt: f
   data: [ 3.69081329e+02, 0., 4.04983337e+02, 0., 0., 3.69081329e+02,
       2.33224396e+02, 0., 0., 0., 1., 0. ]
R1: !!opencv-matrix
   rows: 3
   cols: 3
   dt: f
   data: [ 9.94445086e-01, -1.04938075e-01, -8.18684138e-03,
       1.04743347e-01, 9.94269073e-01, -2.13973336e-02, 1.03853177e-02,
       2.04209555e-02, 9.99737501e-01 ]
K2: !!opencv-matrix
   rows: 3
   cols: 3
   dt: d
   data: [ 3.6687495098581172e+02, 0., 3.7621769200552956e+02, 0.,
       3.6726361788508825e+02, 2.2399932895774910e+02, 0., 0., 1. ]
D2: !!opencv-matrix
   rows: 5
   cols: 1
   dt: d
   data: [ -2.2201337830972428e-02, -1.1445843221826492e-03,
       2.9199201696882579e-04, -7.1705872414221615e-04,
       5.1284674356775366e-04 ]
P2: !!opencv-matrix
   rows: 3
   cols: 4
   dt: f
   data: [ 3.69081329e+02, 0., 4.04983337e+02, -1.04005922e+05, 0.,
       3.69081329e+02, 2.33224396e+02, 0., 0., 0., 1., 0. ]
R2: !!opencv-matrix
   rows: 3
   cols: 3
   dt: f
   data: [ 9.96443689e-01, -5.97599782e-02, -5.94030507e-02,
       6.09917566e-02, 9.97954726e-01, 1.91421099e-02, 5.81376217e-02,
       -2.26971302e-02, 9.98050511e-01 ]
