%YAML:1.0
---
Q: !!opencv-matrix
   rows: 4
   cols: 4
   dt: f
   data: [ 1., 0., 0., -4.04978455e+02, 0., 1., 0., -2.32958054e+02, 0.,
       0., 0., 3.78313202e+02, 0., 0., 3.85384005e-03, 0. ]
R: !!opencv-matrix
   rows: 3
   cols: 3
   dt: d
   data: [ 1.0179235778306266e+00, 9.6646385276518403e-03,
       4.9163341093912294e-02, -7.5895815631992049e-03,
       1.0175377088603996e+00, -4.4338847609351528e-02,
       -4.9995561829608792e-02, 4.3944803466873551e-02,
       1.0163791629364949e+00 ]
T: !!opencv-matrix
   rows: 3
   cols: 1
   dt: d
   data: [ -2.5945650567147550e+02, 1.5560640246781007e+01,
       1.5467510427884708e+01 ]
E: !!opencv-matrix
   rows: 0
   cols: 0
   dt: u
   data: []
F: !!opencv-matrix
   rows: 0
   cols: 0
   dt: u
   data: []
K1: !!opencv-matrix
   rows: 3
   cols: 3
   dt: d
   data: [ 3.6627756984521932e+02, 0., 3.8060969928433269e+02, 0.,
       3.6653175179255015e+02, 2.3878059668569790e+02, 0., 0., 1. ]
D1: !!opencv-matrix
   rows: 5
   cols: 1
   dt: d
   data: [ -2.1859934914563901e-02, -9.9468572971318997e-04,
       1.6448003429794193e-03, -3.1164985765511365e-04,
       3.5195408316194161e-04 ]
P1: !!opencv-matrix
   rows: 3
   cols: 4
   dt: f
   data: [ 3.78313202e+02, 0., 4.04978455e+02, 0., 0., 3.78313202e+02,
       2.32958054e+02, 0., 0., 0., 1., 0. ]
R1: !!opencv-matrix
   rows: 3
   cols: 3
   dt: f
   data: [ 9.98570085e-01, -5.27913980e-02, -8.41993093e-03,
       5.26023544e-02, 9.98388708e-01, -2.12825295e-02, 9.52989887e-03,
       2.08091885e-02, 9.99738038e-01 ]
K2: !!opencv-matrix
   rows: 3
   cols: 3
   dt: d
   data: [ 3.6687495098581172e+02, 0., 3.7621769200552956e+02, 0.,
       3.6726361788508825e+02, 2.2399932895774910e+02, 0., 0., 1. ]
D2: !!opencv-matrix
   rows: 5
   cols: 1
   dt: d
   data: [ -2.2201337830972428e-02, -1.1445843221826492e-03,
       2.9199201696882579e-04, -7.1705872414221615e-04,
       5.1284674356775366e-04 ]
P2: !!opencv-matrix
   rows: 3
   cols: 4
   dt: f
   data: [ 3.78313202e+02, 0., 4.04978455e+02, -9.81652578e+04, 0.,
       3.78313202e+02, 2.32958054e+02, 0., 0., 0., 1., 0. ]
R2: !!opencv-matrix
   rows: 3
   cols: 3
   dt: f
   data: [ 9.96443629e-01, -5.97606935e-02, -5.94030283e-02,
       6.09991737e-02, 9.97952044e-01, 1.92571320e-02, 5.81305549e-02,
       -2.28121839e-02, 9.98048306e-01 ]
