%YAML:1.0
---
Q: !!opencv-matrix
   rows: 4
   cols: 4
   dt: f
   data: [ 1., 0., 0., -4.26678040e+02, 0., 1., 0., -2.33674026e+02, 0.,
       0., 0., 3.64830597e+02, 0., 0., 4.04843315e-03, 0. ]
R: !!opencv-matrix
   rows: 3
   cols: 3
   dt: d
   data: [ 1.0157031957949025e+00, 1.1438636732752926e-02,
       -3.7771760555252733e-03, -9.7709538891041538e-03,
       1.0168517784321713e+00, 9.4262103326178751e-03,
       3.3749812080386262e-03, -9.4534931432120432e-03,
       1.0170220240971510e+00 ]
T: !!opencv-matrix
   rows: 3
   cols: 1
   dt: d
   data: [ -2.4701015024255915e+02, 1.4814077448237377e+01,
       1.4725224399645109e+01 ]
E: !!opencv-matrix
   rows: 0
   cols: 0
   dt: u
   data: []
F: !!opencv-matrix
   rows: 0
   cols: 0
   dt: u
   data: []
K1: !!opencv-matrix
   rows: 3
   cols: 3
   dt: d
   data: [ 3.6627756984521932e+02, 0., 3.8060969928433269e+02, 0.,
       3.6653175179255015e+02, 2.3878059668569790e+02, 0., 0., 1. ]
D1: !!opencv-matrix
   rows: 5
   cols: 1
   dt: d
   data: [ -2.1859934914563901e-02, -9.9468572971318997e-04,
       1.6448003429794193e-03, -3.1164985765511365e-04,
       3.5195408316194161e-04 ]
P1: !!opencv-matrix
   rows: 3
   cols: 4
   dt: f
   data: [ 3.64830597e+02, 0., 4.26678040e+02, 0., 0., 3.64830597e+02,
       2.33674026e+02, 0., 0., 0., 1., 0. ]
R1: !!opencv-matrix
   rows: 3
   cols: 3
   dt: f
   data: [ 9.96799111e-01, -4.85769771e-02, -6.34963885e-02,
       4.88582328e-02, 9.98801589e-01, 2.88340007e-03, 6.32802248e-02,
       -5.97649207e-03, 9.97977912e-01 ]
K2: !!opencv-matrix
   rows: 3
   cols: 3
   dt: d
   data: [ 3.6687495098581172e+02, 0., 3.7621769200552956e+02, 0.,
       3.6726361788508825e+02, 2.2399932895774910e+02, 0., 0., 1. ]
D2: !!opencv-matrix
   rows: 5
   cols: 1
   dt: d
   data: [ -2.2201337830972428e-02, -1.1445843221826492e-03,
       2.9199201696882579e-04, -7.1705872414221615e-04,
       5.1284674356775366e-04 ]
P2: !!opencv-matrix
   rows: 3
   cols: 4
   dt: f
   data: [ 3.64830597e+02, 0., 4.26678040e+02, -9.01164844e+04, 0.,
       3.64830597e+02, 2.33674026e+02, 0., 0., 0., 1., 0. ]
R2: !!opencv-matrix
   rows: 3
   cols: 3
   dt: f
   data: [ 9.96443748e-01, -5.97602762e-02, -5.94018400e-02,
       5.94960973e-02, 9.98209238e-01, -6.20767847e-03, 5.96664399e-02,
       2.65142485e-03, 9.98214841e-01 ]
