%YAML:1.0
---
Q: !!opencv-matrix
   rows: 4
   cols: 4
   dt: f
   data: [ 1., 0., 0., -4.05003723e+02, 0., 1., 0., -2.33225037e+02, 0.,
       0., 0., 3.69014130e+02, 0., 0., 3.67302145e-03, 0. ]
R: !!opencv-matrix
   rows: 3
   cols: 3
   dt: d
   data: [ 1.0171352474875537e+00, -4.3502932426767199e-02,
       4.9553074603975789e-02, 4.5754387505088374e-02,
       1.0173484865556321e+00, -4.4395488789166784e-02,
       -4.7622671410409712e-02, 4.6529023466078456e-02,
       1.0171756407319266e+00 ]
T: !!opencv-matrix
   rows: 3
   cols: 1
   dt: d
   data: [ -2.7172600392765679e+02, 1.6296294718369321e+01,
       1.6198962056249169e+01 ]
E: !!opencv-matrix
   rows: 0
   cols: 0
   dt: u
   data: []
F: !!opencv-matrix
   rows: 0
   cols: 0
   dt: u
   data: []
K1: !!opencv-matrix
   rows: 3
   cols: 3
   dt: d
   data: [ 3.6627756984521932e+02, 0., 3.8060969928433269e+02, 0.,
       3.6653175179255015e+02, 2.3878059668569790e+02, 0., 0., 1. ]
D1: !!opencv-matrix
   rows: 5
   cols: 1
   dt: d
   data: [ -2.1859934914563901e-02, -9.9468572971318997e-04,
       1.6448003429794193e-03, -3.1164985765511365e-04,
       3.5195408316194161e-04 ]
P1: !!opencv-matrix
   rows: 3
   cols: 4
   dt: f
   data: [ 3.69014130e+02, 0., 4.05003723e+02, 0., 0., 3.69014130e+02,
       2.33225037e+02, 0., 0., 0., 1., 0. ]
R1: !!opencv-matrix
   rows: 3
   cols: 3
   dt: f
   data: [ 9.94460404e-01, -1.04788244e-01, -8.23967252e-03,
       1.04592465e-01, 9.94284928e-01, -2.13977452e-02, 1.04348147e-02,
       2.04174034e-02, 9.99737084e-01 ]
K2: !!opencv-matrix
   rows: 3
   cols: 3
   dt: d
   data: [ 3.6687495098581172e+02, 0., 3.7621769200552956e+02, 0.,
       3.6726361788508825e+02, 2.2399932895774910e+02, 0., 0., 1. ]
D2: !!opencv-matrix
   rows: 5
   cols: 1
   dt: d
   data: [ -2.2201337830972428e-02, -1.1445843221826492e-03,
       2.9199201696882579e-04, -7.1705872414221615e-04,
       5.1284674356775366e-04 ]
P2: !!opencv-matrix
   rows: 3
   cols: 4
   dt: f
   data: [ 3.69014130e+02, 0., 4.05003723e+02, -1.00466094e+05, 0.,
       3.69014130e+02, 2.33225037e+02, 0., 0., 0., 1., 0. ]
R2: !!opencv-matrix
   rows: 3
   cols: 3
   dt: f
   data: [ 9.96443689e-01, -5.97599819e-02, -5.94030730e-02,
       6.09916635e-02, 9.97954726e-01, 1.91404559e-02, 5.81377447e-02,
       -2.26954799e-02, 9.98050570e-01 ]
