%YAML:1.0
---
Q: !!opencv-matrix
   rows: 4
   cols: 4
   dt: f
   data: [ 1., 0., 0., -4.04990112e+02, 0., 1., 0., -2.33224792e+02, 0.,
       0., 0., 3.69070496e+02, 0., 0., 3.65400314e-03, 0. ]
R: !!opencv-matrix
   rows: 3
   cols: 3
   dt: d
   data: [ 1.0170555470902163e+00, -4.3515034872157361e-02,
       4.9546416494836015e-02, 4.5758620232065207e-02,
       1.0173440114619523e+00, -4.4394877169245575e-02,
       -4.7617986781996566e-02, 4.6529519774343435e-02,
       1.0171708091123701e+00 ]
T: !!opencv-matrix
   rows: 3
   cols: 1
   dt: d
   data: [ -2.7399331275651974e+02, 1.6432272631944503e+01,
       1.6334127806850582e+01 ]
E: !!opencv-matrix
   rows: 0
   cols: 0
   dt: u
   data: []
F: !!opencv-matrix
   rows: 0
   cols: 0
   dt: u
   data: []
K1: !!opencv-matrix
   rows: 3
   cols: 3
   dt: d
   data: [ 3.6627756984521932e+02, 0., 3.8060969928433269e+02, 0.,
       3.6653175179255015e+02, 2.3878059668569790e+02, 0., 0., 1. ]
D1: !!opencv-matrix
   rows: 5
   cols: 1
   dt: d
   data: [ -2.1859934914563901e-02, -9.9468572971318997e-04,
       1.6448003429794193e-03, -3.1164985765511365e-04,
       3.5195408316194161e-04 ]
P1: !!opencv-matrix
   rows: 3
   cols: 4
   dt: f
   data: [ 3.69070496e+02, 0., 4.04990112e+02, 0., 0., 3.69070496e+02,
       2.33224792e+02, 0., 0., 0., 1., 0. ]
R1: !!opencv-matrix
   rows: 3
   cols: 3
   dt: f
   data: [ 9.94446158e-01, -1.04926154e-01, -8.20431765e-03,
       1.04731068e-01, 9.94270384e-01, -2.13977136e-02, 1.04024895e-02,
       2.04196274e-02, 9.99737382e-01 ]
K2: !!opencv-matrix
   rows: 3
   cols: 3
   dt: d
   data: [ 3.6687495098581172e+02, 0., 3.7621769200552956e+02, 0.,
       3.6726361788508825e+02, 2.2399932895774910e+02, 0., 0., 1. ]
D2: !!opencv-matrix
   rows: 5
   cols: 1
   dt: d
   data: [ -2.2201337830972428e-02, -1.1445843221826492e-03,
       2.9199201696882579e-04, -7.1705872414221615e-04,
       5.1284674356775366e-04 ]
P2: !!opencv-matrix
   rows: 3
   cols: 4
   dt: f
   data: [ 3.69070496e+02, 0., 4.04990112e+02, -1.01004422e+05, 0.,
       3.69070496e+02, 2.33224792e+02, 0., 0., 0., 1., 0. ]
R2: !!opencv-matrix
   rows: 3
   cols: 3
   dt: f
   data: [ 9.96443689e-01, -5.97599782e-02, -5.94030507e-02,
       6.09917268e-02, 9.97954726e-01, 1.91416293e-02, 5.81376515e-02,
       -2.26966497e-02, 9.98050511e-01 ]
