%YAML:1.0
---
Q: !!opencv-matrix
   rows: 4
   cols: 4
   dt: f
   data: [ 1., 0., 0., -3.82993011e+02, 0., 1., 0., -2.32166656e+02, 0.,
       0., 0., 3.61124420e+02, 0., 0., 4.29583807e-03, 0. ]
R: !!opencv-matrix
   rows: 3
   cols: 3
   dt: d
   data: [ 1.0169160999488123e+00, 9.6220714365832603e-03,
       -3.3148607957725726e-03, -9.8600561360866323e-03,
       1.0166355907526081e+00, 9.3955201042750843e-03,
       3.2964326097853812e-03, -9.3563090396444164e-03,
       1.0166633956359521e+00 ]
T: !!opencv-matrix
   rows: 3
   cols: 1
   dt: d
   data: [ -2.3393727453684744e+02, 1.4030167803010102e+01,
       9.4829814843407001e-01 ]
E: !!opencv-matrix
   rows: 0
   cols: 0
   dt: u
   data: []
F: !!opencv-matrix
   rows: 0
   cols: 0
   dt: u
   data: []
K1: !!opencv-matrix
   rows: 3
   cols: 3
   dt: d
   data: [ 3.6627756984521932e+02, 0., 3.8060969928433269e+02, 0.,
       3.6653175179255015e+02, 2.3878059668569790e+02, 0., 0., 1. ]
D1: !!opencv-matrix
   rows: 5
   cols: 1
   dt: d
   data: [ -2.1859934914563901e-02, -9.9468572971318997e-04,
       1.6448003429794193e-03, -3.1164985765511365e-04,
       3.5195408316194161e-04 ]
P1: !!opencv-matrix
   rows: 3
   cols: 4
   dt: f
   data: [ 3.61124420e+02, 0., 3.82993011e+02, 0., 0., 3.61124420e+02,
       2.32166656e+02, 0., 0., 0., 1., 0. ]
R1: !!opencv-matrix
   rows: 3
   cols: 3
   dt: f
   data: [ 9.98701155e-01, -5.03457412e-02, -7.82631990e-03,
       5.03808409e-02, 9.98720586e-01, 4.35435493e-03, 7.59708323e-03,
       -4.74299584e-03, 9.99959886e-01 ]
K2: !!opencv-matrix
   rows: 3
   cols: 3
   dt: d
   data: [ 3.6687495098581172e+02, 0., 3.7621769200552956e+02, 0.,
       3.6726361788508825e+02, 2.2399932895774910e+02, 0., 0., 1. ]
D2: !!opencv-matrix
   rows: 5
   cols: 1
   dt: d
   data: [ -2.2201337830972428e-02, -1.1445843221826492e-03,
       2.9199201696882579e-04, -7.1705872414221615e-04,
       5.1284674356775366e-04 ]
P2: !!opencv-matrix
   rows: 3
   cols: 4
   dt: f
   data: [ 3.61124420e+02, 0., 3.82993011e+02, -8.40637891e+04, 0.,
       3.61124420e+02, 2.32166656e+02, 0., 0., 0., 1., 0. ]
R2: !!opencv-matrix
   rows: 3
   cols: 3
   dt: f
   data: [ 9.98198211e-01, -5.98660000e-02, -4.04633908e-03,
       5.98469563e-02, 9.98196602e-01, -4.67339344e-03, 4.31881938e-03,
       4.42281226e-03, 9.99980867e-01 ]
