%YAML:1.0
---
Q: !!opencv-matrix
   rows: 4
   cols: 4
   dt: f
   data: [ 1., 0., 0., -4.26608643e+02, 0., 1., 0., -2.33680176e+02, 0.,
       0., 0., 3.64778442e+02, 0., 0., 4.01632162e-03, 0. ]
R: !!opencv-matrix
   rows: 3
   cols: 3
   dt: d
   data: [ 1.0162667073566314e+00, 1.0456284246982632e-02,
       -3.4402760609462978e-03, -9.8191811915255538e-03,
       1.0166235714684366e+00, 9.4034093400592617e-03,
       3.3233503983300262e-03, -9.3924563141536428e-03,
       1.0167150271260013e+00 ]
T: !!opencv-matrix
   rows: 3
   cols: 1
   dt: d
   data: [ -2.4943291490024072e+02, 1.4959379145359618e+01,
       1.4869654707920313e+01 ]
E: !!opencv-matrix
   rows: 0
   cols: 0
   dt: u
   data: []
F: !!opencv-matrix
   rows: 0
   cols: 0
   dt: u
   data: []
K1: !!opencv-matrix
   rows: 3
   cols: 3
   dt: d
   data: [ 3.6627756984521932e+02, 0., 3.8060969928433269e+02, 0.,
       3.6653175179255015e+02, 2.3878059668569790e+02, 0., 0., 1. ]
D1: !!opencv-matrix
   rows: 5
   cols: 1
   dt: d
   data: [ -2.1859934914563901e-02, -9.9468572971318997e-04,
       1.6448003429794193e-03, -3.1164985765511365e-04,
       3.5195408316194161e-04 ]
P1: !!opencv-matrix
   rows: 3
   cols: 4
   dt: f
   data: [ 3.64778442e+02, 0., 4.26608643e+02, 0., 0., 3.64778442e+02,
       2.33680176e+02, 0., 0., 0., 1., 0. ]
R1: !!opencv-matrix
   rows: 3
   cols: 3
   dt: f
   data: [ 9.96788442e-01, -4.90180068e-02, -6.33246079e-02,
       4.92979251e-02, 9.98780012e-01, 2.86455895e-03, 6.31069392e-02,
       -5.97713096e-03, 9.97988880e-01 ]
K2: !!opencv-matrix
   rows: 3
   cols: 3
   dt: d
   data: [ 3.6687495098581172e+02, 0., 3.7621769200552956e+02, 0.,
       3.6726361788508825e+02, 2.2399932895774910e+02, 0., 0., 1. ]
D2: !!opencv-matrix
   rows: 5
   cols: 1
   dt: d
   data: [ -2.2201337830972428e-02, -1.1445843221826492e-03,
       2.9199201696882579e-04, -7.1705872414221615e-04,
       5.1284674356775366e-04 ]
P2: !!opencv-matrix
   rows: 3
   cols: 4
   dt: f
   data: [ 3.64778442e+02, 0., 4.26608643e+02, -9.08240156e+04, 0.,
       3.64778442e+02, 2.33680176e+02, 0., 0., 0., 1., 0. ]
R2: !!opencv-matrix
   rows: 3
   cols: 3
   dt: f
   data: [ 9.96443748e-01, -5.97602762e-02, -5.94018400e-02,
       5.94966374e-02, 9.98209238e-01, -6.19859016e-03, 5.96658960e-02,
       2.64233677e-03, 9.98214900e-01 ]
