%YAML:1.0
---
Q: !!opencv-matrix
   rows: 4
   cols: 4
   dt: f
   data: [ 1., 0., 0., -4.04888855e+02, 0., 1., 0., -2.32954697e+02, 0.,
       0., 0., 3.78353821e+02, 0., 0., 3.79599421e-03, 0. ]
R: !!opencv-matrix
   rows: 3
   cols: 3
   dt: d
   data: [ 1.0173861835199083e+00, 9.7329144253121246e-03,
       4.9539149917616508e-02, -7.5491584671668645e-03,
       1.0176896552814962e+00, -4.4367730028306053e-02,
       -4.9961886953482942e-02, 4.3947556680571417e-02,
       1.0165129830706496e+00 ]
T: !!opencv-matrix
   rows: 3
   cols: 1
   dt: d
   data: [ -2.6249872340654173e+02, 1.5743094167796009e+01,
       1.5648872372759326e+01 ]
E: !!opencv-matrix
   rows: 0
   cols: 0
   dt: u
   data: []
F: !!opencv-matrix
   rows: 0
   cols: 0
   dt: u
   data: []
K1: !!opencv-matrix
   rows: 3
   cols: 3
   dt: d
   data: [ 3.6627756984521932e+02, 0., 3.8060969928433269e+02, 0.,
       3.6653175179255015e+02, 2.3878059668569790e+02, 0., 0., 1. ]
D1: !!opencv-matrix
   rows: 5
   cols: 1
   dt: d
   data: [ -2.1859934914563901e-02, -9.9468572971318997e-04,
       1.6448003429794193e-03, -3.1164985765511365e-04,
       3.5195408316194161e-04 ]
P1: !!opencv-matrix
   rows: 3
   cols: 4
   dt: f
   data: [ 3.78353821e+02, 0., 4.04888855e+02, 0., 0., 3.78353821e+02,
       2.32954697e+02, 0., 0., 0., 1., 0. ]
R1: !!opencv-matrix
   rows: 3
   cols: 3
   dt: f
   data: [ 9.98573840e-01, -5.27560525e-02, -8.19114689e-03,
       5.25718108e-02, 9.98390377e-01, -2.12793183e-02, 9.30057559e-03,
       2.08183471e-02, 9.99740005e-01 ]
K2: !!opencv-matrix
   rows: 3
   cols: 3
   dt: d
   data: [ 3.6687495098581172e+02, 0., 3.7621769200552956e+02, 0.,
       3.6726361788508825e+02, 2.2399932895774910e+02, 0., 0., 1. ]
D2: !!opencv-matrix
   rows: 5
   cols: 1
   dt: d
   data: [ -2.2201337830972428e-02, -1.1445843221826492e-03,
       2.9199201696882579e-04, -7.1705872414221615e-04,
       5.1284674356775366e-04 ]
P2: !!opencv-matrix
   rows: 3
   cols: 4
   dt: f
   data: [ 3.78353821e+02, 0., 4.04888855e+02, -9.96718594e+04, 0.,
       3.78353821e+02, 2.32954697e+02, 0., 0., 0., 1., 0. ]
R2: !!opencv-matrix
   rows: 3
   cols: 3
   dt: f
   data: [ 9.96443629e-01, -5.97606935e-02, -5.94030283e-02,
       6.09993450e-02, 9.97951984e-01, 1.92600861e-02, 5.81303723e-02,
       -2.28151362e-02, 9.98048246e-01 ]
