%YAML:1.0
---
Q: !!opencv-matrix
   rows: 4
   cols: 4
   dt: f
   data: [ 1., 0., 0., -4.25405518e+02, 0., 1., 0., -2.33707977e+02, 0.,
       0., 0., 3.70935425e+02, 0., 0., 3.90947098e-03, 0. ]
R: !!opencv-matrix
   rows: 3
   cols: 3
   dt: d
   data: [ 1.0175526324528461e+00, 9.6569306113606455e-03,
       -3.3677195361338026e-03, -9.8379937539352907e-03,
       1.0169182311339715e+00, -4.3902602086193822e-02,
       3.3193909926751202e-03, 4.3917950378723106e-02,
       1.0169350699518669e+00 ]
T: !!opencv-matrix
   rows: 3
   cols: 1
   dt: d
   data: [ -2.5555478622618278e+02, 1.5326612440819884e+01,
       1.5235340141882965e+01 ]
E: !!opencv-matrix
   rows: 0
   cols: 0
   dt: u
   data: []
F: !!opencv-matrix
   rows: 0
   cols: 0
   dt: u
   data: []
K1: !!opencv-matrix
   rows: 3
   cols: 3
   dt: d
   data: [ 3.6627756984521932e+02, 0., 3.8060969928433269e+02, 0.,
       3.6653175179255015e+02, 2.3878059668569790e+02, 0., 0., 1. ]
D1: !!opencv-matrix
   rows: 5
   cols: 1
   dt: d
   data: [ -2.1859934914563901e-02, -9.9468572971318997e-04,
       1.6448003429794193e-03, -3.1164985765511365e-04,
       3.5195408316194161e-04 ]
P1: !!opencv-matrix
   rows: 3
   cols: 4
   dt: f
   data: [ 3.70935425e+02, 0., 4.25405518e+02, 0., 0., 3.70935425e+02,
       2.33707977e+02, 0., 0., 0., 1., 0. ]
R1: !!opencv-matrix
   rows: 3
   cols: 3
   dt: f
   data: [ 9.96792316e-01, -5.27600087e-02, -6.01790287e-02,
       5.14378287e-02, 9.98404026e-01, -2.33133845e-02, 6.13129996e-02,
       2.01431233e-02, 9.97915328e-01 ]
K2: !!opencv-matrix
   rows: 3
   cols: 3
   dt: d
   data: [ 3.6687495098581172e+02, 0., 3.7621769200552956e+02, 0.,
       3.6726361788508825e+02, 2.2399932895774910e+02, 0., 0., 1. ]
D2: !!opencv-matrix
   rows: 5
   cols: 1
   dt: d
   data: [ -2.2201337830972428e-02, -1.1445843221826492e-03,
       2.9199201696882579e-04, -7.1705872414221615e-04,
       5.1284674356775366e-04 ]
P2: !!opencv-matrix
   rows: 3
   cols: 4
   dt: f
   data: [ 3.70935425e+02, 0., 4.25405518e+02, -9.48812344e+04, 0.,
       3.70935425e+02, 2.33707977e+02, 0., 0., 0., 1., 0. ]
R2: !!opencv-matrix
   rows: 3
   cols: 3
   dt: f
   data: [ 9.96443570e-01, -5.97605892e-02, -5.94047047e-02,
       6.10393770e-02, 9.97936010e-01, 1.99488178e-02, 5.80899380e-02,
       -2.35038958e-02, 9.98034656e-01 ]
