%YAML:1.0
---
Q: !!opencv-matrix
   rows: 4
   cols: 4
   dt: f
   data: [ 1., 0., 0., -4.04978699e+02, 0., 1., 0., -2.33224030e+02, 0.,
       0., 0., 3.69084564e+02, 0., 0., 4.43075597e-03, 0. ]
R: !!opencv-matrix
   rows: 3
   cols: 3
   dt: d
   data: [ 1.0186102062291038e+00, 8.0253688634127594e-03,
       -2.0049063522237761e-03, -9.9974855450064466e-03,
       1.0160185589572095e+00, 9.3105124145190492e-03,
       3.2843677751601902e-03, -9.3433080695811757e-03,
       1.0159456872997343e+00 ]
T: !!opencv-matrix
   rows: 3
   cols: 1
   dt: d
   data: [ -2.3411605318169600e+02, 1.4040889371316611e+01,
       9.4902287761349913e-01 ]
E: !!opencv-matrix
   rows: 0
   cols: 0
   dt: u
   data: []
F: !!opencv-matrix
   rows: 0
   cols: 0
   dt: u
   data: []
K1: !!opencv-matrix
   rows: 3
   cols: 3
   dt: d
   data: [ 3.6627756984521932e+02, 0., 3.8060969928433269e+02, 0.,
       3.6653175179255015e+02, 2.3878059668569790e+02, 0., 0., 1. ]
D1: !!opencv-matrix
   rows: 5
   cols: 1
   dt: d
   data: [ -2.1859934914563901e-02, -9.9468572971318997e-04,
       1.6448003429794193e-03, -3.1164985765511365e-04,
       3.5195408316194161e-04 ]
P1: !!opencv-matrix
   rows: 3
   cols: 4
   dt: f
   data: [ 3.69084564e+02, 0., 4.04978699e+02, 0., 0., 3.69084564e+02,
       2.33224030e+02, 0., 0., 0., 1., 0. ]
R1: !!opencv-matrix
   rows: 3
   cols: 3
   dt: f
   data: [ 9.94445920e-01, -1.04931071e-01, -8.17396864e-03,
       1.04736611e-01, 9.94269788e-01, -2.13969667e-02, 1.03723370e-02,
       2.04220116e-02, 9.99737620e-01 ]
K2: !!opencv-matrix
   rows: 3
   cols: 3
   dt: d
   data: [ 3.6687495098581172e+02, 0., 3.7621769200552956e+02, 0.,
       3.6726361788508825e+02, 2.2399932895774910e+02, 0., 0., 1. ]
D2: !!opencv-matrix
   rows: 5
   cols: 1
   dt: d
   data: [ -2.2201337830972428e-02, -1.1445843221826492e-03,
       2.9199201696882579e-04, -7.1705872414221615e-04,
       5.1284674356775366e-04 ]
P2: !!opencv-matrix
   rows: 3
   cols: 4
   dt: f
   data: [ 3.69084564e+02, 0., 4.04978699e+02, -8.33005859e+04, 0.,
       3.69084564e+02, 2.33224030e+02, 0., 0., 0., 1., 0. ]
R2: !!opencv-matrix
   rows: 3
   cols: 3
   dt: f
   data: [ 9.96443570e-01, -5.97609021e-02, -5.94041087e-02,
       6.09927215e-02, 9.97954607e-01, 1.91423893e-02, 5.81386387e-02,
       -2.26975288e-02, 9.98050451e-01 ]
