%YAML:1.0
---
Q: !!opencv-matrix
   rows: 4
   cols: 4
   dt: f
   data: [ 1., 0., 0., -3.82541046e+02, 0., 1., 0., -2.31851257e+02, 0.,
       0., 0., 3.58741638e+02, 0., 0., 5.55652892e-03, 0. ]
R: !!opencv-matrix
   rows: 3
   cols: 3
   dt: d
   data: [ 9.9993931362429112e-01, 9.7142913003787027e-03,
       -3.1519415196191209e-03, -9.6827146533086800e-03,
       9.9991286131704105e-01, 9.2347297889008445e-03,
       3.2434381289223433e-03, -9.2037772472120197e-03,
       9.9995479556476363e-01 ]
T: !!opencv-matrix
   rows: 3
   cols: 1
   dt: d
   data: [ -1.7996523074097536e+02, 8.4055578323841751e-01,
       7.7246157996984210e-01 ]
E: !!opencv-matrix
   rows: 0
   cols: 0
   dt: u
   data: []
F: !!opencv-matrix
   rows: 0
   cols: 0
   dt: u
   data: []
K1: !!opencv-matrix
   rows: 3
   cols: 3
   dt: d
   data: [ 3.6627756984521932e+02, 0., 3.8060969928433269e+02, 0.,
       3.6653175179255015e+02, 2.3878059668569790e+02, 0., 0., 1. ]
D1: !!opencv-matrix
   rows: 5
   cols: 1
   dt: d
   data: [ -2.1859934914563901e-02, -9.9468572971318997e-04,
       1.6448003429794193e-03, -3.1164985765511365e-04,
       3.5195408316194161e-04 ]
P1: !!opencv-matrix
   rows: 3
   cols: 4
   dt: f
   data: [ 3.58741638e+02, 0., 3.82541046e+02, 0., 0., 3.58741638e+02,
       2.31851257e+02, 0., 0., 0., 1., 0. ]
R1: !!opencv-matrix
   rows: 3
   cols: 3
   dt: f
   data: [ 9.99959052e-01, 5.08316979e-03, -7.48819299e-03,
       -5.04870294e-03, 9.99976635e-01, 4.61452734e-03, 7.51147466e-03,
       -4.57653264e-03, 9.99961317e-01 ]
K2: !!opencv-matrix
   rows: 3
   cols: 3
   dt: d
   data: [ 3.6687495098581172e+02, 0., 3.7621769200552956e+02, 0.,
       3.6726361788508825e+02, 2.2399932895774910e+02, 0., 0., 1. ]
D2: !!opencv-matrix
   rows: 5
   cols: 1
   dt: d
   data: [ -2.2201337830972428e-02, -1.1445843221826492e-03,
       2.9199201696882579e-04, -7.1705872414221615e-04,
       5.1284674356775366e-04 ]
P2: !!opencv-matrix
   rows: 3
   cols: 4
   dt: f
   data: [ 3.58741638e+02, 0., 3.82541046e+02, -6.45621836e+04, 0.,
       3.58741638e+02, 2.31851257e+02, 0., 0., 0., 1., 0. ]
R2: !!opencv-matrix
   rows: 3
   cols: 3
   dt: f
   data: [ 9.99979854e-01, -4.67056269e-03, -4.29219613e-03,
       4.65078792e-03, 9.99978602e-01, -4.60558105e-03, 4.31361469e-03,
       4.58552642e-03, 9.99980211e-01 ]
