%YAML:1.0
---
Q: !!opencv-matrix
   rows: 4
   cols: 4
   dt: f
   data: [ 1., 0., 0., -4.07651154e+02, 0., 1., 0., -2.33125992e+02, 0.,
       0., 0., 3.79609650e+02, 0., 0., 5.66545269e-03, 0. ]
R: !!opencv-matrix
   rows: 3
   cols: 3
   dt: d
   data: [ 1.0014258618425320e+00, 9.5945112166644485e-03,
       4.8607200825072819e-02, -7.4541325188655638e-03,
       1.0013027279939233e+00, -4.3644661405027034e-02,
       -4.9183840440067766e-02, 4.3238347015137728e-02,
       1.0001549924168736e+00 ]
T: !!opencv-matrix
   rows: 3
   cols: 1
   dt: d
   data: [ -1.7575889572587153e+02, 1.1161080355652086e+01,
       1.1094702478312110e+01 ]
E: !!opencv-matrix
   rows: 0
   cols: 0
   dt: u
   data: []
F: !!opencv-matrix
   rows: 0
   cols: 0
   dt: u
   data: []
K1: !!opencv-matrix
   rows: 3
   cols: 3
   dt: d
   data: [ 3.6627756984521932e+02, 0., 3.8060969928433269e+02, 0.,
       3.6653175179255015e+02, 2.3878059668569790e+02, 0., 0., 1. ]
D1: !!opencv-matrix
   rows: 5
   cols: 1
   dt: d
   data: [ -2.1859934914563901e-02, -9.9468572971318997e-04,
       1.6448003429794193e-03, -3.1164985765511365e-04,
       3.5195408316194161e-04 ]
P1: !!opencv-matrix
   rows: 3
   cols: 4
   dt: f
   data: [ 3.79609650e+02, 0., 4.07651154e+02, 0., 0., 3.79609650e+02,
       2.33125992e+02, 0., 0., 0., 1., 0. ]
R1: !!opencv-matrix
   rows: 3
   cols: 3
   dt: f
   data: [ 9.98342514e-01, -5.63597679e-02, -1.16558662e-02,
       5.61022460e-02, 9.98196661e-01, -2.13519633e-02, 1.28382389e-02,
       2.06626505e-02, 9.99704063e-01 ]
K2: !!opencv-matrix
   rows: 3
   cols: 3
   dt: d
   data: [ 3.6687495098581172e+02, 0., 3.7621769200552956e+02, 0.,
       3.6726361788508825e+02, 2.2399932895774910e+02, 0., 0., 1. ]
D2: !!opencv-matrix
   rows: 5
   cols: 1
   dt: d
   data: [ -2.2201337830972428e-02, -1.1445843221826492e-03,
       2.9199201696882579e-04, -7.1705872414221615e-04,
       5.1284674356775366e-04 ]
P2: !!opencv-matrix
   rows: 3
   cols: 4
   dt: f
   data: [ 3.79609650e+02, 0., 4.07651154e+02, -6.70042891e+04, 0.,
       3.79609650e+02, 2.33125992e+02, 0., 0., 0., 1., 0. ]
R2: !!opencv-matrix
   rows: 3
   cols: 3
   dt: f
   data: [ 9.96015310e-01, -6.32491857e-02, -6.28730282e-02,
       6.45578504e-02, 9.97732997e-01, 1.90034583e-02, 6.15285411e-02,
       -2.29866821e-02, 9.97840583e-01 ]
