%YAML:1.0
---
Q: !!opencv-matrix
   rows: 4
   cols: 4
   dt: f
   data: [ 1., 0., 0., -4.13499725e+02, 0., 1., 0., -2.33913788e+02, 0.,
       0., 0., 3.67555176e+02, 0., 0., 4.34732151e+00, 0. ]
R: !!opencv-matrix
   rows: 3
   cols: 3
   dt: d
   data: [ 1.0778934864762562e+00, -5.6900210005681531e-02,
       2.1667243452912995e-02, 4.9171465351712067e-02,
       1.0850916462870281e+00, -4.5344016047362518e-02,
       -5.0364564066225241e-02, 5.0261308959406309e-02,
       1.0862057997439669e+00 ]
T: !!opencv-matrix
   rows: 3
   cols: 1
   dt: d
   data: [ -9.4574849863129321e-02, 6.0057716778364589e-03,
       5.9695136135175415e-03 ]
E: !!opencv-matrix
   rows: 0
   cols: 0
   dt: u
   data: []
F: !!opencv-matrix
   rows: 0
   cols: 0
   dt: u
   data: []
K1: !!opencv-matrix
   rows: 3
   cols: 3
   dt: d
   data: [ 3.6627756984521932e+02, 0., 3.8060969928433269e+02, 0.,
       3.6653175179255015e+02, 2.3878059668569790e+02, 0., 0., 1. ]
D1: !!opencv-matrix
   rows: 5
   cols: 1
   dt: d
   data: [ -2.1859934914563901e-02, -9.9468572971318997e-04,
       1.6448003429794193e-03, -3.1164985765511365e-04,
       3.5195408316194161e-04 ]
P1: !!opencv-matrix
   rows: 3
   cols: 4
   dt: f
   data: [ 3.67555176e+02, 0., 4.13499725e+02, 0., 0., 3.67555176e+02,
       2.33913788e+02, 0., 0., 0., 1., 0. ]
R1: !!opencv-matrix
   rows: 3
   cols: 3
   dt: f
   data: [ 9.93182242e-01, -1.13556117e-01, -2.63452809e-02,
       1.12992182e-01, 9.93352413e-01, -2.19933577e-02, 2.86676288e-02,
       1.88666023e-02, 9.99410927e-01 ]
K2: !!opencv-matrix
   rows: 3
   cols: 3
   dt: d
   data: [ 3.6687495098581172e+02, 0., 3.7621769200552956e+02, 0.,
       3.6726361788508825e+02, 2.2399932895774910e+02, 0., 0., 1. ]
D2: !!opencv-matrix
   rows: 5
   cols: 1
   dt: d
   data: [ -2.2201337830972428e-02, -1.1445843221826492e-03,
       2.9199201696882579e-04, -7.1705872414221615e-04,
       5.1284674356775366e-04 ]
P2: !!opencv-matrix
   rows: 3
   cols: 4
   dt: f
   data: [ 3.67555176e+02, 0., 4.13499725e+02, -8.45474930e+01, 0.,
       3.67555176e+02, 2.33913788e+02, 0., 0., 0., 1., 0. ]
R2: !!opencv-matrix
   rows: 3
   cols: 3
   dt: f
   data: [ 9.96015608e-01, -6.32498190e-02, -6.28679693e-02,
       6.45244196e-02, 9.97745514e-01, 1.84530001e-02, 6.15590848e-02,
       -2.24359948e-02, 9.97851253e-01 ]
