%YAML:1.0
---
Q: !!opencv-matrix
   rows: 4
   cols: 4
   dt: f
   data: [ 1., 0., 0., -3.82537872e+02, 0., 1., 0., -2.31851212e+02, 0.,
       0., 0., 3.58741302e+02, 0., 0., 5.55390865e-03, 0. ]
R: !!opencv-matrix
   rows: 3
   cols: 3
   dt: d
   data: [ 9.9992358273592308e-01, 9.7348397810623558e-03,
       -3.1525725596122413e-03, -9.6826775073420475e-03,
       9.9990815906083208e-01, 9.2346864229127835e-03,
       3.2432629013716303e-03, -9.2037357577818748e-03,
       9.9995034004125349e-01 ]
T: !!opencv-matrix
   rows: 3
   cols: 1
   dt: d
   data: [ -1.8005428880575914e+02, 8.4092696303310721e-01,
       7.7207346186528369e-01 ]
E: !!opencv-matrix
   rows: 0
   cols: 0
   dt: u
   data: []
F: !!opencv-matrix
   rows: 0
   cols: 0
   dt: u
   data: []
K1: !!opencv-matrix
   rows: 3
   cols: 3
   dt: d
   data: [ 3.6627756984521932e+02, 0., 3.8060969928433269e+02, 0.,
       3.6653175179255015e+02, 2.3878059668569790e+02, 0., 0., 1. ]
D1: !!opencv-matrix
   rows: 5
   cols: 1
   dt: d
   data: [ -2.1859934914563901e-02, -9.9468572971318997e-04,
       1.6448003429794193e-03, -3.1164985765511365e-04,
       3.5195408316194161e-04 ]
P1: !!opencv-matrix
   rows: 3
   cols: 4
   dt: f
   data: [ 3.58741302e+02, 0., 3.82537872e+02, 0., 0., 3.58741302e+02,
       2.31851212e+02, 0., 0., 0., 1., 0. ]
R1: !!opencv-matrix
   rows: 3
   cols: 3
   dt: f
   data: [ 9.99958992e-01, 5.09430980e-03, -7.48432893e-03,
       -5.05986065e-03, 9.99976575e-01, 4.61456599e-03, 7.50766136e-03,
       -4.57650749e-03, 9.99961317e-01 ]
K2: !!opencv-matrix
   rows: 3
   cols: 3
   dt: d
   data: [ 3.6687495098581172e+02, 0., 3.7621769200552956e+02, 0.,
       3.6726361788508825e+02, 2.2399932895774910e+02, 0., 0., 1. ]
D2: !!opencv-matrix
   rows: 5
   cols: 1
   dt: d
   data: [ -2.2201337830972428e-02, -1.1445843221826492e-03,
       2.9199201696882579e-04, -7.1705872414221615e-04,
       5.1284674356775366e-04 ]
P2: !!opencv-matrix
   rows: 3
   cols: 4
   dt: f
   data: [ 3.58741302e+02, 0., 3.82537872e+02, -6.45925820e+04, 0.,
       3.58741302e+02, 2.31851212e+02, 0., 0., 0., 1., 0. ]
R2: !!opencv-matrix
   rows: 3
   cols: 3
   dt: f
   data: [ 9.99979913e-01, -4.67031356e-03, -4.28791344e-03,
       4.65055881e-03, 9.99978602e-01, -4.60557779e-03, 4.30933107e-03,
       4.58554411e-03, 9.99980211e-01 ]
