%YAML:1.0
---
Q: !!opencv-matrix
   rows: 4
   cols: 4
   dt: f
   data: [ 1., 0., 0., -4.07592834e+02, 0., 1., 0., -2.33123962e+02, 0.,
       0., 0., 3.79624847e+02, 0., 0., 5.66705409e-03, 0. ]
R: !!opencv-matrix
   rows: 3
   cols: 3
   dt: d
   data: [ 1.0011202264893477e+00, 9.5801960796070666e-03,
       4.8776566687801420e-02, -7.4305421724143225e-03,
       1.0013782699298635e+00, -4.3658437711179693e-02,
       -4.9163502131362731e-02, 4.3242516617486619e-02,
       1.0002190318129298e+00 ]
T: !!opencv-matrix
   rows: 3
   cols: 1
   dt: d
   data: [ -1.7575539436357479e+02, 1.1160858035518931e+01,
       1.1094481490665626e+01 ]
E: !!opencv-matrix
   rows: 0
   cols: 0
   dt: u
   data: []
F: !!opencv-matrix
   rows: 0
   cols: 0
   dt: u
   data: []
K1: !!opencv-matrix
   rows: 3
   cols: 3
   dt: d
   data: [ 3.6627756984521932e+02, 0., 3.8060969928433269e+02, 0.,
       3.6653175179255015e+02, 2.3878059668569790e+02, 0., 0., 1. ]
D1: !!opencv-matrix
   rows: 5
   cols: 1
   dt: d
   data: [ -2.1859934914563901e-02, -9.9468572971318997e-04,
       1.6448003429794193e-03, -3.1164985765511365e-04,
       3.5195408316194161e-04 ]
P1: !!opencv-matrix
   rows: 3
   cols: 4
   dt: f
   data: [ 3.79624847e+02, 0., 4.07592834e+02, 0., 0., 3.79624847e+02,
       2.33123962e+02, 0., 0., 0., 1., 0. ]
R1: !!opencv-matrix
   rows: 3
   cols: 3
   dt: f
   data: [ 9.98342395e-01, -5.63922375e-02, -1.15067763e-02,
       5.61378151e-02, 9.98194754e-01, -2.13501789e-02, 1.26899872e-02,
       2.06688233e-02, 9.99705851e-01 ]
K2: !!opencv-matrix
   rows: 3
   cols: 3
   dt: d
   data: [ 3.6687495098581172e+02, 0., 3.7621769200552956e+02, 0.,
       3.6726361788508825e+02, 2.2399932895774910e+02, 0., 0., 1. ]
D2: !!opencv-matrix
   rows: 5
   cols: 1
   dt: d
   data: [ -2.2201337830972428e-02, -1.1445843221826492e-03,
       2.9199201696882579e-04, -7.1705872414221615e-04,
       5.1284674356775366e-04 ]
P2: !!opencv-matrix
   rows: 3
   cols: 4
   dt: f
   data: [ 3.79624847e+02, 0., 4.07592834e+02, -6.69880391e+04, 0.,
       3.79624847e+02, 2.33123962e+02, 0., 0., 0., 1., 0. ]
R2: !!opencv-matrix
   rows: 3
   cols: 3
   dt: f
   data: [ 9.96015310e-01, -6.32491857e-02, -6.28730282e-02,
       6.45579845e-02, 9.97732937e-01, 1.90056507e-02, 6.15283996e-02,
       -2.29888745e-02, 9.97840524e-01 ]
