%YAML:1.0
---
Q: !!opencv-matrix
   rows: 4
   cols: 4
   dt: f
   data: [ 1., 0., 0., -4.29480072e+02, 0., 1., 0., -2.33896347e+02, 0.,
       0., 0., 3.65873932e+02, 0., 0., 5.48065780e-03, 0. ]
R: !!opencv-matrix
   rows: 3
   cols: 3
   dt: d
   data: [ 9.9834080552238014e-01, 1.1196967519717544e-02,
       -3.6643558506070113e-03, -9.5561778979225808e-03,
       1.0002719700226408e+00, 9.2712429145978791e-03,
       3.3750174081391775e-03, -9.3014187467780271e-03,
       1.0004400427474467e+00 ]
T: !!opencv-matrix
   rows: 3
   cols: 1
   dt: d
   data: [ -1.8160870944089729e+02, 1.1532589502254119e+01,
       1.1463977483669641e+01 ]
E: !!opencv-matrix
   rows: 0
   cols: 0
   dt: u
   data: []
F: !!opencv-matrix
   rows: 0
   cols: 0
   dt: u
   data: []
K1: !!opencv-matrix
   rows: 3
   cols: 3
   dt: d
   data: [ 3.6627756984521932e+02, 0., 3.8060969928433269e+02, 0.,
       3.6653175179255015e+02, 2.3878059668569790e+02, 0., 0., 1. ]
D1: !!opencv-matrix
   rows: 5
   cols: 1
   dt: d
   data: [ -2.1859934914563901e-02, -9.9468572971318997e-04,
       1.6448003429794193e-03, -3.1164985765511365e-04,
       3.5195408316194161e-04 ]
P1: !!opencv-matrix
   rows: 3
   cols: 4
   dt: f
   data: [ 3.65873932e+02, 0., 4.29480072e+02, 0., 0., 3.65873932e+02,
       2.33896347e+02, 0., 0., 0., 1., 0. ]
R1: !!opencv-matrix
   rows: 3
   cols: 3
   dt: f
   data: [ 9.96391773e-01, -5.21116368e-02, -6.69913217e-02,
       5.24076074e-02, 9.98622239e-01, 2.66704313e-03, 6.67600408e-02,
       -6.16827467e-03, 9.97749984e-01 ]
K2: !!opencv-matrix
   rows: 3
   cols: 3
   dt: d
   data: [ 3.6687495098581172e+02, 0., 3.7621769200552956e+02, 0.,
       3.6726361788508825e+02, 2.2399932895774910e+02, 0., 0., 1. ]
D2: !!opencv-matrix
   rows: 5
   cols: 1
   dt: d
   data: [ -2.2201337830972428e-02, -1.1445843221826492e-03,
       2.9199201696882579e-04, -7.1705872414221615e-04,
       5.1284674356775366e-04 ]
P2: !!opencv-matrix
   rows: 3
   cols: 4
   dt: f
   data: [ 3.65873932e+02, 0., 4.29480072e+02, -6.67573047e+04, 0.,
       3.65873932e+02, 2.33896347e+02, 0., 0., 0., 1., 0. ]
R2: !!opencv-matrix
   rows: 3
   cols: 3
   dt: f
   data: [ 9.96015310e-01, -6.32493645e-02, -6.28730729e-02,
       6.29704669e-02, 9.97994781e-01, -6.40958548e-03, 6.31524026e-02,
       2.42489902e-03, 9.98000920e-01 ]
