%YAML:1.0
---
Q: !!opencv-matrix
   rows: 4
   cols: 4
   dt: f
   data: [ 1., 0., 0., -4.29503540e+02, 0., 1., 0., -2.33893860e+02, 0.,
       0., 0., 3.65893677e+02, 0., 0., 5.47857163e-03, 0. ]
R: !!opencv-matrix
   rows: 3
   cols: 3
   dt: d
   data: [ 9.9784521630177658e-01, 1.1614528586838218e-02,
       -3.7610698575330954e-03, -9.5175419255098728e-03,
       1.0003786604288649e+00, 9.2785873094249852e-03,
       3.4151367442289650e-03, -9.3289208665645242e-03,
       1.0005792512978118e+00 ]
T: !!opencv-matrix
   rows: 3
   cols: 1
   dt: d
   data: [ -1.8173280844253489e+02, 1.1540470079911252e+01,
       1.1471811220682472e+01 ]
E: !!opencv-matrix
   rows: 0
   cols: 0
   dt: u
   data: []
F: !!opencv-matrix
   rows: 0
   cols: 0
   dt: u
   data: []
K1: !!opencv-matrix
   rows: 3
   cols: 3
   dt: d
   data: [ 3.6627756984521932e+02, 0., 3.8060969928433269e+02, 0.,
       3.6653175179255015e+02, 2.3878059668569790e+02, 0., 0., 1. ]
D1: !!opencv-matrix
   rows: 5
   cols: 1
   dt: d
   data: [ -2.1859934914563901e-02, -9.9468572971318997e-04,
       1.6448003429794193e-03, -3.1164985765511365e-04,
       3.5195408316194161e-04 ]
P1: !!opencv-matrix
   rows: 3
   cols: 4
   dt: f
   data: [ 3.65893677e+02, 0., 4.29503540e+02, 0., 0., 3.65893677e+02,
       2.33893860e+02, 0., 0., 0., 1., 0. ]
R1: !!opencv-matrix
   rows: 3
   cols: 3
   dt: f
   data: [ 9.96396482e-01, -5.19469716e-02, -6.70492575e-02,
       5.22434339e-02, 9.98630822e-01, 2.67455261e-03, 6.68185204e-02,
       -6.16779830e-03, 9.97746110e-01 ]
K2: !!opencv-matrix
   rows: 3
   cols: 3
   dt: d
   data: [ 3.6687495098581172e+02, 0., 3.7621769200552956e+02, 0.,
       3.6726361788508825e+02, 2.2399932895774910e+02, 0., 0., 1. ]
D2: !!opencv-matrix
   rows: 5
   cols: 1
   dt: d
   data: [ -2.2201337830972428e-02, -1.1445843221826492e-03,
       2.9199201696882579e-04, -7.1705872414221615e-04,
       5.1284674356775366e-04 ]
P2: !!opencv-matrix
   rows: 3
   cols: 4
   dt: f
   data: [ 3.65893677e+02, 0., 4.29503540e+02, -6.67863281e+04, 0.,
       3.65893677e+02, 2.33893860e+02, 0., 0., 0., 1., 0. ]
R2: !!opencv-matrix
   rows: 3
   cols: 3
   dt: f
   data: [ 9.96015310e-01, -6.32493645e-02, -6.28730729e-02,
       6.29702434e-02, 9.97994781e-01, -6.41309656e-03, 6.31526187e-02,
       2.42841011e-03, 9.98000920e-01 ]
