%YAML:1.0
---
Q: !!opencv-matrix
   rows: 4
   cols: 4
   dt: f
   data: [ 1., 0., 0., -3.82537659e+02, 0., 1., 0., -2.31851196e+02, 0.,
       0., 0., 3.58740784e+02, 0., 0., 5.55382995e-03, 0. ]
R: !!opencv-matrix
   rows: 3
   cols: 3
   dt: d
   data: [ 9.9991094431687333e-01, 9.7374090639984270e-03,
       -3.1530499148808037e-03, -9.6826469631767220e-03,
       9.9991382901689019e-01, 9.2347410591025140e-03,
       3.2433599183424745e-03, -9.2037988946173949e-03,
       9.9995602413552842e-01 ]
T: !!opencv-matrix
   rows: 3
   cols: 1
   dt: d
   data: [ -1.8004975175015750e+02, 8.4090569634836021e-01,
       7.7205327640660926e-01 ]
E: !!opencv-matrix
   rows: 0
   cols: 0
   dt: u
   data: []
F: !!opencv-matrix
   rows: 0
   cols: 0
   dt: u
   data: []
K1: !!opencv-matrix
   rows: 3
   cols: 3
   dt: d
   data: [ 3.6627756984521932e+02, 0., 3.8060969928433269e+02, 0.,
       3.6653175179255015e+02, 2.3878059668569790e+02, 0., 0., 1. ]
D1: !!opencv-matrix
   rows: 5
   cols: 1
   dt: d
   data: [ -2.1859934914563901e-02, -9.9468572971318997e-04,
       1.6448003429794193e-03, -3.1164985765511365e-04,
       3.5195408316194161e-04 ]
P1: !!opencv-matrix
   rows: 3
   cols: 4
   dt: f
   data: [ 3.58740784e+02, 0., 3.82537659e+02, 0., 0., 3.58740784e+02,
       2.31851196e+02, 0., 0., 0., 1., 0. ]
R1: !!opencv-matrix
   rows: 3
   cols: 3
   dt: f
   data: [ 9.99958992e-01, 5.09587722e-03, -7.48376967e-03,
       -5.06143086e-03, 9.99976516e-01, 4.61457437e-03, 7.50710955e-03,
       -4.57650656e-03, 9.99961376e-01 ]
K2: !!opencv-matrix
   rows: 3
   cols: 3
   dt: d
   data: [ 3.6687495098581172e+02, 0., 3.7621769200552956e+02, 0.,
       3.6726361788508825e+02, 2.2399932895774910e+02, 0., 0., 1. ]
D2: !!opencv-matrix
   rows: 5
   cols: 1
   dt: d
   data: [ -2.2201337830972428e-02, -1.1445843221826492e-03,
       2.9199201696882579e-04, -7.1705872414221615e-04,
       5.1284674356775366e-04 ]
P2: !!opencv-matrix
   rows: 3
   cols: 4
   dt: f
   data: [ 3.58740784e+02, 0., 3.82537659e+02, -6.45934063e+04, 0.,
       3.58740784e+02, 2.31851196e+02, 0., 0., 0., 1., 0. ]
R2: !!opencv-matrix
   rows: 3
   cols: 3
   dt: f
   data: [ 9.99979913e-01, -4.67031309e-03, -4.28790925e-03,
       4.65055835e-03, 9.99978602e-01, -4.60558152e-03, 4.30932688e-03,
       4.58554737e-03, 9.99980211e-01 ]
