%YAML:1.0
---
Q: !!opencv-matrix
   rows: 4
   cols: 4
   dt: f
   data: [ 1., 0., 0., -3.83187561e+02, 0., 1., 0., -2.32193024e+02, 0.,
       0., 0., 3.61816284e+02, 0., 0., 5.57305478e-03, 0. ]
R: !!opencv-matrix
   rows: 3
   cols: 3
   dt: d
   data: [ 9.9990105285078223e-01, 9.7309331953485071e-03,
       -3.1775207005369389e-03, -9.6730254945219078e-03,
       1.0000362248806791e+00, 9.2373351380159036e-03,
       3.2444919484301746e-03, -9.2049770865161879e-03,
       1.0000795211865583e+00 ]
T: !!opencv-matrix
   rows: 3
   cols: 1
   dt: d
   data: [ -1.7907450671703054e+02, 1.1371738539244165e+01,
       7.6770773348759436e-01 ]
E: !!opencv-matrix
   rows: 0
   cols: 0
   dt: u
   data: []
F: !!opencv-matrix
   rows: 0
   cols: 0
   dt: u
   data: []
K1: !!opencv-matrix
   rows: 3
   cols: 3
   dt: d
   data: [ 3.6627756984521932e+02, 0., 3.8060969928433269e+02, 0.,
       3.6653175179255015e+02, 2.3878059668569790e+02, 0., 0., 1. ]
D1: !!opencv-matrix
   rows: 5
   cols: 1
   dt: d
   data: [ -2.1859934914563901e-02, -9.9468572971318997e-04,
       1.6448003429794193e-03, -3.1164985765511365e-04,
       3.5195408316194161e-04 ]
P1: !!opencv-matrix
   rows: 3
   cols: 4
   dt: f
   data: [ 3.61816284e+02, 0., 3.83187561e+02, 0., 0., 3.61816284e+02,
       2.32193024e+02, 0., 0., 0., 1., 0. ]
R1: !!opencv-matrix
   rows: 3
   cols: 3
   dt: f
   data: [ 9.98527944e-01, -5.36428429e-02, -8.02524388e-03,
       5.36787882e-02, 9.98548865e-01, 4.33229469e-03, 7.78120104e-03,
       -4.75670258e-03, 9.99958396e-01 ]
K2: !!opencv-matrix
   rows: 3
   cols: 3
   dt: d
   data: [ 3.6687495098581172e+02, 0., 3.7621769200552956e+02, 0.,
       3.6726361788508825e+02, 2.2399932895774910e+02, 0., 0., 1. ]
D2: !!opencv-matrix
   rows: 5
   cols: 1
   dt: d
   data: [ -2.2201337830972428e-02, -1.1445843221826492e-03,
       2.9199201696882579e-04, -7.1705872414221615e-04,
       5.1284674356775366e-04 ]
P2: !!opencv-matrix
   rows: 3
   cols: 4
   dt: f
   data: [ 3.61816284e+02, 0., 3.83187561e+02, -6.49224375e+04, 0.,
       3.61816284e+02, 2.32193024e+02, 0., 0., 0., 1., 0. ]
R2: !!opencv-matrix
   rows: 3
   cols: 3
   dt: f
   data: [ 9.97980654e-01, -6.33745939e-02, -4.27840743e-03,
       6.33544773e-02, 9.97980118e-01, -4.68413392e-03, 4.56662057e-03,
       4.40361863e-03, 9.99979854e-01 ]
