%YAML:1.0
---
Q: !!opencv-matrix
   rows: 4
   cols: 4
   dt: f
   data: [ 1., 0., 0., -4.28214844e+02, 0., 1., 0., -2.33877502e+02, 0.,
       0., 0., 3.72767456e+02, 0., 0., 6.22711983e-03, 0. ]
R: !!opencv-matrix
   rows: 3
   cols: 3
   dt: d
   data: [ 1.0074464010934550e+00, 1.4042636713640907e-02,
       -3.3832548950545804e-03, -9.7668062784377289e-03,
       1.0060208222918166e+00, -4.3442487307101096e-02,
       3.2534391903241994e-03, 4.3176546094521304e-02,
       1.0063241086244625e+00 ]
T: !!opencv-matrix
   rows: 3
   cols: 1
   dt: d
   data: [ -1.6107138056002987e+02, 1.0228483646977937e+01,
       1.0167823169793865e+01 ]
E: !!opencv-matrix
   rows: 0
   cols: 0
   dt: u
   data: []
F: !!opencv-matrix
   rows: 0
   cols: 0
   dt: u
   data: []
K1: !!opencv-matrix
   rows: 3
   cols: 3
   dt: d
   data: [ 3.6627756984521932e+02, 0., 3.8060969928433269e+02, 0.,
       3.6653175179255015e+02, 2.3878059668569790e+02, 0., 0., 1. ]
D1: !!opencv-matrix
   rows: 5
   cols: 1
   dt: d
   data: [ -2.1859934914563901e-02, -9.9468572971318997e-04,
       1.6448003429794193e-03, -3.1164985765511365e-04,
       3.5195408316194161e-04 ]
P1: !!opencv-matrix
   rows: 3
   cols: 4
   dt: f
   data: [ 3.72767456e+02, 0., 4.28214844e+02, 0., 0., 3.72767456e+02,
       2.33877502e+02, 0., 0., 0., 1., 0. ]
R1: !!opencv-matrix
   rows: 3
   cols: 3
   dt: f
   data: [ 9.96535301e-01, -5.34741767e-02, -6.37018532e-02,
       5.20776585e-02, 9.98369157e-01, -2.33861785e-02, 6.48485199e-02,
       1.99877098e-02, 9.97694910e-01 ]
K2: !!opencv-matrix
   rows: 3
   cols: 3
   dt: d
   data: [ 3.6687495098581172e+02, 0., 3.7621769200552956e+02, 0.,
       3.6726361788508825e+02, 2.2399932895774910e+02, 0., 0., 1. ]
D2: !!opencv-matrix
   rows: 5
   cols: 1
   dt: d
   data: [ -2.2201337830972428e-02, -1.1445843221826492e-03,
       2.9199201696882579e-04, -7.1705872414221615e-04,
       5.1284674356775366e-04 ]
P2: !!opencv-matrix
   rows: 3
   cols: 4
   dt: f
   data: [ 3.72767456e+02, 0., 4.28214844e+02, -5.98619336e+04, 0.,
       3.72767456e+02, 2.33877502e+02, 0., 0., 0., 1., 0. ]
R2: !!opencv-matrix
   rows: 3
   cols: 3
   dt: f
   data: [ 9.96015191e-01, -6.32497519e-02, -6.28746450e-02,
       6.46009222e-02, 9.97716844e-01, 1.96924731e-02, 6.14855513e-02,
       -2.36757640e-02, 9.97827113e-01 ]
