%YAML:1.0
---
Q: !!opencv-matrix
   rows: 4
   cols: 4
   dt: f
   data: [ 1., 0., 0., -4.28107758e+02, 0., 1., 0., -2.33935562e+02, 0.,
       0., 0., 3.72285034e+02, 0., 0., 5.54250926e-03, 0. ]
R: !!opencv-matrix
   rows: 3
   cols: 3
   dt: d
   data: [ 1.0011552634448311e+00, 9.1455396766276231e-03,
       -3.1820668763194514e-03, -9.6789737190165533e-03,
       1.0005429772887509e+00, -4.3204251040193195e-02,
       3.2662717096392860e-03, 4.3232320178666940e-02,
       1.0005272211439384e+00 ]
T: !!opencv-matrix
   rows: 3
   cols: 1
   dt: d
   data: [ -1.7971612465217959e+02, 1.1412420082452734e+01,
       1.1344715443393854e+01 ]
E: !!opencv-matrix
   rows: 0
   cols: 0
   dt: u
   data: []
F: !!opencv-matrix
   rows: 0
   cols: 0
   dt: u
   data: []
K1: !!opencv-matrix
   rows: 3
   cols: 3
   dt: d
   data: [ 3.6627756984521932e+02, 0., 3.8060969928433269e+02, 0.,
       3.6653175179255015e+02, 2.3878059668569790e+02, 0., 0., 1. ]
D1: !!opencv-matrix
   rows: 5
   cols: 1
   dt: d
   data: [ -2.1859934914563901e-02, -9.9468572971318997e-04,
       1.6448003429794193e-03, -3.1164985765511365e-04,
       3.5195408316194161e-04 ]
P1: !!opencv-matrix
   rows: 3
   cols: 4
   dt: f
   data: [ 3.72285034e+02, 0., 4.28107758e+02, 0., 0., 3.72285034e+02,
       2.33935562e+02, 0., 0., 0., 1., 0. ]
R1: !!opencv-matrix
   rows: 3
   cols: 3
   dt: f
   data: [ 9.96375620e-01, -5.66874035e-02, -6.34203926e-02,
       5.52926473e-02, 9.98192728e-01, -2.35367678e-02, 6.46400079e-02,
       1.99447814e-02, 9.97709334e-01 ]
K2: !!opencv-matrix
   rows: 3
   cols: 3
   dt: d
   data: [ 3.6687495098581172e+02, 0., 3.7621769200552956e+02, 0.,
       3.6726361788508825e+02, 2.2399932895774910e+02, 0., 0., 1. ]
D2: !!opencv-matrix
   rows: 5
   cols: 1
   dt: d
   data: [ -2.2201337830972428e-02, -1.1445843221826492e-03,
       2.9199201696882579e-04, -7.1705872414221615e-04,
       5.1284674356775366e-04 ]
P2: !!opencv-matrix
   rows: 3
   cols: 4
   dt: f
   data: [ 3.72285034e+02, 0., 4.28107758e+02, -6.71690391e+04, 0.,
       3.72285034e+02, 2.33935562e+02, 0., 0., 0., 1., 0. ]
R2: !!opencv-matrix
   rows: 3
   cols: 3
   dt: f
   data: [ 9.96015251e-01, -6.32494390e-02, -6.28742129e-02,
       6.46039695e-02, 9.97715592e-01, 1.97471939e-02, 6.14815801e-02,
       -2.37304289e-02, 9.97826099e-01 ]
