%YAML:1.0
---
Q: !!opencv-matrix
   rows: 4
   cols: 4
   dt: f
   data: [ 1., 0., 0., -3.83184814e+02, 0., 1., 0., -2.32192825e+02, 0.,
       0., 0., 3.61822418e+02, 0., 0., 5.57197910e-03, 0. ]
R: !!opencv-matrix
   rows: 3
   cols: 3
   dt: d
   data: [ 1.0000228572845669e+00, 9.7780105094024058e-03,
       -3.1543291955322393e-03, -9.6839103042256434e-03,
       9.9997467551332331e-01, 9.2353334631960562e-03,
       3.2435282365576600e-03, -9.2046409131483417e-03,
       1.0000208947342952e+00 ]
T: !!opencv-matrix
   rows: 3
   cols: 1
   dt: d
   data: [ -1.7916164277818828e+02, 1.1377272787621163e+01,
       7.6808700185558676e-01 ]
E: !!opencv-matrix
   rows: 0
   cols: 0
   dt: u
   data: []
F: !!opencv-matrix
   rows: 0
   cols: 0
   dt: u
   data: []
K1: !!opencv-matrix
   rows: 3
   cols: 3
   dt: d
   data: [ 3.6627756984521932e+02, 0., 3.8060969928433269e+02, 0.,
       3.6653175179255015e+02, 2.3878059668569790e+02, 0., 0., 1. ]
D1: !!opencv-matrix
   rows: 5
   cols: 1
   dt: d
   data: [ -2.1859934914563901e-02, -9.9468572971318997e-04,
       1.6448003429794193e-03, -3.1164985765511365e-04,
       3.5195408316194161e-04 ]
P1: !!opencv-matrix
   rows: 3
   cols: 4
   dt: f
   data: [ 3.61822418e+02, 0., 3.83184814e+02, 0., 0., 3.61822418e+02,
       2.32192825e+02, 0., 0., 0., 1., 0. ]
R1: !!opencv-matrix
   rows: 3
   cols: 3
   dt: f
   data: [ 9.98529255e-01, -5.36197387e-02, -8.01808387e-03,
       5.36556505e-02, 9.98550117e-01, 4.33252845e-03, 7.77414953e-03,
       -4.75637149e-03, 9.99958456e-01 ]
K2: !!opencv-matrix
   rows: 3
   cols: 3
   dt: d
   data: [ 3.6687495098581172e+02, 0., 3.7621769200552956e+02, 0.,
       3.6726361788508825e+02, 2.2399932895774910e+02, 0., 0., 1. ]
D2: !!opencv-matrix
   rows: 5
   cols: 1
   dt: d
   data: [ -2.2201337830972428e-02, -1.1445843221826492e-03,
       2.9199201696882579e-04, -7.1705872414221615e-04,
       5.1284674356775366e-04 ]
P2: !!opencv-matrix
   rows: 3
   cols: 4
   dt: f
   data: [ 3.61822418e+02, 0., 3.83184814e+02, -6.49360703e+04, 0.,
       3.61822418e+02, 2.32192825e+02, 0., 0., 0., 1., 0. ]
R2: !!opencv-matrix
   rows: 3
   cols: 3
   dt: f
   data: [ 9.97980654e-01, -6.33746013e-02, -4.27844515e-03,
       6.33544847e-02, 9.97980118e-01, -4.68408503e-03, 4.56665549e-03,
       4.40356741e-03, 9.99979854e-01 ]
