%YAML:1.0
---
Q: !!opencv-matrix
   rows: 4
   cols: 4
   dt: f
   data: [ 1., 0., 0., -4.09685974e+02, 0., 1., 0., -2.33213287e+02, 0.,
       0., 0., 3.78594147e+02, 0., 0., 8.27257335e-03, 0. ]
R: !!opencv-matrix
   rows: 3
   cols: 3
   dt: d
   data: [ 1.0134795562757348e+00, 4.5313882247995669e-03,
       3.5795971873132687e-02, -7.4468628433804395e-03,
       1.0154151894222530e+00, -4.3389403490142343e-02,
       -4.9751856906901371e-02, 4.4161836049069939e-02,
       1.0147726521494973e+00 ]
T: !!opencv-matrix
   rows: 3
   cols: 1
   dt: d
   data: [ -1.0220930685296213e+02, 6.4905754459382399e+00,
       6.4517355824004614e+00 ]
E: !!opencv-matrix
   rows: 0
   cols: 0
   dt: u
   data: []
F: !!opencv-matrix
   rows: 0
   cols: 0
   dt: u
   data: []
K1: !!opencv-matrix
   rows: 3
   cols: 3
   dt: d
   data: [ 3.6627756984521932e+02, 0., 3.8060969928433269e+02, 0.,
       3.6653175179255015e+02, 2.3878059668569790e+02, 0., 0., 1. ]
D1: !!opencv-matrix
   rows: 5
   cols: 1
   dt: d
   data: [ -2.1859934914563901e-02, -9.9468572971318997e-04,
       1.6448003429794193e-03, -3.1164985765511365e-04,
       3.5195408316194161e-04 ]
P1: !!opencv-matrix
   rows: 3
   cols: 4
   dt: f
   data: [ 3.78594147e+02, 0., 4.09685974e+02, 0., 0., 3.78594147e+02,
       2.33213287e+02, 0., 0., 0., 1., 0. ]
R1: !!opencv-matrix
   rows: 3
   cols: 3
   dt: f
   data: [ 9.98191535e-01, -5.77050671e-02, -1.68455765e-02,
       5.73393814e-02, 9.98124540e-01, -2.14392450e-02, 1.80511363e-02,
       2.04345584e-02, 9.99628246e-01 ]
K2: !!opencv-matrix
   rows: 3
   cols: 3
   dt: d
   data: [ 3.6687495098581172e+02, 0., 3.7621769200552956e+02, 0.,
       3.6726361788508825e+02, 2.2399932895774910e+02, 0., 0., 1. ]
D2: !!opencv-matrix
   rows: 5
   cols: 1
   dt: d
   data: [ -2.2201337830972428e-02, -1.1445843221826492e-03,
       2.9199201696882579e-04, -7.1705872414221615e-04,
       5.1284674356775366e-04 ]
P2: !!opencv-matrix
   rows: 3
   cols: 4
   dt: f
   data: [ 3.78594147e+02, 0., 4.09685974e+02, -4.57649805e+04, 0.,
       3.78594147e+02, 2.33213287e+02, 0., 0., 0., 1., 0. ]
R2: !!opencv-matrix
   rows: 3
   cols: 3
   dt: f
   data: [ 9.96015370e-01, -6.32497519e-02, -6.28713146e-02,
       6.45540878e-02, 9.97734547e-01, 1.89339183e-02, 6.15313165e-02,
       -2.29170751e-02, 9.97842014e-01 ]
