%YAML:1.0
---
Q: !!opencv-matrix
   rows: 4
   cols: 4
   dt: f
   data: [ 1., 0., 0., -4.13132568e+02, 0., 1., 0., -2.33384933e+02, 0.,
       0., 0., 3.76608459e+02, 0., 0., 2.92354040e-02, 0. ]
R: !!opencv-matrix
   rows: 3
   cols: 3
   dt: d
   data: [ 1.0227513682484644e+00, -3.3499168501710644e-04,
       2.1294193488952267e-02, -7.2627108028063330e-03,
       1.0295187878484056e+00, -4.3026912595209355e-02,
       -5.0143969020644545e-02, 4.5072675486965315e-02,
       1.0295006673970499e+00 ]
T: !!opencv-matrix
   rows: 3
   cols: 1
   dt: d
   data: [ -3.4068809802430216e+01, 2.1634642402526691e+00,
       2.1505179819930933e+00 ]
E: !!opencv-matrix
   rows: 0
   cols: 0
   dt: u
   data: []
F: !!opencv-matrix
   rows: 0
   cols: 0
   dt: u
   data: []
K1: !!opencv-matrix
   rows: 3
   cols: 3
   dt: d
   data: [ 3.6627756984521932e+02, 0., 3.8060969928433269e+02, 0.,
       3.6653175179255015e+02, 2.3878059668569790e+02, 0., 0., 1. ]
D1: !!opencv-matrix
   rows: 5
   cols: 1
   dt: d
   data: [ -2.1859934914563901e-02, -9.9468572971318997e-04,
       1.6448003429794193e-03, -3.1164985765511365e-04,
       3.5195408316194161e-04 ]
P1: !!opencv-matrix
   rows: 3
   cols: 4
   dt: f
   data: [ 3.76608459e+02, 0., 4.13132568e+02, 0., 0., 3.76608459e+02,
       2.33384933e+02, 0., 0., 0., 1., 0. ]
R1: !!opencv-matrix
   rows: 3
   cols: 3
   dt: f
   data: [ 9.97778714e-01, -6.14951476e-02, -2.56123673e-02,
       6.09479174e-02, 9.97906625e-01, -2.16255095e-02, 2.68886164e-02,
       2.00164523e-02, 9.99437988e-01 ]
K2: !!opencv-matrix
   rows: 3
   cols: 3
   dt: d
   data: [ 3.6687495098581172e+02, 0., 3.7621769200552956e+02, 0.,
       3.6726361788508825e+02, 2.2399932895774910e+02, 0., 0., 1. ]
D2: !!opencv-matrix
   rows: 5
   cols: 1
   dt: d
   data: [ -2.2201337830972428e-02, -1.1445843221826492e-03,
       2.9199201696882579e-04, -7.1705872414221615e-04,
       5.1284674356775366e-04 ]
P2: !!opencv-matrix
   rows: 3
   cols: 4
   dt: f
   data: [ 3.76608459e+02, 0., 4.13132568e+02, -1.28819316e+04, 0.,
       3.76608459e+02, 2.33384933e+02, 0., 0., 0., 1., 0. ]
R2: !!opencv-matrix
   rows: 3
   cols: 3
   dt: f
   data: [ 9.96015370e-01, -6.32497519e-02, -6.28712624e-02,
       6.45470694e-02, 9.97737169e-01, 1.88202076e-02, 6.15386218e-02,
       -2.28033718e-02, 9.97844160e-01 ]
