%YAML:1.0
---
Q: !!opencv-matrix
   rows: 4
   cols: 4
   dt: f
   data: [ 1., 0., 0., -4.29374420e+02, 0., 1., 0., -2.33904999e+02, 0.,
       0., 0., 3.65807281e+02, 0., 0., 5.48849534e-03, 0. ]
R: !!opencv-matrix
   rows: 3
   cols: 3
   dt: d
   data: [ 1.0010257826669875e+00, 8.8821235090040876e-03,
       -2.9054941943879673e-03, -9.6682724610953254e-03,
       1.0006057506308896e+00, -4.3223810508940669e-02,
       3.2775022155499679e-03, 4.3250963500320705e-02,
       1.0005557714157911e+00 ]
T: !!opencv-matrix
   rows: 3
   cols: 1
   dt: d
   data: [ -1.7958052916019886e+02, 1.1403809396860421e+01,
       1.1336155800813831e+01 ]
E: !!opencv-matrix
   rows: 0
   cols: 0
   dt: u
   data: []
F: !!opencv-matrix
   rows: 0
   cols: 0
   dt: u
   data: []
K1: !!opencv-matrix
   rows: 3
   cols: 3
   dt: d
   data: [ 3.6627756984521932e+02, 0., 3.8060969928433269e+02, 0.,
       3.6653175179255015e+02, 2.3878059668569790e+02, 0., 0., 1. ]
D1: !!opencv-matrix
   rows: 5
   cols: 1
   dt: d
   data: [ -2.1859934914563901e-02, -9.9468572971318997e-04,
       1.6448003429794193e-03, -3.1164985765511365e-04,
       3.5195408316194161e-04 ]
P1: !!opencv-matrix
   rows: 3
   cols: 4
   dt: f
   data: [ 3.65807281e+02, 0., 4.29374420e+02, 0., 0., 3.65807281e+02,
       2.33904999e+02, 0., 0., 0., 1., 0. ]
R1: !!opencv-matrix
   rows: 3
   cols: 3
   dt: f
   data: [ 9.96376812e-01, -5.27291670e-02, -6.67302683e-02,
       5.30230589e-02, 9.98589814e-01, 2.63955561e-03, 6.64969832e-02,
       -6.16823463e-03, 9.97767568e-01 ]
K2: !!opencv-matrix
   rows: 3
   cols: 3
   dt: d
   data: [ 3.6687495098581172e+02, 0., 3.7621769200552956e+02, 0.,
       3.6726361788508825e+02, 2.2399932895774910e+02, 0., 0., 1. ]
D2: !!opencv-matrix
   rows: 5
   cols: 1
   dt: d
   data: [ -2.2201337830972428e-02, -1.1445843221826492e-03,
       2.9199201696882579e-04, -7.1705872414221615e-04,
       5.1284674356775366e-04 ]
P2: !!opencv-matrix
   rows: 3
   cols: 4
   dt: f
   data: [ 3.65807281e+02, 0., 4.29374420e+02, -6.66498281e+04, 0.,
       3.65807281e+02, 2.33904999e+02, 0., 0., 0., 1., 0. ]
R2: !!opencv-matrix
   rows: 3
   cols: 3
   dt: f
   data: [ 9.96015310e-01, -6.32493645e-02, -6.28730729e-02,
       6.29713386e-02, 9.97994840e-01, -6.39583962e-03, 6.31515309e-02,
       2.41115317e-03, 9.98001039e-01 ]
