%YAML:1.0
---
Q: !!opencv-matrix
   rows: 4
   cols: 4
   dt: f
   data: [ 1., 0., 0., -3.82351349e+02, 0., 1., 0., -2.31849915e+02, 0.,
       0., 0., 3.58598267e+02, 0., 0., 5.55343879e-03, 0. ]
R: !!opencv-matrix
   rows: 3
   cols: 3
   dt: d
   data: [ 9.9996562496612262e-01, 9.7287624947432118e-03,
       -3.1467080399249555e-03, -9.6827614154976985e-03,
       9.9989018761597026e-01, 9.2344712964224605e-03,
       3.2430897051223305e-03, -9.2035788132888933e-03,
       9.9993207154649189e-01 ]
T: !!opencv-matrix
   rows: 3
   cols: 1
   dt: d
   data: [ -1.8006537676363266e+02, 7.9433923098012260e-01,
       7.3010327124937258e-01 ]
E: !!opencv-matrix
   rows: 0
   cols: 0
   dt: u
   data: []
F: !!opencv-matrix
   rows: 0
   cols: 0
   dt: u
   data: []
K1: !!opencv-matrix
   rows: 3
   cols: 3
   dt: d
   data: [ 3.6627756984521932e+02, 0., 3.8060969928433269e+02, 0.,
       3.6653175179255015e+02, 2.3878059668569790e+02, 0., 0., 1. ]
D1: !!opencv-matrix
   rows: 5
   cols: 1
   dt: d
   data: [ -2.1859934914563901e-02, -9.9468572971318997e-04,
       1.6448003429794193e-03, -3.1164985765511365e-04,
       3.5195408316194161e-04 ]
P1: !!opencv-matrix
   rows: 3
   cols: 4
   dt: f
   data: [ 3.58598267e+02, 0., 3.82351349e+02, 0., 0., 3.58598267e+02,
       2.31849915e+02, 0., 0., 0., 1., 0. ]
R1: !!opencv-matrix
   rows: 3
   cols: 3
   dt: f
   data: [ 9.99959469e-01, 5.34674106e-03, -7.24527007e-03,
       -5.31338248e-03, 9.99975204e-01, 4.61565563e-03, 7.26976944e-03,
       -4.57697175e-03, 9.99963105e-01 ]
K2: !!opencv-matrix
   rows: 3
   cols: 3
   dt: d
   data: [ 3.6687495098581172e+02, 0., 3.7621769200552956e+02, 0.,
       3.6726361788508825e+02, 2.2399932895774910e+02, 0., 0., 1. ]
D2: !!opencv-matrix
   rows: 5
   cols: 1
   dt: d
   data: [ -2.2201337830972428e-02, -1.1445843221826492e-03,
       2.9199201696882579e-04, -7.1705872414221615e-04,
       5.1284674356775366e-04 ]
P2: !!opencv-matrix
   rows: 3
   cols: 4
   dt: f
   data: [ 3.58598267e+02, 0., 3.82351349e+02, -6.45722930e+04, 0.,
       3.58598267e+02, 2.31849915e+02, 0., 0., 0., 1., 0. ]
R2: !!opencv-matrix
   rows: 3
   cols: 3
   dt: f
   data: [ 9.99982059e-01, -4.41131415e-03, -4.05458361e-03,
       4.39263135e-03, 9.99979734e-01, -4.60528629e-03, 4.07481706e-03,
       4.58739325e-03, 9.99981165e-01 ]
