%YAML:1.0
---
Q: !!opencv-matrix
   rows: 4
   cols: 4
   dt: f
   data: [ 1., 0., 0., -4.11989319e+02, 0., 1., 0., -2.33792267e+02, 0.,
       0., 0., 3.68115814e+02, 0., 0., 7.77950585e-02, 0. ]
R: !!opencv-matrix
   rows: 3
   cols: 3
   dt: d
   data: [ 1.0397534317120429e+00, -5.5082896165472968e-02,
       2.2015544445487912e-02, 4.7424820620029451e-02,
       1.0466471173601024e+00, -4.3807842924756375e-02,
       -4.8583487081639537e-02, 4.8492557288700125e-02,
       1.0476386717370956e+00 ]
T: !!opencv-matrix
   rows: 3
   cols: 1
   dt: d
   data: [ -6.8720977920413553e+00, 4.3639773520837882e-01,
       4.3376311630853370e-01 ]
E: !!opencv-matrix
   rows: 0
   cols: 0
   dt: u
   data: []
F: !!opencv-matrix
   rows: 0
   cols: 0
   dt: u
   data: []
K1: !!opencv-matrix
   rows: 3
   cols: 3
   dt: d
   data: [ 3.6627756984521932e+02, 0., 3.8060969928433269e+02, 0.,
       3.6653175179255015e+02, 2.3878059668569790e+02, 0., 0., 1. ]
D1: !!opencv-matrix
   rows: 5
   cols: 1
   dt: d
   data: [ -2.1859934914563901e-02, -9.9468572971318997e-04,
       1.6448003429794193e-03, -3.1164985765511365e-04,
       3.5195408316194161e-04 ]
P1: !!opencv-matrix
   rows: 3
   cols: 4
   dt: f
   data: [ 3.68115814e+02, 0., 4.11989319e+02, 0., 0., 3.68115814e+02,
       2.33792267e+02, 0., 0., 0., 1., 0. ]
R1: !!opencv-matrix
   rows: 3
   cols: 3
   dt: f
   data: [ 9.93351638e-01, -1.12900674e-01, -2.24940013e-02,
       1.12413280e-01, 9.93420839e-01, -2.18709726e-02, 2.48152558e-02,
       1.91969424e-02, 9.99507725e-01 ]
K2: !!opencv-matrix
   rows: 3
   cols: 3
   dt: d
   data: [ 3.6687495098581172e+02, 0., 3.7621769200552956e+02, 0.,
       3.6726361788508825e+02, 2.2399932895774910e+02, 0., 0., 1. ]
D2: !!opencv-matrix
   rows: 5
   cols: 1
   dt: d
   data: [ -2.2201337830972428e-02, -1.1445843221826492e-03,
       2.9199201696882579e-04, -7.1705872414221615e-04,
       5.1284674356775366e-04 ]
P2: !!opencv-matrix
   rows: 3
   cols: 4
   dt: f
   data: [ 3.68115814e+02, 0., 4.11989319e+02, -4.73186621e+03, 0.,
       3.68115814e+02, 2.33792267e+02, 0., 0., 0., 1., 0. ]
R2: !!opencv-matrix
   rows: 3
   cols: 3
   dt: f
   data: [ 9.96015608e-01, -6.32498190e-02, -6.28679693e-02,
       6.45307824e-02, 9.97743189e-01, 1.85561832e-02, 6.15524128e-02,
       -2.25391667e-02, 9.97849345e-01 ]
