%YAML:1.0
---
Q: !!opencv-matrix
   rows: 4
   cols: 4
   dt: f
   data: [ 1., 0., 0., -4.13187134e+02, 0., 1., 0., -2.33890991e+02, 0.,
       0., 0., 3.67631989e+02, 0., 0., 1.87837410e+00, 0. ]
R: !!opencv-matrix
   rows: 3
   cols: 3
   dt: d
   data: [ 1.0689188174026361e+00, -5.6183438312931974e-02,
       2.0731502527982774e-02, 4.8854685911503742e-02,
       1.0768932918856648e+00, -4.4953135839334107e-02,
       -4.9931306180333583e-02, 4.9864241555334400e-02,
       1.0780660772674031e+00 ]
T: !!opencv-matrix
   rows: 3
   cols: 1
   dt: d
   data: [ -2.2911016588857683e-01, 1.4549146495422589e-02,
       1.4461310437491236e-02 ]
E: !!opencv-matrix
   rows: 0
   cols: 0
   dt: u
   data: []
F: !!opencv-matrix
   rows: 0
   cols: 0
   dt: u
   data: []
K1: !!opencv-matrix
   rows: 3
   cols: 3
   dt: d
   data: [ 3.6627756984521932e+02, 0., 3.8060969928433269e+02, 0.,
       3.6653175179255015e+02, 2.3878059668569790e+02, 0., 0., 1. ]
D1: !!opencv-matrix
   rows: 5
   cols: 1
   dt: d
   data: [ -2.1859934914563901e-02, -9.9468572971318997e-04,
       1.6448003429794193e-03, -3.1164985765511365e-04,
       3.5195408316194161e-04 ]
P1: !!opencv-matrix
   rows: 3
   cols: 4
   dt: f
   data: [ 3.67631989e+02, 0., 4.13187134e+02, 0., 0., 3.67631989e+02,
       2.33890991e+02, 0., 0., 0., 1., 0. ]
R1: !!opencv-matrix
   rows: 3
   cols: 3
   dt: f
   data: [ 9.93189573e-01, -1.13674238e-01, -2.55476143e-02,
       1.13126010e-01, 9.93337691e-01, -2.19718982e-02, 2.78750453e-02,
       1.89321600e-02, 9.99432087e-01 ]
K2: !!opencv-matrix
   rows: 3
   cols: 3
   dt: d
   data: [ 3.6687495098581172e+02, 0., 3.7621769200552956e+02, 0.,
       3.6726361788508825e+02, 2.2399932895774910e+02, 0., 0., 1. ]
D2: !!opencv-matrix
   rows: 5
   cols: 1
   dt: d
   data: [ -2.2201337830972428e-02, -1.1445843221826492e-03,
       2.9199201696882579e-04, -7.1705872414221615e-04,
       5.1284674356775366e-04 ]
P2: !!opencv-matrix
   rows: 3
   cols: 4
   dt: f
   data: [ 3.67631989e+02, 0., 4.13187134e+02, -1.95718185e+02, 0.,
       3.67631989e+02, 2.33890991e+02, 0., 0., 0., 1., 0. ]
R2: !!opencv-matrix
   rows: 3
   cols: 3
   dt: f
   data: [ 9.96015608e-01, -6.32498190e-02, -6.28679693e-02,
       6.45257756e-02, 9.97744977e-01, 1.84750278e-02, 6.15576617e-02,
       -2.24580206e-02, 9.97850835e-01 ]
