%YAML:1.0
---
Q: !!opencv-matrix
   rows: 4
   cols: 4
   dt: f
   data: [ 1., 0., 0., -3.82541016e+02, 0., 1., 0., -2.31851273e+02, 0.,
       0., 0., 3.58741486e+02, 0., 0., 5.55651728e-03, 0. ]
R: !!opencv-matrix
   rows: 3
   cols: 3
   dt: d
   data: [ 9.9994191228853013e-01, 9.7128819259667317e-03,
       -3.1515497913661931e-03, -9.6827233649770302e-03,
       9.9991219253339247e-01, 9.2347217220133410e-03,
       3.2434219595055408e-03, -9.2037649998246950e-03,
       9.9995411851399507e-01 ]
T: !!opencv-matrix
   rows: 3
   cols: 1
   dt: d
   data: [ -1.7996633219981203e+02, 8.4056093151933808e-01,
       7.7246626777718319e-01 ]
E: !!opencv-matrix
   rows: 0
   cols: 0
   dt: u
   data: []
F: !!opencv-matrix
   rows: 0
   cols: 0
   dt: u
   data: []
K1: !!opencv-matrix
   rows: 3
   cols: 3
   dt: d
   data: [ 3.6627756984521932e+02, 0., 3.8060969928433269e+02, 0.,
       3.6653175179255015e+02, 2.3878059668569790e+02, 0., 0., 1. ]
D1: !!opencv-matrix
   rows: 5
   cols: 1
   dt: d
   data: [ -2.1859934914563901e-02, -9.9468572971318997e-04,
       1.6448003429794193e-03, -3.1164985765511365e-04,
       3.5195408316194161e-04 ]
P1: !!opencv-matrix
   rows: 3
   cols: 4
   dt: f
   data: [ 3.58741486e+02, 0., 3.82541016e+02, 0., 0., 3.58741486e+02,
       2.31851273e+02, 0., 0., 0., 1., 0. ]
R1: !!opencv-matrix
   rows: 3
   cols: 3
   dt: f
   data: [ 9.99959052e-01, 5.08244289e-03, -7.48805515e-03,
       -5.04797697e-03, 9.99976635e-01, 4.61452315e-03, 7.51133310e-03,
       -4.57653450e-03, 9.99961317e-01 ]
K2: !!opencv-matrix
   rows: 3
   cols: 3
   dt: d
   data: [ 3.6687495098581172e+02, 0., 3.7621769200552956e+02, 0.,
       3.6726361788508825e+02, 2.2399932895774910e+02, 0., 0., 1. ]
D2: !!opencv-matrix
   rows: 5
   cols: 1
   dt: d
   data: [ -2.2201337830972428e-02, -1.1445843221826492e-03,
       2.9199201696882579e-04, -7.1705872414221615e-04,
       5.1284674356775366e-04 ]
P2: !!opencv-matrix
   rows: 3
   cols: 4
   dt: f
   data: [ 3.58741486e+02, 0., 3.82541016e+02, -6.45622930e+04, 0.,
       3.58741486e+02, 2.31851273e+02, 0., 0., 0., 1., 0. ]
R2: !!opencv-matrix
   rows: 3
   cols: 3
   dt: f
   data: [ 9.99979854e-01, -4.67056269e-03, -4.29219613e-03,
       4.65078792e-03, 9.99978602e-01, -4.60558012e-03, 4.31361469e-03,
       4.58552502e-03, 9.99980211e-01 ]
