%YAML:1.0
---
Q: !!opencv-matrix
   rows: 4
   cols: 4
   dt: f
   data: [ 1., 0., 0., -2.87299835e+02, 0., 1., 0., -2.34480942e+02, 0.,
       0., 0., 3.61421631e+02, 0., 0., 5.48026944e-03, 0. ]
R: !!opencv-matrix
   rows: 3
   cols: 3
   dt: d
   data: [ 1.0001176487395682e+00, 8.9769308425952290e-03,
       -2.6202238609327995e-03, -9.6207214371003165e-03,
       9.9883444601217652e-01, 1.0922089117758223e-02,
       1.5276616772474064e-03, -6.5089195049890507e-03,
       1.0011205895066400e+00 ]
T: !!opencv-matrix
   rows: 3
   cols: 1
   dt: d
   data: [ -1.8223970244666248e+02, -7.7867414865350604e+00,
       -1.9749474760460025e+01 ]
E: !!opencv-matrix
   rows: 0
   cols: 0
   dt: u
   data: []
F: !!opencv-matrix
   rows: 0
   cols: 0
   dt: u
   data: []
K1: !!opencv-matrix
   rows: 3
   cols: 3
   dt: d
   data: [ 3.6627756984521932e+02, 0., 3.8060969928433269e+02, 0.,
       3.6653175179255015e+02, 2.3878059668569790e+02, 0., 0., 1. ]
D1: !!opencv-matrix
   rows: 5
   cols: 1
   dt: d
   data: [ -2.1859934914563901e-02, -9.9468572971318997e-04,
       1.6448003429794193e-03, -3.1164985765511365e-04,
       3.5195408316194161e-04 ]
P1: !!opencv-matrix
   rows: 3
   cols: 4
   dt: f
   data: [ 3.61421631e+02, 0., 2.87299835e+02, 0., 0., 3.61421631e+02,
       2.34480942e+02, 0., 0., 0., 1., 0. ]
R1: !!opencv-matrix
   rows: 3
   cols: 3
   dt: f
   data: [ 9.92240071e-01, 5.30032478e-02, 1.12473503e-01,
       -5.35244830e-02, 9.98565257e-01, 1.61758193e-03, -1.12226389e-01,
       -7.62511557e-03, 9.93653417e-01 ]
K2: !!opencv-matrix
   rows: 3
   cols: 3
   dt: d
   data: [ 3.6687495098581172e+02, 0., 3.7621769200552956e+02, 0.,
       3.6726361788508825e+02, 2.2399932895774910e+02, 0., 0., 1. ]
D2: !!opencv-matrix
   rows: 5
   cols: 1
   dt: d
   data: [ -2.2201337830972428e-02, -1.1445843221826492e-03,
       2.9199201696882579e-04, -7.1705872414221615e-04,
       5.1284674356775366e-04 ]
P2: !!opencv-matrix
   rows: 3
   cols: 4
   dt: f
   data: [ 3.61421631e+02, 0., 2.87299835e+02, -6.59496094e+04, 0.,
       3.61421631e+02, 2.34480942e+02, 0., 0., 0., 1., 0. ]
R2: !!opencv-matrix
   rows: 3
   cols: 3
   dt: f
   data: [ 9.92451727e-01, 4.47645336e-02, 1.14173897e-01,
       -4.42343876e-02, 9.98995423e-01, -7.17387581e-03, -1.14380337e-01,
       2.06931285e-03, 9.93434906e-01 ]
