%YAML:1.0
---
Q: !!opencv-matrix
   rows: 4
   cols: 4
   dt: f
   data: [ 1., 0., 0., -3.06486542e+02, 0., 1., 0., -2.34081268e+02, 0.,
       0., 0., 3.61099365e+02, 0., 0., 5.09686954e-03, 0. ]
R: !!opencv-matrix
   rows: 3
   cols: 3
   dt: d
   data: [ 9.9985717292028242e-01, 1.0871774737344821e-02,
       -1.2708715286008658e-03, -9.5615902119649612e-03,
       9.9896147948833336e-01, 1.0970070724447377e-02,
       1.8052098781396969e-03, -7.3396195248705363e-03,
       1.0001780275360583e+00 ]
T: !!opencv-matrix
   rows: 3
   cols: 1
   dt: d
   data: [ -1.9713359255841593e+02, -9.0319953137881015e+00,
       -1.6337421849973175e+01 ]
E: !!opencv-matrix
   rows: 0
   cols: 0
   dt: u
   data: []
F: !!opencv-matrix
   rows: 0
   cols: 0
   dt: u
   data: []
K1: !!opencv-matrix
   rows: 3
   cols: 3
   dt: d
   data: [ 3.6627756984521932e+02, 0., 3.8060969928433269e+02, 0.,
       3.6653175179255015e+02, 2.3878059668569790e+02, 0., 0., 1. ]
D1: !!opencv-matrix
   rows: 5
   cols: 1
   dt: d
   data: [ -2.1859934914563901e-02, -9.9468572971318997e-04,
       1.6448003429794193e-03, -3.1164985765511365e-04,
       3.5195408316194161e-04 ]
P1: !!opencv-matrix
   rows: 3
   cols: 4
   dt: f
   data: [ 3.61099365e+02, 0., 3.06486542e+02, 0., 0., 3.61099365e+02,
       2.34081268e+02, 0., 0., 0., 1., 0. ]
R1: !!opencv-matrix
   rows: 3
   cols: 3
   dt: f
   data: [ 9.94364023e-01, 5.70610613e-02, 8.93543735e-02,
       -5.74922934e-02, 9.98343408e-01, 2.25772941e-03, -8.90775248e-02,
       -7.38219311e-03, 9.95997310e-01 ]
K2: !!opencv-matrix
   rows: 3
   cols: 3
   dt: d
   data: [ 3.6687495098581172e+02, 0., 3.7621769200552956e+02, 0.,
       3.6726361788508825e+02, 2.2399932895774910e+02, 0., 0., 1. ]
D2: !!opencv-matrix
   rows: 5
   cols: 1
   dt: d
   data: [ -2.2201337830972428e-02, -1.1445843221826492e-03,
       2.9199201696882579e-04, -7.1705872414221615e-04,
       5.1284674356775366e-04 ]
P2: !!opencv-matrix
   rows: 3
   cols: 4
   dt: f
   data: [ 3.61099365e+02, 0., 3.06486542e+02, -7.08472813e+04, 0.,
       3.61099365e+02, 2.34081268e+02, 0., 0., 0., 1., 0. ]
R2: !!opencv-matrix
   rows: 3
   cols: 3
   dt: f
   data: [ 9.94758606e-01, 4.77017313e-02, 9.04428363e-02,
       -4.72640544e-02, 9.98858094e-01, -6.97606755e-03, -9.06723291e-02,
       2.66480818e-03, 9.95877206e-01 ]
