%YAML:1.0
---
Q: !!opencv-matrix
   rows: 4
   cols: 4
   dt: f
   data: [ 1., 0., 0., -2.87335938e+02, 0., 1., 0., -2.34452271e+02, 0.,
       0., 0., 3.61015808e+02, 0., 0., 5.26098814e-03, 0. ]
R: !!opencv-matrix
   rows: 3
   cols: 3
   dt: d
   data: [ 9.9849630537942169e-01, 8.7757772665494407e-03,
       -4.0099962456676339e-03, -9.7320760061147173e-03,
       9.9933756859317868e-01, 1.0822240963133724e-02,
       1.9130223403988672e-03, -7.1712644685304663e-03,
       1.0012112952116936e+00 ]
T: !!opencv-matrix
   rows: 3
   cols: 1
   dt: d
   data: [ -1.7729185276285821e+02, -7.5230271168997085e+00,
       -1.7328595642068528e+01 ]
E: !!opencv-matrix
   rows: 0
   cols: 0
   dt: u
   data: []
F: !!opencv-matrix
   rows: 0
   cols: 0
   dt: u
   data: []
K1: !!opencv-matrix
   rows: 3
   cols: 3
   dt: d
   data: [ 3.6627756984521932e+02, 0., 3.8060969928433269e+02, 0.,
       3.6653175179255015e+02, 2.3878059668569790e+02, 0., 0., 1. ]
D1: !!opencv-matrix
   rows: 5
   cols: 1
   dt: d
   data: [ -2.1859934914563901e-02, -9.9468572971318997e-04,
       1.6448003429794193e-03, -3.1164985765511365e-04,
       3.5195408316194161e-04 ]
P1: !!opencv-matrix
   rows: 3
   cols: 4
   dt: f
   data: [ 3.61015808e+02, 0., 2.87335938e+02, 0., 0., 3.61015808e+02,
       2.34452271e+02, 0., 0., 0., 1., 0. ]
R1: !!opencv-matrix
   rows: 3
   cols: 3
   dt: f
   data: [ 9.92238939e-01, 5.29374555e-02, 1.12514324e-01,
       -5.34619763e-02, 9.98568535e-01, 1.64760614e-03, -1.12266041e-01,
       -7.65005732e-03, 9.93648708e-01 ]
K2: !!opencv-matrix
   rows: 3
   cols: 3
   dt: d
   data: [ 3.6687495098581172e+02, 0., 3.7621769200552956e+02, 0.,
       3.6726361788508825e+02, 2.2399932895774910e+02, 0., 0., 1. ]
D2: !!opencv-matrix
   rows: 5
   cols: 1
   dt: d
   data: [ -2.2201337830972428e-02, -1.1445843221826492e-03,
       2.9199201696882579e-04, -7.1705872414221615e-04,
       5.1284674356775366e-04 ]
P2: !!opencv-matrix
   rows: 3
   cols: 4
   dt: f
   data: [ 3.61015808e+02, 0., 2.87335938e+02, -6.86212969e+04, 0.,
       3.61015808e+02, 2.34452271e+02, 0., 0., 0., 1., 0. ]
R2: !!opencv-matrix
   rows: 3
   cols: 3
   dt: f
   data: [ 9.92503107e-01, 4.38966565e-02, 1.14064269e-01,
       -4.33638841e-02, 9.99033749e-01, -7.14907283e-03, -1.14267878e-01,
       2.14920728e-03, 9.93447661e-01 ]
