%YAML:1.0
---
Q: !!opencv-matrix
   rows: 4
   cols: 4
   dt: f
   data: [ 1., 0., 0., -2.82468506e+02, 0., 1., 0., -2.36996124e+02, 0.,
       0., 0., 3.74676666e+02, 0., 0., 4.99184383e-03, 0. ]
R: !!opencv-matrix
   rows: 3
   cols: 3
   dt: d
   data: [ 9.9877349387579706e-01, 1.0303574198013109e-02,
       -1.7075795551606966e-03, -9.5149904361732478e-03,
       9.9851694511635758e-01, 1.2384788336089162e-02,
       2.1064632048581810e-03, -5.3384914044760723e-03,
       1.0010252747491339e+00 ]
T: !!opencv-matrix
   rows: 3
   cols: 1
   dt: d
   data: [ -2.0299917734619575e+02, -1.9618223203095916e+01,
       -3.4610750731437548e+01 ]
E: !!opencv-matrix
   rows: 0
   cols: 0
   dt: u
   data: []
F: !!opencv-matrix
   rows: 0
   cols: 0
   dt: u
   data: []
K1: !!opencv-matrix
   rows: 3
   cols: 3
   dt: d
   data: [ 3.6627756984521932e+02, 0., 3.8060969928433269e+02, 0.,
       3.6653175179255015e+02, 2.3878059668569790e+02, 0., 0., 1. ]
D1: !!opencv-matrix
   rows: 5
   cols: 1
   dt: d
   data: [ -2.1859934914563901e-02, -9.9468572971318997e-04,
       1.6448003429794193e-03, -3.1164985765511365e-04,
       3.5195408316194161e-04 ]
P1: !!opencv-matrix
   rows: 3
   cols: 4
   dt: f
   data: [ 3.74676666e+02, 0., 2.82468506e+02, 0., 0., 3.74676666e+02,
       2.36996124e+02, 0., 0., 0., 1., 0. ]
R1: !!opencv-matrix
   rows: 3
   cols: 3
   dt: f
   data: [ 9.88675714e-01, 9.24839973e-02, 1.18182153e-01,
       -9.30773616e-02, 9.95658755e-01, -5.00736875e-04, -1.17715403e-01,
       -1.05050160e-02, 9.92991805e-01 ]
K2: !!opencv-matrix
   rows: 3
   cols: 3
   dt: d
   data: [ 3.6687495098581172e+02, 0., 3.7621769200552956e+02, 0.,
       3.6726361788508825e+02, 2.2399932895774910e+02, 0., 0., 1. ]
D2: !!opencv-matrix
   rows: 5
   cols: 1
   dt: d
   data: [ -2.2201337830972428e-02, -1.1445843221826492e-03,
       2.9199201696882579e-04, -7.1705872414221615e-04,
       5.1284674356775366e-04 ]
P2: !!opencv-matrix
   rows: 3
   cols: 4
   dt: f
   data: [ 3.74676666e+02, 0., 2.82468506e+02, -7.50577656e+04, 0.,
       3.74676666e+02, 2.36996124e+02, 0., 0., 0., 1., 0. ]
R2: !!opencv-matrix
   rows: 3
   cols: 3
   dt: f
   data: [ 9.89270687e-01, 8.40553790e-02, 1.19491369e-01,
       -8.34532902e-02, 9.96461093e-01, -1.00427372e-02, -1.19912647e-01,
       -3.69617483e-05, 9.92784441e-01 ]
