%YAML:1.0
---
Q: !!opencv-matrix
   rows: 4
   cols: 4
   dt: f
   data: [ 1., 0., 0., -2.41054672e+02, 0., 1., 0., -2.40153671e+02, 0.,
       0., 0., 3.83006683e+02, 0., 0., 4.83416580e-03, 0. ]
R: !!opencv-matrix
   rows: 3
   cols: 3
   dt: d
   data: [ 9.9846300196096249e-01, 8.1901101637985706e-03,
       -3.9248269269238087e-03, -9.3839495705227028e-03,
       9.9785481791397068e-01, 1.2290993673271133e-02,
       2.2392053331009910e-03, -4.4555677013576479e-03,
       1.0015686204741114e+00 ]
T: !!opencv-matrix
   rows: 3
   cols: 1
   dt: d
   data: [ -1.8950121993306220e+02, -1.9374190817337244e+01,
       -4.2623355217593669e+01 ]
E: !!opencv-matrix
   rows: 0
   cols: 0
   dt: u
   data: []
F: !!opencv-matrix
   rows: 0
   cols: 0
   dt: u
   data: []
K1: !!opencv-matrix
   rows: 3
   cols: 3
   dt: d
   data: [ 3.6627756984521932e+02, 0., 3.8060969928433269e+02, 0.,
       3.6653175179255015e+02, 2.3878059668569790e+02, 0., 0., 1. ]
D1: !!opencv-matrix
   rows: 5
   cols: 1
   dt: d
   data: [ -2.1859934914563901e-02, -9.9468572971318997e-04,
       1.6448003429794193e-03, -3.1164985765511365e-04,
       3.5195408316194161e-04 ]
P1: !!opencv-matrix
   rows: 3
   cols: 4
   dt: f
   data: [ 3.83006683e+02, 0., 2.41054672e+02, 0., 0., 3.83006683e+02,
       2.40153671e+02, 0., 0., 0., 1., 0. ]
R1: !!opencv-matrix
   rows: 3
   cols: 3
   dt: f
   data: [ 9.80670571e-01, 1.03097014e-01, 1.66301653e-01,
       -1.03910431e-01, 9.94579315e-01, -3.82589526e-03, -1.65794611e-01,
       -1.35285333e-02, 9.86067533e-01 ]
K2: !!opencv-matrix
   rows: 3
   cols: 3
   dt: d
   data: [ 3.6687495098581172e+02, 0., 3.7621769200552956e+02, 0.,
       3.6726361788508825e+02, 2.2399932895774910e+02, 0., 0., 1. ]
D2: !!opencv-matrix
   rows: 5
   cols: 1
   dt: d
   data: [ -2.2201337830972428e-02, -1.1445843221826492e-03,
       2.9199201696882579e-04, -7.1705872414221615e-04,
       5.1284674356775366e-04 ]
P2: !!opencv-matrix
   rows: 3
   cols: 4
   dt: f
   data: [ 3.83006683e+02, 0., 2.41054672e+02, -7.92291172e+04, 0.,
       3.83006683e+02, 2.40153671e+02, 0., 0., 0., 1., 0. ]
R2: !!opencv-matrix
   rows: 3
   cols: 3
   dt: f
   data: [ 9.81331646e-01, 9.48377401e-02, 1.67314097e-01,
       -9.40171257e-02, 9.95487809e-01, -1.28371483e-02, -1.67776600e-01,
       -3.13289091e-03, 9.85820055e-01 ]
