%YAML:1.0
---
Q: !!opencv-matrix
   rows: 4
   cols: 4
   dt: f
   data: [ 1., 0., 0., -1.55376617e+02, 0., 1., 0., -2.44840103e+02, 0.,
       0., 0., 3.88665710e+02, 0., 0., 5.50469104e-03, 0. ]
R: !!opencv-matrix
   rows: 3
   cols: 3
   dt: d
   data: [ 9.9840010879952623e-01, 4.5202417948184822e-03,
       -7.7141506530441564e-03, -9.2755662052058010e-03,
       9.9656235567930163e-01, 1.1778623919467379e-02,
       2.4230135168387453e-03, -3.4422962654323073e-03,
       1.0023328636951585e+00 ]
T: !!opencv-matrix
   rows: 3
   cols: 1
   dt: d
   data: [ -1.6336861510972213e+02, -1.6110202242861195e+01,
       -5.4167928199372604e+01 ]
E: !!opencv-matrix
   rows: 0
   cols: 0
   dt: u
   data: []
F: !!opencv-matrix
   rows: 0
   cols: 0
   dt: u
   data: []
K1: !!opencv-matrix
   rows: 3
   cols: 3
   dt: d
   data: [ 3.6627756984521932e+02, 0., 3.8060969928433269e+02, 0.,
       3.6653175179255015e+02, 2.3878059668569790e+02, 0., 0., 1. ]
D1: !!opencv-matrix
   rows: 5
   cols: 1
   dt: d
   data: [ -2.1859934914563901e-02, -9.9468572971318997e-04,
       1.6448003429794193e-03, -3.1164985765511365e-04,
       3.5195408316194161e-04 ]
P1: !!opencv-matrix
   rows: 3
   cols: 4
   dt: f
   data: [ 3.88665710e+02, 0., 1.55376617e+02, 0., 0., 3.88665710e+02,
       2.44840103e+02, 0., 0., 0., 1., 0. ]
R1: !!opencv-matrix
   rows: 3
   cols: 3
   dt: f
   data: [ 9.62429047e-01, 9.96441767e-02, 2.52589285e-01,
       -1.00821197e-01, 9.94869828e-01, -8.31284653e-03, -2.52121776e-01,
       -1.74658280e-02, 9.67537880e-01 ]
K2: !!opencv-matrix
   rows: 3
   cols: 3
   dt: d
   data: [ 3.6687495098581172e+02, 0., 3.7621769200552956e+02, 0.,
       3.6726361788508825e+02, 2.2399932895774910e+02, 0., 0., 1. ]
D2: !!opencv-matrix
   rows: 5
   cols: 1
   dt: d
   data: [ -2.2201337830972428e-02, -1.1445843221826492e-03,
       2.9199201696882579e-04, -7.1705872414221615e-04,
       5.1284674356775366e-04 ]
P2: !!opencv-matrix
   rows: 3
   cols: 4
   dt: f
   data: [ 3.88665710e+02, 0., 1.55376617e+02, -7.06062734e+04, 0.,
       3.88665710e+02, 2.44840103e+02, 0., 0., 0., 1., 0. ]
R2: !!opencv-matrix
   rows: 3
   cols: 3
   dt: f
   data: [ 9.62102890e-01, 9.43111777e-02, 2.55858123e-01,
       -9.31167006e-02, 9.95513320e-01, -1.68069080e-02, -2.56295234e-01,
       -7.65468739e-03, 9.66568232e-01 ]
