%YAML:1.0
---
Q: !!opencv-matrix
   rows: 4
   cols: 4
   dt: f
   data: [ 1., 0., 0., -2.95237518e+02, 0., 1., 0., -2.34370590e+02, 0.,
       0., 0., 3.61736084e+02, 0., 0., 5.52525232e-03, 0. ]
R: !!opencv-matrix
   rows: 3
   cols: 3
   dt: d
   data: [ 9.9984559379845617e-01, 8.9086481048203537e-03,
       -2.6811073243179556e-03, -9.6711415571658060e-03,
       9.9889398660667794e-01, 1.1030963748113723e-02,
       1.5871165281657353e-03, -6.3721886986918830e-03,
       1.0013118835044654e+00 ]
T: !!opencv-matrix
   rows: 3
   cols: 1
   dt: d
   data: [ -1.8109543113871175e+02, -8.1683089022342070e+00,
       -2.0833629135586836e+01 ]
E: !!opencv-matrix
   rows: 0
   cols: 0
   dt: u
   data: []
F: !!opencv-matrix
   rows: 0
   cols: 0
   dt: u
   data: []
K1: !!opencv-matrix
   rows: 3
   cols: 3
   dt: d
   data: [ 3.6627756984521932e+02, 0., 3.8060969928433269e+02, 0.,
       3.6653175179255015e+02, 2.3878059668569790e+02, 0., 0., 1. ]
D1: !!opencv-matrix
   rows: 5
   cols: 1
   dt: d
   data: [ -2.1859934914563901e-02, -9.9468572971318997e-04,
       1.6448003429794193e-03, -3.1164985765511365e-04,
       3.5195408316194161e-04 ]
P1: !!opencv-matrix
   rows: 3
   cols: 4
   dt: f
   data: [ 3.61736084e+02, 0., 2.95237518e+02, 0., 0., 3.61736084e+02,
       2.34370590e+02, 0., 0., 0., 1., 0. ]
R1: !!opencv-matrix
   rows: 3
   cols: 3
   dt: f
   data: [ 9.93161798e-01, 5.52656092e-02, 1.02836475e-01,
       -5.57546467e-02, 9.98442709e-01, 1.88491563e-03, -1.02572158e-01,
       -7.60563742e-03, 9.94696498e-01 ]
K2: !!opencv-matrix
   rows: 3
   cols: 3
   dt: d
   data: [ 3.6687495098581172e+02, 0., 3.7621769200552956e+02, 0.,
       3.6726361788508825e+02, 2.2399932895774910e+02, 0., 0., 1. ]
D2: !!opencv-matrix
   rows: 5
   cols: 1
   dt: d
   data: [ -2.2201337830972428e-02, -1.1445843221826492e-03,
       2.9199201696882579e-04, -7.1705872414221615e-04,
       5.1284674356775366e-04 ]
P2: !!opencv-matrix
   rows: 3
   cols: 4
   dt: f
   data: [ 3.61736084e+02, 0., 2.95237518e+02, -6.54696055e+04, 0.,
       3.61736084e+02, 2.34370590e+02, 0., 0., 0., 1., 0. ]
R2: !!opencv-matrix
   rows: 3
   cols: 3
   dt: f
   data: [ 9.93407905e-01, 4.70291488e-02, 1.04541808e-01,
       -4.65308614e-02, 9.98890877e-01, -7.20151654e-03, -1.04764543e-01,
       2.28962279e-03, 9.94494438e-01 ]
