%YAML:1.0
---
Q: !!opencv-matrix
   rows: 4
   cols: 4
   dt: f
   data: [ 1., 0., 0., -3.09762177e+02, 0., 1., 0., -2.33804901e+02, 0.,
       0., 0., 3.59940399e+02, 0., 0., 5.14857657e-03, 0. ]
R: !!opencv-matrix
   rows: 3
   cols: 3
   dt: d
   data: [ 9.9974575071721761e-01, 1.0869582499674825e-02,
       -1.3594367812632972e-03, -9.5902065097223498e-03,
       9.9888240291901553e-01, 1.1035134288045539e-02,
       1.7698323714103528e-03, -7.2831193062541429e-03,
       1.0002942929668115e+00 ]
T: !!opencv-matrix
   rows: 3
   cols: 1
   dt: d
   data: [ -1.9517050617856438e+02, -9.3590253246399850e+00,
       -1.7744782017680343e+01 ]
E: !!opencv-matrix
   rows: 0
   cols: 0
   dt: u
   data: []
F: !!opencv-matrix
   rows: 0
   cols: 0
   dt: u
   data: []
K1: !!opencv-matrix
   rows: 3
   cols: 3
   dt: d
   data: [ 3.6627756984521932e+02, 0., 3.8060969928433269e+02, 0.,
       3.6653175179255015e+02, 2.3878059668569790e+02, 0., 0., 1. ]
D1: !!opencv-matrix
   rows: 5
   cols: 1
   dt: d
   data: [ -2.1859934914563901e-02, -9.9468572971318997e-04,
       1.6448003429794193e-03, -3.1164985765511365e-04,
       3.5195408316194161e-04 ]
P1: !!opencv-matrix
   rows: 3
   cols: 4
   dt: f
   data: [ 3.59940399e+02, 0., 3.09762177e+02, 0., 0., 3.59940399e+02,
       2.33804901e+02, 0., 0., 0., 1., 0. ]
R1: !!opencv-matrix
   rows: 3
   cols: 3
   dt: f
   data: [ 9.94947195e-01, 5.29988110e-02, 8.52713808e-02,
       -5.34093939e-02, 9.98569489e-01, 2.53931107e-03, -8.50148201e-02,
       -7.08077336e-03, 9.96354520e-01 ]
K2: !!opencv-matrix
   rows: 3
   cols: 3
   dt: d
   data: [ 3.6687495098581172e+02, 0., 3.7621769200552956e+02, 0.,
       3.6726361788508825e+02, 2.2399932895774910e+02, 0., 0., 1. ]
D2: !!opencv-matrix
   rows: 5
   cols: 1
   dt: d
   data: [ -2.2201337830972428e-02, -1.1445843221826492e-03,
       2.9199201696882579e-04, -7.1705872414221615e-04,
       5.1284674356775366e-04 ]
P2: !!opencv-matrix
   rows: 3
   cols: 4
   dt: f
   data: [ 3.59940399e+02, 0., 3.09762177e+02, -6.99106641e+04, 0.,
       3.59940399e+02, 2.33804901e+02, 0., 0., 0., 1., 0. ]
R2: !!opencv-matrix
   rows: 3
   cols: 3
   dt: f
   data: [ 9.95296478e-01, 4.36195768e-02, 8.65001678e-02,
       -4.32019830e-02, 9.99043941e-01, -6.69469684e-03, -8.67094845e-02,
       2.92622950e-03, 9.96229351e-01 ]
