%YAML:1.0
---
Q: !!opencv-matrix
   rows: 4
   cols: 4
   dt: f
   data: [ 1., 0., 0., -2.94879791e+02, 0., 1., 0., -2.36044220e+02, 0.,
       0., 0., 3.71551605e+02, 0., 0., 5.08596096e-03, 0. ]
R: !!opencv-matrix
   rows: 3
   cols: 3
   dt: d
   data: [ 9.9889629970113225e-01, 9.2751996975244232e-03,
       -2.9513385144806486e-03, -9.6962718659127367e-03,
       9.9924394611490519e-01, 1.1892519942686907e-02,
       1.9360559746130187e-03, -6.3895610810325958e-03,
       1.0008501799027669e+00 ]
T: !!opencv-matrix
   rows: 3
   cols: 1
   dt: d
   data: [ -1.9254738271584230e+02, -1.6067684614602314e+01,
       -2.5917930215939098e+01 ]
E: !!opencv-matrix
   rows: 0
   cols: 0
   dt: u
   data: []
F: !!opencv-matrix
   rows: 0
   cols: 0
   dt: u
   data: []
K1: !!opencv-matrix
   rows: 3
   cols: 3
   dt: d
   data: [ 3.6627756984521932e+02, 0., 3.8060969928433269e+02, 0.,
       3.6653175179255015e+02, 2.3878059668569790e+02, 0., 0., 1. ]
D1: !!opencv-matrix
   rows: 5
   cols: 1
   dt: d
   data: [ -2.1859934914563901e-02, -9.9468572971318997e-04,
       1.6448003429794193e-03, -3.1164985765511365e-04,
       3.5195408316194161e-04 ]
P1: !!opencv-matrix
   rows: 3
   cols: 4
   dt: f
   data: [ 3.71551605e+02, 0., 2.94879791e+02, 0., 0., 3.71551605e+02,
       2.36044220e+02, 0., 0., 0., 1., 0. ]
R1: !!opencv-matrix
   rows: 3
   cols: 3
   dt: f
   data: [ 9.90821123e-01, 8.73460844e-02, 1.03170380e-01,
       -8.78631175e-02, 9.96132433e-01, 4.68841667e-04, -1.02730408e-01,
       -9.52940993e-03, 9.94663596e-01 ]
K2: !!opencv-matrix
   rows: 3
   cols: 3
   dt: d
   data: [ 3.6687495098581172e+02, 0., 3.7621769200552956e+02, 0.,
       3.6726361788508825e+02, 2.2399932895774910e+02, 0., 0., 1. ]
D2: !!opencv-matrix
   rows: 5
   cols: 1
   dt: d
   data: [ -2.2201337830972428e-02, -1.1445843221826492e-03,
       2.9199201696882579e-04, -7.1705872414221615e-04,
       5.1284674356775366e-04 ]
P2: !!opencv-matrix
   rows: 3
   cols: 4
   dt: f
   data: [ 3.71551605e+02, 0., 2.94879791e+02, -7.30543594e+04, 0.,
       3.71551605e+02, 2.36044220e+02, 0., 0., 0., 1., 0. ]
R2: !!opencv-matrix
   rows: 3
   cols: 3
   dt: f
   data: [ 9.91396725e-01, 7.86997452e-02, 1.04589000e-01,
       -7.81735629e-02, 9.96897995e-01, -9.12715681e-03, -1.04982868e-01,
       8.72539298e-04, 9.94473636e-01 ]
