%YAML:1.0
---
Q: !!opencv-matrix
   rows: 4
   cols: 4
   dt: f
   data: [ 1., 0., 0., -2.71289978e+02, 0., 1., 0., -2.37480820e+02, 0.,
       0., 0., 3.75106140e+02, 0., 0., 5.12959436e-03, 0. ]
R: !!opencv-matrix
   rows: 3
   cols: 3
   dt: d
   data: [ 9.9926446767283805e-01, 9.1075603270669835e-03,
       -3.0897821012343053e-03, -9.6765918775676505e-03,
       9.9944809575308391e-01, 1.2095703693914285e-02,
       1.8698835072001741e-03, -6.7427645506283797e-03,
       1.0005229668758771e+00 ]
T: !!opencv-matrix
   rows: 3
   cols: 1
   dt: d
   data: [ -1.9306353031554841e+02, -1.7343643165726377e+01,
       -2.2969412186307878e+01 ]
E: !!opencv-matrix
   rows: 0
   cols: 0
   dt: u
   data: []
F: !!opencv-matrix
   rows: 0
   cols: 0
   dt: u
   data: []
K1: !!opencv-matrix
   rows: 3
   cols: 3
   dt: d
   data: [ 3.6627756984521932e+02, 0., 3.8060969928433269e+02, 0.,
       3.6653175179255015e+02, 2.3878059668569790e+02, 0., 0., 1. ]
D1: !!opencv-matrix
   rows: 5
   cols: 1
   dt: d
   data: [ -2.1859934914563901e-02, -9.9468572971318997e-04,
       1.6448003429794193e-03, -3.1164985765511365e-04,
       3.5195408316194161e-04 ]
P1: !!opencv-matrix
   rows: 3
   cols: 4
   dt: f
   data: [ 3.75106140e+02, 0., 2.71289978e+02, 0., 0., 3.75106140e+02,
       2.37480820e+02, 0., 0., 0., 1., 0. ]
R1: !!opencv-matrix
   rows: 3
   cols: 3
   dt: f
   data: [ 9.87193108e-01, 9.05893072e-02, 1.31313756e-01,
       -9.12366360e-02, 9.95828629e-01, -1.09087070e-03, -1.30864829e-01,
       -1.09037254e-02, 9.91340280e-01 ]
K2: !!opencv-matrix
   rows: 3
   cols: 3
   dt: d
   data: [ 3.6687495098581172e+02, 0., 3.7621769200552956e+02, 0.,
       3.6726361788508825e+02, 2.2399932895774910e+02, 0., 0., 1. ]
D2: !!opencv-matrix
   rows: 5
   cols: 1
   dt: d
   data: [ -2.2201337830972428e-02, -1.1445843221826492e-03,
       2.9199201696882579e-04, -7.1705872414221615e-04,
       5.1284674356775366e-04 ]
P2: !!opencv-matrix
   rows: 3
   cols: 4
   dt: f
   data: [ 3.75106140e+02, 0., 2.71289978e+02, -7.31258906e+04, 0.,
       3.75106140e+02, 2.37480820e+02, 0., 0., 0., 1., 0. ]
R2: !!opencv-matrix
   rows: 3
   cols: 3
   dt: f
   data: [ 9.87689972e-01, 8.24207067e-02, 1.32948473e-01,
       -8.17632750e-02, 9.96597469e-01, -1.04062427e-02, -1.33353800e-01,
       -5.92161086e-04, 9.91068304e-01 ]
