%YAML:1.0
---
Q: !!opencv-matrix
   rows: 4
   cols: 4
   dt: f
   data: [ 1., 0., 0., -8.73509979e+01, 0., 1., 0., -2.48158722e+02, 0.,
       0., 0., 3.63162537e+02, 0., 0., 5.78479329e-03, 0. ]
R: !!opencv-matrix
   rows: 3
   cols: 3
   dt: d
   data: [ 1.0025782012526370e+00, 5.7523396348808098e-03,
       -6.5631676086625101e-03, -9.7542269604534871e-03,
       9.9698699454584572e-01, 9.3422589031049302e-03,
       1.4585131364401197e-03, -8.5110285271721153e-03,
       9.9963516320903467e-01 ]
T: !!opencv-matrix
   rows: 3
   cols: 1
   dt: d
   data: [ -1.7116900201166243e+02, 1.9990299509537330e+00,
       -1.5052950600313009e+01 ]
E: !!opencv-matrix
   rows: 0
   cols: 0
   dt: u
   data: []
F: !!opencv-matrix
   rows: 0
   cols: 0
   dt: u
   data: []
K1: !!opencv-matrix
   rows: 3
   cols: 3
   dt: d
   data: [ 3.6627756984521932e+02, 0., 3.8060969928433269e+02, 0.,
       3.6653175179255015e+02, 2.3878059668569790e+02, 0., 0., 1. ]
D1: !!opencv-matrix
   rows: 5
   cols: 1
   dt: d
   data: [ -2.1859934914563901e-02, -9.9468572971318997e-04,
       1.6448003429794193e-03, -3.1164985765511365e-04,
       3.5195408316194161e-04 ]
P1: !!opencv-matrix
   rows: 3
   cols: 4
   dt: f
   data: [ 3.63162537e+02, 0., 8.73509979e+01, 0., 0., 3.63162537e+02,
       2.48158722e+02, 0., 0., 0., 1., 0. ]
R1: !!opencv-matrix
   rows: 3
   cols: 3
   dt: f
   data: [ 9.45973694e-01, 9.73672494e-02, 3.09278756e-01,
       -9.87507626e-02, 9.95048940e-01, -1.12182023e-02, -3.08839768e-01,
       -1.99293885e-02, 9.50905263e-01 ]
K2: !!opencv-matrix
   rows: 3
   cols: 3
   dt: d
   data: [ 3.6687495098581172e+02, 0., 3.7621769200552956e+02, 0.,
       3.6726361788508825e+02, 2.2399932895774910e+02, 0., 0., 1. ]
D2: !!opencv-matrix
   rows: 5
   cols: 1
   dt: d
   data: [ -2.2201337830972428e-02, -1.1445843221826492e-03,
       2.9199201696882579e-04, -7.1705872414221615e-04,
       5.1284674356775366e-04 ]
P2: !!opencv-matrix
   rows: 3
   cols: 4
   dt: f
   data: [ 3.63162537e+02, 0., 8.73509979e+01, -6.27788281e+04, 0.,
       3.63162537e+02, 2.48158722e+02, 0., 0., 0., 1., 0. ]
R2: !!opencv-matrix
   rows: 3
   cols: 3
   dt: f
   data: [ 9.45053697e-01, 9.31941941e-02, 3.13350260e-01,
       -9.17902067e-02, 9.95591998e-01, -1.92650780e-02, -3.13764423e-01,
       -1.05559528e-02, 9.49442208e-01 ]
