%YAML:1.0
---
Q: !!opencv-matrix
   rows: 4
   cols: 4
   dt: f
   data: [ 1., 0., 0., -3.82649475e+02, 0., 1., 0., -2.31851959e+02, 0.,
       0., 0., 3.58697937e+02, 0., 0., 5.55115240e-03, 0. ]
R: !!opencv-matrix
   rows: 3
   cols: 3
   dt: d
   data: [ 9.9992831709878494e-01, 9.7380935075106704e-03,
       -3.1539985466526414e-03, -9.6825994278934950e-03,
       9.9989180829415936e-01, 9.2345111934013461e-03,
       3.2435737935747155e-03, -9.2037253619210151e-03,
       9.9993353758834491e-01 ]
T: !!opencv-matrix
   rows: 3
   cols: 1
   dt: d
   data: [ -1.8014336351602901e+02, 8.6695223702465796e-01,
       7.9773044301035922e-01 ]
E: !!opencv-matrix
   rows: 0
   cols: 0
   dt: u
   data: []
F: !!opencv-matrix
   rows: 0
   cols: 0
   dt: u
   data: []
K1: !!opencv-matrix
   rows: 3
   cols: 3
   dt: d
   data: [ 3.6627756984521932e+02, 0., 3.8060969928433269e+02, 0.,
       3.6653175179255015e+02, 2.3878059668569790e+02, 0., 0., 1. ]
D1: !!opencv-matrix
   rows: 5
   cols: 1
   dt: d
   data: [ -2.1859934914563901e-02, -9.9468572971318997e-04,
       1.6448003429794193e-03, -3.1164985765511365e-04,
       3.5195408316194161e-04 ]
P1: !!opencv-matrix
   rows: 3
   cols: 4
   dt: f
   data: [ 3.58697937e+02, 0., 3.82649475e+02, 0., 0., 3.58697937e+02,
       2.31851959e+02, 0., 0., 0., 1., 0. ]
R1: !!opencv-matrix
   rows: 3
   cols: 3
   dt: f
   data: [ 9.99958634e-01, 4.95326752e-03, -7.62688881e-03,
       -4.91816830e-03, 9.99977291e-01, 4.61395411e-03, 7.64956977e-03,
       -4.57625324e-03, 9.99960244e-01 ]
K2: !!opencv-matrix
   rows: 3
   cols: 3
   dt: d
   data: [ 3.6687495098581172e+02, 0., 3.7621769200552956e+02, 0.,
       3.6726361788508825e+02, 2.2399932895774910e+02, 0., 0., 1. ]
D2: !!opencv-matrix
   rows: 5
   cols: 1
   dt: d
   data: [ -2.2201337830972428e-02, -1.1445843221826492e-03,
       2.9199201696882579e-04, -7.1705872414221615e-04,
       5.1284674356775366e-04 ]
P2: !!opencv-matrix
   rows: 3
   cols: 4
   dt: f
   data: [ 3.58697937e+02, 0., 3.82649475e+02, -6.46168398e+04, 0.,
       3.58697937e+02, 2.31851959e+02, 0., 0., 0., 1., 0. ]
R2: !!opencv-matrix
   rows: 3
   cols: 3
   dt: f
   data: [ 9.99978602e-01, -4.81246551e-03, -4.42821532e-03,
       4.79206629e-03, 9.99977887e-01, -4.60578594e-03, 4.45028301e-03,
       4.58446704e-03, 9.99979615e-01 ]
