%YAML:1.0
---
Q: !!opencv-matrix
   rows: 4
   cols: 4
   dt: f
   data: [ 1., 0., 0., -3.82540100e+02, 0., 1., 0., -2.31851196e+02, 0.,
       0., 0., 3.58741333e+02, 0., 0., 5.55169117e-03, 0. ]
R: !!opencv-matrix
   rows: 3
   cols: 3
   dt: d
   data: [ 9.9991985030245312e-01, 9.7370187356426961e-03,
       -3.1546539178876412e-03, -9.6825739199344427e-03,
       9.9989494206218643e-01, 9.2345431896496705e-03,
       3.2436352633419775e-03, -9.2037493345137524e-03,
       9.9993666897611111e-01 ]
T: !!opencv-matrix
   rows: 3
   cols: 1
   dt: d
   data: [ -1.8013891646482077e+02, 8.6693084514615348e-01,
       7.9771100809785389e-01 ]
E: !!opencv-matrix
   rows: 0
   cols: 0
   dt: u
   data: []
F: !!opencv-matrix
   rows: 0
   cols: 0
   dt: u
   data: []
K1: !!opencv-matrix
   rows: 3
   cols: 3
   dt: d
   data: [ 3.6627756984521932e+02, 0., 3.8060969928433269e+02, 0.,
       3.6653175179255015e+02, 2.3878059668569790e+02, 0., 0., 1. ]
D1: !!opencv-matrix
   rows: 5
   cols: 1
   dt: d
   data: [ -2.1859934914563901e-02, -9.9468572971318997e-04,
       1.6448003429794193e-03, -3.1164985765511365e-04,
       3.5195408316194161e-04 ]
P1: !!opencv-matrix
   rows: 3
   cols: 4
   dt: f
   data: [ 3.58741333e+02, 0., 3.82540100e+02, 0., 0., 3.58741333e+02,
       2.31851196e+02, 0., 0., 0., 1., 0. ]
R1: !!opencv-matrix
   rows: 3
   cols: 3
   dt: f
   data: [ 9.99958992e-01, 5.09661390e-03, -7.48678530e-03,
       -5.06215403e-03, 9.99976516e-01, 4.61448357e-03, 7.51012797e-03,
       -4.57639480e-03, 9.99961317e-01 ]
K2: !!opencv-matrix
   rows: 3
   cols: 3
   dt: d
   data: [ 3.6687495098581172e+02, 0., 3.7621769200552956e+02, 0.,
       3.6726361788508825e+02, 2.2399932895774910e+02, 0., 0., 1. ]
D2: !!opencv-matrix
   rows: 5
   cols: 1
   dt: d
   data: [ -2.2201337830972428e-02, -1.1445843221826492e-03,
       2.9199201696882579e-04, -7.1705872414221615e-04,
       5.1284674356775366e-04 ]
P2: !!opencv-matrix
   rows: 3
   cols: 4
   dt: f
   data: [ 3.58741333e+02, 0., 3.82540100e+02, -6.46183867e+04, 0.,
       3.58741333e+02, 2.31851196e+02, 0., 0., 0., 1., 0. ]
R2: !!opencv-matrix
   rows: 3
   cols: 3
   dt: f
   data: [ 9.99979913e-01, -4.67064651e-03, -4.29114746e-03,
       4.65087686e-03, 9.99978602e-01, -4.60548839e-03, 4.31256602e-03,
       4.58543794e-03, 9.99980211e-01 ]
