%YAML:1.0
---
Q: !!opencv-matrix
   rows: 4
   cols: 4
   dt: f
   data: [ 1., 0., 0., -3.82648712e+02, 0., 1., 0., -2.31851959e+02, 0.,
       0., 0., 3.58699066e+02, 0., 0., 5.54958684e-03, 0. ]
R: !!opencv-matrix
   rows: 3
   cols: 3
   dt: d
   data: [ 9.9995843963535014e-01, 9.7423057525637489e-03,
       -3.1516911944722645e-03, -9.6826579121756778e-03,
       9.9987403281668974e-01, 9.2343364055139446e-03,
       3.2433043063609308e-03, -9.2035811009576144e-03,
       9.9991577272802101e-01 ]
T: !!opencv-matrix
   rows: 3
   cols: 1
   dt: d
   data: [ -1.8020803969821591e+02, 8.6726343205722201e-01,
       7.9801573396242997e-01 ]
E: !!opencv-matrix
   rows: 0
   cols: 0
   dt: u
   data: []
F: !!opencv-matrix
   rows: 0
   cols: 0
   dt: u
   data: []
K1: !!opencv-matrix
   rows: 3
   cols: 3
   dt: d
   data: [ 3.6627756984521932e+02, 0., 3.8060969928433269e+02, 0.,
       3.6653175179255015e+02, 2.3878059668569790e+02, 0., 0., 1. ]
D1: !!opencv-matrix
   rows: 5
   cols: 1
   dt: d
   data: [ -2.1859934914563901e-02, -9.9468572971318997e-04,
       1.6448003429794193e-03, -3.1164985765511365e-04,
       3.5195408316194161e-04 ]
P1: !!opencv-matrix
   rows: 3
   cols: 4
   dt: f
   data: [ 3.58699066e+02, 0., 3.82648712e+02, 0., 0., 3.58699066e+02,
       2.31851959e+02, 0., 0., 0., 1., 0. ]
R1: !!opencv-matrix
   rows: 3
   cols: 3
   dt: f
   data: [ 9.99958634e-01, 4.95595345e-03, -7.62491813e-03,
       -4.92086308e-03, 9.99977231e-01, 4.61396715e-03, 7.64761167e-03,
       -4.57625510e-03, 9.99960303e-01 ]
K2: !!opencv-matrix
   rows: 3
   cols: 3
   dt: d
   data: [ 3.6687495098581172e+02, 0., 3.7621769200552956e+02, 0.,
       3.6726361788508825e+02, 2.2399932895774910e+02, 0., 0., 1. ]
D2: !!opencv-matrix
   rows: 5
   cols: 1
   dt: d
   data: [ -2.2201337830972428e-02, -1.1445843221826492e-03,
       2.9199201696882579e-04, -7.1705872414221615e-04,
       5.1284674356775366e-04 ]
P2: !!opencv-matrix
   rows: 3
   cols: 4
   dt: f
   data: [ 3.58699066e+02, 0., 3.82648712e+02, -6.46352695e+04, 0.,
       3.58699066e+02, 2.31851959e+02, 0., 0., 0., 1., 0. ]
R2: !!opencv-matrix
   rows: 3
   cols: 3
   dt: f
   data: [ 9.99978602e-01, -4.81246505e-03, -4.42820834e-03,
       4.79206583e-03, 9.99977887e-01, -4.60579339e-03, 4.45027556e-03,
       4.58447495e-03, 9.99979615e-01 ]
