%YAML:1.0
---
Q: !!opencv-matrix
   rows: 4
   cols: 4
   dt: f
   data: [ 1., 0., 0., -3.82649170e+02, 0., 1., 0., -2.31851959e+02, 0.,
       0., 0., 3.58698364e+02, 0., 0., 5.55084739e-03, 0. ]
R: !!opencv-matrix
   rows: 3
   cols: 3
   dt: d
   data: [ 9.9994548665607796e-01, 9.7402876778083878e-03,
       -3.1525890493737121e-03, -9.6826491923433233e-03,
       9.9988505042212106e-01, 9.2344422096438637e-03,
       3.2434460567116151e-03, -9.2036731341723823e-03,
       9.9992678427833315e-01 ]
T: !!opencv-matrix
   rows: 3
   cols: 1
   dt: d
   data: [ -1.8015538504797229e+02, 8.6701005867785730e-01,
       7.9778310502344174e-01 ]
E: !!opencv-matrix
   rows: 0
   cols: 0
   dt: u
   data: []
F: !!opencv-matrix
   rows: 0
   cols: 0
   dt: u
   data: []
K1: !!opencv-matrix
   rows: 3
   cols: 3
   dt: d
   data: [ 3.6627756984521932e+02, 0., 3.8060969928433269e+02, 0.,
       3.6653175179255015e+02, 2.3878059668569790e+02, 0., 0., 1. ]
D1: !!opencv-matrix
   rows: 5
   cols: 1
   dt: d
   data: [ -2.1859934914563901e-02, -9.9468572971318997e-04,
       1.6448003429794193e-03, -3.1164985765511365e-04,
       3.5195408316194161e-04 ]
P1: !!opencv-matrix
   rows: 3
   cols: 4
   dt: f
   data: [ 3.58698364e+02, 0., 3.82649170e+02, 0., 0., 3.58698364e+02,
       2.31851959e+02, 0., 0., 0., 1., 0. ]
R1: !!opencv-matrix
   rows: 3
   cols: 3
   dt: f
   data: [ 9.99958634e-01, 4.95432736e-03, -7.62612792e-03,
       -4.91923140e-03, 9.99977231e-01, 4.61395923e-03, 7.64881354e-03,
       -4.57625370e-03, 9.99960303e-01 ]
K2: !!opencv-matrix
   rows: 3
   cols: 3
   dt: d
   data: [ 3.6687495098581172e+02, 0., 3.7621769200552956e+02, 0.,
       3.6726361788508825e+02, 2.2399932895774910e+02, 0., 0., 1. ]
D2: !!opencv-matrix
   rows: 5
   cols: 1
   dt: d
   data: [ -2.2201337830972428e-02, -1.1445843221826492e-03,
       2.9199201696882579e-04, -7.1705872414221615e-04,
       5.1284674356775366e-04 ]
P2: !!opencv-matrix
   rows: 3
   cols: 4
   dt: f
   data: [ 3.58698364e+02, 0., 3.82649170e+02, -6.46204727e+04, 0.,
       3.58698364e+02, 2.31851959e+02, 0., 0., 0., 1., 0. ]
R2: !!opencv-matrix
   rows: 3
   cols: 3
   dt: f
   data: [ 9.99978602e-01, -4.81246505e-03, -4.42821253e-03,
       4.79206583e-03, 9.99977887e-01, -4.60578920e-03, 4.45027975e-03,
       4.58447030e-03, 9.99979615e-01 ]
