%YAML:1.0
---
Q: !!opencv-matrix
   rows: 4
   cols: 4
   dt: f
   data: [ 1., 0., 0., -3.82540222e+02, 0., 1., 0., -2.31851196e+02, 0.,
       0., 0., 3.58741394e+02, 0., 0., 5.55261085e-03, 0. ]
R: !!opencv-matrix
   rows: 3
   cols: 3
   dt: d
   data: [ 9.9996873052531154e-01, 9.7429460134249041e-03,
       -3.1514370241228456e-03, -9.6827644119455610e-03,
       9.9988571708960539e-01, 9.2344630870479505e-03,
       3.2432040340933700e-03, -9.2031921498558038e-03,
       9.9992773388911915e-01 ]
T: !!opencv-matrix
   rows: 3
   cols: 1
   dt: d
   data: [ -1.8009918025699596e+02, 8.4119651219372837e-01,
       7.7284771126038987e-01 ]
E: !!opencv-matrix
   rows: 0
   cols: 0
   dt: u
   data: []
F: !!opencv-matrix
   rows: 0
   cols: 0
   dt: u
   data: []
K1: !!opencv-matrix
   rows: 3
   cols: 3
   dt: d
   data: [ 3.6627756984521932e+02, 0., 3.8060969928433269e+02, 0.,
       3.6653175179255015e+02, 2.3878059668569790e+02, 0., 0., 1. ]
D1: !!opencv-matrix
   rows: 5
   cols: 1
   dt: d
   data: [ -2.1859934914563901e-02, -9.9468572971318997e-04,
       1.6448003429794193e-03, -3.1164985765511365e-04,
       3.5195408316194161e-04 ]
P1: !!opencv-matrix
   rows: 3
   cols: 4
   dt: f
   data: [ 3.58741394e+02, 0., 3.82540222e+02, 0., 0., 3.58741394e+02,
       2.31851196e+02, 0., 0., 0., 1., 0. ]
R1: !!opencv-matrix
   rows: 3
   cols: 3
   dt: f
   data: [ 9.99958992e-01, 5.09656314e-03, -7.48707447e-03,
       -5.06210234e-03, 9.99976516e-01, 4.61448357e-03, 7.51041668e-03,
       -4.57639387e-03, 9.99961317e-01 ]
K2: !!opencv-matrix
   rows: 3
   cols: 3
   dt: d
   data: [ 3.6687495098581172e+02, 0., 3.7621769200552956e+02, 0.,
       3.6726361788508825e+02, 2.2399932895774910e+02, 0., 0., 1. ]
D2: !!opencv-matrix
   rows: 5
   cols: 1
   dt: d
   data: [ -2.2201337830972428e-02, -1.1445843221826492e-03,
       2.9199201696882579e-04, -7.1705872414221615e-04,
       5.1284674356775366e-04 ]
P2: !!opencv-matrix
   rows: 3
   cols: 4
   dt: f
   data: [ 3.58741394e+02, 0., 3.82540222e+02, -6.46076953e+04, 0.,
       3.58741394e+02, 2.31851196e+02, 0., 0., 0., 1., 0. ]
R2: !!opencv-matrix
   rows: 3
   cols: 3
   dt: f
   data: [ 9.99979913e-01, -4.67064651e-03, -4.29114653e-03,
       4.65087686e-03, 9.99978602e-01, -4.60548792e-03, 4.31256508e-03,
       4.58543748e-03, 9.99980211e-01 ]
