%YAML:1.0
---
Q: !!opencv-matrix
   rows: 4
   cols: 4
   dt: f
   data: [ 1., 0., 0., -3.82648804e+02, 0., 1., 0., -2.31851959e+02, 0.,
       0., 0., 3.58698975e+02, 0., 0., 5.54902339e-03, 0. ]
R: !!opencv-matrix
   rows: 3
   cols: 3
   dt: d
   data: [ 9.9995758909240551e-01, 9.7424787046266267e-03,
       -3.1510317685389255e-03, -9.6826499302649794e-03,
       9.9987323362149128e-01, 9.2343258695942437e-03,
       3.2433019439222026e-03, -9.2035745640801636e-03,
       9.9991497144192731e-01 ]
T: !!opencv-matrix
   rows: 3
   cols: 1
   dt: d
   data: [ -1.8021604248133593e+02, 8.6730195222129913e-01,
       7.9805125723007231e-01 ]
E: !!opencv-matrix
   rows: 0
   cols: 0
   dt: u
   data: []
F: !!opencv-matrix
   rows: 0
   cols: 0
   dt: u
   data: []
K1: !!opencv-matrix
   rows: 3
   cols: 3
   dt: d
   data: [ 3.6627756984521932e+02, 0., 3.8060969928433269e+02, 0.,
       3.6653175179255015e+02, 2.3878059668569790e+02, 0., 0., 1. ]
D1: !!opencv-matrix
   rows: 5
   cols: 1
   dt: d
   data: [ -2.1859934914563901e-02, -9.9468572971318997e-04,
       1.6448003429794193e-03, -3.1164985765511365e-04,
       3.5195408316194161e-04 ]
P1: !!opencv-matrix
   rows: 3
   cols: 4
   dt: f
   data: [ 3.58698975e+02, 0., 3.82648804e+02, 0., 0., 3.58698975e+02,
       2.31851959e+02, 0., 0., 0., 1., 0. ]
R1: !!opencv-matrix
   rows: 3
   cols: 3
   dt: f
   data: [ 9.99958634e-01, 4.95586591e-03, -7.62520591e-03,
       -4.92077414e-03, 9.99977231e-01, 4.61396715e-03, 7.64789898e-03,
       -4.57625417e-03, 9.99960303e-01 ]
K2: !!opencv-matrix
   rows: 3
   cols: 3
   dt: d
   data: [ 3.6687495098581172e+02, 0., 3.7621769200552956e+02, 0.,
       3.6726361788508825e+02, 2.2399932895774910e+02, 0., 0., 1. ]
D2: !!opencv-matrix
   rows: 5
   cols: 1
   dt: d
   data: [ -2.2201337830972428e-02, -1.1445843221826492e-03,
       2.9199201696882579e-04, -7.1705872414221615e-04,
       5.1284674356775366e-04 ]
P2: !!opencv-matrix
   rows: 3
   cols: 4
   dt: f
   data: [ 3.58698975e+02, 0., 3.82648804e+02, -6.46418203e+04, 0.,
       3.58698975e+02, 2.31851959e+02, 0., 0., 0., 1., 0. ]
R2: !!opencv-matrix
   rows: 3
   cols: 3
   dt: f
   data: [ 9.99978602e-01, -4.81246505e-03, -4.42820787e-03,
       4.79206583e-03, 9.99977887e-01, -4.60579293e-03, 4.45027510e-03,
       4.58447402e-03, 9.99979615e-01 ]
