%YAML:1.0
---
Q: !!opencv-matrix
   rows: 4
   cols: 4
   dt: f
   data: [ 1., 0., 0., -4.04092346e+02, 0., 1., 0., -2.31828979e+02, 0.,
       0., 0., 3.56249603e+02, 0., 0., 5.37417736e-03, 0. ]
R: !!opencv-matrix
   rows: 3
   cols: 3
   dt: d
   data: [ 9.9945658788517833e-01, 9.7377290186091044e-03,
       -3.1379486891478349e-03, -9.6779521414582549e-03,
       9.9941234835106763e-01, 9.2300218888832081e-03,
       3.2415159797021405e-03, -9.2002098611524523e-03,
       9.9945385841609768e-01 ]
T: !!opencv-matrix
   rows: 3
   cols: 1
   dt: d
   data: [ -1.8592328415237694e+02, 8.2019380984452350e-01,
       5.9189556964236374e+00 ]
E: !!opencv-matrix
   rows: 0
   cols: 0
   dt: u
   data: []
F: !!opencv-matrix
   rows: 0
   cols: 0
   dt: u
   data: []
K1: !!opencv-matrix
   rows: 3
   cols: 3
   dt: d
   data: [ 3.6627756984521932e+02, 0., 3.8060969928433269e+02, 0.,
       3.6653175179255015e+02, 2.3878059668569790e+02, 0., 0., 1. ]
D1: !!opencv-matrix
   rows: 5
   cols: 1
   dt: d
   data: [ -2.1859934914563901e-02, -9.9468572971318997e-04,
       1.6448003429794193e-03, -3.1164985765511365e-04,
       3.5195408316194161e-04 ]
P1: !!opencv-matrix
   rows: 3
   cols: 4
   dt: f
   data: [ 3.56249603e+02, 0., 4.04092346e+02, 0., 0., 3.56249603e+02,
       2.31828979e+02, 0., 0., 0., 1., 0. ]
R1: !!opencv-matrix
   rows: 3
   cols: 3
   dt: f
   data: [ 9.99371648e-01, 5.60890976e-03, -3.49974185e-02,
       -5.45033440e-03, 9.99974430e-01, 4.62481519e-03, 3.50224636e-02,
       -4.43116156e-03, 9.99376714e-01 ]
K2: !!opencv-matrix
   rows: 3
   cols: 3
   dt: d
   data: [ 3.6687495098581172e+02, 0., 3.7621769200552956e+02, 0.,
       3.6726361788508825e+02, 2.2399932895774910e+02, 0., 0., 1. ]
D2: !!opencv-matrix
   rows: 5
   cols: 1
   dt: d
   data: [ -2.2201337830972428e-02, -1.1445843221826492e-03,
       2.9199201696882579e-04, -7.1705872414221615e-04,
       5.1284674356775366e-04 ]
P2: !!opencv-matrix
   rows: 3
   cols: 4
   dt: f
   data: [ 3.56249603e+02, 0., 4.04092346e+02, -6.62891484e+04, 0.,
       3.56249603e+02, 2.31828979e+02, 0., 0., 0., 1., 0. ]
R2: !!opencv-matrix
   rows: 3
   cols: 3
   dt: f
   data: [ 9.99483943e-01, -4.40918701e-03, -3.18190418e-02,
       4.26502433e-03, 9.99980330e-01, -4.59715631e-03, 3.18386853e-02,
       4.45907470e-03, 9.99483049e-01 ]
