%YAML:1.0
---
Q: !!opencv-matrix
   rows: 4
   cols: 4
   dt: f
   data: [ 1., 0., 0., -4.48271027e+02, 0., 1., 0., -2.31688248e+02, 0.,
       0., 0., 3.56124573e+02, 0., 0., 5.11326222e-03, 0. ]
R: !!opencv-matrix
   rows: 3
   cols: 3
   dt: d
   data: [ 9.9257278097586743e-01, 1.1788965974233779e-02,
       -2.5615228738570996e-03, -9.6549717994206339e-03,
       1.0008071148444269e+00, 9.2404509562247373e-03,
       3.9699970192303979e-03, -9.3928788097374961e-03,
       1.0008063140222814e+00 ]
T: !!opencv-matrix
   rows: 3
   cols: 1
   dt: d
   data: [ -1.9608615465162222e+02, 8.6491554179258434e-01,
       1.7136604726355497e+01 ]
E: !!opencv-matrix
   rows: 0
   cols: 0
   dt: u
   data: []
F: !!opencv-matrix
   rows: 0
   cols: 0
   dt: u
   data: []
K1: !!opencv-matrix
   rows: 3
   cols: 3
   dt: d
   data: [ 3.6627756984521932e+02, 0., 3.8060969928433269e+02, 0.,
       3.6653175179255015e+02, 2.3878059668569790e+02, 0., 0., 1. ]
D1: !!opencv-matrix
   rows: 5
   cols: 1
   dt: d
   data: [ -2.1859934914563901e-02, -9.9468572971318997e-04,
       1.6448003429794193e-03, -3.1164985765511365e-04,
       3.5195408316194161e-04 ]
P1: !!opencv-matrix
   rows: 3
   cols: 4
   dt: f
   data: [ 3.56124573e+02, 0., 4.48271027e+02, 0., 0., 3.56124573e+02,
       2.31688248e+02, 0., 0., 0., 1., 0. ]
R1: !!opencv-matrix
   rows: 3
   cols: 3
   dt: f
   data: [ 9.95871246e-01, 7.27767916e-03, -9.04845372e-02,
       -6.87749591e-03, 9.99965131e-01, 4.73367935e-03, 9.05158296e-02,
       -4.09182813e-03, 9.95886624e-01 ]
K2: !!opencv-matrix
   rows: 3
   cols: 3
   dt: d
   data: [ 3.6687495098581172e+02, 0., 3.7621769200552956e+02, 0.,
       3.6726361788508825e+02, 2.2399932895774910e+02, 0., 0., 1. ]
D2: !!opencv-matrix
   rows: 5
   cols: 1
   dt: d
   data: [ -2.2201337830972428e-02, -1.1445843221826492e-03,
       2.9199201696882579e-04, -7.1705872414221615e-04,
       5.1284674356775366e-04 ]
P2: !!opencv-matrix
   rows: 3
   cols: 4
   dt: f
   data: [ 3.56124573e+02, 0., 4.48271027e+02, -6.96472344e+04, 0.,
       3.56124573e+02, 2.31688248e+02, 0., 0., 0., 1., 0. ]
R2: !!opencv-matrix
   rows: 3
   cols: 3
   dt: f
   data: [ 9.96193349e-01, -4.39410470e-03, -8.70605633e-02,
       4.00912156e-03, 9.99981403e-01, -4.59637633e-03, 8.70791450e-02,
       4.22984315e-03, 9.96192396e-01 ]
