%YAML:1.0
---
Q: !!opencv-matrix
   rows: 4
   cols: 4
   dt: f
   data: [ 1., 0., 0., -4.48165985e+02, 0., 1., 0., -2.31719513e+02, 0.,
       0., 0., 3.55471100e+02, 0., 0., 5.07261930e-03, 0. ]
R: !!opencv-matrix
   rows: 3
   cols: 3
   dt: d
   data: [ 9.9866184882254061e-01, 9.7380471031438699e-03,
       -3.1327914879643289e-03, -9.6704957207402360e-03,
       9.9866638162305477e-01, 9.2231472000021842e-03,
       3.2430056303824010e-03, -9.1956798041054524e-03,
       9.9870705418219341e-01 ]
T: !!opencv-matrix
   rows: 3
   cols: 1
   dt: d
   data: [ -1.9634223731768304e+02, 8.6604487298595390e-01,
       1.7158982323221075e+01 ]
E: !!opencv-matrix
   rows: 0
   cols: 0
   dt: u
   data: []
F: !!opencv-matrix
   rows: 0
   cols: 0
   dt: u
   data: []
K1: !!opencv-matrix
   rows: 3
   cols: 3
   dt: d
   data: [ 3.6627756984521932e+02, 0., 3.8060969928433269e+02, 0.,
       3.6653175179255015e+02, 2.3878059668569790e+02, 0., 0., 1. ]
D1: !!opencv-matrix
   rows: 5
   cols: 1
   dt: d
   data: [ -2.1859934914563901e-02, -9.9468572971318997e-04,
       1.6448003429794193e-03, -3.1164985765511365e-04,
       3.5195408316194161e-04 ]
P1: !!opencv-matrix
   rows: 3
   cols: 4
   dt: f
   data: [ 3.55471100e+02, 0., 4.48165985e+02, 0., 0., 3.55471100e+02,
       2.31719513e+02, 0., 0., 0., 1., 0. ]
R1: !!opencv-matrix
   rows: 3
   cols: 3
   dt: f
   data: [ 9.95902240e-01, 6.10290142e-03, -9.02304873e-02,
       -5.70621714e-03, 9.99972880e-01, 4.65366011e-03, 9.02564377e-02,
       -4.11971565e-03, 9.95910048e-01 ]
K2: !!opencv-matrix
   rows: 3
   cols: 3
   dt: d
   data: [ 3.6687495098581172e+02, 0., 3.7621769200552956e+02, 0.,
       3.6726361788508825e+02, 2.2399932895774910e+02, 0., 0., 1. ]
D2: !!opencv-matrix
   rows: 5
   cols: 1
   dt: d
   data: [ -2.2201337830972428e-02, -1.1445843221826492e-03,
       2.9199201696882579e-04, -7.1705872414221615e-04,
       5.1284674356775366e-04 ]
P2: !!opencv-matrix
   rows: 3
   cols: 4
   dt: f
   data: [ 3.55471100e+02, 0., 4.48165985e+02, -7.00764375e+04, 0.,
       3.55471100e+02, 2.31719513e+02, 0., 0., 0., 1., 0. ]
R2: !!opencv-matrix
   rows: 3
   cols: 3
   dt: f
   data: [ 9.96193349e-01, -4.39410377e-03, -8.70605558e-02,
       4.01139772e-03, 9.99981523e-01, -4.57032397e-03, 8.70790258e-02,
       4.20369161e-03, 9.96192515e-01 ]
