%YAML:1.0
---
Q: !!opencv-matrix
   rows: 4
   cols: 4
   dt: f
   data: [ 1., 0., 0., -4.48166687e+02, 0., 1., 0., -2.31719543e+02, 0.,
       0., 0., 3.55470551e+02, 0., 0., 5.07375970e-03, 0. ]
R: !!opencv-matrix
   rows: 3
   cols: 3
   dt: d
   data: [ 9.9866817587623857e-01, 9.7371479947613998e-03,
       -3.1344917970082473e-03, -9.6705447069267668e-03,
       9.9867038351927073e-01, 9.2231915643966791e-03,
       3.2428150534040087e-03, -9.1956346484034952e-03,
       9.9871119958402998e-01 ]
T: !!opencv-matrix
   rows: 3
   cols: 1
   dt: d
   data: [ -1.9629821309453678e+02, 8.6585069173907381e-01,
       1.7155134991031876e+01 ]
E: !!opencv-matrix
   rows: 0
   cols: 0
   dt: u
   data: []
F: !!opencv-matrix
   rows: 0
   cols: 0
   dt: u
   data: []
K1: !!opencv-matrix
   rows: 3
   cols: 3
   dt: d
   data: [ 3.6627756984521932e+02, 0., 3.8060969928433269e+02, 0.,
       3.6653175179255015e+02, 2.3878059668569790e+02, 0., 0., 1. ]
D1: !!opencv-matrix
   rows: 5
   cols: 1
   dt: d
   data: [ -2.1859934914563901e-02, -9.9468572971318997e-04,
       1.6448003429794193e-03, -3.1164985765511365e-04,
       3.5195408316194161e-04 ]
P1: !!opencv-matrix
   rows: 3
   cols: 4
   dt: f
   data: [ 3.55470551e+02, 0., 4.48166687e+02, 0., 0., 3.55470551e+02,
       2.31719543e+02, 0., 0., 0., 1., 0. ]
R1: !!opencv-matrix
   rows: 3
   cols: 3
   dt: f
   data: [ 9.95902061e-01, 6.10200455e-03, -9.02322307e-02,
       -5.70531422e-03, 9.99972880e-01, 4.65360144e-03, 9.02581811e-02,
       -4.11972776e-03, 9.95909870e-01 ]
K2: !!opencv-matrix
   rows: 3
   cols: 3
   dt: d
   data: [ 3.6687495098581172e+02, 0., 3.7621769200552956e+02, 0.,
       3.6726361788508825e+02, 2.2399932895774910e+02, 0., 0., 1. ]
D2: !!opencv-matrix
   rows: 5
   cols: 1
   dt: d
   data: [ -2.2201337830972428e-02, -1.1445843221826492e-03,
       2.9199201696882579e-04, -7.1705872414221615e-04,
       5.1284674356775366e-04 ]
P2: !!opencv-matrix
   rows: 3
   cols: 4
   dt: f
   data: [ 3.55470551e+02, 0., 4.48166687e+02, -7.00605781e+04, 0.,
       3.55470551e+02, 2.31719543e+02, 0., 0., 0., 1., 0. ]
R2: !!opencv-matrix
   rows: 3
   cols: 3
   dt: f
   data: [ 9.96193349e-01, -4.39410377e-03, -8.70605558e-02,
       4.01139958e-03, 9.99981523e-01, -4.57030069e-03, 8.70790258e-02,
       4.20366880e-03, 9.96192515e-01 ]
