%YAML:1.0
---
Q: !!opencv-matrix
   rows: 4
   cols: 4
   dt: f
   data: [ 1., 0., 0., -4.04096680e+02, 0., 1., 0., -2.31829025e+02, 0.,
       0., 0., 3.56246765e+02, 0., 0., 5.37960511e-03, 0. ]
R: !!opencv-matrix
   rows: 3
   cols: 3
   dt: d
   data: [ 9.9181605635911030e-01, 1.1931811605623489e-02,
       -2.7460134156176070e-03, -9.6566013822367326e-03,
       1.0017425356489822e+00, 9.2498886953475377e-03,
       3.8438708928145706e-03, -9.3516306511440203e-03,
       1.0017698303789204e+00 ]
T: !!opencv-matrix
   rows: 3
   cols: 1
   dt: d
   data: [ -1.8957792397191443e+02, 8.3625638984316686e-01,
       1.1300549205595658e+01 ]
E: !!opencv-matrix
   rows: 0
   cols: 0
   dt: u
   data: []
F: !!opencv-matrix
   rows: 0
   cols: 0
   dt: u
   data: []
K1: !!opencv-matrix
   rows: 3
   cols: 3
   dt: d
   data: [ 3.6627756984521932e+02, 0., 3.8060969928433269e+02, 0.,
       3.6653175179255015e+02, 2.3878059668569790e+02, 0., 0., 1. ]
D1: !!opencv-matrix
   rows: 5
   cols: 1
   dt: d
   data: [ -2.1859934914563901e-02, -9.9468572971318997e-04,
       1.6448003429794193e-03, -3.1164985765511365e-04,
       3.5195408316194161e-04 ]
P1: !!opencv-matrix
   rows: 3
   cols: 4
   dt: f
   data: [ 3.56246765e+02, 0., 4.04096680e+02, 0., 0., 3.56246765e+02,
       2.31829025e+02, 0., 0., 0., 1., 0. ]
R1: !!opencv-matrix
   rows: 3
   cols: 3
   dt: f
   data: [ 9.99371290e-01, 5.60403056e-03, -3.50085199e-02,
       -5.44540724e-03, 9.99974489e-01, 4.62470111e-03, 3.50335427e-02,
       -4.43115784e-03, 9.99376297e-01 ]
K2: !!opencv-matrix
   rows: 3
   cols: 3
   dt: d
   data: [ 3.6687495098581172e+02, 0., 3.7621769200552956e+02, 0.,
       3.6726361788508825e+02, 2.2399932895774910e+02, 0., 0., 1. ]
D2: !!opencv-matrix
   rows: 5
   cols: 1
   dt: d
   data: [ -2.2201337830972428e-02, -1.1445843221826492e-03,
       2.9199201696882579e-04, -7.1705872414221615e-04,
       5.1284674356775366e-04 ]
P2: !!opencv-matrix
   rows: 3
   cols: 4
   dt: f
   data: [ 3.56246765e+02, 0., 4.04096680e+02, -6.62217266e+04, 0.,
       3.56246765e+02, 2.31829025e+02, 0., 0., 0., 1., 0. ]
R2: !!opencv-matrix
   rows: 3
   cols: 3
   dt: f
   data: [ 9.99483943e-01, -4.40918701e-03, -3.18190455e-02,
       4.26502619e-03, 9.99980330e-01, -4.59709810e-03, 3.18386890e-02,
       4.45901649e-03, 9.99483049e-01 ]
