%YAML:1.0
---
Q: !!opencv-matrix
   rows: 4
   cols: 4
   dt: f
   data: [ 1., 0., 0., -4.25976501e+02, 0., 1., 0., -2.31780212e+02, 0.,
       0., 0., 3.56158173e+02, 0., 0., 5.22087235e-03, 0. ]
R: !!opencv-matrix
   rows: 3
   cols: 3
   dt: d
   data: [ 9.9900242518682469e-01, 9.7570775517742975e-03,
       -3.0888047121120157e-03, -9.6738389401777973e-03,
       9.9900892353126891e-01, 9.2261054750010646e-03,
       3.2430824019841239e-03, -9.1983351719872423e-03,
       9.9904757989095561e-01 ]
T: !!opencv-matrix
   rows: 3
   cols: 1
   dt: d
   data: [ -1.9137914740364886e+02, 8.4420023083373885e-01,
       1.1407902019938147e+01 ]
E: !!opencv-matrix
   rows: 0
   cols: 0
   dt: u
   data: []
F: !!opencv-matrix
   rows: 0
   cols: 0
   dt: u
   data: []
K1: !!opencv-matrix
   rows: 3
   cols: 3
   dt: d
   data: [ 3.6627756984521932e+02, 0., 3.8060969928433269e+02, 0.,
       3.6653175179255015e+02, 2.3878059668569790e+02, 0., 0., 1. ]
D1: !!opencv-matrix
   rows: 5
   cols: 1
   dt: d
   data: [ -2.1859934914563901e-02, -9.9468572971318997e-04,
       1.6448003429794193e-03, -3.1164985765511365e-04,
       3.5195408316194161e-04 ]
P1: !!opencv-matrix
   rows: 3
   cols: 4
   dt: f
   data: [ 3.56158173e+02, 0., 4.25976501e+02, 0., 0., 3.56158173e+02,
       2.31780212e+02, 0., 0., 0., 1., 0. ]
R1: !!opencv-matrix
   rows: 3
   cols: 3
   dt: f
   data: [ 9.98016715e-01, 6.15010690e-03, -6.26481920e-02,
       -5.87019604e-03, 9.99971926e-01, 4.65105986e-03, 6.26750439e-02,
       -4.27407818e-03, 9.98024821e-01 ]
K2: !!opencv-matrix
   rows: 3
   cols: 3
   dt: d
   data: [ 3.6687495098581172e+02, 0., 3.7621769200552956e+02, 0.,
       3.6726361788508825e+02, 2.2399932895774910e+02, 0., 0., 1. ]
D2: !!opencv-matrix
   rows: 5
   cols: 1
   dt: d
   data: [ -2.2201337830972428e-02, -1.1445843221826492e-03,
       2.9199201696882579e-04, -7.1705872414221615e-04,
       5.1284674356775366e-04 ]
P2: !!opencv-matrix
   rows: 3
   cols: 4
   dt: f
   data: [ 3.56158173e+02, 0., 4.25976501e+02, -6.82181328e+04, 0.,
       3.56158173e+02, 2.31780212e+02, 0., 0., 0., 1., 0. ]
R2: !!opencv-matrix
   rows: 3
   cols: 3
   dt: f
   data: [ 9.98218417e-01, -4.40328941e-03, -5.95027991e-02,
       4.13746014e-03, 9.99980927e-01, -4.58997814e-03, 5.95218726e-02,
       4.33561020e-03, 9.98217583e-01 ]
