%YAML:1.0
---
Q: !!opencv-matrix
   rows: 4
   cols: 4
   dt: f
   data: [ 1., 0., 0., -4.04056427e+02, 0., 1., 0., -2.31822968e+02, 0.,
       0., 0., 3.56550934e+02, 0., 0., 5.37531264e-03, 0. ]
R: !!opencv-matrix
   rows: 3
   cols: 3
   dt: d
   data: [ 9.9800665476372696e-01, 1.0290240858095713e-02,
       -2.9577101380029560e-03, -9.6741127126776932e-03,
       9.9989493012425334e-01, 9.2336992203369151e-03,
       3.3046892821714758e-03, -9.2221140286530816e-03,
       9.9993309021962407e-01 ]
T: !!opencv-matrix
   rows: 3
   cols: 1
   dt: d
   data: [ -1.8586277576241125e+02, 8.1992690117980349e-01,
       5.9170303465886871e+00 ]
E: !!opencv-matrix
   rows: 0
   cols: 0
   dt: u
   data: []
F: !!opencv-matrix
   rows: 0
   cols: 0
   dt: u
   data: []
K1: !!opencv-matrix
   rows: 3
   cols: 3
   dt: d
   data: [ 3.6627756984521932e+02, 0., 3.8060969928433269e+02, 0.,
       3.6653175179255015e+02, 2.3878059668569790e+02, 0., 0., 1. ]
D1: !!opencv-matrix
   rows: 5
   cols: 1
   dt: d
   data: [ -2.1859934914563901e-02, -9.9468572971318997e-04,
       1.6448003429794193e-03, -3.1164985765511365e-04,
       3.5195408316194161e-04 ]
P1: !!opencv-matrix
   rows: 3
   cols: 4
   dt: f
   data: [ 3.56550934e+02, 0., 4.04056427e+02, 0., 0., 3.56550934e+02,
       2.31822968e+02, 0., 0., 0., 1., 0. ]
R1: !!opencv-matrix
   rows: 3
   cols: 3
   dt: f
   data: [ 9.99371767e-01, 6.14084816e-03, -3.49049643e-02,
       -5.98251913e-03, 9.99971330e-01, 4.63864068e-03, 3.49324457e-02,
       -4.42690682e-03, 9.99379873e-01 ]
K2: !!opencv-matrix
   rows: 3
   cols: 3
   dt: d
   data: [ 3.6687495098581172e+02, 0., 3.7621769200552956e+02, 0.,
       3.6726361788508825e+02, 2.2399932895774910e+02, 0., 0., 1. ]
D2: !!opencv-matrix
   rows: 5
   cols: 1
   dt: d
   data: [ -2.2201337830972428e-02, -1.1445843221826492e-03,
       2.9199201696882579e-04, -7.1705872414221615e-04,
       5.1284674356775366e-04 ]
P2: !!opencv-matrix
   rows: 3
   cols: 4
   dt: f
   data: [ 3.56550934e+02, 0., 4.04056427e+02, -6.63312031e+04, 0.,
       3.56550934e+02, 2.31822968e+02, 0., 0., 0., 1., 0. ]
R2: !!opencv-matrix
   rows: 3
   cols: 3
   dt: f
   data: [ 9.99483943e-01, -4.40918701e-03, -3.18190493e-02,
       4.26487206e-03, 9.99980330e-01, -4.60194051e-03, 3.18387114e-02,
       4.46386123e-03, 9.99483049e-01 ]
