%YAML:1.0
---
Q: !!opencv-matrix
   rows: 4
   cols: 4
   dt: f
   data: [ 1., 0., 0., -4.48201843e+02, 0., 1., 0., -2.31691956e+02, 0.,
       0., 0., 3.56057251e+02, 0., 0., 5.08038606e-03, 0. ]
R: !!opencv-matrix
   rows: 3
   cols: 3
   dt: d
   data: [ 9.9405740814437271e-01, 1.1378131867043912e-02,
       -2.6292891760550541e-03, -9.6583896771484865e-03,
       1.0002151350222550e+00, 9.2352743733496410e-03,
       3.7864315917830803e-03, -9.3520133773393587e-03,
       1.0002186084740203e+00 ]
T: !!opencv-matrix
   rows: 3
   cols: 1
   dt: d
   data: [ -1.9651634298689902e+02, 8.6681305312660006e-01,
       1.7174200449383928e+01 ]
E: !!opencv-matrix
   rows: 0
   cols: 0
   dt: u
   data: []
F: !!opencv-matrix
   rows: 0
   cols: 0
   dt: u
   data: []
K1: !!opencv-matrix
   rows: 3
   cols: 3
   dt: d
   data: [ 3.6627756984521932e+02, 0., 3.8060969928433269e+02, 0.,
       3.6653175179255015e+02, 2.3878059668569790e+02, 0., 0., 1. ]
D1: !!opencv-matrix
   rows: 5
   cols: 1
   dt: d
   data: [ -2.1859934914563901e-02, -9.9468572971318997e-04,
       1.6448003429794193e-03, -3.1164985765511365e-04,
       3.5195408316194161e-04 ]
P1: !!opencv-matrix
   rows: 3
   cols: 4
   dt: f
   data: [ 3.56057251e+02, 0., 4.48201843e+02, 0., 0., 3.56057251e+02,
       2.31691956e+02, 0., 0., 0., 1., 0. ]
R1: !!opencv-matrix
   rows: 3
   cols: 3
   dt: f
   data: [ 9.95887518e-01, 7.14951614e-03, -9.03157443e-02,
       -6.75032008e-03, 9.99966025e-01, 4.72469116e-03, 9.03464630e-02,
       -4.09560092e-03, 9.95902002e-01 ]
K2: !!opencv-matrix
   rows: 3
   cols: 3
   dt: d
   data: [ 3.6687495098581172e+02, 0., 3.7621769200552956e+02, 0.,
       3.6726361788508825e+02, 2.2399932895774910e+02, 0., 0., 1. ]
D2: !!opencv-matrix
   rows: 5
   cols: 1
   dt: d
   data: [ -2.2201337830972428e-02, -1.1445843221826492e-03,
       2.9199201696882579e-04, -7.1705872414221615e-04,
       5.1284674356775366e-04 ]
P2: !!opencv-matrix
   rows: 3
   cols: 4
   dt: f
   data: [ 3.56057251e+02, 0., 4.48201843e+02, -7.00846875e+04, 0.,
       3.56057251e+02, 2.31691956e+02, 0., 0., 0., 1., 0. ]
R2: !!opencv-matrix
   rows: 3
   cols: 3
   dt: f
   data: [ 9.96193349e-01, -4.39410470e-03, -8.70605633e-02,
       4.00935020e-03, 9.99981403e-01, -4.59375558e-03, 8.70791301e-02,
       4.22721216e-03, 9.96192455e-01 ]
