%YAML:1.0
---
Q: !!opencv-matrix
   rows: 4
   cols: 4
   dt: f
   data: [ 1., 0., 0., -4.25990814e+02, 0., 1., 0., -2.31785706e+02, 0.,
       0., 0., 3.55991455e+02, 0., 0., 5.22316759e-03, 0. ]
R: !!opencv-matrix
   rows: 3
   cols: 3
   dt: d
   data: [ 9.9905335994505839e-01, 9.7357888577515612e-03,
       -3.1402187067961313e-03, -9.6741938737650978e-03,
       9.9903369757732985e-01, 9.2265595067350242e-03,
       3.2415973493594226e-03, -9.1972808449903038e-03,
       9.9907531675440409e-01 ]
T: !!opencv-matrix
   rows: 3
   cols: 1
   dt: d
   data: [ -1.9106680608396786e+02, 8.4282390581931343e-01,
       1.1389298641308937e+01 ]
E: !!opencv-matrix
   rows: 0
   cols: 0
   dt: u
   data: []
F: !!opencv-matrix
   rows: 0
   cols: 0
   dt: u
   data: []
K1: !!opencv-matrix
   rows: 3
   cols: 3
   dt: d
   data: [ 3.6627756984521932e+02, 0., 3.8060969928433269e+02, 0.,
       3.6653175179255015e+02, 2.3878059668569790e+02, 0., 0., 1. ]
D1: !!opencv-matrix
   rows: 5
   cols: 1
   dt: d
   data: [ -2.1859934914563901e-02, -9.9468572971318997e-04,
       1.6448003429794193e-03, -3.1164985765511365e-04,
       3.5195408316194161e-04 ]
P1: !!opencv-matrix
   rows: 3
   cols: 4
   dt: f
   data: [ 3.55991455e+02, 0., 4.25990814e+02, 0., 0., 3.55991455e+02,
       2.31785706e+02, 0., 0., 0., 1., 0. ]
R1: !!opencv-matrix
   rows: 3
   cols: 3
   dt: f
   data: [ 9.98016179e-01, 5.85548999e-03, -6.26846775e-02,
       -5.57571230e-03, 9.99973714e-01, 4.63725301e-03, 6.27101809e-02,
       -4.27854201e-03, 9.98022616e-01 ]
K2: !!opencv-matrix
   rows: 3
   cols: 3
   dt: d
   data: [ 3.6687495098581172e+02, 0., 3.7621769200552956e+02, 0.,
       3.6726361788508825e+02, 2.2399932895774910e+02, 0., 0., 1. ]
D2: !!opencv-matrix
   rows: 5
   cols: 1
   dt: d
   data: [ -2.2201337830972428e-02, -1.1445843221826492e-03,
       2.9199201696882579e-04, -7.1705872414221615e-04,
       5.1284674356775366e-04 ]
P2: !!opencv-matrix
   rows: 3
   cols: 4
   dt: f
   data: [ 3.55991455e+02, 0., 4.25990814e+02, -6.81562422e+04, 0.,
       3.55991455e+02, 2.31785706e+02, 0., 0., 0., 1., 0. ]
R2: !!opencv-matrix
   rows: 3
   cols: 3
   dt: f
   data: [ 9.98218417e-01, -4.40328894e-03, -5.95027879e-02,
       4.13773768e-03, 9.99980927e-01, -4.58531128e-03, 5.95218427e-02,
       4.33093496e-03, 9.98217583e-01 ]
