%YAML:1.0
---
Q: !!opencv-matrix
   rows: 4
   cols: 4
   dt: f
   data: [ 1., 0., 0., -4.48161774e+02, 0., 1., 0., -2.31719406e+02, 0.,
       0., 0., 3.55474030e+02, 0., 0., 5.06909704e-03, 0. ]
R: !!opencv-matrix
   rows: 3
   cols: 3
   dt: d
   data: [ 9.9864920078301067e-01, 9.7432578384228120e-03,
       -3.1213164127330043e-03, -9.6703961467260891e-03,
       9.9865805258787099e-01, 9.2230199891927475e-03,
       3.2433580890414218e-03, -9.1960656678638664e-03,
       9.9869774759694629e-01 ]
T: !!opencv-matrix
   rows: 3
   cols: 1
   dt: d
   data: [ -1.9643804921113119e+02, 8.6646751615418316e-01,
       1.7167355534560038e+01 ]
E: !!opencv-matrix
   rows: 0
   cols: 0
   dt: u
   data: []
F: !!opencv-matrix
   rows: 0
   cols: 0
   dt: u
   data: []
K1: !!opencv-matrix
   rows: 3
   cols: 3
   dt: d
   data: [ 3.6627756984521932e+02, 0., 3.8060969928433269e+02, 0.,
       3.6653175179255015e+02, 2.3878059668569790e+02, 0., 0., 1. ]
D1: !!opencv-matrix
   rows: 5
   cols: 1
   dt: d
   data: [ -2.1859934914563901e-02, -9.9468572971318997e-04,
       1.6448003429794193e-03, -3.1164985765511365e-04,
       3.5195408316194161e-04 ]
P1: !!opencv-matrix
   rows: 3
   cols: 4
   dt: f
   data: [ 3.55474030e+02, 0., 4.48161774e+02, 0., 0., 3.55474030e+02,
       2.31719406e+02, 0., 0., 0., 1., 0. ]
R1: !!opencv-matrix
   rows: 3
   cols: 3
   dt: f
   data: [ 9.95903134e-01, 6.10763393e-03, -9.02201980e-02,
       -5.71098365e-03, 9.99972880e-01, 4.65396792e-03, 9.02461782e-02,
       -4.11965512e-03, 9.95910943e-01 ]
K2: !!opencv-matrix
   rows: 3
   cols: 3
   dt: d
   data: [ 3.6687495098581172e+02, 0., 3.7621769200552956e+02, 0.,
       3.6726361788508825e+02, 2.2399932895774910e+02, 0., 0., 1. ]
D2: !!opencv-matrix
   rows: 5
   cols: 1
   dt: d
   data: [ -2.2201337830972428e-02, -1.1445843221826492e-03,
       2.9199201696882579e-04, -7.1705872414221615e-04,
       5.1284674356775366e-04 ]
P2: !!opencv-matrix
   rows: 3
   cols: 4
   dt: f
   data: [ 3.55474030e+02, 0., 4.48161774e+02, -7.01257109e+04, 0.,
       3.55474030e+02, 2.31719406e+02, 0., 0., 0., 1., 0. ]
R2: !!opencv-matrix
   rows: 3
   cols: 3
   dt: f
   data: [ 9.96193349e-01, -4.39410377e-03, -8.70605484e-02,
       4.01138701e-03, 9.99981523e-01, -4.57044644e-03, 8.70790258e-02,
       4.20381455e-03, 9.96192515e-01 ]
