%YAML:1.0
---
Q: !!opencv-matrix
   rows: 4
   cols: 4
   dt: f
   data: [ 1., 0., 0., -4.48169678e+02, 0., 1., 0., -2.31704208e+02, 0.,
       0., 0., 3.55799164e+02, 0., 0., 5.06796362e-03, 0. ]
R: !!opencv-matrix
   rows: 3
   cols: 3
   dt: d
   data: [ 9.9710446360752059e-01, 1.0345359437960442e-02,
       -2.9317233462670027e-03, -9.6662708330524667e-03,
       9.9916529751084948e-01, 9.2268855784081189e-03,
       3.4245733164813504e-03, -9.2529461862870567e-03,
       9.9919093764400002e-01 ]
T: !!opencv-matrix
   rows: 3
   cols: 1
   dt: d
   data: [ -1.9648055921170564e+02, 8.6665521143384816e-01,
       1.7171073319960147e+01 ]
E: !!opencv-matrix
   rows: 0
   cols: 0
   dt: u
   data: []
F: !!opencv-matrix
   rows: 0
   cols: 0
   dt: u
   data: []
K1: !!opencv-matrix
   rows: 3
   cols: 3
   dt: d
   data: [ 3.6627756984521932e+02, 0., 3.8060969928433269e+02, 0.,
       3.6653175179255015e+02, 2.3878059668569790e+02, 0., 0., 1. ]
D1: !!opencv-matrix
   rows: 5
   cols: 1
   dt: d
   data: [ -2.1859934914563901e-02, -9.9468572971318997e-04,
       1.6448003429794193e-03, -3.1164985765511365e-04,
       3.5195408316194161e-04 ]
P1: !!opencv-matrix
   rows: 3
   cols: 4
   dt: f
   data: [ 3.55799164e+02, 0., 4.48169678e+02, 0., 0., 3.55799164e+02,
       2.31704208e+02, 0., 0., 0., 1., 0. ]
R1: !!opencv-matrix
   rows: 3
   cols: 3
   dt: f
   data: [ 9.95897770e-01, 6.68711588e-03, -9.02381167e-02,
       -6.28920086e-03, 9.99969184e-01, 4.69323806e-03, 9.02667269e-02,
       -4.10645967e-03, 9.95909154e-01 ]
K2: !!opencv-matrix
   rows: 3
   cols: 3
   dt: d
   data: [ 3.6687495098581172e+02, 0., 3.7621769200552956e+02, 0.,
       3.6726361788508825e+02, 2.2399932895774910e+02, 0., 0., 1. ]
D2: !!opencv-matrix
   rows: 5
   cols: 1
   dt: d
   data: [ -2.2201337830972428e-02, -1.1445843221826492e-03,
       2.9199201696882579e-04, -7.1705872414221615e-04,
       5.1284674356775366e-04 ]
P2: !!opencv-matrix
   rows: 3
   cols: 4
   dt: f
   data: [ 3.55799164e+02, 0., 4.48169678e+02, -7.02055547e+04, 0.,
       3.55799164e+02, 2.31704208e+02, 0., 0., 0., 1., 0. ]
R2: !!opencv-matrix
   rows: 3
   cols: 3
   dt: f
   data: [ 9.96193349e-01, -4.39410470e-03, -8.70605633e-02,
       4.01024986e-03, 9.99981463e-01, -4.58346587e-03, 8.70790929e-02,
       4.21688380e-03, 9.96192455e-01 ]
