%YAML:1.0
---
Q: !!opencv-matrix
   rows: 4
   cols: 4
   dt: f
   data: [ 1., 0., 0., -4.25970795e+02, 0., 1., 0., -2.31775269e+02, 0.,
       0., 0., 3.56307098e+02, 0., 0., 5.21875778e-03, 0. ]
R: !!opencv-matrix
   rows: 3
   cols: 3
   dt: d
   data: [ 9.9753735151620460e-01, 1.0315476445889295e-02,
       -2.9445952792179720e-03, -9.6700573715420013e-03,
       9.9951497681668144e-01, 9.2301581123286954e-03,
       3.3623753198664449e-03, -9.2360088027229788e-03,
       9.9954740049913715e-01 ]
T: !!opencv-matrix
   rows: 3
   cols: 1
   dt: d
   data: [ -1.9119762938811138e+02, 8.4340111269118101e-01,
       1.1397098589854657e+01 ]
E: !!opencv-matrix
   rows: 0
   cols: 0
   dt: u
   data: []
F: !!opencv-matrix
   rows: 0
   cols: 0
   dt: u
   data: []
K1: !!opencv-matrix
   rows: 3
   cols: 3
   dt: d
   data: [ 3.6627756984521932e+02, 0., 3.8060969928433269e+02, 0.,
       3.6653175179255015e+02, 2.3878059668569790e+02, 0., 0., 1. ]
D1: !!opencv-matrix
   rows: 5
   cols: 1
   dt: d
   data: [ -2.1859934914563901e-02, -9.9468572971318997e-04,
       1.6448003429794193e-03, -3.1164985765511365e-04,
       3.5195408316194161e-04 ]
P1: !!opencv-matrix
   rows: 3
   cols: 4
   dt: f
   data: [ 3.56307098e+02, 0., 4.25970795e+02, 0., 0., 3.56307098e+02,
       2.31775269e+02, 0., 0., 0., 1., 0. ]
R1: !!opencv-matrix
   rows: 3
   cols: 3
   dt: f
   data: [ 9.98016000e-01, 6.41366746e-03, -6.26332536e-02,
       -6.13356056e-03, 9.99970317e-01, 4.66342876e-03, 6.26613051e-02,
       -4.27001202e-03, 9.98025715e-01 ]
K2: !!opencv-matrix
   rows: 3
   cols: 3
   dt: d
   data: [ 3.6687495098581172e+02, 0., 3.7621769200552956e+02, 0.,
       3.6726361788508825e+02, 2.2399932895774910e+02, 0., 0., 1. ]
D2: !!opencv-matrix
   rows: 5
   cols: 1
   dt: d
   data: [ -2.2201337830972428e-02, -1.1445843221826492e-03,
       2.9199201696882579e-04, -7.1705872414221615e-04,
       5.1284674356775366e-04 ]
P2: !!opencv-matrix
   rows: 3
   cols: 4
   dt: f
   data: [ 3.56307098e+02, 0., 4.25970795e+02, -6.82743125e+04, 0.,
       3.56307098e+02, 2.31775269e+02, 0., 0., 0., 1., 0. ]
R2: !!opencv-matrix
   rows: 3
   cols: 3
   dt: f
   data: [ 9.98218417e-01, -4.40328941e-03, -5.95027991e-02,
       4.13721288e-03, 9.99980867e-01, -4.59412672e-03, 5.95218912e-02,
       4.33976622e-03, 9.98217583e-01 ]
