%YAML:1.0
---
Q: !!opencv-matrix
   rows: 4
   cols: 4
   dt: f
   data: [ 1., 0., 0., -4.04096924e+02, 0., 1., 0., -2.31829025e+02, 0.,
       0., 0., 3.56246613e+02, 0., 0., 5.37724327e-03, 0. ]
R: !!opencv-matrix
   rows: 3
   cols: 3
   dt: d
   data: [ 9.9946781201896584e-01, 9.7332104728631262e-03,
       -3.1484096380269299e-03, -9.6780434780503674e-03,
       9.9942030260369963e-01, 9.2301412032804696e-03,
       3.2414370388739733e-03, -9.2001367022644005e-03,
       9.9946212494180053e-01 ]
T: !!opencv-matrix
   rows: 3
   cols: 1
   dt: d
   data: [ -1.8584112791731161e+02, 8.1983136041291238e-01,
       5.9163403262835184e+00 ]
E: !!opencv-matrix
   rows: 0
   cols: 0
   dt: u
   data: []
F: !!opencv-matrix
   rows: 0
   cols: 0
   dt: u
   data: []
K1: !!opencv-matrix
   rows: 3
   cols: 3
   dt: d
   data: [ 3.6627756984521932e+02, 0., 3.8060969928433269e+02, 0.,
       3.6653175179255015e+02, 2.3878059668569790e+02, 0., 0., 1. ]
D1: !!opencv-matrix
   rows: 5
   cols: 1
   dt: d
   data: [ -2.1859934914563901e-02, -9.9468572971318997e-04,
       1.6448003429794193e-03, -3.1164985765511365e-04,
       3.5195408316194161e-04 ]
P1: !!opencv-matrix
   rows: 3
   cols: 4
   dt: f
   data: [ 3.56246613e+02, 0., 4.04096924e+02, 0., 0., 3.56246613e+02,
       2.31829025e+02, 0., 0., 0., 1., 0. ]
R1: !!opencv-matrix
   rows: 3
   cols: 3
   dt: f
   data: [ 9.99371290e-01, 5.60378004e-03, -3.50090787e-02,
       -5.44515438e-03, 9.99974489e-01, 4.62469552e-03, 3.50341015e-02,
       -4.43115784e-03, 9.99376297e-01 ]
K2: !!opencv-matrix
   rows: 3
   cols: 3
   dt: d
   data: [ 3.6687495098581172e+02, 0., 3.7621769200552956e+02, 0.,
       3.6726361788508825e+02, 2.2399932895774910e+02, 0., 0., 1. ]
D2: !!opencv-matrix
   rows: 5
   cols: 1
   dt: d
   data: [ -2.2201337830972428e-02, -1.1445843221826492e-03,
       2.9199201696882579e-04, -7.1705872414221615e-04,
       5.1284674356775366e-04 ]
P2: !!opencv-matrix
   rows: 3
   cols: 4
   dt: f
   data: [ 3.56246613e+02, 0., 4.04096924e+02, -6.62507813e+04, 0.,
       3.56246613e+02, 2.31829025e+02, 0., 0., 0., 1., 0. ]
R2: !!opencv-matrix
   rows: 3
   cols: 3
   dt: f
   data: [ 9.99483943e-01, -4.40918701e-03, -3.18190418e-02,
       4.26502619e-03, 9.99980330e-01, -4.59709484e-03, 3.18386890e-02,
       4.45901323e-03, 9.99483049e-01 ]
