%YAML:1.0
---
Q: !!opencv-matrix
   rows: 4
   cols: 4
   dt: f
   data: [ 1., 0., 0., -4.25978973e+02, 0., 1., 0., -2.31766922e+02, 0.,
       0., 0., 3.56556091e+02, 0., 0., 5.23163378e-03, 0. ]
R: !!opencv-matrix
   rows: 3
   cols: 3
   dt: d
   data: [ 9.9455118402015585e-01, 1.1305659102793058e-02,
       -2.6449005672182185e-03, -9.6622895280466178e-03,
       1.0005357397935268e+00, 9.2382890737131695e-03,
       3.6048094470908071e-03, -9.3038742100381225e-03,
       1.0005544734193739e+00 ]
T: !!opencv-matrix
   rows: 3
   cols: 1
   dt: d
   data: [ -1.9122372594361238e+02, 8.4351623053508273e-01,
       1.1398654047722978e+01 ]
E: !!opencv-matrix
   rows: 0
   cols: 0
   dt: u
   data: []
F: !!opencv-matrix
   rows: 0
   cols: 0
   dt: u
   data: []
K1: !!opencv-matrix
   rows: 3
   cols: 3
   dt: d
   data: [ 3.6627756984521932e+02, 0., 3.8060969928433269e+02, 0.,
       3.6653175179255015e+02, 2.3878059668569790e+02, 0., 0., 1. ]
D1: !!opencv-matrix
   rows: 5
   cols: 1
   dt: d
   data: [ -2.1859934914563901e-02, -9.9468572971318997e-04,
       1.6448003429794193e-03, -3.1164985765511365e-04,
       3.5195408316194161e-04 ]
P1: !!opencv-matrix
   rows: 3
   cols: 4
   dt: f
   data: [ 3.56556091e+02, 0., 4.25978973e+02, 0., 0., 3.56556091e+02,
       2.31766922e+02, 0., 0., 0., 1., 0. ]
R1: !!opencv-matrix
   rows: 3
   cols: 3
   dt: f
   data: [ 9.98011827e-01, 6.85524615e-03, -6.26526698e-02,
       -6.57461537e-03, 9.99967396e-01, 4.68422053e-03, 6.26827404e-02,
       -4.26299078e-03, 9.98024404e-01 ]
K2: !!opencv-matrix
   rows: 3
   cols: 3
   dt: d
   data: [ 3.6687495098581172e+02, 0., 3.7621769200552956e+02, 0.,
       3.6726361788508825e+02, 2.2399932895774910e+02, 0., 0., 1. ]
D2: !!opencv-matrix
   rows: 5
   cols: 1
   dt: d
   data: [ -2.2201337830972428e-02, -1.1445843221826492e-03,
       2.9199201696882579e-04, -7.1705872414221615e-04,
       5.1284674356775366e-04 ]
P2: !!opencv-matrix
   rows: 3
   cols: 4
   dt: f
   data: [ 3.56556091e+02, 0., 4.25978973e+02, -6.81538750e+04, 0.,
       3.56556091e+02, 2.31766922e+02, 0., 0., 0., 1., 0. ]
R2: !!opencv-matrix
   rows: 3
   cols: 3
   dt: f
   data: [ 9.98218417e-01, -4.40328941e-03, -5.95027953e-02,
       4.13680216e-03, 9.99980867e-01, -4.60101105e-03, 5.95219173e-02,
       4.34666267e-03, 9.98217523e-01 ]
