%YAML:1.0
---
Q: !!opencv-matrix
   rows: 4
   cols: 4
   dt: f
   data: [ 1., 0., 0., -4.25980591e+02, 0., 1., 0., -2.31785522e+02, 0.,
       0., 0., 3.55998291e+02, 0., 0., 5.21592051e-03, 0. ]
R: !!opencv-matrix
   rows: 3
   cols: 3
   dt: d
   data: [ 9.9902572821525204e-01, 9.7461321985414899e-03,
       -3.1164111418189012e-03, -9.6739687863714990e-03,
       9.9901407488976746e-01, 9.2262739614598875e-03,
       3.2420138602183043e-03, -9.1977282855673029e-03,
       9.9905432431333530e-01 ]
T: !!opencv-matrix
   rows: 3
   cols: 1
   dt: d
   data: [ -1.9127689544531120e+02, 8.4375067370640688e-01,
       1.1401821463606776e+01 ]
E: !!opencv-matrix
   rows: 0
   cols: 0
   dt: u
   data: []
F: !!opencv-matrix
   rows: 0
   cols: 0
   dt: u
   data: []
K1: !!opencv-matrix
   rows: 3
   cols: 3
   dt: d
   data: [ 3.6627756984521932e+02, 0., 3.8060969928433269e+02, 0.,
       3.6653175179255015e+02, 2.3878059668569790e+02, 0., 0., 1. ]
D1: !!opencv-matrix
   rows: 5
   cols: 1
   dt: d
   data: [ -2.1859934914563901e-02, -9.9468572971318997e-04,
       1.6448003429794193e-03, -3.1164985765511365e-04,
       3.5195408316194161e-04 ]
P1: !!opencv-matrix
   rows: 3
   cols: 4
   dt: f
   data: [ 3.55998291e+02, 0., 4.25980591e+02, 0., 0., 3.55998291e+02,
       2.31785522e+02, 0., 0., 0., 1., 0. ]
R1: !!opencv-matrix
   rows: 3
   cols: 3
   dt: f
   data: [ 9.98017728e-01, 5.86670078e-03, -6.26591444e-02,
       -5.58702368e-03, 9.99973655e-01, 4.63774847e-03, 6.26846999e-02,
       -4.27847682e-03, 9.98024225e-01 ]
K2: !!opencv-matrix
   rows: 3
   cols: 3
   dt: d
   data: [ 3.6687495098581172e+02, 0., 3.7621769200552956e+02, 0.,
       3.6726361788508825e+02, 2.2399932895774910e+02, 0., 0., 1. ]
D2: !!opencv-matrix
   rows: 5
   cols: 1
   dt: d
   data: [ -2.2201337830972428e-02, -1.1445843221826492e-03,
       2.9199201696882579e-04, -7.1705872414221615e-04,
       5.1284674356775366e-04 ]
P2: !!opencv-matrix
   rows: 3
   cols: 4
   dt: f
   data: [ 3.55998291e+02, 0., 4.25980591e+02, -6.82522422e+04, 0.,
       3.55998291e+02, 2.31785522e+02, 0., 0., 0., 1., 0. ]
R2: !!opencv-matrix
   rows: 3
   cols: 3
   dt: f
   data: [ 9.98218417e-01, -4.40328149e-03, -5.95027097e-02,
       4.13771765e-03, 9.99980927e-01, -4.58552409e-03, 5.95217682e-02,
       4.33114916e-03, 9.98217583e-01 ]
