%YAML:1.0
---
Q: !!opencv-matrix
   rows: 4
   cols: 4
   dt: f
   data: [ 1., 0., 0., -4.04072418e+02, 0., 1., 0., -2.31825836e+02, 0.,
       0., 0., 3.56406647e+02, 0., 0., 5.37753664e-03, 0. ]
R: !!opencv-matrix
   rows: 3
   cols: 3
   dt: d
   data: [ 9.9942890350074265e-01, 9.7525440955168619e-03,
       -3.1001150968677856e-03, -9.6777790600630180e-03,
       9.9940264405253820e-01, 9.2297664393306729e-03,
       3.2420593491313530e-03, -9.2005941283762153e-03,
       9.9944301922667900e-01 ]
T: !!opencv-matrix
   rows: 3
   cols: 1
   dt: d
   data: [ -1.8606375092219940e+02, 8.2081208504660708e-01,
       5.9234135563604866e+00 ]
E: !!opencv-matrix
   rows: 0
   cols: 0
   dt: u
   data: []
F: !!opencv-matrix
   rows: 0
   cols: 0
   dt: u
   data: []
K1: !!opencv-matrix
   rows: 3
   cols: 3
   dt: d
   data: [ 3.6627756984521932e+02, 0., 3.8060969928433269e+02, 0.,
       3.6653175179255015e+02, 2.3878059668569790e+02, 0., 0., 1. ]
D1: !!opencv-matrix
   rows: 5
   cols: 1
   dt: d
   data: [ -2.1859934914563901e-02, -9.9468572971318997e-04,
       1.6448003429794193e-03, -3.1164985765511365e-04,
       3.5195408316194161e-04 ]
P1: !!opencv-matrix
   rows: 3
   cols: 4
   dt: f
   data: [ 3.56406647e+02, 0., 4.04072418e+02, 0., 0., 3.56406647e+02,
       2.31825836e+02, 0., 0., 0., 1., 0. ]
R1: !!opencv-matrix
   rows: 3
   cols: 3
   dt: f
   data: [ 9.99371886e-01, 5.88618871e-03, -3.49461660e-02,
       -5.72775537e-03, 9.99972880e-01, 4.63202363e-03, 3.49724814e-02,
       -4.42895107e-03, 9.99378443e-01 ]
K2: !!opencv-matrix
   rows: 3
   cols: 3
   dt: d
   data: [ 3.6687495098581172e+02, 0., 3.7621769200552956e+02, 0.,
       3.6726361788508825e+02, 2.2399932895774910e+02, 0., 0., 1. ]
D2: !!opencv-matrix
   rows: 5
   cols: 1
   dt: d
   data: [ -2.2201337830972428e-02, -1.1445843221826492e-03,
       2.9199201696882579e-04, -7.1705872414221615e-04,
       5.1284674356775366e-04 ]
P2: !!opencv-matrix
   rows: 3
   cols: 4
   dt: f
   data: [ 3.56406647e+02, 0., 4.04072418e+02, -6.62769297e+04, 0.,
       3.56406647e+02, 2.31825836e+02, 0., 0., 0., 1., 0. ]
R2: !!opencv-matrix
   rows: 3
   cols: 3
   dt: f
   data: [ 9.99483943e-01, -4.40918701e-03, -3.18190493e-02,
       4.26494470e-03, 9.99980330e-01, -4.59965458e-03, 3.18387039e-02,
       4.46157437e-03, 9.99483049e-01 ]
