%YAML:1.0
---
Q: !!opencv-matrix
   rows: 4
   cols: 4
   dt: f
   data: [ 1., 0., 0., -4.04042908e+02, 0., 1., 0., -2.31820313e+02, 0.,
       0., 0., 3.56683105e+02, 0., 0., 5.37720835e-03, 0. ]
R: !!opencv-matrix
   rows: 3
   cols: 3
   dt: d
   data: [ 9.9654045795786217e-01, 1.0792039756252330e-02,
       -2.8088094766468659e-03, -9.6701851125155450e-03,
       1.0003746189660989e+00, 9.2374860706978777e-03,
       3.3682709089761747e-03, -9.2423755804129874e-03,
       1.0004102035477467e+00 ]
T: !!opencv-matrix
   rows: 3
   cols: 1
   dt: d
   data: [ -1.8593968636895778e+02, 8.2026618991179079e-01,
       5.9194788032483432e+00 ]
E: !!opencv-matrix
   rows: 0
   cols: 0
   dt: u
   data: []
F: !!opencv-matrix
   rows: 0
   cols: 0
   dt: u
   data: []
K1: !!opencv-matrix
   rows: 3
   cols: 3
   dt: d
   data: [ 3.6627756984521932e+02, 0., 3.8060969928433269e+02, 0.,
       3.6653175179255015e+02, 2.3878059668569790e+02, 0., 0., 1. ]
D1: !!opencv-matrix
   rows: 5
   cols: 1
   dt: d
   data: [ -2.1859934914563901e-02, -9.9468572971318997e-04,
       1.6448003429794193e-03, -3.1164985765511365e-04,
       3.5195408316194161e-04 ]
P1: !!opencv-matrix
   rows: 3
   cols: 4
   dt: f
   data: [ 3.56683105e+02, 0., 4.04042908e+02, 0., 0., 3.56683105e+02,
       2.31820313e+02, 0., 0., 0., 1., 0. ]
R1: !!opencv-matrix
   rows: 3
   cols: 3
   dt: f
   data: [ 9.99371529e-01, 6.37391116e-03, -3.48700769e-02,
       -6.21566502e-03, 9.99969900e-01, 4.64469194e-03, 3.48986313e-02,
       -4.42503206e-03, 9.99381065e-01 ]
K2: !!opencv-matrix
   rows: 3
   cols: 3
   dt: d
   data: [ 3.6687495098581172e+02, 0., 3.7621769200552956e+02, 0.,
       3.6726361788508825e+02, 2.2399932895774910e+02, 0., 0., 1. ]
D2: !!opencv-matrix
   rows: 5
   cols: 1
   dt: d
   data: [ -2.2201337830972428e-02, -1.1445843221826492e-03,
       2.9199201696882579e-04, -7.1705872414221615e-04,
       5.1284674356775366e-04 ]
P2: !!opencv-matrix
   rows: 3
   cols: 4
   dt: f
   data: [ 3.56683105e+02, 0., 4.04042908e+02, -6.63323906e+04, 0.,
       3.56683105e+02, 2.31820313e+02, 0., 0., 0., 1., 0. ]
R2: !!opencv-matrix
   rows: 3
   cols: 3
   dt: f
   data: [ 9.99483943e-01, -4.40918701e-03, -3.18190493e-02,
       4.26480547e-03, 9.99980330e-01, -4.60402854e-03, 3.18387225e-02,
       4.46595065e-03, 9.99483049e-01 ]
