%YAML:1.0
---
Q: !!opencv-matrix
   rows: 4
   cols: 4
   dt: f
   data: [ 1., 0., 0., -4.25985931e+02, 0., 1., 0., -2.31785614e+02, 0.,
       0., 0., 3.55994873e+02, 0., 0., 5.21870889e-03, 0. ]
R: !!opencv-matrix
   rows: 3
   cols: 3
   dt: d
   data: [ 9.9903466684556896e-01, 9.7407823854017798e-03,
       -3.1290091881665877e-03, -9.6740406432504217e-03,
       9.9902025050381604e-01, 9.2263862638147648e-03,
       3.2418677734771706e-03, -9.1974625954375951e-03,
       9.9906122608908199e-01 ]
T: !!opencv-matrix
   rows: 3
   cols: 1
   dt: d
   data: [ -1.9120752231997329e+02, 8.4344463956502191e-01,
       1.1397686402259728e+01 ]
E: !!opencv-matrix
   rows: 0
   cols: 0
   dt: u
   data: []
F: !!opencv-matrix
   rows: 0
   cols: 0
   dt: u
   data: []
K1: !!opencv-matrix
   rows: 3
   cols: 3
   dt: d
   data: [ 3.6627756984521932e+02, 0., 3.8060969928433269e+02, 0.,
       3.6653175179255015e+02, 2.3878059668569790e+02, 0., 0., 1. ]
D1: !!opencv-matrix
   rows: 5
   cols: 1
   dt: d
   data: [ -2.1859934914563901e-02, -9.9468572971318997e-04,
       1.6448003429794193e-03, -3.1164985765511365e-04,
       3.5195408316194161e-04 ]
P1: !!opencv-matrix
   rows: 3
   cols: 4
   dt: f
   data: [ 3.55994873e+02, 0., 4.25985931e+02, 0., 0., 3.55994873e+02,
       2.31785614e+02, 0., 0., 0., 1., 0. ]
R1: !!opencv-matrix
   rows: 3
   cols: 3
   dt: f
   data: [ 9.98016953e-01, 5.86112309e-03, -6.26724288e-02,
       -5.58139337e-03, 9.99973655e-01, 4.63750260e-03, 6.26979619e-02,
       -4.27850708e-03, 9.98023391e-01 ]
K2: !!opencv-matrix
   rows: 3
   cols: 3
   dt: d
   data: [ 3.6687495098581172e+02, 0., 3.7621769200552956e+02, 0.,
       3.6726361788508825e+02, 2.2399932895774910e+02, 0., 0., 1. ]
D2: !!opencv-matrix
   rows: 5
   cols: 1
   dt: d
   data: [ -2.2201337830972428e-02, -1.1445843221826492e-03,
       2.9199201696882579e-04, -7.1705872414221615e-04,
       5.1284674356775366e-04 ]
P2: !!opencv-matrix
   rows: 3
   cols: 4
   dt: f
   data: [ 3.55994873e+02, 0., 4.25985931e+02, -6.82151250e+04, 0.,
       3.55994873e+02, 2.31785614e+02, 0., 0., 0., 1., 0. ]
R2: !!opencv-matrix
   rows: 3
   cols: 3
   dt: f
   data: [ 9.98218417e-01, -4.40328894e-03, -5.95027879e-02,
       4.13773162e-03, 9.99980927e-01, -4.58541745e-03, 5.95218427e-02,
       4.33104159e-03, 9.98217583e-01 ]
