%YAML:1.0
---
Q: !!opencv-matrix
   rows: 4
   cols: 4
   dt: f
   data: [ 1., 0., 0., -4.04046844e+02, 0., 1., 0., -2.31818054e+02, 0.,
       0., 0., 3.56792694e+02, 0., 0., 5.39010298e-03, 0. ]
R: !!opencv-matrix
   rows: 3
   cols: 3
   dt: d
   data: [ 9.9506348911656128e-01, 1.1250373611962848e-02,
       -2.6709858803861718e-03, -9.6664144449246144e-03,
       1.0008932820547791e+00, 9.2416794089641222e-03,
       3.4335558951440735e-03, -9.2615983388367705e-03,
       1.0009264481039992e+00 ]
T: !!opencv-matrix
   rows: 3
   cols: 1
   dt: d
   data: [ -1.8587412507492166e+02, 8.1997696936558728e-01,
       5.9173915275512501e+00 ]
E: !!opencv-matrix
   rows: 0
   cols: 0
   dt: u
   data: []
F: !!opencv-matrix
   rows: 0
   cols: 0
   dt: u
   data: []
K1: !!opencv-matrix
   rows: 3
   cols: 3
   dt: d
   data: [ 3.6627756984521932e+02, 0., 3.8060969928433269e+02, 0.,
       3.6653175179255015e+02, 2.3878059668569790e+02, 0., 0., 1. ]
D1: !!opencv-matrix
   rows: 5
   cols: 1
   dt: d
   data: [ -2.1859934914563901e-02, -9.9468572971318997e-04,
       1.6448003429794193e-03, -3.1164985765511365e-04,
       3.5195408316194161e-04 ]
P1: !!opencv-matrix
   rows: 3
   cols: 4
   dt: f
   data: [ 3.56792694e+02, 0., 4.04046844e+02, 0., 0., 3.56792694e+02,
       2.31818054e+02, 0., 0., 0., 1., 0. ]
R1: !!opencv-matrix
   rows: 3
   cols: 3
   dt: f
   data: [ 9.99369919e-01, 6.56765793e-03, -3.48795988e-02,
       -6.40930748e-03, 9.99968648e-01, 4.64978395e-03, 3.49090435e-02,
       -4.42329980e-03, 9.99380708e-01 ]
K2: !!opencv-matrix
   rows: 3
   cols: 3
   dt: d
   data: [ 3.6687495098581172e+02, 0., 3.7621769200552956e+02, 0.,
       3.6726361788508825e+02, 2.2399932895774910e+02, 0., 0., 1. ]
D2: !!opencv-matrix
   rows: 5
   cols: 1
   dt: d
   data: [ -2.2201337830972428e-02, -1.1445843221826492e-03,
       2.9199201696882579e-04, -7.1705872414221615e-04,
       5.1284674356775366e-04 ]
P2: !!opencv-matrix
   rows: 3
   cols: 4
   dt: f
   data: [ 3.56792694e+02, 0., 4.04046844e+02, -6.61940391e+04, 0.,
       3.56792694e+02, 2.31818054e+02, 0., 0., 0., 1., 0. ]
R2: !!opencv-matrix
   rows: 3
   cols: 3
   dt: f
   data: [ 9.99483943e-01, -4.40918701e-03, -3.18190455e-02,
       4.26475191e-03, 9.99980271e-01, -4.60570958e-03, 3.18387263e-02,
       4.46763262e-03, 9.99483049e-01 ]
