%YAML:1.0
---
Q: !!opencv-matrix
   rows: 4
   cols: 4
   dt: f
   data: [ 1., 0., 0., -4.28194580e+02, 0., 1., 0., -2.33905518e+02, 0.,
       0., 0., 3.72532990e+02, 0., 0., 6.18489645e-03, 0. ]
R: !!opencv-matrix
   rows: 3
   cols: 3
   dt: d
   data: [ 1.0072923092280719e+00, 1.1103789214783180e-02,
       -3.6990865020820178e-03, -9.7539153184369072e-03,
       1.0062651346228035e+00, -4.3424932296713500e-02,
       3.2669963887024230e-03, 4.3364588673174768e-02,
       1.0064016872134518e+00 ]
T: !!opencv-matrix
   rows: 3
   cols: 1
   dt: d
   data: [ -1.6072369570921870e+02, 1.0206404667690835e+01,
       1.0145875148431553e+01 ]
E: !!opencv-matrix
   rows: 0
   cols: 0
   dt: u
   data: []
F: !!opencv-matrix
   rows: 0
   cols: 0
   dt: u
   data: []
K1: !!opencv-matrix
   rows: 3
   cols: 3
   dt: d
   data: [ 3.6627756984521932e+02, 0., 3.8060969928433269e+02, 0.,
       3.6653175179255015e+02, 2.3878059668569790e+02, 0., 0., 1. ]
D1: !!opencv-matrix
   rows: 5
   cols: 1
   dt: d
   data: [ -2.1859934914563901e-02, -9.9468572971318997e-04,
       1.6448003429794193e-03, -3.1164985765511365e-04,
       3.5195408316194161e-04 ]
P1: !!opencv-matrix
   rows: 3
   cols: 4
   dt: f
   data: [ 3.72532990e+02, 0., 4.28194580e+02, 0., 0., 3.72532990e+02,
       2.33905518e+02, 0., 0., 0., 1., 0. ]
R1: !!opencv-matrix
   rows: 3
   cols: 3
   dt: f
   data: [ 9.96458232e-01, -5.49578629e-02, -6.36445805e-02,
       5.35606407e-02, 9.98289049e-01, -2.34567169e-02, 6.48248196e-02,
       1.99647937e-02, 9.97696936e-01 ]
K2: !!opencv-matrix
   rows: 3
   cols: 3
   dt: d
   data: [ 3.6687495098581172e+02, 0., 3.7621769200552956e+02, 0.,
       3.6726361788508825e+02, 2.2399932895774910e+02, 0., 0., 1. ]
D2: !!opencv-matrix
   rows: 5
   cols: 1
   dt: d
   data: [ -2.2201337830972428e-02, -1.1445843221826492e-03,
       2.9199201696882579e-04, -7.1705872414221615e-04,
       5.1284674356775366e-04 ]
P2: !!opencv-matrix
   rows: 3
   cols: 4
   dt: f
   data: [ 3.72532990e+02, 0., 4.28194580e+02, -6.02326953e+04, 0.,
       3.72532990e+02, 2.33905518e+02, 0., 0., 0., 1., 0. ]
R2: !!opencv-matrix
   rows: 3
   cols: 3
   dt: f
   data: [ 9.96015191e-01, -6.32497519e-02, -6.28746450e-02,
       6.46024197e-02, 9.97716308e-01, 1.97167024e-02, 6.14839830e-02,
       -2.36999895e-02, 9.97826636e-01 ]
