%YAML:1.0
---
Q: !!opencv-matrix
   rows: 4
   cols: 4
   dt: f
   data: [ 1., 0., 0., -4.13354431e+02, 0., 1., 0., -2.33903534e+02, 0.,
       0., 0., 3.67585663e+02, 0., 0., 1.05315056e+01, 0. ]
R: !!opencv-matrix
   rows: 3
   cols: 3
   dt: d
   data: [ 1.0778934864762562e+00, -5.6900210005681531e-02,
       2.1667243452912995e-02, 4.9171465351712067e-02,
       1.0850916462870281e+00, -4.5344016047362518e-02,
       -5.0364564066225241e-02, 5.0261308959406309e-02,
       1.0862057997439669e+00 ]
T: !!opencv-matrix
   rows: 3
   cols: 1
   dt: d
   data: [ -9.4574849863129321e-02, 6.0057716778364589e-03,
       5.9695136135175415e-03 ]
E: !!opencv-matrix
   rows: 0
   cols: 0
   dt: u
   data: []
F: !!opencv-matrix
   rows: 0
   cols: 0
   dt: u
   data: []
K1: !!opencv-matrix
   rows: 3
   cols: 3
   dt: d
   data: [ 3.6627756984521932e+02, 0., 3.8060969928433269e+02, 0.,
       3.6653175179255015e+02, 2.3878059668569790e+02, 0., 0., 1. ]
D1: !!opencv-matrix
   rows: 5
   cols: 1
   dt: d
   data: [ -2.1859934914563901e-02, -9.9468572971318997e-04,
       1.6448003429794193e-03, -3.1164985765511365e-04,
       3.5195408316194161e-04 ]
P1: !!opencv-matrix
   rows: 3
   cols: 4
   dt: f
   data: [ 3.67585663e+02, 0., 4.13354431e+02, 0., 0., 3.67585663e+02,
       2.33903534e+02, 0., 0., 0., 1., 0. ]
R1: !!opencv-matrix
   rows: 3
   cols: 3
   dt: f
   data: [ 9.93181825e-01, -1.13645069e-01, -2.59744320e-02,
       1.13088422e-01, 9.93341684e-01, -2.19839476e-02, 2.82998551e-02,
       1.88966505e-02, 9.99420822e-01 ]
K2: !!opencv-matrix
   rows: 3
   cols: 3
   dt: d
   data: [ 3.6687495098581172e+02, 0., 3.7621769200552956e+02, 0.,
       3.6726361788508825e+02, 2.2399932895774910e+02, 0., 0., 1. ]
D2: !!opencv-matrix
   rows: 5
   cols: 1
   dt: d
   data: [ -2.2201337830972428e-02, -1.1445843221826492e-03,
       2.9199201696882579e-04, -7.1705872414221615e-04,
       5.1284674356775366e-04 ]
P2: !!opencv-matrix
   rows: 3
   cols: 4
   dt: f
   data: [ 3.67585663e+02, 0., 4.13354431e+02, -3.49034271e+01, 0.,
       3.67585663e+02, 2.33903534e+02, 0., 0., 0., 1., 0. ]
R2: !!opencv-matrix
   rows: 3
   cols: 3
   dt: f
   data: [ 9.96015608e-01, -6.32498190e-02, -6.28679693e-02,
       6.45250529e-02, 9.97745275e-01, 1.84633285e-02, 6.15584143e-02,
       -2.24463232e-02, 9.97851074e-01 ]
