%YAML:1.0
---
Q: !!opencv-matrix
   rows: 4
   cols: 4
   dt: f
   data: [ 1., 0., 0., -4.13447479e+02, 0., 1., 0., -2.33910126e+02, 0.,
       0., 0., 3.67565765e+02, 0., 0., 3.80051523e-01, 0. ]
R: !!opencv-matrix
   rows: 3
   cols: 3
   dt: d
   data: [ 1.0490620247828217e+00, -5.5242829066426163e-02,
       2.0604033842116658e-02, 4.7893023489582201e-02,
       1.0563973649840612e+00, -4.4114196662124815e-02,
       -4.9011886139547642e-02, 4.8922973215535799e-02,
       1.0575227511339578e+00 ]
T: !!opencv-matrix
   rows: 3
   cols: 1
   dt: d
   data: [ -2.6207383493786160e+00, 1.6642433138444160e-01,
       1.6541959512694587e-01 ]
E: !!opencv-matrix
   rows: 0
   cols: 0
   dt: u
   data: []
F: !!opencv-matrix
   rows: 0
   cols: 0
   dt: u
   data: []
K1: !!opencv-matrix
   rows: 3
   cols: 3
   dt: d
   data: [ 3.6627756984521932e+02, 0., 3.8060969928433269e+02, 0.,
       3.6653175179255015e+02, 2.3878059668569790e+02, 0., 0., 1. ]
D1: !!opencv-matrix
   rows: 5
   cols: 1
   dt: d
   data: [ -2.1859934914563901e-02, -9.9468572971318997e-04,
       1.6448003429794193e-03, -3.1164985765511365e-04,
       3.5195408316194161e-04 ]
P1: !!opencv-matrix
   rows: 3
   cols: 4
   dt: f
   data: [ 3.67565765e+02, 0., 4.13447479e+02, 0., 0., 3.67565765e+02,
       2.33910126e+02, 0., 0., 0., 1., 0. ]
R1: !!opencv-matrix
   rows: 3
   cols: 3
   dt: f
   data: [ 9.93181825e-01, -1.13590546e-01, -2.62118988e-02,
       1.13029227e-01, 9.93348300e-01, -2.19900180e-02, 2.85354014e-02,
       1.88773759e-02, 9.99414504e-01 ]
K2: !!opencv-matrix
   rows: 3
   cols: 3
   dt: d
   data: [ 3.6687495098581172e+02, 0., 3.7621769200552956e+02, 0.,
       3.6726361788508825e+02, 2.2399932895774910e+02, 0., 0., 1. ]
D2: !!opencv-matrix
   rows: 5
   cols: 1
   dt: d
   data: [ -2.2201337830972428e-02, -1.1445843221826492e-03,
       2.9199201696882579e-04, -7.1705872414221615e-04,
       5.1284674356775366e-04 ]
P2: !!opencv-matrix
   rows: 3
   cols: 4
   dt: f
   data: [ 3.67565765e+02, 0., 4.13447479e+02, -9.67147217e+02, 0.,
       3.67565765e+02, 2.33910126e+02, 0., 0., 0., 1., 0. ]
R2: !!opencv-matrix
   rows: 3
   cols: 3
   dt: f
   data: [ 9.96015608e-01, -6.32498190e-02, -6.28679693e-02,
       6.45246506e-02, 9.97745395e-01, 1.84567217e-02, 6.15588427e-02,
       -2.24397164e-02, 9.97851193e-01 ]
