%YAML:1.0
---
Q: !!opencv-matrix
   rows: 4
   cols: 4
   dt: f
   data: [ 1., 0., 0., -4.28262512e+02, 0., 1., 0., -2.33933929e+02, 0.,
       0., 0., 3.72292969e+02, 0., 0., 6.20218692e-03, 0. ]
R: !!opencv-matrix
   rows: 3
   cols: 3
   dt: d
   data: [ 1.0125303131203061e+00, 6.9657925503921981e-03,
       3.8494663936127896e-02, -7.5635211149975914e-03,
       1.0121028001814507e+00, -4.3432948440768407e-02,
       -4.9736153447871724e-02, 4.3869981150931395e-02,
       1.0114403711612185e+00 ]
T: !!opencv-matrix
   rows: 3
   cols: 1
   dt: d
   data: [ -1.2039970948867079e+02, 7.6457166840535047e+00,
       7.5999706594652521e+00 ]
E: !!opencv-matrix
   rows: 0
   cols: 0
   dt: u
   data: []
F: !!opencv-matrix
   rows: 0
   cols: 0
   dt: u
   data: []
K1: !!opencv-matrix
   rows: 3
   cols: 3
   dt: d
   data: [ 3.6627756984521932e+02, 0., 3.8060969928433269e+02, 0.,
       3.6653175179255015e+02, 2.3878059668569790e+02, 0., 0., 1. ]
D1: !!opencv-matrix
   rows: 5
   cols: 1
   dt: d
   data: [ -2.1859934914563901e-02, -9.9468572971318997e-04,
       1.6448003429794193e-03, -3.1164985765511365e-04,
       3.5195408316194161e-04 ]
P1: !!opencv-matrix
   rows: 3
   cols: 4
   dt: f
   data: [ 3.72292969e+02, 0., 4.28262512e+02, 0., 0., 3.72292969e+02,
       2.33933929e+02, 0., 0., 0., 1., 0. ]
R1: !!opencv-matrix
   rows: 3
   cols: 3
   dt: f
   data: [ 9.96374071e-01, -5.62780611e-02, -6.38082176e-02,
       5.48757315e-02, 9.98216093e-01, -2.35221982e-02, 6.50181770e-02,
       1.99353844e-02, 9.97684956e-01 ]
K2: !!opencv-matrix
   rows: 3
   cols: 3
   dt: d
   data: [ 3.6687495098581172e+02, 0., 3.7621769200552956e+02, 0.,
       3.6726361788508825e+02, 2.2399932895774910e+02, 0., 0., 1. ]
D2: !!opencv-matrix
   rows: 5
   cols: 1
   dt: d
   data: [ -2.2201337830972428e-02, -1.1445843221826492e-03,
       2.9199201696882579e-04, -7.1705872414221615e-04,
       5.1284674356775366e-04 ]
P2: !!opencv-matrix
   rows: 3
   cols: 4
   dt: f
   data: [ 3.72292969e+02, 0., 4.28262512e+02, -6.00260820e+04, 0.,
       3.72292969e+02, 2.33933929e+02, 0., 0., 0., 1., 0. ]
R2: !!opencv-matrix
   rows: 3
   cols: 3
   dt: f
   data: [ 9.96015191e-01, -6.32497519e-02, -6.28746450e-02,
       6.46035597e-02, 9.97715831e-01, 1.97351947e-02, 6.14827871e-02,
       -2.37184800e-02, 9.97826278e-01 ]
