%YAML:1.0
---
Q: !!opencv-matrix
   rows: 4
   cols: 4
   dt: f
   data: [ 1., 0., 0., -4.13160187e+02, 0., 1., 0., -2.33889069e+02, 0.,
       0., 0., 3.67637726e+02, 0., 0., 4.93971596e+01, 0. ]
R: !!opencv-matrix
   rows: 3
   cols: 3
   dt: d
   data: [ 1.0969984368838315e+00, -5.7745080521708902e-02,
       2.1432283657272982e-02, 5.0124822127696957e-02,
       1.1050661371974460e+00, -4.6138987897707325e-02,
       -5.1244949220163157e-02, 5.1174294776630450e-02,
       1.1062537413550955e+00 ]
T: !!opencv-matrix
   rows: 3
   cols: 1
   dt: d
   data: [ -8.9914142151627484e-03, 5.7098034960794959e-04,
       5.6753322950939137e-04 ]
E: !!opencv-matrix
   rows: 0
   cols: 0
   dt: u
   data: []
F: !!opencv-matrix
   rows: 0
   cols: 0
   dt: u
   data: []
K1: !!opencv-matrix
   rows: 3
   cols: 3
   dt: d
   data: [ 3.6627756984521932e+02, 0., 3.8060969928433269e+02, 0.,
       3.6653175179255015e+02, 2.3878059668569790e+02, 0., 0., 1. ]
D1: !!opencv-matrix
   rows: 5
   cols: 1
   dt: d
   data: [ -2.1859934914563901e-02, -9.9468572971318997e-04,
       1.6448003429794193e-03, -3.1164985765511365e-04,
       3.5195408316194161e-04 ]
P1: !!opencv-matrix
   rows: 3
   cols: 4
   dt: f
   data: [ 3.67637726e+02, 0., 4.13160187e+02, 0., 0., 3.67637726e+02,
       2.33889069e+02, 0., 0., 0., 1., 0. ]
R1: !!opencv-matrix
   rows: 3
   cols: 3
   dt: f
   data: [ 9.93189514e-01, -1.13689952e-01, -2.54788063e-02,
       1.13143086e-01, 9.93335783e-01, -2.19701305e-02, 2.78067924e-02,
       1.89377517e-02, 9.99433935e-01 ]
K2: !!opencv-matrix
   rows: 3
   cols: 3
   dt: d
   data: [ 3.6687495098581172e+02, 0., 3.7621769200552956e+02, 0.,
       3.6726361788508825e+02, 2.2399932895774910e+02, 0., 0., 1. ]
D2: !!opencv-matrix
   rows: 5
   cols: 1
   dt: d
   data: [ -2.2201337830972428e-02, -1.1445843221826492e-03,
       2.9199201696882579e-04, -7.1705872414221615e-04,
       5.1284674356775366e-04 ]
P2: !!opencv-matrix
   rows: 3
   cols: 4
   dt: f
   data: [ 3.67637726e+02, 0., 4.13160187e+02, -7.44248724e+00, 0.,
       3.67637726e+02, 2.33889069e+02, 0., 0., 0., 1., 0. ]
R2: !!opencv-matrix
   rows: 3
   cols: 3
   dt: f
   data: [ 9.96015608e-01, -6.32498190e-02, -6.28679693e-02,
       6.45258948e-02, 9.97744977e-01, 1.84769426e-02, 6.15575351e-02,
       -2.24599354e-02, 9.97850776e-01 ]
