%YAML:1.0
---
Q: !!opencv-matrix
   rows: 4
   cols: 4
   dt: f
   data: [ 1., 0., 0., -4.13447479e+02, 0., 1., 0., -2.33910126e+02, 0.,
       0., 0., 3.67565765e+02, 0., 0., 3.80051523e-01, 0. ]
R: !!opencv-matrix
   rows: 3
   cols: 3
   dt: d
   data: [ 1.0546533740762405e+00, -5.5414026849891496e-02,
       2.0498022726291830e-02, 4.8175468766265335e-02,
       1.0622699161579605e+00, -4.4345774402222878e-02,
       -4.9269028510264143e-02, 4.9186732333564742e-02,
       1.0634241579659451e+00 ]
T: !!opencv-matrix
   rows: 3
   cols: 1
   dt: d
   data: [ -1.2381112717984499e+00, 7.8623583554700130e-02,
       7.8148917445701738e-02 ]
E: !!opencv-matrix
   rows: 0
   cols: 0
   dt: u
   data: []
F: !!opencv-matrix
   rows: 0
   cols: 0
   dt: u
   data: []
K1: !!opencv-matrix
   rows: 3
   cols: 3
   dt: d
   data: [ 3.6627756984521932e+02, 0., 3.8060969928433269e+02, 0.,
       3.6653175179255015e+02, 2.3878059668569790e+02, 0., 0., 1. ]
D1: !!opencv-matrix
   rows: 5
   cols: 1
   dt: d
   data: [ -2.1859934914563901e-02, -9.9468572971318997e-04,
       1.6448003429794193e-03, -3.1164985765511365e-04,
       3.5195408316194161e-04 ]
P1: !!opencv-matrix
   rows: 3
   cols: 4
   dt: f
   data: [ 3.67565765e+02, 0., 4.13447479e+02, 0., 0., 3.67565765e+02,
       2.33910126e+02, 0., 0., 0., 1., 0. ]
R1: !!opencv-matrix
   rows: 3
   cols: 3
   dt: f
   data: [ 9.93181825e-01, -1.13590546e-01, -2.62118988e-02,
       1.13029227e-01, 9.93348300e-01, -2.19900180e-02, 2.85354014e-02,
       1.88773759e-02, 9.99414504e-01 ]
K2: !!opencv-matrix
   rows: 3
   cols: 3
   dt: d
   data: [ 3.6687495098581172e+02, 0., 3.7621769200552956e+02, 0.,
       3.6726361788508825e+02, 2.2399932895774910e+02, 0., 0., 1. ]
D2: !!opencv-matrix
   rows: 5
   cols: 1
   dt: d
   data: [ -2.2201337830972428e-02, -1.1445843221826492e-03,
       2.9199201696882579e-04, -7.1705872414221615e-04,
       5.1284674356775366e-04 ]
P2: !!opencv-matrix
   rows: 3
   cols: 4
   dt: f
   data: [ 3.67565765e+02, 0., 4.13447479e+02, -9.67147217e+02, 0.,
       3.67565765e+02, 2.33910126e+02, 0., 0., 0., 1., 0. ]
R2: !!opencv-matrix
   rows: 3
   cols: 3
   dt: f
   data: [ 9.96015608e-01, -6.32498190e-02, -6.28679693e-02,
       6.45246506e-02, 9.97745395e-01, 1.84567217e-02, 6.15588427e-02,
       -2.24397164e-02, 9.97851193e-01 ]
