%YAML:1.0
---
Q: !!opencv-matrix
   rows: 4
   cols: 4
   dt: f
   data: [ 1., 0., 0., -3.83186859e+02, 0., 1., 0., -2.32192963e+02, 0.,
       0., 0., 3.61818756e+02, 0., 0., 5.57299098e-03, 0. ]
R: !!opencv-matrix
   rows: 3
   cols: 3
   dt: d
   data: [ 9.9996268736769434e-01, 9.7520195560901919e-03,
       -3.1675989163772477e-03, -9.6784542258879988e-03,
       1.0000067246560833e+00, 9.2364507016986751e-03,
       3.2440153938196304e-03, -9.2048087885353690e-03,
       1.0000513331708145e+00 ]
T: !!opencv-matrix
   rows: 3
   cols: 1
   dt: d
   data: [ -1.7910703801484880e+02, 1.1373804805978510e+01,
       7.6785024162043813e-01 ]
E: !!opencv-matrix
   rows: 0
   cols: 0
   dt: u
   data: []
F: !!opencv-matrix
   rows: 0
   cols: 0
   dt: u
   data: []
K1: !!opencv-matrix
   rows: 3
   cols: 3
   dt: d
   data: [ 3.6627756984521932e+02, 0., 3.8060969928433269e+02, 0.,
       3.6653175179255015e+02, 2.3878059668569790e+02, 0., 0., 1. ]
D1: !!opencv-matrix
   rows: 5
   cols: 1
   dt: d
   data: [ -2.1859934914563901e-02, -9.9468572971318997e-04,
       1.6448003429794193e-03, -3.1164985765511365e-04,
       3.5195408316194161e-04 ]
P1: !!opencv-matrix
   rows: 3
   cols: 4
   dt: f
   data: [ 3.61818756e+02, 0., 3.83186859e+02, 0., 0., 3.61818756e+02,
       2.32192963e+02, 0., 0., 0., 1., 0. ]
R1: !!opencv-matrix
   rows: 3
   cols: 3
   dt: f
   data: [ 9.98528481e-01, -5.36328144e-02, -8.02334864e-03,
       5.36687486e-02, 9.98549402e-01, 4.33237944e-03, 7.77935190e-03,
       -4.75660758e-03, 9.99958456e-01 ]
K2: !!opencv-matrix
   rows: 3
   cols: 3
   dt: d
   data: [ 3.6687495098581172e+02, 0., 3.7621769200552956e+02, 0.,
       3.6726361788508825e+02, 2.2399932895774910e+02, 0., 0., 1. ]
D2: !!opencv-matrix
   rows: 5
   cols: 1
   dt: d
   data: [ -2.2201337830972428e-02, -1.1445843221826492e-03,
       2.9199201696882579e-04, -7.1705872414221615e-04,
       5.1284674356775366e-04 ]
P2: !!opencv-matrix
   rows: 3
   cols: 4
   dt: f
   data: [ 3.61818756e+02, 0., 3.83186859e+02, -6.49236211e+04, 0.,
       3.61818756e+02, 2.32192963e+02, 0., 0., 0., 1., 0. ]
R2: !!opencv-matrix
   rows: 3
   cols: 3
   dt: f
   data: [ 9.97980654e-01, -6.33746013e-02, -4.27842839e-03,
       6.33544847e-02, 9.97980118e-01, -4.68412880e-03, 4.56664106e-03,
       4.40361211e-03, 9.99979854e-01 ]
