%YAML:1.0
---
Q: !!opencv-matrix
   rows: 4
   cols: 4
   dt: f
   data: [ 1., 0., 0., -4.09598572e+02, 0., 1., 0., -2.33593201e+02, 0.,
       0., 0., 3.69222931e+02, 0., 0., 3.95660773e-02, 0. ]
R: !!opencv-matrix
   rows: 3
   cols: 3
   dt: d
   data: [ 1.0304980129292418e+00, -5.0179610156104795e-02,
       3.4992902993606391e-02, 4.6624029973533078e-02,
       1.0335686824982067e+00, -4.4112890261168700e-02,
       -4.8207905422703118e-02, 4.7632118435656297e-02,
       1.0339805316985675e+00 ]
T: !!opencv-matrix
   rows: 3
   cols: 1
   dt: d
   data: [ -1.9764603348633724e+01, 1.2551084687133638e+00,
       1.2475311308747765e+00 ]
E: !!opencv-matrix
   rows: 0
   cols: 0
   dt: u
   data: []
F: !!opencv-matrix
   rows: 0
   cols: 0
   dt: u
   data: []
K1: !!opencv-matrix
   rows: 3
   cols: 3
   dt: d
   data: [ 3.6627756984521932e+02, 0., 3.8060969928433269e+02, 0.,
       3.6653175179255015e+02, 2.3878059668569790e+02, 0., 0., 1. ]
D1: !!opencv-matrix
   rows: 5
   cols: 1
   dt: d
   data: [ -2.1859934914563901e-02, -9.9468572971318997e-04,
       1.6448003429794193e-03, -3.1164985765511365e-04,
       3.5195408316194161e-04 ]
P1: !!opencv-matrix
   rows: 3
   cols: 4
   dt: f
   data: [ 3.69222931e+02, 0., 4.09598572e+02, 0., 0., 3.69222931e+02,
       2.33593201e+02, 0., 0., 0., 1., 0. ]
R1: !!opencv-matrix
   rows: 3
   cols: 3
   dt: f
   data: [ 9.93740022e-01, -1.10507689e-01, -1.63957644e-02,
       1.10143483e-01, 9.93679523e-01, -2.16664057e-02, 1.86864398e-02,
       1.97248887e-02, 9.99630809e-01 ]
K2: !!opencv-matrix
   rows: 3
   cols: 3
   dt: d
   data: [ 3.6687495098581172e+02, 0., 3.7621769200552956e+02, 0.,
       3.6726361788508825e+02, 2.2399932895774910e+02, 0., 0., 1. ]
D2: !!opencv-matrix
   rows: 5
   cols: 1
   dt: d
   data: [ -2.2201337830972428e-02, -1.1445843221826492e-03,
       2.9199201696882579e-04, -7.1705872414221615e-04,
       5.1284674356775366e-04 ]
P2: !!opencv-matrix
   rows: 3
   cols: 4
   dt: f
   data: [ 3.69222931e+02, 0., 4.09598572e+02, -9.33180469e+03, 0.,
       3.69222931e+02, 2.33593201e+02, 0., 0., 0., 1., 0. ]
R2: !!opencv-matrix
   rows: 3
   cols: 3
   dt: f
   data: [ 9.96015608e-01, -6.32498190e-02, -6.28679693e-02,
       6.45406395e-02, 9.97739553e-01, 1.87159721e-02, 6.15420789e-02,
       -2.26989388e-02, 9.97846365e-01 ]
