%YAML:1.0
---
Q: !!opencv-matrix
   rows: 4
   cols: 4
   dt: f
   data: [ 1., 0., 0., -3.82351746e+02, 0., 1., 0., -2.31849915e+02, 0.,
       0., 0., 3.58598572e+02, 0., 0., 5.55466861e-03, 0. ]
R: !!opencv-matrix
   rows: 3
   cols: 3
   dt: d
   data: [ 9.9996960180799088e-01, 9.7280243299884481e-03,
       -3.1487463352417732e-03, -9.6828015287239565e-03,
       9.9989447209261495e-01, 9.2345197639794006e-03,
       3.2431048264696437e-03, -9.2036150708158394e-03,
       9.9993636094297045e-01 ]
T: !!opencv-matrix
   rows: 3
   cols: 1
   dt: d
   data: [ -1.8002551634766189e+02, 7.9416339900125699e-01,
       7.2994177100608371e-01 ]
E: !!opencv-matrix
   rows: 0
   cols: 0
   dt: u
   data: []
F: !!opencv-matrix
   rows: 0
   cols: 0
   dt: u
   data: []
K1: !!opencv-matrix
   rows: 3
   cols: 3
   dt: d
   data: [ 3.6627756984521932e+02, 0., 3.8060969928433269e+02, 0.,
       3.6653175179255015e+02, 2.3878059668569790e+02, 0., 0., 1. ]
D1: !!opencv-matrix
   rows: 5
   cols: 1
   dt: d
   data: [ -2.1859934914563901e-02, -9.9468572971318997e-04,
       1.6448003429794193e-03, -3.1164985765511365e-04,
       3.5195408316194161e-04 ]
P1: !!opencv-matrix
   rows: 3
   cols: 4
   dt: f
   data: [ 3.58598572e+02, 0., 3.82351746e+02, 0., 0., 3.58598572e+02,
       2.31849915e+02, 0., 0., 0., 1., 0. ]
R1: !!opencv-matrix
   rows: 3
   cols: 3
   dt: f
   data: [ 9.99959469e-01, 5.34635223e-03, -7.24628428e-03,
       -5.31298853e-03, 9.99975204e-01, 4.61565470e-03, 7.27078179e-03,
       -4.57696849e-03, 9.99963105e-01 ]
K2: !!opencv-matrix
   rows: 3
   cols: 3
   dt: d
   data: [ 3.6687495098581172e+02, 0., 3.7621769200552956e+02, 0.,
       3.6726361788508825e+02, 2.2399932895774910e+02, 0., 0., 1. ]
D2: !!opencv-matrix
   rows: 5
   cols: 1
   dt: d
   data: [ -2.2201337830972428e-02, -1.1445843221826492e-03,
       2.9199201696882579e-04, -7.1705872414221615e-04,
       5.1284674356775366e-04 ]
P2: !!opencv-matrix
   rows: 3
   cols: 4
   dt: f
   data: [ 3.58598572e+02, 0., 3.82351746e+02, -6.45580508e+04, 0.,
       3.58598572e+02, 2.31849915e+02, 0., 0., 0., 1., 0. ]
R2: !!opencv-matrix
   rows: 3
   cols: 3
   dt: f
   data: [ 9.99982059e-01, -4.41131415e-03, -4.05458454e-03,
       4.39263135e-03, 9.99979734e-01, -4.60528396e-03, 4.07481752e-03,
       4.58739093e-03, 9.99981165e-01 ]
