%YAML:1.0
---
Q: !!opencv-matrix
   rows: 4
   cols: 4
   dt: f
   data: [ 1., 0., 0., -4.13402985e+02, 0., 1., 0., -2.33907104e+02, 0.,
       0., 0., 3.67573425e+02, 0., 0., 2.16431313e+01, 0. ]
R: !!opencv-matrix
   rows: 3
   cols: 3
   dt: d
   data: [ 1.0916920200465061e+00, -5.7745679966639256e-02,
       2.3013444688727604e-02, 4.9764067529782456e-02,
       1.0986508387815563e+00, -4.5978577150408290e-02,
       -5.1014838455636535e-02, 5.0897487064821063e-02,
       1.0997024466472656e+00 ]
T: !!opencv-matrix
   rows: 3
   cols: 1
   dt: d
   data: [ -2.0163418371450643e-02, 1.2804343560939191e-03,
       1.2727041225246536e-03 ]
E: !!opencv-matrix
   rows: 0
   cols: 0
   dt: u
   data: []
F: !!opencv-matrix
   rows: 0
   cols: 0
   dt: u
   data: []
K1: !!opencv-matrix
   rows: 3
   cols: 3
   dt: d
   data: [ 3.6627756984521932e+02, 0., 3.8060969928433269e+02, 0.,
       3.6653175179255015e+02, 2.3878059668569790e+02, 0., 0., 1. ]
D1: !!opencv-matrix
   rows: 5
   cols: 1
   dt: d
   data: [ -2.1859934914563901e-02, -9.9468572971318997e-04,
       1.6448003429794193e-03, -3.1164985765511365e-04,
       3.5195408316194161e-04 ]
P1: !!opencv-matrix
   rows: 3
   cols: 4
   dt: f
   data: [ 3.67573425e+02, 0., 4.13402985e+02, 0., 0., 3.67573425e+02,
       2.33907104e+02, 0., 0., 0., 1., 0. ]
R1: !!opencv-matrix
   rows: 3
   cols: 3
   dt: f
   data: [ 9.93180454e-01, -1.13628566e-01, -2.60983035e-02,
       1.13069482e-01, 9.93343771e-01, -2.19873115e-02, 2.84229741e-02,
       1.88864470e-02, 9.99417543e-01 ]
K2: !!opencv-matrix
   rows: 3
   cols: 3
   dt: d
   data: [ 3.6687495098581172e+02, 0., 3.7621769200552956e+02, 0.,
       3.6726361788508825e+02, 2.2399932895774910e+02, 0., 0., 1. ]
D2: !!opencv-matrix
   rows: 5
   cols: 1
   dt: d
   data: [ -2.2201337830972428e-02, -1.1445843221826492e-03,
       2.9199201696882579e-04, -7.1705872414221615e-04,
       5.1284674356775366e-04 ]
P2: !!opencv-matrix
   rows: 3
   cols: 4
   dt: f
   data: [ 3.67573425e+02, 0., 4.13402985e+02, -1.69833755e+01, 0.,
       3.67573425e+02, 2.33907104e+02, 0., 0., 0., 1., 0. ]
R2: !!opencv-matrix
   rows: 3
   cols: 3
   dt: f
   data: [ 9.96015608e-01, -6.32498190e-02, -6.28679693e-02,
       6.45248443e-02, 9.97745335e-01, 1.84599124e-02, 6.15586378e-02,
       -2.24429071e-02, 9.97851133e-01 ]
