%YAML:1.0
---
Q: !!opencv-matrix
   rows: 4
   cols: 4
   dt: f
   data: [ 1., 0., 0., -4.09017242e+02, 0., 1., 0., -2.33545685e+02, 0.,
       0., 0., 3.69502930e+02, 0., 0., 3.48590650e-02, 0. ]
R: !!opencv-matrix
   rows: 3
   cols: 3
   dt: d
   data: [ 1.0267755134136531e+00, -4.7920105354132908e-02,
       4.0106961597747674e-02, 4.6332922396161949e-02,
       1.0285750638277698e+00, -4.4240462711324126e-02,
       -4.8052195075765497e-02, 4.7280198473665283e-02,
       1.0287802665027426e+00 ]
T: !!opencv-matrix
   rows: 3
   cols: 1
   dt: d
   data: [ -2.5173473679031684e+01, 1.5985871029729615e+00,
       1.5889361207876984e+00 ]
E: !!opencv-matrix
   rows: 0
   cols: 0
   dt: u
   data: []
F: !!opencv-matrix
   rows: 0
   cols: 0
   dt: u
   data: []
K1: !!opencv-matrix
   rows: 3
   cols: 3
   dt: d
   data: [ 3.6627756984521932e+02, 0., 3.8060969928433269e+02, 0.,
       3.6653175179255015e+02, 2.3878059668569790e+02, 0., 0., 1. ]
D1: !!opencv-matrix
   rows: 5
   cols: 1
   dt: d
   data: [ -2.1859934914563901e-02, -9.9468572971318997e-04,
       1.6448003429794193e-03, -3.1164985765511365e-04,
       3.5195408316194161e-04 ]
P1: !!opencv-matrix
   rows: 3
   cols: 4
   dt: f
   data: [ 3.69502930e+02, 0., 4.09017242e+02, 0., 0., 3.69502930e+02,
       2.33545685e+02, 0., 0., 0., 1., 0. ]
R1: !!opencv-matrix
   rows: 3
   cols: 3
   dt: f
   data: [ 9.93833840e-01, -1.09872259e-01, -1.49120064e-02,
       1.09538339e-01, 9.93747473e-01, -2.16182005e-02, 1.71940085e-02,
       1.98514629e-02, 9.99655068e-01 ]
K2: !!opencv-matrix
   rows: 3
   cols: 3
   dt: d
   data: [ 3.6687495098581172e+02, 0., 3.7621769200552956e+02, 0.,
       3.6726361788508825e+02, 2.2399932895774910e+02, 0., 0., 1. ]
D2: !!opencv-matrix
   rows: 5
   cols: 1
   dt: d
   data: [ -2.2201337830972428e-02, -1.1445843221826492e-03,
       2.9199201696882579e-04, -7.1705872414221615e-04,
       5.1284674356775366e-04 ]
P2: !!opencv-matrix
   rows: 3
   cols: 4
   dt: f
   data: [ 3.69502930e+02, 0., 4.09017242e+02, -1.05999092e+04, 0.,
       3.69502930e+02, 2.33545685e+02, 0., 0., 0., 1., 0. ]
R2: !!opencv-matrix
   rows: 3
   cols: 3
   dt: f
   data: [ 9.96015608e-01, -6.32498190e-02, -6.28679767e-02,
       6.45430237e-02, 9.97738659e-01, 1.87546927e-02, 6.15395829e-02,
       -2.27376558e-02, 9.97845590e-01 ]
