%YAML:1.0
---
Q: !!opencv-matrix
   rows: 4
   cols: 4
   dt: f
   data: [ 1., 0., 0., -3.82541718e+02, 0., 1., 0., -2.31851257e+02, 0.,
       0., 0., 3.58741608e+02, 0., 0., 5.55646699e-03, 0. ]
R: !!opencv-matrix
   rows: 3
   cols: 3
   dt: d
   data: [ 9.9994338685360395e-01, 9.7148104465964065e-03,
       -3.1515227929215192e-03, -9.6827256600094409e-03,
       9.9991200649868317e-01, 9.2346848159142007e-03,
       3.2433684674993174e-03, -9.2037327388412304e-03,
       9.9995381384797821e-01 ]
T: !!opencv-matrix
   rows: 3
   cols: 1
   dt: d
   data: [ -1.7996923762887806e+02, 8.4057324506745401e-01,
       7.7265005780712470e-01 ]
E: !!opencv-matrix
   rows: 0
   cols: 0
   dt: u
   data: []
F: !!opencv-matrix
   rows: 0
   cols: 0
   dt: u
   data: []
K1: !!opencv-matrix
   rows: 3
   cols: 3
   dt: d
   data: [ 3.6627756984521932e+02, 0., 3.8060969928433269e+02, 0.,
       3.6653175179255015e+02, 2.3878059668569790e+02, 0., 0., 1. ]
D1: !!opencv-matrix
   rows: 5
   cols: 1
   dt: d
   data: [ -2.1859934914563901e-02, -9.9468572971318997e-04,
       1.6448003429794193e-03, -3.1164985765511365e-04,
       3.5195408316194161e-04 ]
P1: !!opencv-matrix
   rows: 3
   cols: 4
   dt: f
   data: [ 3.58741608e+02, 0., 3.82541718e+02, 0., 0., 3.58741608e+02,
       2.31851257e+02, 0., 0., 0., 1., 0. ]
R1: !!opencv-matrix
   rows: 3
   cols: 3
   dt: f
   data: [ 9.99959052e-01, 5.08336211e-03, -7.48894084e-03,
       -5.04889246e-03, 9.99976635e-01, 4.61450964e-03, 7.51222298e-03,
       -4.57650982e-03, 9.99961317e-01 ]
K2: !!opencv-matrix
   rows: 3
   cols: 3
   dt: d
   data: [ 3.6687495098581172e+02, 0., 3.7621769200552956e+02, 0.,
       3.6726361788508825e+02, 2.2399932895774910e+02, 0., 0., 1. ]
D2: !!opencv-matrix
   rows: 5
   cols: 1
   dt: d
   data: [ -2.2201337830972428e-02, -1.1445843221826492e-03,
       2.9199201696882579e-04, -7.1705872414221615e-04,
       5.1284674356775366e-04 ]
P2: !!opencv-matrix
   rows: 3
   cols: 4
   dt: f
   data: [ 3.58741608e+02, 0., 3.82541718e+02, -6.45628984e+04, 0.,
       3.58741608e+02, 2.31851257e+02, 0., 0., 0., 1., 0. ]
R2: !!opencv-matrix
   rows: 3
   cols: 3
   dt: f
   data: [ 9.99979854e-01, -4.67055570e-03, -4.29314747e-03,
       4.65077674e-03, 9.99978602e-01, -4.60556336e-03, 4.31456603e-03,
       4.58550407e-03, 9.99980152e-01 ]
