%YAML:1.0
---
Q: !!opencv-matrix
   rows: 4
   cols: 4
   dt: f
   data: [ 1., 0., 0., -4.07663788e+02, 0., 1., 0., -2.33126617e+02, 0.,
       0., 0., 3.79600433e+02, 0., 0., 5.58478292e-03, 0. ]
R: !!opencv-matrix
   rows: 3
   cols: 3
   dt: d
   data: [ 1.0017735311762328e+00, 9.5411494485407693e-03,
       4.8459084616407834e-02, -7.4932976278415456e-03,
       1.0010010742894944e+00, -4.3622935121217968e-02,
       -4.9210037971690899e-02, 4.3228466547310281e-02,
       9.9985877234225307e-01 ]
T: !!opencv-matrix
   rows: 3
   cols: 1
   dt: d
   data: [ -1.7830971022945138e+02, 1.1323082440803933e+01,
       1.1255833309787180e+01 ]
E: !!opencv-matrix
   rows: 0
   cols: 0
   dt: u
   data: []
F: !!opencv-matrix
   rows: 0
   cols: 0
   dt: u
   data: []
K1: !!opencv-matrix
   rows: 3
   cols: 3
   dt: d
   data: [ 3.6627756984521932e+02, 0., 3.8060969928433269e+02, 0.,
       3.6653175179255015e+02, 2.3878059668569790e+02, 0., 0., 1. ]
D1: !!opencv-matrix
   rows: 5
   cols: 1
   dt: d
   data: [ -2.1859934914563901e-02, -9.9468572971318997e-04,
       1.6448003429794193e-03, -3.1164985765511365e-04,
       3.5195408316194161e-04 ]
P1: !!opencv-matrix
   rows: 3
   cols: 4
   dt: f
   data: [ 3.79600433e+02, 0., 4.07663788e+02, 0., 0., 3.79600433e+02,
       2.33126617e+02, 0., 0., 0., 1., 0. ]
R1: !!opencv-matrix
   rows: 3
   cols: 3
   dt: f
   data: [ 9.98340726e-01, -5.63843660e-02, -1.16873467e-02,
       5.61261810e-02, 9.98195350e-01, -2.13526599e-02, 1.28702112e-02,
       2.06612628e-02, 9.99703705e-01 ]
K2: !!opencv-matrix
   rows: 3
   cols: 3
   dt: d
   data: [ 3.6687495098581172e+02, 0., 3.7621769200552956e+02, 0.,
       3.6726361788508825e+02, 2.2399932895774910e+02, 0., 0., 1. ]
D2: !!opencv-matrix
   rows: 5
   cols: 1
   dt: d
   data: [ -2.2201337830972428e-02, -1.1445843221826492e-03,
       2.9199201696882579e-04, -7.1705872414221615e-04,
       5.1284674356775366e-04 ]
P2: !!opencv-matrix
   rows: 3
   cols: 4
   dt: f
   data: [ 3.79600433e+02, 0., 4.07663788e+02, -6.79704844e+04, 0.,
       3.79600433e+02, 2.33126617e+02, 0., 0., 0., 1., 0. ]
R2: !!opencv-matrix
   rows: 3
   cols: 3
   dt: f
   data: [ 9.96015251e-01, -6.32492900e-02, -6.28736466e-02,
       6.45579472e-02, 9.97732997e-01, 1.90030970e-02, 6.15291819e-02,
       -2.29863692e-02, 9.97840583e-01 ]
