%YAML:1.0
---
Q: !!opencv-matrix
   rows: 4
   cols: 4
   dt: f
   data: [ 1., 0., 0., -4.29453064e+02, 0., 1., 0., -2.33900406e+02, 0.,
       0., 0., 3.65840424e+02, 0., 0., 5.49684977e-03, 0. ]
R: !!opencv-matrix
   rows: 3
   cols: 3
   dt: d
   data: [ 9.9914678726114570e-01, 1.0638815515428859e-02,
       -3.5722108744571501e-03, -9.6194145863924344e-03,
       1.0000838792196252e+00, 9.2633509977486615e-03,
       3.3092670629228439e-03, -9.2641724733522855e-03,
       1.0002107612525062e+00 ]
T: !!opencv-matrix
   rows: 3
   cols: 1
   dt: d
   data: [ -1.8108780264907128e+02, 1.1499529506775376e+01,
       1.1431131353156713e+01 ]
E: !!opencv-matrix
   rows: 0
   cols: 0
   dt: u
   data: []
F: !!opencv-matrix
   rows: 0
   cols: 0
   dt: u
   data: []
K1: !!opencv-matrix
   rows: 3
   cols: 3
   dt: d
   data: [ 3.6627756984521932e+02, 0., 3.8060969928433269e+02, 0.,
       3.6653175179255015e+02, 2.3878059668569790e+02, 0., 0., 1. ]
D1: !!opencv-matrix
   rows: 5
   cols: 1
   dt: d
   data: [ -2.1859934914563901e-02, -9.9468572971318997e-04,
       1.6448003429794193e-03, -3.1164985765511365e-04,
       3.5195408316194161e-04 ]
P1: !!opencv-matrix
   rows: 3
   cols: 4
   dt: f
   data: [ 3.65840424e+02, 0., 4.29453064e+02, 0., 0., 3.65840424e+02,
       2.33900406e+02, 0., 0., 0., 1., 0. ]
R1: !!opencv-matrix
   rows: 3
   cols: 3
   dt: f
   data: [ 9.96383131e-01, -5.23619503e-02, -6.69248104e-02,
       5.26572838e-02, 9.98609126e-01, 2.65532872e-03, 6.66926876e-02,
       -6.16980344e-03, 9.97754514e-01 ]
K2: !!opencv-matrix
   rows: 3
   cols: 3
   dt: d
   data: [ 3.6687495098581172e+02, 0., 3.7621769200552956e+02, 0.,
       3.6726361788508825e+02, 2.2399932895774910e+02, 0., 0., 1. ]
D2: !!opencv-matrix
   rows: 5
   cols: 1
   dt: d
   data: [ -2.2201337830972428e-02, -1.1445843221826492e-03,
       2.9199201696882579e-04, -7.1705872414221615e-04,
       5.1284674356775366e-04 ]
P2: !!opencv-matrix
   rows: 3
   cols: 4
   dt: f
   data: [ 3.65840424e+02, 0., 4.29453064e+02, -6.65545625e+04, 0.,
       3.65840424e+02, 2.33900406e+02, 0., 0., 0., 1., 0. ]
R2: !!opencv-matrix
   rows: 3
   cols: 3
   dt: f
   data: [ 9.96015310e-01, -6.32494688e-02, -6.28732666e-02,
       6.29708916e-02, 9.97994840e-01, -6.40451256e-03, 6.31522760e-02,
       2.41980678e-03, 9.98000979e-01 ]
