%YAML:1.0
---
Q: !!opencv-matrix
   rows: 4
   cols: 4
   dt: f
   data: [ 1., 0., 0., -3.82352386e+02, 0., 1., 0., -2.31849945e+02, 0.,
       0., 0., 3.58601654e+02, 0., 0., 5.55610796e-03, 0. ]
R: !!opencv-matrix
   rows: 3
   cols: 3
   dt: d
   data: [ 9.9994950878684918e-01, 9.7080654142081176e-03,
       -3.1507723264893456e-03, -9.6827953049433528e-03,
       9.9991014191056216e-01, 9.2346551669798514e-03,
       3.2432559522819881e-03, -9.2037455317976000e-03,
       9.9995196456337287e-01 ]
T: !!opencv-matrix
   rows: 3
   cols: 1
   dt: d
   data: [ -1.7997887803018622e+02, 7.9402155107542205e-01,
       7.2980193787233338e-01 ]
E: !!opencv-matrix
   rows: 0
   cols: 0
   dt: u
   data: []
F: !!opencv-matrix
   rows: 0
   cols: 0
   dt: u
   data: []
K1: !!opencv-matrix
   rows: 3
   cols: 3
   dt: d
   data: [ 3.6627756984521932e+02, 0., 3.8060969928433269e+02, 0.,
       3.6653175179255015e+02, 2.3878059668569790e+02, 0., 0., 1. ]
D1: !!opencv-matrix
   rows: 5
   cols: 1
   dt: d
   data: [ -2.1859934914563901e-02, -9.9468572971318997e-04,
       1.6448003429794193e-03, -3.1164985765511365e-04,
       3.5195408316194161e-04 ]
P1: !!opencv-matrix
   rows: 3
   cols: 4
   dt: f
   data: [ 3.58601654e+02, 0., 3.82352386e+02, 0., 0., 3.58601654e+02,
       2.31849945e+02, 0., 0., 0., 1., 0. ]
R1: !!opencv-matrix
   rows: 3
   cols: 3
   dt: f
   data: [ 9.99959469e-01, 5.33603970e-03, -7.24765705e-03,
       -5.30267041e-03, 9.99975264e-01, 4.61561326e-03, 7.27210706e-03,
       -4.57699457e-03, 9.99963105e-01 ]
K2: !!opencv-matrix
   rows: 3
   cols: 3
   dt: d
   data: [ 3.6687495098581172e+02, 0., 3.7621769200552956e+02, 0.,
       3.6726361788508825e+02, 2.2399932895774910e+02, 0., 0., 1. ]
D2: !!opencv-matrix
   rows: 5
   cols: 1
   dt: d
   data: [ -2.2201337830972428e-02, -1.1445843221826492e-03,
       2.9199201696882579e-04, -7.1705872414221615e-04,
       5.1284674356775366e-04 ]
P2: !!opencv-matrix
   rows: 3
   cols: 4
   dt: f
   data: [ 3.58601654e+02, 0., 3.82352386e+02, -6.45418789e+04, 0.,
       3.58601654e+02, 2.31849945e+02, 0., 0., 0., 1., 0. ]
R2: !!opencv-matrix
   rows: 3
   cols: 3
   dt: f
   data: [ 9.99982059e-01, -4.41166945e-03, -4.05485835e-03,
       4.39298525e-03, 9.99979734e-01, -4.60527791e-03, 4.07509319e-03,
       4.58738208e-03, 9.99981165e-01 ]
