%YAML:1.0
---
Q: !!opencv-matrix
   rows: 4
   cols: 4
   dt: f
   data: [ 1., 0., 0., -4.29478851e+02, 0., 1., 0., -2.33892990e+02, 0.,
       0., 0., 3.65905334e+02, 0., 0., 5.46303065e-03, 0. ]
R: !!opencv-matrix
   rows: 3
   cols: 3
   dt: d
   data: [ 9.9828269737066755e-01, 1.1458986956974639e-02,
       -3.6395382795453347e-03, -9.5568045818337118e-03,
       1.0001761565125409e+00, 9.2689213000311313e-03,
       3.3733335088051283e-03, -9.3173444383319454e-03,
       1.0003593427923982e+00 ]
T: !!opencv-matrix
   rows: 3
   cols: 1
   dt: d
   data: [ -1.8228742522110014e+02, 1.1575837048081818e+01,
       1.1507072253693376e+01 ]
E: !!opencv-matrix
   rows: 0
   cols: 0
   dt: u
   data: []
F: !!opencv-matrix
   rows: 0
   cols: 0
   dt: u
   data: []
K1: !!opencv-matrix
   rows: 3
   cols: 3
   dt: d
   data: [ 3.6627756984521932e+02, 0., 3.8060969928433269e+02, 0.,
       3.6653175179255015e+02, 2.3878059668569790e+02, 0., 0., 1. ]
D1: !!opencv-matrix
   rows: 5
   cols: 1
   dt: d
   data: [ -2.1859934914563901e-02, -9.9468572971318997e-04,
       1.6448003429794193e-03, -3.1164985765511365e-04,
       3.5195408316194161e-04 ]
P1: !!opencv-matrix
   rows: 3
   cols: 4
   dt: f
   data: [ 3.65905334e+02, 0., 4.29478851e+02, 0., 0., 3.65905334e+02,
       2.33892990e+02, 0., 0., 0., 1., 0. ]
R1: !!opencv-matrix
   rows: 3
   cols: 3
   dt: f
   data: [ 9.96400833e-01, -5.19446842e-02, -6.69862404e-02,
       5.22408150e-02, 9.98630941e-01, 2.67549255e-03, 6.67555556e-02,
       -6.16527861e-03, 9.97750342e-01 ]
K2: !!opencv-matrix
   rows: 3
   cols: 3
   dt: d
   data: [ 3.6687495098581172e+02, 0., 3.7621769200552956e+02, 0.,
       3.6726361788508825e+02, 2.2399932895774910e+02, 0., 0., 1. ]
D2: !!opencv-matrix
   rows: 5
   cols: 1
   dt: d
   data: [ -2.2201337830972428e-02, -1.1445843221826492e-03,
       2.9199201696882579e-04, -7.1705872414221615e-04,
       5.1284674356775366e-04 ]
P2: !!opencv-matrix
   rows: 3
   cols: 4
   dt: f
   data: [ 3.65905334e+02, 0., 4.29478851e+02, -6.69784453e+04, 0.,
       3.65905334e+02, 2.33892990e+02, 0., 0., 0., 1., 0. ]
R2: !!opencv-matrix
   rows: 3
   cols: 3
   dt: f
   data: [ 9.96015191e-01, -6.32501617e-02, -6.28744364e-02,
       6.29710853e-02, 9.97994781e-01, -6.41237060e-03, 6.31539375e-02,
       2.42754701e-03, 9.98000860e-01 ]
