%YAML:1.0
---
Q: !!opencv-matrix
   rows: 4
   cols: 4
   dt: f
   data: [ 1., 0., 0., -3.82539551e+02, 0., 1., 0., -2.31851273e+02, 0.,
       0., 0., 3.58741425e+02, 0., 0., 5.55632589e-03, 0. ]
R: !!opencv-matrix
   rows: 3
   cols: 3
   dt: d
   data: [ 9.9992067390272688e-01, 9.7659111601235866e-03,
       -3.1254962669787483e-03, -9.6800789484446630e-03,
       9.9992585686964253e-01, 9.2330797689345410e-03,
       3.2435419329244221e-03, -9.2041352972247158e-03,
       9.9997103504022933e-01 ]
T: !!opencv-matrix
   rows: 3
   cols: 1
   dt: d
   data: [ -1.7935005661733308e+02, 1.1389131478002126e+01,
       7.6973277621258596e-01 ]
E: !!opencv-matrix
   rows: 0
   cols: 0
   dt: u
   data: []
F: !!opencv-matrix
   rows: 0
   cols: 0
   dt: u
   data: []
K1: !!opencv-matrix
   rows: 3
   cols: 3
   dt: d
   data: [ 3.6627756984521932e+02, 0., 3.8060969928433269e+02, 0.,
       3.6653175179255015e+02, 2.3878059668569790e+02, 0., 0., 1. ]
D1: !!opencv-matrix
   rows: 5
   cols: 1
   dt: d
   data: [ -2.1859934914563901e-02, -9.9468572971318997e-04,
       1.6448003429794193e-03, -3.1164985765511365e-04,
       3.5195408316194161e-04 ]
P1: !!opencv-matrix
   rows: 3
   cols: 4
   dt: f
   data: [ 3.58741425e+02, 0., 3.82539551e+02, 0., 0., 3.58741425e+02,
       2.31851273e+02, 0., 0., 0., 1., 0. ]
R1: !!opencv-matrix
   rows: 3
   cols: 3
   dt: f
   data: [ 9.99959052e-01, 5.08125219e-03, -7.48590752e-03,
       -5.04679605e-03, 9.99976635e-01, 4.61450033e-03, 7.50917988e-03,
       -4.57653170e-03, 9.99961317e-01 ]
K2: !!opencv-matrix
   rows: 3
   cols: 3
   dt: d
   data: [ 3.6687495098581172e+02, 0., 3.7621769200552956e+02, 0.,
       3.6726361788508825e+02, 2.2399932895774910e+02, 0., 0., 1. ]
D2: !!opencv-matrix
   rows: 5
   cols: 1
   dt: d
   data: [ -2.2201337830972428e-02, -1.1445843221826492e-03,
       2.9199201696882579e-04, -7.1705872414221615e-04,
       5.1284674356775366e-04 ]
P2: !!opencv-matrix
   rows: 3
   cols: 4
   dt: f
   data: [ 3.58741425e+02, 0., 3.82539551e+02, -6.45645000e+04, 0.,
       3.58741425e+02, 2.31851273e+02, 0., 0., 0., 1., 0. ]
R2: !!opencv-matrix
   rows: 3
   cols: 3
   dt: f
   data: [ 9.99979913e-01, -4.66977712e-03, -4.29062312e-03,
       4.65000980e-03, 9.99978602e-01, -4.60556196e-03, 4.31203796e-03,
       4.58551804e-03, 9.99980211e-01 ]
