%YAML:1.0
---
Q: !!opencv-matrix
   rows: 4
   cols: 4
   dt: f
   data: [ 1., 0., 0., -4.07683685e+02, 0., 1., 0., -2.33439392e+02, 0.,
       0., 0., 3.70128662e+02, 0., 0., 5.47544239e-03, 0. ]
R: !!opencv-matrix
   rows: 3
   cols: 3
   dt: d
   data: [ 1.0009048807653103e+00, -4.2814204004781940e-02,
       4.8814803203431484e-02, 4.5015750903033704e-02,
       1.0010341544560282e+00, -4.3686873427684715e-02,
       -4.6863839117966308e-02, 4.5783220832419994e-02,
       1.0008604443701594e+00 ]
T: !!opencv-matrix
   rows: 3
   cols: 1
   dt: d
   data: [ -1.8204352260858710e+02, 1.1560028013086638e+01,
       1.1490870390272695e+01 ]
E: !!opencv-matrix
   rows: 0
   cols: 0
   dt: u
   data: []
F: !!opencv-matrix
   rows: 0
   cols: 0
   dt: u
   data: []
K1: !!opencv-matrix
   rows: 3
   cols: 3
   dt: d
   data: [ 3.6627756984521932e+02, 0., 3.8060969928433269e+02, 0.,
       3.6653175179255015e+02, 2.3878059668569790e+02, 0., 0., 1. ]
D1: !!opencv-matrix
   rows: 5
   cols: 1
   dt: d
   data: [ -2.1859934914563901e-02, -9.9468572971318997e-04,
       1.6448003429794193e-03, -3.1164985765511365e-04,
       3.5195408316194161e-04 ]
P1: !!opencv-matrix
   rows: 3
   cols: 4
   dt: f
   data: [ 3.70128662e+02, 0., 4.07683685e+02, 0., 0., 3.70128662e+02,
       2.33439392e+02, 0., 0., 0., 1., 0. ]
R1: !!opencv-matrix
   rows: 3
   cols: 3
   dt: f
   data: [ 9.94025707e-01, -1.08538061e-01, -1.15043232e-02,
       1.08274087e-01, 9.93888319e-01, -2.15120669e-02, 1.37688909e-02,
       2.01379284e-02, 9.99702394e-01 ]
K2: !!opencv-matrix
   rows: 3
   cols: 3
   dt: d
   data: [ 3.6687495098581172e+02, 0., 3.7621769200552956e+02, 0.,
       3.6726361788508825e+02, 2.2399932895774910e+02, 0., 0., 1. ]
D2: !!opencv-matrix
   rows: 5
   cols: 1
   dt: d
   data: [ -2.2201337830972428e-02, -1.1445843221826492e-03,
       2.9199201696882579e-04, -7.1705872414221615e-04,
       5.1284674356775366e-04 ]
P2: !!opencv-matrix
   rows: 3
   cols: 4
   dt: f
   data: [ 3.70128662e+02, 0., 4.07683685e+02, -6.75979453e+04, 0.,
       3.70128662e+02, 2.33439392e+02, 0., 0., 0., 1., 0. ]
R2: !!opencv-matrix
   rows: 3
   cols: 3
   dt: f
   data: [ 9.96015549e-01, -6.32484332e-02, -6.28700554e-02,
       6.45471886e-02, 9.97736752e-01, 1.88438855e-02, 6.15359135e-02,
       -2.28268877e-02, 9.97843802e-01 ]
