%YAML:1.0
---
Q: !!opencv-matrix
   rows: 4
   cols: 4
   dt: f
   data: [ 1., 0., 0., -4.07682129e+02, 0., 1., 0., -2.33439301e+02, 0.,
       0., 0., 3.70128418e+02, 0., 0., 5.47130452e-03, 0. ]
R: !!opencv-matrix
   rows: 3
   cols: 3
   dt: d
   data: [ 1.0008874317861141e+00, -4.2819823639577495e-02,
       4.8820482848249795e-02, 4.5016874584647433e-02,
       1.0010346552142608e+00, -4.3687239935483166e-02,
       -4.6862735368591292e-02, 4.5783581766457679e-02,
       1.0008602305940271e+00 ]
T: !!opencv-matrix
   rows: 3
   cols: 1
   dt: d
   data: [ -1.8220694443544039e+02, 1.1570405508107678e+01,
       1.1501185767322323e+01 ]
E: !!opencv-matrix
   rows: 0
   cols: 0
   dt: u
   data: []
F: !!opencv-matrix
   rows: 0
   cols: 0
   dt: u
   data: []
K1: !!opencv-matrix
   rows: 3
   cols: 3
   dt: d
   data: [ 3.6627756984521932e+02, 0., 3.8060969928433269e+02, 0.,
       3.6653175179255015e+02, 2.3878059668569790e+02, 0., 0., 1. ]
D1: !!opencv-matrix
   rows: 5
   cols: 1
   dt: d
   data: [ -2.1859934914563901e-02, -9.9468572971318997e-04,
       1.6448003429794193e-03, -3.1164985765511365e-04,
       3.5195408316194161e-04 ]
P1: !!opencv-matrix
   rows: 3
   cols: 4
   dt: f
   data: [ 3.70128418e+02, 0., 4.07682129e+02, 0., 0., 3.70128418e+02,
       2.33439301e+02, 0., 0., 0., 1., 0. ]
R1: !!opencv-matrix
   rows: 3
   cols: 3
   dt: f
   data: [ 9.94025290e-01, -1.08542390e-01, -1.15003213e-02,
       1.08278498e-01, 9.93887842e-01, -2.15119980e-02, 1.37649933e-02,
       2.01382339e-02, 9.99702454e-01 ]
K2: !!opencv-matrix
   rows: 3
   cols: 3
   dt: d
   data: [ 3.6687495098581172e+02, 0., 3.7621769200552956e+02, 0.,
       3.6726361788508825e+02, 2.2399932895774910e+02, 0., 0., 1. ]
D2: !!opencv-matrix
   rows: 5
   cols: 1
   dt: d
   data: [ -2.2201337830972428e-02, -1.1445843221826492e-03,
       2.9199201696882579e-04, -7.1705872414221615e-04,
       5.1284674356775366e-04 ]
P2: !!opencv-matrix
   rows: 3
   cols: 4
   dt: f
   data: [ 3.70128418e+02, 0., 4.07682129e+02, -6.76490234e+04, 0.,
       3.70128418e+02, 2.33439301e+02, 0., 0., 0., 1., 0. ]
R2: !!opencv-matrix
   rows: 3
   cols: 3
   dt: f
   data: [ 9.96015549e-01, -6.32484332e-02, -6.28700554e-02,
       6.45471960e-02, 9.97736692e-01, 1.88440066e-02, 6.15359060e-02,
       -2.28270087e-02, 9.97843802e-01 ]
