%YAML:1.0
---
R: !!opencv-matrix
   rows: 3
   cols: 3
   dt: d
   data: [ 9.9994786107858491e-01, 9.7122672864599323e-03,
       -3.1538846712214478e-03, -9.6827774839271553e-03,
       9.9991047802584609e-01, 9.2347038025383243e-03,
       3.2432922408809684e-03, -9.2036839515610668e-03,
       9.9995238549500942e-01 ]
T: !!opencv-matrix
   rows: 3
   cols: 1
   dt: d
   data: [ -1.7997624825260075e+02, 1.0793888964106854e+01,
       1.0729455726644746e+01 ]
Q: !!opencv-matrix
   rows: 4
   cols: 4
   dt: d
   data: [ 1., 0., 0., -4.2654210662841797e+02, 0., 1., 0.,
       -2.3272197914123535e+02, 0., 0., 0., 3.6459549284441829e+02, 0.,
       0., 5.5365283082875107e-03, 0. ]
K1: !!opencv-matrix
   rows: 3
   cols: 3
   dt: d
   data: [ 3.6627756984521932e+02, 0., 3.8060969928433269e+02, 0.,
       3.6653175179255015e+02, 2.3878059668569790e+02, 0., 0., 1. ]
K2: !!opencv-matrix
   rows: 3
   cols: 3
   dt: d
   data: [ 3.6687495098581172e+02, 0., 3.7621769200552956e+02, 0.,
       3.6726361788508825e+02, 2.2399932895774910e+02, 0., 0., 1. ]
D1: !!opencv-matrix
   rows: 5
   cols: 1
   dt: d
   data: [ -2.1859934914563901e-02, -9.9468572971318997e-04,
       1.6448003429794193e-03, -3.1164985765511365e-04,
       3.5195408316194161e-04 ]
D2: !!opencv-matrix
   rows: 5
   cols: 1
   dt: d
   data: [ -2.2201337830972428e-02, -1.1445843221826492e-03,
       2.9199201696882579e-04, -7.1705872414221615e-04,
       5.1284674356775366e-04 ]
R1: !!opencv-matrix
   rows: 3
   cols: 3
   dt: d
   data: [ 9.9677762474044973e-01, -4.9530860352706117e-02,
       -6.3095647151827736e-02, 4.9914630449447522e-02,
       9.9874326126610302e-01, 4.5197060350899076e-03,
       6.2792487479652367e-02, -7.6545377567342268e-03,
       9.9799725028070496e-01 ]
R2: !!opencv-matrix
   rows: 3
   cols: 3
   dt: d
   data: [ 9.9644359326990473e-01, -5.9760671806289765e-02,
       -5.9403935363086212e-02, 5.9597834826826374e-02,
       9.9821227768435639e-01, -4.5107387602666485e-03,
       5.9567302400856739e-02, 9.5435081074923735e-04,
       9.9822383546938742e-01 ]
P1: !!opencv-matrix
   rows: 3
   cols: 4
   dt: d
   data: [ 3.6459549284441829e+02, 0., 4.2654210662841797e+02, 0., 0.,
       3.6459549284441829e+02, 2.3272197914123535e+02, 0., 0., 0., 1.,
       0. ]
P2: !!opencv-matrix
   rows: 3
   cols: 4
   dt: d
   data: [ 3.6459549284441829e+02, 0., 4.2654210662841797e+02,
       -6.5852728017061352e+04, 0., 3.6459549284441829e+02,
       2.3272197914123535e+02, 0., 0., 0., 1., 0. ]
