%YAML:1.0
---
Q: !!opencv-matrix
   rows: 4
   cols: 4
   dt: f
   data: [ 1., 0., 0., -3.68793335e+02, 0., 1., 0., -2.31740784e+02, 0.,
       0., 0., 3.66537933e+02, 0., 0., 5.60122635e-03, 0. ]
R: !!opencv-matrix
   rows: 3
   cols: 3
   dt: d
   data: [ 1.0005215231276707e+00, -2.5303878626811105e-02,
       3.1448745288982276e-02, 2.6146133354626167e-02,
       1.0006777962807527e+00, -2.6024841071461427e-02,
       -3.0771893009735294e-02, 2.6824874034672951e-02,
       1.0005252242724978e+00 ]
T: !!opencv-matrix
   rows: 3
   cols: 1
   dt: d
   data: [ -1.7864484491642605e+02, 7.8798839461650705e-01,
       7.2385002378698482e-01 ]
E: !!opencv-matrix
   rows: 0
   cols: 0
   dt: u
   data: []
F: !!opencv-matrix
   rows: 0
   cols: 0
   dt: u
   data: []
K1: !!opencv-matrix
   rows: 3
   cols: 3
   dt: d
   data: [ 3.6627756984521932e+02, 0., 3.8060969928433269e+02, 0.,
       3.6653175179255015e+02, 2.3878059668569790e+02, 0., 0., 1. ]
D1: !!opencv-matrix
   rows: 5
   cols: 1
   dt: d
   data: [ -2.1859934914563901e-02, -9.9468572971318997e-04,
       1.6448003429794193e-03, -3.1164985765511365e-04,
       3.5195408316194161e-04 ]
P1: !!opencv-matrix
   rows: 3
   cols: 4
   dt: f
   data: [ 3.66537933e+02, 0., 3.68793335e+02, 0., 0., 3.66537933e+02,
       2.31740784e+02, 0., 0., 0., 1., 0. ]
R1: !!opencv-matrix
   rows: 3
   cols: 3
   dt: f
   data: [ 9.99178767e-01, -2.97839679e-02, 2.74716094e-02,
       3.01424321e-02, 9.99464571e-01, -1.27279526e-02, -2.70778108e-02,
       1.35455616e-02, 9.99541521e-01 ]
K2: !!opencv-matrix
   rows: 3
   cols: 3
   dt: d
   data: [ 3.6687495098581172e+02, 0., 3.7621769200552956e+02, 0.,
       3.6726361788508825e+02, 2.2399932895774910e+02, 0., 0., 1. ]
D2: !!opencv-matrix
   rows: 5
   cols: 1
   dt: d
   data: [ -2.2201337830972428e-02, -1.1445843221826492e-03,
       2.9199201696882579e-04, -7.1705872414221615e-04,
       5.1284674356775366e-04 ]
P2: !!opencv-matrix
   rows: 3
   cols: 4
   dt: f
   data: [ 3.66537933e+02, 0., 3.68793335e+02, -6.54388711e+04, 0.,
       3.66537933e+02, 2.31740784e+02, 0., 0., 0., 1., 0. ]
R2: !!opencv-matrix
   rows: 3
   cols: 3
   dt: f
   data: [ 9.99982059e-01, -4.41084243e-03, -4.05182177e-03,
       4.46370058e-03, 9.99903858e-01, 1.31304711e-02, 3.99351586e-03,
       -1.31483208e-02, 9.99905586e-01 ]
