%YAML:1.0
---
Q: !!opencv-matrix
   rows: 4
   cols: 4
   dt: f
   data: [ 1., 0., 0., -3.68793213e+02, 0., 1., 0., -2.31740875e+02, 0.,
       0., 0., 3.66535583e+02, 0., 0., 5.60566038e-03, 0. ]
R: !!opencv-matrix
   rows: 3
   cols: 3
   dt: d
   data: [ 1.0004984232685858e+00, -2.5256081387950925e-02,
       3.1442861200125648e-02, 2.6146573131905420e-02,
       1.0006886462726223e+00, -2.6025101308023654e-02,
       -3.0772094595640554e-02, 2.6824975643627347e-02,
       1.0005363098330442e+00 ]
T: !!opencv-matrix
   rows: 3
   cols: 1
   dt: d
   data: [ -1.7844088679331577e+02, 7.8708877318797976e-01,
       7.2302389415757085e-01 ]
E: !!opencv-matrix
   rows: 0
   cols: 0
   dt: u
   data: []
F: !!opencv-matrix
   rows: 0
   cols: 0
   dt: u
   data: []
K1: !!opencv-matrix
   rows: 3
   cols: 3
   dt: d
   data: [ 3.6627756984521932e+02, 0., 3.8060969928433269e+02, 0.,
       3.6653175179255015e+02, 2.3878059668569790e+02, 0., 0., 1. ]
D1: !!opencv-matrix
   rows: 5
   cols: 1
   dt: d
   data: [ -2.1859934914563901e-02, -9.9468572971318997e-04,
       1.6448003429794193e-03, -3.1164985765511365e-04,
       3.5195408316194161e-04 ]
P1: !!opencv-matrix
   rows: 3
   cols: 4
   dt: f
   data: [ 3.66535583e+02, 0., 3.68793213e+02, 0., 0., 3.66535583e+02,
       2.31740875e+02, 0., 0., 0., 1., 0. ]
R1: !!opencv-matrix
   rows: 3
   cols: 3
   dt: f
   data: [ 9.99179482e-01, -2.97609307e-02, 2.74719298e-02,
       3.01194042e-02, 9.99465287e-01, -1.27284238e-02, -2.70784292e-02,
       1.35454182e-02, 9.99541521e-01 ]
K2: !!opencv-matrix
   rows: 3
   cols: 3
   dt: d
   data: [ 3.6687495098581172e+02, 0., 3.7621769200552956e+02, 0.,
       3.6726361788508825e+02, 2.2399932895774910e+02, 0., 0., 1. ]
D2: !!opencv-matrix
   rows: 5
   cols: 1
   dt: d
   data: [ -2.2201337830972428e-02, -1.1445843221826492e-03,
       2.9199201696882579e-04, -7.1705872414221615e-04,
       5.1284674356775366e-04 ]
P2: !!opencv-matrix
   rows: 3
   cols: 4
   dt: f
   data: [ 3.66535583e+02, 0., 3.68793213e+02, -6.53866875e+04, 0.,
       3.66535583e+02, 2.31740875e+02, 0., 0., 0., 1., 0. ]
R2: !!opencv-matrix
   rows: 3
   cols: 3
   dt: f
   data: [ 9.99982059e-01, -4.41084243e-03, -4.05182503e-03,
       4.46370151e-03, 9.99903798e-01, 1.31306322e-02, 3.99351818e-03,
       -1.31484829e-02, 9.99905586e-01 ]
