%YAML:1.0
---
Q: !!opencv-matrix
   rows: 4
   cols: 4
   dt: f
   data: [ 1., 0., 0., -3.68785431e+02, 0., 1., 0., -2.31741119e+02, 0.,
       0., 0., 3.66533447e+02, 0., 0., 5.59209567e-03, 0. ]
R: !!opencv-matrix
   rows: 3
   cols: 3
   dt: d
   data: [ 1.0004911171743724e+00, -2.5232284466658674e-02,
       3.1444946129412558e-02, 2.6146698892810447e-02,
       1.0006916014556086e+00, -2.6025189698659558e-02,
       -3.0772146511090236e-02, 2.6824960776235841e-02,
       1.0005393617676548e+00 ]
T: !!opencv-matrix
   rows: 3
   cols: 1
   dt: d
   data: [ -1.7838790758569189e+02, 7.8685508805889115e-01,
       7.2280955006308123e-01 ]
E: !!opencv-matrix
   rows: 0
   cols: 0
   dt: u
   data: []
F: !!opencv-matrix
   rows: 0
   cols: 0
   dt: u
   data: []
K1: !!opencv-matrix
   rows: 3
   cols: 3
   dt: d
   data: [ 3.6627756984521932e+02, 0., 3.8060969928433269e+02, 0.,
       3.6653175179255015e+02, 2.3878059668569790e+02, 0., 0., 1. ]
D1: !!opencv-matrix
   rows: 5
   cols: 1
   dt: d
   data: [ -2.1859934914563901e-02, -9.9468572971318997e-04,
       1.6448003429794193e-03, -3.1164985765511365e-04,
       3.5195408316194161e-04 ]
P1: !!opencv-matrix
   rows: 3
   cols: 4
   dt: f
   data: [ 3.66533447e+02, 0., 3.68785431e+02, 0., 0., 3.66533447e+02,
       2.31741119e+02, 0., 0., 0., 1., 0. ]
R1: !!opencv-matrix
   rows: 3
   cols: 3
   dt: f
   data: [ 9.99181509e-01, -2.96730362e-02, 2.74915118e-02,
       3.00317965e-02, 9.99467850e-01, -1.27300806e-02, -2.70991419e-02,
       1.35452813e-02, 9.99540985e-01 ]
K2: !!opencv-matrix
   rows: 3
   cols: 3
   dt: d
   data: [ 3.6687495098581172e+02, 0., 3.7621769200552956e+02, 0.,
       3.6726361788508825e+02, 2.2399932895774910e+02, 0., 0., 1. ]
D2: !!opencv-matrix
   rows: 5
   cols: 1
   dt: d
   data: [ -2.2201337830972428e-02, -1.1445843221826492e-03,
       2.9199201696882579e-04, -7.1705872414221615e-04,
       5.1284674356775366e-04 ]
P2: !!opencv-matrix
   rows: 3
   cols: 4
   dt: f
   data: [ 3.66533447e+02, 0., 3.68785431e+02, -6.55449219e+04, 0.,
       3.66533447e+02, 2.31741119e+02, 0., 0., 0., 1., 0. ]
R2: !!opencv-matrix
   rows: 3
   cols: 3
   dt: f
   data: [ 9.99982059e-01, -4.41084243e-03, -4.05182177e-03,
       4.46370430e-03, 9.99903798e-01, 1.31313857e-02, 3.99351167e-03,
       -1.31492363e-02, 9.99905586e-01 ]
