%YAML:1.0
---
Q: !!opencv-matrix
   rows: 4
   cols: 4
   dt: f
   data: [ 1., 0., 0., -3.68802551e+02, 0., 1., 0., -2.31896194e+02, 0.,
       0., 0., 3.53886261e+02, 0., 0., 5.53492922e-03, 0. ]
R: !!opencv-matrix
   rows: 3
   cols: 3
   dt: d
   data: [ 1.0008326058498780e+00, 9.5886655775380483e-03,
       3.1273729666100460e-02, -8.7912357071980429e-03,
       1.0005563258618668e+00, -2.6013111857920976e-02,
       -3.1677772454507230e-02, 2.5723878320129727e-02,
       1.0001014478761749e+00 ]
T: !!opencv-matrix
   rows: 3
   cols: 1
   dt: d
   data: [ -1.8063691520158920e+02, 7.9681907383826445e-01,
       7.3207477889949668e-01 ]
E: !!opencv-matrix
   rows: 0
   cols: 0
   dt: u
   data: []
F: !!opencv-matrix
   rows: 0
   cols: 0
   dt: u
   data: []
K1: !!opencv-matrix
   rows: 3
   cols: 3
   dt: d
   data: [ 3.6627756984521932e+02, 0., 3.8060969928433269e+02, 0.,
       3.6653175179255015e+02, 2.3878059668569790e+02, 0., 0., 1. ]
D1: !!opencv-matrix
   rows: 5
   cols: 1
   dt: d
   data: [ -2.1859934914563901e-02, -9.9468572971318997e-04,
       1.6448003429794193e-03, -3.1164985765511365e-04,
       3.5195408316194161e-04 ]
P1: !!opencv-matrix
   rows: 3
   cols: 4
   dt: f
   data: [ 3.53886261e+02, 0., 3.68802551e+02, 0., 0., 3.53886261e+02,
       2.31896194e+02, 0., 0., 0., 1., 0. ]
R1: !!opencv-matrix
   rows: 3
   cols: 3
   dt: f
   data: [ 9.99613225e-01, 5.07039903e-03, 2.73438282e-02,
       -4.71719773e-03, 9.99904811e-01, -1.29660992e-02, -2.74069682e-02,
       1.28320977e-02, 9.99541998e-01 ]
K2: !!opencv-matrix
   rows: 3
   cols: 3
   dt: d
   data: [ 3.6687495098581172e+02, 0., 3.7621769200552956e+02, 0.,
       3.6726361788508825e+02, 2.2399932895774910e+02, 0., 0., 1. ]
D2: !!opencv-matrix
   rows: 5
   cols: 1
   dt: d
   data: [ -2.2201337830972428e-02, -1.1445843221826492e-03,
       2.9199201696882579e-04, -7.1705872414221615e-04,
       5.1284674356775366e-04 ]
P2: !!opencv-matrix
   rows: 3
   cols: 4
   dt: f
   data: [ 3.53886261e+02, 0., 3.68802551e+02, -6.39369063e+04, 0.,
       3.53886261e+02, 2.31896194e+02, 0., 0., 0., 1., 0. ]
R2: !!opencv-matrix
   rows: 3
   cols: 3
   dt: f
   data: [ 9.99982059e-01, -4.41108504e-03, -4.05266928e-03,
       4.46299883e-03, 9.99906957e-01, 1.28913606e-02, 3.99542693e-03,
       -1.29092159e-02, 9.99908686e-01 ]
