%YAML:1.0
---
Q: !!opencv-matrix
   rows: 4
   cols: 4
   dt: f
   data: [ 1., 0., 0., -3.82379028e+02, 0., 1., 0., -2.31848175e+02, 0.,
       0., 0., 3.59849396e+02, 0., 0., 5.53615252e-03, 0. ]
R: !!opencv-matrix
   rows: 3
   cols: 3
   dt: d
   data: [ 1.0005529007915721e+00, 9.5996146985413769e-03,
       -3.4878435911267361e-03, -9.6886577680792355e-03,
       1.0002304888519806e+00, -2.5682875296652585e-02,
       3.2453048951632088e-03, 2.5715367279382412e-02,
       1.0002713743730247e+00 ]
T: !!opencv-matrix
   rows: 3
   cols: 1
   dt: d
   data: [ -1.8073819582337504e+02, 7.9717784222435317e-01,
       7.3220368710324879e-01 ]
E: !!opencv-matrix
   rows: 0
   cols: 0
   dt: u
   data: []
F: !!opencv-matrix
   rows: 0
   cols: 0
   dt: u
   data: []
K1: !!opencv-matrix
   rows: 3
   cols: 3
   dt: d
   data: [ 3.6627756984521932e+02, 0., 3.8060969928433269e+02, 0.,
       3.6653175179255015e+02, 2.3878059668569790e+02, 0., 0., 1. ]
D1: !!opencv-matrix
   rows: 5
   cols: 1
   dt: d
   data: [ -2.1859934914563901e-02, -9.9468572971318997e-04,
       1.6448003429794193e-03, -3.1164985765511365e-04,
       3.5195408316194161e-04 ]
P1: !!opencv-matrix
   rows: 3
   cols: 4
   dt: f
   data: [ 3.59849396e+02, 0., 3.82379028e+02, 0., 0., 3.59849396e+02,
       2.31848175e+02, 0., 0., 0., 1., 0. ]
R1: !!opencv-matrix
   rows: 3
   cols: 3
   dt: f
   data: [ 9.99960124e-01, 5.05365990e-03, -7.36372778e-03,
       -5.14791440e-03, 9.99904335e-01, -1.28375869e-02, 7.29814637e-03,
       1.28749823e-02, 9.99890506e-01 ]
K2: !!opencv-matrix
   rows: 3
   cols: 3
   dt: d
   data: [ 3.6687495098581172e+02, 0., 3.7621769200552956e+02, 0.,
       3.6726361788508825e+02, 2.2399932895774910e+02, 0., 0., 1. ]
D2: !!opencv-matrix
   rows: 5
   cols: 1
   dt: d
   data: [ -2.2201337830972428e-02, -1.1445843221826492e-03,
       2.9199201696882579e-04, -7.1705872414221615e-04,
       5.1284674356775366e-04 ]
P2: !!opencv-matrix
   rows: 3
   cols: 4
   dt: f
   data: [ 3.59849396e+02, 0., 3.82379028e+02, -6.49999063e+04, 0.,
       3.59849396e+02, 2.31848175e+02, 0., 0., 0., 1., 0. ]
R2: !!opencv-matrix
   rows: 3
   cols: 3
   dt: f
   data: [ 9.99982059e-01, -4.41059796e-03, -4.05111117e-03,
       4.46231663e-03, 9.99907494e-01, 1.28474319e-02, 3.99407139e-03,
       -1.28652789e-02, 9.99909282e-01 ]
