%YAML:1.0
---
Q: !!opencv-matrix
   rows: 4
   cols: 4
   dt: f
   data: [ 1., 0., 0., -3.82305298e+02, 0., 1., 0., -2.31848724e+02, 0.,
       0., 0., 3.59836517e+02, 0., 0., 5.53860888e-03, 0. ]
R: !!opencv-matrix
   rows: 3
   cols: 3
   dt: d
   data: [ 1.0003449669162108e+00, 9.4404769234165478e-03,
       -3.1145479861808358e-03, -9.6880987042308655e-03,
       1.0002990801454776e+00, -2.5686265943080943e-02,
       3.2466426153194322e-03, 2.5717759967093384e-02,
       1.0003377504189033e+00 ]
T: !!opencv-matrix
   rows: 3
   cols: 1
   dt: d
   data: [ -1.8055894429730961e+02, 7.9638722224164538e-01,
       7.3147745346463555e-01 ]
E: !!opencv-matrix
   rows: 0
   cols: 0
   dt: u
   data: []
F: !!opencv-matrix
   rows: 0
   cols: 0
   dt: u
   data: []
K1: !!opencv-matrix
   rows: 3
   cols: 3
   dt: d
   data: [ 3.6627756984521932e+02, 0., 3.8060969928433269e+02, 0.,
       3.6653175179255015e+02, 2.3878059668569790e+02, 0., 0., 1. ]
D1: !!opencv-matrix
   rows: 5
   cols: 1
   dt: d
   data: [ -2.1859934914563901e-02, -9.9468572971318997e-04,
       1.6448003429794193e-03, -3.1164985765511365e-04,
       3.5195408316194161e-04 ]
P1: !!opencv-matrix
   rows: 3
   cols: 4
   dt: f
   data: [ 3.59836517e+02, 0., 3.82305298e+02, 0., 0., 3.59836517e+02,
       2.31848724e+02, 0., 0., 0., 1., 0. ]
R1: !!opencv-matrix
   rows: 3
   cols: 3
   dt: f
   data: [ 9.99961853e-01, 4.97990428e-03, -7.17508513e-03,
       -5.07173873e-03, 9.99904752e-01, -1.28382398e-02, 7.11046811e-03,
       1.28741404e-02, 9.99891818e-01 ]
K2: !!opencv-matrix
   rows: 3
   cols: 3
   dt: d
   data: [ 3.6687495098581172e+02, 0., 3.7621769200552956e+02, 0.,
       3.6726361788508825e+02, 2.2399932895774910e+02, 0., 0., 1. ]
D2: !!opencv-matrix
   rows: 5
   cols: 1
   dt: d
   data: [ -2.2201337830972428e-02, -1.1445843221826492e-03,
       2.9199201696882579e-04, -7.1705872414221615e-04,
       5.1284674356775366e-04 ]
P2: !!opencv-matrix
   rows: 3
   cols: 4
   dt: f
   data: [ 3.59836517e+02, 0., 3.82305298e+02, -6.49687500e+04, 0.,
       3.59836517e+02, 2.31848724e+02, 0., 0., 0., 1., 0. ]
R2: !!opencv-matrix
   rows: 3
   cols: 3
   dt: f
   data: [ 9.99982059e-01, -4.41059796e-03, -4.05111117e-03,
       4.46231617e-03, 9.99907494e-01, 1.28473314e-02, 3.99407186e-03,
       -1.28651783e-02, 9.99909282e-01 ]
