%YAML:1.0
---
Q: !!opencv-matrix
   rows: 4
   cols: 4
   dt: f
   data: [ 1., 0., 0., -3.68751038e+02, 0., 1., 0., -2.31896454e+02, 0.,
       0., 0., 3.53860931e+02, 0., 0., 5.53150102e-03, 0. ]
R: !!opencv-matrix
   rows: 3
   cols: 3
   dt: d
   data: [ 1.0004848634389065e+00, 9.6019544603298500e-03,
       3.1444213115412262e-02, -8.7900930275689737e-03,
       1.0006457292995521e+00, -2.6016177355361103e-02,
       -3.1678832702794306e-02, 2.5726127824289662e-02,
       1.0001901858765876e+00 ]
T: !!opencv-matrix
   rows: 3
   cols: 1
   dt: d
   data: [ -1.8077950774189878e+02, 7.9744807413816321e-01,
       7.3265276803175239e-01 ]
E: !!opencv-matrix
   rows: 0
   cols: 0
   dt: u
   data: []
F: !!opencv-matrix
   rows: 0
   cols: 0
   dt: u
   data: []
K1: !!opencv-matrix
   rows: 3
   cols: 3
   dt: d
   data: [ 3.6627756984521932e+02, 0., 3.8060969928433269e+02, 0.,
       3.6653175179255015e+02, 2.3878059668569790e+02, 0., 0., 1. ]
D1: !!opencv-matrix
   rows: 5
   cols: 1
   dt: d
   data: [ -2.1859934914563901e-02, -9.9468572971318997e-04,
       1.6448003429794193e-03, -3.1164985765511365e-04,
       3.5195408316194161e-04 ]
P1: !!opencv-matrix
   rows: 3
   cols: 4
   dt: f
   data: [ 3.53860931e+02, 0., 3.68751038e+02, 0., 0., 3.53860931e+02,
       2.31896454e+02, 0., 0., 0., 1., 0. ]
R1: !!opencv-matrix
   rows: 3
   cols: 3
   dt: f
   data: [ 9.99609590e-01, 5.08045871e-03, 2.74752341e-02,
       -4.72556427e-03, 9.99904752e-01, -1.29664317e-02, -2.75384933e-02,
       1.28315333e-02, 9.99538362e-01 ]
K2: !!opencv-matrix
   rows: 3
   cols: 3
   dt: d
   data: [ 3.6687495098581172e+02, 0., 3.7621769200552956e+02, 0.,
       3.6726361788508825e+02, 2.2399932895774910e+02, 0., 0., 1. ]
D2: !!opencv-matrix
   rows: 5
   cols: 1
   dt: d
   data: [ -2.2201337830972428e-02, -1.1445843221826492e-03,
       2.9199201696882579e-04, -7.1705872414221615e-04,
       5.1284674356775366e-04 ]
P2: !!opencv-matrix
   rows: 3
   cols: 4
   dt: f
   data: [ 3.53860931e+02, 0., 3.68751038e+02, -6.39719531e+04, 0.,
       3.53860931e+02, 2.31896454e+02, 0., 0., 0., 1., 0. ]
R2: !!opencv-matrix
   rows: 3
   cols: 3
   dt: f
   data: [ 9.99982059e-01, -4.41108504e-03, -4.05266974e-03,
       4.46299836e-03, 9.99906957e-01, 1.28912563e-02, 3.99542786e-03,
       -1.29091125e-02, 9.99908686e-01 ]
