%YAML:1.0
---
Q: !!opencv-matrix
   rows: 4
   cols: 4
   dt: f
   data: [ 1., 0., 0., -3.68752014e+02, 0., 1., 0., -2.31896454e+02, 0.,
       0., 0., 3.53861603e+02, 0., 0., 5.53723704e-03, 0. ]
R: !!opencv-matrix
   rows: 3
   cols: 3
   dt: d
   data: [ 1.0004908666389276e+00, 9.6000409818646892e-03,
       3.1439436199856889e-02, -8.7901286177617180e-03,
       1.0006478162624854e+00, -2.6016210027008001e-02,
       -3.1678914463460252e-02, 2.5726189144228778e-02,
       1.0001922829992786e+00 ]
T: !!opencv-matrix
   rows: 3
   cols: 1
   dt: d
   data: [ -1.8059224408433138e+02, 7.9662202335672583e-01,
       7.3189374033326127e-01 ]
E: !!opencv-matrix
   rows: 0
   cols: 0
   dt: u
   data: []
F: !!opencv-matrix
   rows: 0
   cols: 0
   dt: u
   data: []
K1: !!opencv-matrix
   rows: 3
   cols: 3
   dt: d
   data: [ 3.6627756984521932e+02, 0., 3.8060969928433269e+02, 0.,
       3.6653175179255015e+02, 2.3878059668569790e+02, 0., 0., 1. ]
D1: !!opencv-matrix
   rows: 5
   cols: 1
   dt: d
   data: [ -2.1859934914563901e-02, -9.9468572971318997e-04,
       1.6448003429794193e-03, -3.1164985765511365e-04,
       3.5195408316194161e-04 ]
P1: !!opencv-matrix
   rows: 3
   cols: 4
   dt: f
   data: [ 3.53861603e+02, 0., 3.68752014e+02, 0., 0., 3.53861603e+02,
       2.31896454e+02, 0., 0., 0., 1., 0. ]
R1: !!opencv-matrix
   rows: 3
   cols: 3
   dt: f
   data: [ 9.99609649e-01, 5.07948361e-03, 2.74727643e-02,
       -4.72462084e-03, 9.99904752e-01, -1.29664093e-02, -2.75360104e-02,
       1.28315501e-02, 9.99538481e-01 ]
K2: !!opencv-matrix
   rows: 3
   cols: 3
   dt: d
   data: [ 3.6687495098581172e+02, 0., 3.7621769200552956e+02, 0.,
       3.6726361788508825e+02, 2.2399932895774910e+02, 0., 0., 1. ]
D2: !!opencv-matrix
   rows: 5
   cols: 1
   dt: d
   data: [ -2.2201337830972428e-02, -1.1445843221826492e-03,
       2.9199201696882579e-04, -7.1705872414221615e-04,
       5.1284674356775366e-04 ]
P2: !!opencv-matrix
   rows: 3
   cols: 4
   dt: f
   data: [ 3.53861603e+02, 0., 3.68752014e+02, -6.39058047e+04, 0.,
       3.53861603e+02, 2.31896454e+02, 0., 0., 0., 1., 0. ]
R2: !!opencv-matrix
   rows: 3
   cols: 3
   dt: f
   data: [ 9.99982059e-01, -4.41108504e-03, -4.05266928e-03,
       4.46299836e-03, 9.99906957e-01, 1.28912525e-02, 3.99542740e-03,
       -1.29091088e-02, 9.99908686e-01 ]
