%YAML:1.0
---
Q: !!opencv-matrix
   rows: 4
   cols: 4
   dt: f
   data: [ 1., 0., 0., -3.68786194e+02, 0., 1., 0., -2.31896271e+02, 0.,
       0., 0., 3.53878296e+02, 0., 0., 5.53586753e-03, 0. ]
R: !!opencv-matrix
   rows: 3
   cols: 3
   dt: d
   data: [ 1.0006615486984800e+00, 9.5940235134145280e-03,
       3.1355249679526478e-02, -8.7906821313615720e-03,
       1.0006022545457989e+00, -2.6014659768464645e-02,
       -3.1678347723904175e-02, 2.5725039755442346e-02,
       1.0001470528026608e+00 ]
T: !!opencv-matrix
   rows: 3
   cols: 1
   dt: d
   data: [ -1.8061102191737379e+02, 7.9670485488077158e-01,
       7.3196984096746687e-01 ]
E: !!opencv-matrix
   rows: 0
   cols: 0
   dt: u
   data: []
F: !!opencv-matrix
   rows: 0
   cols: 0
   dt: u
   data: []
K1: !!opencv-matrix
   rows: 3
   cols: 3
   dt: d
   data: [ 3.6627756984521932e+02, 0., 3.8060969928433269e+02, 0.,
       3.6653175179255015e+02, 2.3878059668569790e+02, 0., 0., 1. ]
D1: !!opencv-matrix
   rows: 5
   cols: 1
   dt: d
   data: [ -2.1859934914563901e-02, -9.9468572971318997e-04,
       1.6448003429794193e-03, -3.1164985765511365e-04,
       3.5195408316194161e-04 ]
P1: !!opencv-matrix
   rows: 3
   cols: 4
   dt: f
   data: [ 3.53878296e+02, 0., 3.68786194e+02, 0., 0., 3.53878296e+02,
       2.31896271e+02, 0., 0., 0., 1., 0. ]
R1: !!opencv-matrix
   rows: 3
   cols: 3
   dt: f
   data: [ 9.99612093e-01, 5.07315341e-03, 2.73855608e-02,
       -4.71941475e-03, 9.99904811e-01, -1.29661961e-02, -2.74487343e-02,
       1.28319217e-02, 9.99540865e-01 ]
K2: !!opencv-matrix
   rows: 3
   cols: 3
   dt: d
   data: [ 3.6687495098581172e+02, 0., 3.7621769200552956e+02, 0.,
       3.6726361788508825e+02, 2.2399932895774910e+02, 0., 0., 1. ]
D2: !!opencv-matrix
   rows: 5
   cols: 1
   dt: d
   data: [ -2.2201337830972428e-02, -1.1445843221826492e-03,
       2.9199201696882579e-04, -7.1705872414221615e-04,
       5.1284674356775366e-04 ]
P2: !!opencv-matrix
   rows: 3
   cols: 4
   dt: f
   data: [ 3.53878296e+02, 0., 3.68786194e+02, -6.39246328e+04, 0.,
       3.53878296e+02, 2.31896271e+02, 0., 0., 0., 1., 0. ]
R2: !!opencv-matrix
   rows: 3
   cols: 3
   dt: f
   data: [ 9.99982059e-01, -4.41108504e-03, -4.05266928e-03,
       4.46299883e-03, 9.99906957e-01, 1.28913242e-02, 3.99542740e-03,
       -1.29091796e-02, 9.99908686e-01 ]
