%YAML:1.0
---
Q: !!opencv-matrix
   rows: 4
   cols: 4
   dt: f
   data: [ 1., 0., 0., -3.82403351e+02, 0., 1., 0., -2.31847977e+02, 0.,
       0., 0., 3.59852661e+02, 0., 0., 5.52931195e-03, 0. ]
R: !!opencv-matrix
   rows: 3
   cols: 3
   dt: d
   data: [ 1.0005531304552058e+00, 9.5996383564883291e-03,
       -3.4901360021734819e-03, -9.6886462280383542e-03,
       1.0002281087834075e+00, -2.5682804041846696e-02,
       3.2452866009292603e-03, 2.5715305904759605e-02,
       1.0002690037315896e+00 ]
T: !!opencv-matrix
   rows: 3
   cols: 1
   dt: d
   data: [ -1.8085109042316267e+02, 7.9767578442884801e-01,
       7.3266104808761867e-01 ]
E: !!opencv-matrix
   rows: 0
   cols: 0
   dt: u
   data: []
F: !!opencv-matrix
   rows: 0
   cols: 0
   dt: u
   data: []
K1: !!opencv-matrix
   rows: 3
   cols: 3
   dt: d
   data: [ 3.6627756984521932e+02, 0., 3.8060969928433269e+02, 0.,
       3.6653175179255015e+02, 2.3878059668569790e+02, 0., 0., 1. ]
D1: !!opencv-matrix
   rows: 5
   cols: 1
   dt: d
   data: [ -2.1859934914563901e-02, -9.9468572971318997e-04,
       1.6448003429794193e-03, -3.1164985765511365e-04,
       3.5195408316194161e-04 ]
P1: !!opencv-matrix
   rows: 3
   cols: 4
   dt: f
   data: [ 3.59852661e+02, 0., 3.82403351e+02, 0., 0., 3.59852661e+02,
       2.31847977e+02, 0., 0., 0., 1., 0. ]
R1: !!opencv-matrix
   rows: 3
   cols: 3
   dt: f
   data: [ 9.99959528e-01, 5.08184033e-03, -7.42596854e-03,
       -5.17689297e-03, 9.99904215e-01, -1.28373466e-02, 7.36001972e-03,
       1.28752701e-02, 9.99890029e-01 ]
K2: !!opencv-matrix
   rows: 3
   cols: 3
   dt: d
   data: [ 3.6687495098581172e+02, 0., 3.7621769200552956e+02, 0.,
       3.6726361788508825e+02, 2.2399932895774910e+02, 0., 0., 1. ]
D2: !!opencv-matrix
   rows: 5
   cols: 1
   dt: d
   data: [ -2.2201337830972428e-02, -1.1445843221826492e-03,
       2.9199201696882579e-04, -7.1705872414221615e-04,
       5.1284674356775366e-04 ]
P2: !!opencv-matrix
   rows: 3
   cols: 4
   dt: f
   data: [ 3.59852661e+02, 0., 3.82403351e+02, -6.50809102e+04, 0.,
       3.59852661e+02, 2.31847977e+02, 0., 0., 0., 1., 0. ]
R2: !!opencv-matrix
   rows: 3
   cols: 3
   dt: f
   data: [ 9.99982059e-01, -4.41059796e-03, -4.05111117e-03,
       4.46231663e-03, 9.99907494e-01, 1.28474571e-02, 3.99407186e-03,
       -1.28653049e-02, 9.99909282e-01 ]
