%YAML:1.0
---
Q: !!opencv-matrix
   rows: 4
   cols: 4
   dt: f
   data: [ 1., 0., 0., -3.68792664e+02, 0., 1., 0., -2.31740723e+02, 0.,
       0., 0., 3.66539948e+02, 0., 0., 5.59759839e-03, 0. ]
R: !!opencv-matrix
   rows: 3
   cols: 3
   dt: d
   data: [ 1.0005365341481545e+00, -2.5331054444637079e-02,
       3.1455247927840949e-02, 2.6145830640086302e-02,
       1.0006701718397688e+00, -2.6024669396333546e-02,
       -3.0771746959378593e-02, 2.6824777221199293e-02,
       1.0005174529632699e+00 ]
T: !!opencv-matrix
   rows: 3
   cols: 1
   dt: d
   data: [ -1.7879612039224276e+02, 7.8865564057696358e-01,
       7.2446310847156115e-01 ]
E: !!opencv-matrix
   rows: 0
   cols: 0
   dt: u
   data: []
F: !!opencv-matrix
   rows: 0
   cols: 0
   dt: u
   data: []
K1: !!opencv-matrix
   rows: 3
   cols: 3
   dt: d
   data: [ 3.6627756984521932e+02, 0., 3.8060969928433269e+02, 0.,
       3.6653175179255015e+02, 2.3878059668569790e+02, 0., 0., 1. ]
D1: !!opencv-matrix
   rows: 5
   cols: 1
   dt: d
   data: [ -2.1859934914563901e-02, -9.9468572971318997e-04,
       1.6448003429794193e-03, -3.1164985765511365e-04,
       3.5195408316194161e-04 ]
P1: !!opencv-matrix
   rows: 3
   cols: 4
   dt: f
   data: [ 3.66539948e+02, 0., 3.68792664e+02, 0., 0., 3.66539948e+02,
       2.31740723e+02, 0., 0., 0., 1., 0. ]
R1: !!opencv-matrix
   rows: 3
   cols: 3
   dt: f
   data: [ 9.99178350e-01, -2.97961626e-02, 2.74734106e-02,
       3.01546473e-02, 9.99464214e-01, -1.27276881e-02, -2.70794537e-02,
       1.35456808e-02, 9.99541521e-01 ]
K2: !!opencv-matrix
   rows: 3
   cols: 3
   dt: d
   data: [ 3.6687495098581172e+02, 0., 3.7621769200552956e+02, 0.,
       3.6726361788508825e+02, 2.2399932895774910e+02, 0., 0., 1. ]
D2: !!opencv-matrix
   rows: 5
   cols: 1
   dt: d
   data: [ -2.2201337830972428e-02, -1.1445843221826492e-03,
       2.9199201696882579e-04, -7.1705872414221615e-04,
       5.1284674356775366e-04 ]
P2: !!opencv-matrix
   rows: 3
   cols: 4
   dt: f
   data: [ 3.66539948e+02, 0., 3.68792664e+02, -6.54816484e+04, 0.,
       3.66539948e+02, 2.31740723e+02, 0., 0., 0., 1., 0. ]
R2: !!opencv-matrix
   rows: 3
   cols: 3
   dt: f
   data: [ 9.99982059e-01, -4.41084243e-03, -4.05182177e-03,
       4.46370011e-03, 9.99903858e-01, 1.31303994e-02, 3.99351586e-03,
       -1.31482501e-02, 9.99905586e-01 ]
