%YAML:1.0
---
Q: !!opencv-matrix
   rows: 4
   cols: 4
   dt: f
   data: [ 1., 0., 0., -3.68820221e+02, 0., 1., 0., -2.31896103e+02, 0.,
       0., 0., 3.53895294e+02, 0., 0., 5.53508429e-03, 0. ]
R: !!opencv-matrix
   rows: 3
   cols: 3
   dt: d
   data: [ 1.0010039849215013e+00, 9.5837992753185757e-03,
       3.1194617465957093e-02, -8.7917894176406854e-03,
       1.0005101011244126e+00, -2.6011566968893028e-02,
       -3.1677190376908089e-02, 2.5722707325502369e-02,
       1.0000555394153490e+00 ]
T: !!opencv-matrix
   rows: 3
   cols: 1
   dt: d
   data: [ -1.8066754502382361e+02, 7.9695418645651106e-01,
       7.3219891304088813e-01 ]
E: !!opencv-matrix
   rows: 0
   cols: 0
   dt: u
   data: []
F: !!opencv-matrix
   rows: 0
   cols: 0
   dt: u
   data: []
K1: !!opencv-matrix
   rows: 3
   cols: 3
   dt: d
   data: [ 3.6627756984521932e+02, 0., 3.8060969928433269e+02, 0.,
       3.6653175179255015e+02, 2.3878059668569790e+02, 0., 0., 1. ]
D1: !!opencv-matrix
   rows: 5
   cols: 1
   dt: d
   data: [ -2.1859934914563901e-02, -9.9468572971318997e-04,
       1.6448003429794193e-03, -3.1164985765511365e-04,
       3.5195408316194161e-04 ]
P1: !!opencv-matrix
   rows: 3
   cols: 4
   dt: f
   data: [ 3.53895294e+02, 0., 3.68820221e+02, 0., 0., 3.53895294e+02,
       2.31896103e+02, 0., 0., 0., 1., 0. ]
R1: !!opencv-matrix
   rows: 3
   cols: 3
   dt: f
   data: [ 9.99614477e-01, 5.06549189e-03, 2.72987429e-02,
       -4.71287267e-03, 9.99904811e-01, -1.29659548e-02, -2.73618232e-02,
       1.28323007e-02, 9.99543250e-01 ]
K2: !!opencv-matrix
   rows: 3
   cols: 3
   dt: d
   data: [ 3.6687495098581172e+02, 0., 3.7621769200552956e+02, 0.,
       3.6726361788508825e+02, 2.2399932895774910e+02, 0., 0., 1. ]
D2: !!opencv-matrix
   rows: 5
   cols: 1
   dt: d
   data: [ -2.2201337830972428e-02, -1.1445843221826492e-03,
       2.9199201696882579e-04, -7.1705872414221615e-04,
       5.1284674356775366e-04 ]
P2: !!opencv-matrix
   rows: 3
   cols: 4
   dt: f
   data: [ 3.53895294e+02, 0., 3.68820221e+02, -6.39367461e+04, 0.,
       3.53895294e+02, 2.31896103e+02, 0., 0., 0., 1., 0. ]
R2: !!opencv-matrix
   rows: 3
   cols: 3
   dt: f
   data: [ 9.99982059e-01, -4.41108504e-03, -4.05266928e-03,
       4.46299883e-03, 9.99906957e-01, 1.28913857e-02, 3.99542693e-03,
       -1.29092420e-02, 9.99908686e-01 ]
