%YAML:1.0
---
Q: !!opencv-matrix
   rows: 4
   cols: 4
   dt: f
   data: [ 1., 0., 0., -3.68791382e+02, 0., 1., 0., -2.31740631e+02, 0.,
       0., 0., 3.66542603e+02, 0., 0., 5.58763370e-03, 0. ]
R: !!opencv-matrix
   rows: 3
   cols: 3
   dt: d
   data: [ 1.0005329848845528e+00, -2.5330749724991535e-02,
       3.1455723866009554e-02, 2.6145724419588897e-02,
       1.0006661800955601e+00, -2.6024568257652557e-02,
       -3.0771626026018798e-02, 2.6824669416332284e-02,
       1.0005134602906849e+00 ]
T: !!opencv-matrix
   rows: 3
   cols: 1
   dt: d
   data: [ -1.7905088317596062e+02, 7.8977937871677684e-01,
       7.2549537500170302e-01 ]
E: !!opencv-matrix
   rows: 0
   cols: 0
   dt: u
   data: []
F: !!opencv-matrix
   rows: 0
   cols: 0
   dt: u
   data: []
K1: !!opencv-matrix
   rows: 3
   cols: 3
   dt: d
   data: [ 3.6627756984521932e+02, 0., 3.8060969928433269e+02, 0.,
       3.6653175179255015e+02, 2.3878059668569790e+02, 0., 0., 1. ]
D1: !!opencv-matrix
   rows: 5
   cols: 1
   dt: d
   data: [ -2.1859934914563901e-02, -9.9468572971318997e-04,
       1.6448003429794193e-03, -3.1164985765511365e-04,
       3.5195408316194161e-04 ]
P1: !!opencv-matrix
   rows: 3
   cols: 4
   dt: f
   data: [ 3.66542603e+02, 0., 3.68791382e+02, 0., 0., 3.66542603e+02,
       2.31740631e+02, 0., 0., 0., 1., 0. ]
R1: !!opencv-matrix
   rows: 3
   cols: 3
   dt: f
   data: [ 9.99177873e-01, -2.98093911e-02, 2.74767037e-02,
       3.01679168e-02, 9.99463797e-01, -1.27273900e-02, -2.70825755e-02,
       1.35458419e-02, 9.99541402e-01 ]
K2: !!opencv-matrix
   rows: 3
   cols: 3
   dt: d
   data: [ 3.6687495098581172e+02, 0., 3.7621769200552956e+02, 0.,
       3.6726361788508825e+02, 2.2399932895774910e+02, 0., 0., 1. ]
D2: !!opencv-matrix
   rows: 5
   cols: 1
   dt: d
   data: [ -2.2201337830972428e-02, -1.1445843221826492e-03,
       2.9199201696882579e-04, -7.1705872414221615e-04,
       5.1284674356775366e-04 ]
P2: !!opencv-matrix
   rows: 3
   cols: 4
   dt: f
   data: [ 3.66542603e+02, 0., 3.68791382e+02, -6.55988984e+04, 0.,
       3.66542603e+02, 2.31740631e+02, 0., 0., 0., 1., 0. ]
R2: !!opencv-matrix
   rows: 3
   cols: 3
   dt: f
   data: [ 9.99982059e-01, -4.41084243e-03, -4.05182224e-03,
       4.46370011e-03, 9.99903858e-01, 1.31303323e-02, 3.99351679e-03,
       -1.31481830e-02, 9.99905586e-01 ]
