%YAML:1.0
---
Q: !!opencv-matrix
   rows: 4
   cols: 4
   dt: f
   data: [ 1., 0., 0., -3.68913818e+02, 0., 1., 0., -2.31895569e+02, 0.,
       0., 0., 3.53944977e+02, 0., 0., 5.56969224e-03, 0. ]
R: !!opencv-matrix
   rows: 3
   cols: 3
   dt: d
   data: [ 1.0011730015585114e+00, 9.5746164544816426e-03,
       3.1108716309566728e-02, -8.7923394738097689e-03,
       1.0004654425970063e+00, -2.6010032142062576e-02,
       -3.1676641434328634e-02, 2.5721593659702016e-02,
       1.0000112050645948e+00 ]
T: !!opencv-matrix
   rows: 3
   cols: 1
   dt: d
   data: [ -1.8066247684046337e+02, 7.9693182943074226e-01,
       7.3217837343472714e-01 ]
E: !!opencv-matrix
   rows: 0
   cols: 0
   dt: u
   data: []
F: !!opencv-matrix
   rows: 0
   cols: 0
   dt: u
   data: []
K1: !!opencv-matrix
   rows: 3
   cols: 3
   dt: d
   data: [ 3.6627756984521932e+02, 0., 3.8060969928433269e+02, 0.,
       3.6653175179255015e+02, 2.3878059668569790e+02, 0., 0., 1. ]
D1: !!opencv-matrix
   rows: 5
   cols: 1
   dt: d
   data: [ -2.1859934914563901e-02, -9.9468572971318997e-04,
       1.6448003429794193e-03, -3.1164985765511365e-04,
       3.5195408316194161e-04 ]
P1: !!opencv-matrix
   rows: 3
   cols: 4
   dt: f
   data: [ 3.53944977e+02, 0., 3.68913818e+02, 0., 0., 3.53944977e+02,
       2.31895569e+02, 0., 0., 0., 1., 0. ]
R1: !!opencv-matrix
   rows: 3
   cols: 3
   dt: f
   data: [ 9.99621153e-01, 5.03170816e-03, 2.70599760e-02,
       -4.68217023e-03, 9.99904990e-01, -1.29650375e-02, -2.71226410e-02,
       1.28334258e-02, 9.99549747e-01 ]
K2: !!opencv-matrix
   rows: 3
   cols: 3
   dt: d
   data: [ 3.6687495098581172e+02, 0., 3.7621769200552956e+02, 0.,
       3.6726361788508825e+02, 2.2399932895774910e+02, 0., 0., 1. ]
D2: !!opencv-matrix
   rows: 5
   cols: 1
   dt: d
   data: [ -2.2201337830972428e-02, -1.1445843221826492e-03,
       2.9199201696882579e-04, -7.1705872414221615e-04,
       5.1284674356775366e-04 ]
P2: !!opencv-matrix
   rows: 3
   cols: 4
   dt: f
   data: [ 3.53944977e+02, 0., 3.68913818e+02, -6.35483906e+04, 0.,
       3.53944977e+02, 2.31895569e+02, 0., 0., 0., 1., 0. ]
R2: !!opencv-matrix
   rows: 3
   cols: 3
   dt: f
   data: [ 9.99982059e-01, -4.41108504e-03, -4.05266881e-03,
       4.46299929e-03, 9.99906957e-01, 1.28914677e-02, 3.99542646e-03,
       -1.29093239e-02, 9.99908686e-01 ]
