%YAML:1.0
---
Q: !!opencv-matrix
   rows: 4
   cols: 4
   dt: f
   data: [ 1., 0., 0., -3.68793671e+02, 0., 1., 0., -2.31740829e+02, 0.,
       0., 0., 3.66536407e+02, 0., 0., 5.60399611e-03, 0. ]
R: !!opencv-matrix
   rows: 3
   cols: 3
   dt: d
   data: [ 1.0005089699125542e+00, -2.5279030398502995e-02,
       3.1444793332278245e-02, 2.6146377205431909e-02,
       1.0006838573109045e+00, -2.6024983294304672e-02,
       -3.0772006881442292e-02, 2.6824938137352407e-02,
       1.0005314114260317e+00 ]
T: !!opencv-matrix
   rows: 3
   cols: 1
   dt: d
   data: [ -1.7852912759210969e+02, 7.8747798752818965e-01,
       7.2338121149961021e-01 ]
E: !!opencv-matrix
   rows: 0
   cols: 0
   dt: u
   data: []
F: !!opencv-matrix
   rows: 0
   cols: 0
   dt: u
   data: []
K1: !!opencv-matrix
   rows: 3
   cols: 3
   dt: d
   data: [ 3.6627756984521932e+02, 0., 3.8060969928433269e+02, 0.,
       3.6653175179255015e+02, 2.3878059668569790e+02, 0., 0., 1. ]
D1: !!opencv-matrix
   rows: 5
   cols: 1
   dt: d
   data: [ -2.1859934914563901e-02, -9.9468572971318997e-04,
       1.6448003429794193e-03, -3.1164985765511365e-04,
       3.5195408316194161e-04 ]
P1: !!opencv-matrix
   rows: 3
   cols: 4
   dt: f
   data: [ 3.66536407e+02, 0., 3.68793671e+02, 0., 0., 3.66536407e+02,
       2.31740829e+02, 0., 0., 0., 1., 0. ]
R1: !!opencv-matrix
   rows: 3
   cols: 3
   dt: f
   data: [ 9.99179125e-01, -2.97726877e-02, 2.74707880e-02,
       3.01311444e-02, 9.99464929e-01, -1.27281910e-02, -2.70771366e-02,
       1.35454694e-02, 9.99541581e-01 ]
K2: !!opencv-matrix
   rows: 3
   cols: 3
   dt: d
   data: [ 3.6687495098581172e+02, 0., 3.7621769200552956e+02, 0.,
       3.6726361788508825e+02, 2.2399932895774910e+02, 0., 0., 1. ]
D2: !!opencv-matrix
   rows: 5
   cols: 1
   dt: d
   data: [ -2.2201337830972428e-02, -1.1445843221826492e-03,
       2.9199201696882579e-04, -7.1705872414221615e-04,
       5.1284674356775366e-04 ]
P2: !!opencv-matrix
   rows: 3
   cols: 4
   dt: f
   data: [ 3.66536407e+02, 0., 3.68793671e+02, -6.54062539e+04, 0.,
       3.66536407e+02, 2.31740829e+02, 0., 0., 0., 1., 0. ]
R2: !!opencv-matrix
   rows: 3
   cols: 3
   dt: f
   data: [ 9.99982059e-01, -4.41084243e-03, -4.05182317e-03,
       4.46370104e-03, 9.99903798e-01, 1.31305428e-02, 3.99351679e-03,
       -1.31483935e-02, 9.99905586e-01 ]
