%YAML:1.0
---
Q: !!opencv-matrix
   rows: 4
   cols: 4
   dt: f
   data: [ 1., 0., 0., -3.68750916e+02, 0., 1., 0., -2.31896454e+02, 0.,
       0., 0., 3.53860809e+02, 0., 0., 5.52466931e-03, 0. ]
R: !!opencv-matrix
   rows: 3
   cols: 3
   dt: d
   data: [ 1.0005391154208392e+00, -2.5057664539135212e-02,
       3.1485277922764676e-02, 2.6145855359164215e-02,
       1.0006701487398197e+00, -2.6024832448944327e-02,
       -3.0771789057452925e-02, 2.6823701111136005e-02,
       1.0005185142016102e+00 ]
T: !!opencv-matrix
   rows: 3
   cols: 1
   dt: d
   data: [ -1.7882063201486156e+02, 7.8876375477395499e-01,
       7.2456232740892990e-01 ]
E: !!opencv-matrix
   rows: 0
   cols: 0
   dt: u
   data: []
F: !!opencv-matrix
   rows: 0
   cols: 0
   dt: u
   data: []
K1: !!opencv-matrix
   rows: 3
   cols: 3
   dt: d
   data: [ 3.6627756984521932e+02, 0., 3.8060969928433269e+02, 0.,
       3.6653175179255015e+02, 2.3878059668569790e+02, 0., 0., 1. ]
D1: !!opencv-matrix
   rows: 5
   cols: 1
   dt: d
   data: [ -2.1859934914563901e-02, -9.9468572971318997e-04,
       1.6448003429794193e-03, -3.1164985765511365e-04,
       3.5195408316194161e-04 ]
P1: !!opencv-matrix
   rows: 3
   cols: 4
   dt: f
   data: [ 3.53860809e+02, 0., 3.68750916e+02, 0., 0., 3.53860809e+02,
       2.31896454e+02, 0., 0., 0., 1., 0. ]
R1: !!opencv-matrix
   rows: 3
   cols: 3
   dt: f
   data: [ 9.99609590e-01, 5.08070178e-03, 2.74755955e-02,
       -4.72580222e-03, 9.99904752e-01, -1.29664373e-02, -2.75388565e-02,
       1.28315305e-02, 9.99538362e-01 ]
K2: !!opencv-matrix
   rows: 3
   cols: 3
   dt: d
   data: [ 3.6687495098581172e+02, 0., 3.7621769200552956e+02, 0.,
       3.6726361788508825e+02, 2.2399932895774910e+02, 0., 0., 1. ]
D2: !!opencv-matrix
   rows: 5
   cols: 1
   dt: d
   data: [ -2.2201337830972428e-02, -1.1445843221826492e-03,
       2.9199201696882579e-04, -7.1705872414221615e-04,
       5.1284674356775366e-04 ]
P2: !!opencv-matrix
   rows: 3
   cols: 4
   dt: f
   data: [ 3.53860809e+02, 0., 3.68750916e+02, -6.40510391e+04, 0.,
       3.53860809e+02, 2.31896454e+02, 0., 0., 0., 1., 0. ]
R2: !!opencv-matrix
   rows: 3
   cols: 3
   dt: f
   data: [ 9.99982059e-01, -4.41108504e-03, -4.05266974e-03,
       4.46299836e-03, 9.99906957e-01, 1.28912572e-02, 3.99542786e-03,
       -1.29091134e-02, 9.99908686e-01 ]
