%YAML:1.0
---
Q: !!opencv-matrix
   rows: 4
   cols: 4
   dt: f
   data: [ 1., 0., 0., -3.82279907e+02, 0., 1., 0., -2.31848907e+02, 0.,
       0., 0., 3.59832123e+02, 0., 0., 5.53929200e-03, 0. ]
R: !!opencv-matrix
   rows: 3
   cols: 3
   dt: d
   data: [ 1.0002753275310494e+00, 9.3946471638372830e-03,
       -2.9856612001494527e-03, -9.6879077766933389e-03,
       1.0003213199932348e+00, -2.5687400597358922e-02,
       3.2470855400353717e-03, 2.5718513042546527e-02,
       1.0003592656388065e+00 ]
T: !!opencv-matrix
   rows: 3
   cols: 1
   dt: d
   data: [ -1.8054751253173546e+02, 7.9633680062830614e-01,
       7.3143114047810076e-01 ]
E: !!opencv-matrix
   rows: 0
   cols: 0
   dt: u
   data: []
F: !!opencv-matrix
   rows: 0
   cols: 0
   dt: u
   data: []
K1: !!opencv-matrix
   rows: 3
   cols: 3
   dt: d
   data: [ 3.6627756984521932e+02, 0., 3.8060969928433269e+02, 0.,
       3.6653175179255015e+02, 2.3878059668569790e+02, 0., 0., 1. ]
D1: !!opencv-matrix
   rows: 5
   cols: 1
   dt: d
   data: [ -2.1859934914563901e-02, -9.9468572971318997e-04,
       1.6448003429794193e-03, -3.1164985765511365e-04,
       3.5195408316194161e-04 ]
P1: !!opencv-matrix
   rows: 3
   cols: 4
   dt: f
   data: [ 3.59832123e+02, 0., 3.82279907e+02, 0., 0., 3.59832123e+02,
       2.31848907e+02, 0., 0., 0., 1., 0. ]
R1: !!opencv-matrix
   rows: 3
   cols: 3
   dt: f
   data: [ 9.99962449e-01, 4.95425332e-03, -7.11008674e-03,
       -5.04525378e-03, 9.99904871e-01, -1.28384633e-02, 7.04580545e-03,
       1.28738536e-02, 9.99892294e-01 ]
K2: !!opencv-matrix
   rows: 3
   cols: 3
   dt: d
   data: [ 3.6687495098581172e+02, 0., 3.7621769200552956e+02, 0.,
       3.6726361788508825e+02, 2.2399932895774910e+02, 0., 0., 1. ]
D2: !!opencv-matrix
   rows: 5
   cols: 1
   dt: d
   data: [ -2.2201337830972428e-02, -1.1445843221826492e-03,
       2.9199201696882579e-04, -7.1705872414221615e-04,
       5.1284674356775366e-04 ]
P2: !!opencv-matrix
   rows: 3
   cols: 4
   dt: f
   data: [ 3.59832123e+02, 0., 3.82279907e+02, -6.49599492e+04, 0.,
       3.59832123e+02, 2.31848907e+02, 0., 0., 0., 1., 0. ]
R2: !!opencv-matrix
   rows: 3
   cols: 3
   dt: f
   data: [ 9.99982059e-01, -4.41059796e-03, -4.05111117e-03,
       4.46231617e-03, 9.99907494e-01, 1.28472978e-02, 3.99407232e-03,
       -1.28651448e-02, 9.99909282e-01 ]
