%YAML:1.0
---
Q: !!opencv-matrix
   rows: 4
   cols: 4
   dt: f
   data: [ 1., 0., 0., -3.82644287e+02, 0., 1., 0., -2.31851990e+02, 0.,
       0., 0., 3.58698334e+02, 0., 0., 5.54677239e-03, 0. ]
R: !!opencv-matrix
   rows: 3
   cols: 3
   dt: d
   data: [ 9.9993985170279598e-01, 9.7319908275199148e-03,
       -3.1496833849174316e-03, -9.6825259189296190e-03,
       9.9986755587361975e-01, 9.2342248984975880e-03,
       3.2430552335830916e-03, -9.2033551561113112e-03,
       9.9990948913587030e-01 ]
T: !!opencv-matrix
   rows: 3
   cols: 1
   dt: d
   data: [ -1.8028873311099284e+02, 8.6782610535226501e-01,
       7.9741829531573116e-01 ]
E: !!opencv-matrix
   rows: 0
   cols: 0
   dt: u
   data: []
F: !!opencv-matrix
   rows: 0
   cols: 0
   dt: u
   data: []
K1: !!opencv-matrix
   rows: 3
   cols: 3
   dt: d
   data: [ 3.6627756984521932e+02, 0., 3.8060969928433269e+02, 0.,
       3.6653175179255015e+02, 2.3878059668569790e+02, 0., 0., 1. ]
D1: !!opencv-matrix
   rows: 5
   cols: 1
   dt: d
   data: [ -2.1859934914563901e-02, -9.9468572971318997e-04,
       1.6448003429794193e-03, -3.1164985765511365e-04,
       3.5195408316194161e-04 ]
P1: !!opencv-matrix
   rows: 3
   cols: 4
   dt: f
   data: [ 3.58698334e+02, 0., 3.82644287e+02, 0., 0., 3.58698334e+02,
       2.31851990e+02, 0., 0., 0., 1., 0. ]
R1: !!opencv-matrix
   rows: 3
   cols: 3
   dt: f
   data: [ 9.99958754e-01, 4.94974526e-03, -7.61890085e-03,
       -4.91468329e-03, 9.99977291e-01, 4.61389031e-03, 7.64156552e-03,
       -4.57625557e-03, 9.99960303e-01 ]
K2: !!opencv-matrix
   rows: 3
   cols: 3
   dt: d
   data: [ 3.6687495098581172e+02, 0., 3.7621769200552956e+02, 0.,
       3.6726361788508825e+02, 2.2399932895774910e+02, 0., 0., 1. ]
D2: !!opencv-matrix
   rows: 5
   cols: 1
   dt: d
   data: [ -2.2201337830972428e-02, -1.1445843221826492e-03,
       2.9199201696882579e-04, -7.1705872414221615e-04,
       5.1284674356775366e-04 ]
P2: !!opencv-matrix
   rows: 3
   cols: 4
   dt: f
   data: [ 3.58698334e+02, 0., 3.82644287e+02, -6.46679375e+04, 0.,
       3.58698334e+02, 2.31851990e+02, 0., 0., 0., 1., 0. ]
R2: !!opencv-matrix
   rows: 3
   cols: 3
   dt: f
   data: [ 9.99978662e-01, -4.81343223e-03, -4.42291237e-03,
       4.79305722e-03, 9.99977887e-01, -4.60574450e-03, 4.44498425e-03,
       4.58444702e-03, 9.99979615e-01 ]
