%YAML:1.0
---
Q: !!opencv-matrix
   rows: 4
   cols: 4
   dt: f
   data: [ 1., 0., 0., -3.82538666e+02, 0., 1., 0., -2.31851212e+02, 0.,
       0., 0., 3.58741760e+02, 0., 0., 5.55291725e-03, 0. ]
R: !!opencv-matrix
   rows: 3
   cols: 3
   dt: d
   data: [ 9.9993231426044460e-01, 9.7357122728668911e-03,
       -3.1510220335027898e-03, -9.6826793843497669e-03,
       9.9989836844616564e-01, 9.2345675155190189e-03,
       3.2431914053031824e-03, -9.2034858514205911e-03,
       9.9994046832019956e-01 ]
T: !!opencv-matrix
   rows: 3
   cols: 1
   dt: d
   data: [ -1.8008549891614788e+02, 8.4115852335655750e-01,
       7.7248462332547163e-01 ]
E: !!opencv-matrix
   rows: 0
   cols: 0
   dt: u
   data: []
F: !!opencv-matrix
   rows: 0
   cols: 0
   dt: u
   data: []
K1: !!opencv-matrix
   rows: 3
   cols: 3
   dt: d
   data: [ 3.6627756984521932e+02, 0., 3.8060969928433269e+02, 0.,
       3.6653175179255015e+02, 2.3878059668569790e+02, 0., 0., 1. ]
D1: !!opencv-matrix
   rows: 5
   cols: 1
   dt: d
   data: [ -2.1859934914563901e-02, -9.9468572971318997e-04,
       1.6448003429794193e-03, -3.1164985765511365e-04,
       3.5195408316194161e-04 ]
P1: !!opencv-matrix
   rows: 3
   cols: 4
   dt: f
   data: [ 3.58741760e+02, 0., 3.82538666e+02, 0., 0., 3.58741760e+02,
       2.31851212e+02, 0., 0., 0., 1., 0. ]
R1: !!opencv-matrix
   rows: 3
   cols: 3
   dt: f
   data: [ 9.99958992e-01, 5.09336498e-03, -7.48476712e-03,
       -5.05891442e-03, 9.99976575e-01, 4.61451383e-03, 7.50809535e-03,
       -4.57645999e-03, 9.99961317e-01 ]
K2: !!opencv-matrix
   rows: 3
   cols: 3
   dt: d
   data: [ 3.6687495098581172e+02, 0., 3.7621769200552956e+02, 0.,
       3.6726361788508825e+02, 2.2399932895774910e+02, 0., 0., 1. ]
D2: !!opencv-matrix
   rows: 5
   cols: 1
   dt: d
   data: [ -2.2201337830972428e-02, -1.1445843221826492e-03,
       2.9199201696882579e-04, -7.1705872414221615e-04,
       5.1284674356775366e-04 ]
P2: !!opencv-matrix
   rows: 3
   cols: 4
   dt: f
   data: [ 3.58741760e+02, 0., 3.82538666e+02, -6.46041992e+04, 0.,
       3.58741760e+02, 2.31851212e+02, 0., 0., 0., 1., 0. ]
R2: !!opencv-matrix
   rows: 3
   cols: 3
   dt: f
   data: [ 9.99979913e-01, -4.67079040e-03, -4.28945618e-03,
       4.65102866e-03, 9.99978602e-01, -4.60553262e-03, 4.31087567e-03,
       4.58548963e-03, 9.99980211e-01 ]
