%YAML:1.0
---
R: !!opencv-matrix
   rows: 3
   cols: 3
   dt: d
   data: [ 9.9994786107858491e-01, 9.7122672864599323e-03,
       -3.1538846712214478e-03, -9.6827774839271553e-03,
       9.9991047802584609e-01, 9.2347038025383243e-03,
       3.2432922408809684e-03, -9.2036839515610668e-03,
       9.9995238549500942e-01 ]
T: !!opencv-matrix
   rows: 3
   cols: 1
   dt: d
   data: [ -1.6997624825260075e+02, 7.9388896410685417e-01,
       7.2945572664474645e-01 ]
Q: !!opencv-matrix
   rows: 4
   cols: 4
   dt: d
   data: [ 1., 0., 0., -3.8249753570556641e+02, 0., 1., 0.,
       -2.3182323455810547e+02, 0., 0., 0., 3.5869731026046929e+02, 0.,
       0., 5.8830565748998987e-03, 0. ]
K1: !!opencv-matrix
   rows: 3
   cols: 3
   dt: d
   data: [ 3.6627756984521932e+02, 0., 3.8060969928433269e+02, 0.,
       3.6653175179255015e+02, 2.3878059668569790e+02, 0., 0., 1. ]
K2: !!opencv-matrix
   rows: 3
   cols: 3
   dt: d
   data: [ 3.6687495098581172e+02, 0., 3.7621769200552956e+02, 0.,
       3.6726361788508825e+02, 2.2399932895774910e+02, 0., 0., 1. ]
D1: !!opencv-matrix
   rows: 5
   cols: 1
   dt: d
   data: [ -2.1859934914563901e-02, -9.9468572971318997e-04,
       1.6448003429794193e-03, -3.1164985765511365e-04,
       3.5195408316194161e-04 ]
D2: !!opencv-matrix
   rows: 5
   cols: 1
   dt: d
   data: [ -2.2201337830972428e-02, -1.1445843221826492e-03,
       2.9199201696882579e-04, -7.1705872414221615e-04,
       5.1284674356775366e-04 ]
R1: !!opencv-matrix
   rows: 3
   cols: 3
   dt: d
   data: [ 9.9995905197840840e-01, 5.0814933036695785e-03,
       -7.4881768306764192e-03, -5.0470314322958480e-03,
       9.9997661940848970e-01, 4.6139039966407152e-03,
       7.5114472749354469e-03, -4.5759220025652402e-03,
       9.9996131880071359e-01 ]
R2: !!opencv-matrix
   rows: 3
   cols: 3
   dt: d
   data: [ 9.9997988485928035e-01, -4.6704936900293110e-03,
       -4.2914293087357993e-03, 4.6507202012844757e-03,
       9.9997857684650826e-01, -4.6061534539735211e-03,
       4.3128503834290689e-03, 4.5861025635700828e-03,
       9.9998018329607241e-01 ]
P1: !!opencv-matrix
   rows: 3
   cols: 4
   dt: d
   data: [ 3.5869731026046929e+02, 0., 3.8249753570556641e+02, 0., 0.,
       3.5869731026046929e+02, 2.3182323455810547e+02, 0., 0., 0., 1.,
       0. ]
P2: !!opencv-matrix
   rows: 3
   cols: 4
   dt: d
   data: [ 3.5869731026046929e+02, 0., 3.8249753570556641e+02,
       -6.0971249501637270e+04, 0., 3.5869731026046929e+02,
       2.3182323455810547e+02, 0., 0., 0., 1., 0. ]
