%YAML:1.0
---
Q: !!opencv-matrix
   rows: 4
   cols: 4
   dt: f
   data: [ 1., 0., 0., -3.68755035e+02, 0., 1., 0., -2.31896439e+02, 0.,
       0., 0., 3.53862946e+02, 0., 0., 4.77989018e-03, 0. ]
R: !!opencv-matrix
   rows: 3
   cols: 3
   dt: d
   data: [ 1.0058803341156850e+00, 9.6520955860652860e-03,
       3.1610619182690008e-02, -8.8374693243050782e-03,
       1.0060411218603056e+00, -2.6156503164464065e-02,
       -3.1849594162094999e-02, 2.5864690203818892e-02,
       1.0055830181798777e+00 ]
T: !!opencv-matrix
   rows: 3
   cols: 1
   dt: d
   data: [ -2.0973809044623027e+02, 9.2540906604710016e-01,
       8.5080857665737142e-01 ]
E: !!opencv-matrix
   rows: 0
   cols: 0
   dt: u
   data: []
F: !!opencv-matrix
   rows: 0
   cols: 0
   dt: u
   data: []
K1: !!opencv-matrix
   rows: 3
   cols: 3
   dt: d
   data: [ 3.6627756984521932e+02, 0., 3.8060969928433269e+02, 0.,
       3.6653175179255015e+02, 2.3878059668569790e+02, 0., 0., 1. ]
D1: !!opencv-matrix
   rows: 5
   cols: 1
   dt: d
   data: [ -2.1859934914563901e-02, -9.9468572971318997e-04,
       1.6448003429794193e-03, -3.1164985765511365e-04,
       3.5195408316194161e-04 ]
P1: !!opencv-matrix
   rows: 3
   cols: 4
   dt: f
   data: [ 3.53862946e+02, 0., 3.68755035e+02, 0., 0., 3.53862946e+02,
       2.31896439e+02, 0., 0., 0., 1., 0. ]
R1: !!opencv-matrix
   rows: 3
   cols: 3
   dt: f
   data: [ 9.99609768e-01, 5.07781468e-03, 2.74688601e-02,
       -4.72300313e-03, 9.99904752e-01, -1.29663516e-02, -2.75320858e-02,
       1.28315566e-02, 9.99538541e-01 ]
K2: !!opencv-matrix
   rows: 3
   cols: 3
   dt: d
   data: [ 3.6687495098581172e+02, 0., 3.7621769200552956e+02, 0.,
       3.6726361788508825e+02, 2.2399932895774910e+02, 0., 0., 1. ]
D2: !!opencv-matrix
   rows: 5
   cols: 1
   dt: d
   data: [ -2.2201337830972428e-02, -1.1445843221826492e-03,
       2.9199201696882579e-04, -7.1705872414221615e-04,
       5.1284674356775366e-04 ]
P2: !!opencv-matrix
   rows: 3
   cols: 4
   dt: f
   data: [ 3.53862946e+02, 0., 3.68755035e+02, -7.40316094e+04, 0.,
       3.53862946e+02, 2.31896439e+02, 0., 0., 0., 1., 0. ]
R2: !!opencv-matrix
   rows: 3
   cols: 3
   dt: f
   data: [ 9.99982059e-01, -4.41213325e-03, -4.05645603e-03,
       4.46409546e-03, 9.99906957e-01, 1.28912162e-02, 3.99920065e-03,
       -1.29090939e-02, 9.99908686e-01 ]
