%YAML:1.0
---
Q: !!opencv-matrix
   rows: 4
   cols: 4
   dt: f
   data: [ 1., 0., 0., -3.68782074e+02, 0., 1., 0., -2.31896240e+02, 0.,
       0., 0., 3.53879517e+02, 0., 0., 4.85866610e-03, 0. ]
R: !!opencv-matrix
   rows: 3
   cols: 3
   dt: d
   data: [ 1.0061459622224598e+00, 9.6306881187146719e-03,
       3.1540316376623731e-02, -8.8386555324765012e-03,
       1.0060444636099959e+00, -2.6156276943892384e-02,
       -3.1850761325787048e-02, 2.5864860660579091e-02,
       1.0055865494695611e+00 ]
T: !!opencv-matrix
   rows: 3
   cols: 1
   dt: d
   data: [ -2.0616071515448317e+02, 9.0962491201985796e-01,
       8.3629679652899369e-01 ]
E: !!opencv-matrix
   rows: 0
   cols: 0
   dt: u
   data: []
F: !!opencv-matrix
   rows: 0
   cols: 0
   dt: u
   data: []
K1: !!opencv-matrix
   rows: 3
   cols: 3
   dt: d
   data: [ 3.6627756984521932e+02, 0., 3.8060969928433269e+02, 0.,
       3.6653175179255015e+02, 2.3878059668569790e+02, 0., 0., 1. ]
D1: !!opencv-matrix
   rows: 5
   cols: 1
   dt: d
   data: [ -2.1859934914563901e-02, -9.9468572971318997e-04,
       1.6448003429794193e-03, -3.1164985765511365e-04,
       3.5195408316194161e-04 ]
P1: !!opencv-matrix
   rows: 3
   cols: 4
   dt: f
   data: [ 3.53879517e+02, 0., 3.68782074e+02, 0., 0., 3.53879517e+02,
       2.31896240e+02, 0., 0., 0., 1., 0. ]
R1: !!opencv-matrix
   rows: 3
   cols: 3
   dt: f
   data: [ 9.99611735e-01, 5.05872117e-03, 2.73999125e-02,
       -4.70480230e-03, 9.99904871e-01, -1.29658934e-02, -2.74628960e-02,
       1.28319478e-02, 9.99540448e-01 ]
K2: !!opencv-matrix
   rows: 3
   cols: 3
   dt: d
   data: [ 3.6687495098581172e+02, 0., 3.7621769200552956e+02, 0.,
       3.6726361788508825e+02, 2.2399932895774910e+02, 0., 0., 1. ]
D2: !!opencv-matrix
   rows: 5
   cols: 1
   dt: d
   data: [ -2.2201337830972428e-02, -1.1445843221826492e-03,
       2.9199201696882579e-04, -7.1705872414221615e-04,
       5.1284674356775366e-04 ]
P2: !!opencv-matrix
   rows: 3
   cols: 4
   dt: f
   data: [ 3.53879517e+02, 0., 3.68782074e+02, -7.28347031e+04, 0.,
       3.53879517e+02, 2.31896240e+02, 0., 0., 0., 1., 0. ]
R2: !!opencv-matrix
   rows: 3
   cols: 3
   dt: f
   data: [ 9.99982059e-01, -4.41213325e-03, -4.05645510e-03,
       4.46409546e-03, 9.99906957e-01, 1.28911762e-02, 3.99920018e-03,
       -1.29090529e-02, 9.99908686e-01 ]
