%YAML:1.0
---
Q: !!opencv-matrix
   rows: 4
   cols: 4
   dt: f
   data: [ 1., 0., 0., -3.68792908e+02, 0., 1., 0., -2.31740646e+02, 0.,
       0., 0., 3.66541565e+02, 0., 0., 4.55647334e-03, 0. ]
R: !!opencv-matrix
   rows: 3
   cols: 3
   dt: d
   data: [ 1.0057508134722923e+00, -2.5465494170296032e-02,
       3.1615030554255942e-02, 2.6282096245767460e-02,
       1.0058842480011279e+00, -2.6160255311964000e-02,
       -3.0932111646354656e-02, 2.6964481026738634e-02,
       1.0057307570666623e+00 ]
T: !!opencv-matrix
   rows: 3
   cols: 1
   dt: d
   data: [ -2.1946403903392940e+02, 9.6799271989755620e-01,
       8.8941519588028528e-01 ]
E: !!opencv-matrix
   rows: 0
   cols: 0
   dt: u
   data: []
F: !!opencv-matrix
   rows: 0
   cols: 0
   dt: u
   data: []
K1: !!opencv-matrix
   rows: 3
   cols: 3
   dt: d
   data: [ 3.6627756984521932e+02, 0., 3.8060969928433269e+02, 0.,
       3.6653175179255015e+02, 2.3878059668569790e+02, 0., 0., 1. ]
D1: !!opencv-matrix
   rows: 5
   cols: 1
   dt: d
   data: [ -2.1859934914563901e-02, -9.9468572971318997e-04,
       1.6448003429794193e-03, -3.1164985765511365e-04,
       3.5195408316194161e-04 ]
P1: !!opencv-matrix
   rows: 3
   cols: 4
   dt: f
   data: [ 3.66541565e+02, 0., 3.68792908e+02, 0., 0., 3.66541565e+02,
       2.31740646e+02, 0., 0., 0., 1., 0. ]
R1: !!opencv-matrix
   rows: 3
   cols: 3
   dt: f
   data: [ 9.99177933e-01, -2.98105106e-02, 2.74736267e-02,
       3.01689934e-02, 9.99463797e-01, -1.27273723e-02, -2.70794854e-02,
       1.35457618e-02, 9.99541521e-01 ]
K2: !!opencv-matrix
   rows: 3
   cols: 3
   dt: d
   data: [ 3.6687495098581172e+02, 0., 3.7621769200552956e+02, 0.,
       3.6726361788508825e+02, 2.2399932895774910e+02, 0., 0., 1. ]
D2: !!opencv-matrix
   rows: 5
   cols: 1
   dt: d
   data: [ -2.2201337830972428e-02, -1.1445843221826492e-03,
       2.9199201696882579e-04, -7.1705872414221615e-04,
       5.1284674356775366e-04 ]
P2: !!opencv-matrix
   rows: 3
   cols: 4
   dt: f
   data: [ 3.66541565e+02, 0., 3.68792908e+02, -8.04441406e+04, 0.,
       3.66541565e+02, 2.31740646e+02, 0., 0., 0., 1., 0. ]
R2: !!opencv-matrix
   rows: 3
   cols: 3
   dt: f
   data: [ 9.99982059e-01, -4.41063289e-03, -4.05259663e-03,
       4.46350081e-03, 9.99903858e-01, 1.31302821e-02, 3.99429398e-03,
       -1.31481355e-02, 9.99905586e-01 ]
