%YAML:1.0
---
Q: !!opencv-matrix
   rows: 4
   cols: 4
   dt: f
   data: [ 1., 0., 0., -3.82385956e+02, 0., 1., 0., -2.31848083e+02, 0.,
       0., 0., 3.59846954e+02, 0., 0., 5.02028270e-03, 0. ]
R: !!opencv-matrix
   rows: 3
   cols: 3
   dt: d
   data: [ 1.0057425713390151e+00, 9.6393883849312245e-03,
       -3.4385338657449264e-03, -9.7412916010386884e-03,
       1.0058734007250767e+00, -2.5828139067798433e-02,
       3.2654002771512181e-03, 2.5860381081493748e-02,
       1.0059139645582782e+00 ]
T: !!opencv-matrix
   rows: 3
   cols: 1
   dt: d
   data: [ -1.9959803858512393e+02, 8.8058347351087274e-01,
       8.0955274109336084e-01 ]
E: !!opencv-matrix
   rows: 0
   cols: 0
   dt: u
   data: []
F: !!opencv-matrix
   rows: 0
   cols: 0
   dt: u
   data: []
K1: !!opencv-matrix
   rows: 3
   cols: 3
   dt: d
   data: [ 3.6627756984521932e+02, 0., 3.8060969928433269e+02, 0.,
       3.6653175179255015e+02, 2.3878059668569790e+02, 0., 0., 1. ]
D1: !!opencv-matrix
   rows: 5
   cols: 1
   dt: d
   data: [ -2.1859934914563901e-02, -9.9468572971318997e-04,
       1.6448003429794193e-03, -3.1164985765511365e-04,
       3.5195408316194161e-04 ]
P1: !!opencv-matrix
   rows: 3
   cols: 4
   dt: f
   data: [ 3.59846954e+02, 0., 3.82385956e+02, 0., 0., 3.59846954e+02,
       2.31848083e+02, 0., 0., 0., 1., 0. ]
R1: !!opencv-matrix
   rows: 3
   cols: 3
   dt: f
   data: [ 9.99959946e-01, 5.07293595e-03, -7.37671880e-03,
       -5.16735576e-03, 9.99904215e-01, -1.28374556e-02, 7.31088873e-03,
       1.28750587e-02, 9.99890387e-01 ]
K2: !!opencv-matrix
   rows: 3
   cols: 3
   dt: d
   data: [ 3.6687495098581172e+02, 0., 3.7621769200552956e+02, 0.,
       3.6726361788508825e+02, 2.2399932895774910e+02, 0., 0., 1. ]
D2: !!opencv-matrix
   rows: 5
   cols: 1
   dt: d
   data: [ -2.2201337830972428e-02, -1.1445843221826492e-03,
       2.9199201696882579e-04, -7.1705872414221615e-04,
       5.1284674356775366e-04 ]
P2: !!opencv-matrix
   rows: 3
   cols: 4
   dt: f
   data: [ 3.59846954e+02, 0., 3.82385956e+02, -7.16786172e+04, 0.,
       3.59846954e+02, 2.31848083e+02, 0., 0., 0., 1., 0. ]
R2: !!opencv-matrix
   rows: 3
   cols: 3
   dt: f
   data: [ 9.99982059e-01, -4.41170484e-03, -4.05584276e-03,
       4.46348405e-03, 9.99907494e-01, 1.28473919e-02, 3.99878854e-03,
       -1.28652649e-02, 9.99909222e-01 ]
