%YAML:1.0
---
Q: !!opencv-matrix
   rows: 4
   cols: 4
   dt: f
   data: [ 1., 0., 0., -3.68805511e+02, 0., 1., 0., -2.31896072e+02, 0.,
       0., 0., 3.53893494e+02, 0., 0., 4.87056561e-03, 0. ]
R: !!opencv-matrix
   rows: 3
   cols: 3
   dt: d
   data: [ 1.0065621583713906e+00, 9.6005602389203498e-03,
       3.1431497443060584e-02, -8.8400520769303832e-03,
       1.0059440175140186e+00, -2.6153195861304688e-02,
       -3.1849673535224936e-02, 2.5862393258717146e-02,
       1.0054864491233144e+00 ]
T: !!opencv-matrix
   rows: 3
   cols: 1
   dt: d
   data: [ -2.0555201979697844e+02, 9.0693919683118829e-01,
       8.3382751928886134e-01 ]
E: !!opencv-matrix
   rows: 0
   cols: 0
   dt: u
   data: []
F: !!opencv-matrix
   rows: 0
   cols: 0
   dt: u
   data: []
K1: !!opencv-matrix
   rows: 3
   cols: 3
   dt: d
   data: [ 3.6627756984521932e+02, 0., 3.8060969928433269e+02, 0.,
       3.6653175179255015e+02, 2.3878059668569790e+02, 0., 0., 1. ]
D1: !!opencv-matrix
   rows: 5
   cols: 1
   dt: d
   data: [ -2.1859934914563901e-02, -9.9468572971318997e-04,
       1.6448003429794193e-03, -3.1164985765511365e-04,
       3.5195408316194161e-04 ]
P1: !!opencv-matrix
   rows: 3
   cols: 4
   dt: f
   data: [ 3.53893494e+02, 0., 3.68805511e+02, 0., 0., 3.53893494e+02,
       2.31896072e+02, 0., 0., 0., 1., 0. ]
R1: !!opencv-matrix
   rows: 3
   cols: 3
   dt: f
   data: [ 9.99613464e-01, 5.04366821e-03, 2.73401774e-02,
       -4.69052233e-03, 9.99904931e-01, -1.29655264e-02, -2.74029709e-02,
       1.28322756e-02, 9.99542117e-01 ]
K2: !!opencv-matrix
   rows: 3
   cols: 3
   dt: d
   data: [ 3.6687495098581172e+02, 0., 3.7621769200552956e+02, 0.,
       3.6726361788508825e+02, 2.2399932895774910e+02, 0., 0., 1. ]
D2: !!opencv-matrix
   rows: 5
   cols: 1
   dt: d
   data: [ -2.2201337830972428e-02, -1.1445843221826492e-03,
       2.9199201696882579e-04, -7.1705872414221615e-04,
       5.1284674356775366e-04 ]
P2: !!opencv-matrix
   rows: 3
   cols: 4
   dt: f
   data: [ 3.53893494e+02, 0., 3.68805511e+02, -7.26596328e+04, 0.,
       3.53893494e+02, 2.31896072e+02, 0., 0., 0., 1., 0. ]
R2: !!opencv-matrix
   rows: 3
   cols: 3
   dt: f
   data: [ 9.99982059e-01, -4.41213325e-03, -4.05645510e-03,
       4.46409546e-03, 9.99906957e-01, 1.28911519e-02, 3.99920018e-03,
       -1.29090287e-02, 9.99908686e-01 ]
