%YAML:1.0
---
Q: !!opencv-matrix
   rows: 4
   cols: 4
   dt: f
   data: [ 1., 0., 0., -3.68920441e+02, 0., 1., 0., -2.31895630e+02, 0.,
       0., 0., 3.53943024e+02, 0., 0., 4.90745855e-03, 0. ]
R: !!opencv-matrix
   rows: 3
   cols: 3
   dt: d
   data: [ 1.0067698656471997e+00, 9.5857904212728676e-03,
       3.1373096779250785e-02, -8.8407428714981449e-03,
       1.0058924776190024e+00, -2.6151603692239980e-02,
       -3.1849091739562248e-02, 2.5861124487710836e-02,
       1.0054351000722321e+00 ]
T: !!opencv-matrix
   rows: 3
   cols: 1
   dt: d
   data: [ -2.0531127380825831e+02, 9.0587697019892532e-01,
       8.3285091475415696e-01 ]
E: !!opencv-matrix
   rows: 0
   cols: 0
   dt: u
   data: []
F: !!opencv-matrix
   rows: 0
   cols: 0
   dt: u
   data: []
K1: !!opencv-matrix
   rows: 3
   cols: 3
   dt: d
   data: [ 3.6627756984521932e+02, 0., 3.8060969928433269e+02, 0.,
       3.6653175179255015e+02, 2.3878059668569790e+02, 0., 0., 1. ]
D1: !!opencv-matrix
   rows: 5
   cols: 1
   dt: d
   data: [ -2.1859934914563901e-02, -9.9468572971318997e-04,
       1.6448003429794193e-03, -3.1164985765511365e-04,
       3.5195408316194161e-04 ]
P1: !!opencv-matrix
   rows: 3
   cols: 4
   dt: f
   data: [ 3.53943024e+02, 0., 3.68920441e+02, 0., 0., 3.53943024e+02,
       2.31895630e+02, 0., 0., 0., 1., 0. ]
R1: !!opencv-matrix
   rows: 3
   cols: 3
   dt: f
   data: [ 9.99621391e-01, 5.05079003e-03, 2.70467810e-02,
       -4.70141741e-03, 9.99904871e-01, -1.29653942e-02, -2.71096937e-02,
       1.28333280e-02, 9.99550104e-01 ]
K2: !!opencv-matrix
   rows: 3
   cols: 3
   dt: d
   data: [ 3.6687495098581172e+02, 0., 3.7621769200552956e+02, 0.,
       3.6726361788508825e+02, 2.2399932895774910e+02, 0., 0., 1. ]
D2: !!opencv-matrix
   rows: 5
   cols: 1
   dt: d
   data: [ -2.2201337830972428e-02, -1.1445843221826492e-03,
       2.9199201696882579e-04, -7.1705872414221615e-04,
       5.1284674356775366e-04 ]
P2: !!opencv-matrix
   rows: 3
   cols: 4
   dt: f
   data: [ 3.53943024e+02, 0., 3.68920441e+02, -7.21234922e+04, 0.,
       3.53943024e+02, 2.31895630e+02, 0., 0., 0., 1., 0. ]
R2: !!opencv-matrix
   rows: 3
   cols: 3
   dt: f
   data: [ 9.99982059e-01, -4.41213278e-03, -4.05645231e-03,
       4.46409639e-03, 9.99906957e-01, 1.28915859e-02, 3.99919506e-03,
       -1.29094627e-02, 9.99908686e-01 ]
