%YAML:1.0
---
Q: !!opencv-matrix
   rows: 4
   cols: 4
   dt: f
   data: [ 1., 0., 0., -3.68792542e+02, 0., 1., 0., -2.31740646e+02, 0.,
       0., 0., 3.66541840e+02, 0., 0., 4.61214781e-03, 0. ]
R: !!opencv-matrix
   rows: 3
   cols: 3
   dt: d
   data: [ 1.0057871410038106e+00, -2.5466810199863538e-02,
       3.1615600286261272e-02, 2.6283052800532884e-02,
       1.0059208194899973e+00, -2.6161203833350341e-02,
       -3.0933235247189106e-02, 2.6965462924452982e-02,
       1.0057673236032572e+00 ]
T: !!opencv-matrix
   rows: 3
   cols: 1
   dt: d
   data: [ -2.1713757082990188e+02, 9.5773133819444767e-01,
       8.7998678968445254e-01 ]
E: !!opencv-matrix
   rows: 0
   cols: 0
   dt: u
   data: []
F: !!opencv-matrix
   rows: 0
   cols: 0
   dt: u
   data: []
K1: !!opencv-matrix
   rows: 3
   cols: 3
   dt: d
   data: [ 3.6627756984521932e+02, 0., 3.8060969928433269e+02, 0.,
       3.6653175179255015e+02, 2.3878059668569790e+02, 0., 0., 1. ]
D1: !!opencv-matrix
   rows: 5
   cols: 1
   dt: d
   data: [ -2.1859934914563901e-02, -9.9468572971318997e-04,
       1.6448003429794193e-03, -3.1164985765511365e-04,
       3.5195408316194161e-04 ]
P1: !!opencv-matrix
   rows: 3
   cols: 4
   dt: f
   data: [ 3.66541840e+02, 0., 3.68792542e+02, 0., 0., 3.66541840e+02,
       2.31740646e+02, 0., 0., 0., 1., 0. ]
R1: !!opencv-matrix
   rows: 3
   cols: 3
   dt: f
   data: [ 9.99177933e-01, -2.98098922e-02, 2.74745505e-02,
       3.01683880e-02, 9.99463797e-01, -1.27273779e-02, -2.70804167e-02,
       1.35457786e-02, 9.99541461e-01 ]
K2: !!opencv-matrix
   rows: 3
   cols: 3
   dt: d
   data: [ 3.6687495098581172e+02, 0., 3.7621769200552956e+02, 0.,
       3.6726361788508825e+02, 2.2399932895774910e+02, 0., 0., 1. ]
D2: !!opencv-matrix
   rows: 5
   cols: 1
   dt: d
   data: [ -2.2201337830972428e-02, -1.1445843221826492e-03,
       2.9199201696882579e-04, -7.1705872414221615e-04,
       5.1284674356775366e-04 ]
P2: !!opencv-matrix
   rows: 3
   cols: 4
   dt: f
   data: [ 3.66541840e+02, 0., 3.68792542e+02, -7.94731328e+04, 0.,
       3.66541840e+02, 2.31740646e+02, 0., 0., 0., 1., 0. ]
R2: !!opencv-matrix
   rows: 3
   cols: 3
   dt: f
   data: [ 9.99982059e-01, -4.41063289e-03, -4.05259663e-03,
       4.46350081e-03, 9.99903858e-01, 1.31302932e-02, 3.99429398e-03,
       -1.31481467e-02, 9.99905586e-01 ]
