%YAML:1.0
---
Q: !!opencv-matrix
   rows: 4
   cols: 4
   dt: f
   data: [ 1., 0., 0., -3.82407776e+02, 0., 1., 0., -2.31847992e+02, 0.,
       0., 0., 3.59854736e+02, 0., 0., 4.91478760e-03, 0. ]
R: !!opencv-matrix
   rows: 3
   cols: 3
   dt: d
   data: [ 1.0070788656434697e+00, 9.6014661904706786e-03,
       3.0790140796846114e-02, -8.8419668800469552e-03,
       1.0058605310174562e+00, -2.6148207197977912e-02,
       -3.1849465448449112e-02, 2.5860240267919485e-02,
       1.0054055993100661e+00 ]
T: !!opencv-matrix
   rows: 3
   cols: 1
   dt: d
   data: [ -2.0376781014942557e+02, 8.9906679293089009e-01,
       8.2658920464699914e-01 ]
E: !!opencv-matrix
   rows: 0
   cols: 0
   dt: u
   data: []
F: !!opencv-matrix
   rows: 0
   cols: 0
   dt: u
   data: []
K1: !!opencv-matrix
   rows: 3
   cols: 3
   dt: d
   data: [ 3.6627756984521932e+02, 0., 3.8060969928433269e+02, 0.,
       3.6653175179255015e+02, 2.3878059668569790e+02, 0., 0., 1. ]
D1: !!opencv-matrix
   rows: 5
   cols: 1
   dt: d
   data: [ -2.1859934914563901e-02, -9.9468572971318997e-04,
       1.6448003429794193e-03, -3.1164985765511365e-04,
       3.5195408316194161e-04 ]
P1: !!opencv-matrix
   rows: 3
   cols: 4
   dt: f
   data: [ 3.59854736e+02, 0., 3.82407776e+02, 0., 0., 3.59854736e+02,
       2.31847992e+02, 0., 0., 0., 1., 0. ]
R1: !!opencv-matrix
   rows: 3
   cols: 3
   dt: f
   data: [ 9.99959469e-01, 5.07941842e-03, -7.43251992e-03,
       -5.17455535e-03, 9.99904215e-01, -1.28373438e-02, 7.36660184e-03,
       1.28752841e-02, 9.99889970e-01 ]
K2: !!opencv-matrix
   rows: 3
   cols: 3
   dt: d
   data: [ 3.6687495098581172e+02, 0., 3.7621769200552956e+02, 0.,
       3.6726361788508825e+02, 2.2399932895774910e+02, 0., 0., 1. ]
D2: !!opencv-matrix
   rows: 5
   cols: 1
   dt: d
   data: [ -2.2201337830972428e-02, -1.1445843221826492e-03,
       2.9199201696882579e-04, -7.1705872414221615e-04,
       5.1284674356775366e-04 ]
P2: !!opencv-matrix
   rows: 3
   cols: 4
   dt: f
   data: [ 3.59854736e+02, 0., 3.82407776e+02, -7.32187734e+04, 0.,
       3.59854736e+02, 2.31847992e+02, 0., 0., 0., 1., 0. ]
R2: !!opencv-matrix
   rows: 3
   cols: 3
   dt: f
   data: [ 9.99982059e-01, -4.41170577e-03, -4.05584788e-03,
       4.46348544e-03, 9.99907494e-01, 1.28474506e-02, 3.99879320e-03,
       -1.28653226e-02, 9.99909222e-01 ]
