%YAML:1.0
---
Q: !!opencv-matrix
   rows: 4
   cols: 4
   dt: f
   data: [ 1., 0., 0., -3.68755829e+02, 0., 1., 0., -2.31896423e+02, 0.,
       0., 0., 3.53863464e+02, 0., 0., 4.83983802e-03, 0. ]
R: !!opencv-matrix
   rows: 3
   cols: 3
   dt: d
   data: [ 1.0059116904372332e+00, 9.6522070630223923e-03,
       3.1611211564009187e-02, -8.8377432811595890e-03,
       1.0060721473366485e+00, -2.6157308201075764e-02,
       -3.1850577444514708e-02, 2.5865488253657490e-02,
       1.0056140299312828e+00 ]
T: !!opencv-matrix
   rows: 3
   cols: 1
   dt: d
   data: [ -2.0783963130871049e+02, 9.1703300105293295e-01,
       8.4310927419571702e-01 ]
E: !!opencv-matrix
   rows: 0
   cols: 0
   dt: u
   data: []
F: !!opencv-matrix
   rows: 0
   cols: 0
   dt: u
   data: []
K1: !!opencv-matrix
   rows: 3
   cols: 3
   dt: d
   data: [ 3.6627756984521932e+02, 0., 3.8060969928433269e+02, 0.,
       3.6653175179255015e+02, 2.3878059668569790e+02, 0., 0., 1. ]
D1: !!opencv-matrix
   rows: 5
   cols: 1
   dt: d
   data: [ -2.1859934914563901e-02, -9.9468572971318997e-04,
       1.6448003429794193e-03, -3.1164985765511365e-04,
       3.5195408316194161e-04 ]
P1: !!opencv-matrix
   rows: 3
   cols: 4
   dt: f
   data: [ 3.53863464e+02, 0., 3.68755829e+02, 0., 0., 3.53863464e+02,
       2.31896423e+02, 0., 0., 0., 1., 0. ]
R1: !!opencv-matrix
   rows: 3
   cols: 3
   dt: f
   data: [ 9.99609828e-01, 5.07715112e-03, 2.74668206e-02,
       -4.72236611e-03, 9.99904811e-01, -1.29663367e-02, -2.75300387e-02,
       1.28315687e-02, 9.99538600e-01 ]
K2: !!opencv-matrix
   rows: 3
   cols: 3
   dt: d
   data: [ 3.6687495098581172e+02, 0., 3.7621769200552956e+02, 0.,
       3.6726361788508825e+02, 2.2399932895774910e+02, 0., 0., 1. ]
D2: !!opencv-matrix
   rows: 5
   cols: 1
   dt: d
   data: [ -2.2201337830972428e-02, -1.1445843221826492e-03,
       2.9199201696882579e-04, -7.1705872414221615e-04,
       5.1284674356775366e-04 ]
P2: !!opencv-matrix
   rows: 3
   cols: 4
   dt: f
   data: [ 3.53863464e+02, 0., 3.68755829e+02, -7.31147266e+04, 0.,
       3.53863464e+02, 2.31896423e+02, 0., 0., 0., 1., 0. ]
R2: !!opencv-matrix
   rows: 3
   cols: 3
   dt: f
   data: [ 9.99982059e-01, -4.41213325e-03, -4.05645603e-03,
       4.46409546e-03, 9.99906957e-01, 1.28912143e-02, 3.99920065e-03,
       -1.29090911e-02, 9.99908686e-01 ]
