%YAML:1.0
---
Q: !!opencv-matrix
   rows: 4
   cols: 4
   dt: f
   data: [ 1., 0., 0., -3.68769745e+02, 0., 1., 0., -2.31896332e+02, 0.,
       0., 0., 3.53872009e+02, 0., 0., 4.85049747e-03, 0. ]
R: !!opencv-matrix
   rows: 3
   cols: 3
   dt: d
   data: [ 1.0059357397652440e+00, 9.6499090372215244e-03,
       3.1606169221919639e-02, -8.8379335043752335e-03,
       1.0060913792343673e+00, -2.6157782921970300e-02,
       -3.1851205818408043e-02, 2.5865992811513024e-02,
       1.0056332653550686e+00 ]
T: !!opencv-matrix
   rows: 3
   cols: 1
   dt: d
   data: [ -2.0661476487662995e+02, 9.1162828987244904e-01,
       8.3813872037483361e-01 ]
E: !!opencv-matrix
   rows: 0
   cols: 0
   dt: u
   data: []
F: !!opencv-matrix
   rows: 0
   cols: 0
   dt: u
   data: []
K1: !!opencv-matrix
   rows: 3
   cols: 3
   dt: d
   data: [ 3.6627756984521932e+02, 0., 3.8060969928433269e+02, 0.,
       3.6653175179255015e+02, 2.3878059668569790e+02, 0., 0., 1. ]
D1: !!opencv-matrix
   rows: 5
   cols: 1
   dt: d
   data: [ -2.1859934914563901e-02, -9.9468572971318997e-04,
       1.6448003429794193e-03, -3.1164985765511365e-04,
       3.5195408316194161e-04 ]
P1: !!opencv-matrix
   rows: 3
   cols: 4
   dt: f
   data: [ 3.53872009e+02, 0., 3.68769745e+02, 0., 0., 3.53872009e+02,
       2.31896332e+02, 0., 0., 0., 1., 0. ]
R1: !!opencv-matrix
   rows: 3
   cols: 3
   dt: f
   data: [ 9.99610841e-01, 5.06718317e-03, 2.74313595e-02,
       -4.71285731e-03, 9.99904811e-01, -1.29660973e-02, -2.74944510e-02,
       1.28317708e-02, 9.99539614e-01 ]
K2: !!opencv-matrix
   rows: 3
   cols: 3
   dt: d
   data: [ 3.6687495098581172e+02, 0., 3.7621769200552956e+02, 0.,
       3.6726361788508825e+02, 2.2399932895774910e+02, 0., 0., 1. ]
D2: !!opencv-matrix
   rows: 5
   cols: 1
   dt: d
   data: [ -2.2201337830972428e-02, -1.1445843221826492e-03,
       2.9199201696882579e-04, -7.1705872414221615e-04,
       5.1284674356775366e-04 ]
P2: !!opencv-matrix
   rows: 3
   cols: 4
   dt: f
   data: [ 3.53872009e+02, 0., 3.68769745e+02, -7.29558203e+04, 0.,
       3.53872009e+02, 2.31896332e+02, 0., 0., 0., 1., 0. ]
R2: !!opencv-matrix
   rows: 3
   cols: 3
   dt: f
   data: [ 9.99982059e-01, -4.41213325e-03, -4.05645557e-03,
       4.46409546e-03, 9.99906957e-01, 1.28911929e-02, 3.99920018e-03,
       -1.29090697e-02, 9.99908686e-01 ]
