%YAML:1.0
---
Q: !!opencv-matrix
   rows: 4
   cols: 4
   dt: f
   data: [ 1., 0., 0., -3.82408051e+02, 0., 1., 0., -2.31847992e+02, 0.,
       0., 0., 3.59854950e+02, 0., 0., 4.93886461e-03, 0. ]
R: !!opencv-matrix
   rows: 3
   cols: 3
   dt: d
   data: [ 1.0060296112029015e+00, 9.6497948611694740e-03,
       -3.5130137063900729e-03, -9.7416548762577302e-03,
       1.0057020954909515e+00, -2.5823410659174813e-02,
       3.2629857948032414e-03, 2.5855929238658093e-02,
       1.0057430098349545e+00 ]
T: !!opencv-matrix
   rows: 3
   cols: 1
   dt: d
   data: [ -2.0346393229608950e+02, 8.9763915661138582e-01,
       8.2523354584898900e-01 ]
E: !!opencv-matrix
   rows: 0
   cols: 0
   dt: u
   data: []
F: !!opencv-matrix
   rows: 0
   cols: 0
   dt: u
   data: []
K1: !!opencv-matrix
   rows: 3
   cols: 3
   dt: d
   data: [ 3.6627756984521932e+02, 0., 3.8060969928433269e+02, 0.,
       3.6653175179255015e+02, 2.3878059668569790e+02, 0., 0., 1. ]
D1: !!opencv-matrix
   rows: 5
   cols: 1
   dt: d
   data: [ -2.1859934914563901e-02, -9.9468572971318997e-04,
       1.6448003429794193e-03, -3.1164985765511365e-04,
       3.5195408316194161e-04 ]
P1: !!opencv-matrix
   rows: 3
   cols: 4
   dt: f
   data: [ 3.59854950e+02, 0., 3.82408051e+02, 0., 0., 3.59854950e+02,
       2.31847992e+02, 0., 0., 0., 1., 0. ]
R1: !!opencv-matrix
   rows: 3
   cols: 3
   dt: f
   data: [ 9.99959469e-01, 5.07894345e-03, -7.43322214e-03,
       -5.17408922e-03, 9.99904215e-01, -1.28373457e-02, 7.36731011e-03,
       1.28752859e-02, 9.99889970e-01 ]
K2: !!opencv-matrix
   rows: 3
   cols: 3
   dt: d
   data: [ 3.6687495098581172e+02, 0., 3.7621769200552956e+02, 0.,
       3.6726361788508825e+02, 2.2399932895774910e+02, 0., 0., 1. ]
D2: !!opencv-matrix
   rows: 5
   cols: 1
   dt: d
   data: [ -2.2201337830972428e-02, -1.1445843221826492e-03,
       2.9199201696882579e-04, -7.1705872414221615e-04,
       5.1284674356775366e-04 ]
P2: !!opencv-matrix
   rows: 3
   cols: 4
   dt: f
   data: [ 3.59854950e+02, 0., 3.82408051e+02, -7.28618828e+04, 0.,
       3.59854950e+02, 2.31847992e+02, 0., 0., 0., 1., 0. ]
R2: !!opencv-matrix
   rows: 3
   cols: 3
   dt: f
   data: [ 9.99982059e-01, -4.41170484e-03, -4.05584183e-03,
       4.46348405e-03, 9.99907494e-01, 1.28474524e-02, 3.99878761e-03,
       -1.28653245e-02, 9.99909222e-01 ]
