%YAML:1.0
---
Q: !!opencv-matrix
   rows: 4
   cols: 4
   dt: f
   data: [ 1., 0., 0., -3.68754822e+02, 0., 1., 0., -2.31896439e+02, 0.,
       0., 0., 3.53862762e+02, 0., 0., 4.79796715e-03, 0. ]
R: !!opencv-matrix
   rows: 3
   cols: 3
   dt: d
   data: [ 1.0058956731393629e+00, 9.6511280850450302e-03,
       3.1609418618850200e-02, -8.8376066124457534e-03,
       1.0060570451260495e+00, -2.6156909527967245e-02,
       -3.1850095770042434e-02, 2.5865103998023154e-02,
       1.0055989361534172e+00 ]
T: !!opencv-matrix
   rows: 3
   cols: 1
   dt: d
   data: [ -2.0877501911265242e+02, 9.2115979062072395e-01,
       8.4690185110039629e-01 ]
E: !!opencv-matrix
   rows: 0
   cols: 0
   dt: u
   data: []
F: !!opencv-matrix
   rows: 0
   cols: 0
   dt: u
   data: []
K1: !!opencv-matrix
   rows: 3
   cols: 3
   dt: d
   data: [ 3.6627756984521932e+02, 0., 3.8060969928433269e+02, 0.,
       3.6653175179255015e+02, 2.3878059668569790e+02, 0., 0., 1. ]
D1: !!opencv-matrix
   rows: 5
   cols: 1
   dt: d
   data: [ -2.1859934914563901e-02, -9.9468572971318997e-04,
       1.6448003429794193e-03, -3.1164985765511365e-04,
       3.5195408316194161e-04 ]
P1: !!opencv-matrix
   rows: 3
   cols: 4
   dt: f
   data: [ 3.53862762e+02, 0., 3.68754822e+02, 0., 0., 3.53862762e+02,
       2.31896439e+02, 0., 0., 0., 1., 0. ]
R1: !!opencv-matrix
   rows: 3
   cols: 3
   dt: f
   data: [ 9.99609768e-01, 5.07817883e-03, 2.74694208e-02,
       -4.72336030e-03, 9.99904752e-01, -1.29663600e-02, -2.75326502e-02,
       1.28315520e-02, 9.99538541e-01 ]
K2: !!opencv-matrix
   rows: 3
   cols: 3
   dt: d
   data: [ 3.6687495098581172e+02, 0., 3.7621769200552956e+02, 0.,
       3.6726361788508825e+02, 2.2399932895774910e+02, 0., 0., 1. ]
D2: !!opencv-matrix
   rows: 5
   cols: 1
   dt: d
   data: [ -2.2201337830972428e-02, -1.1445843221826492e-03,
       2.9199201696882579e-04, -7.1705872414221615e-04,
       5.1284674356775366e-04 ]
P2: !!opencv-matrix
   rows: 3
   cols: 4
   dt: f
   data: [ 3.53862762e+02, 0., 3.68754822e+02, -7.37526406e+04, 0.,
       3.53862762e+02, 2.31896439e+02, 0., 0., 0., 1., 0. ]
R2: !!opencv-matrix
   rows: 3
   cols: 3
   dt: f
   data: [ 9.99982059e-01, -4.41213325e-03, -4.05645603e-03,
       4.46409592e-03, 9.99906957e-01, 1.28912181e-02, 3.99920065e-03,
       -1.29090948e-02, 9.99908686e-01 ]
