%YAML:1.0
---
Q: !!opencv-matrix
   rows: 4
   cols: 4
   dt: f
   data: [ 1., 0., 0., -3.68795105e+02, 0., 1., 0., -2.31740860e+02, 0.,
       0., 0., 3.66535095e+02, 0., 0., 4.79125418e-03, 0. ]
R: !!opencv-matrix
   rows: 3
   cols: 3
   dt: d
   data: [ 1.0058872083801988e+00, -2.5410660702624793e-02,
       3.1602588420482081e-02, 2.6286841241908467e-02,
       1.0060590639174534e+00, -2.6164729436572769e-02,
       -3.0937338805490027e-02, 2.6968934095857947e-02,
       1.0059058803982204e+00 ]
T: !!opencv-matrix
   rows: 3
   cols: 1
   dt: d
   data: [ -2.0909668070962050e+02, 9.2226528298381216e-01,
       8.4739971111422019e-01 ]
E: !!opencv-matrix
   rows: 0
   cols: 0
   dt: u
   data: []
F: !!opencv-matrix
   rows: 0
   cols: 0
   dt: u
   data: []
K1: !!opencv-matrix
   rows: 3
   cols: 3
   dt: d
   data: [ 3.6627756984521932e+02, 0., 3.8060969928433269e+02, 0.,
       3.6653175179255015e+02, 2.3878059668569790e+02, 0., 0., 1. ]
D1: !!opencv-matrix
   rows: 5
   cols: 1
   dt: d
   data: [ -2.1859934914563901e-02, -9.9468572971318997e-04,
       1.6448003429794193e-03, -3.1164985765511365e-04,
       3.5195408316194161e-04 ]
P1: !!opencv-matrix
   rows: 3
   cols: 4
   dt: f
   data: [ 3.66535095e+02, 0., 3.68795105e+02, 0., 0., 3.66535095e+02,
       2.31740860e+02, 0., 0., 0., 1., 0. ]
R1: !!opencv-matrix
   rows: 3
   cols: 3
   dt: f
   data: [ 9.99179304e-01, -2.97705811e-02, 2.74678189e-02,
       3.01289968e-02, 9.99464989e-01, -1.27282385e-02, -2.70741954e-02,
       1.35453707e-02, 9.99541640e-01 ]
K2: !!opencv-matrix
   rows: 3
   cols: 3
   dt: d
   data: [ 3.6687495098581172e+02, 0., 3.7621769200552956e+02, 0.,
       3.6726361788508825e+02, 2.2399932895774910e+02, 0., 0., 1. ]
D2: !!opencv-matrix
   rows: 5
   cols: 1
   dt: d
   data: [ -2.2201337830972428e-02, -1.1445843221826492e-03,
       2.9199201696882579e-04, -7.1705872414221615e-04,
       5.1284674356775366e-04 ]
P2: !!opencv-matrix
   rows: 3
   cols: 4
   dt: f
   data: [ 3.66535095e+02, 0., 3.68795105e+02, -7.65008672e+04, 0.,
       3.66535095e+02, 2.31740860e+02, 0., 0., 0., 1., 0. ]
R2: !!opencv-matrix
   rows: 3
   cols: 3
   dt: f
   data: [ 9.99982059e-01, -4.41063289e-03, -4.05259663e-03,
       4.46350174e-03, 9.99903858e-01, 1.31305158e-02, 3.99429305e-03,
       -1.31483683e-02, 9.99905586e-01 ]
