%YAML:1.0
---
Q: !!opencv-matrix
   rows: 4
   cols: 4
   dt: f
   data: [ 1., 0., 0., -3.68792755e+02, 0., 1., 0., -2.31740860e+02, 0.,
       0., 0., 3.66536255e+02, 0., 0., 4.79802024e-03, 0. ]
R: !!opencv-matrix
   rows: 3
   cols: 3
   dt: d
   data: [ 1.0058829693803542e+00, -2.5388130471330952e-02,
       3.1607621910532943e-02, 2.6287144049774787e-02,
       1.0060682668615668e+00, -2.6164992302760193e-02,
       -3.0937570015427511e-02, 2.6969091224958296e-02,
       1.0059151631211891e+00 ]
T: !!opencv-matrix
   rows: 3
   cols: 1
   dt: d
   data: [ -2.0870987665926472e+02, 9.2055920194216967e-01,
       8.4583212805354657e-01 ]
E: !!opencv-matrix
   rows: 0
   cols: 0
   dt: u
   data: []
F: !!opencv-matrix
   rows: 0
   cols: 0
   dt: u
   data: []
K1: !!opencv-matrix
   rows: 3
   cols: 3
   dt: d
   data: [ 3.6627756984521932e+02, 0., 3.8060969928433269e+02, 0.,
       3.6653175179255015e+02, 2.3878059668569790e+02, 0., 0., 1. ]
D1: !!opencv-matrix
   rows: 5
   cols: 1
   dt: d
   data: [ -2.1859934914563901e-02, -9.9468572971318997e-04,
       1.6448003429794193e-03, -3.1164985765511365e-04,
       3.5195408316194161e-04 ]
P1: !!opencv-matrix
   rows: 3
   cols: 4
   dt: f
   data: [ 3.66536255e+02, 0., 3.68792755e+02, 0., 0., 3.66536255e+02,
       2.31740860e+02, 0., 0., 0., 1., 0. ]
R1: !!opencv-matrix
   rows: 3
   cols: 3
   dt: f
   data: [ 9.99179423e-01, -2.97603309e-02, 2.74738614e-02,
       3.01188305e-02, 9.99465287e-01, -1.27284033e-02, -2.70803701e-02,
       1.35454386e-02, 9.99541461e-01 ]
K2: !!opencv-matrix
   rows: 3
   cols: 3
   dt: d
   data: [ 3.6687495098581172e+02, 0., 3.7621769200552956e+02, 0.,
       3.6726361788508825e+02, 2.2399932895774910e+02, 0., 0., 1. ]
D2: !!opencv-matrix
   rows: 5
   cols: 1
   dt: d
   data: [ -2.2201337830972428e-02, -1.1445843221826492e-03,
       2.9199201696882579e-04, -7.1705872414221615e-04,
       5.1284674356775366e-04 ]
P2: !!opencv-matrix
   rows: 3
   cols: 4
   dt: f
   data: [ 3.66536255e+02, 0., 3.68792755e+02, -7.63932266e+04, 0.,
       3.66536255e+02, 2.31740860e+02, 0., 0., 0., 1., 0. ]
R2: !!opencv-matrix
   rows: 3
   cols: 3
   dt: f
   data: [ 9.99982059e-01, -4.41063289e-03, -4.05259663e-03,
       4.46350221e-03, 9.99903798e-01, 1.31306313e-02, 3.99429258e-03,
       -1.31484848e-02, 9.99905586e-01 ]
