%YAML:1.0
---
Q: !!opencv-matrix
   rows: 4
   cols: 4
   dt: f
   data: [ 1., 0., 0., -3.82254333e+02, 0., 1., 0., -2.31848923e+02, 0.,
       0., 0., 3.59816498e+02, 0., 0., 5.00833848e-03, 0. ]
R: !!opencv-matrix
   rows: 3
   cols: 3
   dt: d
   data: [ 1.0053832566223506e+00, 9.6313516733349917e-03,
       -3.3353342587984815e-03, -9.7403509573588398e-03,
       1.0059956775292853e+00, -2.5831734909629225e-02,
       3.2677501682993044e-03, 2.5863561037058346e-02,
       1.0060357853878175e+00 ]
T: !!opencv-matrix
   rows: 3
   cols: 1
   dt: d
   data: [ -1.9889232048318857e+02, 8.7747001745251685e-01,
       8.0669047631360824e-01 ]
E: !!opencv-matrix
   rows: 0
   cols: 0
   dt: u
   data: []
F: !!opencv-matrix
   rows: 0
   cols: 0
   dt: u
   data: []
K1: !!opencv-matrix
   rows: 3
   cols: 3
   dt: d
   data: [ 3.6627756984521932e+02, 0., 3.8060969928433269e+02, 0.,
       3.6653175179255015e+02, 2.3878059668569790e+02, 0., 0., 1. ]
D1: !!opencv-matrix
   rows: 5
   cols: 1
   dt: d
   data: [ -2.1859934914563901e-02, -9.9468572971318997e-04,
       1.6448003429794193e-03, -3.1164985765511365e-04,
       3.5195408316194161e-04 ]
P1: !!opencv-matrix
   rows: 3
   cols: 4
   dt: f
   data: [ 3.59816498e+02, 0., 3.82254333e+02, 0., 0., 3.59816498e+02,
       2.31848923e+02, 0., 0., 0., 1., 0. ]
R1: !!opencv-matrix
   rows: 3
   cols: 3
   dt: f
   data: [ 9.99962866e-01, 4.97011235e-03, -7.04006199e-03,
       -5.06021082e-03, 9.99904752e-01, -1.28384614e-02, 6.97558327e-03,
       1.28736086e-02, 9.99892771e-01 ]
K2: !!opencv-matrix
   rows: 3
   cols: 3
   dt: d
   data: [ 3.6687495098581172e+02, 0., 3.7621769200552956e+02, 0.,
       3.6726361788508825e+02, 2.2399932895774910e+02, 0., 0., 1. ]
D2: !!opencv-matrix
   rows: 5
   cols: 1
   dt: d
   data: [ -2.2201337830972428e-02, -1.1445843221826492e-03,
       2.9199201696882579e-04, -7.1705872414221615e-04,
       5.1284674356775366e-04 ]
P2: !!opencv-matrix
   rows: 3
   cols: 4
   dt: f
   data: [ 3.59816498e+02, 0., 3.82254333e+02, -7.18434844e+04, 0.,
       3.59816498e+02, 2.31848923e+02, 0., 0., 0., 1., 0. ]
R2: !!opencv-matrix
   rows: 3
   cols: 3
   dt: f
   data: [ 9.99982059e-01, -4.41170437e-03, -4.05583670e-03,
       4.46348218e-03, 9.99907494e-01, 1.28471600e-02, 3.99878342e-03,
       -1.28650330e-02, 9.99909222e-01 ]
