%YAML:1.0
---
Q: !!opencv-matrix
   rows: 4
   cols: 4
   dt: f
   data: [ 1., 0., 0., -3.82407623e+02, 0., 1., 0., -2.31847992e+02, 0.,
       0., 0., 3.59854675e+02, 0., 0., 4.96991025e-03, 0. ]
R: !!opencv-matrix
   rows: 3
   cols: 3
   dt: d
   data: [ 1.0060591228046265e+00, 9.6498026518580665e-03,
       -3.5134524127005285e-03, -9.7419438239716178e-03,
       1.0057321945163094e+00, -2.5824181942568622e-02,
       3.2630856925318866e-03, 2.5856704378377150e-02,
       1.0057731104114473e+00 ]
T: !!opencv-matrix
   rows: 3
   cols: 1
   dt: d
   data: [ -2.0174928971980319e+02, 8.9007430421758171e-01,
       8.1827794125372366e-01 ]
E: !!opencv-matrix
   rows: 0
   cols: 0
   dt: u
   data: []
F: !!opencv-matrix
   rows: 0
   cols: 0
   dt: u
   data: []
K1: !!opencv-matrix
   rows: 3
   cols: 3
   dt: d
   data: [ 3.6627756984521932e+02, 0., 3.8060969928433269e+02, 0.,
       3.6653175179255015e+02, 2.3878059668569790e+02, 0., 0., 1. ]
D1: !!opencv-matrix
   rows: 5
   cols: 1
   dt: d
   data: [ -2.1859934914563901e-02, -9.9468572971318997e-04,
       1.6448003429794193e-03, -3.1164985765511365e-04,
       3.5195408316194161e-04 ]
P1: !!opencv-matrix
   rows: 3
   cols: 4
   dt: f
   data: [ 3.59854675e+02, 0., 3.82407623e+02, 0., 0., 3.59854675e+02,
       2.31847992e+02, 0., 0., 0., 1., 0. ]
R1: !!opencv-matrix
   rows: 3
   cols: 3
   dt: f
   data: [ 9.99959469e-01, 5.07932901e-03, -7.43211154e-03,
       -5.17446082e-03, 9.99904215e-01, -1.28373448e-02, 7.36619439e-03,
       1.28752822e-02, 9.99889970e-01 ]
K2: !!opencv-matrix
   rows: 3
   cols: 3
   dt: d
   data: [ 3.6687495098581172e+02, 0., 3.7621769200552956e+02, 0.,
       3.6726361788508825e+02, 2.2399932895774910e+02, 0., 0., 1. ]
D2: !!opencv-matrix
   rows: 5
   cols: 1
   dt: d
   data: [ -2.2201337830972428e-02, -1.1445843221826492e-03,
       2.9199201696882579e-04, -7.1705872414221615e-04,
       5.1284674356775366e-04 ]
P2: !!opencv-matrix
   rows: 3
   cols: 4
   dt: f
   data: [ 3.59854675e+02, 0., 3.82407623e+02, -7.24066797e+04, 0.,
       3.59854675e+02, 2.31847992e+02, 0., 0., 0., 1., 0. ]
R2: !!opencv-matrix
   rows: 3
   cols: 3
   dt: f
   data: [ 9.99982059e-01, -4.41170577e-03, -4.05584741e-03,
       4.46348544e-03, 9.99907494e-01, 1.28474496e-02, 3.99879320e-03,
       -1.28653226e-02, 9.99909222e-01 ]
