%YAML:1.0
---
Q: !!opencv-matrix
   rows: 4
   cols: 4
   dt: f
   data: [ 1., 0., 0., -3.82407959e+02, 0., 1., 0., -2.31847992e+02, 0.,
       0., 0., 3.59854889e+02, 0., 0., 4.94851684e-03, 0. ]
R: !!opencv-matrix
   rows: 3
   cols: 3
   dt: d
   data: [ 1.0060463625117630e+00, 9.6490005970695705e-03,
       -3.5144940639085932e-03, -9.7418206356740186e-03,
       1.0057195121251614e+00, -2.5823851428748941e-02,
       3.2630448220477633e-03, 2.5856381004729603e-02,
       1.0057604289072484e+00 ]
T: !!opencv-matrix
   rows: 3
   cols: 1
   dt: d
   data: [ -2.0247205203729303e+02, 8.9326297554219003e-01,
       8.2120940396733222e-01 ]
E: !!opencv-matrix
   rows: 0
   cols: 0
   dt: u
   data: []
F: !!opencv-matrix
   rows: 0
   cols: 0
   dt: u
   data: []
K1: !!opencv-matrix
   rows: 3
   cols: 3
   dt: d
   data: [ 3.6627756984521932e+02, 0., 3.8060969928433269e+02, 0.,
       3.6653175179255015e+02, 2.3878059668569790e+02, 0., 0., 1. ]
D1: !!opencv-matrix
   rows: 5
   cols: 1
   dt: d
   data: [ -2.1859934914563901e-02, -9.9468572971318997e-04,
       1.6448003429794193e-03, -3.1164985765511365e-04,
       3.5195408316194161e-04 ]
P1: !!opencv-matrix
   rows: 3
   cols: 4
   dt: f
   data: [ 3.59854889e+02, 0., 3.82407959e+02, 0., 0., 3.59854889e+02,
       2.31847992e+02, 0., 0., 0., 1., 0. ]
R1: !!opencv-matrix
   rows: 3
   cols: 3
   dt: f
   data: [ 9.99959469e-01, 5.07907430e-03, -7.43301166e-03,
       -5.17421728e-03, 9.99904215e-01, -1.28373457e-02, 7.36709777e-03,
       1.28752850e-02, 9.99889970e-01 ]
K2: !!opencv-matrix
   rows: 3
   cols: 3
   dt: d
   data: [ 3.6687495098581172e+02, 0., 3.7621769200552956e+02, 0.,
       3.6726361788508825e+02, 2.2399932895774910e+02, 0., 0., 1. ]
D2: !!opencv-matrix
   rows: 5
   cols: 1
   dt: d
   data: [ -2.2201337830972428e-02, -1.1445843221826492e-03,
       2.9199201696882579e-04, -7.1705872414221615e-04,
       5.1284674356775366e-04 ]
P2: !!opencv-matrix
   rows: 3
   cols: 4
   dt: f
   data: [ 3.59854889e+02, 0., 3.82407959e+02, -7.27197500e+04, 0.,
       3.59854889e+02, 2.31847992e+02, 0., 0., 0., 1., 0. ]
R2: !!opencv-matrix
   rows: 3
   cols: 3
   dt: f
   data: [ 9.99982059e-01, -4.41170484e-03, -4.05584183e-03,
       4.46348405e-03, 9.99907494e-01, 1.28474515e-02, 3.99878761e-03,
       -1.28653236e-02, 9.99909222e-01 ]
