%YAML:1.0
---
Q: !!opencv-matrix
   rows: 4
   cols: 4
   dt: f
   data: [ 1., 0., 0., -3.68754761e+02, 0., 1., 0., -2.31896439e+02, 0.,
       0., 0., 3.53862732e+02, 0., 0., 4.75921948e-03, 0. ]
R: !!opencv-matrix
   rows: 3
   cols: 3
   dt: d
   data: [ 1.0059134006720043e+00, -2.5200118407803847e-02,
       3.1633015023435546e-02, 2.6286912633307177e-02,
       1.0060642555822783e+00, -2.6165021969378647e-02,
       -3.0937608407766541e-02, 2.6968244327453383e-02,
       1.0059118779597220e+00 ]
T: !!opencv-matrix
   rows: 3
   cols: 1
   dt: d
   data: [ -2.0852117307220161e+02, 9.1972684429829921e-01,
       8.4506717316907365e-01 ]
E: !!opencv-matrix
   rows: 0
   cols: 0
   dt: u
   data: []
F: !!opencv-matrix
   rows: 0
   cols: 0
   dt: u
   data: []
K1: !!opencv-matrix
   rows: 3
   cols: 3
   dt: d
   data: [ 3.6627756984521932e+02, 0., 3.8060969928433269e+02, 0.,
       3.6653175179255015e+02, 2.3878059668569790e+02, 0., 0., 1. ]
D1: !!opencv-matrix
   rows: 5
   cols: 1
   dt: d
   data: [ -2.1859934914563901e-02, -9.9468572971318997e-04,
       1.6448003429794193e-03, -3.1164985765511365e-04,
       3.5195408316194161e-04 ]
P1: !!opencv-matrix
   rows: 3
   cols: 4
   dt: f
   data: [ 3.53862732e+02, 0., 3.68754761e+02, 0., 0., 3.53862732e+02,
       2.31896439e+02, 0., 0., 0., 1., 0. ]
R1: !!opencv-matrix
   rows: 3
   cols: 3
   dt: f
   data: [ 9.99609768e-01, 5.07825660e-03, 2.74695456e-02,
       -4.72343620e-03, 9.99904752e-01, -1.29663618e-02, -2.75327750e-02,
       1.28315510e-02, 9.99538541e-01 ]
K2: !!opencv-matrix
   rows: 3
   cols: 3
   dt: d
   data: [ 3.6687495098581172e+02, 0., 3.7621769200552956e+02, 0.,
       3.6726361788508825e+02, 2.2399932895774910e+02, 0., 0., 1. ]
D2: !!opencv-matrix
   rows: 5
   cols: 1
   dt: d
   data: [ -2.2201337830972428e-02, -1.1445843221826492e-03,
       2.9199201696882579e-04, -7.1705872414221615e-04,
       5.1284674356775366e-04 ]
P2: !!opencv-matrix
   rows: 3
   cols: 4
   dt: f
   data: [ 3.53862732e+02, 0., 3.68754761e+02, -7.43531016e+04, 0.,
       3.53862732e+02, 2.31896439e+02, 0., 0., 0., 1., 0. ]
R2: !!opencv-matrix
   rows: 3
   cols: 3
   dt: f
   data: [ 9.99982059e-01, -4.41213325e-03, -4.05645603e-03,
       4.46409592e-03, 9.99906957e-01, 1.28912190e-02, 3.99920065e-03,
       -1.29090957e-02, 9.99908686e-01 ]
