%YAML:1.0
---
Q: !!opencv-matrix
   rows: 4
   cols: 4
   dt: f
   data: [ 1., 0., 0., -3.68792969e+02, 0., 1., 0., -2.31740646e+02, 0.,
       0., 0., 3.66541504e+02, 0., 0., 4.72685462e-03, 0. ]
R: !!opencv-matrix
   rows: 3
   cols: 3
   dt: d
   data: [ 1.0058697292127208e+00, -2.5469862616705155e-02,
       3.1616663758030128e-02, 2.6285223750196735e-02,
       1.0060038409981598e+00, -2.6163356065263654e-02,
       -3.0935786431617276e-02, 2.6967692200916459e-02,
       1.0058503345144745e+00 ]
T: !!opencv-matrix
   rows: 3
   cols: 1
   dt: d
   data: [ -2.1193608516285056e+02, 9.3478908209293710e-01,
       8.5890688954670735e-01 ]
E: !!opencv-matrix
   rows: 0
   cols: 0
   dt: u
   data: []
F: !!opencv-matrix
   rows: 0
   cols: 0
   dt: u
   data: []
K1: !!opencv-matrix
   rows: 3
   cols: 3
   dt: d
   data: [ 3.6627756984521932e+02, 0., 3.8060969928433269e+02, 0.,
       3.6653175179255015e+02, 2.3878059668569790e+02, 0., 0., 1. ]
D1: !!opencv-matrix
   rows: 5
   cols: 1
   dt: d
   data: [ -2.1859934914563901e-02, -9.9468572971318997e-04,
       1.6448003429794193e-03, -3.1164985765511365e-04,
       3.5195408316194161e-04 ]
P1: !!opencv-matrix
   rows: 3
   cols: 4
   dt: f
   data: [ 3.66541504e+02, 0., 3.68792969e+02, 0., 0., 3.66541504e+02,
       2.31740646e+02, 0., 0., 0., 1., 0. ]
R1: !!opencv-matrix
   rows: 3
   cols: 3
   dt: f
   data: [ 9.99177933e-01, -2.98106223e-02, 2.74734236e-02,
       3.01691033e-02, 9.99463797e-01, -1.27273723e-02, -2.70792823e-02,
       1.35457581e-02, 9.99541521e-01 ]
K2: !!opencv-matrix
   rows: 3
   cols: 3
   dt: d
   data: [ 3.6687495098581172e+02, 0., 3.7621769200552956e+02, 0.,
       3.6726361788508825e+02, 2.2399932895774910e+02, 0., 0., 1. ]
D2: !!opencv-matrix
   rows: 5
   cols: 1
   dt: d
   data: [ -2.2201337830972428e-02, -1.1445843221826492e-03,
       2.9199201696882579e-04, -7.1705872414221615e-04,
       5.1284674356775366e-04 ]
P2: !!opencv-matrix
   rows: 3
   cols: 4
   dt: f
   data: [ 3.66541504e+02, 0., 3.68792969e+02, -7.75444844e+04, 0.,
       3.66541504e+02, 2.31740646e+02, 0., 0., 0., 1., 0. ]
R2: !!opencv-matrix
   rows: 3
   cols: 3
   dt: f
   data: [ 9.99982059e-01, -4.41063289e-03, -4.05259663e-03,
       4.46350081e-03, 9.99903858e-01, 1.31302802e-02, 3.99429398e-03,
       -1.31481336e-02, 9.99905586e-01 ]
