%YAML:1.0
---
Q: !!opencv-matrix
   rows: 4
   cols: 4
   dt: f
   data: [ 1., 0., 0., -3.68795532e+02, 0., 1., 0., -2.31740768e+02, 0.,
       0., 0., 3.66537323e+02, 0., 0., 4.77099372e-03, 0. ]
R: !!opencv-matrix
   rows: 3
   cols: 3
   dt: d
   data: [ 1.0058878175495274e+00, -2.5468403091274461e-02,
       3.1619591794746202e-02, 2.6285661213870569e-02,
       1.0060207676622197e+00, -2.6163807173128356e-02,
       -3.0936311596605939e-02, 2.6968138179966818e-02,
       1.0058672568818838e+00 ]
T: !!opencv-matrix
   rows: 3
   cols: 1
   dt: d
   data: [ -2.1087240477774938e+02, 9.3009787477770745e-01,
       8.5459807353644757e-01 ]
E: !!opencv-matrix
   rows: 0
   cols: 0
   dt: u
   data: []
F: !!opencv-matrix
   rows: 0
   cols: 0
   dt: u
   data: []
K1: !!opencv-matrix
   rows: 3
   cols: 3
   dt: d
   data: [ 3.6627756984521932e+02, 0., 3.8060969928433269e+02, 0.,
       3.6653175179255015e+02, 2.3878059668569790e+02, 0., 0., 1. ]
D1: !!opencv-matrix
   rows: 5
   cols: 1
   dt: d
   data: [ -2.1859934914563901e-02, -9.9468572971318997e-04,
       1.6448003429794193e-03, -3.1164985765511365e-04,
       3.5195408316194161e-04 ]
P1: !!opencv-matrix
   rows: 3
   cols: 4
   dt: f
   data: [ 3.66537323e+02, 0., 3.68795532e+02, 0., 0., 3.66537323e+02,
       2.31740768e+02, 0., 0., 0., 1., 0. ]
R1: !!opencv-matrix
   rows: 3
   cols: 3
   dt: f
   data: [ 9.99178588e-01, -2.97946762e-02, 2.74668373e-02,
       3.01530734e-02, 9.99464273e-01, -1.27277514e-02, -2.70729028e-02,
       1.35455057e-02, 9.99541700e-01 ]
K2: !!opencv-matrix
   rows: 3
   cols: 3
   dt: d
   data: [ 3.6687495098581172e+02, 0., 3.7621769200552956e+02, 0.,
       3.6726361788508825e+02, 2.2399932895774910e+02, 0., 0., 1. ]
D2: !!opencv-matrix
   rows: 5
   cols: 1
   dt: d
   data: [ -2.2201337830972428e-02, -1.1445843221826492e-03,
       2.9199201696882579e-04, -7.1705872414221615e-04,
       5.1284674356775366e-04 ]
P2: !!opencv-matrix
   rows: 3
   cols: 4
   dt: f
   data: [ 3.66537323e+02, 0., 3.68795532e+02, -7.68262031e+04, 0.,
       3.66537323e+02, 2.31740768e+02, 0., 0., 0., 1., 0. ]
R2: !!opencv-matrix
   rows: 3
   cols: 3
   dt: f
   data: [ 9.99982059e-01, -4.41063289e-03, -4.05259663e-03,
       4.46350081e-03, 9.99903858e-01, 1.31303417e-02, 3.99429398e-03,
       -1.31481951e-02, 9.99905586e-01 ]
