%YAML:1.0
---
Q: !!opencv-matrix
   rows: 4
   cols: 4
   dt: f
   data: [ 1., 0., 0., -3.68790192e+02, 0., 1., 0., -2.31741196e+02, 0.,
       0., 0., 3.66529541e+02, 0., 0., 4.79558995e-03, 0. ]
R: !!opencv-matrix
   rows: 3
   cols: 3
   dt: d
   data: [ 1.0058797657716054e+00, -2.5367357184102459e-02,
       3.1619719492609458e-02, 2.6287364690820880e-02,
       1.0060749367763691e+00, -2.6165220593059556e-02,
       -3.0937737576979377e-02, 2.6969187616803902e-02,
       1.0059218762168931e+00 ]
T: !!opencv-matrix
   rows: 3
   cols: 1
   dt: d
   data: [ -2.0841555748906330e+02, 9.1926104556924526e-01,
       8.4463935882700325e-01 ]
E: !!opencv-matrix
   rows: 0
   cols: 0
   dt: u
   data: []
F: !!opencv-matrix
   rows: 0
   cols: 0
   dt: u
   data: []
K1: !!opencv-matrix
   rows: 3
   cols: 3
   dt: d
   data: [ 3.6627756984521932e+02, 0., 3.8060969928433269e+02, 0.,
       3.6653175179255015e+02, 2.3878059668569790e+02, 0., 0., 1. ]
D1: !!opencv-matrix
   rows: 5
   cols: 1
   dt: d
   data: [ -2.1859934914563901e-02, -9.9468572971318997e-04,
       1.6448003429794193e-03, -3.1164985765511365e-04,
       3.5195408316194161e-04 ]
P1: !!opencv-matrix
   rows: 3
   cols: 4
   dt: f
   data: [ 3.66529541e+02, 0., 3.68790192e+02, 0., 0., 3.66529541e+02,
       2.31741196e+02, 0., 0., 0., 1., 0. ]
R1: !!opencv-matrix
   rows: 3
   cols: 3
   dt: f
   data: [ 9.99181747e-01, -2.96768174e-02, 2.74800900e-02,
       3.00354231e-02, 9.99467790e-01, -1.27300723e-02, -2.70876754e-02,
       1.35450317e-02, 9.99541283e-01 ]
K2: !!opencv-matrix
   rows: 3
   cols: 3
   dt: d
   data: [ 3.6687495098581172e+02, 0., 3.7621769200552956e+02, 0.,
       3.6726361788508825e+02, 2.2399932895774910e+02, 0., 0., 1. ]
D2: !!opencv-matrix
   rows: 5
   cols: 1
   dt: d
   data: [ -2.2201337830972428e-02, -1.1445843221826492e-03,
       2.9199201696882579e-04, -7.1705872414221615e-04,
       5.1284674356775366e-04 ]
P2: !!opencv-matrix
   rows: 3
   cols: 4
   dt: f
   data: [ 3.66529541e+02, 0., 3.68790192e+02, -7.64305469e+04, 0.,
       3.66529541e+02, 2.31741196e+02, 0., 0., 0., 1., 0. ]
R2: !!opencv-matrix
   rows: 3
   cols: 3
   dt: f
   data: [ 9.99982059e-01, -4.41063289e-03, -4.05259570e-03,
       4.46350453e-03, 9.99903798e-01, 1.31312553e-02, 3.99428885e-03,
       -1.31491087e-02, 9.99905586e-01 ]
