%YAML:1.0
---
Q: !!opencv-matrix
   rows: 4
   cols: 4
   dt: f
   data: [ 1., 0., 0., -3.68796143e+02, 0., 1., 0., -2.31740845e+02, 0.,
       0., 0., 3.66535339e+02, 0., 0., 4.78239078e-03, 0. ]
R: !!opencv-matrix
   rows: 3
   cols: 3
   dt: d
   data: [ 1.0058921320777359e+00, -2.5437057541259484e-02,
       3.1605850943883226e-02, 2.6286444953640895e-02,
       1.0060469161710235e+00, -2.6164426534402013e-02,
       -3.0937031281804570e-02, 2.6968713532910797e-02,
       1.0058936019403679e+00 ]
T: !!opencv-matrix
   rows: 3
   cols: 1
   dt: d
   data: [ -2.0959617750084323e+02, 9.2446842034087229e-01,
       8.4942400691671383e-01 ]
E: !!opencv-matrix
   rows: 0
   cols: 0
   dt: u
   data: []
F: !!opencv-matrix
   rows: 0
   cols: 0
   dt: u
   data: []
K1: !!opencv-matrix
   rows: 3
   cols: 3
   dt: d
   data: [ 3.6627756984521932e+02, 0., 3.8060969928433269e+02, 0.,
       3.6653175179255015e+02, 2.3878059668569790e+02, 0., 0., 1. ]
D1: !!opencv-matrix
   rows: 5
   cols: 1
   dt: d
   data: [ -2.1859934914563901e-02, -9.9468572971318997e-04,
       1.6448003429794193e-03, -3.1164985765511365e-04,
       3.5195408316194161e-04 ]
P1: !!opencv-matrix
   rows: 3
   cols: 4
   dt: f
   data: [ 3.66535339e+02, 0., 3.68796143e+02, 0., 0., 3.66535339e+02,
       2.31740845e+02, 0., 0., 0., 1., 0. ]
R1: !!opencv-matrix
   rows: 3
   cols: 3
   dt: f
   data: [ 9.99179006e-01, -2.97816787e-02, 2.74652727e-02,
       3.01400591e-02, 9.99464631e-01, -1.27280308e-02, -2.70715058e-02,
       1.35453856e-02, 9.99541700e-01 ]
K2: !!opencv-matrix
   rows: 3
   cols: 3
   dt: d
   data: [ 3.6687495098581172e+02, 0., 3.7621769200552956e+02, 0.,
       3.6726361788508825e+02, 2.2399932895774910e+02, 0., 0., 1. ]
D2: !!opencv-matrix
   rows: 5
   cols: 1
   dt: d
   data: [ -2.2201337830972428e-02, -1.1445843221826492e-03,
       2.9199201696882579e-04, -7.1705872414221615e-04,
       5.1284674356775366e-04 ]
P2: !!opencv-matrix
   rows: 3
   cols: 4
   dt: f
   data: [ 3.66535339e+02, 0., 3.68796143e+02, -7.66426953e+04, 0.,
       3.66535339e+02, 2.31740845e+02, 0., 0., 0., 1., 0. ]
R2: !!opencv-matrix
   rows: 3
   cols: 3
   dt: f
   data: [ 9.99982059e-01, -4.41063289e-03, -4.05259663e-03,
       4.46350127e-03, 9.99903858e-01, 1.31304199e-02, 3.99429351e-03,
       -1.31482733e-02, 9.99905586e-01 ]
