%YAML:1.0
---
Q: !!opencv-matrix
   rows: 4
   cols: 4
   dt: f
   data: [ 1., 0., 0., -3.82407837e+02, 0., 1., 0., -2.31847992e+02, 0.,
       0., 0., 3.59854767e+02, 0., 0., 4.95655788e-03, 0. ]
R: !!opencv-matrix
   rows: 3
   cols: 3
   dt: d
   data: [ 1.0060532885890636e+00, 9.6493301587527117e-03,
       -3.5140945627365385e-03, -9.7418877582656684e-03,
       1.0057264453149801e+00, -2.5824031351403199e-02,
       3.2630673631107894e-03, 2.5856558215491553e-02,
       1.0057673618210621e+00 ]
T: !!opencv-matrix
   rows: 3
   cols: 1
   dt: d
   data: [ -2.0207713085441068e+02, 8.9152066849251932e-01,
       8.1960763694808880e-01 ]
E: !!opencv-matrix
   rows: 0
   cols: 0
   dt: u
   data: []
F: !!opencv-matrix
   rows: 0
   cols: 0
   dt: u
   data: []
K1: !!opencv-matrix
   rows: 3
   cols: 3
   dt: d
   data: [ 3.6627756984521932e+02, 0., 3.8060969928433269e+02, 0.,
       3.6653175179255015e+02, 2.3878059668569790e+02, 0., 0., 1. ]
D1: !!opencv-matrix
   rows: 5
   cols: 1
   dt: d
   data: [ -2.1859934914563901e-02, -9.9468572971318997e-04,
       1.6448003429794193e-03, -3.1164985765511365e-04,
       3.5195408316194161e-04 ]
P1: !!opencv-matrix
   rows: 3
   cols: 4
   dt: f
   data: [ 3.59854767e+02, 0., 3.82407837e+02, 0., 0., 3.59854767e+02,
       2.31847992e+02, 0., 0., 0., 1., 0. ]
R1: !!opencv-matrix
   rows: 3
   cols: 3
   dt: f
   data: [ 9.99959469e-01, 5.07928152e-03, -7.43268244e-03,
       -5.17442031e-03, 9.99904215e-01, -1.28373448e-02, 7.36676576e-03,
       1.28752841e-02, 9.99889970e-01 ]
K2: !!opencv-matrix
   rows: 3
   cols: 3
   dt: d
   data: [ 3.6687495098581172e+02, 0., 3.7621769200552956e+02, 0.,
       3.6726361788508825e+02, 2.2399932895774910e+02, 0., 0., 1. ]
D2: !!opencv-matrix
   rows: 5
   cols: 1
   dt: d
   data: [ -2.2201337830972428e-02, -1.1445843221826492e-03,
       2.9199201696882579e-04, -7.1705872414221615e-04,
       5.1284674356775366e-04 ]
P2: !!opencv-matrix
   rows: 3
   cols: 4
   dt: f
   data: [ 3.59854767e+02, 0., 3.82407837e+02, -7.26017500e+04, 0.,
       3.59854767e+02, 2.31847992e+02, 0., 0., 0., 1., 0. ]
R2: !!opencv-matrix
   rows: 3
   cols: 3
   dt: f
   data: [ 9.99982059e-01, -4.41170484e-03, -4.05584183e-03,
       4.46348405e-03, 9.99907494e-01, 1.28474506e-02, 3.99878761e-03,
       -1.28653236e-02, 9.99909222e-01 ]
