%YAML:1.0
---
Q: !!opencv-matrix
   rows: 4
   cols: 4
   dt: f
   data: [ 1., 0., 0., -3.82374390e+02, 0., 1., 0., -2.31848129e+02, 0.,
       0., 0., 3.59842377e+02, 0., 0., 5.02775609e-03, 0. ]
R: !!opencv-matrix
   rows: 3
   cols: 3
   dt: d
   data: [ 1.0055670286608880e+00, 9.6354450988699238e-03,
       -3.3963971918460627e-03, -9.7408387688633184e-03,
       1.0059344129948014e+00, -2.5829892007555189e-02,
       3.2665576157398573e-03, 2.5861967515304195e-02,
       1.0059747875550891e+00 ]
T: !!opencv-matrix
   rows: 3
   cols: 1
   dt: d
   data: [ -1.9918838569096206e+02, 8.7877618374290567e-01,
       8.0789126016138679e-01 ]
E: !!opencv-matrix
   rows: 0
   cols: 0
   dt: u
   data: []
F: !!opencv-matrix
   rows: 0
   cols: 0
   dt: u
   data: []
K1: !!opencv-matrix
   rows: 3
   cols: 3
   dt: d
   data: [ 3.6627756984521932e+02, 0., 3.8060969928433269e+02, 0.,
       3.6653175179255015e+02, 2.3878059668569790e+02, 0., 0., 1. ]
D1: !!opencv-matrix
   rows: 5
   cols: 1
   dt: d
   data: [ -2.1859934914563901e-02, -9.9468572971318997e-04,
       1.6448003429794193e-03, -3.1164985765511365e-04,
       3.5195408316194161e-04 ]
P1: !!opencv-matrix
   rows: 3
   cols: 4
   dt: f
   data: [ 3.59842377e+02, 0., 3.82374390e+02, 0., 0., 3.59842377e+02,
       2.31848129e+02, 0., 0., 0., 1., 0. ]
R1: !!opencv-matrix
   rows: 3
   cols: 3
   dt: f
   data: [ 9.99960124e-01, 5.07122837e-03, -7.34716328e-03,
       -5.16526820e-03, 9.99904275e-01, -1.28375050e-02, 7.28135789e-03,
       1.28749432e-02, 9.99890625e-01 ]
K2: !!opencv-matrix
   rows: 3
   cols: 3
   dt: d
   data: [ 3.6687495098581172e+02, 0., 3.7621769200552956e+02, 0.,
       3.6726361788508825e+02, 2.2399932895774910e+02, 0., 0., 1. ]
D2: !!opencv-matrix
   rows: 5
   cols: 1
   dt: d
   data: [ -2.2201337830972428e-02, -1.1445843221826492e-03,
       2.9199201696882579e-04, -7.1705872414221615e-04,
       5.1284674356775366e-04 ]
P2: !!opencv-matrix
   rows: 3
   cols: 4
   dt: f
   data: [ 3.59842377e+02, 0., 3.82374390e+02, -7.15711719e+04, 0.,
       3.59842377e+02, 2.31848129e+02, 0., 0., 0., 1., 0. ]
R2: !!opencv-matrix
   rows: 3
   cols: 3
   dt: f
   data: [ 9.99982059e-01, -4.41170530e-03, -4.05584276e-03,
       4.46348405e-03, 9.99907494e-01, 1.28473584e-02, 3.99878900e-03,
       -1.28652304e-02, 9.99909222e-01 ]
