%YAML:1.0
---
Q: !!opencv-matrix
   rows: 4
   cols: 4
   dt: f
   data: [ 1., 0., 0., -3.68754944e+02, 0., 1., 0., -2.31896439e+02, 0.,
       0., 0., 3.53862885e+02, 0., 0., 4.78975894e-03, 0. ]
R: !!opencv-matrix
   rows: 3
   cols: 3
   dt: d
   data: [ 1.0058885217775340e+00, 9.6508189122745530e-03,
       3.1608817530484487e-02, -8.8375444044803530e-03,
       1.0060500360487148e+00, -2.6156725587899065e-02,
       -3.1849873263016283e-02, 2.5864924752826896e-02,
       1.0055919307455210e+00 ]
T: !!opencv-matrix
   rows: 3
   cols: 1
   dt: d
   data: [ -2.0920607433824225e+02, 9.2306169805498983e-01,
       8.4865043947447494e-01 ]
E: !!opencv-matrix
   rows: 0
   cols: 0
   dt: u
   data: []
F: !!opencv-matrix
   rows: 0
   cols: 0
   dt: u
   data: []
K1: !!opencv-matrix
   rows: 3
   cols: 3
   dt: d
   data: [ 3.6627756984521932e+02, 0., 3.8060969928433269e+02, 0.,
       3.6653175179255015e+02, 2.3878059668569790e+02, 0., 0., 1. ]
D1: !!opencv-matrix
   rows: 5
   cols: 1
   dt: d
   data: [ -2.1859934914563901e-02, -9.9468572971318997e-04,
       1.6448003429794193e-03, -3.1164985765511365e-04,
       3.5195408316194161e-04 ]
P1: !!opencv-matrix
   rows: 3
   cols: 4
   dt: f
   data: [ 3.53862885e+02, 0., 3.68754944e+02, 0., 0., 3.53862885e+02,
       2.31896439e+02, 0., 0., 0., 1., 0. ]
R1: !!opencv-matrix
   rows: 3
   cols: 3
   dt: f
   data: [ 9.99609768e-01, 5.07793436e-03, 2.74690483e-02,
       -4.72312048e-03, 9.99904752e-01, -1.29663544e-02, -2.75322739e-02,
       1.28315547e-02, 9.99538541e-01 ]
K2: !!opencv-matrix
   rows: 3
   cols: 3
   dt: d
   data: [ 3.6687495098581172e+02, 0., 3.7621769200552956e+02, 0.,
       3.6726361788508825e+02, 2.2399932895774910e+02, 0., 0., 1. ]
D2: !!opencv-matrix
   rows: 5
   cols: 1
   dt: d
   data: [ -2.2201337830972428e-02, -1.1445843221826492e-03,
       2.9199201696882579e-04, -7.1705872414221615e-04,
       5.1284674356775366e-04 ]
P2: !!opencv-matrix
   rows: 3
   cols: 4
   dt: f
   data: [ 3.53862885e+02, 0., 3.68754944e+02, -7.38790547e+04, 0.,
       3.53862885e+02, 2.31896439e+02, 0., 0., 0., 1., 0. ]
R2: !!opencv-matrix
   rows: 3
   cols: 3
   dt: f
   data: [ 9.99982059e-01, -4.41213325e-03, -4.05645603e-03,
       4.46409546e-03, 9.99906957e-01, 1.28912171e-02, 3.99920065e-03,
       -1.29090939e-02, 9.99908686e-01 ]
