%YAML:1.0
---
Q: !!opencv-matrix
   rows: 4
   cols: 4
   dt: f
   data: [ 1., 0., 0., 1.52363879e+03, 0., 1., 0., -3.07751770e+02, 0.,
       0., 0., -2.83825366e+03, 0., 0., -72635152., 0. ]
R: !!opencv-matrix
   rows: 3
   cols: 3
   dt: d
   data: [ 1.1361902903060461e+00, 4.9776334894123669e-02,
       -5.4797565522629092e-02, -2.2846860302183202e-03,
       1.4428809826286086e+00, 1.2240785815060648e-02,
       -1.0000511056554066e-01, 4.5974244151758475e-01,
       1.2463064708996483e+00 ]
T: !!opencv-matrix
   rows: 3
   cols: 1
   dt: d
   data: [ 4.9561262565828617e-08, -9.8892427115639039e-08,
       2.2251811325485921e-07 ]
E: !!opencv-matrix
   rows: 0
   cols: 0
   dt: u
   data: []
F: !!opencv-matrix
   rows: 0
   cols: 0
   dt: u
   data: []
K1: !!opencv-matrix
   rows: 3
   cols: 3
   dt: d
   data: [ 3.6627756984521932e+02, 0., 3.8060969928433269e+02, 0.,
       3.6653175179255015e+02, 2.3878059668569790e+02, 0., 0., 1. ]
D1: !!opencv-matrix
   rows: 5
   cols: 1
   dt: d
   data: [ -2.1859934914563901e-02, -9.9468572971318997e-04,
       1.6448003429794193e-03, -3.1164985765511365e-04,
       3.5195408316194161e-04 ]
P1: !!opencv-matrix
   rows: 3
   cols: 4
   dt: f
   data: [ -2.83825366e+03, 0., -1.52363879e+03, 0., 0., -2.83825366e+03,
       3.07751770e+02, 0., 0., 0., 1., 0. ]
R1: !!opencv-matrix
   rows: 3
   cols: 3
   dt: f
   data: [ 7.83928454e-01, 2.37829551e-01, 5.73492169e-01,
       -2.41287842e-01, 9.67813790e-01, -7.15307370e-02, -5.72045743e-01,
       -8.23017061e-02, 8.16082180e-01 ]
K2: !!opencv-matrix
   rows: 3
   cols: 3
   dt: d
   data: [ 3.6687495098581172e+02, 0., 3.7621769200552956e+02, 0.,
       3.6726361788508825e+02, 2.2399932895774910e+02, 0., 0., 1. ]
D2: !!opencv-matrix
   rows: 5
   cols: 1
   dt: d
   data: [ -2.2201337830972428e-02, -1.1445843221826492e-03,
       2.9199201696882579e-04, -7.1705872414221615e-04,
       5.1284674356775366e-04 ]
P2: !!opencv-matrix
   rows: 3
   cols: 4
   dt: f
   data: [ -2.83825366e+03, 0., -1.52363879e+03, -3.90754831e-05, 0.,
       -2.83825366e+03, 3.07751770e+02, 0., 0., 0., 1., 0. ]
R2: !!opencv-matrix
   rows: 3
   cols: 3
   dt: f
   data: [ 7.52635002e-01, 2.41824657e-01, 6.12422526e-01,
       -2.38089636e-01, 9.67130363e-01, -8.92870128e-02, -6.13884270e-01,
       -7.86109269e-02, 7.85472155e-01 ]
