%YAML:1.0
---
Q: !!opencv-matrix
   rows: 4
   cols: 4
   dt: f
   data: [ 1., 0., 0., 1.32261703e+02, 0., 1., 0., -1.71403229e+02, 0.,
       0., 0., 1.36316853e+01, 0., 0., 18128318., 0. ]
R: !!opencv-matrix
   rows: 3
   cols: 3
   dt: d
   data: [ 3.4146614487871543e+00, 3.9510497683622714e-01,
       -2.6303960712049751e-01, 3.0899905570446590e-01,
       4.5389321182021680e+00, -3.4130358150947303e-02,
       1.1030329115494772e+00, -2.0803297615087399e+00,
       4.7973261568070917e+00 ]
T: !!opencv-matrix
   rows: 3
   cols: 1
   dt: d
   data: [ 2.2673319140616601e-07, 9.1876472132014188e-08,
       6.1888131487504517e-07 ]
E: !!opencv-matrix
   rows: 0
   cols: 0
   dt: u
   data: []
F: !!opencv-matrix
   rows: 0
   cols: 0
   dt: u
   data: []
K1: !!opencv-matrix
   rows: 3
   cols: 3
   dt: d
   data: [ 3.6627756984521932e+02, 0., 3.8060969928433269e+02, 0.,
       3.6653175179255015e+02, 2.3878059668569790e+02, 0., 0., 1. ]
D1: !!opencv-matrix
   rows: 5
   cols: 1
   dt: d
   data: [ -2.1859934914563901e-02, -9.9468572971318997e-04,
       1.6448003429794193e-03, -3.1164985765511365e-04,
       3.5195408316194161e-04 ]
P1: !!opencv-matrix
   rows: 3
   cols: 4
   dt: f
   data: [ 1.36316853e+01, 0., -1.32261703e+02, 0., 0., 1.36316853e+01,
       1.71403229e+02, 0., 0., 0., 1., 0. ]
R1: !!opencv-matrix
   rows: 3
   cols: 3
   dt: f
   data: [ 4.41838205e-01, -6.33803383e-02, -8.94852996e-01,
       7.11865053e-02, 9.96832728e-01, -3.54546234e-02, 8.94265890e-01,
       -4.80362512e-02, 4.44950610e-01 ]
K2: !!opencv-matrix
   rows: 3
   cols: 3
   dt: d
   data: [ 3.6687495098581172e+02, 0., 3.7621769200552956e+02, 0.,
       3.6726361788508825e+02, 2.2399932895774910e+02, 0., 0., 1. ]
D2: !!opencv-matrix
   rows: 5
   cols: 1
   dt: d
   data: [ -2.2201337830972428e-02, -1.1445843221826492e-03,
       2.9199201696882579e-04, -7.1705872414221615e-04,
       5.1284674356775366e-04 ]
P2: !!opencv-matrix
   rows: 3
   cols: 4
   dt: f
   data: [ 1.36316853e+01, 0., -1.32261703e+02, -7.51955326e-07, 0.,
       1.36316853e+01, 1.71403229e+02, 0., 0., 0., 1., 0. ]
R2: !!opencv-matrix
   rows: 3
   cols: 3
   dt: f
   data: [ 5.02721548e-01, -8.59230533e-02, -8.60167563e-01,
       7.85676241e-02, 9.95471120e-01, -5.35201244e-02, 8.60870600e-01,
       -4.06756029e-02, 5.07195592e-01 ]
