%YAML:1.0
---
Q: !!opencv-matrix
   rows: 4
   cols: 4
   dt: f
   data: [ 1., 0., 0., -3.96797455e+02, 0., 1., 0., -2.31825745e+02, 0.,
       0., 0., 3.55942139e+02, 0., 0., 2.47124920e+01, 0. ]
R: !!opencv-matrix
   rows: 3
   cols: 3
   dt: d
   data: [ 1.0973930416819038e+00, 9.6894566694870881e-03,
       -3.9741019166447289e-02, -1.0590190609818449e-02,
       1.0905210131306680e+00, 1.0232245673688507e-02,
       3.4228251268470069e-03, -1.0019899378148756e-02,
       1.0911254136532189e+00 ]
T: !!opencv-matrix
   rows: 3
   cols: 1
   dt: d
   data: [ -4.0460880984726319e-02, 1.7657231950669996e-04,
       5.7601665107691205e-04 ]
E: !!opencv-matrix
   rows: 0
   cols: 0
   dt: u
   data: []
F: !!opencv-matrix
   rows: 0
   cols: 0
   dt: u
   data: []
K1: !!opencv-matrix
   rows: 3
   cols: 3
   dt: d
   data: [ 3.6627756984521932e+02, 0., 3.8060969928433269e+02, 0.,
       3.6653175179255015e+02, 2.3878059668569790e+02, 0., 0., 1. ]
D1: !!opencv-matrix
   rows: 5
   cols: 1
   dt: d
   data: [ -2.1859934914563901e-02, -9.9468572971318997e-04,
       1.6448003429794193e-03, -3.1164985765511365e-04,
       3.5195408316194161e-04 ]
P1: !!opencv-matrix
   rows: 3
   cols: 4
   dt: f
   data: [ 3.55942139e+02, 0., 3.96797455e+02, 0., 0., 3.55942139e+02,
       2.31825745e+02, 0., 0., 0., 1., 0. ]
R1: !!opencv-matrix
   rows: 3
   cols: 3
   dt: f
   data: [ 9.99410987e-01, 5.04713412e-03, -3.39434184e-02,
       -4.89274738e-03, 9.99977291e-01, 4.62988019e-03, 3.39660160e-02,
       -4.46107658e-03, 9.99413013e-01 ]
K2: !!opencv-matrix
   rows: 3
   cols: 3
   dt: d
   data: [ 3.6687495098581172e+02, 0., 3.7621769200552956e+02, 0.,
       3.6726361788508825e+02, 2.2399932895774910e+02, 0., 0., 1. ]
D2: !!opencv-matrix
   rows: 5
   cols: 1
   dt: d
   data: [ -2.2201337830972428e-02, -1.1445843221826492e-03,
       2.9199201696882579e-04, -7.1705872414221615e-04,
       5.1284674356775366e-04 ]
P2: !!opencv-matrix
   rows: 3
   cols: 4
   dt: f
   data: [ 3.55942139e+02, 0., 3.96797455e+02, -1.44033289e+01, 0.,
       3.55942139e+02, 2.31825745e+02, 0., 0., 0., 1., 0. ]
R2: !!opencv-matrix
   rows: 3
   cols: 3
   dt: f
   data: [ 9.99889135e-01, -4.36354196e-03, -1.42348064e-02,
       4.29878151e-03, 9.99980271e-01, -4.57687164e-03, 1.42544974e-02,
       4.51517198e-03, 9.99888182e-01 ]
