%YAML:1.0
---
Q: !!opencv-matrix
   rows: 4
   cols: 4
   dt: f
   data: [ 1., 0., 0., -3.86454926e+02, 0., 1., 0., -2.31839569e+02, 0.,
       0., 0., 3.56800507e+02, 0., 0., 1.81618202e-02, 0. ]
R: !!opencv-matrix
   rows: 3
   cols: 3
   dt: d
   data: [ 1.0297060246831546e+00, 7.8333183012552158e-03,
       -3.0668140993093371e-02, -9.9508887201378762e-03,
       1.0258835980911627e+00, 9.5955010695997506e-03,
       3.3122769717695280e-03, -9.4343639715365434e-03,
       1.0260283216965089e+00 ]
T: !!opencv-matrix
   rows: 3
   cols: 1
   dt: d
   data: [ -3.4693681247410794e+01, 1.5302217798351020e-01,
       1.4082316417788554e-01 ]
E: !!opencv-matrix
   rows: 0
   cols: 0
   dt: u
   data: []
F: !!opencv-matrix
   rows: 0
   cols: 0
   dt: u
   data: []
K1: !!opencv-matrix
   rows: 3
   cols: 3
   dt: d
   data: [ 3.6627756984521932e+02, 0., 3.8060969928433269e+02, 0.,
       3.6653175179255015e+02, 2.3878059668569790e+02, 0., 0., 1. ]
D1: !!opencv-matrix
   rows: 5
   cols: 1
   dt: d
   data: [ -2.1859934914563901e-02, -9.9468572971318997e-04,
       1.6448003429794193e-03, -3.1164985765511365e-04,
       3.5195408316194161e-04 ]
P1: !!opencv-matrix
   rows: 3
   cols: 4
   dt: f
   data: [ 3.56800507e+02, 0., 3.86454926e+02, 0., 0., 3.56800507e+02,
       2.31839569e+02, 0., 0., 0., 1., 0. ]
R1: !!opencv-matrix
   rows: 3
   cols: 3
   dt: f
   data: [ 9.99831498e-01, 4.77330899e-03, -1.77242570e-02,
       -4.69205435e-03, 9.99978304e-01, 4.62312018e-03, 1.77459400e-02,
       -4.53917822e-03, 9.99832213e-01 ]
K2: !!opencv-matrix
   rows: 3
   cols: 3
   dt: d
   data: [ 3.6687495098581172e+02, 0., 3.7621769200552956e+02, 0.,
       3.6726361788508825e+02, 2.2399932895774910e+02, 0., 0., 1. ]
D2: !!opencv-matrix
   rows: 5
   cols: 1
   dt: d
   data: [ -2.2201337830972428e-02, -1.1445843221826492e-03,
       2.9199201696882579e-04, -7.1705872414221615e-04,
       5.1284674356775366e-04 ]
P2: !!opencv-matrix
   rows: 3
   cols: 4
   dt: f
   data: [ 3.56800507e+02, 0., 3.86454926e+02, -1.96456348e+04, 0.,
       3.56800507e+02, 2.31839569e+02, 0., 0., 0., 1., 0. ]
R2: !!opencv-matrix
   rows: 3
   cols: 3
   dt: f
   data: [ 9.99982059e-01, -4.41058492e-03, -4.05897480e-03,
       4.39194310e-03, 9.99979794e-01, -4.59027616e-03, 4.07913839e-03,
       4.57236730e-03, 9.99981225e-01 ]
