%YAML:1.0
---
Q: !!opencv-matrix
   rows: 4
   cols: 4
   dt: f
   data: [ 1., 0., 0., -4.10545898e+02, 0., 1., 0., -2.31813583e+02, 0.,
       0., 0., 3.55733490e+02, 0., 0., 7.34199768e+02, 0. ]
R: !!opencv-matrix
   rows: 3
   cols: 3
   dt: d
   data: [ 1.1313114286345947e+00, 9.7539609606422904e-03,
       -4.0624409020579420e-02, -1.0921466139293196e-02,
       1.1249591485340451e+00, 1.0553092694537795e-02,
       3.4478504783370207e-03, -1.0317523855962256e-02,
       1.1261814537598163e+00 ]
T: !!opencv-matrix
   rows: 3
   cols: 1
   dt: d
   data: [ -1.3613242658349627e-03, 6.0047816790807517e-06,
       4.3338276677491848e-05 ]
E: !!opencv-matrix
   rows: 0
   cols: 0
   dt: u
   data: []
F: !!opencv-matrix
   rows: 0
   cols: 0
   dt: u
   data: []
K1: !!opencv-matrix
   rows: 3
   cols: 3
   dt: d
   data: [ 3.6627756984521932e+02, 0., 3.8060969928433269e+02, 0.,
       3.6653175179255015e+02, 2.3878059668569790e+02, 0., 0., 1. ]
D1: !!opencv-matrix
   rows: 5
   cols: 1
   dt: d
   data: [ -2.1859934914563901e-02, -9.9468572971318997e-04,
       1.6448003429794193e-03, -3.1164985765511365e-04,
       3.5195408316194161e-04 ]
P1: !!opencv-matrix
   rows: 3
   cols: 4
   dt: f
   data: [ 3.55733490e+02, 0., 4.10545898e+02, 0., 0., 3.55733490e+02,
       2.31813583e+02, 0., 0., 0., 1., 0. ]
R1: !!opencv-matrix
   rows: 3
   cols: 3
   dt: f
   data: [ 9.98669684e-01, 5.05249808e-03, -5.13160489e-02,
       -4.82141552e-03, 9.99977648e-01, 4.62591322e-03, 5.13382778e-02,
       -4.37234342e-03, 9.98671770e-01 ]
K2: !!opencv-matrix
   rows: 3
   cols: 3
   dt: d
   data: [ 3.6687495098581172e+02, 0., 3.7621769200552956e+02, 0.,
       3.6726361788508825e+02, 2.2399932895774910e+02, 0., 0., 1. ]
D2: !!opencv-matrix
   rows: 5
   cols: 1
   dt: d
   data: [ -2.2201337830972428e-02, -1.1445843221826492e-03,
       2.9199201696882579e-04, -7.1705872414221615e-04,
       5.1284674356775366e-04 ]
P2: !!opencv-matrix
   rows: 3
   cols: 4
   dt: f
   data: [ 3.55733490e+02, 0., 4.10545898e+02, -4.84518677e-01, 0.,
       3.55733490e+02, 2.31813583e+02, 0., 0., 0., 1., 0. ]
R2: !!opencv-matrix
   rows: 3
   cols: 3
   dt: f
   data: [ 9.99483943e-01, -4.40870924e-03, -3.18189524e-02,
       4.26544063e-03, 9.99980450e-01, -4.56908438e-03, 3.18384729e-02,
       4.43100464e-03, 9.99483228e-01 ]
