%YAML:1.0
---
Q: !!opencv-matrix
   rows: 4
   cols: 4
   dt: f
   data: [ 1., 0., 0., -4.48200592e+02, 0., 1., 0., -2.31719589e+02, 0.,
       0., 0., 3.55464142e+02, 0., 0., 8.40721000e-03, 0. ]
R: !!opencv-matrix
   rows: 3
   cols: 3
   dt: d
   data: [ 1.0403439005604160e+00, 1.3439467931100537e-02,
       -9.4930510064129177e-03, -9.8998125472970037e-03,
       1.0072728455580013e+00, 9.3307188891539605e-03,
       3.1333744303980631e-03, -9.2867808979721772e-03,
       1.0073566056242074e+00 ]
T: !!opencv-matrix
   rows: 3
   cols: 1
   dt: d
   data: [ -1.0980837530152719e+02, 4.8432722735128358e-01,
       4.4571507845909653e-01 ]
E: !!opencv-matrix
   rows: 0
   cols: 0
   dt: u
   data: []
F: !!opencv-matrix
   rows: 0
   cols: 0
   dt: u
   data: []
K1: !!opencv-matrix
   rows: 3
   cols: 3
   dt: d
   data: [ 3.6627756984521932e+02, 0., 3.8060969928433269e+02, 0.,
       3.6653175179255015e+02, 2.3878059668569790e+02, 0., 0., 1. ]
D1: !!opencv-matrix
   rows: 5
   cols: 1
   dt: d
   data: [ -2.1859934914563901e-02, -9.9468572971318997e-04,
       1.6448003429794193e-03, -3.1164985765511365e-04,
       3.5195408316194161e-04 ]
P1: !!opencv-matrix
   rows: 3
   cols: 4
   dt: f
   data: [ 3.55464142e+02, 0., 4.48200592e+02, 0., 0., 3.55464142e+02,
       2.31719589e+02, 0., 0., 0., 1., 0. ]
R1: !!opencv-matrix
   rows: 3
   cols: 3
   dt: f
   data: [ 9.95894551e-01, 6.09483756e-03, -9.03153419e-02,
       -5.69781521e-03, 9.99972939e-01, 4.65313392e-03, 9.03412625e-02,
       -4.11943067e-03, 9.95902359e-01 ]
K2: !!opencv-matrix
   rows: 3
   cols: 3
   dt: d
   data: [ 3.6687495098581172e+02, 0., 3.7621769200552956e+02, 0.,
       3.6726361788508825e+02, 2.2399932895774910e+02, 0., 0., 1. ]
D2: !!opencv-matrix
   rows: 5
   cols: 1
   dt: d
   data: [ -2.2201337830972428e-02, -1.1445843221826492e-03,
       2.9199201696882579e-04, -7.1705872414221615e-04,
       5.1284674356775366e-04 ]
P2: !!opencv-matrix
   rows: 3
   cols: 4
   dt: f
   data: [ 3.55464142e+02, 0., 4.48200592e+02, -4.22808672e+04, 0.,
       3.55464142e+02, 2.31719589e+02, 0., 0., 0., 1., 0. ]
R2: !!opencv-matrix
   rows: 3
   cols: 3
   dt: f
   data: [ 9.96193349e-01, -4.39455081e-03, -8.70602652e-02,
       4.01188061e-03, 9.99981523e-01, -4.56994632e-03, 8.70787427e-02,
       4.20327438e-03, 9.96192575e-01 ]
