%YAML:1.0
---
Q: !!opencv-matrix
   rows: 4
   cols: 4
   dt: f
   data: [ 1., 0., 0., -1.85191940e+02, 0., 1., 0., -2.78186951e+02, 0.,
       0., 0., -9.74460661e-01, 0., 0., -26972256., 0. ]
R: !!opencv-matrix
   rows: 3
   cols: 3
   dt: d
   data: [ 1.1395204316589755e+00, 8.2197979983155232e-03,
       -5.4752554751467730e-02, -4.8392146473666253e-03,
       1.1317094198317592e+00, 1.0361827368329564e-02,
       7.3317481063429377e-02, -2.9324086142024412e-02,
       1.1383820370193216e+00 ]
T: !!opencv-matrix
   rows: 3
   cols: 1
   dt: d
   data: [ 7.3686563737022700e-09, 6.7534909802857168e-11,
       -3.9088545288244563e-09 ]
E: !!opencv-matrix
   rows: 0
   cols: 0
   dt: u
   data: []
F: !!opencv-matrix
   rows: 0
   cols: 0
   dt: u
   data: []
K1: !!opencv-matrix
   rows: 3
   cols: 3
   dt: d
   data: [ 3.6627756984521932e+02, 0., 3.8060969928433269e+02, 0.,
       3.6653175179255015e+02, 2.3878059668569790e+02, 0., 0., 1. ]
D1: !!opencv-matrix
   rows: 5
   cols: 1
   dt: d
   data: [ -2.1859934914563901e-02, -9.9468572971318997e-04,
       1.6448003429794193e-03, -3.1164985765511365e-04,
       3.5195408316194161e-04 ]
P1: !!opencv-matrix
   rows: 3
   cols: 4
   dt: f
   data: [ -9.74460661e-01, 0., 1.85191940e+02, 0., 0., -9.74460661e-01,
       2.78186951e+02, 0., 0., 0., 1., 0. ]
R1: !!opencv-matrix
   rows: 3
   cols: 3
   dt: f
   data: [ 2.36730516e-01, 5.00074849e-02, -9.70287561e-01,
       -6.19699620e-02, 9.97418165e-01, 3.62863503e-02, 9.69597042e-01,
       5.15385978e-02, 2.39218295e-01 ]
K2: !!opencv-matrix
   rows: 3
   cols: 3
   dt: d
   data: [ 3.6687495098581172e+02, 0., 3.7621769200552956e+02, 0.,
       3.6726361788508825e+02, 2.2399932895774910e+02, 0., 0., 1. ]
D2: !!opencv-matrix
   rows: 5
   cols: 1
   dt: d
   data: [ -2.2201337830972428e-02, -1.1445843221826492e-03,
       2.9199201696882579e-04, -7.1705872414221615e-04,
       5.1284674356775366e-04 ]
P2: !!opencv-matrix
   rows: 3
   cols: 4
   dt: f
   data: [ -9.74460661e-01, 0., 1.85191940e+02, -3.61282595e-08, 0.,
       -9.74460661e-01, 2.78186951e+02, 0., 0., 0., 1., 0. ]
R2: !!opencv-matrix
   rows: 3
   cols: 3
   dt: f
   data: [ 2.65576750e-01, 6.67862892e-02, -9.61773634e-01,
       -5.50559983e-02, 9.97020304e-01, 5.40311076e-02, 9.62516427e-01,
       3.86020020e-02, 2.68462420e-01 ]
