%YAML:1.0
---
Q: !!opencv-matrix
   rows: 4
   cols: 4
   dt: f
   data: [ 1., 0., 0., -3.88977295e+02, 0., 1., 0., -2.31827881e+02, 0.,
       0., 0., 3.56513489e+02, 0., 0., 1.25118583e-01, 0. ]
R: !!opencv-matrix
   rows: 3
   cols: 3
   dt: d
   data: [ 1.0427768321181172e+00, 9.8060293733528668e-03,
       -3.8466281405914966e-02, -1.0062482710493393e-02,
       1.0361058257909712e+00, 9.7242378644486135e-03,
       3.3339346608201063e-03, -9.5361380357168648e-03,
       1.0362907606498155e+00 ]
T: !!opencv-matrix
   rows: 3
   cols: 1
   dt: d
   data: [ -7.9922738109124367e+00, 3.5251236005351280e-02,
       3.2440987679572569e-02 ]
E: !!opencv-matrix
   rows: 0
   cols: 0
   dt: u
   data: []
F: !!opencv-matrix
   rows: 0
   cols: 0
   dt: u
   data: []
K1: !!opencv-matrix
   rows: 3
   cols: 3
   dt: d
   data: [ 3.6627756984521932e+02, 0., 3.8060969928433269e+02, 0.,
       3.6653175179255015e+02, 2.3878059668569790e+02, 0., 0., 1. ]
D1: !!opencv-matrix
   rows: 5
   cols: 1
   dt: d
   data: [ -2.1859934914563901e-02, -9.9468572971318997e-04,
       1.6448003429794193e-03, -3.1164985765511365e-04,
       3.5195408316194161e-04 ]
P1: !!opencv-matrix
   rows: 3
   cols: 4
   dt: f
   data: [ 3.56513489e+02, 0., 3.88977295e+02, 0., 0., 3.56513489e+02,
       2.31827881e+02, 0., 0., 0., 1., 0. ]
R1: !!opencv-matrix
   rows: 3
   cols: 3
   dt: f
   data: [ 9.99694705e-01, 5.19682514e-03, -2.41543166e-02,
       -5.08629391e-03, 9.99976337e-01, 4.63523390e-03, 2.41778325e-02,
       -4.51096334e-03, 9.99697506e-01 ]
K2: !!opencv-matrix
   rows: 3
   cols: 3
   dt: d
   data: [ 3.6687495098581172e+02, 0., 3.7621769200552956e+02, 0.,
       3.6726361788508825e+02, 2.2399932895774910e+02, 0., 0., 1. ]
D2: !!opencv-matrix
   rows: 5
   cols: 1
   dt: d
   data: [ -2.2201337830972428e-02, -1.1445843221826492e-03,
       2.9199201696882579e-04, -7.1705872414221615e-04,
       5.1284674356775366e-04 ]
P2: !!opencv-matrix
   rows: 3
   cols: 4
   dt: f
   data: [ 3.56513489e+02, 0., 3.88977295e+02, -2.84940454e+03, 0.,
       3.56513489e+02, 2.31827881e+02, 0., 0., 0., 1., 0. ]
R2: !!opencv-matrix
   rows: 3
   cols: 3
   dt: f
   data: [ 9.99982059e-01, -4.41058492e-03, -4.05897060e-03,
       4.39197524e-03, 9.99979854e-01, -4.58238181e-03, 4.07909974e-03,
       4.56447247e-03, 9.99981284e-01 ]
