%YAML:1.0
---
Q: !!opencv-matrix
   rows: 4
   cols: 4
   dt: f
   data: [ 1., 0., 0., -3.99964203e+02, 0., 1., 0., -2.31785461e+02, 0.,
       0., 0., 3.57699249e+02, 0., 0., 17232000., 0. ]
R: !!opencv-matrix
   rows: 3
   cols: 3
   dt: d
   data: [ 1.1536759841800506e+00, 1.1856079777272960e-02,
       -2.6286793350686052e-02, -1.0746229715223677e-02,
       1.1548318775513329e+00, 1.0460961157782998e-02,
       6.0890652753337257e-03, -2.8223066343848649e-02,
       1.1492265634484249e+00 ]
T: !!opencv-matrix
   rows: 3
   cols: 1
   dt: d
   data: [ -3.9393538735459372e-08, 1.6031178917469122e-10,
       1.1881816906578499e-08 ]
E: !!opencv-matrix
   rows: 0
   cols: 0
   dt: u
   data: []
F: !!opencv-matrix
   rows: 0
   cols: 0
   dt: u
   data: []
K1: !!opencv-matrix
   rows: 3
   cols: 3
   dt: d
   data: [ 3.6627756984521932e+02, 0., 3.8060969928433269e+02, 0.,
       3.6653175179255015e+02, 2.3878059668569790e+02, 0., 0., 1. ]
D1: !!opencv-matrix
   rows: 5
   cols: 1
   dt: d
   data: [ -2.1859934914563901e-02, -9.9468572971318997e-04,
       1.6448003429794193e-03, -3.1164985765511365e-04,
       3.5195408316194161e-04 ]
P1: !!opencv-matrix
   rows: 3
   cols: 4
   dt: f
   data: [ 3.57699249e+02, 0., 3.99964203e+02, 0., 0., 3.57699249e+02,
       2.31785461e+02, 0., 0., 0., 1., 0. ]
R1: !!opencv-matrix
   rows: 3
   cols: 3
   dt: f
   data: [ 9.99231160e-01, 8.22534226e-03, -3.83333601e-02,
       -8.05084221e-03, 9.99956548e-01, 4.70429799e-03, 3.83703858e-02,
       -4.39206511e-03, 9.99253929e-01 ]
K2: !!opencv-matrix
   rows: 3
   cols: 3
   dt: d
   data: [ 3.6687495098581172e+02, 0., 3.7621769200552956e+02, 0.,
       3.6726361788508825e+02, 2.2399932895774910e+02, 0., 0., 1. ]
D2: !!opencv-matrix
   rows: 5
   cols: 1
   dt: d
   data: [ -2.2201337830972428e-02, -1.1445843221826492e-03,
       2.9199201696882579e-04, -7.1705872414221615e-04,
       5.1284674356775366e-04 ]
P2: !!opencv-matrix
   rows: 3
   cols: 4
   dt: f
   data: [ 3.57699249e+02, 0., 3.99964203e+02, -2.07578505e-05, 0.,
       3.57699249e+02, 2.31785461e+02, 0., 0., 0., 1., 0. ]
R2: !!opencv-matrix
   rows: 3
   cols: 3
   dt: f
   data: [ 9.99827981e-01, -4.88898112e-03, -1.78917423e-02,
       4.80753649e-03, 9.99977887e-01, -4.59226314e-03, 1.79137997e-02,
       4.50545782e-03, 9.99829412e-01 ]
