%YAML:1.0
---
Q: !!opencv-matrix
   rows: 4
   cols: 4
   dt: f
   data: [ 1., 0., 0., -7.45551941e+02, 0., 1., 0., -2.25326385e+02, 0.,
       0., 0., 2.58057831e+02, 0., 0., 29205486., 0. ]
R: !!opencv-matrix
   rows: 3
   cols: 3
   dt: d
   data: [ 7.7010165589585577e+00, 7.1673372524433246e-02,
       -3.6149440518842119e-01, -2.9815552914298198e-02,
       7.6544195360275431e+00, 7.0009411857276313e-02,
       5.5165229654358483e-01, -2.0476190950185819e-01,
       7.7028515833556304e+00 ]
T: !!opencv-matrix
   rows: 3
   cols: 1
   dt: d
   data: [ 1.2804756731802283e-09, 1.6146796231123457e-09,
       3.0990803746738213e-09 ]
E: !!opencv-matrix
   rows: 0
   cols: 0
   dt: u
   data: []
F: !!opencv-matrix
   rows: 0
   cols: 0
   dt: u
   data: []
K1: !!opencv-matrix
   rows: 3
   cols: 3
   dt: d
   data: [ 3.6627756984521932e+02, 0., 3.8060969928433269e+02, 0.,
       3.6653175179255015e+02, 2.3878059668569790e+02, 0., 0., 1. ]
D1: !!opencv-matrix
   rows: 5
   cols: 1
   dt: d
   data: [ -2.1859934914563901e-02, -9.9468572971318997e-04,
       1.6448003429794193e-03, -3.1164985765511365e-04,
       3.5195408316194161e-04 ]
P1: !!opencv-matrix
   rows: 3
   cols: 4
   dt: f
   data: [ 2.58057831e+02, 0., 7.45551941e+02, 0., 0., 2.58057831e+02,
       2.25326385e+02, 0., 0., 0., 1., 0. ]
R1: !!opencv-matrix
   rows: 3
   cols: 3
   dt: f
   data: [ 9.21582997e-01, 2.44039427e-02, -3.87413532e-01,
       -2.07171626e-02, 9.99691665e-01, 1.36903664e-02, 3.87628168e-01,
       -4.59069945e-03, 9.21804368e-01 ]
K2: !!opencv-matrix
   rows: 3
   cols: 3
   dt: d
   data: [ 3.6687495098581172e+02, 0., 3.7621769200552956e+02, 0.,
       3.6726361788508825e+02, 2.2399932895774910e+02, 0., 0., 1. ]
D2: !!opencv-matrix
   rows: 5
   cols: 1
   dt: d
   data: [ -2.2201337830972428e-02, -1.1445843221826492e-03,
       2.9199201696882579e-04, -7.1705872414221615e-04,
       5.1284674356775366e-04 ]
P2: !!opencv-matrix
   rows: 3
   cols: 4
   dt: f
   data: [ 2.58057831e+02, 0., 7.45551941e+02, -8.83593657e-06, 0.,
       2.58057831e+02, 2.25326385e+02, 0., 0., 0., 1., 0. ]
R2: !!opencv-matrix
   rows: 3
   cols: 3
   dt: f
   data: [ 9.43238378e-01, 1.23203415e-02, -3.31887841e-01,
       -1.54595776e-02, 9.99857247e-01, -6.82002958e-03, 3.31756443e-01,
       1.15637593e-02, 9.43294168e-01 ]
