%YAML:1.0
---
Q: !!opencv-matrix
   rows: 4
   cols: 4
   dt: f
   data: [ 1., 0., 0., -3.46688281e+03, 0., 1., 0., -3.87561255e+03, 0.,
       0., 0., 2.39387285e+04, 0., 0., -1746649., 0. ]
R: !!opencv-matrix
   rows: 3
   cols: 3
   dt: d
   data: [ 5.9993326638706126e+00, 4.9577681624922501e-02,
       -2.8097528319703896e-01, -1.7985557287439852e-02,
       5.9563695343775915e+00, 5.3886106606887731e-02,
       4.3885211415057079e-01, -1.7726281690395310e-01,
       5.9986316431770073e+00 ]
T: !!opencv-matrix
   rows: 3
   cols: 1
   dt: d
   data: [ -3.2296616467881893e-08, -4.2185023424465068e-10,
       1.1363887289135633e-08 ]
E: !!opencv-matrix
   rows: 0
   cols: 0
   dt: u
   data: []
F: !!opencv-matrix
   rows: 0
   cols: 0
   dt: u
   data: []
K1: !!opencv-matrix
   rows: 3
   cols: 3
   dt: d
   data: [ 3.6627756984521932e+02, 0., 3.8060969928433269e+02, 0.,
       3.6653175179255015e+02, 2.3878059668569790e+02, 0., 0., 1. ]
D1: !!opencv-matrix
   rows: 5
   cols: 1
   dt: d
   data: [ -2.1859934914563901e-02, -9.9468572971318997e-04,
       1.6448003429794193e-03, -3.1164985765511365e-04,
       3.5195408316194161e-04 ]
P1: !!opencv-matrix
   rows: 3
   cols: 4
   dt: f
   data: [ 2.39387285e+04, 0., 3.46688281e+03, 0., 0., 2.39387285e+04,
       3.87561255e+03, 0., 0., 0., 1., 0. ]
R1: !!opencv-matrix
   rows: 3
   cols: 3
   dt: f
   data: [ 6.95768833e-01, -4.64929134e-01, -5.47491252e-01,
       3.16028059e-01, 8.82650733e-01, -3.47928077e-01, 6.45005405e-01,
       6.90549165e-02, 7.61051536e-01 ]
K2: !!opencv-matrix
   rows: 3
   cols: 3
   dt: d
   data: [ 3.6687495098581172e+02, 0., 3.7621769200552956e+02, 0.,
       3.6726361788508825e+02, 2.2399932895774910e+02, 0., 0., 1. ]
D2: !!opencv-matrix
   rows: 5
   cols: 1
   dt: d
   data: [ -2.2201337830972428e-02, -1.1445843221826492e-03,
       2.9199201696882579e-04, -7.1705872414221615e-04,
       5.1284674356775366e-04 ]
P2: !!opencv-matrix
   rows: 3
   cols: 4
   dt: f
   data: [ 2.39387285e+04, 0., 3.46688281e+03, 1.37055172e-02, 0.,
       2.39387285e+04, 3.87561255e+03, 0., 0., 0., 1., 0. ]
R2: !!opencv-matrix
   rows: 3
   cols: 3
   dt: f
   data: [ 6.86264694e-01, -1.92447856e-01, -7.01430380e-01,
       3.59462470e-01, 9.28098857e-01, 9.70527753e-02, 6.32319152e-01,
       -3.18741798e-01, 7.06099272e-01 ]
