%YAML:1.0
---
Q: !!opencv-matrix
   rows: 4
   cols: 4
   dt: f
   data: [ 1., 0., 0., -3.87574341e+02, 0., 1., 0., -2.31839813e+02, 0.,
       0., 0., 3.56311249e+02, 0., 0., 2.88231745e-02, 0. ]
R: !!opencv-matrix
   rows: 3
   cols: 3
   dt: d
   data: [ 1.0345418266073632e+00, 8.5549694523656128e-03,
       -3.6446147728346784e-02, -9.9893768867928279e-03,
       1.0291348327018375e+00, 9.6509956722002493e-03,
       3.3164140419252872e-03, -9.4671200120827487e-03,
       1.0293061470555278e+00 ]
T: !!opencv-matrix
   rows: 3
   cols: 1
   dt: d
   data: [ -1.8064972691363426e+01, 7.9678528395593529e-02,
       7.3326511448378276e-02 ]
E: !!opencv-matrix
   rows: 0
   cols: 0
   dt: u
   data: []
F: !!opencv-matrix
   rows: 0
   cols: 0
   dt: u
   data: []
K1: !!opencv-matrix
   rows: 3
   cols: 3
   dt: d
   data: [ 3.6627756984521932e+02, 0., 3.8060969928433269e+02, 0.,
       3.6653175179255015e+02, 2.3878059668569790e+02, 0., 0., 1. ]
D1: !!opencv-matrix
   rows: 5
   cols: 1
   dt: d
   data: [ -2.1859934914563901e-02, -9.9468572971318997e-04,
       1.6448003429794193e-03, -3.1164985765511365e-04,
       3.5195408316194161e-04 ]
P1: !!opencv-matrix
   rows: 3
   cols: 4
   dt: f
   data: [ 3.56311249e+02, 0., 3.87574341e+02, 0., 0., 3.56311249e+02,
       2.31839813e+02, 0., 0., 0., 1., 0. ]
R1: !!opencv-matrix
   rows: 3
   cols: 3
   dt: f
   data: [ 9.99778986e-01, 4.29190882e-03, -2.05809269e-02,
       -4.19766735e-03, 9.99980509e-01, 4.62007942e-03, 2.06003543e-02,
       -4.53266641e-03, 9.99777496e-01 ]
K2: !!opencv-matrix
   rows: 3
   cols: 3
   dt: d
   data: [ 3.6687495098581172e+02, 0., 3.7621769200552956e+02, 0.,
       3.6726361788508825e+02, 2.2399932895774910e+02, 0., 0., 1. ]
D2: !!opencv-matrix
   rows: 5
   cols: 1
   dt: d
   data: [ -2.2201337830972428e-02, -1.1445843221826492e-03,
       2.9199201696882579e-04, -7.1705872414221615e-04,
       5.1284674356775366e-04 ]
P2: !!opencv-matrix
   rows: 3
   cols: 4
   dt: f
   data: [ 3.56311249e+02, 0., 3.87574341e+02, -1.23619717e+04, 0.,
       3.56311249e+02, 2.31839813e+02, 0., 0., 0., 1., 0. ]
R2: !!opencv-matrix
   rows: 3
   cols: 3
   dt: f
   data: [ 9.99982059e-01, -4.41058492e-03, -4.05897060e-03,
       4.39196220e-03, 9.99979854e-01, -4.58555948e-03, 4.07911371e-03,
       4.56765061e-03, 9.99981225e-01 ]
