%YAML:1.0
---
Q: !!opencv-matrix
   rows: 4
   cols: 4
   dt: f
   data: [ 1., 0., 0., -1.09487646e+03, 0., 1., 0., -2.19798752e+02, 0.,
       0., 0., -3.35381744e+02, 0., 0., -119882360., 0. ]
R: !!opencv-matrix
   rows: 3
   cols: 3
   dt: d
   data: [ 1.1057046358329232e+00, 1.4181393165052679e-02,
       -5.5768086712940930e-02, 1.2249530235148409e-03,
       1.1136591109064713e+00, 1.0126866765963614e-02,
       -2.7512967830272857e-02, 6.6377427066278208e-02,
       1.1521668385117321e+00 ]
T: !!opencv-matrix
   rows: 3
   cols: 1
   dt: d
   data: [ 6.7472511296919630e-09, 2.9035784797123974e-09,
       -3.4588091799030939e-08 ]
E: !!opencv-matrix
   rows: 0
   cols: 0
   dt: u
   data: []
F: !!opencv-matrix
   rows: 0
   cols: 0
   dt: u
   data: []
K1: !!opencv-matrix
   rows: 3
   cols: 3
   dt: d
   data: [ 3.6627756984521932e+02, 0., 3.8060969928433269e+02, 0.,
       3.6653175179255015e+02, 2.3878059668569790e+02, 0., 0., 1. ]
D1: !!opencv-matrix
   rows: 5
   cols: 1
   dt: d
   data: [ -2.1859934914563901e-02, -9.9468572971318997e-04,
       1.6448003429794193e-03, -3.1164985765511365e-04,
       3.5195408316194161e-04 ]
P1: !!opencv-matrix
   rows: 3
   cols: 4
   dt: f
   data: [ -3.35381744e+02, 0., 1.09487646e+03, 0., 0., -3.35381744e+02,
       2.19798752e+02, 0., 0., 0., 1., 0. ]
R1: !!opencv-matrix
   rows: 3
   cols: 3
   dt: f
   data: [ 8.55606675e-01, 2.15908028e-02, -5.17176032e-01,
       -1.73078217e-02, 9.99764323e-01, 1.31039061e-02, 5.17337084e-01,
       -2.26059859e-03, 8.55778754e-01 ]
K2: !!opencv-matrix
   rows: 3
   cols: 3
   dt: d
   data: [ 3.6687495098581172e+02, 0., 3.7621769200552956e+02, 0.,
       3.6726361788508825e+02, 2.2399932895774910e+02, 0., 0., 1. ]
D2: !!opencv-matrix
   rows: 5
   cols: 1
   dt: d
   data: [ -2.2201337830972428e-02, -1.1445843221826492e-03,
       2.9199201696882579e-04, -7.1705872414221615e-04,
       5.1284674356775366e-04 ]
P2: !!opencv-matrix
   rows: 3
   cols: 4
   dt: f
   data: [ -3.35381744e+02, 0., 1.09487646e+03, -2.79759047e-06, 0.,
       -3.35381744e+02, 2.19798752e+02, 0., 0., 0., 1., 0. ]
R2: !!opencv-matrix
   rows: 3
   cols: 3
   dt: f
   data: [ 8.83371949e-01, 8.09624419e-03, -4.68602717e-01,
       -1.19473161e-02, 9.99914885e-01, -5.24616707e-03, 4.68520343e-01,
       1.02328612e-02, 8.83393466e-01 ]
