%YAML:1.0
---
Q: !!opencv-matrix
   rows: 4
   cols: 4
   dt: f
   data: [ 1., 0., 0., 2.59333313e+02, 0., 1., 0., -9.43419434e+02, 0.,
       0., 0., 4.39399109e+01, 0., 0., -15504035., 0. ]
R: !!opencv-matrix
   rows: 3
   cols: 3
   dt: d
   data: [ 2.2782439213459926e+00, 5.8143268379070884e-02,
       -1.1584827730073620e-01, -1.8415301587816249e-02,
       2.2939328166170014e+00, 8.2320365479664585e-03,
       1.0987860500214186e-02, -3.7384096259799998e-01,
       2.3187612270353153e+00 ]
T: !!opencv-matrix
   rows: 3
   cols: 1
   dt: d
   data: [ 1.1264953823038999e-08, 2.2953384276015500e-08,
       5.9214926705974712e-08 ]
E: !!opencv-matrix
   rows: 0
   cols: 0
   dt: u
   data: []
F: !!opencv-matrix
   rows: 0
   cols: 0
   dt: u
   data: []
K1: !!opencv-matrix
   rows: 3
   cols: 3
   dt: d
   data: [ 3.6627756984521932e+02, 0., 3.8060969928433269e+02, 0.,
       3.6653175179255015e+02, 2.3878059668569790e+02, 0., 0., 1. ]
D1: !!opencv-matrix
   rows: 5
   cols: 1
   dt: d
   data: [ -2.1859934914563901e-02, -9.9468572971318997e-04,
       1.6448003429794193e-03, -3.1164985765511365e-04,
       3.5195408316194161e-04 ]
P1: !!opencv-matrix
   rows: 3
   cols: 4
   dt: f
   data: [ 4.39399109e+01, 0., -2.59333313e+02, 0., 0., 4.39399109e+01,
       9.43419434e+02, 0., 0., 0., 1., 0. ]
R1: !!opencv-matrix
   rows: 3
   cols: 3
   dt: f
   data: [ 9.73502696e-01, -1.71840429e-01, -1.50875300e-01,
       1.95336521e-01, 2.81854838e-01, 9.39362288e-01, -1.18895486e-01,
       -9.43943202e-01, 3.07953149e-01 ]
K2: !!opencv-matrix
   rows: 3
   cols: 3
   dt: d
   data: [ 3.6687495098581172e+02, 0., 3.7621769200552956e+02, 0.,
       3.6726361788508825e+02, 2.2399932895774910e+02, 0., 0., 1. ]
D2: !!opencv-matrix
   rows: 5
   cols: 1
   dt: d
   data: [ -2.2201337830972428e-02, -1.1445843221826492e-03,
       2.9199201696882579e-04, -7.1705872414221615e-04,
       5.1284674356775366e-04 ]
P2: !!opencv-matrix
   rows: 3
   cols: 4
   dt: f
   data: [ 4.39399109e+01, 0., -2.59333313e+02, 0., 0., 4.39399109e+01,
       9.43419434e+02, 2.83409531e-06, 0., 0., 1., 0. ]
R2: !!opencv-matrix
   rows: 3
   cols: 3
   dt: f
   data: [ 9.74346399e-01, -1.96871102e-01, -1.09045289e-01,
       1.74652234e-01, 3.55870068e-01, 9.18070316e-01, -1.41935557e-01,
       -9.13563490e-01, 3.81124705e-01 ]
