%YAML:1.0
---
Q: !!opencv-matrix
   rows: 4
   cols: 4
   dt: f
   data: [ 1., 0., 0., -8.04782227e+02, 0., 1., 0., -2.13342392e+02, 0.,
       0., 0., 9.80383778e+00, 0., 0., -1.50267525e+06, 0. ]
R: !!opencv-matrix
   rows: 3
   cols: 3
   dt: d
   data: [ 3.4146614487871543e+00, 3.9510497683622714e-01,
       -2.6303960712049751e-01, 3.0899905570446590e-01,
       4.5389321182021680e+00, -3.4130358150947303e-02,
       1.1030329115494772e+00, -2.0803297615087399e+00,
       4.7973261568070917e+00 ]
T: !!opencv-matrix
   rows: 3
   cols: 1
   dt: d
   data: [ 2.2673319140616601e-07, 9.1876472132014188e-08,
       6.1888131487504517e-07 ]
E: !!opencv-matrix
   rows: 0
   cols: 0
   dt: u
   data: []
F: !!opencv-matrix
   rows: 0
   cols: 0
   dt: u
   data: []
K1: !!opencv-matrix
   rows: 3
   cols: 3
   dt: d
   data: [ 3.6627756984521932e+02, 0., 3.8060969928433269e+02, 0.,
       3.6653175179255015e+02, 2.3878059668569790e+02, 0., 0., 1. ]
D1: !!opencv-matrix
   rows: 5
   cols: 1
   dt: d
   data: [ -2.1859934914563901e-02, -9.9468572971318997e-04,
       1.6448003429794193e-03, -3.1164985765511365e-04,
       3.5195408316194161e-04 ]
P1: !!opencv-matrix
   rows: 3
   cols: 4
   dt: f
   data: [ 9.80383778e+00, 0., 8.04782227e+02, 0., 0., 9.80383778e+00,
       2.13342392e+02, 0., 0., 0., 1., 0. ]
R1: !!opencv-matrix
   rows: 3
   cols: 3
   dt: f
   data: [ 4.95470911e-01, -6.11048080e-02, 8.66472602e-01,
       -3.37233096e-02, 9.95417356e-01, 8.94820094e-02, -8.67969632e-01,
       -7.35560581e-02, 4.91139680e-01 ]
K2: !!opencv-matrix
   rows: 3
   cols: 3
   dt: d
   data: [ 3.6687495098581172e+02, 0., 3.7621769200552956e+02, 0.,
       3.6726361788508825e+02, 2.2399932895774910e+02, 0., 0., 1. ]
D2: !!opencv-matrix
   rows: 5
   cols: 1
   dt: d
   data: [ -2.2201337830972428e-02, -1.1445843221826492e-03,
       2.9199201696882579e-04, -7.1705872414221615e-04,
       5.1284674356775366e-04 ]
P2: !!opencv-matrix
   rows: 3
   cols: 4
   dt: f
   data: [ 9.80383778e+00, 0., 8.04782227e+02, 6.52425524e-06, 0.,
       9.80383778e+00, 2.13342392e+02, 0., 0., 0., 1., 0. ]
R2: !!opencv-matrix
   rows: 3
   cols: 3
   dt: f
   data: [ 3.40706378e-01, 1.38060510e-01, 9.29977655e-01,
       -3.00817229e-02, 9.90253687e-01, -1.35988086e-01, -9.39688385e-01,
       1.83566771e-02, 3.41538817e-01 ]
