%YAML:1.0
---
Q: !!opencv-matrix
   rows: 4
   cols: 4
   dt: f
   data: [ 1., 0., 0., -6.50178345e+02, 0., 1., 0., -2.30008209e+02, 0.,
       0., 0., 3.20713684e+02, 0., 0., 24303262., 0. ]
R: !!opencv-matrix
   rows: 3
   cols: 3
   dt: d
   data: [ 1.1455287018827325e+00, 9.8067691405027239e-03,
       -5.4958059707054786e-02, -3.6610588959627380e-03,
       1.1380673094928342e+00, 1.0163281953643220e-02,
       9.6421292842171366e-02, -3.0829387413121304e-02,
       1.1508412183648740e+00 ]
T: !!opencv-matrix
   rows: 3
   cols: 1
   dt: d
   data: [ 3.6947427568554922e-09, 6.9078807669859746e-10,
       -1.2851666126370969e-08 ]
E: !!opencv-matrix
   rows: 0
   cols: 0
   dt: u
   data: []
F: !!opencv-matrix
   rows: 0
   cols: 0
   dt: u
   data: []
K1: !!opencv-matrix
   rows: 3
   cols: 3
   dt: d
   data: [ 3.6627756984521932e+02, 0., 3.8060969928433269e+02, 0.,
       3.6653175179255015e+02, 2.3878059668569790e+02, 0., 0., 1. ]
D1: !!opencv-matrix
   rows: 5
   cols: 1
   dt: d
   data: [ -2.1859934914563901e-02, -9.9468572971318997e-04,
       1.6448003429794193e-03, -3.1164985765511365e-04,
       3.5195408316194161e-04 ]
P1: !!opencv-matrix
   rows: 3
   cols: 4
   dt: f
   data: [ 3.20713684e+02, 0., 6.50178345e+02, 0., 0., 3.20713684e+02,
       2.30008209e+02, 0., 0., 0., 1., 0. ]
R1: !!opencv-matrix
   rows: 3
   cols: 3
   dt: f
   data: [ 9.53217566e-01, 1.02823637e-02, -3.02110136e-01,
       -7.96816964e-03, 9.99928713e-01, 8.89156200e-03, 3.02180022e-01,
       -6.06832886e-03, 9.53231573e-01 ]
K2: !!opencv-matrix
   rows: 3
   cols: 3
   dt: d
   data: [ 3.6687495098581172e+02, 0., 3.7621769200552956e+02, 0.,
       3.6726361788508825e+02, 2.2399932895774910e+02, 0., 0., 1. ]
D2: !!opencv-matrix
   rows: 5
   cols: 1
   dt: d
   data: [ -2.2201337830972428e-02, -1.1445843221826492e-03,
       2.9199201696882579e-04, -7.1705872414221615e-04,
       5.1284674356775366e-04 ]
P2: !!opencv-matrix
   rows: 3
   cols: 4
   dt: f
   data: [ 3.20713684e+02, 0., 6.50178345e+02, -1.31963225e-05, 0.,
       3.20713684e+02, 2.30008209e+02, 0., 0., 0., 1., 0. ]
R2: !!opencv-matrix
   rows: 3
   cols: 3
   dt: f
   data: [ 9.57391500e-01, -3.89609952e-03, -2.88766921e-01,
       1.68664975e-03, 9.99967396e-01, -7.89975654e-03, 2.88788259e-01,
       7.07611069e-03, 9.57366824e-01 ]
