%YAML:1.0
---
Q: !!opencv-matrix
   rows: 4
   cols: 4
   dt: f
   data: [ 1., 0., 0., -4.59059265e+02, 0., 1., 0., -3.01549133e+02, 0.,
       0., 0., 1.51587415e+00, 0., 0., -1.87685750e+06, 0. ]
R: !!opencv-matrix
   rows: 3
   cols: 3
   dt: d
   data: [ 4.3927474547473127e+00, 3.6213989114442048e-02,
       -2.0615514991632053e-01, -1.8433760437796640e-02,
       4.3670467165433031e+00, 4.0084798802540456e-02,
       3.0204231104065299e-01, -1.1942101028477822e-01,
       4.3983000745263920e+00 ]
T: !!opencv-matrix
   rows: 3
   cols: 1
   dt: d
   data: [ -1.7393415914207820e-08, -8.0737320734815874e-10,
       1.6715469752490222e-08 ]
E: !!opencv-matrix
   rows: 0
   cols: 0
   dt: u
   data: []
F: !!opencv-matrix
   rows: 0
   cols: 0
   dt: u
   data: []
K1: !!opencv-matrix
   rows: 3
   cols: 3
   dt: d
   data: [ 3.6627756984521932e+02, 0., 3.8060969928433269e+02, 0.,
       3.6653175179255015e+02, 2.3878059668569790e+02, 0., 0., 1. ]
D1: !!opencv-matrix
   rows: 5
   cols: 1
   dt: d
   data: [ -2.1859934914563901e-02, -9.9468572971318997e-04,
       1.6448003429794193e-03, -3.1164985765511365e-04,
       3.5195408316194161e-04 ]
P1: !!opencv-matrix
   rows: 3
   cols: 4
   dt: f
   data: [ 1.51587415e+00, 0., 4.59059265e+02, 0., 0., 1.51587415e+00,
       3.01549133e+02, 0., 0., 0., 1., 0. ]
R1: !!opencv-matrix
   rows: 3
   cols: 3
   dt: f
   data: [ 1.14471696e-01, -1.26232743e-01, 9.85373795e-01,
       1.09599121e-01, 9.87443864e-01, 1.13765709e-01, -9.87362266e-01,
       9.49731469e-02, 1.26869380e-01 ]
K2: !!opencv-matrix
   rows: 3
   cols: 3
   dt: d
   data: [ 3.6687495098581172e+02, 0., 3.7621769200552956e+02, 0.,
       3.6726361788508825e+02, 2.2399932895774910e+02, 0., 0., 1. ]
D2: !!opencv-matrix
   rows: 5
   cols: 1
   dt: d
   data: [ -2.2201337830972428e-02, -1.1445843221826492e-03,
       2.9199201696882579e-04, -7.1705872414221615e-04,
       5.1284674356775366e-04 ]
P2: !!opencv-matrix
   rows: 3
   cols: 4
   dt: f
   data: [ 1.51587415e+00, 0., 4.59059265e+02, 8.07666083e-07, 0.,
       1.51587415e+00, 3.01549133e+02, 0., 0., 0., 1., 0. ]
R2: !!opencv-matrix
   rows: 3
   cols: 3
   dt: f
   data: [ 1.05454147e-01, -9.21971872e-02, 9.90140975e-01,
       1.08947977e-01, 9.90770161e-01, 8.06523636e-02, -9.88438070e-01,
       9.93687287e-02, 1.14525519e-01 ]
