%YAML:1.0
---
Q: !!opencv-matrix
   rows: 4
   cols: 4
   dt: f
   data: [ 1., 0., 0., -6.65121002e+01, 0., 1., 0., -2.14198471e+02, 0.,
       0., 0., -9.43723202e+00, 0., 0., 4.70248250e+06, 0. ]
R: !!opencv-matrix
   rows: 3
   cols: 3
   dt: d
   data: [ 2.3749558505980605e+01, 1.4696985190078060e-01,
       -1.1229237812163970e+00, -5.5493489962339056e-02,
       2.3482404981000062e+01, 2.0880239904146625e-01,
       1.6145788586306351e+00, -8.0678900015083266e-01,
       2.3671136522398708e+01 ]
T: !!opencv-matrix
   rows: 3
   cols: 1
   dt: d
   data: [ -2.4238158822770117e-06, -2.2298573685269366e-06,
       -1.0220144509418539e-05 ]
E: !!opencv-matrix
   rows: 0
   cols: 0
   dt: u
   data: []
F: !!opencv-matrix
   rows: 0
   cols: 0
   dt: u
   data: []
K1: !!opencv-matrix
   rows: 3
   cols: 3
   dt: d
   data: [ 3.6627756984521932e+02, 0., 3.8060969928433269e+02, 0.,
       3.6653175179255015e+02, 2.3878059668569790e+02, 0., 0., 1. ]
D1: !!opencv-matrix
   rows: 5
   cols: 1
   dt: d
   data: [ -2.1859934914563901e-02, -9.9468572971318997e-04,
       1.6448003429794193e-03, -3.1164985765511365e-04,
       3.5195408316194161e-04 ]
P1: !!opencv-matrix
   rows: 3
   cols: 4
   dt: f
   data: [ -9.43723202e+00, 0., 6.65121002e+01, 0., 0., -9.43723202e+00,
       2.14198471e+02, 0., 0., 0., 1., 0. ]
R1: !!opencv-matrix
   rows: 3
   cols: 3
   dt: f
   data: [ 3.33003700e-01, -2.95186285e-02, -9.42463338e-01,
       3.56885269e-02, 9.99188244e-01, -1.86853483e-02, 9.42249894e-01,
       -2.74128374e-02, 3.33786875e-01 ]
K2: !!opencv-matrix
   rows: 3
   cols: 3
   dt: d
   data: [ 3.6687495098581172e+02, 0., 3.7621769200552956e+02, 0.,
       3.6726361788508825e+02, 2.2399932895774910e+02, 0., 0., 1. ]
D2: !!opencv-matrix
   rows: 5
   cols: 1
   dt: d
   data: [ -2.2201337830972428e-02, -1.1445843221826492e-03,
       2.9199201696882579e-04, -7.1705872414221615e-04,
       5.1284674356775366e-04 ]
P2: !!opencv-matrix
   rows: 3
   cols: 4
   dt: f
   data: [ -9.43723202e+00, 0., 6.65121002e+01, 2.00686168e-06, 0.,
       -9.43723202e+00, 2.14198471e+02, 0., 0., 0., 1., 0. ]
R2: !!opencv-matrix
   rows: 3
   cols: 3
   dt: f
   data: [ 3.89570713e-01, -4.87596951e-02, -9.19704914e-01,
       4.28610034e-02, 9.98475432e-01, -3.47806849e-02, 9.19998705e-01,
       -2.58699395e-02, 3.91066670e-01 ]
