%YAML:1.0
---
Q: !!opencv-matrix
   rows: 4
   cols: 4
   dt: f
   data: [ 1., 0., 0., -3.84501007e+02, 0., 1., 0., -2.31837723e+02, 0.,
       0., 0., 3.57989166e+02, 0., 0., 1.09663829e-02, 0. ]
R: !!opencv-matrix
   rows: 3
   cols: 3
   dt: d
   data: [ 1.0352558087077706e+00, 1.0268547728521716e-02,
       -1.8881420596266633e-02, -9.9201410113738449e-03,
       1.0153986126404722e+00, 9.4469283160418128e-03,
       3.2132606468310435e-03, -9.3482519348984609e-03,
       1.0155063805264457e+00 ]
T: !!opencv-matrix
   rows: 3
   cols: 1
   dt: d
   data: [ -7.5546597119421818e+01, 3.3321066920388548e-01,
       3.0664689470514284e-01 ]
E: !!opencv-matrix
   rows: 0
   cols: 0
   dt: u
   data: []
F: !!opencv-matrix
   rows: 0
   cols: 0
   dt: u
   data: []
K1: !!opencv-matrix
   rows: 3
   cols: 3
   dt: d
   data: [ 3.6627756984521932e+02, 0., 3.8060969928433269e+02, 0.,
       3.6653175179255015e+02, 2.3878059668569790e+02, 0., 0., 1. ]
D1: !!opencv-matrix
   rows: 5
   cols: 1
   dt: d
   data: [ -2.1859934914563901e-02, -9.9468572971318997e-04,
       1.6448003429794193e-03, -3.1164985765511365e-04,
       3.5195408316194161e-04 ]
P1: !!opencv-matrix
   rows: 3
   cols: 4
   dt: f
   data: [ 3.57989166e+02, 0., 3.84501007e+02, 0., 0., 3.57989166e+02,
       2.31837723e+02, 0., 0., 0., 1., 0. ]
R1: !!opencv-matrix
   rows: 3
   cols: 3
   dt: f
   data: [ 9.99900103e-01, 6.14119414e-03, -1.27323559e-02,
       -6.08267961e-03, 9.99970794e-01, 4.62936563e-03, 1.27604138e-02,
       -4.55145631e-03, 9.99908209e-01 ]
K2: !!opencv-matrix
   rows: 3
   cols: 3
   dt: d
   data: [ 3.6687495098581172e+02, 0., 3.7621769200552956e+02, 0.,
       3.6726361788508825e+02, 2.2399932895774910e+02, 0., 0., 1. ]
D2: !!opencv-matrix
   rows: 5
   cols: 1
   dt: d
   data: [ -2.2201337830972428e-02, -1.1445843221826492e-03,
       2.9199201696882579e-04, -7.1705872414221615e-04,
       5.1284674356775366e-04 ]
P2: !!opencv-matrix
   rows: 3
   cols: 4
   dt: f
   data: [ 3.57989166e+02, 0., 3.84501007e+02, -3.26442344e+04, 0.,
       3.57989166e+02, 2.31837723e+02, 0., 0., 0., 1., 0. ]
R2: !!opencv-matrix
   rows: 3
   cols: 3
   dt: f
   data: [ 9.99982059e-01, -4.41058492e-03, -4.05897014e-03,
       4.39190539e-03, 9.99979794e-01, -4.59945993e-03, 4.07917425e-03,
       4.58155060e-03, 9.99981165e-01 ]
