%YAML:1.0
---
Q: !!opencv-matrix
   rows: 4
   cols: 4
   dt: f
   data: [ 1., 0., 0., -3.83518677e+02, 0., 1., 0., -2.31837036e+02, 0.,
       0., 0., 3.58666534e+02, 0., 0., 9.10660997e-03, 0. ]
R: !!opencv-matrix
   rows: 3
   cols: 3
   dt: d
   data: [ 1.0384494757467251e+00, 1.2661747430271379e-02,
       -1.1833784892528690e-02, -9.9025575503831099e-03,
       1.0093815373724144e+00, 9.3604560209546647e-03,
       3.1564340318617559e-03, -9.3029161113382681e-03,
       1.0094713379753784e+00 ]
T: !!opencv-matrix
   rows: 3
   cols: 1
   dt: d
   data: [ -1.0177910126934665e+02, 4.4891343709790904e-01,
       4.1312577669085698e-01 ]
E: !!opencv-matrix
   rows: 0
   cols: 0
   dt: u
   data: []
F: !!opencv-matrix
   rows: 0
   cols: 0
   dt: u
   data: []
K1: !!opencv-matrix
   rows: 3
   cols: 3
   dt: d
   data: [ 3.6627756984521932e+02, 0., 3.8060969928433269e+02, 0.,
       3.6653175179255015e+02, 2.3878059668569790e+02, 0., 0., 1. ]
D1: !!opencv-matrix
   rows: 5
   cols: 1
   dt: d
   data: [ -2.1859934914563901e-02, -9.9468572971318997e-04,
       1.6448003429794193e-03, -3.1164985765511365e-04,
       3.5195408316194161e-04 ]
P1: !!opencv-matrix
   rows: 3
   cols: 4
   dt: f
   data: [ 3.58666534e+02, 0., 3.83518677e+02, 0., 0., 3.58666534e+02,
       2.31837036e+02, 0., 0., 0., 1., 0. ]
R1: !!opencv-matrix
   rows: 3
   cols: 3
   dt: f
   data: [ 9.99922991e-01, 7.03805080e-03, -1.02203945e-02,
       -6.99100737e-03, 9.99964833e-01, 4.63133445e-03, 1.02526313e-02,
       -4.55952669e-03, 9.99937057e-01 ]
K2: !!opencv-matrix
   rows: 3
   cols: 3
   dt: d
   data: [ 3.6687495098581172e+02, 0., 3.7621769200552956e+02, 0.,
       3.6726361788508825e+02, 2.2399932895774910e+02, 0., 0., 1. ]
D2: !!opencv-matrix
   rows: 5
   cols: 1
   dt: d
   data: [ -2.2201337830972428e-02, -1.1445843221826492e-03,
       2.9199201696882579e-04, -7.1705872414221615e-04,
       5.1284674356775366e-04 ]
P2: !!opencv-matrix
   rows: 3
   cols: 4
   dt: f
   data: [ 3.58666534e+02, 0., 3.83518677e+02, -3.93852969e+04, 0.,
       3.58666534e+02, 2.31837036e+02, 0., 0., 0., 1., 0. ]
R2: !!opencv-matrix
   rows: 3
   cols: 3
   dt: f
   data: [ 9.99982059e-01, -4.41057933e-03, -4.05895337e-03,
       4.39187931e-03, 9.99979734e-01, -4.60445322e-03, 4.07917937e-03,
       4.58654389e-03, 9.99981165e-01 ]
