%YAML:1.0
---
Q: !!opencv-matrix
   rows: 4
   cols: 4
   dt: f
   data: [ 1., 0., 0., -3.83231506e+02, 0., 1., 0., -2.32333771e+02, 0.,
       0., 0., 3.66904510e+02, 0., 0., 5.38070453e-03, 0. ]
R: !!opencv-matrix
   rows: 3
   cols: 3
   dt: d
   data: [ 9.9957133751515082e-01, 9.7091478009732699e-03,
       -3.0972102138533534e-03, -9.6604278059184631e-03,
       9.9977356399995476e-01, 9.2285091163705896e-03,
       3.2434967499347881e-03, -9.2023474126392626e-03,
       9.9981528694687150e-01 ]
T: !!opencv-matrix
   rows: 3
   cols: 1
   dt: d
   data: [ -1.8500636974356291e+02, 1.6235273068781257e+01,
       7.4913884932168739e-01 ]
E: !!opencv-matrix
   rows: 0
   cols: 0
   dt: u
   data: []
F: !!opencv-matrix
   rows: 0
   cols: 0
   dt: u
   data: []
K1: !!opencv-matrix
   rows: 3
   cols: 3
   dt: d
   data: [ 3.6627756984521932e+02, 0., 3.8060969928433269e+02, 0.,
       3.6653175179255015e+02, 2.3878059668569790e+02, 0., 0., 1. ]
D1: !!opencv-matrix
   rows: 5
   cols: 1
   dt: d
   data: [ -2.1859934914563901e-02, -9.9468572971318997e-04,
       1.6448003429794193e-03, -3.1164985765511365e-04,
       3.5195408316194161e-04 ]
P1: !!opencv-matrix
   rows: 3
   cols: 4
   dt: f
   data: [ 3.66904510e+02, 0., 3.83231506e+02, 0., 0., 3.66904510e+02,
       2.32333771e+02, 0., 0., 0., 1., 0. ]
R1: !!opencv-matrix
   rows: 3
   cols: 3
   dt: f
   data: [ 9.96943295e-01, -7.77249038e-02, -7.92863686e-03,
       7.77600035e-02, 9.96963203e-01, 4.21868730e-03, 7.57666212e-03,
       -4.82232310e-03, 9.99959648e-01 ]
K2: !!opencv-matrix
   rows: 3
   cols: 3
   dt: d
   data: [ 3.6687495098581172e+02, 0., 3.7621769200552956e+02, 0.,
       3.6726361788508825e+02, 2.2399932895774910e+02, 0., 0., 1. ]
D2: !!opencv-matrix
   rows: 5
   cols: 1
   dt: d
   data: [ -2.2201337830972428e-02, -1.1445843221826492e-03,
       2.9199201696882579e-04, -7.1705872414221615e-04,
       5.1284674356775366e-04 ]
P2: !!opencv-matrix
   rows: 3
   cols: 4
   dt: f
   data: [ 3.66904510e+02, 0., 3.83231506e+02, -6.81889375e+04, 0.,
       3.66904510e+02, 2.32333771e+02, 0., 0., 0., 1., 0. ]
R2: !!opencv-matrix
   rows: 3
   cols: 3
   dt: f
   data: [ 9.96163487e-01, -8.74185413e-02, -4.03383467e-03,
       8.73993784e-02, 9.96162236e-01, -4.70492523e-03, 4.42965142e-03,
       4.33431985e-03, 9.99980807e-01 ]
