%YAML:1.0
---
Q: !!opencv-matrix
   rows: 4
   cols: 4
   dt: f
   data: [ 1., 0., 0., -3.82668304e+02, 0., 1., 0., -2.32002350e+02, 0.,
       0., 0., 3.57428955e+02, 0., 0., 5.31984447e-03, 0. ]
R: !!opencv-matrix
   rows: 3
   cols: 3
   dt: d
   data: [ 9.9962440592298518e-01, 9.8892853249683416e-03,
       -3.1753140209894422e-03, -9.6855780814444157e-03,
       9.9931802779777423e-01, 9.2300391208149611e-03,
       3.2402396046121011e-03, -9.1989304724392155e-03,
       9.9936587654245157e-01 ]
T: !!opencv-matrix
   rows: 3
   cols: 1
   dt: d
   data: [ -1.8786108390536745e+02, 6.0477124259448365e+00,
       7.6141626686761354e-01 ]
E: !!opencv-matrix
   rows: 0
   cols: 0
   dt: u
   data: []
F: !!opencv-matrix
   rows: 0
   cols: 0
   dt: u
   data: []
K1: !!opencv-matrix
   rows: 3
   cols: 3
   dt: d
   data: [ 3.6627756984521932e+02, 0., 3.8060969928433269e+02, 0.,
       3.6653175179255015e+02, 2.3878059668569790e+02, 0., 0., 1. ]
D1: !!opencv-matrix
   rows: 5
   cols: 1
   dt: d
   data: [ -2.1859934914563901e-02, -9.9468572971318997e-04,
       1.6448003429794193e-03, -3.1164985765511365e-04,
       3.5195408316194161e-04 ]
P1: !!opencv-matrix
   rows: 3
   cols: 4
   dt: f
   data: [ 3.57428955e+02, 0., 3.82668304e+02, 0., 0., 3.57428955e+02,
       2.32002350e+02, 0., 0., 0., 1., 0. ]
R1: !!opencv-matrix
   rows: 3
   cols: 3
   dt: f
   data: [ 9.99723077e-01, -2.22982578e-02, -7.52012338e-03,
       2.23324206e-02, 9.99740541e-01, 4.49007191e-03, 7.41805136e-03,
       -4.65677073e-03, 9.99961615e-01 ]
K2: !!opencv-matrix
   rows: 3
   cols: 3
   dt: d
   data: [ 3.6687495098581172e+02, 0., 3.7621769200552956e+02, 0.,
       3.6726361788508825e+02, 2.2399932895774910e+02, 0., 0., 1. ]
D2: !!opencv-matrix
   rows: 5
   cols: 1
   dt: d
   data: [ -2.2201337830972428e-02, -1.1445843221826492e-03,
       2.9199201696882579e-04, -7.1705872414221615e-04,
       5.1284674356775366e-04 ]
P2: !!opencv-matrix
   rows: 3
   cols: 4
   dt: f
   data: [ 3.57428955e+02, 0., 3.82668304e+02, -6.71878594e+04, 0.,
       3.57428955e+02, 2.32002350e+02, 0., 0., 0., 1., 0. ]
R2: !!opencv-matrix
   rows: 3
   cols: 3
   dt: f
   data: [ 9.99474049e-01, -3.21755409e-02, -4.05099103e-03,
       3.21566723e-02, 9.99472082e-01, -4.63949004e-03, 4.19813069e-03,
       4.50678309e-03, 9.99981046e-01 ]
