%YAML:1.0
---
Q: !!opencv-matrix
   rows: 4
   cols: 4
   dt: f
   data: [ 1., 0., 0., -3.82662018e+02, 0., 1., 0., -2.32002563e+02, 0.,
       0., 0., 3.57414825e+02, 0., 0., 5.32141421e-03, 0. ]
R: !!opencv-matrix
   rows: 3
   cols: 3
   dt: d
   data: [ 9.9948178944634147e-01, 9.7642423773702854e-03,
       -3.1496506232512513e-03, -9.6791157824031686e-03,
       9.9940520225742890e-01, 9.2299723542033189e-03,
       3.2414223613072054e-03, -9.1991855123965873e-03,
       9.9944890319716728e-01 ]
T: !!opencv-matrix
   rows: 3
   cols: 1
   dt: d
   data: [ -1.8777003215989814e+02, 6.0447806598341778e+00,
       7.6102732652761962e-01 ]
E: !!opencv-matrix
   rows: 0
   cols: 0
   dt: u
   data: []
F: !!opencv-matrix
   rows: 0
   cols: 0
   dt: u
   data: []
K1: !!opencv-matrix
   rows: 3
   cols: 3
   dt: d
   data: [ 3.6627756984521932e+02, 0., 3.8060969928433269e+02, 0.,
       3.6653175179255015e+02, 2.3878059668569790e+02, 0., 0., 1. ]
D1: !!opencv-matrix
   rows: 5
   cols: 1
   dt: d
   data: [ -2.1859934914563901e-02, -9.9468572971318997e-04,
       1.6448003429794193e-03, -3.1164985765511365e-04,
       3.5195408316194161e-04 ]
P1: !!opencv-matrix
   rows: 3
   cols: 4
   dt: f
   data: [ 3.57414825e+02, 0., 3.82662018e+02, 0., 0., 3.57414825e+02,
       2.32002563e+02, 0., 0., 0., 1., 0. ]
R1: !!opencv-matrix
   rows: 3
   cols: 3
   dt: f
   data: [ 9.99721646e-01, -2.23674495e-02, -7.50432769e-03,
       2.24015396e-02, 9.99738991e-01, 4.48977202e-03, 7.40194414e-03,
       -4.65663057e-03, 9.99961734e-01 ]
K2: !!opencv-matrix
   rows: 3
   cols: 3
   dt: d
   data: [ 3.6687495098581172e+02, 0., 3.7621769200552956e+02, 0.,
       3.6726361788508825e+02, 2.2399932895774910e+02, 0., 0., 1. ]
D2: !!opencv-matrix
   rows: 5
   cols: 1
   dt: d
   data: [ -2.2201337830972428e-02, -1.1445843221826492e-03,
       2.9199201696882579e-04, -7.1705872414221615e-04,
       5.1284674356775366e-04 ]
P2: !!opencv-matrix
   rows: 3
   cols: 4
   dt: f
   data: [ 3.57414825e+02, 0., 3.82662018e+02, -6.71653828e+04, 0.,
       3.57414825e+02, 2.32002563e+02, 0., 0., 0., 1., 0. ]
R2: !!opencv-matrix
   rows: 3
   cols: 3
   dt: f
   data: [ 9.99474049e-01, -3.21755372e-02, -4.05090069e-03,
       3.21566723e-02, 9.99472082e-01, -4.63926978e-03, 4.19803336e-03,
       4.50656656e-03, 9.99981046e-01 ]
