%YAML:1.0
---
Q: !!opencv-matrix
   rows: 4
   cols: 4
   dt: f
   data: [ 1., 0., 0., -3.83251587e+02, 0., 1., 0., -2.32334427e+02, 0.,
       0., 0., 3.66913300e+02, 0., 0., 5.38103050e-03, 0. ]
R: !!opencv-matrix
   rows: 3
   cols: 3
   dt: d
   data: [ 9.9973159350357799e-01, 9.8185335207620732e-03,
       -3.1476514031757424e-03, -9.6821462109186029e-03,
       9.9966583358620165e-01, 9.2320569881805814e-03,
       3.2421345036829806e-03, -9.2018906834311354e-03,
       9.9971743536202795e-01 ]
T: !!opencv-matrix
   rows: 3
   cols: 1
   dt: d
   data: [ -1.8513279708228134e+02, 1.6246368644091035e+01,
       7.4967035251571779e-01 ]
E: !!opencv-matrix
   rows: 0
   cols: 0
   dt: u
   data: []
F: !!opencv-matrix
   rows: 0
   cols: 0
   dt: u
   data: []
K1: !!opencv-matrix
   rows: 3
   cols: 3
   dt: d
   data: [ 3.6627756984521932e+02, 0., 3.8060969928433269e+02, 0.,
       3.6653175179255015e+02, 2.3878059668569790e+02, 0., 0., 1. ]
D1: !!opencv-matrix
   rows: 5
   cols: 1
   dt: d
   data: [ -2.1859934914563901e-02, -9.9468572971318997e-04,
       1.6448003429794193e-03, -3.1164985765511365e-04,
       3.5195408316194161e-04 ]
P1: !!opencv-matrix
   rows: 3
   cols: 4
   dt: f
   data: [ 3.66913300e+02, 0., 3.83251587e+02, 0., 0., 3.66913300e+02,
       2.32334427e+02, 0., 0., 0., 1., 0. ]
R1: !!opencv-matrix
   rows: 3
   cols: 3
   dt: f
   data: [ 9.96949255e-01, -7.76436925e-02, -7.97975063e-03,
       7.76790306e-02, 9.96969521e-01, 4.21817461e-03, 7.62805296e-03,
       -4.82516550e-03, 9.99959290e-01 ]
K2: !!opencv-matrix
   rows: 3
   cols: 3
   dt: d
   data: [ 3.6687495098581172e+02, 0., 3.7621769200552956e+02, 0.,
       3.6726361788508825e+02, 2.2399932895774910e+02, 0., 0., 1. ]
D2: !!opencv-matrix
   rows: 5
   cols: 1
   dt: d
   data: [ -2.2201337830972428e-02, -1.1445843221826492e-03,
       2.9199201696882579e-04, -7.1705872414221615e-04,
       5.1284674356775366e-04 ]
P2: !!opencv-matrix
   rows: 3
   cols: 4
   dt: f
   data: [ 3.66913300e+02, 0., 3.83251587e+02, -6.81864453e+04, 0.,
       3.66913300e+02, 2.32334427e+02, 0., 0., 0., 1., 0. ]
R2: !!opencv-matrix
   rows: 3
   cols: 3
   dt: f
   data: [ 9.96163487e-01, -8.74185413e-02, -4.03383002e-03,
       8.73993784e-02, 9.96162236e-01, -4.70608519e-03, 4.42974828e-03,
       4.33547609e-03, 9.99980807e-01 ]
