%YAML:1.0
---
Q: !!opencv-matrix
   rows: 4
   cols: 4
   dt: f
   data: [ 1., 0., 0., -3.82659790e+02, 0., 1., 0., -2.32002670e+02, 0.,
       0., 0., 3.57407898e+02, 0., 0., 5.32258814e-03, 0. ]
R: !!opencv-matrix
   rows: 3
   cols: 3
   dt: d
   data: [ 9.9947986852025483e-01, 9.7633761285374314e-03,
       -3.1488033786331478e-03, -9.6790388032615988e-03,
       9.9940590292864473e-01, 9.2299512337296816e-03,
       3.2414348910629488e-03, -9.1991881255544458e-03,
       9.9944957280549862e-01 ]
T: !!opencv-matrix
   rows: 3
   cols: 1
   dt: d
   data: [ -1.8777152695648346e+02, 6.0448287431797292e+00,
       7.6103166441731607e-01 ]
E: !!opencv-matrix
   rows: 0
   cols: 0
   dt: u
   data: []
F: !!opencv-matrix
   rows: 0
   cols: 0
   dt: u
   data: []
K1: !!opencv-matrix
   rows: 3
   cols: 3
   dt: d
   data: [ 3.6627756984521932e+02, 0., 3.8060969928433269e+02, 0.,
       3.6653175179255015e+02, 2.3878059668569790e+02, 0., 0., 1. ]
D1: !!opencv-matrix
   rows: 5
   cols: 1
   dt: d
   data: [ -2.1859934914563901e-02, -9.9468572971318997e-04,
       1.6448003429794193e-03, -3.1164985765511365e-04,
       3.5195408316194161e-04 ]
P1: !!opencv-matrix
   rows: 3
   cols: 4
   dt: f
   data: [ 3.57407898e+02, 0., 3.82659790e+02, 0., 0., 3.57407898e+02,
       2.32002670e+02, 0., 0., 0., 1., 0. ]
R1: !!opencv-matrix
   rows: 3
   cols: 3
   dt: f
   data: [ 9.99720991e-01, -2.23997813e-02, -7.49877840e-03,
       2.24338435e-02, 9.99738276e-01, 4.48962208e-03, 7.39624910e-03,
       -4.65659564e-03, 9.99961793e-01 ]
K2: !!opencv-matrix
   rows: 3
   cols: 3
   dt: d
   data: [ 3.6687495098581172e+02, 0., 3.7621769200552956e+02, 0.,
       3.6726361788508825e+02, 2.2399932895774910e+02, 0., 0., 1. ]
D2: !!opencv-matrix
   rows: 5
   cols: 1
   dt: d
   data: [ -2.2201337830972428e-02, -1.1445843221826492e-03,
       2.9199201696882579e-04, -7.1705872414221615e-04,
       5.1284674356775366e-04 ]
P2: !!opencv-matrix
   rows: 3
   cols: 4
   dt: f
   data: [ 3.57407898e+02, 0., 3.82659790e+02, -6.71492656e+04, 0.,
       3.57407898e+02, 2.32002670e+02, 0., 0., 0., 1., 0. ]
R2: !!opencv-matrix
   rows: 3
   cols: 3
   dt: f
   data: [ 9.99474049e-01, -3.21755335e-02, -4.05083504e-03,
       3.21566686e-02, 9.99472082e-01, -4.63917712e-03, 4.19796444e-03,
       4.50647576e-03, 9.99981046e-01 ]
