%YAML:1.0
---
Q: !!opencv-matrix
   rows: 4
   cols: 4
   dt: f
   data: [ 1., 0., 0., -3.83252258e+02, 0., 1., 0., -2.32334457e+02, 0.,
       0., 0., 3.66913025e+02, 0., 0., 5.38423052e-03, 0. ]
R: !!opencv-matrix
   rows: 3
   cols: 3
   dt: d
   data: [ 9.9974683338093739e-01, 9.8187307390147568e-03,
       -3.1474633030321368e-03, -9.6822588167319971e-03,
       9.9968151681674511e-01, 9.2321810179808225e-03,
       3.2421871922953794e-03, -9.2020352496475794e-03,
       9.9973312222042277e-01 ]
T: !!opencv-matrix
   rows: 3
   cols: 1
   dt: d
   data: [ -1.8500617149266986e+02, 1.6235256591364926e+01,
       7.4915762053212576e-01 ]
E: !!opencv-matrix
   rows: 0
   cols: 0
   dt: u
   data: []
F: !!opencv-matrix
   rows: 0
   cols: 0
   dt: u
   data: []
K1: !!opencv-matrix
   rows: 3
   cols: 3
   dt: d
   data: [ 3.6627756984521932e+02, 0., 3.8060969928433269e+02, 0.,
       3.6653175179255015e+02, 2.3878059668569790e+02, 0., 0., 1. ]
D1: !!opencv-matrix
   rows: 5
   cols: 1
   dt: d
   data: [ -2.1859934914563901e-02, -9.9468572971318997e-04,
       1.6448003429794193e-03, -3.1164985765511365e-04,
       3.5195408316194161e-04 ]
P1: !!opencv-matrix
   rows: 3
   cols: 4
   dt: f
   data: [ 3.66913025e+02, 0., 3.83252258e+02, 0., 0., 3.66913025e+02,
       2.32334457e+02, 0., 0., 0., 1., 0. ]
R1: !!opencv-matrix
   rows: 3
   cols: 3
   dt: f
   data: [ 9.96949196e-01, -7.76438564e-02, -7.98145309e-03,
       7.76792094e-02, 9.96969461e-01, 4.21814062e-03, 7.62975216e-03,
       -4.82526515e-03, 9.99959230e-01 ]
K2: !!opencv-matrix
   rows: 3
   cols: 3
   dt: d
   data: [ 3.6687495098581172e+02, 0., 3.7621769200552956e+02, 0.,
       3.6726361788508825e+02, 2.2399932895774910e+02, 0., 0., 1. ]
D2: !!opencv-matrix
   rows: 5
   cols: 1
   dt: d
   data: [ -2.2201337830972428e-02, -1.1445843221826492e-03,
       2.9199201696882579e-04, -7.1705872414221615e-04,
       5.1284674356775366e-04 ]
P2: !!opencv-matrix
   rows: 3
   cols: 4
   dt: f
   data: [ 3.66913025e+02, 0., 3.83252258e+02, -6.81458594e+04, 0.,
       3.66913025e+02, 2.32334457e+02, 0., 0., 0., 1., 0. ]
R2: !!opencv-matrix
   rows: 3
   cols: 3
   dt: f
   data: [ 9.96163487e-01, -8.74185413e-02, -4.03382676e-03,
       8.73993784e-02, 9.96162236e-01, -4.70611779e-03, 4.42974782e-03,
       4.33550868e-03, 9.99980807e-01 ]
