%YAML:1.0
---
Q: !!opencv-matrix
   rows: 4
   cols: 4
   dt: f
   data: [ 1., 0., 0., -3.82961304e+02, 0., 1., 0., -2.32164429e+02, 0.,
       0., 0., 3.61194153e+02, 0., 0., 5.35066519e-03, 0. ]
R: !!opencv-matrix
   rows: 3
   cols: 3
   dt: d
   data: [ 9.9960126582287179e-01, 9.7915484608305237e-03,
       -3.1470786216545327e-03, -9.6807450413059996e-03,
       9.9953273061002090e-01, 9.2309613108170156e-03,
       3.2418934331395494e-03, -9.2006267760558706e-03,
       9.9957958065668895e-01 ]
T: !!opencv-matrix
   rows: 3
   cols: 1
   dt: d
   data: [ -1.8655118193269547e+02, 1.1188051303488665e+01,
       7.5621923833005278e-01 ]
E: !!opencv-matrix
   rows: 0
   cols: 0
   dt: u
   data: []
F: !!opencv-matrix
   rows: 0
   cols: 0
   dt: u
   data: []
K1: !!opencv-matrix
   rows: 3
   cols: 3
   dt: d
   data: [ 3.6627756984521932e+02, 0., 3.8060969928433269e+02, 0.,
       3.6653175179255015e+02, 2.3878059668569790e+02, 0., 0., 1. ]
D1: !!opencv-matrix
   rows: 5
   cols: 1
   dt: d
   data: [ -2.1859934914563901e-02, -9.9468572971318997e-04,
       1.6448003429794193e-03, -3.1164985765511365e-04,
       3.5195408316194161e-04 ]
P1: !!opencv-matrix
   rows: 3
   cols: 4
   dt: f
   data: [ 3.61194153e+02, 0., 3.82961304e+02, 0., 0., 3.61194153e+02,
       2.32164429e+02, 0., 0., 0., 1., 0. ]
R1: !!opencv-matrix
   rows: 3
   cols: 3
   dt: f
   data: [ 9.98714924e-01, -5.00855669e-02, -7.74439331e-03,
       5.01202941e-02, 9.98733699e-01, 4.35695751e-03, 7.51636596e-03,
       -4.73950943e-03, 9.99960542e-01 ]
K2: !!opencv-matrix
   rows: 3
   cols: 3
   dt: d
   data: [ 3.6687495098581172e+02, 0., 3.7621769200552956e+02, 0.,
       3.6726361788508825e+02, 2.2399932895774910e+02, 0., 0., 1. ]
D2: !!opencv-matrix
   rows: 5
   cols: 1
   dt: d
   data: [ -2.2201337830972428e-02, -1.1445843221826492e-03,
       2.9199201696882579e-04, -7.1705872414221615e-04,
       5.1284674356775366e-04 ]
P2: !!opencv-matrix
   rows: 3
   cols: 4
   dt: f
   data: [ 3.61194153e+02, 0., 3.82961304e+02, -6.75045391e+04, 0.,
       3.61194153e+02, 2.32164429e+02, 0., 0., 0., 1., 0. ]
R2: !!opencv-matrix
   rows: 3
   cols: 3
   dt: f
   data: [ 9.98198271e-01, -5.98650388e-02, -4.04637866e-03,
       5.98459989e-02, 9.98196661e-01, -4.67293523e-03, 4.31882730e-03,
       4.42235591e-03, 9.99980867e-01 ]
