%YAML:1.0
---
Q: !!opencv-matrix
   rows: 4
   cols: 4
   dt: f
   data: [ 1., 0., 0., -3.82687653e+02, 0., 1., 0., -2.32002319e+02, 0.,
       0., 0., 3.57436462e+02, 0., 0., 5.32493321e-03, 0. ]
R: !!opencv-matrix
   rows: 3
   cols: 3
   dt: d
   data: [ 9.9978754210831156e-01, 1.0029653436697402e-02,
       -3.2290725454265186e-03, -9.6925140291131140e-03,
       9.9923866644044856e-01, 9.2310862390822240e-03,
       3.2390338512569713e-03, -9.1988138301742697e-03,
       9.9929126925034784e-01 ]
T: !!opencv-matrix
   rows: 3
   cols: 1
   dt: d
   data: [ -1.8784255839663709e+02, 6.0471164181731316e+00,
       7.6135587552029016e-01 ]
E: !!opencv-matrix
   rows: 0
   cols: 0
   dt: u
   data: []
F: !!opencv-matrix
   rows: 0
   cols: 0
   dt: u
   data: []
K1: !!opencv-matrix
   rows: 3
   cols: 3
   dt: d
   data: [ 3.6627756984521932e+02, 0., 3.8060969928433269e+02, 0.,
       3.6653175179255015e+02, 2.3878059668569790e+02, 0., 0., 1. ]
D1: !!opencv-matrix
   rows: 5
   cols: 1
   dt: d
   data: [ -2.1859934914563901e-02, -9.9468572971318997e-04,
       1.6448003429794193e-03, -3.1164985765511365e-04,
       3.5195408316194161e-04 ]
P1: !!opencv-matrix
   rows: 3
   cols: 4
   dt: f
   data: [ 3.57436462e+02, 0., 3.82687653e+02, 0., 0., 3.57436462e+02,
       2.32002319e+02, 0., 0., 0., 1., 0. ]
R1: !!opencv-matrix
   rows: 3
   cols: 3
   dt: f
   data: [ 9.99724209e-01, -2.22317558e-02, -7.56960968e-03,
       2.22661495e-02, 9.99741971e-01, 4.49017296e-03, 7.46783195e-03,
       -4.65748040e-03, 9.99961257e-01 ]
K2: !!opencv-matrix
   rows: 3
   cols: 3
   dt: d
   data: [ 3.6687495098581172e+02, 0., 3.7621769200552956e+02, 0.,
       3.6726361788508825e+02, 2.2399932895774910e+02, 0., 0., 1. ]
D2: !!opencv-matrix
   rows: 5
   cols: 1
   dt: d
   data: [ -2.2201337830972428e-02, -1.1445843221826492e-03,
       2.9199201696882579e-04, -7.1705872414221615e-04,
       5.1284674356775366e-04 ]
P2: !!opencv-matrix
   rows: 3
   cols: 4
   dt: f
   data: [ 3.57436462e+02, 0., 3.82687653e+02, -6.71250625e+04, 0.,
       3.57436462e+02, 2.32002319e+02, 0., 0., 0., 1., 0. ]
R2: !!opencv-matrix
   rows: 3
   cols: 3
   dt: f
   data: [ 9.99474049e-01, -3.21755335e-02, -4.05082479e-03,
       3.21566649e-02, 9.99472082e-01, -4.63989144e-03, 4.19797702e-03,
       4.50719008e-03, 9.99981046e-01 ]
