%YAML:1.0
---
Q: !!opencv-matrix
   rows: 4
   cols: 4
   dt: f
   data: [ 1., 0., 0., -3.83251709e+02, 0., 1., 0., -2.32334503e+02, 0.,
       0., 0., 3.66909943e+02, 0., 0., 5.38547523e-03, 0. ]
R: !!opencv-matrix
   rows: 3
   cols: 3
   dt: d
   data: [ 9.9974525329023967e-01, 9.8184162509978579e-03,
       -3.1510946612812408e-03, -9.6822052696112319e-03,
       9.9968045328064192e-01, 9.2324899318429899e-03,
       3.2421856117468748e-03, -9.2020240425156694e-03,
       9.9973204687101958e-01 ]
T: !!opencv-matrix
   rows: 3
   cols: 1
   dt: d
   data: [ -1.8501501374030019e+02, 1.6236032501882573e+01,
       7.4919275754245973e-01 ]
E: !!opencv-matrix
   rows: 0
   cols: 0
   dt: u
   data: []
F: !!opencv-matrix
   rows: 0
   cols: 0
   dt: u
   data: []
K1: !!opencv-matrix
   rows: 3
   cols: 3
   dt: d
   data: [ 3.6627756984521932e+02, 0., 3.8060969928433269e+02, 0.,
       3.6653175179255015e+02, 2.3878059668569790e+02, 0., 0., 1. ]
D1: !!opencv-matrix
   rows: 5
   cols: 1
   dt: d
   data: [ -2.1859934914563901e-02, -9.9468572971318997e-04,
       1.6448003429794193e-03, -3.1164985765511365e-04,
       3.5195408316194161e-04 ]
P1: !!opencv-matrix
   rows: 3
   cols: 4
   dt: f
   data: [ 3.66909943e+02, 0., 3.83251709e+02, 0., 0., 3.66909943e+02,
       2.32334503e+02, 0., 0., 0., 1., 0. ]
R1: !!opencv-matrix
   rows: 3
   cols: 3
   dt: f
   data: [ 9.96947944e-01, -7.76602924e-02, -7.98012037e-03,
       7.76956305e-02, 9.96968210e-01, 4.21806937e-03, 7.62835005e-03,
       -4.82521579e-03, 9.99959290e-01 ]
K2: !!opencv-matrix
   rows: 3
   cols: 3
   dt: d
   data: [ 3.6687495098581172e+02, 0., 3.7621769200552956e+02, 0.,
       3.6726361788508825e+02, 2.2399932895774910e+02, 0., 0., 1. ]
D2: !!opencv-matrix
   rows: 5
   cols: 1
   dt: d
   data: [ -2.2201337830972428e-02, -1.1445843221826492e-03,
       2.9199201696882579e-04, -7.1705872414221615e-04,
       5.1284674356775366e-04 ]
P2: !!opencv-matrix
   rows: 3
   cols: 4
   dt: f
   data: [ 3.66909943e+02, 0., 3.83251709e+02, -6.81295391e+04, 0.,
       3.66909943e+02, 2.32334503e+02, 0., 0., 0., 1., 0. ]
R2: !!opencv-matrix
   rows: 3
   cols: 3
   dt: f
   data: [ 9.96163487e-01, -8.74185413e-02, -4.03381046e-03,
       8.73993710e-02, 9.96162236e-01, -4.70605819e-03, 4.42972640e-03,
       4.33545094e-03, 9.99980807e-01 ]
