%YAML:1.0
---
Q: !!opencv-matrix
   rows: 4
   cols: 4
   dt: f
   data: [ 1., 0., 0., -3.82644684e+02, 0., 1., 0., -2.31851990e+02, 0.,
       0., 0., 3.58698608e+02, 0., 0., 5.53860003e-03, 0. ]
R: !!opencv-matrix
   rows: 3
   cols: 3
   dt: d
   data: [ 9.9989981393675809e-01, 9.7321582139545861e-03,
       -3.1443442954684595e-03, -9.6821386543305236e-03,
       9.9982973099665984e-01, 9.2338879952250669e-03,
       3.2427391425536439e-03, -9.2028863070574667e-03,
       9.9987154064478367e-01 ]
T: !!opencv-matrix
   rows: 3
   cols: 1
   dt: d
   data: [ -1.8056136564832207e+02, 8.6902070395139885e-01,
       7.9889152346079051e-01 ]
E: !!opencv-matrix
   rows: 0
   cols: 0
   dt: u
   data: []
F: !!opencv-matrix
   rows: 0
   cols: 0
   dt: u
   data: []
K1: !!opencv-matrix
   rows: 3
   cols: 3
   dt: d
   data: [ 3.6627756984521932e+02, 0., 3.8060969928433269e+02, 0.,
       3.6653175179255015e+02, 2.3878059668569790e+02, 0., 0., 1. ]
D1: !!opencv-matrix
   rows: 5
   cols: 1
   dt: d
   data: [ -2.1859934914563901e-02, -9.9468572971318997e-04,
       1.6448003429794193e-03, -3.1164985765511365e-04,
       3.5195408316194161e-04 ]
P1: !!opencv-matrix
   rows: 3
   cols: 4
   dt: f
   data: [ 3.58698608e+02, 0., 3.82644684e+02, 0., 0., 3.58698608e+02,
       2.31851990e+02, 0., 0., 0., 1., 0. ]
R1: !!opencv-matrix
   rows: 3
   cols: 3
   dt: f
   data: [ 9.99958754e-01, 4.95028310e-03, -7.61840958e-03,
       -4.91522299e-03, 9.99977291e-01, 4.61386889e-03, 7.64107611e-03,
       -4.57623228e-03, 9.99960363e-01 ]
K2: !!opencv-matrix
   rows: 3
   cols: 3
   dt: d
   data: [ 3.6687495098581172e+02, 0., 3.7621769200552956e+02, 0.,
       3.6726361788508825e+02, 2.2399932895774910e+02, 0., 0., 1. ]
D2: !!opencv-matrix
   rows: 5
   cols: 1
   dt: d
   data: [ -2.2201337830972428e-02, -1.1445843221826492e-03,
       2.9199201696882579e-04, -7.1705872414221615e-04,
       5.1284674356775366e-04 ]
P2: !!opencv-matrix
   rows: 3
   cols: 4
   dt: f
   data: [ 3.58698608e+02, 0., 3.82644684e+02, -6.47634063e+04, 0.,
       3.58698608e+02, 2.31851990e+02, 0., 0., 0., 1., 0. ]
R2: !!opencv-matrix
   rows: 3
   cols: 3
   dt: f
   data: [ 9.99978602e-01, -4.81277984e-03, -4.42439318e-03,
       4.79239877e-03, 9.99977887e-01, -4.60572448e-03, 4.44646180e-03,
       4.58442280e-03, 9.99979615e-01 ]
