%YAML:1.0
---
Q: !!opencv-matrix
   rows: 4
   cols: 4
   dt: f
   data: [ 1., 0., 0., -3.82644318e+02, 0., 1., 0., -2.31851990e+02, 0.,
       0., 0., 3.58698883e+02, 0., 0., 5.53670479e-03, 0. ]
R: !!opencv-matrix
   rows: 3
   cols: 3
   dt: d
   data: [ 9.9989408354503151e-01, 9.7321503237144252e-03,
       -3.1441463654572543e-03, -9.6820832441696127e-03,
       9.9982401675681576e-01, 9.2338343576207731e-03,
       3.2427206813162631e-03, -9.2028339242375534e-03,
       9.9986582560021720e-01 ]
T: !!opencv-matrix
   rows: 3
   cols: 1
   dt: d
   data: [ -1.8060898545155081e+02, 8.6924989231275074e-01,
       7.9910221381955349e-01 ]
E: !!opencv-matrix
   rows: 0
   cols: 0
   dt: u
   data: []
F: !!opencv-matrix
   rows: 0
   cols: 0
   dt: u
   data: []
K1: !!opencv-matrix
   rows: 3
   cols: 3
   dt: d
   data: [ 3.6627756984521932e+02, 0., 3.8060969928433269e+02, 0.,
       3.6653175179255015e+02, 2.3878059668569790e+02, 0., 0., 1. ]
D1: !!opencv-matrix
   rows: 5
   cols: 1
   dt: d
   data: [ -2.1859934914563901e-02, -9.9468572971318997e-04,
       1.6448003429794193e-03, -3.1164985765511365e-04,
       3.5195408316194161e-04 ]
P1: !!opencv-matrix
   rows: 3
   cols: 4
   dt: f
   data: [ 3.58698883e+02, 0., 3.82644318e+02, 0., 0., 3.58698883e+02,
       2.31851990e+02, 0., 0., 0., 1., 0. ]
R1: !!opencv-matrix
   rows: 3
   cols: 3
   dt: f
   data: [ 9.99958754e-01, 4.95070405e-03, -7.61751365e-03,
       -4.91564814e-03, 9.99977291e-01, 4.61387029e-03, 7.64018251e-03,
       -4.57623508e-03, 9.99960363e-01 ]
K2: !!opencv-matrix
   rows: 3
   cols: 3
   dt: d
   data: [ 3.6687495098581172e+02, 0., 3.7621769200552956e+02, 0.,
       3.6726361788508825e+02, 2.2399932895774910e+02, 0., 0., 1. ]
D2: !!opencv-matrix
   rows: 5
   cols: 1
   dt: d
   data: [ -2.2201337830972428e-02, -1.1445843221826492e-03,
       2.9199201696882579e-04, -7.1705872414221615e-04,
       5.1284674356775366e-04 ]
P2: !!opencv-matrix
   rows: 3
   cols: 4
   dt: f
   data: [ 3.58698883e+02, 0., 3.82644318e+02, -6.47856250e+04, 0.,
       3.58698883e+02, 2.31851990e+02, 0., 0., 0., 1., 0. ]
R2: !!opencv-matrix
   rows: 3
   cols: 3
   dt: f
   data: [ 9.99978602e-01, -4.81277984e-03, -4.42439318e-03,
       4.79239877e-03, 9.99977887e-01, -4.60572634e-03, 4.44646180e-03,
       4.58442466e-03, 9.99979615e-01 ]
