%YAML:1.0
---
Q: !!opencv-matrix
   rows: 4
   cols: 4
   dt: f
   data: [ 1., 0., 0., -3.82535187e+02, 0., 1., 0., -2.31851227e+02, 0.,
       0., 0., 3.58740692e+02, 0., 0., 5.54935914e-03, 0. ]
R: !!opencv-matrix
   rows: 3
   cols: 3
   dt: d
   data: [ 9.9991870467004718e-01, 9.7366225105888788e-03,
       -3.1454074298080284e-03, -9.6824897543834644e-03,
       9.9987891295301690e-01, 9.2343323036554719e-03,
       3.2431874963063192e-03, -9.2033543692657538e-03,
       9.9992109765141912e-01 ]
T: !!opencv-matrix
   rows: 3
   cols: 1
   dt: d
   data: [ -1.8020882618905853e+02, 8.4186895498178338e-01,
       7.7243751550469419e-01 ]
E: !!opencv-matrix
   rows: 0
   cols: 0
   dt: u
   data: []
F: !!opencv-matrix
   rows: 0
   cols: 0
   dt: u
   data: []
K1: !!opencv-matrix
   rows: 3
   cols: 3
   dt: d
   data: [ 3.6627756984521932e+02, 0., 3.8060969928433269e+02, 0.,
       3.6653175179255015e+02, 2.3878059668569790e+02, 0., 0., 1. ]
D1: !!opencv-matrix
   rows: 5
   cols: 1
   dt: d
   data: [ -2.1859934914563901e-02, -9.9468572971318997e-04,
       1.6448003429794193e-03, -3.1164985765511365e-04,
       3.5195408316194161e-04 ]
P1: !!opencv-matrix
   rows: 3
   cols: 4
   dt: f
   data: [ 3.58740692e+02, 0., 3.82535187e+02, 0., 0., 3.58740692e+02,
       2.31851227e+02, 0., 0., 0., 1., 0. ]
R1: !!opencv-matrix
   rows: 3
   cols: 3
   dt: f
   data: [ 9.99959052e-01, 5.09326998e-03, -7.47908978e-03,
       -5.05884551e-03, 9.99976575e-01, 4.61451430e-03, 7.50241755e-03,
       -4.57648979e-03, 9.99961376e-01 ]
K2: !!opencv-matrix
   rows: 3
   cols: 3
   dt: d
   data: [ 3.6687495098581172e+02, 0., 3.7621769200552956e+02, 0.,
       3.6726361788508825e+02, 2.2399932895774910e+02, 0., 0., 1. ]
D2: !!opencv-matrix
   rows: 5
   cols: 1
   dt: d
   data: [ -2.2201337830972428e-02, -1.1445843221826492e-03,
       2.9199201696882579e-04, -7.1705872414221615e-04,
       5.1284674356775366e-04 ]
P2: !!opencv-matrix
   rows: 3
   cols: 4
   dt: f
   data: [ 3.58740692e+02, 0., 3.82535187e+02, -6.46454258e+04, 0.,
       3.58740692e+02, 2.31851227e+02, 0., 0., 0., 1., 0. ]
R2: !!opencv-matrix
   rows: 3
   cols: 3
   dt: f
   data: [ 9.99979913e-01, -4.67153592e-03, -4.28626081e-03,
       4.65178862e-03, 9.99978602e-01, -4.60554147e-03, 4.30768402e-03,
       4.58551012e-03, 9.99980211e-01 ]
