%YAML:1.0
---
Q: !!opencv-matrix
   rows: 4
   cols: 4
   dt: f
   data: [ 1., 0., 0., -3.82535004e+02, 0., 1., 0., -2.31851227e+02, 0.,
       0., 0., 3.58740906e+02, 0., 0., 5.54859545e-03, 0. ]
R: !!opencv-matrix
   rows: 3
   cols: 3
   dt: d
   data: [ 9.9993021089938827e-01, 9.7343871887998912e-03,
       -3.1446913253317240e-03, -9.6825066246259035e-03,
       9.9987156704289293e-01, 9.2342611224126847e-03,
       3.2430828820490701e-03, -9.2032772957520836e-03,
       9.9991373836279951e-01 ]
T: !!opencv-matrix
   rows: 3
   cols: 1
   dt: d
   data: [ -1.8023782604261595e+02, 8.4200446796833728e-01,
       7.7256169684228349e-01 ]
E: !!opencv-matrix
   rows: 0
   cols: 0
   dt: u
   data: []
F: !!opencv-matrix
   rows: 0
   cols: 0
   dt: u
   data: []
K1: !!opencv-matrix
   rows: 3
   cols: 3
   dt: d
   data: [ 3.6627756984521932e+02, 0., 3.8060969928433269e+02, 0.,
       3.6653175179255015e+02, 2.3878059668569790e+02, 0., 0., 1. ]
D1: !!opencv-matrix
   rows: 5
   cols: 1
   dt: d
   data: [ -2.1859934914563901e-02, -9.9468572971318997e-04,
       1.6448003429794193e-03, -3.1164985765511365e-04,
       3.5195408316194161e-04 ]
P1: !!opencv-matrix
   rows: 3
   cols: 4
   dt: f
   data: [ 3.58740906e+02, 0., 3.82535004e+02, 0., 0., 3.58740906e+02,
       2.31851227e+02, 0., 0., 0., 1., 0. ]
R1: !!opencv-matrix
   rows: 3
   cols: 3
   dt: f
   data: [ 9.99959052e-01, 5.09217288e-03, -7.47859851e-03,
       -5.05775074e-03, 9.99976575e-01, 4.61450731e-03, 7.50192115e-03,
       -4.57649352e-03, 9.99961376e-01 ]
K2: !!opencv-matrix
   rows: 3
   cols: 3
   dt: d
   data: [ 3.6687495098581172e+02, 0., 3.7621769200552956e+02, 0.,
       3.6726361788508825e+02, 2.2399932895774910e+02, 0., 0., 1. ]
D2: !!opencv-matrix
   rows: 5
   cols: 1
   dt: d
   data: [ -2.2201337830972428e-02, -1.1445843221826492e-03,
       2.9199201696882579e-04, -7.1705872414221615e-04,
       5.1284674356775366e-04 ]
P2: !!opencv-matrix
   rows: 3
   cols: 4
   dt: f
   data: [ 3.58740906e+02, 0., 3.82535004e+02, -6.46543594e+04, 0.,
       3.58740906e+02, 2.31851227e+02, 0., 0., 0., 1., 0. ]
R2: !!opencv-matrix
   rows: 3
   cols: 3
   dt: f
   data: [ 9.99979913e-01, -4.67153639e-03, -4.28626034e-03,
       4.65178909e-03, 9.99978602e-01, -4.60554007e-03, 4.30768356e-03,
       4.58550872e-03, 9.99980211e-01 ]
