%YAML:1.0
---
Q: !!opencv-matrix
   rows: 4
   cols: 4
   dt: f
   data: [ 1., 0., 0., -3.82441742e+02, 0., 1., 0., -2.31850540e+02, 0.,
       0., 0., 3.58667633e+02, 0., 0., 5.55341598e-03, 0. ]
R: !!opencv-matrix
   rows: 3
   cols: 3
   dt: d
   data: [ 9.9996335138612413e-01, 9.7335100778412169e-03,
       -3.1444144034693750e-03, -9.6827407401251439e-03,
       9.9989201048781950e-01, 9.2344679333312141e-03,
       3.2431611159789557e-03, -9.2032868588097089e-03,
       9.9993389806680633e-01 ]
T: !!opencv-matrix
   rows: 3
   cols: 1
   dt: d
   data: [ -1.8006593412879619e+02, 8.1709638935752238e-01,
       7.5071179135862964e-01 ]
E: !!opencv-matrix
   rows: 0
   cols: 0
   dt: u
   data: []
F: !!opencv-matrix
   rows: 0
   cols: 0
   dt: u
   data: []
K1: !!opencv-matrix
   rows: 3
   cols: 3
   dt: d
   data: [ 3.6627756984521932e+02, 0., 3.8060969928433269e+02, 0.,
       3.6653175179255015e+02, 2.3878059668569790e+02, 0., 0., 1. ]
D1: !!opencv-matrix
   rows: 5
   cols: 1
   dt: d
   data: [ -2.1859934914563901e-02, -9.9468572971318997e-04,
       1.6448003429794193e-03, -3.1164985765511365e-04,
       3.5195408316194161e-04 ]
P1: !!opencv-matrix
   rows: 3
   cols: 4
   dt: f
   data: [ 3.58667633e+02, 0., 3.82441742e+02, 0., 0., 3.58667633e+02,
       2.31850540e+02, 0., 0., 0., 1., 0. ]
R1: !!opencv-matrix
   rows: 3
   cols: 3
   dt: f
   data: [ 9.99959290e-01, 5.22379903e-03, -7.35974964e-03,
       -5.18991891e-03, 9.99975860e-01, 4.61504655e-03, 7.38368044e-03,
       -4.57666209e-03, 9.99962270e-01 ]
K2: !!opencv-matrix
   rows: 3
   cols: 3
   dt: d
   data: [ 3.6687495098581172e+02, 0., 3.7621769200552956e+02, 0.,
       3.6726361788508825e+02, 2.2399932895774910e+02, 0., 0., 1. ]
D2: !!opencv-matrix
   rows: 5
   cols: 1
   dt: d
   data: [ -2.2201337830972428e-02, -1.1445843221826492e-03,
       2.9199201696882579e-04, -7.1705872414221615e-04,
       5.1284674356775366e-04 ]
P2: !!opencv-matrix
   rows: 3
   cols: 4
   dt: f
   data: [ 3.58667633e+02, 0., 3.82441742e+02, -6.45850469e+04, 0.,
       3.58667633e+02, 2.31850540e+02, 0., 0., 0., 1., 0. ]
R2: !!opencv-matrix
   rows: 3
   cols: 3
   dt: f
   data: [ 9.99980986e-01, -4.53767600e-03, -4.16901475e-03,
       4.51846747e-03, 9.99979198e-01, -4.60534217e-03, 4.18982562e-03,
       4.58641676e-03, 9.99980688e-01 ]
