%YAML:1.0
---
Q: !!opencv-matrix
   rows: 4
   cols: 4
   dt: f
   data: [ 1., 0., 0., -3.82442108e+02, 0., 1., 0., -2.31850525e+02, 0.,
       0., 0., 3.58667328e+02, 0., 0., 5.55492798e-03, 0. ]
R: !!opencv-matrix
   rows: 3
   cols: 3
   dt: d
   data: [ 9.9995262810366714e-01, 9.7357973565785506e-03,
       -3.1452859506124991e-03, -9.6827352431855043e-03,
       9.9990038601919684e-01, 9.2345492198272414e-03,
       3.2432678995077692e-03, -9.2033733169020818e-03,
       9.9994228747170355e-01 ]
T: !!opencv-matrix
   rows: 3
   cols: 1
   dt: d
   data: [ -1.8003128973745982e+02, 8.1693915010387597e-01,
       7.5056746392692819e-01 ]
E: !!opencv-matrix
   rows: 0
   cols: 0
   dt: u
   data: []
F: !!opencv-matrix
   rows: 0
   cols: 0
   dt: u
   data: []
K1: !!opencv-matrix
   rows: 3
   cols: 3
   dt: d
   data: [ 3.6627756984521932e+02, 0., 3.8060969928433269e+02, 0.,
       3.6653175179255015e+02, 2.3878059668569790e+02, 0., 0., 1. ]
D1: !!opencv-matrix
   rows: 5
   cols: 1
   dt: d
   data: [ -2.1859934914563901e-02, -9.9468572971318997e-04,
       1.6448003429794193e-03, -3.1164985765511365e-04,
       3.5195408316194161e-04 ]
P1: !!opencv-matrix
   rows: 3
   cols: 4
   dt: f
   data: [ 3.58667328e+02, 0., 3.82442108e+02, 0., 0., 3.58667328e+02,
       2.31850525e+02, 0., 0., 0., 1., 0. ]
R1: !!opencv-matrix
   rows: 3
   cols: 3
   dt: f
   data: [ 9.99959230e-01, 5.22546517e-03, -7.36065954e-03,
       -5.19158086e-03, 9.99975860e-01, 4.61505726e-03, 7.38459779e-03,
       -4.57665557e-03, 9.99962270e-01 ]
K2: !!opencv-matrix
   rows: 3
   cols: 3
   dt: d
   data: [ 3.6687495098581172e+02, 0., 3.7621769200552956e+02, 0.,
       3.6726361788508825e+02, 2.2399932895774910e+02, 0., 0., 1. ]
D2: !!opencv-matrix
   rows: 5
   cols: 1
   dt: d
   data: [ -2.2201337830972428e-02, -1.1445843221826492e-03,
       2.9199201696882579e-04, -7.1705872414221615e-04,
       5.1284674356775366e-04 ]
P2: !!opencv-matrix
   rows: 3
   cols: 4
   dt: f
   data: [ 3.58667328e+02, 0., 3.82442108e+02, -6.45674141e+04, 0.,
       3.58667328e+02, 2.31850525e+02, 0., 0., 0., 1., 0. ]
R2: !!opencv-matrix
   rows: 3
   cols: 3
   dt: f
   data: [ 9.99980986e-01, -4.53767600e-03, -4.16901568e-03,
       4.51846747e-03, 9.99979198e-01, -4.60534403e-03, 4.18982655e-03,
       4.58641909e-03, 9.99980688e-01 ]
