%YAML:1.0
---
Q: !!opencv-matrix
   rows: 4
   cols: 4
   dt: f
   data: [ 1., 0., 0., -3.82645142e+02, 0., 1., 0., -2.31851974e+02, 0.,
       0., 0., 3.58699310e+02, 0., 0., 5.54336701e-03, 0. ]
R: !!opencv-matrix
   rows: 3
   cols: 3
   dt: d
   data: [ 9.9988478737665965e-01, 9.7376335827369254e-03,
       -3.1466405238928436e-03, -9.6821979652522341e-03,
       9.9985672372353207e-01, 9.2341481795224622e-03,
       3.2430125514376789e-03, -9.2031582837498287e-03,
       9.9989856935255328e-01 ]
T: !!opencv-matrix
   rows: 3
   cols: 1
   dt: d
   data: [ -1.8040413706612046e+02, 8.6826388648259689e-01,
       7.9819616217514133e-01 ]
E: !!opencv-matrix
   rows: 0
   cols: 0
   dt: u
   data: []
F: !!opencv-matrix
   rows: 0
   cols: 0
   dt: u
   data: []
K1: !!opencv-matrix
   rows: 3
   cols: 3
   dt: d
   data: [ 3.6627756984521932e+02, 0., 3.8060969928433269e+02, 0.,
       3.6653175179255015e+02, 2.3878059668569790e+02, 0., 0., 1. ]
D1: !!opencv-matrix
   rows: 5
   cols: 1
   dt: d
   data: [ -2.1859934914563901e-02, -9.9468572971318997e-04,
       1.6448003429794193e-03, -3.1164985765511365e-04,
       3.5195408316194161e-04 ]
P1: !!opencv-matrix
   rows: 3
   cols: 4
   dt: f
   data: [ 3.58699310e+02, 0., 3.82645142e+02, 0., 0., 3.58699310e+02,
       2.31851974e+02, 0., 0., 0., 1., 0. ]
R1: !!opencv-matrix
   rows: 3
   cols: 3
   dt: f
   data: [ 9.99958694e-01, 4.95368056e-03, -7.61960307e-03,
       -4.91861487e-03, 9.99977231e-01, 4.61388985e-03, 7.64228543e-03,
       -4.57622157e-03, 9.99960303e-01 ]
K2: !!opencv-matrix
   rows: 3
   cols: 3
   dt: d
   data: [ 3.6687495098581172e+02, 0., 3.7621769200552956e+02, 0.,
       3.6726361788508825e+02, 2.2399932895774910e+02, 0., 0., 1. ]
D2: !!opencv-matrix
   rows: 5
   cols: 1
   dt: d
   data: [ -2.2201337830972428e-02, -1.1445843221826492e-03,
       2.9199201696882579e-04, -7.1705872414221615e-04,
       5.1284674356775366e-04 ]
P2: !!opencv-matrix
   rows: 3
   cols: 4
   dt: f
   data: [ 3.58699310e+02, 0., 3.82645142e+02, -6.47078359e+04, 0.,
       3.58699310e+02, 2.31851974e+02, 0., 0., 0., 1., 0. ]
R2: !!opencv-matrix
   rows: 3
   cols: 3
   dt: f
   data: [ 9.99978602e-01, -4.81277937e-03, -4.42439504e-03,
       4.79239784e-03, 9.99977887e-01, -4.60572960e-03, 4.44646366e-03,
       4.58442746e-03, 9.99979615e-01 ]
