%YAML:1.0
---
Q: !!opencv-matrix
   rows: 4
   cols: 4
   dt: f
   data: [ 1., 0., 0., -3.90945129e+02, 0., 1., 0., -2.41425949e+02, 0.,
       0., 0., 3.54008911e+02, 0., 0., 6.32509915e-03, 0. ]
R: !!opencv-matrix
   rows: 3
   cols: 3
   dt: d
   data: [ 9.9955012926505749e-01, 2.8902917301421695e-03,
       2.5327371219597376e-03, -3.4380160858047109e-03,
       1.0012748058174634e+00, 3.4167162550957104e-03,
       -3.5686994899037602e-03, -3.3144024149927001e-03,
       1.0002635625908023e+00 ]
T: !!opencv-matrix
   rows: 3
   cols: 1
   dt: d
   data: [ -1.5900909224830795e+02, -3.7580463910774000e+00,
       8.9763249594331629e-01 ]
E: !!opencv-matrix
   rows: 0
   cols: 0
   dt: u
   data: []
F: !!opencv-matrix
   rows: 0
   cols: 0
   dt: u
   data: []
K1: !!opencv-matrix
   rows: 3
   cols: 3
   dt: d
   data: [ 3.6701875180413612e+02, 0., 3.9037664016115195e+02, 0.,
       3.6716204186372624e+02, 2.4338910080475119e+02, 0., 0., 1. ]
D1: !!opencv-matrix
   rows: 5
   cols: 1
   dt: d
   data: [ -2.4607421185303142e-02, 6.4808671343714744e-04,
       1.1083256569659741e-03, -3.8146776821432244e-05,
       4.7547507517400993e-05 ]
P1: !!opencv-matrix
   rows: 3
   cols: 4
   dt: f
   data: [ 3.54008911e+02, 0., 3.90945129e+02, 0., 0., 3.54008911e+02,
       2.41425949e+02, 0., 0., 0., 1., 0. ]
R1: !!opencv-matrix
   rows: 3
   cols: 3
   dt: f
   data: [ 9.99530137e-01, 3.03800981e-02, 4.07175533e-03,
       -3.03867459e-02, 9.99536991e-01, 1.58071646e-03, -4.02184762e-03,
       -1.70370110e-03, 9.99990463e-01 ]
K2: !!opencv-matrix
   rows: 3
   cols: 3
   dt: d
   data: [ 3.6634490901067966e+02, 0., 3.9259549032746332e+02, 0.,
       3.6656633165683280e+02, 2.3935289141635988e+02, 0., 0., 1. ]
D2: !!opencv-matrix
   rows: 5
   cols: 1
   dt: d
   data: [ -2.4382727863946366e-02, 2.3985110129057631e-04,
       -3.0263975945863427e-04, -1.9949004863733616e-04,
       1.3475004328980761e-04 ]
P2: !!opencv-matrix
   rows: 3
   cols: 4
   dt: f
   data: [ 3.54008911e+02, 0., 3.90945129e+02, -5.59689102e+04, 0.,
       3.54008911e+02, 2.41425949e+02, 0., 0., 0., 1., 0. ]
R2: !!opencv-matrix
   rows: 3
   cols: 3
   dt: f
   data: [ 9.99627173e-01, 2.72849891e-02, 1.04152225e-03,
       -2.72832420e-02, 9.99626398e-01, -1.65676547e-03, -1.08633796e-03,
       1.62773172e-03, 9.99998093e-01 ]
