%YAML:1.0
---
Q: !!opencv-matrix
   rows: 4
   cols: 4
   dt: f
   data: [ 1., 0., 0., -4.08307220e+02, 0., 1., 0., -2.40175140e+02, 0.,
       0., 0., 3.59083008e+02, 0., 0., 1.33186225e-02, 0. ]
R: !!opencv-matrix
   rows: 3
   cols: 3
   dt: d
   data: [ 1.0017380788361183e+00, 1.5045090036312819e-03,
       2.3605685880601405e-03, -3.4866842683201910e-03,
       1.0034019708849038e+00, 4.1024359616964861e-03,
       -3.4248672516855321e-03, -5.2609385829483586e-03,
       1.0005591777892195e+00 ]
T: !!opencv-matrix
   rows: 3
   cols: 1
   dt: d
   data: [ -7.7053983996624993e+01, -4.0287964905385856e+00,
       3.2441064552155727e+00 ]
E: !!opencv-matrix
   rows: 0
   cols: 0
   dt: u
   data: []
F: !!opencv-matrix
   rows: 0
   cols: 0
   dt: u
   data: []
K1: !!opencv-matrix
   rows: 3
   cols: 3
   dt: d
   data: [ 3.6701875180413612e+02, 0., 3.9037664016115195e+02, 0.,
       3.6716204186372624e+02, 2.4338910080475119e+02, 0., 0., 1. ]
D1: !!opencv-matrix
   rows: 5
   cols: 1
   dt: d
   data: [ -2.4607421185303142e-02, 6.4808671343714744e-04,
       1.1083256569659741e-03, -3.8146776821432244e-05,
       4.7547507517400993e-05 ]
P1: !!opencv-matrix
   rows: 3
   cols: 4
   dt: f
   data: [ 3.59083008e+02, 0., 4.08307220e+02, 0., 0., 3.59083008e+02,
       2.40175140e+02, 0., 0., 0., 1., 0. ]
R1: !!opencv-matrix
   rows: 3
   cols: 3
   dt: f
   data: [ 9.97820556e-01, 6.34399131e-02, -1.81510635e-02,
       -6.33994192e-02, 9.97984290e-01, 2.79842783e-03, 1.82920080e-02,
       -1.64156209e-03, 9.99831319e-01 ]
K2: !!opencv-matrix
   rows: 3
   cols: 3
   dt: d
   data: [ 3.6634490901067966e+02, 0., 3.9259549032746332e+02, 0.,
       3.6656633165683280e+02, 2.3935289141635988e+02, 0., 0., 1. ]
D2: !!opencv-matrix
   rows: 5
   cols: 1
   dt: d
   data: [ -2.4382727863946366e-02, 2.3985110129057631e-04,
       -3.0263975945863427e-04, -1.9949004863733616e-04,
       1.3475004328980761e-04 ]
P2: !!opencv-matrix
   rows: 3
   cols: 4
   dt: f
   data: [ 3.59083008e+02, 0., 4.08307220e+02, -2.69609727e+04, 0.,
       3.59083008e+02, 2.40175140e+02, 0., 0., 0., 1., 0. ]
R2: !!opencv-matrix
   rows: 3
   cols: 3
   dt: f
   data: [ 9.97898400e-01, 6.13442138e-02, -2.08714772e-02,
       -6.13904484e-02, 9.98112559e-01, -1.58104498e-03, 2.07350962e-02,
       2.85903155e-03, 9.99780893e-01 ]
