%YAML:1.0
---
Q: !!opencv-matrix
   rows: 4
   cols: 4
   dt: f
   data: [ 1., 0., 0., -5.25243408e+02, 0., 1., 0., -2.44795609e+02, 0.,
       0., 0., 3.54081268e+02, 0., 0., 3.10435034e-02, 0. ]
R: !!opencv-matrix
   rows: 3
   cols: 3
   dt: d
   data: [ 1.0020178398677602e+00, 1.6349583450047398e-03,
       6.3717365287649884e-04, -3.5192194622533971e-03,
       1.0070555995930393e+00, 2.2946504563910817e-03,
       -3.4047211002162891e-03, -7.1414705733159264e-03,
       1.0032805131050286e+00 ]
T: !!opencv-matrix
   rows: 3
   cols: 1
   dt: d
   data: [ -3.1130013520181443e+01, 6.3029024907383013e-01,
       4.4183299225790167e+00 ]
E: !!opencv-matrix
   rows: 0
   cols: 0
   dt: u
   data: []
F: !!opencv-matrix
   rows: 0
   cols: 0
   dt: u
   data: []
K1: !!opencv-matrix
   rows: 3
   cols: 3
   dt: d
   data: [ 3.6701875180413612e+02, 0., 3.9037664016115195e+02, 0.,
       3.6716204186372624e+02, 2.4338910080475119e+02, 0., 0., 1. ]
D1: !!opencv-matrix
   rows: 5
   cols: 1
   dt: d
   data: [ -2.4607421185303142e-02, 6.4808671343714744e-04,
       1.1083256569659741e-03, -3.8146776821432244e-05,
       4.7547507517400993e-05 ]
P1: !!opencv-matrix
   rows: 3
   cols: 4
   dt: f
   data: [ 3.54081268e+02, 0., 5.25243408e+02, 0., 0., 3.54081268e+02,
       2.44795609e+02, 0., 0., 0., 1., 0. ]
R1: !!opencv-matrix
   rows: 3
   cols: 3
   dt: f
   data: [ 9.87069488e-01, -2.46281847e-02, -1.58389747e-01,
       2.50068568e-02, 9.99687195e-01, 3.97899683e-04, 1.58330396e-01,
       -4.35358426e-03, 9.87376571e-01 ]
K2: !!opencv-matrix
   rows: 3
   cols: 3
   dt: d
   data: [ 3.6634490901067966e+02, 0., 3.9259549032746332e+02, 0.,
       3.6656633165683280e+02, 2.3935289141635988e+02, 0., 0., 1. ]
D2: !!opencv-matrix
   rows: 5
   cols: 1
   dt: d
   data: [ -2.4382727863946366e-02, 2.3985110129057631e-04,
       -3.0263975945863427e-04, -1.9949004863733616e-04,
       1.3475004328980761e-04 ]
P2: !!opencv-matrix
   rows: 3
   cols: 4
   dt: f
   data: [ 3.54081268e+02, 0., 5.25243408e+02, -1.14059697e+04, 0.,
       3.54081268e+02, 2.44795609e+02, 0., 0., 0., 1., 0. ]
R2: !!opencv-matrix
   rows: 3
   cols: 3
   dt: f
   data: [ 9.86645639e-01, -2.80469321e-02, -1.60448492e-01,
       2.76631471e-02, 9.99606609e-01, -4.62562963e-03, 1.60515100e-01,
       1.25347316e-04, 9.87033367e-01 ]
