%YAML:1.0
---
Q: !!opencv-matrix
   rows: 4
   cols: 4
   dt: f
   data: [ 1., 0., 0., -3.70861969e+02, 0., 1., 0., -2.41658493e+02, 0.,
       0., 0., 3.63165649e+02, 0., 0., 1.44355055e-02, 0. ]
R: !!opencv-matrix
   rows: 3
   cols: 3
   dt: d
   data: [ 9.9967773996047515e-01, -4.3065201369816043e-03,
       -2.9944789183732968e-03, -4.2239490929415063e-03,
       1.0030881001946543e+00, 4.4728757639604533e-03,
       -4.3437003745771868e-03, -4.0857340027343975e-03,
       1.0022772477500805e+00 ]
T: !!opencv-matrix
   rows: 3
   cols: 1
   dt: d
   data: [ -6.8996899014289312e+01, -5.4380943043045074e+00,
       -2.1054977178799210e+00 ]
E: !!opencv-matrix
   rows: 0
   cols: 0
   dt: u
   data: []
F: !!opencv-matrix
   rows: 0
   cols: 0
   dt: u
   data: []
K1: !!opencv-matrix
   rows: 3
   cols: 3
   dt: d
   data: [ 3.6701875180413612e+02, 0., 3.9037664016115195e+02, 0.,
       3.6716204186372624e+02, 2.4338910080475119e+02, 0., 0., 1. ]
D1: !!opencv-matrix
   rows: 5
   cols: 1
   dt: d
   data: [ -2.4607421185303142e-02, 6.4808671343714744e-04,
       1.1083256569659741e-03, -3.8146776821432244e-05,
       4.7547507517400993e-05 ]
P1: !!opencv-matrix
   rows: 3
   cols: 4
   dt: f
   data: [ 3.63165649e+02, 0., 3.70861969e+02, 0., 0., 3.63165649e+02,
       2.41658493e+02, 0., 0., 0., 1., 0. ]
R1: !!opencv-matrix
   rows: 3
   cols: 3
   dt: f
   data: [ 9.96403039e-01, 7.97638744e-02, 2.86129285e-02,
       -7.98190162e-02, 9.96809065e-01, 7.88405363e-04, -2.84587387e-02,
       -3.06942523e-03, 9.99590278e-01 ]
K2: !!opencv-matrix
   rows: 3
   cols: 3
   dt: d
   data: [ 3.6634490901067966e+02, 0., 3.9259549032746332e+02, 0.,
       3.6656633165683280e+02, 2.3935289141635988e+02, 0., 0., 1. ]
D2: !!opencv-matrix
   rows: 5
   cols: 1
   dt: d
   data: [ -2.4382727863946366e-02, 2.3985110129057631e-04,
       -3.0263975945863427e-04, -1.9949004863733616e-04,
       1.3475004328980761e-04 ]
P2: !!opencv-matrix
   rows: 3
   cols: 4
   dt: f
   data: [ 3.63165649e+02, 0., 3.70861969e+02, -2.51578066e+04, 0.,
       3.63165649e+02, 2.41658493e+02, 0., 0., 0., 1., 0. ]
R2: !!opencv-matrix
   rows: 3
   cols: 3
   dt: f
   data: [ 9.96467233e-01, 7.91413710e-02, 2.81024035e-02,
       -7.90869147e-02, 9.96863067e-01, -3.04559222e-03, -2.82552820e-02,
       8.12300364e-04, 9.99600410e-01 ]
