%YAML:1.0
---
Q: !!opencv-matrix
   rows: 4
   cols: 4
   dt: f
   data: [ 1., 0., 0., -5.09208984e+02, 0., 1., 0., -2.41293045e+02, 0.,
       0., 0., 3.48920258e+02, 0., 0., 2.66276840e-02, 0. ]
R: !!opencv-matrix
   rows: 3
   cols: 3
   dt: d
   data: [ 1.0024956065266020e+00, -9.7505327584927835e-04,
       -1.1636796598892369e-03, -3.6553811773051303e-03,
       1.0064731788859969e+00, 2.8884048658199650e-03,
       -3.5188405136497222e-03, -6.7088130527525377e-03,
       1.0024508024305749e+00 ]
T: !!opencv-matrix
   rows: 3
   cols: 1
   dt: d
   data: [ -3.7019655218967287e+01, -1.9269506842926698e-01,
       5.5154054481596502e+00 ]
E: !!opencv-matrix
   rows: 0
   cols: 0
   dt: u
   data: []
F: !!opencv-matrix
   rows: 0
   cols: 0
   dt: u
   data: []
K1: !!opencv-matrix
   rows: 3
   cols: 3
   dt: d
   data: [ 3.6701875180413612e+02, 0., 3.9037664016115195e+02, 0.,
       3.6716204186372624e+02, 2.4338910080475119e+02, 0., 0., 1. ]
D1: !!opencv-matrix
   rows: 5
   cols: 1
   dt: d
   data: [ -2.4607421185303142e-02, 6.4808671343714744e-04,
       1.1083256569659741e-03, -3.8146776821432244e-05,
       4.7547507517400993e-05 ]
P1: !!opencv-matrix
   rows: 3
   cols: 4
   dt: f
   data: [ 3.48920258e+02, 0., 5.09208984e+02, 0., 0., 3.48920258e+02,
       2.41293045e+02, 0., 0., 0., 1., 0. ]
R1: !!opencv-matrix
   rows: 3
   cols: 3
   dt: f
   data: [ 9.89974678e-01, 8.46048631e-03, -1.40991181e-01,
       -8.13630596e-03, 9.99962747e-01, 2.87560141e-03, 1.41010270e-01,
       -1.69962517e-03, 9.90006685e-01 ]
K2: !!opencv-matrix
   rows: 3
   cols: 3
   dt: d
   data: [ 3.6634490901067966e+02, 0., 3.9259549032746332e+02, 0.,
       3.6656633165683280e+02, 2.3935289141635988e+02, 0., 0., 1. ]
D2: !!opencv-matrix
   rows: 5
   cols: 1
   dt: d
   data: [ -2.4382727863946366e-02, 2.3985110129057631e-04,
       -3.0263975945863427e-04, -1.9949004863733616e-04,
       1.3475004328980761e-04 ]
P2: !!opencv-matrix
   rows: 3
   cols: 4
   dt: f
   data: [ 3.48920258e+02, 0., 5.09208984e+02, -1.31036650e+04, 0.,
       3.48920258e+02, 2.41293045e+02, 0., 0., 0., 1., 0. ]
R2: !!opencv-matrix
   rows: 3
   cols: 3
   dt: f
   data: [ 9.89820659e-01, 6.58624200e-03, -1.42167717e-01,
       -6.91310037e-03, 9.99974489e-01, -1.80530339e-03, 1.42152205e-01,
       2.76974635e-03, 9.89840925e-01 ]
