%YAML:1.0
---
Q: !!opencv-matrix
   rows: 4
   cols: 4
   dt: f
   data: [ 1., 0., 0., -4.35198090e+02, 0., 1., 0., -2.41285782e+02, 0.,
       0., 0., 3.53238831e+02, 0., 0., 6.14870246e-03, 0. ]
R: !!opencv-matrix
   rows: 3
   cols: 3
   dt: d
   data: [ 9.9940803916317322e-01, 1.9966731605451744e-03,
       1.4997616169294555e-03, -3.5480987864906764e-03,
       1.0020370696708025e+00, 3.3598368179523041e-03,
       -3.4151773635839430e-03, -4.0762795222921856e-03,
       1.0001468422121171e+00 ]
T: !!opencv-matrix
   rows: 3
   cols: 1
   dt: d
   data: [ -1.5675961267284336e+02, -3.1871918708256999e+00,
       6.0956024487822615e+00 ]
E: !!opencv-matrix
   rows: 0
   cols: 0
   dt: u
   data: []
F: !!opencv-matrix
   rows: 0
   cols: 0
   dt: u
   data: []
K1: !!opencv-matrix
   rows: 3
   cols: 3
   dt: d
   data: [ 3.6701875180413612e+02, 0., 3.9037664016115195e+02, 0.,
       3.6716204186372624e+02, 2.4338910080475119e+02, 0., 0., 1. ]
D1: !!opencv-matrix
   rows: 5
   cols: 1
   dt: d
   data: [ -2.4607421185303142e-02, 6.4808671343714744e-04,
       1.1083256569659741e-03, -3.8146776821432244e-05,
       4.7547507517400993e-05 ]
P1: !!opencv-matrix
   rows: 3
   cols: 4
   dt: f
   data: [ 3.53238831e+02, 0., 4.35198090e+02, 0., 0., 3.53238831e+02,
       2.41285782e+02, 0., 0., 0., 1., 0. ]
R1: !!opencv-matrix
   rows: 3
   cols: 3
   dt: f
   data: [ 9.98530447e-01, 1.54405991e-02, -5.19471429e-02,
       -1.53402006e-02, 9.99879599e-01, 2.33089179e-03, 5.19768782e-02,
       -1.53058697e-03, 9.98647094e-01 ]
K2: !!opencv-matrix
   rows: 3
   cols: 3
   dt: d
   data: [ 3.6634490901067966e+02, 0., 3.9259549032746332e+02, 0.,
       3.6656633165683280e+02, 2.3935289141635988e+02, 0., 0., 1. ]
D2: !!opencv-matrix
   rows: 5
   cols: 1
   dt: d
   data: [ -2.4382727863946366e-02, 2.3985110129057631e-04,
       -3.0263975945863427e-04, -1.9949004863733616e-04,
       1.3475004328980761e-04 ]
P2: !!opencv-matrix
   rows: 3
   cols: 4
   dt: f
   data: [ 3.53238831e+02, 0., 4.35198090e+02, -5.74493281e+04, 0.,
       3.53238831e+02, 2.41285782e+02, 0., 0., 0., 1., 0. ]
R2: !!opencv-matrix
   rows: 3
   cols: 3
   dt: f
   data: [ 9.98413980e-01, 1.21528618e-02, -5.49710430e-02,
       -1.22590559e-02, 9.99923587e-01, -1.59500143e-03, 5.49474582e-02,
       2.26636487e-03, 9.98486698e-01 ]
