%YAML:1.0
---
Q: !!opencv-matrix
   rows: 4
   cols: 4
   dt: f
   data: [ 1., 0., 0., -5.06142639e+02, 0., 1., 0., -2.42002960e+02, 0.,
       0., 0., 3.47990601e+02, 0., 0., 4.32712585e-02, 0. ]
R: !!opencv-matrix
   rows: 3
   cols: 3
   dt: d
   data: [ 1.0028021625893058e+00, 5.7297350618220905e-04,
       -1.8034489497540725e-03, -3.9228827311639323e-03,
       1.0076203900641798e+00, 2.9268660755914933e-03,
       -3.4274869386220395e-03, -6.4896521254682047e-03,
       1.0033643894305888e+00 ]
T: !!opencv-matrix
   rows: 3
   cols: 1
   dt: d
   data: [ -2.3117388153360523e+01, -1.1213954928712798e-01,
       3.5111368277194823e+00 ]
E: !!opencv-matrix
   rows: 0
   cols: 0
   dt: u
   data: []
F: !!opencv-matrix
   rows: 0
   cols: 0
   dt: u
   data: []
K1: !!opencv-matrix
   rows: 3
   cols: 3
   dt: d
   data: [ 3.6701875180413612e+02, 0., 3.9037664016115195e+02, 0.,
       3.6716204186372624e+02, 2.4338910080475119e+02, 0., 0., 1. ]
D1: !!opencv-matrix
   rows: 5
   cols: 1
   dt: d
   data: [ -2.4607421185303142e-02, 6.4808671343714744e-04,
       1.1083256569659741e-03, -3.8146776821432244e-05,
       4.7547507517400993e-05 ]
P1: !!opencv-matrix
   rows: 3
   cols: 4
   dt: f
   data: [ 3.47990601e+02, 0., 5.06142639e+02, 0., 0., 3.47990601e+02,
       2.42002960e+02, 0., 0., 0., 1., 0. ]
R1: !!opencv-matrix
   rows: 3
   cols: 3
   dt: f
   data: [ 9.90445256e-01, 1.23561476e-03, -1.37900844e-01,
       -9.34187905e-04, 9.99997020e-01, 2.25052377e-03, 1.37903228e-01,
       -2.10019527e-03, 9.90443468e-01 ]
K2: !!opencv-matrix
   rows: 3
   cols: 3
   dt: d
   data: [ 3.6634490901067966e+02, 0., 3.9259549032746332e+02, 0.,
       3.6656633165683280e+02, 2.3935289141635988e+02, 0., 0., 1. ]
D2: !!opencv-matrix
   rows: 5
   cols: 1
   dt: d
   data: [ -2.4382727863946366e-02, 2.3985110129057631e-04,
       -3.0263975945863427e-04, -1.9949004863733616e-04,
       1.3475004328980761e-04 ]
P2: !!opencv-matrix
   rows: 3
   cols: 4
   dt: f
   data: [ 3.47990601e+02, 0., 5.06142639e+02, -8.04207275e+03, 0.,
       3.47990601e+02, 2.42002960e+02, 0., 0., 0., 1., 0. ]
R2: !!opencv-matrix
   rows: 3
   cols: 3
   dt: f
   data: [ 9.90376353e-01, -1.35214487e-03, -1.38393864e-01,
       1.04963488e-03, 9.99996901e-01, -2.25882232e-03, 1.38396487e-01,
       2.09182128e-03, 9.90374684e-01 ]
