%YAML:1.0
---
Q: !!opencv-matrix
   rows: 4
   cols: 4
   dt: f
   data: [ 1., 0., 0., -6.62930298e+02, 0., 1., 0., -2.47507645e+02, 0.,
       0., 0., 3.14495605e+02, 0., 0., 8.77521373e-03, 0. ]
R: !!opencv-matrix
   rows: 3
   cols: 3
   dt: d
   data: [ 1.0043779852989909e+00, -6.3297259853263071e-03,
       -6.6327382295538247e-03, -3.7018156787276628e-03,
       1.0033263537280646e+00, 2.2439841124984273e-03,
       -3.9151459025462279e-03, -8.8133758833569345e-03,
       9.9719900105352399e-01 ]
T: !!opencv-matrix
   rows: 3
   cols: 1
   dt: d
   data: [ -1.0173463127843489e+02, 2.4372149248109407e+00,
       3.1271903153113104e+01 ]
E: !!opencv-matrix
   rows: 0
   cols: 0
   dt: u
   data: []
F: !!opencv-matrix
   rows: 0
   cols: 0
   dt: u
   data: []
K1: !!opencv-matrix
   rows: 3
   cols: 3
   dt: d
   data: [ 3.6701875180413612e+02, 0., 3.9037664016115195e+02, 0.,
       3.6716204186372624e+02, 2.4338910080475119e+02, 0., 0., 1. ]
D1: !!opencv-matrix
   rows: 5
   cols: 1
   dt: d
   data: [ -2.4607421185303142e-02, 6.4808671343714744e-04,
       1.1083256569659741e-03, -3.8146776821432244e-05,
       4.7547507517400993e-05 ]
P1: !!opencv-matrix
   rows: 3
   cols: 4
   dt: f
   data: [ 3.14495605e+02, 0., 6.62930298e+02, 0., 0., 3.14495605e+02,
       2.47507645e+02, 0., 0., 0., 1., 0. ]
R1: !!opencv-matrix
   rows: 3
   cols: 3
   dt: f
   data: [ 9.57382321e-01, -2.57799756e-02, -2.87670851e-01,
       2.66011562e-02, 9.99645591e-01, -1.05454726e-03, 2.87596077e-01,
       -6.64277282e-03, 9.57728744e-01 ]
K2: !!opencv-matrix
   rows: 3
   cols: 3
   dt: d
   data: [ 3.6634490901067966e+02, 0., 3.9259549032746332e+02, 0.,
       3.6656633165683280e+02, 2.3935289141635988e+02, 0., 0., 1. ]
D2: !!opencv-matrix
   rows: 5
   cols: 1
   dt: d
   data: [ -2.4382727863946366e-02, 2.3985110129057631e-04,
       -3.0263975945863427e-04, -1.9949004863733616e-04,
       1.3475004328980761e-04 ]
P2: !!opencv-matrix
   rows: 3
   cols: 4
   dt: f
   data: [ 3.14495605e+02, 0., 6.62930298e+02, -3.58390859e+04, 0.,
       3.14495605e+02, 2.47507645e+02, 0., 0., 0., 1., 0. ]
R2: !!opencv-matrix
   rows: 3
   cols: 3
   dt: f
   data: [ 9.57615495e-01, -2.65959557e-02, -2.86819160e-01,
       2.57770419e-02, 9.99645710e-01, -6.63148984e-03, 2.86893904e-01,
       -1.04293169e-03, 9.57961798e-01 ]
