%YAML:1.0
---
Q: !!opencv-matrix
   rows: 4
   cols: 4
   dt: f
   data: [ 1., 0., 0., -5.33587585e+02, 0., 1., 0., -2.42376831e+02, 0.,
       0., 0., 3.47055054e+02, 0., 0., 4.40939516e-02, 0. ]
R: !!opencv-matrix
   rows: 3
   cols: 3
   dt: d
   data: [ 1.0031089832162363e+00, -1.5697184968262695e-03,
       -3.7838993313207784e-03, -3.7145084072602846e-03,
       1.0068505382272792e+00, 2.7752513745405135e-03,
       -3.4515705044145892e-03, -6.3041656711780147e-03,
       1.0034218716243071e+00 ]
T: !!opencv-matrix
   rows: 3
   cols: 1
   dt: d
   data: [ -2.2042047683678948e+01, 2.8193175767654080e-02,
       3.0870983175178961e+00 ]
E: !!opencv-matrix
   rows: 0
   cols: 0
   dt: u
   data: []
F: !!opencv-matrix
   rows: 0
   cols: 0
   dt: u
   data: []
K1: !!opencv-matrix
   rows: 3
   cols: 3
   dt: d
   data: [ 3.6701875180413612e+02, 0., 3.9037664016115195e+02, 0.,
       3.6716204186372624e+02, 2.4338910080475119e+02, 0., 0., 1. ]
D1: !!opencv-matrix
   rows: 5
   cols: 1
   dt: d
   data: [ -2.4607421185303142e-02, 6.4808671343714744e-04,
       1.1083256569659741e-03, -3.8146776821432244e-05,
       4.7547507517400993e-05 ]
P1: !!opencv-matrix
   rows: 3
   cols: 4
   dt: f
   data: [ 3.47055054e+02, 0., 5.33587585e+02, 0., 0., 3.47055054e+02,
       2.42376831e+02, 0., 0., 0., 1., 0. ]
R1: !!opencv-matrix
   rows: 3
   cols: 3
   dt: f
   data: [ 9.85698402e-01, -2.05758563e-03, -1.68506414e-01,
       2.45008292e-03, 9.99994755e-01, 2.12139077e-03, 1.68501154e-01,
       -2.50390614e-03, 9.85698283e-01 ]
K2: !!opencv-matrix
   rows: 3
   cols: 3
   dt: d
   data: [ 3.6634490901067966e+02, 0., 3.9259549032746332e+02, 0.,
       3.6656633165683280e+02, 2.3935289141635988e+02, 0., 0., 1. ]
D2: !!opencv-matrix
   rows: 5
   cols: 1
   dt: d
   data: [ -2.4382727863946366e-02, 2.3985110129057631e-04,
       -3.0263975945863427e-04, -1.9949004863733616e-04,
       1.3475004328980761e-04 ]
P2: !!opencv-matrix
   rows: 3
   cols: 4
   dt: f
   data: [ 3.47055054e+02, 0., 5.33587585e+02, -7.87080908e+03, 0.,
       3.47055054e+02, 2.42376831e+02, 0., 0., 0., 1., 0. ]
R2: !!opencv-matrix
   rows: 3
   cols: 3
   dt: f
   data: [ 9.85749066e-01, -3.89445759e-03, -1.68177426e-01,
       3.50271561e-03, 9.99990404e-01, -2.62592779e-03, 1.68186039e-01,
       1.99942803e-03, 9.85753238e-01 ]
