%YAML:1.0
---
Q: !!opencv-matrix
   rows: 4
   cols: 4
   dt: f
   data: [ 1., 0., 0., -4.87298431e+02, 0., 1., 0., -2.41031219e+02, 0.,
       0., 0., 3.51272034e+02, 0., 0., 3.04065924e-02, 0. ]
R: !!opencv-matrix
   rows: 3
   cols: 3
   dt: d
   data: [ 1.0024456188200381e+00, 7.0757374924580512e-04,
       -1.3728322036452444e-03, -3.8441284907590333e-03,
       1.0064645973157964e+00, 3.1226923707298035e-03,
       -3.3512751263762930e-03, -6.2154976884200184e-03,
       1.0029552828339150e+00 ]
T: !!opencv-matrix
   rows: 3
   cols: 1
   dt: d
   data: [ -3.2551621679699608e+01, -4.5467678769134412e-01,
       3.8689741778837035e+00 ]
E: !!opencv-matrix
   rows: 0
   cols: 0
   dt: u
   data: []
F: !!opencv-matrix
   rows: 0
   cols: 0
   dt: u
   data: []
K1: !!opencv-matrix
   rows: 3
   cols: 3
   dt: d
   data: [ 3.6701875180413612e+02, 0., 3.9037664016115195e+02, 0.,
       3.6716204186372624e+02, 2.4338910080475119e+02, 0., 0., 1. ]
D1: !!opencv-matrix
   rows: 5
   cols: 1
   dt: d
   data: [ -2.4607421185303142e-02, 6.4808671343714744e-04,
       1.1083256569659741e-03, -3.8146776821432244e-05,
       4.7547507517400993e-05 ]
P1: !!opencv-matrix
   rows: 3
   cols: 4
   dt: f
   data: [ 3.51272034e+02, 0., 4.87298431e+02, 0., 0., 3.51272034e+02,
       2.41031219e+02, 0., 0., 0., 1., 0. ]
R1: !!opencv-matrix
   rows: 3
   cols: 3
   dt: f
   data: [ 9.93160903e-01, 1.30914180e-02, -1.16017170e-01,
       -1.28354272e-02, 9.99913275e-01, 2.95333588e-03, 1.16045773e-01,
       -1.44400774e-03, 9.93242800e-01 ]
K2: !!opencv-matrix
   rows: 3
   cols: 3
   dt: d
   data: [ 3.6634490901067966e+02, 0., 3.9259549032746332e+02, 0.,
       3.6656633165683280e+02, 2.3935289141635988e+02, 0., 0., 1. ]
D2: !!opencv-matrix
   rows: 5
   cols: 1
   dt: d
   data: [ -2.4382727863946366e-02, 2.3985110129057631e-04,
       -3.0263975945863427e-04, -1.9949004863733616e-04,
       1.3475004328980761e-04 ]
P2: !!opencv-matrix
   rows: 3
   cols: 4
   dt: f
   data: [ 3.51272034e+02, 0., 4.87298431e+02, -1.15524961e+04, 0.,
       3.51272034e+02, 2.41031219e+02, 0., 0., 0., 1., 0. ]
R2: !!opencv-matrix
   rows: 3
   cols: 3
   dt: f
   data: [ 9.93083596e-01, 1.04046538e-02, -1.16947576e-01,
       -1.06626451e-02, 9.99941885e-01, -1.58060994e-03, 1.16924338e-01,
       2.81664822e-03, 9.93136823e-01 ]
