%YAML:1.0
---
Q: !!opencv-matrix
   rows: 4
   cols: 4
   dt: f
   data: [ 1., 0., 0., -5.32779358e+02, 0., 1., 0., -2.40955627e+02, 0.,
       0., 0., 3.47988831e+02, 0., 0., 2.38109790e-02, 0. ]
R: !!opencv-matrix
   rows: 3
   cols: 3
   dt: d
   data: [ 1.0022687638163363e+00, 1.6097197826519159e-06,
       -1.6171735168624203e-04, -3.7387304419860207e-03,
       1.0068626461788515e+00, 2.9790969206279394e-03,
       -3.8610101357236947e-03, -6.9042969957788733e-03,
       1.0022306952352333e+00 ]
T: !!opencv-matrix
   rows: 3
   cols: 1
   dt: d
   data: [ -4.0256083273413140e+01, -3.1027681415240360e-01,
       6.5651164997245326e+00 ]
E: !!opencv-matrix
   rows: 0
   cols: 0
   dt: u
   data: []
F: !!opencv-matrix
   rows: 0
   cols: 0
   dt: u
   data: []
K1: !!opencv-matrix
   rows: 3
   cols: 3
   dt: d
   data: [ 3.6701875180413612e+02, 0., 3.9037664016115195e+02, 0.,
       3.6716204186372624e+02, 2.4338910080475119e+02, 0., 0., 1. ]
D1: !!opencv-matrix
   rows: 5
   cols: 1
   dt: d
   data: [ -2.4607421185303142e-02, 6.4808671343714744e-04,
       1.1083256569659741e-03, -3.8146776821432244e-05,
       4.7547507517400993e-05 ]
P1: !!opencv-matrix
   rows: 3
   cols: 4
   dt: f
   data: [ 3.47988831e+02, 0., 5.32779358e+02, 0., 0., 3.47988831e+02,
       2.40955627e+02, 0., 0., 0., 1., 0. ]
R1: !!opencv-matrix
   rows: 3
   cols: 3
   dt: f
   data: [ 9.86000955e-01, 1.14270821e-02, -1.66347682e-01,
       -1.10260071e-02, 9.99933660e-01, 3.33440560e-03, 1.66374758e-01,
       -1.45357626e-03, 9.86061513e-01 ]
K2: !!opencv-matrix
   rows: 3
   cols: 3
   dt: d
   data: [ 3.6634490901067966e+02, 0., 3.9259549032746332e+02, 0.,
       3.6656633165683280e+02, 2.3935289141635988e+02, 0., 0., 1. ]
D2: !!opencv-matrix
   rows: 5
   cols: 1
   dt: d
   data: [ -2.4382727863946366e-02, 2.3985110129057631e-04,
       -3.0263975945863427e-04, -1.9949004863733616e-04,
       1.3475004328980761e-04 ]
P2: !!opencv-matrix
   rows: 3
   cols: 4
   dt: f
   data: [ 3.47988831e+02, 0., 5.32779358e+02, -1.46146377e+04, 0.,
       3.47988831e+02, 2.40955627e+02, 0., 0., 0., 1., 0. ]
R2: !!opencv-matrix
   rows: 3
   cols: 3
   dt: f
   data: [ 9.85662043e-01, 8.43639020e-03, -1.68520346e-01,
       -8.84268060e-03, 9.99959528e-01, -1.66060566e-03, 1.68499514e-01,
       3.12696770e-03, 9.85696793e-01 ]
