%YAML:1.0
---
Q: !!opencv-matrix
   rows: 4
   cols: 4
   dt: f
   data: [ 1., 0., 0., -5.09023590e+02, 0., 1., 0., -2.39819122e+02, 0.,
       0., 0., 3.52600861e+02, 0., 0., 1.24970945e-02, 0. ]
R: !!opencv-matrix
   rows: 3
   cols: 3
   dt: d
   data: [ 1.0021816408851776e+00, 3.7635722434899203e-03,
       3.7903033431707749e-03, -3.7132729118814537e-03,
       1.0056027337145730e+00, 3.3044880138844248e-03,
       -3.1609867977121500e-03, -8.1106503617823355e-03,
       9.9966615695713001e-01 ]
T: !!opencv-matrix
   rows: 3
   cols: 1
   dt: d
   data: [ -8.0227835807514012e+01, -1.2715669715673485e+00,
       1.3547517331023208e+01 ]
E: !!opencv-matrix
   rows: 0
   cols: 0
   dt: u
   data: []
F: !!opencv-matrix
   rows: 0
   cols: 0
   dt: u
   data: []
K1: !!opencv-matrix
   rows: 3
   cols: 3
   dt: d
   data: [ 3.6701875180413612e+02, 0., 3.9037664016115195e+02, 0.,
       3.6716204186372624e+02, 2.4338910080475119e+02, 0., 0., 1. ]
D1: !!opencv-matrix
   rows: 5
   cols: 1
   dt: d
   data: [ -2.4607421185303142e-02, 6.4808671343714744e-04,
       1.1083256569659741e-03, -3.8146776821432244e-05,
       4.7547507517400993e-05 ]
P1: !!opencv-matrix
   rows: 3
   cols: 4
   dt: f
   data: [ 3.52600861e+02, 0., 5.09023590e+02, 0., 0., 3.52600861e+02,
       2.39819122e+02, 0., 0., 0., 1., 0. ]
R1: !!opencv-matrix
   rows: 3
   cols: 3
   dt: f
   data: [ 9.89879072e-01, 2.53513046e-02, -1.39630646e-01,
       -2.49931086e-02, 9.99678314e-01, 4.31848550e-03, 1.39695197e-01,
       -7.84974487e-04, 9.90194261e-01 ]
K2: !!opencv-matrix
   rows: 3
   cols: 3
   dt: d
   data: [ 3.6634490901067966e+02, 0., 3.9259549032746332e+02, 0.,
       3.6656633165683280e+02, 2.3935289141635988e+02, 0., 0., 1. ]
D2: !!opencv-matrix
   rows: 5
   cols: 1
   dt: d
   data: [ -2.4382727863946366e-02, 2.3985110129057631e-04,
       -3.0263975945863427e-04, -1.9949004863733616e-04,
       1.3475004328980761e-04 ]
P2: !!opencv-matrix
   rows: 3
   cols: 4
   dt: f
   data: [ 3.52600861e+02, 0., 5.09023590e+02, -2.82146270e+04, 0.,
       3.52600861e+02, 2.39819122e+02, 0., 0., 0., 1., 0. ]
R2: !!opencv-matrix
   rows: 3
   cols: 3
   dt: f
   data: [ 9.89494443e-01, 2.10710615e-02, -1.43027022e-01,
       -2.14378517e-02, 9.99769688e-01, -1.02376484e-03, 1.42972514e-01,
       4.07920172e-03, 9.89718258e-01 ]
