%YAML:1.0
---
Q: !!opencv-matrix
   rows: 4
   cols: 4
   dt: f
   data: [ 1., 0., 0., -4.80978241e+02, 0., 1., 0., -2.44323944e+02, 0.,
       0., 0., 3.56845398e+02, 0., 0., 5.43441344e-03, 0. ]
R: !!opencv-matrix
   rows: 3
   cols: 3
   dt: d
   data: [ 1.0011618836312279e+00, 2.7328718081952048e-03,
       2.0532702042326476e-03, -3.5935716025872143e-03,
       1.0013116591662157e+00, 1.9957506962488911e-03,
       -3.2788031590015331e-03, -5.4121682415788760e-03,
       9.9890837692258549e-01 ]
T: !!opencv-matrix
   rows: 3
   cols: 1
   dt: d
   data: [ -1.7708498144427767e+02, 5.6232466581227945e+00,
       1.8306479829681436e+01 ]
E: !!opencv-matrix
   rows: 0
   cols: 0
   dt: u
   data: []
F: !!opencv-matrix
   rows: 0
   cols: 0
   dt: u
   data: []
K1: !!opencv-matrix
   rows: 3
   cols: 3
   dt: d
   data: [ 3.6701875180413612e+02, 0., 3.9037664016115195e+02, 0.,
       3.6716204186372624e+02, 2.4338910080475119e+02, 0., 0., 1. ]
D1: !!opencv-matrix
   rows: 5
   cols: 1
   dt: d
   data: [ -2.4607421185303142e-02, 6.4808671343714744e-04,
       1.1083256569659741e-03, -3.8146776821432244e-05,
       4.7547507517400993e-05 ]
P1: !!opencv-matrix
   rows: 3
   cols: 4
   dt: f
   data: [ 3.56845398e+02, 0., 4.80978241e+02, 0., 0., 3.56845398e+02,
       2.44323944e+02, 0., 0., 0., 1., 0. ]
R1: !!opencv-matrix
   rows: 3
   cols: 3
   dt: f
   data: [ 9.93748426e-01, -2.93139182e-02, -1.07725583e-01,
       2.95109171e-02, 9.99564409e-01, 2.34628635e-04, 1.07671782e-01,
       -3.41224251e-03, 9.94180620e-01 ]
K2: !!opencv-matrix
   rows: 3
   cols: 3
   dt: d
   data: [ 3.6634490901067966e+02, 0., 3.9259549032746332e+02, 0.,
       3.6656633165683280e+02, 2.3935289141635988e+02, 0., 0., 1. ]
D2: !!opencv-matrix
   rows: 5
   cols: 1
   dt: d
   data: [ -2.4382727863946366e-02, 2.3985110129057631e-04,
       -3.0263975945863427e-04, -1.9949004863733616e-04,
       1.3475004328980761e-04 ]
P2: !!opencv-matrix
   rows: 3
   cols: 4
   dt: f
   data: [ 3.56845398e+02, 0., 4.80978241e+02, -6.56640156e+04, 0.,
       3.56845398e+02, 2.44323944e+02, 0., 0., 0., 1., 0. ]
R2: !!opencv-matrix
   rows: 3
   cols: 3
   dt: f
   data: [ 9.93297100e-01, -3.32394652e-02, -1.10706992e-01,
       3.30368876e-02, 9.99447405e-01, -3.66421673e-03, 1.10767618e-01,
       -1.77584752e-05, 9.93846357e-01 ]
