%YAML:1.0
---
Q: !!opencv-matrix
   rows: 4
   cols: 4
   dt: f
   data: [ 1., 0., 0., -4.86861511e+02, 0., 1., 0., -2.42239471e+02, 0.,
       0., 0., 3.49328217e+02, 0., 0., 1.43535631e-02, 0. ]
R: !!opencv-matrix
   rows: 3
   cols: 3
   dt: d
   data: [ 9.9908655359821408e-01, -3.0421848697997039e-03,
       -4.5945912413075402e-03, -4.5323412710879642e-03,
       1.0039636636572853e+00, 4.3051605747935727e-03,
       -4.9893465327442077e-03, -3.4475518343603669e-03,
       1.0025151131123970e+00 ]
T: !!opencv-matrix
   rows: 3
   cols: 1
   dt: d
   data: [ -6.9028910826916189e+01, -5.4824106932036578e+00,
       -1.9467558319734470e+00 ]
E: !!opencv-matrix
   rows: 0
   cols: 0
   dt: u
   data: []
F: !!opencv-matrix
   rows: 0
   cols: 0
   dt: u
   data: []
K1: !!opencv-matrix
   rows: 3
   cols: 3
   dt: d
   data: [ 3.6701875180413612e+02, 0., 3.9037664016115195e+02, 0.,
       3.6716204186372624e+02, 2.4338910080475119e+02, 0., 0., 1. ]
D1: !!opencv-matrix
   rows: 5
   cols: 1
   dt: d
   data: [ -2.4607421185303142e-02, 6.4808671343714744e-04,
       1.1083256569659741e-03, -3.8146776821432244e-05,
       4.7547507517400993e-05 ]
P1: !!opencv-matrix
   rows: 3
   cols: 4
   dt: f
   data: [ 3.49328217e+02, 0., 4.86861511e+02, 0., 0., 3.49328217e+02,
       2.42239471e+02, 0., 0., 0., 1., 0. ]
R1: !!opencv-matrix
   rows: 3
   cols: 3
   dt: f
   data: [ 9.93147790e-01, -3.73049779e-03, -1.16805829e-01,
       4.00557555e-03, 9.99989748e-01, 2.12034979e-03, 1.16796717e-01,
       -2.57369527e-03, 9.93152499e-01 ]
K2: !!opencv-matrix
   rows: 3
   cols: 3
   dt: d
   data: [ 3.6634490901067966e+02, 0., 3.9259549032746332e+02, 0.,
       3.6656633165683280e+02, 2.3935289141635988e+02, 0., 0., 1. ]
D2: !!opencv-matrix
   rows: 5
   cols: 1
   dt: d
   data: [ -2.4382727863946366e-02, 2.3985110129057631e-04,
       -3.0263975945863427e-04, -1.9949004863733616e-04,
       1.3475004328980761e-04 ]
P2: !!opencv-matrix
   rows: 3
   cols: 4
   dt: f
   data: [ 3.49328217e+02, 0., 4.86861511e+02, -2.43373867e+04, 0.,
       3.49328217e+02, 2.42239471e+02, 0., 0., 0., 1., 0. ]
R2: !!opencv-matrix
   rows: 3
   cols: 3
   dt: f
   data: [ 9.93332267e-01, -3.14552640e-03, -1.15243547e-01,
       2.87412107e-03, 9.99992669e-01, -2.52114818e-03, 1.15250640e-01,
       2.17311410e-03, 9.93334055e-01 ]
