%YAML:1.0
---
Q: !!opencv-matrix
   rows: 4
   cols: 4
   dt: f
   data: [ 1., 0., 0., -5.07322906e+02, 0., 1., 0., -2.43715652e+02, 0.,
       0., 0., 3.52836670e+02, 0., 0., 3.17982025e-02, 0. ]
R: !!opencv-matrix
   rows: 3
   cols: 3
   dt: d
   data: [ 1.0020178398677602e+00, 1.6349583450047398e-03,
       6.3717365287649884e-04, -3.5192194622533971e-03,
       1.0070555995930393e+00, 2.2946504563910817e-03,
       -3.4047211002162891e-03, -7.1414705733159264e-03,
       1.0032805131050286e+00 ]
T: !!opencv-matrix
   rows: 3
   cols: 1
   dt: d
   data: [ -3.1130013520181443e+01, 6.3029024907383013e-01,
       4.4183299225790167e+00 ]
E: !!opencv-matrix
   rows: 0
   cols: 0
   dt: u
   data: []
F: !!opencv-matrix
   rows: 0
   cols: 0
   dt: u
   data: []
K1: !!opencv-matrix
   rows: 3
   cols: 3
   dt: d
   data: [ 3.6701875180413612e+02, 0., 3.9037664016115195e+02, 0.,
       3.6716204186372624e+02, 2.4338910080475119e+02, 0., 0., 1. ]
D1: !!opencv-matrix
   rows: 5
   cols: 1
   dt: d
   data: [ -2.4607421185303142e-02, 6.4808671343714744e-04,
       1.1083256569659741e-03, -3.8146776821432244e-05,
       4.7547507517400993e-05 ]
P1: !!opencv-matrix
   rows: 3
   cols: 4
   dt: f
   data: [ 3.52836670e+02, 0., 5.07322906e+02, 0., 0., 3.52836670e+02,
       2.43715652e+02, 0., 0., 0., 1., 0. ]
R1: !!opencv-matrix
   rows: 3
   cols: 3
   dt: f
   data: [ 9.90207791e-01, -1.68481562e-02, -1.38580739e-01,
       1.71621107e-02, 9.99852121e-01, 1.07080210e-03, 1.38542220e-01,
       -3.43865482e-03, 9.90350544e-01 ]
K2: !!opencv-matrix
   rows: 3
   cols: 3
   dt: d
   data: [ 3.6634490901067966e+02, 0., 3.9259549032746332e+02, 0.,
       3.6656633165683280e+02, 2.3935289141635988e+02, 0., 0., 1. ]
D2: !!opencv-matrix
   rows: 5
   cols: 1
   dt: d
   data: [ -2.4382727863946366e-02, 2.3985110129057631e-04,
       -3.0263975945863427e-04, -1.9949004863733616e-04,
       1.3475004328980761e-04 ]
P2: !!opencv-matrix
   rows: 3
   cols: 4
   dt: f
   data: [ 3.52836670e+02, 0., 5.07322906e+02, -1.10961191e+04, 0.,
       3.52836670e+02, 2.43715652e+02, 0., 0., 0., 1., 0. ]
R2: !!opencv-matrix
   rows: 3
   cols: 3
   dt: f
   data: [ 9.89878535e-01, -2.00420972e-02, -1.40494958e-01,
       1.97236836e-02, 9.99798775e-01, -3.65859619e-03, 1.40540004e-01,
       8.50487675e-04, 9.90074635e-01 ]
