%YAML:1.0
---
Q: !!opencv-matrix
   rows: 4
   cols: 4
   dt: f
   data: [ 1., 0., 0., -5.53616089e+02, 0., 1., 0., -2.44512497e+02, 0.,
       0., 0., 3.50792633e+02, 0., 0., 2.92321537e-02, 0. ]
R: !!opencv-matrix
   rows: 3
   cols: 3
   dt: d
   data: [ 1.0032619851130202e+00, 2.5266403931153260e-03,
       1.9337652606106867e-03, -3.4817690627173240e-03,
       1.0072700514173687e+00, 2.1659104559416166e-03,
       -2.9724426497727825e-03, -8.7084872114902307e-03,
       1.0021280611614176e+00 ]
T: !!opencv-matrix
   rows: 3
   cols: 1
   dt: d
   data: [ -3.3574324294962345e+01, 7.3722144886885421e-01,
       6.5169402943991326e+00 ]
E: !!opencv-matrix
   rows: 0
   cols: 0
   dt: u
   data: []
F: !!opencv-matrix
   rows: 0
   cols: 0
   dt: u
   data: []
K1: !!opencv-matrix
   rows: 3
   cols: 3
   dt: d
   data: [ 3.6701875180413612e+02, 0., 3.9037664016115195e+02, 0.,
       3.6716204186372624e+02, 2.4338910080475119e+02, 0., 0., 1. ]
D1: !!opencv-matrix
   rows: 5
   cols: 1
   dt: d
   data: [ -2.4607421185303142e-02, 6.4808671343714744e-04,
       1.1083256569659741e-03, -3.8146776821432244e-05,
       4.7547507517400993e-05 ]
P1: !!opencv-matrix
   rows: 3
   cols: 4
   dt: f
   data: [ 3.50792633e+02, 0., 5.53616089e+02, 0., 0., 3.50792633e+02,
       2.44512497e+02, 0., 0., 0., 1., 0. ]
R1: !!opencv-matrix
   rows: 3
   cols: 3
   dt: f
   data: [ 9.81972754e-01, -1.75895561e-02, -1.88202307e-01,
       1.80740803e-02, 9.99836266e-01, 8.58527259e-04, 1.88156396e-01,
       -4.24463395e-03, 9.82129931e-01 ]
K2: !!opencv-matrix
   rows: 3
   cols: 3
   dt: d
   data: [ 3.6634490901067966e+02, 0., 3.9259549032746332e+02, 0.,
       3.6656633165683280e+02, 2.3935289141635988e+02, 0., 0., 1. ]
D2: !!opencv-matrix
   rows: 5
   cols: 1
   dt: d
   data: [ -2.4382727863946366e-02, 2.3985110129057631e-04,
       -3.0263975945863427e-04, -1.9949004863733616e-04,
       1.3475004328980761e-04 ]
P2: !!opencv-matrix
   rows: 3
   cols: 4
   dt: f
   data: [ 3.50792633e+02, 0., 5.53616089e+02, -1.20002324e+04, 0.,
       3.50792633e+02, 2.44512497e+02, 0., 0., 0., 1., 0. ]
R2: !!opencv-matrix
   rows: 3
   cols: 3
   dt: f
   data: [ 9.81449783e-01, -2.15505715e-02, -1.90504193e-01,
       2.10599266e-02, 9.99767661e-01, -4.59991070e-03, 1.90559059e-01,
       5.02577110e-04, 9.81675625e-01 ]
