%YAML:1.0
---
Q: !!opencv-matrix
   rows: 4
   cols: 4
   dt: f
   data: [ 1., 0., 0., -3.68861420e+02, 0., 1., 0., -2.41764542e+02, 0.,
       0., 0., 3.63327606e+02, 0., 0., 1.44419158e-02, 0. ]
R: !!opencv-matrix
   rows: 3
   cols: 3
   dt: d
   data: [ 9.9989557565545506e-01, -3.9475029324122519e-03,
       -2.0151305886419906e-03, -4.0409950390434329e-03,
       1.0028865347575275e+00, 4.4901090565369253e-03,
       -4.1146324387828000e-03, -3.8623370460756454e-03,
       1.0021597520344732e+00 ]
T: !!opencv-matrix
   rows: 3
   cols: 1
   dt: d
   data: [ -6.9922017141130880e+01, -5.3614336350216680e+00,
       -2.3240031958615464e+00 ]
E: !!opencv-matrix
   rows: 0
   cols: 0
   dt: u
   data: []
F: !!opencv-matrix
   rows: 0
   cols: 0
   dt: u
   data: []
K1: !!opencv-matrix
   rows: 3
   cols: 3
   dt: d
   data: [ 3.6701875180413612e+02, 0., 3.9037664016115195e+02, 0.,
       3.6716204186372624e+02, 2.4338910080475119e+02, 0., 0., 1. ]
D1: !!opencv-matrix
   rows: 5
   cols: 1
   dt: d
   data: [ -2.4607421185303142e-02, 6.4808671343714744e-04,
       1.1083256569659741e-03, -3.8146776821432244e-05,
       4.7547507517400993e-05 ]
P1: !!opencv-matrix
   rows: 3
   cols: 4
   dt: f
   data: [ 3.63327606e+02, 0., 3.68861420e+02, 0., 0., 3.63327606e+02,
       2.41764542e+02, 0., 0., 0., 1., 0. ]
R1: !!opencv-matrix
   rows: 3
   cols: 3
   dt: f
   data: [ 9.96430159e-01, 7.83555731e-02, 3.14229541e-02,
       -7.84220397e-02, 9.96919870e-01, 8.86559777e-04, -3.12566981e-02,
       -3.34764691e-03, 9.99505758e-01 ]
K2: !!opencv-matrix
   rows: 3
   cols: 3
   dt: d
   data: [ 3.6634490901067966e+02, 0., 3.9259549032746332e+02, 0.,
       3.6656633165683280e+02, 2.3935289141635988e+02, 0., 0., 1. ]
D2: !!opencv-matrix
   rows: 5
   cols: 1
   dt: d
   data: [ -2.4382727863946366e-02, 2.3985110129057631e-04,
       -3.0263975945863427e-04, -1.9949004863733616e-04,
       1.3475004328980761e-04 ]
P2: !!opencv-matrix
   rows: 3
   cols: 4
   dt: f
   data: [ 3.63327606e+02, 0., 3.68861420e+02, -2.51578535e+04, 0.,
       3.63327606e+02, 2.41764542e+02, 0., 0., 0., 1., 0. ]
R2: !!opencv-matrix
   rows: 3
   cols: 3
   dt: f
   data: [ 9.96447384e-01, 7.85364956e-02, 3.04074213e-02,
       -7.84718320e-02, 9.96910810e-01, -3.31606576e-03, -3.05739176e-02,
       9.18159145e-04, 9.99532104e-01 ]
