%YAML:1.0
---
Q: !!opencv-matrix
   rows: 4
   cols: 4
   dt: f
   data: [ 1., 0., 0., -5.32514221e+02, 0., 1., 0., -2.40430237e+02, 0.,
       0., 0., 3.49229889e+02, 0., 0., 2.34925393e-02, 0. ]
R: !!opencv-matrix
   rows: 3
   cols: 3
   dt: d
   data: [ 1.0022343460729426e+00, 5.1289255845489825e-04,
       3.6488830654190650e-04, -3.8753172457033302e-03,
       1.0070710706327448e+00, 3.0082709424274429e-03,
       -3.9383344209992892e-03, -7.0715270214776003e-03,
       1.0021164142107162e+00 ]
T: !!opencv-matrix
   rows: 3
   cols: 1
   dt: d
   data: [ -4.1395276728360422e+01, -3.5430673900994347e-01,
       7.0774218626007768e+00 ]
E: !!opencv-matrix
   rows: 0
   cols: 0
   dt: u
   data: []
F: !!opencv-matrix
   rows: 0
   cols: 0
   dt: u
   data: []
K1: !!opencv-matrix
   rows: 3
   cols: 3
   dt: d
   data: [ 3.6701875180413612e+02, 0., 3.9037664016115195e+02, 0.,
       3.6716204186372624e+02, 2.4338910080475119e+02, 0., 0., 1. ]
D1: !!opencv-matrix
   rows: 5
   cols: 1
   dt: d
   data: [ -2.4607421185303142e-02, 6.4808671343714744e-04,
       1.1083256569659741e-03, -3.8146776821432244e-05,
       4.7547507517400993e-05 ]
P1: !!opencv-matrix
   rows: 3
   cols: 4
   dt: f
   data: [ 3.49229889e+02, 0., 5.32514221e+02, 0., 0., 3.49229889e+02,
       2.40430237e+02, 0., 0., 0., 1., 0. ]
R1: !!opencv-matrix
   rows: 3
   cols: 3
   dt: f
   data: [ 9.85991418e-01, 1.63478814e-02, -1.65993035e-01,
       -1.59358010e-02, 9.99865770e-01, 3.81415756e-03, 1.66033104e-01,
       -1.11549476e-03, 9.86119568e-01 ]
K2: !!opencv-matrix
   rows: 3
   cols: 3
   dt: d
   data: [ 3.6634490901067966e+02, 0., 3.9259549032746332e+02, 0.,
       3.6656633165683280e+02, 2.3935289141635988e+02, 0., 0., 1. ]
D2: !!opencv-matrix
   rows: 5
   cols: 1
   dt: d
   data: [ -2.4382727863946366e-02, 2.3985110129057631e-04,
       -3.0263975945863427e-04, -1.9949004863733616e-04,
       1.3475004328980761e-04 ]
P2: !!opencv-matrix
   rows: 3
   cols: 4
   dt: f
   data: [ 3.49229889e+02, 0., 5.32514221e+02, -1.48655654e+04, 0.,
       3.49229889e+02, 2.40430237e+02, 0., 0., 0., 1., 0. ]
R2: !!opencv-matrix
   rows: 3
   cols: 3
   dt: f
   data: [ 9.85651076e-01, 1.31220212e-02, -1.68284819e-01,
       -1.35397352e-02, 9.99907434e-01, -1.33492646e-03, 1.68251723e-01,
       3.59430350e-03, 9.85737503e-01 ]
