%YAML:1.0
---
Q: !!opencv-matrix
   rows: 4
   cols: 4
   dt: f
   data: [ 1., 0., 0., -3.92482910e+02, 0., 1., 0., -2.41367676e+02, 0.,
       0., 0., 3.54570038e+02, 0., 0., 6.40908908e-03, 0. ]
R: !!opencv-matrix
   rows: 3
   cols: 3
   dt: d
   data: [ 9.9938249488054021e-01, 2.7791528680575169e-03,
       2.3584287823351039e-03, -3.4352592040013700e-03,
       1.0012953887451728e+00, 3.5034395173938657e-03,
       -3.5116807221501202e-03, -3.1500661785260307e-03,
       1.0003855171225144e+00 ]
T: !!opencv-matrix
   rows: 3
   cols: 1
   dt: d
   data: [ -1.5804133793852296e+02, -4.3137646866661763e+00,
       -1.6466495891792887e-01 ]
E: !!opencv-matrix
   rows: 0
   cols: 0
   dt: u
   data: []
F: !!opencv-matrix
   rows: 0
   cols: 0
   dt: u
   data: []
K1: !!opencv-matrix
   rows: 3
   cols: 3
   dt: d
   data: [ 3.6701875180413612e+02, 0., 3.9037664016115195e+02, 0.,
       3.6716204186372624e+02, 2.4338910080475119e+02, 0., 0., 1. ]
D1: !!opencv-matrix
   rows: 5
   cols: 1
   dt: d
   data: [ -2.4607421185303142e-02, 6.4808671343714744e-04,
       1.1083256569659741e-03, -3.8146776821432244e-05,
       4.7547507517400993e-05 ]
P1: !!opencv-matrix
   rows: 3
   cols: 4
   dt: f
   data: [ 3.54570038e+02, 0., 3.92482910e+02, 0., 0., 3.54570038e+02,
       2.41367676e+02, 0., 0., 0., 1., 0. ]
R1: !!opencv-matrix
   rows: 3
   cols: 3
   dt: f
   data: [ 9.99486506e-01, 3.19818519e-02, 1.98512571e-03,
       -3.19851190e-02, 9.99486983e-01, 1.63582468e-03, -1.93179050e-03,
       -1.69847906e-03, 9.99996662e-01 ]
K2: !!opencv-matrix
   rows: 3
   cols: 3
   dt: d
   data: [ 3.6634490901067966e+02, 0., 3.9259549032746332e+02, 0.,
       3.6656633165683280e+02, 2.3935289141635988e+02, 0., 0., 1. ]
D2: !!opencv-matrix
   rows: 5
   cols: 1
   dt: d
   data: [ -2.4382727863946366e-02, 2.3985110129057631e-04,
       -3.0263975945863427e-04, -1.9949004863733616e-04,
       1.3475004328980761e-04 ]
P2: !!opencv-matrix
   rows: 3
   cols: 4
   dt: f
   data: [ 3.54570038e+02, 0., 3.92482910e+02, -55323., 0.,
       3.54570038e+02, 2.41367676e+02, 0., 0., 0., 1., 0. ]
R2: !!opencv-matrix
   rows: 3
   cols: 3
   dt: f
   data: [ 9.99576747e-01, 2.90816780e-02, -7.93961517e-04,
       -2.90829632e-02, 9.99575615e-01, -1.65599457e-03, 7.45465455e-04,
       1.67838437e-03, 9.99998331e-01 ]
