%YAML:1.0
---
Q: !!opencv-matrix
   rows: 4
   cols: 4
   dt: f
   data: [ 1., 0., 0., -4.79832336e+02, 0., 1., 0., -2.44303192e+02, 0.,
       0., 0., 3.57023590e+02, 0., 0., 5.30236401e-03, 0. ]
R: !!opencv-matrix
   rows: 3
   cols: 3
   dt: d
   data: [ 1.0013930165649911e+00, 3.4714736575295890e-03,
       2.9422437061696035e-03, -3.5990798705186600e-03,
       1.0013148572034043e+00, 1.9200544924100006e-03,
       -3.2922258455111925e-03, -5.6865972306067896e-03,
       9.9865857326754448e-01 ]
T: !!opencv-matrix
   rows: 3
   cols: 1
   dt: d
   data: [ -1.8277908349692888e+02, 6.1164771019739561e+00,
       2.0371470988271394e+01 ]
E: !!opencv-matrix
   rows: 0
   cols: 0
   dt: u
   data: []
F: !!opencv-matrix
   rows: 0
   cols: 0
   dt: u
   data: []
K1: !!opencv-matrix
   rows: 3
   cols: 3
   dt: d
   data: [ 3.6701875180413612e+02, 0., 3.9037664016115195e+02, 0.,
       3.6716204186372624e+02, 2.4338910080475119e+02, 0., 0., 1. ]
D1: !!opencv-matrix
   rows: 5
   cols: 1
   dt: d
   data: [ -2.4607421185303142e-02, 6.4808671343714744e-04,
       1.1083256569659741e-03, -3.8146776821432244e-05,
       4.7547507517400993e-05 ]
P1: !!opencv-matrix
   rows: 3
   cols: 4
   dt: f
   data: [ 3.57023590e+02, 0., 4.79832336e+02, 0., 0., 3.57023590e+02,
       2.44303192e+02, 0., 0., 0., 1., 0. ]
R1: !!opencv-matrix
   rows: 3
   cols: 3
   dt: f
   data: [ 9.93915439e-01, -2.92251799e-02, -1.06197670e-01,
       2.94168852e-02, 9.99567211e-01, 2.38860535e-04, 1.06144726e-01,
       -3.36141186e-03, 9.94345009e-01 ]
K2: !!opencv-matrix
   rows: 3
   cols: 3
   dt: d
   data: [ 3.6634490901067966e+02, 0., 3.9259549032746332e+02, 0.,
       3.6656633165683280e+02, 2.3935289141635988e+02, 0., 0., 1. ]
D2: !!opencv-matrix
   rows: 5
   cols: 1
   dt: d
   data: [ -2.4382727863946366e-02, 2.3985110129057631e-04,
       -3.0263975945863427e-04, -1.9949004863733616e-04,
       1.3475004328980761e-04 ]
P2: !!opencv-matrix
   rows: 3
   cols: 4
   dt: f
   data: [ 3.57023590e+02, 0., 4.79832336e+02, -6.73329141e+04, 0.,
       3.57023590e+02, 2.44303192e+02, 0., 0., 0., 1., 0. ]
R2: !!opencv-matrix
   rows: 3
   cols: 3
   dt: f
   data: [ 9.93420780e-01, -3.34410369e-02, -1.09530367e-01,
       3.32431868e-02, 9.99440670e-01, -3.63243138e-03, 1.09590575e-01,
       -3.26056033e-05, 9.93976831e-01 ]
