%YAML:1.0
---
Q: !!opencv-matrix
   rows: 4
   cols: 4
   dt: f
   data: [ 1., 0., 0., -4.93242462e+02, 0., 1., 0., -2.42507217e+02, 0.,
       0., 0., 3.51013947e+02, 0., 0., 3.32782306e-02, 0. ]
R: !!opencv-matrix
   rows: 3
   cols: 3
   dt: d
   data: [ 1.0025278040803263e+00, 7.2735897465663296e-04,
       -1.6476230224346243e-04, -3.6032988162445971e-03,
       1.0064814887432179e+00, 2.5670992336892500e-03,
       -3.1708216290153878e-03, -6.3436880689256925e-03,
       1.0032540008136077e+00 ]
T: !!opencv-matrix
   rows: 3
   cols: 1
   dt: d
   data: [ -2.9257497062628072e+01, 2.5184175103774409e-01,
       3.5230091739630471e+00 ]
E: !!opencv-matrix
   rows: 0
   cols: 0
   dt: u
   data: []
F: !!opencv-matrix
   rows: 0
   cols: 0
   dt: u
   data: []
K1: !!opencv-matrix
   rows: 3
   cols: 3
   dt: d
   data: [ 3.6701875180413612e+02, 0., 3.9037664016115195e+02, 0.,
       3.6716204186372624e+02, 2.4338910080475119e+02, 0., 0., 1. ]
D1: !!opencv-matrix
   rows: 5
   cols: 1
   dt: d
   data: [ -2.4607421185303142e-02, 6.4808671343714744e-04,
       1.1083256569659741e-03, -3.8146776821432244e-05,
       4.7547507517400993e-05 ]
P1: !!opencv-matrix
   rows: 3
   cols: 4
   dt: f
   data: [ 3.51013947e+02, 0., 4.93242462e+02, 0., 0., 3.51013947e+02,
       2.42507217e+02, 0., 0., 0., 1., 0. ]
R1: !!opencv-matrix
   rows: 3
   cols: 3
   dt: f
   data: [ 9.92442727e-01, -4.88785142e-03, -1.22611262e-01,
       5.15686721e-03, 9.99984920e-01, 1.87680498e-03, 1.22600242e-01,
       -2.49491143e-03, 9.92452979e-01 ]
K2: !!opencv-matrix
   rows: 3
   cols: 3
   dt: d
   data: [ 3.6634490901067966e+02, 0., 3.9259549032746332e+02, 0.,
       3.6656633165683280e+02, 2.3935289141635988e+02, 0., 0., 1. ]
D2: !!opencv-matrix
   rows: 5
   cols: 1
   dt: d
   data: [ -2.4382727863946366e-02, 2.3985110129057631e-04,
       -3.0263975945863427e-04, -1.9949004863733616e-04,
       1.3475004328980761e-04 ]
P2: !!opencv-matrix
   rows: 3
   cols: 4
   dt: f
   data: [ 3.51013947e+02, 0., 4.93242462e+02, -1.05478545e+04, 0.,
       3.51013947e+02, 2.42507217e+02, 0., 0., 0., 1., 0. ]
R2: !!opencv-matrix
   rows: 3
   cols: 3
   dt: f
   data: [ 9.92220461e-01, -7.78762856e-03, -1.24249265e-01,
       7.51497317e-03, 9.99968231e-01, -2.66295951e-03, 1.24266051e-01,
       1.70851313e-03, 9.92247462e-01 ]
