%YAML:1.0
---
Q: !!opencv-matrix
   rows: 4
   cols: 4
   dt: f
   data: [ 1., 0., 0., -4.24853180e+02, 0., 1., 0., -2.39845047e+02, 0.,
       0., 0., 3.58558502e+02, 0., 0., 1.29487710e-02, 0. ]
R: !!opencv-matrix
   rows: 3
   cols: 3
   dt: d
   data: [ 1.0017324552926701e+00, 2.0472306815925690e-03,
       2.9136676081927670e-03, -3.4425169062422233e-03,
       1.0033001372884185e+00, 3.8697291858067378e-03,
       -3.4461688884482762e-03, -5.3123177037492884e-03,
       1.0005734669257187e+00 ]
T: !!opencv-matrix
   rows: 3
   cols: 1
   dt: d
   data: [ -7.8027126607647034e+01, -3.3906810848364661e+00,
       3.4994387881112075e+00 ]
E: !!opencv-matrix
   rows: 0
   cols: 0
   dt: u
   data: []
F: !!opencv-matrix
   rows: 0
   cols: 0
   dt: u
   data: []
K1: !!opencv-matrix
   rows: 3
   cols: 3
   dt: d
   data: [ 3.6701875180413612e+02, 0., 3.9037664016115195e+02, 0.,
       3.6716204186372624e+02, 2.4338910080475119e+02, 0., 0., 1. ]
D1: !!opencv-matrix
   rows: 5
   cols: 1
   dt: d
   data: [ -2.4607421185303142e-02, 6.4808671343714744e-04,
       1.1083256569659741e-03, -3.8146776821432244e-05,
       4.7547507517400993e-05 ]
P1: !!opencv-matrix
   rows: 3
   cols: 4
   dt: f
   data: [ 3.58558502e+02, 0., 4.24853180e+02, 0., 0., 3.58558502e+02,
       2.39845047e+02, 0., 0., 0., 1., 0. ]
R1: !!opencv-matrix
   rows: 3
   cols: 3
   dt: f
   data: [ 9.97738242e-01, 5.48401065e-02, -3.88712734e-02,
       -5.47516234e-02, 9.98494446e-01, 3.33799003e-03, 3.89958061e-02,
       -1.20217481e-03, 9.99238670e-01 ]
K2: !!opencv-matrix
   rows: 3
   cols: 3
   dt: d
   data: [ 3.6634490901067966e+02, 0., 3.9259549032746332e+02, 0.,
       3.6656633165683280e+02, 2.3935289141635988e+02, 0., 0., 1. ]
D2: !!opencv-matrix
   rows: 5
   cols: 1
   dt: d
   data: [ -2.4382727863946366e-02, 2.3985110129057631e-04,
       -3.0263975945863427e-04, -1.9949004863733616e-04,
       1.3475004328980761e-04 ]
P2: !!opencv-matrix
   rows: 3
   cols: 4
   dt: f
   data: [ 3.58558502e+02, 0., 4.24853180e+02, -2.76905410e+04, 0.,
       3.58558502e+02, 2.39845047e+02, 0., 0., 0., 1., 0. ]
R2: !!opencv-matrix
   rows: 3
   cols: 3
   dt: f
   data: [ 9.97754455e-01, 5.21679632e-02, -4.20071930e-02,
       -5.22632971e-02, 9.98632669e-01, -1.17369217e-03, 4.18885238e-02,
       3.36649106e-03, 9.99116600e-01 ]
