%YAML:1.0
---
Q: !!opencv-matrix
   rows: 4
   cols: 4
   dt: f
   data: [ 1., 0., 0., -4.83415771e+02, 0., 1., 0., -2.41152069e+02, 0.,
       0., 0., 3.51243683e+02, 0., 0., 3.00142542e-02, 0. ]
R: !!opencv-matrix
   rows: 3
   cols: 3
   dt: d
   data: [ 1.0022318236806618e+00, 5.9278923074731549e-04,
       -1.4188119663165102e-03, -3.7798877755445786e-03,
       1.0064538445653726e+00, 3.0574767465766711e-03,
       -3.1791820200895429e-03, -6.0788697304618713e-03,
       1.0030956998192062e+00 ]
T: !!opencv-matrix
   rows: 3
   cols: 1
   dt: d
   data: [ -3.2660141181265168e+01, -3.4218415505176214e-01,
       3.8461258205352586e+00 ]
E: !!opencv-matrix
   rows: 0
   cols: 0
   dt: u
   data: []
F: !!opencv-matrix
   rows: 0
   cols: 0
   dt: u
   data: []
K1: !!opencv-matrix
   rows: 3
   cols: 3
   dt: d
   data: [ 3.6701875180413612e+02, 0., 3.9037664016115195e+02, 0.,
       3.6716204186372624e+02, 2.4338910080475119e+02, 0., 0., 1. ]
D1: !!opencv-matrix
   rows: 5
   cols: 1
   dt: d
   data: [ -2.4607421185303142e-02, 6.4808671343714744e-04,
       1.1083256569659741e-03, -3.8146776821432244e-05,
       4.7547507517400993e-05 ]
P1: !!opencv-matrix
   rows: 3
   cols: 4
   dt: f
   data: [ 3.51243683e+02, 0., 4.83415771e+02, 0., 0., 3.51243683e+02,
       2.41152069e+02, 0., 0., 0., 1., 0. ]
R1: !!opencv-matrix
   rows: 3
   cols: 3
   dt: f
   data: [ 9.93700922e-01, 1.18726604e-02, -1.11433908e-01,
       -1.16284313e-02, 9.99928355e-01, 2.84138811e-03, 1.11459658e-01,
       -1.52768858e-03, 9.93767798e-01 ]
K2: !!opencv-matrix
   rows: 3
   cols: 3
   dt: d
   data: [ 3.6634490901067966e+02, 0., 3.9259549032746332e+02, 0.,
       3.6656633165683280e+02, 2.3935289141635988e+02, 0., 0., 1. ]
D2: !!opencv-matrix
   rows: 5
   cols: 1
   dt: d
   data: [ -2.4382727863946366e-02, 2.3985110129057631e-04,
       -3.0263975945863427e-04, -1.9949004863733616e-04,
       1.3475004328980761e-04 ]
P2: !!opencv-matrix
   rows: 3
   cols: 4
   dt: f
   data: [ 3.51243683e+02, 0., 4.83415771e+02, -1.17025625e+04, 0.,
       3.51243683e+02, 2.41152069e+02, 0., 0., 0., 1., 0. ]
R2: !!opencv-matrix
   rows: 3
   cols: 3
   dt: f
   data: [ 9.93615329e-01, 9.13090073e-03, -1.12451091e-01,
       -9.37731378e-03, 9.99954641e-01, -1.66255434e-03, 1.12430811e-01,
       2.70642876e-03, 9.93655860e-01 ]
