%YAML:1.0
---
Q: !!opencv-matrix
   rows: 4
   cols: 4
   dt: f
   data: [ 1., 0., 0., -6.56717285e+02, 0., 1., 0., -2.46432175e+02, 0.,
       0., 0., 3.16573151e+02, 0., 0., 1.28328521e-02, 0. ]
R: !!opencv-matrix
   rows: 3
   cols: 3
   dt: d
   data: [ 1.0037476625742872e+00, 2.2348901839745580e-03,
       1.8524996803207937e-03, -3.5737391824623233e-03,
       1.0069865610005169e+00, 1.8356957012370188e-03,
       -2.5573617354822235e-03, -1.2138970801774682e-02,
       9.9850266109487928e-01 ]
T: !!opencv-matrix
   rows: 3
   cols: 1
   dt: d
   data: [ -7.2582785334398437e+01, 2.2086041837577328e+00,
       2.2384067117650989e+01 ]
E: !!opencv-matrix
   rows: 0
   cols: 0
   dt: u
   data: []
F: !!opencv-matrix
   rows: 0
   cols: 0
   dt: u
   data: []
K1: !!opencv-matrix
   rows: 3
   cols: 3
   dt: d
   data: [ 3.6701875180413612e+02, 0., 3.9037664016115195e+02, 0.,
       3.6716204186372624e+02, 2.4338910080475119e+02, 0., 0., 1. ]
D1: !!opencv-matrix
   rows: 5
   cols: 1
   dt: d
   data: [ -2.4607421185303142e-02, 6.4808671343714744e-04,
       1.1083256569659741e-03, -3.8146776821432244e-05,
       4.7547507517400993e-05 ]
P1: !!opencv-matrix
   rows: 3
   cols: 4
   dt: f
   data: [ 3.16573151e+02, 0., 6.56717285e+02, 0., 0., 3.16573151e+02,
       2.46432175e+02, 0., 0., 0., 1., 0. ]
R1: !!opencv-matrix
   rows: 3
   cols: 3
   dt: f
   data: [ 9.59454000e-01, -1.87363103e-02, -2.81241894e-01,
       1.96400750e-02, 9.99807060e-01, 3.94866162e-04, 2.81180233e-01,
       -5.90246823e-03, 9.59636807e-01 ]
K2: !!opencv-matrix
   rows: 3
   cols: 3
   dt: d
   data: [ 3.6634490901067966e+02, 0., 3.9259549032746332e+02, 0.,
       3.6656633165683280e+02, 2.3935289141635988e+02, 0., 0., 1. ]
D2: !!opencv-matrix
   rows: 5
   cols: 1
   dt: d
   data: [ -2.4382727863946366e-02, 2.3985110129057631e-04,
       -3.0263975945863427e-04, -1.9949004863733616e-04,
       1.3475004328980761e-04 ]
P2: !!opencv-matrix
   rows: 3
   cols: 4
   dt: f
   data: [ 3.16573151e+02, 0., 6.56717285e+02, -2.46689648e+04, 0.,
       3.16573151e+02, 2.46432175e+02, 0., 0., 0., 1., 0. ]
R2: !!opencv-matrix
   rows: 3
   cols: 3
   dt: f
   data: [ 9.58675563e-01, -2.36722361e-02, -2.83515096e-01,
       2.27607656e-02, 9.99719739e-01, -6.50904328e-03, 2.83589721e-01,
       -2.12959814e-04, 9.58945692e-01 ]
