%YAML:1.0
---
Q: !!opencv-matrix
   rows: 4
   cols: 4
   dt: f
   data: [ 1., 0., 0., -4.91212952e+02, 0., 1., 0., -2.41090973e+02, 0.,
       0., 0., 3.50821167e+02, 0., 0., 4.48740087e-02, 0. ]
R: !!opencv-matrix
   rows: 3
   cols: 3
   dt: d
   data: [ 1.0029577649404191e+00, 9.8638675770669030e-07,
       -1.7930945609859849e-03, -3.8709062853832027e-03,
       1.0074396041010163e+00, 3.0756270502953816e-03,
       -3.5735548931934099e-03, -5.9480367373236356e-03,
       1.0033993524751619e+00 ]
T: !!opencv-matrix
   rows: 3
   cols: 1
   dt: d
   data: [ -2.2424750446621708e+01, -2.6371133559076659e-01,
       2.9775945595537614e+00 ]
E: !!opencv-matrix
   rows: 0
   cols: 0
   dt: u
   data: []
F: !!opencv-matrix
   rows: 0
   cols: 0
   dt: u
   data: []
K1: !!opencv-matrix
   rows: 3
   cols: 3
   dt: d
   data: [ 3.6701875180413612e+02, 0., 3.9037664016115195e+02, 0.,
       3.6716204186372624e+02, 2.4338910080475119e+02, 0., 0., 1. ]
D1: !!opencv-matrix
   rows: 5
   cols: 1
   dt: d
   data: [ -2.4607421185303142e-02, 6.4808671343714744e-04,
       1.1083256569659741e-03, -3.8146776821432244e-05,
       4.7547507517400993e-05 ]
P1: !!opencv-matrix
   rows: 3
   cols: 4
   dt: f
   data: [ 3.50821167e+02, 0., 4.91212952e+02, 0., 0., 3.50821167e+02,
       2.41090973e+02, 0., 0., 0., 1., 0. ]
R1: !!opencv-matrix
   rows: 3
   cols: 3
   dt: f
   data: [ 9.92616415e-01, 1.18008293e-02, -1.20720543e-01,
       -1.15534589e-02, 9.99929488e-01, 2.74886726e-03, 1.20744467e-01,
       -1.33383088e-03, 9.92682755e-01 ]
K2: !!opencv-matrix
   rows: 3
   cols: 3
   dt: d
   data: [ 3.6634490901067966e+02, 0., 3.9259549032746332e+02, 0.,
       3.6656633165683280e+02, 2.3935289141635988e+02, 0., 0., 1. ]
D2: !!opencv-matrix
   rows: 5
   cols: 1
   dt: d
   data: [ -2.4382727863946366e-02, 2.3985110129057631e-04,
       -3.0263975945863427e-04, -1.9949004863733616e-04,
       1.3475004328980761e-04 ]
P2: !!opencv-matrix
   rows: 3
   cols: 4
   dt: f
   data: [ 3.50821167e+02, 0., 4.91212952e+02, -7.81791406e+03, 0.,
       3.50821167e+02, 2.41090973e+02, 0., 0., 0., 1., 0. ]
R2: !!opencv-matrix
   rows: 3
   cols: 3
   dt: f
   data: [ 9.92562473e-01, 9.63423122e-03, -1.21354423e-01,
       -9.88285895e-03, 9.99950111e-01, -1.44703838e-03, 1.21334434e-01,
       2.63560470e-03, 9.92608190e-01 ]
