%YAML:1.0
---
Q: !!opencv-matrix
   rows: 4
   cols: 4
   dt: f
   data: [ 1., 0., 0., -3.66598267e+02, 0., 1., 0., -2.41881897e+02, 0.,
       0., 0., 3.63087646e+02, 0., 0., 1.42519651e-02, 0. ]
R: !!opencv-matrix
   rows: 3
   cols: 3
   dt: d
   data: [ 9.9987979726678045e-01, -3.6244524266665959e-03,
       -1.6186582392717559e-03, -3.9391924534500017e-03,
       1.0026857551724131e+00, 4.6183018323321459e-03,
       -3.9339961787777248e-03, -3.2840751654066597e-03,
       1.0022331514633827e+00 ]
T: !!opencv-matrix
   rows: 3
   cols: 1
   dt: d
   data: [ -6.9894147438512988e+01, -5.6312580781993766e+00,
       -3.5055886056106993e+00 ]
E: !!opencv-matrix
   rows: 0
   cols: 0
   dt: u
   data: []
F: !!opencv-matrix
   rows: 0
   cols: 0
   dt: u
   data: []
K1: !!opencv-matrix
   rows: 3
   cols: 3
   dt: d
   data: [ 3.6701875180413612e+02, 0., 3.9037664016115195e+02, 0.,
       3.6716204186372624e+02, 2.4338910080475119e+02, 0., 0., 1. ]
D1: !!opencv-matrix
   rows: 5
   cols: 1
   dt: d
   data: [ -2.4607421185303142e-02, 6.4808671343714744e-04,
       1.1083256569659741e-03, -3.8146776821432244e-05,
       4.7547507517400993e-05 ]
P1: !!opencv-matrix
   rows: 3
   cols: 4
   dt: f
   data: [ 3.63087646e+02, 0., 3.66598267e+02, 0., 0., 3.63087646e+02,
       2.41881897e+02, 0., 0., 0., 1., 0. ]
R1: !!opencv-matrix
   rows: 3
   cols: 3
   dt: f
   data: [ 9.96487319e-01, 7.63100609e-02, 3.44931483e-02,
       -7.63810948e-02, 9.97078419e-01, 7.44370802e-04, -3.43355685e-02,
       -3.37638031e-03, 9.99404669e-01 ]
K2: !!opencv-matrix
   rows: 3
   cols: 3
   dt: d
   data: [ 3.6634490901067966e+02, 0., 3.9259549032746332e+02, 0.,
       3.6656633165683280e+02, 2.3935289141635988e+02, 0., 0., 1. ]
D2: !!opencv-matrix
   rows: 5
   cols: 1
   dt: d
   data: [ -2.4382727863946366e-02, 2.3985110129057631e-04,
       -3.0263975945863427e-04, -1.9949004863733616e-04,
       1.3475004328980761e-04 ]
P2: !!opencv-matrix
   rows: 3
   cols: 4
   dt: f
   data: [ 3.63087646e+02, 0., 3.66598267e+02, -2.54763223e+04, 0.,
       3.63087646e+02, 2.41881897e+02, 0., 0., 0., 1., 0. ]
R2: !!opencv-matrix
   rows: 3
   cols: 3
   dt: f
   data: [ 9.96526122e-01, 7.64109641e-02, 3.31216119e-02,
       -7.63424411e-02, 9.97076094e-01, -3.33047262e-03, -3.32792513e-02,
       7.90318474e-04, 9.99445796e-01 ]
