%YAML:1.0
---
Q: !!opencv-matrix
   rows: 4
   cols: 4
   dt: f
   data: [ 1., 0., 0., -4.88222687e+02, 0., 1., 0., -2.44593552e+02, 0.,
       0., 0., 3.57178680e+02, 0., 0., 5.11960266e-03, 0. ]
R: !!opencv-matrix
   rows: 3
   cols: 3
   dt: d
   data: [ 1.0014496949804834e+00, 4.0778170135540625e-03,
       3.6964908282722665e-03, -3.5934280878405838e-03,
       1.0012335647243424e+00, 1.9046951555472071e-03,
       -3.2426760884262146e-03, -5.6233151475565133e-03,
       9.9856429110274392e-01 ]
T: !!opencv-matrix
   rows: 3
   cols: 1
   dt: d
   data: [ -1.8735431678728582e+02, 6.3068166753178412e+00,
       2.0656893577639256e+01 ]
E: !!opencv-matrix
   rows: 0
   cols: 0
   dt: u
   data: []
F: !!opencv-matrix
   rows: 0
   cols: 0
   dt: u
   data: []
K1: !!opencv-matrix
   rows: 3
   cols: 3
   dt: d
   data: [ 3.6701875180413612e+02, 0., 3.9037664016115195e+02, 0.,
       3.6716204186372624e+02, 2.4338910080475119e+02, 0., 0., 1. ]
D1: !!opencv-matrix
   rows: 5
   cols: 1
   dt: d
   data: [ -2.4607421185303142e-02, 6.4808671343714744e-04,
       1.1083256569659741e-03, -3.8146776821432244e-05,
       4.7547507517400993e-05 ]
P1: !!opencv-matrix
   rows: 3
   cols: 4
   dt: f
   data: [ 3.57178680e+02, 0., 4.88222687e+02, 0., 0., 3.57178680e+02,
       2.44593552e+02, 0., 0., 0., 1., 0. ]
R1: !!opencv-matrix
   rows: 3
   cols: 3
   dt: f
   data: [ 9.92812514e-01, -3.02877091e-02, -1.15784243e-01,
       3.05028763e-02, 9.99534667e-01, 8.65473194e-05, 1.15727745e-01,
       -3.61767784e-03, 9.93274391e-01 ]
K2: !!opencv-matrix
   rows: 3
   cols: 3
   dt: d
   data: [ 3.6634490901067966e+02, 0., 3.9259549032746332e+02, 0.,
       3.6656633165683280e+02, 2.3935289141635988e+02, 0., 0., 1. ]
D2: !!opencv-matrix
   rows: 5
   cols: 1
   dt: d
   data: [ -2.4382727863946366e-02, 2.3985110129057631e-04,
       -3.0263975945863427e-04, -1.9949004863733616e-04,
       1.3475004328980761e-04 ]
P2: !!opencv-matrix
   rows: 3
   cols: 4
   dt: f
   data: [ 3.57178680e+02, 0., 4.88222687e+02, -6.97668750e+04, 0.,
       3.57178680e+02, 2.44593552e+02, 0., 0., 0., 1., 0. ]
R2: !!opencv-matrix
   rows: 3
   cols: 3
   dt: f
   data: [ 9.92203474e-01, -3.49589437e-02, -1.19624890e-01,
       3.47364880e-02, 9.99388695e-01, -3.94488219e-03, 1.19689681e-01,
       -2.41223082e-04, 9.92811322e-01 ]
