%YAML:1.0
---
Q: !!opencv-matrix
   rows: 4
   cols: 4
   dt: f
   data: [ 1., 0., 0., -5.35804321e+02, 0., 1., 0., -2.41623154e+02, 0.,
       0., 0., 3.46528961e+02, 0., 0., 2.81303916e-02, 0. ]
R: !!opencv-matrix
   rows: 3
   cols: 3
   dt: d
   data: [ 1.0029097751522362e+00, 3.4356694190126173e-03,
       2.6756681475598584e-03, -3.6227750242421486e-03,
       1.0074367986975934e+00, 2.7736066677945359e-03,
       -3.2653216709811880e-03, -8.0323914672396236e-03,
       1.0022368900678300e+00 ]
T: !!opencv-matrix
   rows: 3
   cols: 1
   dt: d
   data: [ -3.4714940634614265e+01, 4.2008957453874361e-02,
       5.7734676434394157e+00 ]
E: !!opencv-matrix
   rows: 0
   cols: 0
   dt: u
   data: []
F: !!opencv-matrix
   rows: 0
   cols: 0
   dt: u
   data: []
K1: !!opencv-matrix
   rows: 3
   cols: 3
   dt: d
   data: [ 3.6701875180413612e+02, 0., 3.9037664016115195e+02, 0.,
       3.6716204186372624e+02, 2.4338910080475119e+02, 0., 0., 1. ]
D1: !!opencv-matrix
   rows: 5
   cols: 1
   dt: d
   data: [ -2.4607421185303142e-02, 6.4808671343714744e-04,
       1.1083256569659741e-03, -3.8146776821432244e-05,
       4.7547507517400993e-05 ]
P1: !!opencv-matrix
   rows: 3
   cols: 4
   dt: f
   data: [ 3.46528961e+02, 0., 5.35804321e+02, 0., 0., 3.46528961e+02,
       2.41623154e+02, 0., 0., 0., 1., 0. ]
R1: !!opencv-matrix
   rows: 3
   cols: 3
   dt: f
   data: [ 9.85564232e-01, 6.12069853e-03, -1.69191197e-01,
       -5.68016758e-03, 9.99979079e-01, 3.08763445e-03, 1.69206560e-01,
       -2.08202773e-03, 9.85578418e-01 ]
K2: !!opencv-matrix
   rows: 3
   cols: 3
   dt: d
   data: [ 3.6634490901067966e+02, 0., 3.9259549032746332e+02, 0.,
       3.6656633165683280e+02, 2.3935289141635988e+02, 0., 0., 1. ]
D2: !!opencv-matrix
   rows: 5
   cols: 1
   dt: d
   data: [ -2.4382727863946366e-02, 2.3985110129057631e-04,
       -3.0263975945863427e-04, -1.9949004863733616e-04,
       1.3475004328980761e-04 ]
P2: !!opencv-matrix
   rows: 3
   cols: 4
   dt: f
   data: [ 3.46528961e+02, 0., 5.35804321e+02, -1.23186689e+04, 0.,
       3.46528961e+02, 2.41623154e+02, 0., 0., 0., 1., 0. ]
R2: !!opencv-matrix
   rows: 3
   cols: 3
   dt: f
   data: [ 9.85068381e-01, 1.59390131e-03, -1.72156319e-01,
       -2.04218226e-03, 9.99994993e-01, -2.42683920e-03, 1.72151595e-01,
       2.74217711e-03, 9.85066652e-01 ]
