%YAML:1.0
---
Q: !!opencv-matrix
   rows: 4
   cols: 4
   dt: f
   data: [ 1., 0., 0., -5.11188324e+02, 0., 1., 0., -2.40994156e+02, 0.,
       0., 0., 3.49461365e+02, 0., 0., 2.54655443e-02, 0. ]
R: !!opencv-matrix
   rows: 3
   cols: 3
   dt: d
   data: [ 1.0023370462166146e+00, -7.7543847136226566e-04,
       -9.5704563777424456e-04, -3.6950892236234478e-03,
       1.0065992705276556e+00, 3.0284350108394364e-03,
       -3.6405252275990146e-03, -6.7229613426422639e-03,
       1.0023910468624229e+00 ]
T: !!opencv-matrix
   rows: 3
   cols: 1
   dt: d
   data: [ -3.8337149869640257e+01, -3.9143108140838073e-01,
       5.7821140975330332e+00 ]
E: !!opencv-matrix
   rows: 0
   cols: 0
   dt: u
   data: []
F: !!opencv-matrix
   rows: 0
   cols: 0
   dt: u
   data: []
K1: !!opencv-matrix
   rows: 3
   cols: 3
   dt: d
   data: [ 3.6701875180413612e+02, 0., 3.9037664016115195e+02, 0.,
       3.6716204186372624e+02, 2.4338910080475119e+02, 0., 0., 1. ]
D1: !!opencv-matrix
   rows: 5
   cols: 1
   dt: d
   data: [ -2.4607421185303142e-02, 6.4808671343714744e-04,
       1.1083256569659741e-03, -3.8146776821432244e-05,
       4.7547507517400993e-05 ]
P1: !!opencv-matrix
   rows: 3
   cols: 4
   dt: f
   data: [ 3.49461365e+02, 0., 5.11188324e+02, 0., 0., 3.49461365e+02,
       2.40994156e+02, 0., 0., 0., 1., 0. ]
R1: !!opencv-matrix
   rows: 3
   cols: 3
   dt: f
   data: [ 9.89648163e-01, 1.16837975e-02, -1.43038601e-01,
       -1.13505367e-02, 9.99930620e-01, 3.14564607e-03, 1.43065438e-01,
       -1.48951786e-03, 9.89712119e-01 ]
K2: !!opencv-matrix
   rows: 3
   cols: 3
   dt: d
   data: [ 3.6634490901067966e+02, 0., 3.9259549032746332e+02, 0.,
       3.6656633165683280e+02, 2.3935289141635988e+02, 0., 0., 1. ]
D2: !!opencv-matrix
   rows: 5
   cols: 1
   dt: d
   data: [ -2.4382727863946366e-02, 2.3985110129057631e-04,
       -3.0263975945863427e-04, -1.9949004863733616e-04,
       1.3475004328980761e-04 ]
P2: !!opencv-matrix
   rows: 3
   cols: 4
   dt: f
   data: [ 3.49461365e+02, 0., 5.11188324e+02, -1.37229092e+04, 0.,
       3.49461365e+02, 2.40994156e+02, 0., 0., 0., 1., 0. ]
R2: !!opencv-matrix
   rows: 3
   cols: 3
   dt: f
   data: [ 9.89453614e-01, 9.48784407e-03, -1.44539103e-01,
       -9.82455909e-03, 9.99950409e-01, -1.61597354e-03, 1.44516617e-01,
       3.01896385e-03, 9.89497781e-01 ]
