%YAML:1.0
---
Q: !!opencv-matrix
   rows: 4
   cols: 4
   dt: f
   data: [ 1., 0., 0., -5.03796814e+02, 0., 1., 0., -2.41611572e+02, 0.,
       0., 0., 3.48759460e+02, 0., 0., 2.58833021e-02, 0. ]
R: !!opencv-matrix
   rows: 3
   cols: 3
   dt: d
   data: [ 1.0031575318063808e+00, 3.1038255232743212e-03,
       3.3627587281370992e-03, -3.5179442392079411e-03,
       1.0076373003960388e+00, 2.0334801137762903e-03,
       -2.6790834251724212e-03, -8.9344181571046032e-03,
       1.0015099005399937e+00 ]
T: !!opencv-matrix
   rows: 3
   cols: 1
   dt: d
   data: [ -4.0670764100739426e+01, 1.0357768891189207e+00,
       8.8380490882902460e+00 ]
E: !!opencv-matrix
   rows: 0
   cols: 0
   dt: u
   data: []
F: !!opencv-matrix
   rows: 0
   cols: 0
   dt: u
   data: []
K1: !!opencv-matrix
   rows: 3
   cols: 3
   dt: d
   data: [ 3.6701875180413612e+02, 0., 3.9037664016115195e+02, 0.,
       3.6716204186372624e+02, 2.4338910080475119e+02, 0., 0., 1. ]
D1: !!opencv-matrix
   rows: 5
   cols: 1
   dt: d
   data: [ -2.4607421185303142e-02, 6.4808671343714744e-04,
       1.1083256569659741e-03, -3.8146776821432244e-05,
       4.7547507517400993e-05 ]
P1: !!opencv-matrix
   rows: 3
   cols: 4
   dt: f
   data: [ 3.48759460e+02, 0., 5.03796814e+02, 0., 0., 3.48759460e+02,
       2.41611572e+02, 0., 0., 0., 1., 0. ]
R1: !!opencv-matrix
   rows: 3
   cols: 3
   dt: f
   data: [ 9.90926683e-01, 5.82816033e-03, -1.34276941e-01,
       -5.52199828e-03, 9.99981225e-01, 2.65239668e-03, 1.34289891e-01,
       -1.88685360e-03, 9.90940273e-01 ]
K2: !!opencv-matrix
   rows: 3
   cols: 3
   dt: d
   data: [ 3.6634490901067966e+02, 0., 3.9259549032746332e+02, 0.,
       3.6656633165683280e+02, 2.3935289141635988e+02, 0., 0., 1. ]
D2: !!opencv-matrix
   rows: 5
   cols: 1
   dt: d
   data: [ -2.4382727863946366e-02, 2.3985110129057631e-04,
       -3.0263975945863427e-04, -1.9949004863733616e-04,
       1.3475004328980761e-04 ]
P2: !!opencv-matrix
   rows: 3
   cols: 4
   dt: f
   data: [ 3.48759460e+02, 0., 5.03796814e+02, -1.34743027e+04, 0.,
       3.48759460e+02, 2.41611572e+02, 0., 0., 0., 1., 0. ]
R2: !!opencv-matrix
   rows: 3
   cols: 3
   dt: f
   data: [ 9.90612626e-01, 2.60627409e-03, -1.36674285e-01,
       -2.91790487e-03, 9.99993563e-01, -2.07980676e-03, 1.36667997e-01,
       2.45908531e-03, 9.90613878e-01 ]
