%YAML:1.0
---
Q: !!opencv-matrix
   rows: 4
   cols: 4
   dt: f
   data: [ 1., 0., 0., -5.25902100e+02, 0., 1., 0., -2.41093903e+02, 0.,
       0., 0., 3.48178925e+02, 0., 0., 2.45163646e-02, 0. ]
R: !!opencv-matrix
   rows: 3
   cols: 3
   dt: d
   data: [ 1.0021642969610636e+00, -6.0809406127189185e-04,
       -8.4036286909731895e-04, -3.6797094302523604e-03,
       1.0065679501867875e+00, 3.0123437992133403e-03,
       -3.7647092108680702e-03, -6.5861616835403832e-03,
       1.0024821008958600e+00 ]
T: !!opencv-matrix
   rows: 3
   cols: 1
   dt: d
   data: [ -3.8854602438534698e+01, -3.7257574079715627e-01,
       5.6758695375865447e+00 ]
E: !!opencv-matrix
   rows: 0
   cols: 0
   dt: u
   data: []
F: !!opencv-matrix
   rows: 0
   cols: 0
   dt: u
   data: []
K1: !!opencv-matrix
   rows: 3
   cols: 3
   dt: d
   data: [ 3.6701875180413612e+02, 0., 3.9037664016115195e+02, 0.,
       3.6716204186372624e+02, 2.4338910080475119e+02, 0., 0., 1. ]
D1: !!opencv-matrix
   rows: 5
   cols: 1
   dt: d
   data: [ -2.4607421185303142e-02, 6.4808671343714744e-04,
       1.1083256569659741e-03, -3.8146776821432244e-05,
       4.7547507517400993e-05 ]
P1: !!opencv-matrix
   rows: 3
   cols: 4
   dt: f
   data: [ 3.48178925e+02, 0., 5.25902100e+02, 0., 0., 3.48178925e+02,
       2.41093903e+02, 0., 0., 0., 1., 0. ]
R1: !!opencv-matrix
   rows: 3
   cols: 3
   dt: f
   data: [ 9.87212539e-01, 1.02285212e-02, -1.59080967e-01,
       -9.84980073e-03, 9.99946475e-01, 3.16899456e-03, 1.59104869e-01,
       -1.56155543e-03, 9.87260461e-01 ]
K2: !!opencv-matrix
   rows: 3
   cols: 3
   dt: d
   data: [ 3.6634490901067966e+02, 0., 3.9259549032746332e+02, 0.,
       3.6656633165683280e+02, 2.3935289141635988e+02, 0., 0., 1. ]
D2: !!opencv-matrix
   rows: 5
   cols: 1
   dt: d
   data: [ -2.4382727863946366e-02, 2.3985110129057631e-04,
       -3.0263975945863427e-04, -1.9949004863733616e-04,
       1.3475004328980761e-04 ]
P2: !!opencv-matrix
   rows: 3
   cols: 4
   dt: f
   data: [ 3.48178925e+02, 0., 5.25902100e+02, -1.42018994e+04, 0.,
       3.48178925e+02, 2.41093903e+02, 0., 0., 0., 1., 0. ]
R2: !!opencv-matrix
   rows: 3
   cols: 3
   dt: f
   data: [ 9.86932814e-01, 7.60685932e-03, -1.60952792e-01,
       -7.99001195e-03, 9.99966562e-01, -1.73342670e-03, 1.60934225e-01,
       2.99679046e-03, 9.86960590e-01 ]
