%YAML:1.0
---
Q: !!opencv-matrix
   rows: 4
   cols: 4
   dt: f
   data: [ 1., 0., 0., -4.21588806e+02, 0., 1., 0., -2.42050186e+02, 0.,
       0., 0., 3.53661316e+02, 0., 0., 6.23933971e-03, 0. ]
R: !!opencv-matrix
   rows: 3
   cols: 3
   dt: d
   data: [ 9.9906256691891915e-01, 1.7838874720768614e-03,
       1.0914409138919534e-03, -3.6625692809550991e-03,
       1.0016182996555181e+00, 2.8413470775305676e-03,
       -3.6885262729457382e-03, -4.1462952515463041e-03,
       1.0004168777205018e+00 ]
T: !!opencv-matrix
   rows: 3
   cols: 1
   dt: d
   data: [ -1.6617664106288302e+02, -7.7896025336033153e-02,
       5.9813977658825133e+00 ]
E: !!opencv-matrix
   rows: 0
   cols: 0
   dt: u
   data: []
F: !!opencv-matrix
   rows: 0
   cols: 0
   dt: u
   data: []
K1: !!opencv-matrix
   rows: 3
   cols: 3
   dt: d
   data: [ 3.6701875180413612e+02, 0., 3.9037664016115195e+02, 0.,
       3.6716204186372624e+02, 2.4338910080475119e+02, 0., 0., 1. ]
D1: !!opencv-matrix
   rows: 5
   cols: 1
   dt: d
   data: [ -2.4607421185303142e-02, 6.4808671343714744e-04,
       1.1083256569659741e-03, -3.8146776821432244e-05,
       4.7547507517400993e-05 ]
P1: !!opencv-matrix
   rows: 3
   cols: 4
   dt: f
   data: [ 3.53661316e+02, 0., 4.21588806e+02, 0., 0., 3.53661316e+02,
       2.42050186e+02, 0., 0., 0., 1., 0. ]
R1: !!opencv-matrix
   rows: 3
   cols: 3
   dt: f
   data: [ 9.99361157e-01, -2.96464120e-03, -3.56155783e-02,
       3.02242883e-03, 9.99994218e-01, 1.56881055e-03, 3.56107205e-02,
       -1.67545397e-03, 9.99364316e-01 ]
K2: !!opencv-matrix
   rows: 3
   cols: 3
   dt: d
   data: [ 3.6634490901067966e+02, 0., 3.9259549032746332e+02, 0.,
       3.6656633165683280e+02, 2.3935289141635988e+02, 0., 0., 1. ]
D2: !!opencv-matrix
   rows: 5
   cols: 1
   dt: d
   data: [ -2.4382727863946366e-02, 2.3985110129057631e-04,
       -3.0263975945863427e-04, -1.9949004863733616e-04,
       1.3475004328980761e-04 ]
P2: !!opencv-matrix
   rows: 3
   cols: 4
   dt: f
   data: [ 3.53661316e+02, 0., 4.21588806e+02, -5.66824883e+04, 0.,
       3.53661316e+02, 2.42050186e+02, 0., 0., 0., 1., 0. ]
R2: !!opencv-matrix
   rows: 3
   cols: 3
   dt: f
   data: [ 9.99289930e-01, -5.29936608e-03, -3.73041034e-02,
       5.23882639e-03, 9.99984801e-01, -1.72042905e-03, 3.73126529e-02,
       1.52377773e-03, 9.99302506e-01 ]
