%YAML:1.0
---
Q: !!opencv-matrix
   rows: 4
   cols: 4
   dt: f
   data: [ 1., 0., 0., -5.82631714e+02, 0., 1., 0., -2.44965103e+02, 0.,
       0., 0., 3.49041840e+02, 0., 0., 2.49025729e-02, 0. ]
R: !!opencv-matrix
   rows: 3
   cols: 3
   dt: d
   data: [ 1.0033400972205533e+00, 2.5278473851562343e-03,
       2.3552965408400058e-03, -3.6030643333613993e-03,
       1.0076692018279756e+00, 2.1600664564593477e-03,
       -2.6600410046102060e-03, -9.0783475058269260e-03,
       1.0014866855296636e+00 ]
T: !!opencv-matrix
   rows: 3
   cols: 1
   dt: d
   data: [ -3.9169926555408587e+01, 8.7246862880342491e-01,
       8.8033913190794273e+00 ]
E: !!opencv-matrix
   rows: 0
   cols: 0
   dt: u
   data: []
F: !!opencv-matrix
   rows: 0
   cols: 0
   dt: u
   data: []
K1: !!opencv-matrix
   rows: 3
   cols: 3
   dt: d
   data: [ 3.6701875180413612e+02, 0., 3.9037664016115195e+02, 0.,
       3.6716204186372624e+02, 2.4338910080475119e+02, 0., 0., 1. ]
D1: !!opencv-matrix
   rows: 5
   cols: 1
   dt: d
   data: [ -2.4607421185303142e-02, 6.4808671343714744e-04,
       1.1083256569659741e-03, -3.8146776821432244e-05,
       4.7547507517400993e-05 ]
P1: !!opencv-matrix
   rows: 3
   cols: 4
   dt: f
   data: [ 3.49041840e+02, 0., 5.82631714e+02, 0., 0., 3.49041840e+02,
       2.44965103e+02, 0., 0., 0., 1., 0. ]
R1: !!opencv-matrix
   rows: 3
   cols: 3
   dt: f
   data: [ 9.76038814e-01, -1.75284408e-02, -2.16889381e-01,
       1.81011353e-02, 9.99835968e-01, 6.54002419e-04, 2.16842338e-01,
       -4.56427597e-03, 9.76195991e-01 ]
K2: !!opencv-matrix
   rows: 3
   cols: 3
   dt: d
   data: [ 3.6634490901067966e+02, 0., 3.9259549032746332e+02, 0.,
       3.6656633165683280e+02, 2.3935289141635988e+02, 0., 0., 1. ]
D2: !!opencv-matrix
   rows: 5
   cols: 1
   dt: d
   data: [ -2.4382727863946366e-02, 2.3985110129057631e-04,
       -3.0263975945863427e-04, -1.9949004863733616e-04,
       1.3475004328980761e-04 ]
P2: !!opencv-matrix
   rows: 3
   cols: 4
   dt: f
   data: [ 3.49041840e+02, 0., 5.82631714e+02, -1.40162969e+04, 0.,
       3.49041840e+02, 2.44965103e+02, 0., 0., 0., 1., 0. ]
R2: !!opencv-matrix
   rows: 3
   cols: 3
   dt: f
   data: [ 9.75431919e-01, -2.17267126e-02, -2.19227090e-01,
       2.11476181e-02, 9.99763906e-01, -4.98807756e-03, 2.19283700e-01,
       2.29399287e-04, 9.75661099e-01 ]
