%YAML:1.0
---
Q: !!opencv-matrix
   rows: 4
   cols: 4
   dt: f
   data: [ 1., 0., 0., -4.75422882e+02, 0., 1., 0., -2.40093811e+02, 0.,
       0., 0., 3.53925293e+02, 0., 0., 2.25640293e-02, 0. ]
R: !!opencv-matrix
   rows: 3
   cols: 3
   dt: d
   data: [ 1.0015714780335669e+00, -7.4460709083418800e-03,
       -9.4847507679032290e-03, -3.7890892362578894e-03,
       1.0044440542864232e+00, 3.1830631364912032e-03,
       -3.4620700483458814e-03, -5.2267543367166833e-03,
       1.0020636036185744e+00 ]
T: !!opencv-matrix
   rows: 3
   cols: 1
   dt: d
   data: [ -4.1997371439409811e+01, -1.2851000637156658e+00,
       3.9044846315027431e+00 ]
E: !!opencv-matrix
   rows: 0
   cols: 0
   dt: u
   data: []
F: !!opencv-matrix
   rows: 0
   cols: 0
   dt: u
   data: []
K1: !!opencv-matrix
   rows: 3
   cols: 3
   dt: d
   data: [ 3.6701875180413612e+02, 0., 3.9037664016115195e+02, 0.,
       3.6716204186372624e+02, 2.4338910080475119e+02, 0., 0., 1. ]
D1: !!opencv-matrix
   rows: 5
   cols: 1
   dt: d
   data: [ -2.4607421185303142e-02, 6.4808671343714744e-04,
       1.1083256569659741e-03, -3.8146776821432244e-05,
       4.7547507517400993e-05 ]
P1: !!opencv-matrix
   rows: 3
   cols: 4
   dt: f
   data: [ 3.53925293e+02, 0., 4.75422882e+02, 0., 0., 3.53925293e+02,
       2.40093811e+02, 0., 0., 0., 1., 0. ]
R1: !!opencv-matrix
   rows: 3
   cols: 3
   dt: f
   data: [ 9.94281352e-01, 2.52151545e-02, -1.03772894e-01,
       -2.49851178e-02, 9.99681652e-01, 3.51624563e-03, 1.03828520e-01,
       -9.03359440e-04, 9.94594812e-01 ]
K2: !!opencv-matrix
   rows: 3
   cols: 3
   dt: d
   data: [ 3.6634490901067966e+02, 0., 3.9259549032746332e+02, 0.,
       3.6656633165683280e+02, 2.3935289141635988e+02, 0., 0., 1. ]
D2: !!opencv-matrix
   rows: 5
   cols: 1
   dt: d
   data: [ -2.4382727863946366e-02, 2.3985110129057631e-04,
       -3.0263975945863427e-04, -1.9949004863733616e-04,
       1.3475004328980761e-04 ]
P2: !!opencv-matrix
   rows: 3
   cols: 4
   dt: f
   data: [ 3.53925293e+02, 0., 4.75422882e+02, -1.56853779e+04, 0.,
       3.53925293e+02, 2.40093811e+02, 0., 0., 0., 1., 0. ]
R2: !!opencv-matrix
   rows: 3
   cols: 3
   dt: f
   data: [ 9.94514227e-01, 2.64604930e-02, -1.01199180e-01,
       -2.66846865e-02, 9.99643505e-01, -8.62061861e-04, 1.01140298e-01,
       3.55780125e-03, 9.94865835e-01 ]
