%YAML:1.0
---
Q: !!opencv-matrix
   rows: 4
   cols: 4
   dt: f
   data: [ 1., 0., 0., -5.00966583e+02, 0., 1., 0., -2.39987335e+02, 0.,
       0., 0., 3.52801239e+02, 0., 0., 4.23148051e-02, 0. ]
R: !!opencv-matrix
   rows: 3
   cols: 3
   dt: d
   data: [ 1.0033811763915286e+00, 2.5655714214100921e-03,
       2.1689500246557174e-03, -3.7691662002391027e-03,
       1.0080515871951723e+00, 3.1023148127401383e-03,
       -2.7511434408845439e-03, -7.4494915765785860e-03,
       1.0027947333815355e+00 ]
T: !!opencv-matrix
   rows: 3
   cols: 1
   dt: d
   data: [ -2.3845982568357933e+01, -2.4041418792253610e-01,
       3.9165219206429160e+00 ]
E: !!opencv-matrix
   rows: 0
   cols: 0
   dt: u
   data: []
F: !!opencv-matrix
   rows: 0
   cols: 0
   dt: u
   data: []
K1: !!opencv-matrix
   rows: 3
   cols: 3
   dt: d
   data: [ 3.6701875180413612e+02, 0., 3.9037664016115195e+02, 0.,
       3.6716204186372624e+02, 2.4338910080475119e+02, 0., 0., 1. ]
D1: !!opencv-matrix
   rows: 5
   cols: 1
   dt: d
   data: [ -2.4607421185303142e-02, 6.4808671343714744e-04,
       1.1083256569659741e-03, -3.8146776821432244e-05,
       4.7547507517400993e-05 ]
P1: !!opencv-matrix
   rows: 3
   cols: 4
   dt: f
   data: [ 3.52801239e+02, 0., 5.00966583e+02, 0., 0., 3.52801239e+02,
       2.39987335e+02, 0., 0., 0., 1., 0. ]
R1: !!opencv-matrix
   rows: 3
   cols: 3
   dt: f
   data: [ 9.91071880e-01, 2.42644604e-02, -1.31102175e-01,
       -2.39555165e-02, 9.99705315e-01, 3.93335428e-03, 1.31158978e-01,
       -7.57616421e-04, 9.91361082e-01 ]
K2: !!opencv-matrix
   rows: 3
   cols: 3
   dt: d
   data: [ 3.6634490901067966e+02, 0., 3.9259549032746332e+02, 0.,
       3.6656633165683280e+02, 2.3935289141635988e+02, 0., 0., 1. ]
D2: !!opencv-matrix
   rows: 5
   cols: 1
   dt: d
   data: [ -2.4382727863946366e-02, 2.3985110129057631e-04,
       -3.0263975945863427e-04, -1.9949004863733616e-04,
       1.3475004328980761e-04 ]
P2: !!opencv-matrix
   rows: 3
   cols: 4
   dt: f
   data: [ 3.52801239e+02, 0., 5.00966583e+02, -8.33753613e+03, 0.,
       3.52801239e+02, 2.39987335e+02, 0., 0., 0., 1., 0. ]
R2: !!opencv-matrix
   rows: 3
   cols: 3
   dt: f
   data: [ 9.90851998e-01, 2.08337437e-02, -1.33334979e-01,
       -2.11478416e-02, 9.99775946e-01, -9.39780963e-04, 1.33285522e-01,
       3.75093077e-03, 9.91070569e-01 ]
