%YAML:1.0
---
Q: !!opencv-matrix
   rows: 4
   cols: 4
   dt: f
   data: [ 1., 0., 0., -5.79180664e+02, 0., 1., 0., -2.44550537e+02, 0.,
       0., 0., 3.48409943e+02, 0., 0., 3.16916406e-02, 0. ]
R: !!opencv-matrix
   rows: 3
   cols: 3
   dt: d
   data: [ 1.0062537138740772e+00, 3.8444457313634079e-03,
       2.9768697172946963e-03, -3.4898623469066187e-03,
       1.0075431091157176e+00, 1.9581041396133014e-03,
       -2.6691396575275021e-03, -1.0433864526174688e-02,
       1.0001220623430034e+00 ]
T: !!opencv-matrix
   rows: 3
   cols: 1
   dt: d
   data: [ -3.0683556590855837e+01, 7.7557657318520667e-01,
       8.0445010379081712e+00 ]
E: !!opencv-matrix
   rows: 0
   cols: 0
   dt: u
   data: []
F: !!opencv-matrix
   rows: 0
   cols: 0
   dt: u
   data: []
K1: !!opencv-matrix
   rows: 3
   cols: 3
   dt: d
   data: [ 3.6701875180413612e+02, 0., 3.9037664016115195e+02, 0.,
       3.6716204186372624e+02, 2.4338910080475119e+02, 0., 0., 1. ]
D1: !!opencv-matrix
   rows: 5
   cols: 1
   dt: d
   data: [ -2.4607421185303142e-02, 6.4808671343714744e-04,
       1.1083256569659741e-03, -3.8146776821432244e-05,
       4.7547507517400993e-05 ]
P1: !!opencv-matrix
   rows: 3
   cols: 4
   dt: f
   data: [ 3.48409943e+02, 0., 5.79180664e+02, 0., 0., 3.48409943e+02,
       2.44550537e+02, 0., 0., 0., 1., 0. ]
R1: !!opencv-matrix
   rows: 3
   cols: 3
   dt: f
   data: [ 9.76867676e-01, -1.46512203e-02, -2.13342100e-01,
       1.52270803e-02, 9.99883533e-01, 1.05618825e-03, 2.13301763e-01,
       -4.28033341e-03, 9.76976991e-01 ]
K2: !!opencv-matrix
   rows: 3
   cols: 3
   dt: d
   data: [ 3.6634490901067966e+02, 0., 3.9259549032746332e+02, 0.,
       3.6656633165683280e+02, 2.3935289141635988e+02, 0., 0., 1. ]
D2: !!opencv-matrix
   rows: 5
   cols: 1
   dt: d
   data: [ -2.4382727863946366e-02, 2.3985110129057631e-04,
       -3.0263975945863427e-04, -1.9949004863733616e-04,
       1.3475004328980761e-04 ]
P2: !!opencv-matrix
   rows: 3
   cols: 4
   dt: f
   data: [ 3.48409943e+02, 0., 5.79180664e+02, -1.09937490e+04, 0.,
       3.48409943e+02, 2.44550537e+02, 0., 0., 0., 1., 0. ]
R2: !!opencv-matrix
   rows: 3
   cols: 3
   dt: f
   data: [ 9.76171076e-01, -1.94544978e-02, -2.16128528e-01,
       1.88708883e-02, 9.99810576e-01, -4.76381741e-03, 2.16180265e-01,
       5.71763667e-04, 9.76353288e-01 ]
