%YAML:1.0
---
Q: !!opencv-matrix
   rows: 4
   cols: 4
   dt: f
   data: [ 1., 0., 0., -5.11690247e+02, 0., 1., 0., -2.41762772e+02, 0.,
       0., 0., 3.47846130e+02, 0., 0., 2.58862171e-02, 0. ]
R: !!opencv-matrix
   rows: 3
   cols: 3
   dt: d
   data: [ 1.0021498342707715e+00, 1.0979932191671430e-03,
       1.2308644867268864e-03, -3.6030190179357955e-03,
       1.0068743287670108e+00, 2.7829929917726434e-03,
       -3.1165534238979512e-03, -7.0481246401443900e-03,
       1.0025885235355902e+00 ]
T: !!opencv-matrix
   rows: 3
   cols: 1
   dt: d
   data: [ -3.8428653445567065e+01, -4.1287859882525230e-02,
       5.5335376916570143e+00 ]
E: !!opencv-matrix
   rows: 0
   cols: 0
   dt: u
   data: []
F: !!opencv-matrix
   rows: 0
   cols: 0
   dt: u
   data: []
K1: !!opencv-matrix
   rows: 3
   cols: 3
   dt: d
   data: [ 3.6701875180413612e+02, 0., 3.9037664016115195e+02, 0.,
       3.6716204186372624e+02, 2.4338910080475119e+02, 0., 0., 1. ]
D1: !!opencv-matrix
   rows: 5
   cols: 1
   dt: d
   data: [ -2.4607421185303142e-02, 6.4808671343714744e-04,
       1.1083256569659741e-03, -3.8146776821432244e-05,
       4.7547507517400993e-05 ]
P1: !!opencv-matrix
   rows: 3
   cols: 4
   dt: f
   data: [ 3.47846130e+02, 0., 5.11690247e+02, 0., 0., 3.47846130e+02,
       2.41762772e+02, 0., 0., 0., 1., 0. ]
R1: !!opencv-matrix
   rows: 3
   cols: 3
   dt: f
   data: [ 9.89659607e-01, 3.96898203e-03, -1.43381193e-01,
       -3.63078085e-03, 9.99989986e-01, 2.62032286e-03, 1.43390149e-01,
       -2.07264186e-03, 9.89664078e-01 ]
K2: !!opencv-matrix
   rows: 3
   cols: 3
   dt: d
   data: [ 3.6634490901067966e+02, 0., 3.9259549032746332e+02, 0.,
       3.6656633165683280e+02, 2.3935289141635988e+02, 0., 0., 1. ]
D2: !!opencv-matrix
   rows: 5
   cols: 1
   dt: d
   data: [ -2.4382727863946366e-02, 2.3985110129057631e-04,
       -3.0263975945863427e-04, -1.9949004863733616e-04,
       1.3475004328980761e-04 ]
P2: !!opencv-matrix
   rows: 3
   cols: 4
   dt: f
   data: [ 3.47846130e+02, 0., 5.11690247e+02, -1.34375029e+04, 0.,
       3.47846130e+02, 2.41762772e+02, 0., 0., 0., 1., 0. ]
R2: !!opencv-matrix
   rows: 3
   cols: 3
   dt: f
   data: [ 9.89378989e-01, 1.12725340e-03, -1.45354480e-01,
       -1.47011876e-03, 9.99996364e-01, -2.25142902e-03, 1.45351425e-01,
       2.44120485e-03, 9.89377081e-01 ]
