%YAML:1.0
---
Q: !!opencv-matrix
   rows: 4
   cols: 4
   dt: f
   data: [ 1., 0., 0., -4.49223969e+02, 0., 1., 0., -2.41772827e+02, 0.,
       0., 0., 3.51535950e+02, 0., 0., 3.57917771e-02, 0. ]
R: !!opencv-matrix
   rows: 3
   cols: 3
   dt: d
   data: [ 1.0056681984561229e+00, 3.8556706389943681e-03,
       2.9881116302011737e-03, -3.4794638770598968e-03,
       1.0070608749243852e+00, 2.0916329434953786e-03,
       -2.9267120169083737e-03, -9.4947132387438564e-03,
       1.0006849799714894e+00 ]
T: !!opencv-matrix
   rows: 3
   cols: 1
   dt: d
   data: [ -3.0802163843962148e+01, 6.1386843777653977e-01,
       6.8197331373122072e+00 ]
E: !!opencv-matrix
   rows: 0
   cols: 0
   dt: u
   data: []
F: !!opencv-matrix
   rows: 0
   cols: 0
   dt: u
   data: []
K1: !!opencv-matrix
   rows: 3
   cols: 3
   dt: d
   data: [ 3.6701875180413612e+02, 0., 3.9037664016115195e+02, 0.,
       3.6716204186372624e+02, 2.4338910080475119e+02, 0., 0., 1. ]
D1: !!opencv-matrix
   rows: 5
   cols: 1
   dt: d
   data: [ -2.4607421185303142e-02, 6.4808671343714744e-04,
       1.1083256569659741e-03, -3.8146776821432244e-05,
       4.7547507517400993e-05 ]
P1: !!opencv-matrix
   rows: 3
   cols: 4
   dt: f
   data: [ 3.51535950e+02, 0., 4.49223969e+02, 0., 0., 3.51535950e+02,
       2.41772827e+02, 0., 0., 0., 1., 0. ]
R1: !!opencv-matrix
   rows: 3
   cols: 3
   dt: f
   data: [ 9.97529387e-01, 3.71886720e-03, -7.01518655e-02,
       -3.58386314e-03, 9.99991477e-01, 2.05022120e-03, 7.01588914e-02,
       -1.79374125e-03, 9.97534215e-01 ]
K2: !!opencv-matrix
   rows: 3
   cols: 3
   dt: d
   data: [ 3.6634490901067966e+02, 0., 3.9259549032746332e+02, 0.,
       3.6656633165683280e+02, 2.3935289141635988e+02, 0., 0., 1. ]
D2: !!opencv-matrix
   rows: 5
   cols: 1
   dt: d
   data: [ -2.4382727863946366e-02, 2.3985110129057631e-04,
       -3.0263975945863427e-04, -1.9949004863733616e-04,
       1.3475004328980761e-04 ]
P2: !!opencv-matrix
   rows: 3
   cols: 4
   dt: f
   data: [ 3.51535950e+02, 0., 4.49223969e+02, -9.82169531e+03, 0.,
       3.51535950e+02, 2.41772827e+02, 0., 0., 0., 1., 0. ]
R2: !!opencv-matrix
   rows: 3
   cols: 3
   dt: f
   data: [ 9.97435391e-01, 1.72312988e-03, -7.15517849e-02,
       -1.86082115e-03, 9.99996543e-01, -1.85774558e-03, 7.15483353e-02,
       1.98612642e-03, 9.97435153e-01 ]
