%YAML:1.0
---
Q: !!opencv-matrix
   rows: 4
   cols: 4
   dt: f
   data: [ 1., 0., 0., -4.84190643e+02, 0., 1., 0., -2.41346680e+02, 0.,
       0., 0., 3.50766541e+02, 0., 0., 2.88347695e-02, 0. ]
R: !!opencv-matrix
   rows: 3
   cols: 3
   dt: d
   data: [ 1.0016158950648382e+00, 1.5607106538206852e-04,
       -1.7116650128260720e-03, -3.7639141870822231e-03,
       1.0065751147480786e+00, 2.9724177465037904e-03,
       -3.0489717476376607e-03, -5.8257299938794319e-03,
       1.0034568988314316e+00 ]
T: !!opencv-matrix
   rows: 3
   cols: 1
   dt: d
   data: [ -3.2813636831267154e+01, -2.0534693699270357e-01,
       3.7064000884160384e+00 ]
E: !!opencv-matrix
   rows: 0
   cols: 0
   dt: u
   data: []
F: !!opencv-matrix
   rows: 0
   cols: 0
   dt: u
   data: []
K1: !!opencv-matrix
   rows: 3
   cols: 3
   dt: d
   data: [ 3.6701875180413612e+02, 0., 3.9037664016115195e+02, 0.,
       3.6716204186372624e+02, 2.4338910080475119e+02, 0., 0., 1. ]
D1: !!opencv-matrix
   rows: 5
   cols: 1
   dt: d
   data: [ -2.4607421185303142e-02, 6.4808671343714744e-04,
       1.1083256569659741e-03, -3.8146776821432244e-05,
       4.7547507517400993e-05 ]
P1: !!opencv-matrix
   rows: 3
   cols: 4
   dt: f
   data: [ 3.50766541e+02, 0., 4.84190643e+02, 0., 0., 3.50766541e+02,
       2.41346680e+02, 0., 0., 0., 1., 0. ]
R1: !!opencv-matrix
   rows: 3
   cols: 3
   dt: f
   data: [ 9.93633986e-01, 9.36508831e-03, -1.12266473e-01,
       -9.12297796e-03, 9.99954820e-01, 2.67010531e-03, 1.12286404e-01,
       -1.62890297e-03, 9.93674576e-01 ]
K2: !!opencv-matrix
   rows: 3
   cols: 3
   dt: d
   data: [ 3.6634490901067966e+02, 0., 3.9259549032746332e+02, 0.,
       3.6656633165683280e+02, 2.3935289141635988e+02, 0., 0., 1. ]
D2: !!opencv-matrix
   rows: 5
   cols: 1
   dt: d
   data: [ -2.4382727863946366e-02, 2.3985110129057631e-04,
       -3.0263975945863427e-04, -1.9949004863733616e-04,
       1.3475004328980761e-04 ]
P2: !!opencv-matrix
   rows: 3
   cols: 4
   dt: f
   data: [ 3.50766541e+02, 0., 4.84190643e+02, -1.21647080e+04, 0.,
       3.50766541e+02, 2.41346680e+02, 0., 0., 0., 1., 0. ]
R2: !!opencv-matrix
   rows: 3
   cols: 3
   dt: f
   data: [ 9.93522584e-01, 6.51825732e-03, -1.13447689e-01,
       -6.76288409e-03, 9.99975562e-01, -1.77156494e-03, 1.13433369e-01,
       2.52732332e-03, 9.93542373e-01 ]
