%YAML:1.0
---
Q: !!opencv-matrix
   rows: 4
   cols: 4
   dt: f
   data: [ 1., 0., 0., -4.00453888e+02, 0., 1., 0., -2.40451050e+02, 0.,
       0., 0., 3.58730316e+02, 0., 0., 1.37304915e-02, 0. ]
R: !!opencv-matrix
   rows: 3
   cols: 3
   dt: d
   data: [ 1.0013301862864181e+00, 7.6218451346318306e-05,
       1.1720752983393490e-03, -3.6026158933124392e-03,
       1.0031657716623905e+00, 4.3691271676160942e-03,
       -3.5769940393355578e-03, -4.8391661277738520e-03,
       1.0009741256644151e+00 ]
T: !!opencv-matrix
   rows: 3
   cols: 1
   dt: d
   data: [ -7.4558242467093507e+01, -4.8393992719050889e+00,
       1.2214103770171911e+00 ]
E: !!opencv-matrix
   rows: 0
   cols: 0
   dt: u
   data: []
F: !!opencv-matrix
   rows: 0
   cols: 0
   dt: u
   data: []
K1: !!opencv-matrix
   rows: 3
   cols: 3
   dt: d
   data: [ 3.6701875180413612e+02, 0., 3.9037664016115195e+02, 0.,
       3.6716204186372624e+02, 2.4338910080475119e+02, 0., 0., 1. ]
D1: !!opencv-matrix
   rows: 5
   cols: 1
   dt: d
   data: [ -2.4607421185303142e-02, 6.4808671343714744e-04,
       1.1083256569659741e-03, -3.8146776821432244e-05,
       4.7547507517400993e-05 ]
P1: !!opencv-matrix
   rows: 3
   cols: 4
   dt: f
   data: [ 3.58730316e+02, 0., 4.00453888e+02, 0., 0., 3.58730316e+02,
       2.40451050e+02, 0., 0., 0., 1., 0. ]
R1: !!opencv-matrix
   rows: 3
   cols: 3
   dt: f
   data: [ 9.97846961e-01, 6.50436729e-02, -8.41274951e-03,
       -6.50251061e-02, 9.97880578e-01, 2.46233447e-03, 8.55507888e-03,
       -1.90999301e-03, 9.99961555e-01 ]
K2: !!opencv-matrix
   rows: 3
   cols: 3
   dt: d
   data: [ 3.6634490901067966e+02, 0., 3.9259549032746332e+02, 0.,
       3.6656633165683280e+02, 2.3935289141635988e+02, 0., 0., 1. ]
D2: !!opencv-matrix
   rows: 5
   cols: 1
   dt: d
   data: [ -2.4382727863946366e-02, 2.3985110129057631e-04,
       -3.0263975945863427e-04, -1.9949004863733616e-04,
       1.3475004328980761e-04 ]
P2: !!opencv-matrix
   rows: 3
   cols: 4
   dt: f
   data: [ 3.58730316e+02, 0., 4.00453888e+02, -2.61265449e+04, 0.,
       3.58730316e+02, 2.40451050e+02, 0., 0., 0., 1., 0. ]
R2: !!opencv-matrix
   rows: 3
   cols: 3
   dt: f
   data: [ 9.97915030e-01, 6.36616051e-02, -1.06178438e-02,
       -6.36846870e-02, 9.97968376e-01, -1.85003248e-03, 1.04784956e-02,
       2.52236938e-03, 9.99941945e-01 ]
