%YAML:1.0
---
Q: !!opencv-matrix
   rows: 4
   cols: 4
   dt: f
   data: [ 1., 0., 0., -6.20157532e+02, 0., 1., 0., -2.45932693e+02, 0.,
       0., 0., 3.36527130e+02, 0., 0., 3.15158628e-02, 0. ]
R: !!opencv-matrix
   rows: 3
   cols: 3
   dt: d
   data: [ 1.0061541892686598e+00, 2.9857894474433705e-03,
       1.9656030234350003e-03, -3.4782920596064522e-03,
       1.0074540512133281e+00, 1.9562308652321726e-03,
       -2.6662916179106262e-03, -1.0194724691414733e-02,
       1.0003306042348041e+00 ]
T: !!opencv-matrix
   rows: 3
   cols: 1
   dt: d
   data: [ -2.9486966675877373e+01, 7.6352554086277880e-01,
       7.7334559798743001e+00 ]
E: !!opencv-matrix
   rows: 0
   cols: 0
   dt: u
   data: []
F: !!opencv-matrix
   rows: 0
   cols: 0
   dt: u
   data: []
K1: !!opencv-matrix
   rows: 3
   cols: 3
   dt: d
   data: [ 3.6701875180413612e+02, 0., 3.9037664016115195e+02, 0.,
       3.6716204186372624e+02, 2.4338910080475119e+02, 0., 0., 1. ]
D1: !!opencv-matrix
   rows: 5
   cols: 1
   dt: d
   data: [ -2.4607421185303142e-02, 6.4808671343714744e-04,
       1.1083256569659741e-03, -3.8146776821432244e-05,
       4.7547507517400993e-05 ]
P1: !!opencv-matrix
   rows: 3
   cols: 4
   dt: f
   data: [ 3.36527130e+02, 0., 6.20157532e+02, 0., 0., 3.36527130e+02,
       2.45932693e+02, 0., 0., 0., 1., 0. ]
R1: !!opencv-matrix
   rows: 3
   cols: 3
   dt: f
   data: [ 9.67810273e-01, -1.93566196e-02, -2.50935346e-01,
       2.00761370e-02, 9.99798417e-01, 3.07544047e-04, 2.50878811e-01,
       -5.33545669e-03, 9.68003809e-01 ]
K2: !!opencv-matrix
   rows: 3
   cols: 3
   dt: d
   data: [ 3.6634490901067966e+02, 0., 3.9259549032746332e+02, 0.,
       3.6656633165683280e+02, 2.3935289141635988e+02, 0., 0., 1. ]
D2: !!opencv-matrix
   rows: 5
   cols: 1
   dt: d
   data: [ -2.4382727863946366e-02, 2.3985110129057631e-04,
       -3.0263975945863427e-04, -1.9949004863733616e-04,
       1.3475004328980761e-04 ]
P2: !!opencv-matrix
   rows: 3
   cols: 4
   dt: f
   data: [ 3.36527130e+02, 0., 6.20157532e+02, -1.06780234e+04, 0.,
       3.36527130e+02, 2.45932693e+02, 0., 0., 0., 1., 0. ]
R2: !!opencv-matrix
   rows: 3
   cols: 3
   dt: f
   data: [ 9.67018783e-01, -2.44429670e-02, -2.53529400e-01,
       2.37156842e-02, 9.99701202e-01, -5.92495035e-03, 2.53598481e-01,
       -2.83084722e-04, 9.67309535e-01 ]
