%YAML:1.0
---
Q: !!opencv-matrix
   rows: 4
   cols: 4
   dt: f
   data: [ 1., 0., 0., -4.39454681e+02, 0., 1., 0., -2.42109360e+02, 0.,
       0., 0., 3.53855408e+02, 0., 0., 6.04968658e-03, 0. ]
R: !!opencv-matrix
   rows: 3
   cols: 3
   dt: d
   data: [ 1.0006400171074341e+00, 3.4767313607762785e-03,
       3.6444385957608125e-03, -3.4152870681666303e-03,
       1.0013027227970652e+00, 2.5268841190952888e-03,
       -3.5870275443815268e-03, -4.7625270029963765e-03,
       9.9943240314623527e-01 ]
T: !!opencv-matrix
   rows: 3
   cols: 1
   dt: d
   data: [ -1.6409137394963466e+02, 1.2852328639907600e+00,
       1.0146587329997550e+01 ]
E: !!opencv-matrix
   rows: 0
   cols: 0
   dt: u
   data: []
F: !!opencv-matrix
   rows: 0
   cols: 0
   dt: u
   data: []
K1: !!opencv-matrix
   rows: 3
   cols: 3
   dt: d
   data: [ 3.6701875180413612e+02, 0., 3.9037664016115195e+02, 0.,
       3.6716204186372624e+02, 2.4338910080475119e+02, 0., 0., 1. ]
D1: !!opencv-matrix
   rows: 5
   cols: 1
   dt: d
   data: [ -2.4607421185303142e-02, 6.4808671343714744e-04,
       1.1083256569659741e-03, -3.8146776821432244e-05,
       4.7547507517400993e-05 ]
P1: !!opencv-matrix
   rows: 3
   cols: 4
   dt: f
   data: [ 3.53855408e+02, 0., 4.39454681e+02, 0., 0., 3.53855408e+02,
       2.42109360e+02, 0., 0., 0., 1., 0. ]
R1: !!opencv-matrix
   rows: 3
   cols: 3
   dt: f
   data: [ 9.98373985e-01, -2.18461989e-03, -5.69615401e-02,
       2.28626514e-03, 9.99995887e-01, 1.71934930e-03, 5.69575503e-02,
       -1.84678286e-03, 9.98374879e-01 ]
K2: !!opencv-matrix
   rows: 3
   cols: 3
   dt: d
   data: [ 3.6634490901067966e+02, 0., 3.9259549032746332e+02, 0.,
       3.6656633165683280e+02, 2.3935289141635988e+02, 0., 0., 1. ]
D2: !!opencv-matrix
   rows: 5
   cols: 1
   dt: d
   data: [ -2.4382727863946366e-02, 2.3985110129057631e-04,
       -3.0263975945863427e-04, -1.9949004863733616e-04,
       1.3475004328980761e-04 ]
P2: !!opencv-matrix
   rows: 3
   cols: 4
   dt: f
   data: [ 3.53855408e+02, 0., 4.39454681e+02, -5.84915313e+04, 0.,
       3.53855408e+02, 2.42109360e+02, 0., 0., 0., 1., 0. ]
R2: !!opencv-matrix
   rows: 3
   cols: 3
   dt: f
   data: [ 9.98142123e-01, -5.92845213e-03, -6.06399514e-02,
       5.82022313e-03, 9.99981165e-01, -1.96125358e-03, 6.06504343e-02,
       1.60467171e-03, 9.98157799e-01 ]
