%YAML:1.0
---
Q: !!opencv-matrix
   rows: 4
   cols: 4
   dt: f
   data: [ 1., 0., 0., -4.06679932e+02, 0., 1., 0., -2.40385468e+02, 0.,
       0., 0., 3.57936005e+02, 0., 0., 1.37000168e-02, 0. ]
R: !!opencv-matrix
   rows: 3
   cols: 3
   dt: d
   data: [ 1.0013095425786689e+00, -9.2487057556284104e-04,
       2.3379763571927472e-04, -3.6230860177484951e-03,
       1.0029890559013925e+00, 4.2945625714771131e-03,
       -3.6066951653516929e-03, -4.6121765875638101e-03,
       1.0010788498634260e+00 ]
T: !!opencv-matrix
   rows: 3
   cols: 1
   dt: d
   data: [ -7.2678755722069056e+01, -4.6365129955922599e+00,
       7.7330395920836514e-01 ]
E: !!opencv-matrix
   rows: 0
   cols: 0
   dt: u
   data: []
F: !!opencv-matrix
   rows: 0
   cols: 0
   dt: u
   data: []
K1: !!opencv-matrix
   rows: 3
   cols: 3
   dt: d
   data: [ 3.6701875180413612e+02, 0., 3.9037664016115195e+02, 0.,
       3.6716204186372624e+02, 2.4338910080475119e+02, 0., 0., 1. ]
D1: !!opencv-matrix
   rows: 5
   cols: 1
   dt: d
   data: [ -2.4607421185303142e-02, 6.4808671343714744e-04,
       1.1083256569659741e-03, -3.8146776821432244e-05,
       4.7547507517400993e-05 ]
P1: !!opencv-matrix
   rows: 3
   cols: 4
   dt: f
   data: [ 3.57936005e+02, 0., 4.06679932e+02, 0., 0., 3.57936005e+02,
       2.40385468e+02, 0., 0., 0., 1., 0. ]
R1: !!opencv-matrix
   rows: 3
   cols: 3
   dt: f
   data: [ 9.98208404e-01, 5.75482957e-02, -1.63744763e-02,
       -5.75123988e-02, 9.98341262e-01, 2.65527610e-03, 1.65001210e-02,
       -1.70878356e-03, 9.99862432e-01 ]
K2: !!opencv-matrix
   rows: 3
   cols: 3
   dt: d
   data: [ 3.6634490901067966e+02, 0., 3.9259549032746332e+02, 0.,
       3.6656633165683280e+02, 2.3935289141635988e+02, 0., 0., 1. ]
D2: !!opencv-matrix
   rows: 5
   cols: 1
   dt: d
   data: [ -2.4382727863946366e-02, 2.3985110129057631e-04,
       -3.0263975945863427e-04, -1.9949004863733616e-04,
       1.3475004328980761e-04 ]
P2: !!opencv-matrix
   rows: 3
   cols: 4
   dt: f
   data: [ 3.57936005e+02, 0., 4.06679932e+02, -2.61266855e+04, 0.,
       3.57936005e+02, 2.40385468e+02, 0., 0., 0., 1., 0. ]
R2: !!opencv-matrix
   rows: 3
   cols: 3
   dt: f
   data: [ 9.98241007e-01, 5.63159809e-02, -1.85316615e-02,
       -5.63563220e-02, 9.98409331e-01, -1.66132057e-03, 1.84086245e-02,
       2.70277471e-03, 9.99826908e-01 ]
