%YAML:1.0
---
Q: !!opencv-matrix
   rows: 4
   cols: 4
   dt: f
   data: [ 1., 0., 0., -6.57416199e+02, 0., 1., 0., -2.47584641e+02, 0.,
       0., 0., 3.18434723e+02, 0., 0., 7.95041304e-03, 0. ]
R: !!opencv-matrix
   rows: 3
   cols: 3
   dt: d
   data: [ 1.0044701416391981e+00, -5.3041995314043484e-03,
       -5.5282193101997366e-03, -3.6726494668943735e-03,
       1.0032327143402804e+00, 2.1365081334900646e-03,
       -4.0320313449707006e-03, -9.0607832489055361e-03,
       9.9702173379377712e-01 ]
T: !!opencv-matrix
   rows: 3
   cols: 1
   dt: d
   data: [ -1.0912731758609002e+02, 3.0308044573232262e+00,
       3.2685148304323071e+01 ]
E: !!opencv-matrix
   rows: 0
   cols: 0
   dt: u
   data: []
F: !!opencv-matrix
   rows: 0
   cols: 0
   dt: u
   data: []
K1: !!opencv-matrix
   rows: 3
   cols: 3
   dt: d
   data: [ 3.6701875180413612e+02, 0., 3.9037664016115195e+02, 0.,
       3.6716204186372624e+02, 2.4338910080475119e+02, 0., 0., 1. ]
D1: !!opencv-matrix
   rows: 5
   cols: 1
   dt: d
   data: [ -2.4607421185303142e-02, 6.4808671343714744e-04,
       1.1083256569659741e-03, -3.8146776821432244e-05,
       4.7547507517400993e-05 ]
P1: !!opencv-matrix
   rows: 3
   cols: 4
   dt: f
   data: [ 3.18434723e+02, 0., 6.57416199e+02, 0., 0., 3.18434723e+02,
       2.47584641e+02, 0., 0., 0., 1., 0. ]
R1: !!opencv-matrix
   rows: 3
   cols: 3
   dt: f
   data: [ 9.58784163e-01, -2.63059381e-02, -2.82914996e-01,
       2.71164775e-02, 9.99631703e-01, -1.05120521e-03, 2.82838464e-01,
       -6.66377926e-03, 9.59144413e-01 ]
K2: !!opencv-matrix
   rows: 3
   cols: 3
   dt: d
   data: [ 3.6634490901067966e+02, 0., 3.9259549032746332e+02, 0.,
       3.6656633165683280e+02, 2.3935289141635988e+02, 0., 0., 1. ]
D2: !!opencv-matrix
   rows: 5
   cols: 1
   dt: d
   data: [ -2.4382727863946366e-02, 2.3985110129057631e-04,
       -3.0263975945863427e-04, -1.9949004863733616e-04,
       1.3475004328980761e-04 ]
P2: !!opencv-matrix
   rows: 3
   cols: 4
   dt: f
   data: [ 3.18434723e+02, 0., 6.57416199e+02, -4.00526016e+04, 0.,
       3.18434723e+02, 2.47584641e+02, 0., 0., 0., 1., 0. ]
R2: !!opencv-matrix
   rows: 3
   cols: 3
   dt: f
   data: [ 9.58705425e-01, -2.80312560e-02, -2.83016086e-01,
       2.72201877e-02, 9.99606371e-01, -6.79847598e-03, 2.83095241e-01,
       -1.18601485e-03, 9.59091067e-01 ]
