%YAML:1.0
---
Q: !!opencv-matrix
   rows: 4
   cols: 4
   dt: f
   data: [ 1., 0., 0., -5.06700165e+02, 0., 1., 0., -2.42037857e+02, 0.,
       0., 0., 3.47926270e+02, 0., 0., 4.49292883e-02, 0. ]
R: !!opencv-matrix
   rows: 3
   cols: 3
   dt: d
   data: [ 1.0024416105627278e+00, 1.2436214023407979e-04,
       -2.5291913743420249e-03, -3.8220953597175628e-03,
       1.0073634290081495e+00, 2.7924617574210785e-03,
       -3.4080766459630811e-03, -6.3955129215427777e-03,
       1.0036738278389117e+00 ]
T: !!opencv-matrix
   rows: 3
   cols: 1
   dt: d
   data: [ -2.3084917680304130e+01, 1.5698636452075698e-03,
       3.2576340273393867e+00 ]
E: !!opencv-matrix
   rows: 0
   cols: 0
   dt: u
   data: []
F: !!opencv-matrix
   rows: 0
   cols: 0
   dt: u
   data: []
K1: !!opencv-matrix
   rows: 3
   cols: 3
   dt: d
   data: [ 3.6701875180413612e+02, 0., 3.9037664016115195e+02, 0.,
       3.6716204186372624e+02, 2.4338910080475119e+02, 0., 0., 1. ]
D1: !!opencv-matrix
   rows: 5
   cols: 1
   dt: d
   data: [ -2.4607421185303142e-02, 6.4808671343714744e-04,
       1.1083256569659741e-03, -3.8146776821432244e-05,
       4.7547507517400993e-05 ]
P1: !!opencv-matrix
   rows: 3
   cols: 4
   dt: f
   data: [ 3.47926270e+02, 0., 5.06700165e+02, 0., 0., 3.47926270e+02,
       2.42037857e+02, 0., 0., 0., 1., 0. ]
R1: !!opencv-matrix
   rows: 3
   cols: 3
   dt: f
   data: [ 9.90311921e-01, 4.08372696e-04, -1.38860270e-01,
       -1.00066478e-04, 9.99997497e-01, 2.22723628e-03, 1.38860837e-01,
       -2.19176337e-03, 9.90309477e-01 ]
K2: !!opencv-matrix
   rows: 3
   cols: 3
   dt: d
   data: [ 3.6634490901067966e+02, 0., 3.9259549032746332e+02, 0.,
       3.6656633165683280e+02, 2.3935289141635988e+02, 0., 0., 1. ]
D2: !!opencv-matrix
   rows: 5
   cols: 1
   dt: d
   data: [ -2.4382727863946366e-02, 2.3985110129057631e-04,
       -3.0263975945863427e-04, -1.9949004863733616e-04,
       1.3475004328980761e-04 ]
P2: !!opencv-matrix
   rows: 3
   cols: 4
   dt: f
   data: [ 3.47926270e+02, 0., 5.06700165e+02, -7.74386377e+03, 0.,
       3.47926270e+02, 2.42037857e+02, 0., 0., 0., 1., 0. ]
R2: !!opencv-matrix
   rows: 3
   cols: 3
   dt: f
   data: [ 9.90333498e-01, -1.26669928e-03, -1.38701126e-01,
       9.58745950e-04, 9.99996901e-01, -2.28705537e-03, 1.38703600e-01,
       2.13196827e-03, 9.90331650e-01 ]
