%YAML:1.0
---
Q: !!opencv-matrix
   rows: 4
   cols: 4
   dt: f
   data: [ 1., 0., 0., -4.86525421e+02, 0., 1., 0., -2.40427078e+02, 0.,
       0., 0., 3.52776611e+02, 0., 0., 3.10707912e-02, 0. ]
R: !!opencv-matrix
   rows: 3
   cols: 3
   dt: d
   data: [ 1.0027530977956989e+00, 1.0179485849893613e-03,
       -1.2675847901612257e-03, -3.8645240909786446e-03,
       1.0063493445032397e+00, 3.1830754925404269e-03,
       -3.5070721580405676e-03, -6.3143476959325257e-03,
       1.0028240165265874e+00 ]
T: !!opencv-matrix
   rows: 3
   cols: 1
   dt: d
   data: [ -3.1956749616167741e+01, -5.5947925238376273e-01,
       3.6238644511769773e+00 ]
E: !!opencv-matrix
   rows: 0
   cols: 0
   dt: u
   data: []
F: !!opencv-matrix
   rows: 0
   cols: 0
   dt: u
   data: []
K1: !!opencv-matrix
   rows: 3
   cols: 3
   dt: d
   data: [ 3.6701875180413612e+02, 0., 3.9037664016115195e+02, 0.,
       3.6716204186372624e+02, 2.4338910080475119e+02, 0., 0., 1. ]
D1: !!opencv-matrix
   rows: 5
   cols: 1
   dt: d
   data: [ -2.4607421185303142e-02, 6.4808671343714744e-04,
       1.1083256569659741e-03, -3.8146776821432244e-05,
       4.7547507517400993e-05 ]
P1: !!opencv-matrix
   rows: 3
   cols: 4
   dt: f
   data: [ 3.52776611e+02, 0., 4.86525421e+02, 0., 0., 3.52776611e+02,
       2.40427078e+02, 0., 0., 0., 1., 0. ]
R1: !!opencv-matrix
   rows: 3
   cols: 3
   dt: f
   data: [ 9.93141651e-01, 2.08643116e-02, -1.15040496e-01,
       -2.06004325e-02, 9.99781728e-01, 3.48234526e-03, 1.15088038e-01,
       -1.08857837e-03, 9.93354678e-01 ]
K2: !!opencv-matrix
   rows: 3
   cols: 3
   dt: d
   data: [ 3.6634490901067966e+02, 0., 3.9259549032746332e+02, 0.,
       3.6656633165683280e+02, 2.3935289141635988e+02, 0., 0., 1. ]
D2: !!opencv-matrix
   rows: 5
   cols: 1
   dt: d
   data: [ -2.4382727863946366e-02, 2.3985110129057631e-04,
       -3.0263975945863427e-04, -1.9949004863733616e-04,
       1.3475004328980761e-04 ]
P2: !!opencv-matrix
   rows: 3
   cols: 4
   dt: f
   data: [ 3.52776611e+02, 0., 4.86525421e+02, -1.13539629e+04, 0.,
       3.52776611e+02, 2.40427078e+02, 0., 0., 0., 1., 0. ]
R2: !!opencv-matrix
   rows: 3
   cols: 3
   dt: f
   data: [ 9.93075848e-01, 1.80100650e-02, -1.16086416e-01,
       -1.82762463e-02, 9.99832213e-01, -1.22886652e-03, 1.16044804e-01,
       3.34198168e-03, 9.93238330e-01 ]
