%YAML:1.0
---
Q: !!opencv-matrix
   rows: 4
   cols: 4
   dt: f
   data: [ 1., 0., 0., -5.52250244e+02, 0., 1., 0., -2.45579773e+02, 0.,
       0., 0., 3.52316376e+02, 0., 0., 1.27611449e-02, 0. ]
R: !!opencv-matrix
   rows: 3
   cols: 3
   dt: d
   data: [ 1.0023337043547897e+00, -5.1870622439638935e-03,
       -6.1146630301964194e-03, -2.9426201923920732e-03,
       1.0021095402237632e+00, 2.7115470068179558e-03,
       -2.9803639736942248e-03, -6.5941746543252125e-03,
       1.0001915749864985e+00 ]
T: !!opencv-matrix
   rows: 3
   cols: 1
   dt: d
   data: [ -6.9204577156000909e+01, 2.1914602912646844e-01,
       8.0289156077085408e+00 ]
E: !!opencv-matrix
   rows: 0
   cols: 0
   dt: u
   data: []
F: !!opencv-matrix
   rows: 0
   cols: 0
   dt: u
   data: []
K1: !!opencv-matrix
   rows: 3
   cols: 3
   dt: d
   data: [ 3.6701875180413612e+02, 0., 3.9037664016115195e+02, 0.,
       3.6716204186372624e+02, 2.4338910080475119e+02, 0., 0., 1. ]
D1: !!opencv-matrix
   rows: 5
   cols: 1
   dt: d
   data: [ -2.4607421185303142e-02, 6.4808671343714744e-04,
       1.1083256569659741e-03, -3.8146776821432244e-05,
       4.7547507517400993e-05 ]
P1: !!opencv-matrix
   rows: 3
   cols: 4
   dt: f
   data: [ 3.52316376e+02, 0., 5.52250244e+02, 0., 0., 3.52316376e+02,
       2.45579773e+02, 0., 0., 0., 1., 0. ]
R1: !!opencv-matrix
   rows: 3
   cols: 3
   dt: f
   data: [ 9.81691778e-01, -2.79764924e-02, -1.88410580e-01,
       2.84802578e-02, 9.99594331e-01, -3.34751858e-05, 1.88335091e-01,
       -5.33312000e-03, 9.82090354e-01 ]
K2: !!opencv-matrix
   rows: 3
   cols: 3
   dt: d
   data: [ 3.6634490901067966e+02, 0., 3.9259549032746332e+02, 0.,
       3.6656633165683280e+02, 2.3935289141635988e+02, 0., 0., 1. ]
D2: !!opencv-matrix
   rows: 5
   cols: 1
   dt: d
   data: [ -2.4382727863946366e-02, 2.3985110129057631e-04,
       -3.0263975945863427e-04, -1.9949004863733616e-04,
       1.3475004328980761e-04 ]
P2: !!opencv-matrix
   rows: 3
   cols: 4
   dt: f
   data: [ 3.52316376e+02, 0., 5.52250244e+02, -2.76085234e+04, 0.,
       3.52316376e+02, 2.45579773e+02, 0., 0., 0., 1., 0. ]
R2: !!opencv-matrix
   rows: 3
   cols: 3
   dt: f
   data: [ 9.81819749e-01, -2.89001931e-02, -1.87602594e-01,
       2.83983983e-02, 9.99582291e-01, -5.36245992e-03, 1.87679216e-01,
       -6.26442852e-05, 9.82230365e-01 ]
