%YAML:1.0
---
Q: !!opencv-matrix
   rows: 4
   cols: 4
   dt: f
   data: [ 1., 0., 0., -5.34710388e+02, 0., 1., 0., -2.42168350e+02, 0.,
       0., 0., 3.46220703e+02, 0., 0., 4.24183235e-02, 0. ]
R: !!opencv-matrix
   rows: 3
   cols: 3
   dt: d
   data: [ 1.0039816307269889e+00, -1.4871409803392339e-03,
       -3.6422677117448226e-03, -3.6199735247872556e-03,
       1.0067615079955301e+00, 2.7271902128030534e-03,
       -2.9870075534810408e-03, -6.8190978572724228e-03,
       1.0027825574403797e+00 ]
T: !!opencv-matrix
   rows: 3
   cols: 1
   dt: d
   data: [ -2.2355653134177288e+01, 8.8321812515324630e-02,
       3.8140703751084089e+00 ]
E: !!opencv-matrix
   rows: 0
   cols: 0
   dt: u
   data: []
F: !!opencv-matrix
   rows: 0
   cols: 0
   dt: u
   data: []
K1: !!opencv-matrix
   rows: 3
   cols: 3
   dt: d
   data: [ 3.6701875180413612e+02, 0., 3.9037664016115195e+02, 0.,
       3.6716204186372624e+02, 2.4338910080475119e+02, 0., 0., 1. ]
D1: !!opencv-matrix
   rows: 5
   cols: 1
   dt: d
   data: [ -2.4607421185303142e-02, 6.4808671343714744e-04,
       1.1083256569659741e-03, -3.8146776821432244e-05,
       4.7547507517400993e-05 ]
P1: !!opencv-matrix
   rows: 3
   cols: 4
   dt: f
   data: [ 3.46220703e+02, 0., 5.34710388e+02, 0., 0., 3.46220703e+02,
       2.42168350e+02, 0., 0., 0., 1., 0. ]
R1: !!opencv-matrix
   rows: 3
   cols: 3
   dt: f
   data: [ 9.85525966e-01, -3.80433376e-05, -1.69524670e-01,
       4.36911359e-04, 9.99997199e-01, 2.31555826e-03, 1.69524118e-01,
       -2.35610991e-03, 9.85523224e-01 ]
K2: !!opencv-matrix
   rows: 3
   cols: 3
   dt: d
   data: [ 3.6634490901067966e+02, 0., 3.9259549032746332e+02, 0.,
       3.6656633165683280e+02, 2.3935289141635988e+02, 0., 0., 1. ]
D2: !!opencv-matrix
   rows: 5
   cols: 1
   dt: d
   data: [ -2.4382727863946366e-02, 2.3985110129057631e-04,
       -3.0263975945863427e-04, -1.9949004863733616e-04,
       1.3475004328980761e-04 ]
P2: !!opencv-matrix
   rows: 3
   cols: 4
   dt: f
   data: [ 3.46220703e+02, 0., 5.34710388e+02, -8.16205566e+03, 0.,
       3.46220703e+02, 2.42168350e+02, 0., 0., 0., 1., 0. ]
R2: !!opencv-matrix
   rows: 3
   cols: 3
   dt: f
   data: [ 9.85520303e-01, -2.08187150e-03, -1.69544533e-01,
       1.68295042e-03, 9.99995470e-01, -2.49657314e-03, 1.69548959e-01,
       2.17508851e-03, 9.85519350e-01 ]
