%YAML:1.0
---
Q: !!opencv-matrix
   rows: 4
   cols: 4
   dt: f
   data: [ 1., 0., 0., -4.23541290e+02, 0., 1., 0., -2.41690689e+02, 0.,
       0., 0., 3.52773499e+02, 0., 0., 6.10444322e-03, 0. ]
R: !!opencv-matrix
   rows: 3
   cols: 3
   dt: d
   data: [ 1.0006434019202481e+00, 3.6531362226682302e-03,
       3.7995306695768880e-03, -3.4183940858693827e-03,
       1.0013202181969971e+00, 2.5856798380626505e-03,
       -3.5968021833863825e-03, -4.7484464718140140e-03,
       9.9941076052350997e-01 ]
T: !!opencv-matrix
   rows: 3
   cols: 1
   dt: d
   data: [ -1.6499071692516998e+02, 9.7996021700535829e-01,
       1.0023651859742111e+01 ]
E: !!opencv-matrix
   rows: 0
   cols: 0
   dt: u
   data: []
F: !!opencv-matrix
   rows: 0
   cols: 0
   dt: u
   data: []
K1: !!opencv-matrix
   rows: 3
   cols: 3
   dt: d
   data: [ 3.6701875180413612e+02, 0., 3.9037664016115195e+02, 0.,
       3.6716204186372624e+02, 2.4338910080475119e+02, 0., 0., 1. ]
D1: !!opencv-matrix
   rows: 5
   cols: 1
   dt: d
   data: [ -2.4607421185303142e-02, 6.4808671343714744e-04,
       1.1083256569659741e-03, -3.8146776821432244e-05,
       4.7547507517400993e-05 ]
P1: !!opencv-matrix
   rows: 3
   cols: 4
   dt: f
   data: [ 3.52773499e+02, 0., 4.23541290e+02, 0., 0., 3.52773499e+02,
       2.41690689e+02, 0., 0., 0., 1., 0. ]
R1: !!opencv-matrix
   rows: 3
   cols: 3
   dt: f
   data: [ 9.99284804e-01, 7.46981520e-03, -3.70689444e-02,
       -7.40480935e-03, 9.99970794e-01, 1.89062895e-03, 3.70819867e-02,
       -1.61478831e-03, 9.99310911e-01 ]
K2: !!opencv-matrix
   rows: 3
   cols: 3
   dt: d
   data: [ 3.6634490901067966e+02, 0., 3.9259549032746332e+02, 0.,
       3.6656633165683280e+02, 2.3935289141635988e+02, 0., 0., 1. ]
D2: !!opencv-matrix
   rows: 5
   cols: 1
   dt: d
   data: [ -2.4382727863946366e-02, 2.3985110129057631e-04,
       -3.0263975945863427e-04, -1.9949004863733616e-04,
       1.3475004328980761e-04 ]
P2: !!opencv-matrix
   rows: 3
   cols: 4
   dt: f
   data: [ 3.52773499e+02, 0., 4.23541290e+02, -5.77896250e+04, 0.,
       3.52773499e+02, 2.41690689e+02, 0., 0., 0., 1., 0. ]
R2: !!opencv-matrix
   rows: 3
   cols: 3
   dt: f
   data: [ 9.99164224e-01, 3.82535928e-03, -4.06970456e-02,
       -3.89671116e-03, 9.99991000e-01, -1.67406304e-03, 4.06902768e-02,
       1.83124852e-03, 9.99170125e-01 ]
