%YAML:1.0
---
Q: !!opencv-matrix
   rows: 4
   cols: 4
   dt: f
   data: [ 1., 0., 0., -4.41911560e+02, 0., 1., 0., -2.38773621e+02, 0.,
       0., 0., 3.61485779e+02, 0., 0., 1.33146625e-02, 0. ]
R: !!opencv-matrix
   rows: 3
   cols: 3
   dt: d
   data: [ 9.9795899990375780e-01, -5.9923480745804588e-03,
       -8.9389021274695092e-03, -4.2568155064333915e-03,
       1.0049483605513827e+00, 3.8070998741255350e-03,
       -3.1101994324704957e-03, -4.7084189681967249e-03,
       1.0024542734864437e+00 ]
T: !!opencv-matrix
   rows: 3
   cols: 1
   dt: d
   data: [ -7.4816322142604989e+01, -4.7651574348612646e+00,
       4.5385314136042565e+00 ]
E: !!opencv-matrix
   rows: 0
   cols: 0
   dt: u
   data: []
F: !!opencv-matrix
   rows: 0
   cols: 0
   dt: u
   data: []
K1: !!opencv-matrix
   rows: 3
   cols: 3
   dt: d
   data: [ 3.6701875180413612e+02, 0., 3.9037664016115195e+02, 0.,
       3.6716204186372624e+02, 2.4338910080475119e+02, 0., 0., 1. ]
D1: !!opencv-matrix
   rows: 5
   cols: 1
   dt: d
   data: [ -2.4607421185303142e-02, 6.4808671343714744e-04,
       1.1083256569659741e-03, -3.8146776821432244e-05,
       4.7547507517400993e-05 ]
P1: !!opencv-matrix
   rows: 3
   cols: 4
   dt: f
   data: [ 3.61485779e+02, 0., 4.41911560e+02, 0., 0., 3.61485779e+02,
       2.38773621e+02, 0., 0., 0., 1., 0. ]
R1: !!opencv-matrix
   rows: 3
   cols: 3
   dt: f
   data: [ 9.96030390e-01, 6.28316104e-02, -6.30532056e-02,
       -6.26941249e-02, 9.98024106e-01, 4.15864168e-03, 6.31899163e-02,
       -1.89067883e-04, 9.98001516e-01 ]
K2: !!opencv-matrix
   rows: 3
   cols: 3
   dt: d
   data: [ 3.6634490901067966e+02, 0., 3.9259549032746332e+02, 0.,
       3.6656633165683280e+02, 2.3935289141635988e+02, 0., 0., 1. ]
D2: !!opencv-matrix
   rows: 5
   cols: 1
   dt: d
   data: [ -2.4382727863946366e-02, 2.3985110129057631e-04,
       -3.0263975945863427e-04, -1.9949004863733616e-04,
       1.3475004328980761e-04 ]
P2: !!opencv-matrix
   rows: 3
   cols: 4
   dt: f
   data: [ 3.61485779e+02, 0., 4.41911560e+02, -2.71494512e+04, 0.,
       3.61485779e+02, 2.38773621e+02, 0., 0., 0., 1., 0. ]
R2: !!opencv-matrix
   rows: 3
   cols: 3
   dt: f
   data: [ 9.96154070e-01, 6.34464622e-02, -6.04290105e-02,
       -6.35779351e-02, 9.97976840e-01, -2.53433594e-04, 6.02906756e-02,
       4.09441069e-03, 9.98172462e-01 ]
