%YAML:1.0
---
Q: !!opencv-matrix
   rows: 4
   cols: 4
   dt: f
   data: [ 1., 0., 0., -4.79689453e+02, 0., 1., 0., -2.42434479e+02, 0.,
       0., 0., 3.51632111e+02, 0., 0., 3.41894962e-02, 0. ]
R: !!opencv-matrix
   rows: 3
   cols: 3
   dt: d
   data: [ 1.0024314252322979e+00, 7.0312803950419508e-04,
       -6.2975567938605907e-05, -3.5565712937837475e-03,
       1.0061275626198418e+00, 2.5010710453899883e-03,
       -3.2814056328930577e-03, -5.7670974674951638e-03,
       1.0034445402163874e+00 ]
T: !!opencv-matrix
   rows: 3
   cols: 1
   dt: d
   data: [ -2.9062647135990900e+01, 2.9175313910553713e-01,
       2.9260455404347252e+00 ]
E: !!opencv-matrix
   rows: 0
   cols: 0
   dt: u
   data: []
F: !!opencv-matrix
   rows: 0
   cols: 0
   dt: u
   data: []
K1: !!opencv-matrix
   rows: 3
   cols: 3
   dt: d
   data: [ 3.6701875180413612e+02, 0., 3.9037664016115195e+02, 0.,
       3.6716204186372624e+02, 2.4338910080475119e+02, 0., 0., 1. ]
D1: !!opencv-matrix
   rows: 5
   cols: 1
   dt: d
   data: [ -2.4607421185303142e-02, 6.4808671343714744e-04,
       1.1083256569659741e-03, -3.8146776821432244e-05,
       4.7547507517400993e-05 ]
P1: !!opencv-matrix
   rows: 3
   cols: 4
   dt: f
   data: [ 3.51632111e+02, 0., 4.79689453e+02, 0., 0., 3.51632111e+02,
       2.42434479e+02, 0., 0., 0., 1., 0. ]
R1: !!opencv-matrix
   rows: 3
   cols: 3
   dt: f
   data: [ 9.94260490e-01, -5.12464112e-03, -1.06863461e-01,
       5.34529937e-03, 9.99984145e-01, 1.77853496e-03, 1.06852651e-01,
       -2.33954424e-03, 9.94272113e-01 ]
K2: !!opencv-matrix
   rows: 3
   cols: 3
   dt: d
   data: [ 3.6634490901067966e+02, 0., 3.9259549032746332e+02, 0.,
       3.6656633165683280e+02, 2.3935289141635988e+02, 0., 0., 1. ]
D2: !!opencv-matrix
   rows: 5
   cols: 1
   dt: d
   data: [ -2.4382727863946366e-02, 2.3985110129057631e-04,
       -3.0263975945863427e-04, -1.9949004863733616e-04,
       1.3475004328980761e-04 ]
P2: !!opencv-matrix
   rows: 3
   cols: 4
   dt: f
   data: [ 3.51632111e+02, 0., 4.79689453e+02, -1.02847998e+04, 0.,
       3.51632111e+02, 2.42434479e+02, 0., 0., 0., 1., 0. ]
R2: !!opencv-matrix
   rows: 3
   cols: 3
   dt: f
   data: [ 9.94083762e-01, -7.65965832e-03, -1.08345859e-01,
       7.43590156e-03, 9.99969304e-01, -2.46907678e-03, 1.08361445e-01,
       1.64882001e-03, 9.94110167e-01 ]
