%YAML:1.0
---
Q: !!opencv-matrix
   rows: 4
   cols: 4
   dt: f
   data: [ 1., 0., 0., -4.66530609e+02, 0., 1., 0., -2.41767120e+02, 0.,
       0., 0., 3.50724762e+02, 0., 0., 3.50439437e-02, 0. ]
R: !!opencv-matrix
   rows: 3
   cols: 3
   dt: d
   data: [ 1.0025135345115281e+00, -1.7680033780185974e-04,
       -7.9025174216904265e-04, -3.6437455934103650e-03,
       1.0057147670334392e+00, 2.7653036942295681e-03,
       -3.5748672238415428e-03, -5.0958476722404167e-03,
       1.0036027705879662e+00 ]
T: !!opencv-matrix
   rows: 3
   cols: 1
   dt: d
   data: [ -2.7867724643537596e+01, -4.8143175702658983e-02,
       1.9991124152844828e+00 ]
E: !!opencv-matrix
   rows: 0
   cols: 0
   dt: u
   data: []
F: !!opencv-matrix
   rows: 0
   cols: 0
   dt: u
   data: []
K1: !!opencv-matrix
   rows: 3
   cols: 3
   dt: d
   data: [ 3.6701875180413612e+02, 0., 3.9037664016115195e+02, 0.,
       3.6716204186372624e+02, 2.4338910080475119e+02, 0., 0., 1. ]
D1: !!opencv-matrix
   rows: 5
   cols: 1
   dt: d
   data: [ -2.4607421185303142e-02, 6.4808671343714744e-04,
       1.1083256569659741e-03, -3.8146776821432244e-05,
       4.7547507517400993e-05 ]
P1: !!opencv-matrix
   rows: 3
   cols: 4
   dt: f
   data: [ 3.50724762e+02, 0., 4.66530609e+02, 0., 0., 3.50724762e+02,
       2.41767120e+02, 0., 0., 0., 1., 0. ]
R1: !!opencv-matrix
   rows: 3
   cols: 3
   dt: f
   data: [ 9.95830417e-01, 3.77777638e-03, -9.11458433e-02,
       -3.59283225e-03, 9.99991119e-01, 2.19309446e-03, 9.11533162e-02,
       -1.85647851e-03, 9.95835125e-01 ]
K2: !!opencv-matrix
   rows: 3
   cols: 3
   dt: d
   data: [ 3.6634490901067966e+02, 0., 3.9259549032746332e+02, 0.,
       3.6656633165683280e+02, 2.3935289141635988e+02, 0., 0., 1. ]
D2: !!opencv-matrix
   rows: 5
   cols: 1
   dt: d
   data: [ -2.4382727863946366e-02, 2.3985110129057631e-04,
       -3.0263975945863427e-04, -1.9949004863733616e-04,
       1.3475004328980761e-04 ]
P2: !!opencv-matrix
   rows: 3
   cols: 4
   dt: f
   data: [ 3.50724762e+02, 0., 4.66530609e+02, -1.00081426e+04, 0.,
       3.50724762e+02, 2.41767120e+02, 0., 0., 0., 1., 0. ]
R2: !!opencv-matrix
   rows: 3
   cols: 3
   dt: f
   data: [ 9.95697975e-01, 1.46340870e-03, -9.26468223e-02,
       -1.65139383e-03, 9.99996722e-01, -1.95242080e-03, 9.26436633e-02,
       2.09701783e-03, 9.95697141e-01 ]
