%YAML:1.0
---
Q: !!opencv-matrix
   rows: 4
   cols: 4
   dt: f
   data: [ 1., 0., 0., -5.12644287e+02, 0., 1., 0., -2.42227875e+02, 0.,
       0., 0., 3.48732819e+02, 0., 0., 2.56716684e-02, 0. ]
R: !!opencv-matrix
   rows: 3
   cols: 3
   dt: d
   data: [ 1.0020818291538223e+00, 4.2290224171370619e-04,
       4.2916046693621028e-04, -3.5958514845407358e-03,
       1.0066409371604821e+00, 2.7679999137792499e-03,
       -3.3094228727592310e-03, -6.6770400507780818e-03,
       1.0027138332707148e+00 ]
T: !!opencv-matrix
   rows: 3
   cols: 1
   dt: d
   data: [ -3.8015029277635492e+01, -2.6385252175901642e-02,
       5.2486095547662268e+00 ]
E: !!opencv-matrix
   rows: 0
   cols: 0
   dt: u
   data: []
F: !!opencv-matrix
   rows: 0
   cols: 0
   dt: u
   data: []
K1: !!opencv-matrix
   rows: 3
   cols: 3
   dt: d
   data: [ 3.6701875180413612e+02, 0., 3.9037664016115195e+02, 0.,
       3.6716204186372624e+02, 2.4338910080475119e+02, 0., 0., 1. ]
D1: !!opencv-matrix
   rows: 5
   cols: 1
   dt: d
   data: [ -2.4607421185303142e-02, 6.4808671343714744e-04,
       1.1083256569659741e-03, -3.8146776821432244e-05,
       4.7547507517400993e-05 ]
P1: !!opencv-matrix
   rows: 3
   cols: 4
   dt: f
   data: [ 3.48732819e+02, 0., 5.12644287e+02, 0., 0., 3.48732819e+02,
       2.42227875e+02, 0., 0., 0., 1., 0. ]
R1: !!opencv-matrix
   rows: 3
   cols: 3
   dt: f
   data: [ 9.89507198e-01, -8.79277184e-04, -1.44480944e-01,
       1.21756108e-03, 9.99996722e-01, 2.25296919e-03, 1.44478500e-01,
       -2.40524369e-03, 9.89504993e-01 ]
K2: !!opencv-matrix
   rows: 3
   cols: 3
   dt: d
   data: [ 3.6634490901067966e+02, 0., 3.9259549032746332e+02, 0.,
       3.6656633165683280e+02, 2.3935289141635988e+02, 0., 0., 1. ]
D2: !!opencv-matrix
   rows: 5
   cols: 1
   dt: d
   data: [ -2.4382727863946366e-02, 2.3985110129057631e-04,
       -3.0263975945863427e-04, -1.9949004863733616e-04,
       1.3475004328980761e-04 ]
P2: !!opencv-matrix
   rows: 3
   cols: 4
   dt: f
   data: [ 3.48732819e+02, 0., 5.12644287e+02, -1.35843467e+04, 0.,
       3.48732819e+02, 2.42227875e+02, 0., 0., 0., 1., 0. ]
R2: !!opencv-matrix
   rows: 3
   cols: 3
   dt: f
   data: [ 9.89216685e-01, -3.66083602e-03, -1.46413445e-01,
       3.31798987e-03, 9.99991179e-01, -2.58577708e-03, 1.46421611e-01,
       2.07209564e-03, 9.89220083e-01 ]
