%YAML:1.0
---
Q: !!opencv-matrix
   rows: 4
   cols: 4
   dt: f
   data: [ 1., 0., 0., -4.20265503e+02, 0., 1., 0., -2.41833115e+02, 0.,
       0., 0., 3.52708893e+02, 0., 0., 6.01379806e-03, 0. ]
R: !!opencv-matrix
   rows: 3
   cols: 3
   dt: d
   data: [ 9.9938402175031549e-01, 1.6099223978963118e-03,
       8.9267141728201769e-04, -3.5985002497260698e-03,
       1.0015846522289473e+00, 2.7425896536524075e-03,
       -3.6069390303376130e-03, -4.3166307975704022e-03,
       1.0002235504116550e+00 ]
T: !!opencv-matrix
   rows: 3
   cols: 1
   dt: d
   data: [ -1.6431987906702210e+02, 4.5497940481566196e-01,
       7.1964102187444885e+00 ]
E: !!opencv-matrix
   rows: 0
   cols: 0
   dt: u
   data: []
F: !!opencv-matrix
   rows: 0
   cols: 0
   dt: u
   data: []
K1: !!opencv-matrix
   rows: 3
   cols: 3
   dt: d
   data: [ 3.6701875180413612e+02, 0., 3.9037664016115195e+02, 0.,
       3.6716204186372624e+02, 2.4338910080475119e+02, 0., 0., 1. ]
D1: !!opencv-matrix
   rows: 5
   cols: 1
   dt: d
   data: [ -2.4607421185303142e-02, 6.4808671343714744e-04,
       1.1083256569659741e-03, -3.8146776821432244e-05,
       4.7547507517400993e-05 ]
P1: !!opencv-matrix
   rows: 3
   cols: 4
   dt: f
   data: [ 3.52708893e+02, 0., 4.20265503e+02, 0., 0., 3.52708893e+02,
       2.41833115e+02, 0., 0., 0., 1., 0. ]
R1: !!opencv-matrix
   rows: 3
   cols: 3
   dt: f
   data: [ 9.99430776e-01, 3.30893579e-03, -3.35726626e-02,
       -3.25118634e-03, 9.99993145e-01, 1.77458231e-03, 3.35783064e-02,
       -1.66442117e-03, 9.99434710e-01 ]
K2: !!opencv-matrix
   rows: 3
   cols: 3
   dt: d
   data: [ 3.6634490901067966e+02, 0., 3.9259549032746332e+02, 0.,
       3.6656633165683280e+02, 2.3935289141635988e+02, 0., 0., 1. ]
D2: !!opencv-matrix
   rows: 5
   cols: 1
   dt: d
   data: [ -2.4382727863946366e-02, 2.3985110129057631e-04,
       -3.0263975945863427e-04, -1.9949004863733616e-04,
       1.3475004328980761e-04 ]
P2: !!opencv-matrix
   rows: 3
   cols: 4
   dt: f
   data: [ 3.52708893e+02, 0., 4.20265503e+02, -5.86499414e+04, 0.,
       3.52708893e+02, 2.41833115e+02, 0., 0., 0., 1., 0. ]
R2: !!opencv-matrix
   rows: 3
   cols: 3
   dt: f
   data: [ 9.99352753e-01, 4.68450948e-04, -3.59709188e-02,
       -5.30321151e-04, 9.99998391e-01, -1.71048369e-03, 3.59700583e-02,
       1.72845263e-03, 9.99351382e-01 ]
