%YAML:1.0
---
Q: !!opencv-matrix
   rows: 4
   cols: 4
   dt: f
   data: [ 1., 0., 0., -5.21167969e+02, 0., 1., 0., -2.41828094e+02, 0.,
       0., 0., 3.47133118e+02, 0., 0., 4.23272364e-02, 0. ]
R: !!opencv-matrix
   rows: 3
   cols: 3
   dt: d
   data: [ 1.0032894155775443e+00, 1.6455252236846566e-03,
       1.2005976778393570e-03, -3.7341601240339886e-03,
       1.0080069285914701e+00, 2.8850812186245640e-03,
       -3.1069892151239448e-03, -7.1016682858581152e-03,
       1.0028366497645875e+00 ]
T: !!opencv-matrix
   rows: 3
   cols: 1
   dt: d
   data: [ -2.4085814587531821e+01, -7.4547382769273127e-02,
       4.0409727490167313e+00 ]
E: !!opencv-matrix
   rows: 0
   cols: 0
   dt: u
   data: []
F: !!opencv-matrix
   rows: 0
   cols: 0
   dt: u
   data: []
K1: !!opencv-matrix
   rows: 3
   cols: 3
   dt: d
   data: [ 3.6701875180413612e+02, 0., 3.9037664016115195e+02, 0.,
       3.6716204186372624e+02, 2.4338910080475119e+02, 0., 0., 1. ]
D1: !!opencv-matrix
   rows: 5
   cols: 1
   dt: d
   data: [ -2.4607421185303142e-02, 6.4808671343714744e-04,
       1.1083256569659741e-03, -3.8146776821432244e-05,
       4.7547507517400993e-05 ]
P1: !!opencv-matrix
   rows: 3
   cols: 4
   dt: f
   data: [ 3.47133118e+02, 0., 5.21167969e+02, 0., 0., 3.47133118e+02,
       2.41828094e+02, 0., 0., 0., 1., 0. ]
R1: !!opencv-matrix
   rows: 3
   cols: 3
   dt: f
   data: [ 9.88055050e-01, 3.41528049e-03, -1.54063433e-01,
       -3.06252367e-03, 9.99992132e-01, 2.52695661e-03, 1.54070854e-01,
       -2.02494930e-03, 9.88057733e-01 ]
K2: !!opencv-matrix
   rows: 3
   cols: 3
   dt: d
   data: [ 3.6634490901067966e+02, 0., 3.9259549032746332e+02, 0.,
       3.6656633165683280e+02, 2.3935289141635988e+02, 0., 0., 1. ]
D2: !!opencv-matrix
   rows: 5
   cols: 1
   dt: d
   data: [ -2.4382727863946366e-02, 2.3985110129057631e-04,
       -3.0263975945863427e-04, -1.9949004863733616e-04,
       1.3475004328980761e-04 ]
P2: !!opencv-matrix
   rows: 3
   cols: 4
   dt: f
   data: [ 3.47133118e+02, 0., 5.21167969e+02, -8.20117578e+03, 0.,
       3.47133118e+02, 2.41828094e+02, 0., 0., 0., 1., 0. ]
R2: !!opencv-matrix
   rows: 3
   cols: 3
   dt: f
   data: [ 9.87809479e-01, 4.27549356e-04, -1.55667201e-01,
       -7.83990195e-04, 9.99997199e-01, -2.22837413e-03, 1.55665815e-01,
       2.32325075e-03, 9.87807035e-01 ]
