%YAML:1.0
---
Q: !!opencv-matrix
   rows: 4
   cols: 4
   dt: f
   data: [ 1., 0., 0., -6.20524048e+02, 0., 1., 0., -2.46076065e+02, 0.,
       0., 0., 3.36636932e+02, 0., 0., 3.27935740e-02, 0. ]
R: !!opencv-matrix
   rows: 3
   cols: 3
   dt: d
   data: [ 1.0061423745391747e+00, 2.1740899443455819e-03,
       1.0239683199361107e-03, -3.5311432716024212e-03,
       1.0074849728721293e+00, 2.0229575928808123e-03,
       -2.5598722298659834e-03, -1.0186751196976152e-02,
       1.0004362317662081e+00 ]
T: !!opencv-matrix
   rows: 3
   cols: 1
   dt: d
   data: [ -2.8321367865732320e+01, 7.0814710921834900e-01,
       7.6063259489413833e+00 ]
E: !!opencv-matrix
   rows: 0
   cols: 0
   dt: u
   data: []
F: !!opencv-matrix
   rows: 0
   cols: 0
   dt: u
   data: []
K1: !!opencv-matrix
   rows: 3
   cols: 3
   dt: d
   data: [ 3.6701875180413612e+02, 0., 3.9037664016115195e+02, 0.,
       3.6716204186372624e+02, 2.4338910080475119e+02, 0., 0., 1. ]
D1: !!opencv-matrix
   rows: 5
   cols: 1
   dt: d
   data: [ -2.4607421185303142e-02, 6.4808671343714744e-04,
       1.1083256569659741e-03, -3.8146776821432244e-05,
       4.7547507517400993e-05 ]
P1: !!opencv-matrix
   rows: 3
   cols: 4
   dt: f
   data: [ 3.36636932e+02, 0., 6.20524048e+02, 0., 0., 3.36636932e+02,
       2.46076065e+02, 0., 0., 0., 1., 0. ]
R1: !!opencv-matrix
   rows: 3
   cols: 3
   dt: f
   data: [ 9.67640936e-01, -2.04015840e-02, -2.51505077e-01,
       2.11139172e-02, 9.99777079e-01, 1.33815178e-04, 2.51446277e-01,
       -5.43974247e-03, 9.67855990e-01 ]
K2: !!opencv-matrix
   rows: 3
   cols: 3
   dt: d
   data: [ 3.6634490901067966e+02, 0., 3.9259549032746332e+02, 0.,
       3.6656633165683280e+02, 2.3935289141635988e+02, 0., 0., 1. ]
D2: !!opencv-matrix
   rows: 5
   cols: 1
   dt: d
   data: [ -2.4382727863946366e-02, 2.3985110129057631e-04,
       -3.0263975945863427e-04, -1.9949004863733616e-04,
       1.3475004328980761e-04 ]
P2: !!opencv-matrix
   rows: 3
   cols: 4
   dt: f
   data: [ 3.36636932e+02, 0., 6.20524048e+02, -1.02653311e+04, 0.,
       3.36636932e+02, 2.46076065e+02, 0., 0., 0., 1., 0. ]
R2: !!opencv-matrix
   rows: 3
   cols: 3
   dt: f
   data: [ 9.66983020e-01, -2.50387322e-02, -2.53607661e-01,
       2.43201405e-02, 9.99686420e-01, -5.96873462e-03, 2.53677577e-01,
       -3.96108691e-04, 9.67288733e-01 ]
