%YAML:1.0
---
Q: !!opencv-matrix
   rows: 4
   cols: 4
   dt: f
   data: [ 1., 0., 0., -5.29933105e+02, 0., 1., 0., -2.41525482e+02, 0.,
       0., 0., 3.47108185e+02, 0., 0., 4.09457460e-02, 0. ]
R: !!opencv-matrix
   rows: 3
   cols: 3
   dt: d
   data: [ 1.0029182237136482e+00, 1.5011750867789469e-03,
       9.1576996902004528e-04, -3.7865391138163446e-03,
       1.0077440569953509e+00, 3.2090156938973796e-03,
       -3.2178818486179438e-03, -6.4191006785932246e-03,
       1.0032357251822639e+00 ]
T: !!opencv-matrix
   rows: 3
   cols: 1
   dt: d
   data: [ -2.3633436647103100e+01, -3.2025813014249660e-01,
       3.3003680130997401e+00 ]
E: !!opencv-matrix
   rows: 0
   cols: 0
   dt: u
   data: []
F: !!opencv-matrix
   rows: 0
   cols: 0
   dt: u
   data: []
K1: !!opencv-matrix
   rows: 3
   cols: 3
   dt: d
   data: [ 3.6701875180413612e+02, 0., 3.9037664016115195e+02, 0.,
       3.6716204186372624e+02, 2.4338910080475119e+02, 0., 0., 1. ]
D1: !!opencv-matrix
   rows: 5
   cols: 1
   dt: d
   data: [ -2.4607421185303142e-02, 6.4808671343714744e-04,
       1.1083256569659741e-03, -3.8146776821432244e-05,
       4.7547507517400993e-05 ]
P1: !!opencv-matrix
   rows: 3
   cols: 4
   dt: f
   data: [ 3.47108185e+02, 0., 5.29933105e+02, 0., 0., 3.47108185e+02,
       2.41525482e+02, 0., 0., 0., 1., 0. ]
R1: !!opencv-matrix
   rows: 3
   cols: 3
   dt: f
   data: [ 9.86552715e-01, 6.50697760e-03, -1.63313627e-01,
       -6.11994648e-03, 9.99977171e-01, 2.87287054e-03, 1.63328588e-01,
       -1.83476764e-03, 9.86570001e-01 ]
K2: !!opencv-matrix
   rows: 3
   cols: 3
   dt: d
   data: [ 3.6634490901067966e+02, 0., 3.9259549032746332e+02, 0.,
       3.6656633165683280e+02, 2.3935289141635988e+02, 0., 0., 1. ]
D2: !!opencv-matrix
   rows: 5
   cols: 1
   dt: d
   data: [ -2.4382727863946366e-02, 2.3985110129057631e-04,
       -3.0263975945863427e-04, -1.9949004863733616e-04,
       1.3475004328980761e-04 ]
P2: !!opencv-matrix
   rows: 3
   cols: 4
   dt: f
   data: [ 3.47108185e+02, 0., 5.29933105e+02, -8.47727148e+03, 0.,
       3.47108185e+02, 2.41525482e+02, 0., 0., 0., 1., 0. ]
R2: !!opencv-matrix
   rows: 3
   cols: 3
   dt: f
   data: [ 9.86211658e-01, 3.05239833e-03, -1.65460646e-01,
       -3.44452402e-03, 9.99991894e-01, -2.08301097e-03, 1.65452942e-01,
       2.62422301e-03, 9.86214221e-01 ]
