%YAML:1.0
---
Q: !!opencv-matrix
   rows: 4
   cols: 4
   dt: f
   data: [ 1., 0., 0., -4.83360840e+02, 0., 1., 0., -2.41389023e+02, 0.,
       0., 0., 3.50703522e+02, 0., 0., 3.02819833e-02, 0. ]
R: !!opencv-matrix
   rows: 3
   cols: 3
   dt: d
   data: [ 1.0018672725112987e+00, 7.5123931211046465e-04,
       -1.2187699274318186e-03, -3.7774849216973792e-03,
       1.0065460999082514e+00, 3.0177483820843639e-03,
       -3.1654814305664553e-03, -6.0590570720759334e-03,
       1.0032833124610800e+00 ]
T: !!opencv-matrix
   rows: 3
   cols: 1
   dt: d
   data: [ -3.3104780112009337e+01, -3.0421881109229654e-01,
       3.7465894878888757e+00 ]
E: !!opencv-matrix
   rows: 0
   cols: 0
   dt: u
   data: []
F: !!opencv-matrix
   rows: 0
   cols: 0
   dt: u
   data: []
K1: !!opencv-matrix
   rows: 3
   cols: 3
   dt: d
   data: [ 3.6701875180413612e+02, 0., 3.9037664016115195e+02, 0.,
       3.6716204186372624e+02, 2.4338910080475119e+02, 0., 0., 1. ]
D1: !!opencv-matrix
   rows: 5
   cols: 1
   dt: d
   data: [ -2.4607421185303142e-02, 6.4808671343714744e-04,
       1.1083256569659741e-03, -3.8146776821432244e-05,
       4.7547507517400993e-05 ]
P1: !!opencv-matrix
   rows: 3
   cols: 4
   dt: f
   data: [ 3.50703522e+02, 0., 4.83360840e+02, 0., 0., 3.50703522e+02,
       2.41389023e+02, 0., 0., 0., 1., 0. ]
R1: !!opencv-matrix
   rows: 3
   cols: 3
   dt: f
   data: [ 9.93722737e-01, 8.64285696e-03, -1.11536592e-01,
       -8.40506610e-03, 9.99961317e-01, 2.60199071e-03, 1.11554764e-01,
       -1.64818496e-03, 9.93756950e-01 ]
K2: !!opencv-matrix
   rows: 3
   cols: 3
   dt: d
   data: [ 3.6634490901067966e+02, 0., 3.9259549032746332e+02, 0.,
       3.6656633165683280e+02, 2.3935289141635988e+02, 0., 0., 1. ]
D2: !!opencv-matrix
   rows: 5
   cols: 1
   dt: d
   data: [ -2.4382727863946366e-02, 2.3985110129057631e-04,
       -3.0263975945863427e-04, -1.9949004863733616e-04,
       1.3475004328980761e-04 ]
P2: !!opencv-matrix
   rows: 3
   cols: 4
   dt: f
   data: [ 3.50703522e+02, 0., 4.83360840e+02, -1.15812607e+04, 0.,
       3.50703522e+02, 2.41389023e+02, 0., 0., 0., 1., 0. ]
R2: !!opencv-matrix
   rows: 3
   cols: 3
   dt: f
   data: [ 9.93662000e-01, 6.21831231e-03, -1.12237148e-01,
       -6.45756675e-03, 9.99977589e-01, -1.76826969e-03, 1.12223633e-01,
       2.48184125e-03, 9.93679881e-01 ]
