%YAML:1.0
---
Q: !!opencv-matrix
   rows: 4
   cols: 4
   dt: f
   data: [ 1., 0., 0., -4.44951752e+02, 0., 1., 0., -2.42172775e+02, 0.,
       0., 0., 3.53296143e+02, 0., 0., 6.03089808e-03, 0. ]
R: !!opencv-matrix
   rows: 3
   cols: 3
   dt: d
   data: [ 9.9994322268643721e-01, 2.1488701023662381e-03,
       1.4937311604833411e-03, -3.4911131439648848e-03,
       1.0017685807620544e+00, 2.6483371942092981e-03,
       -3.5750231477597919e-03, -4.9801009511106333e-03,
       9.9976057608411018e-01 ]
T: !!opencv-matrix
   rows: 3
   cols: 1
   dt: d
   data: [ -1.6552357556364441e+02, 9.1608777728065649e-01,
       1.0995531819655728e+01 ]
E: !!opencv-matrix
   rows: 0
   cols: 0
   dt: u
   data: []
F: !!opencv-matrix
   rows: 0
   cols: 0
   dt: u
   data: []
K1: !!opencv-matrix
   rows: 3
   cols: 3
   dt: d
   data: [ 3.6701875180413612e+02, 0., 3.9037664016115195e+02, 0.,
       3.6716204186372624e+02, 2.4338910080475119e+02, 0., 0., 1. ]
D1: !!opencv-matrix
   rows: 5
   cols: 1
   dt: d
   data: [ -2.4607421185303142e-02, 6.4808671343714744e-04,
       1.1083256569659741e-03, -3.8146776821432244e-05,
       4.7547507517400993e-05 ]
P1: !!opencv-matrix
   rows: 3
   cols: 4
   dt: f
   data: [ 3.53296143e+02, 0., 4.44951752e+02, 0., 0., 3.53296143e+02,
       2.42172775e+02, 0., 0., 0., 1., 0. ]
R1: !!opencv-matrix
   rows: 3
   cols: 3
   dt: f
   data: [ 9.97918487e-01, -3.41974711e-03, -6.43972382e-02,
       3.53932846e-03, 9.99992192e-01, 1.74294109e-03, 6.43907785e-02,
       -1.96723617e-03, 9.97922838e-01 ]
K2: !!opencv-matrix
   rows: 3
   cols: 3
   dt: d
   data: [ 3.6634490901067966e+02, 0., 3.9259549032746332e+02, 0.,
       3.6656633165683280e+02, 2.3935289141635988e+02, 0., 0., 1. ]
D2: !!opencv-matrix
   rows: 5
   cols: 1
   dt: d
   data: [ -2.4382727863946366e-02, 2.3985110129057631e-04,
       -3.0263975945863427e-04, -1.9949004863733616e-04,
       1.3475004328980761e-04 ]
P2: !!opencv-matrix
   rows: 3
   cols: 4
   dt: f
   data: [ 3.53296143e+02, 0., 4.44951752e+02, -5.85810195e+04, 0.,
       3.53296143e+02, 2.42172775e+02, 0., 0., 0., 1., 0. ]
R2: !!opencv-matrix
   rows: 3
   cols: 3
   dt: f
   data: [ 9.97744083e-01, -6.42792461e-03, -6.68240264e-02,
       6.30381471e-03, 9.99978006e-01, -2.06796336e-03, 6.68358505e-02,
       1.64205185e-03, 9.97762620e-01 ]
