%YAML:1.0
---
Q: !!opencv-matrix
   rows: 4
   cols: 4
   dt: f
   data: [ 1., 0., 0., -4.15973297e+02, 0., 1., 0., -2.41245895e+02, 0.,
       0., 0., 3.54050598e+02, 0., 0., 6.38249749e-03, 0. ]
R: !!opencv-matrix
   rows: 3
   cols: 3
   dt: d
   data: [ 9.9940084091176884e-01, 1.8350673649616322e-03,
       1.2576340018115638e-03, -3.4534219354014637e-03,
       1.0015194302946480e+00, 3.2903542702451883e-03,
       -3.4745834588015456e-03, -3.5065956804914721e-03,
       1.0003473423733955e+00 ]
T: !!opencv-matrix
   rows: 3
   cols: 1
   dt: d
   data: [ -1.5426266797453727e+02, -3.1332284447575716e+00,
       2.2791539582800691e+00 ]
E: !!opencv-matrix
   rows: 0
   cols: 0
   dt: u
   data: []
F: !!opencv-matrix
   rows: 0
   cols: 0
   dt: u
   data: []
K1: !!opencv-matrix
   rows: 3
   cols: 3
   dt: d
   data: [ 3.6701875180413612e+02, 0., 3.9037664016115195e+02, 0.,
       3.6716204186372624e+02, 2.4338910080475119e+02, 0., 0., 1. ]
D1: !!opencv-matrix
   rows: 5
   cols: 1
   dt: d
   data: [ -2.4607421185303142e-02, 6.4808671343714744e-04,
       1.1083256569659741e-03, -3.8146776821432244e-05,
       4.7547507517400993e-05 ]
P1: !!opencv-matrix
   rows: 3
   cols: 4
   dt: f
   data: [ 3.54050598e+02, 0., 4.15973297e+02, 0., 0., 3.54050598e+02,
       2.41245895e+02, 0., 0., 0., 1., 0. ]
R1: !!opencv-matrix
   rows: 3
   cols: 3
   dt: f
   data: [ 9.99377489e-01, 2.14509293e-02, -2.80086193e-02,
       -2.14017015e-02, 9.99768853e-01, 2.05624523e-03, 2.80462541e-02,
       -1.45553309e-03, 9.99605596e-01 ]
K2: !!opencv-matrix
   rows: 3
   cols: 3
   dt: d
   data: [ 3.6634490901067966e+02, 0., 3.9259549032746332e+02, 0.,
       3.6656633165683280e+02, 2.3935289141635988e+02, 0., 0., 1. ]
D2: !!opencv-matrix
   rows: 5
   cols: 1
   dt: d
   data: [ -2.4382727863946366e-02, 2.3985110129057631e-04,
       -3.0263975945863427e-04, -1.9949004863733616e-04,
       1.3475004328980761e-04 ]
P2: !!opencv-matrix
   rows: 3
   cols: 4
   dt: f
   data: [ 3.54050598e+02, 0., 4.15973297e+02, -5.54721094e+04, 0.,
       3.54050598e+02, 2.41245895e+02, 0., 0., 0., 1., 0. ]
R2: !!opencv-matrix
   rows: 3
   cols: 3
   dt: f
   data: [ 9.99359429e-01, 1.85610577e-02, -3.05982400e-02,
       -1.86147746e-02, 9.99825656e-01, -1.47156289e-03, 3.05655915e-02,
       2.04019947e-03, 9.99530673e-01 ]
