%YAML:1.0
---
Q: !!opencv-matrix
   rows: 4
   cols: 4
   dt: f
   data: [ 1., 0., 0., -5.16527710e+02, 0., 1., 0., -2.41396698e+02, 0.,
       0., 0., 3.48518127e+02, 0., 0., 4.27665189e-02, 0. ]
R: !!opencv-matrix
   rows: 3
   cols: 3
   dt: d
   data: [ 1.0027622960113394e+00, -5.1520774629659457e-04,
       -2.5237128841256477e-03, -3.8849484065742938e-03,
       1.0072425552361222e+00, 3.0469752875488640e-03,
       -3.7027648656203691e-03, -5.4076379751887759e-03,
       1.0036176390864164e+00 ]
T: !!opencv-matrix
   rows: 3
   cols: 1
   dt: d
   data: [ -2.2118872083305735e+01, -2.1469512213890390e-01,
       2.7043365527201573e+00 ]
E: !!opencv-matrix
   rows: 0
   cols: 0
   dt: u
   data: []
F: !!opencv-matrix
   rows: 0
   cols: 0
   dt: u
   data: []
K1: !!opencv-matrix
   rows: 3
   cols: 3
   dt: d
   data: [ 3.6701875180413612e+02, 0., 3.9037664016115195e+02, 0.,
       3.6716204186372624e+02, 2.4338910080475119e+02, 0., 0., 1. ]
D1: !!opencv-matrix
   rows: 5
   cols: 1
   dt: d
   data: [ -2.4607421185303142e-02, 6.4808671343714744e-04,
       1.1083256569659741e-03, -3.8146776821432244e-05,
       4.7547507517400993e-05 ]
P1: !!opencv-matrix
   rows: 3
   cols: 4
   dt: f
   data: [ 3.48518127e+02, 0., 5.16527710e+02, 0., 0., 3.48518127e+02,
       2.41396698e+02, 0., 0., 0., 1., 0. ]
R1: !!opencv-matrix
   rows: 3
   cols: 3
   dt: f
   data: [ 9.88758385e-01, 7.70234363e-03, -1.49323657e-01,
       -7.36562395e-03, 9.99968946e-01, 2.80787447e-03, 1.49340644e-01,
       -1.67644746e-03, 9.88784373e-01 ]
K2: !!opencv-matrix
   rows: 3
   cols: 3
   dt: d
   data: [ 3.6634490901067966e+02, 0., 3.9259549032746332e+02, 0.,
       3.6656633165683280e+02, 2.3935289141635988e+02, 0., 0., 1. ]
D2: !!opencv-matrix
   rows: 5
   cols: 1
   dt: d
   data: [ -2.4382727863946366e-02, 2.3985110129057631e-04,
       -3.0263975945863427e-04, -1.9949004863733616e-04,
       1.3475004328980761e-04 ]
P2: !!opencv-matrix
   rows: 3
   cols: 4
   dt: f
   data: [ 3.48518127e+02, 0., 5.16527710e+02, -8.14932178e+03, 0.,
       3.48518127e+02, 2.41396698e+02, 0., 0., 0., 1., 0. ]
R2: !!opencv-matrix
   rows: 3
   cols: 3
   dt: f
   data: [ 9.88650203e-01, 4.79581812e-03, -1.50159106e-01,
       -5.13439905e-03, 9.99985099e-01, -1.86720781e-03, 1.50147900e-01,
       2.61699222e-03, 9.88660097e-01 ]
