%YAML:1.0
---
Q: !!opencv-matrix
   rows: 4
   cols: 4
   dt: f
   data: [ 1., 0., 0., -4.04769531e+02, 0., 1., 0., -2.40235428e+02, 0.,
       0., 0., 3.59347687e+02, 0., 0., 1.33823808e-02, 0. ]
R: !!opencv-matrix
   rows: 3
   cols: 3
   dt: d
   data: [ 1.0014471045248805e+00, 4.9271238562534304e-04,
       1.3970590834627755e-03, -3.5436556625059266e-03,
       1.0032147097493596e+00, 4.3042541256462881e-03,
       -3.4858952085238784e-03, -4.7941944942567431e-03,
       1.0008719669828352e+00 ]
T: !!opencv-matrix
   rows: 3
   cols: 1
   dt: d
   data: [ -7.4925048177018084e+01, -4.6058979260144604e+00,
       1.5670897470331477e+00 ]
E: !!opencv-matrix
   rows: 0
   cols: 0
   dt: u
   data: []
F: !!opencv-matrix
   rows: 0
   cols: 0
   dt: u
   data: []
K1: !!opencv-matrix
   rows: 3
   cols: 3
   dt: d
   data: [ 3.6701875180413612e+02, 0., 3.9037664016115195e+02, 0.,
       3.6716204186372624e+02, 2.4338910080475119e+02, 0., 0., 1. ]
D1: !!opencv-matrix
   rows: 5
   cols: 1
   dt: d
   data: [ -2.4607421185303142e-02, 6.4808671343714744e-04,
       1.1083256569659741e-03, -3.8146776821432244e-05,
       4.7547507517400993e-05 ]
P1: !!opencv-matrix
   rows: 3
   cols: 4
   dt: f
   data: [ 3.59347687e+02, 0., 4.04769531e+02, 0., 0., 3.59347687e+02,
       2.40235428e+02, 0., 0., 0., 1., 0. ]
R1: !!opencv-matrix
   rows: 3
   cols: 3
   dt: f
   data: [ 9.97682035e-01, 6.66602924e-02, -1.36727570e-02,
       -6.66293353e-02, 9.97774124e-01, 2.70788046e-03, 1.38228312e-02,
       -1.79059710e-03, 9.99902844e-01 ]
K2: !!opencv-matrix
   rows: 3
   cols: 3
   dt: d
   data: [ 3.6634490901067966e+02, 0., 3.9259549032746332e+02, 0.,
       3.6656633165683280e+02, 2.3935289141635988e+02, 0., 0., 1. ]
D2: !!opencv-matrix
   rows: 5
   cols: 1
   dt: d
   data: [ -2.4382727863946366e-02, 2.3985110129057631e-04,
       -3.0263975945863427e-04, -1.9949004863733616e-04,
       1.3475004328980761e-04 ]
P2: !!opencv-matrix
   rows: 3
   cols: 4
   dt: f
   data: [ 3.59347687e+02, 0., 4.04769531e+02, -2.68522969e+04, 0.,
       3.59347687e+02, 2.40235428e+02, 0., 0., 0., 1., 0. ]
R2: !!opencv-matrix
   rows: 3
   cols: 3
   dt: f
   data: [ 9.97766793e-01, 6.47626892e-02, -1.63453799e-02,
       -6.47993311e-02, 9.97896850e-01, -1.72162405e-03, 1.61995050e-02,
       2.77694897e-03, 9.99864936e-01 ]
