%YAML:1.0
---
Q: !!opencv-matrix
   rows: 4
   cols: 4
   dt: f
   data: [ 1., 0., 0., -4.33202484e+02, 0., 1., 0., -2.42488907e+02, 0.,
       0., 0., 3.54102509e+02, 0., 0., 6.26270520e-03, 0. ]
R: !!opencv-matrix
   rows: 3
   cols: 3
   dt: d
   data: [ 9.9945015368224377e-01, 8.0746057902194939e-04,
       -2.1996780463633963e-04, -3.6328056046856347e-03,
       1.0013696122293254e+00, 2.7146404828817341e-03,
       -3.6201066497524807e-03, -3.8571533562950133e-03,
       1.0002866386420541e+00 ]
T: !!opencv-matrix
   rows: 3
   cols: 1
   dt: d
   data: [ -1.6015955618301686e+02, 8.4934719932570746e-01,
       5.9788542309305592e+00 ]
E: !!opencv-matrix
   rows: 0
   cols: 0
   dt: u
   data: []
F: !!opencv-matrix
   rows: 0
   cols: 0
   dt: u
   data: []
K1: !!opencv-matrix
   rows: 3
   cols: 3
   dt: d
   data: [ 3.6701875180413612e+02, 0., 3.9037664016115195e+02, 0.,
       3.6716204186372624e+02, 2.4338910080475119e+02, 0., 0., 1. ]
D1: !!opencv-matrix
   rows: 5
   cols: 1
   dt: d
   data: [ -2.4607421185303142e-02, 6.4808671343714744e-04,
       1.1083256569659741e-03, -3.8146776821432244e-05,
       4.7547507517400993e-05 ]
P1: !!opencv-matrix
   rows: 3
   cols: 4
   dt: f
   data: [ 3.54102509e+02, 0., 4.33202484e+02, 0., 0., 3.54102509e+02,
       2.42488907e+02, 0., 0., 0., 1., 0. ]
R1: !!opencv-matrix
   rows: 3
   cols: 3
   dt: f
   data: [ 9.98659849e-01, -1.20731089e-02, -5.03266007e-02,
       1.21552348e-02, 9.99925256e-01, 1.32610090e-03, 5.03068306e-02,
       -1.93605537e-03, 9.98731911e-01 ]
K2: !!opencv-matrix
   rows: 3
   cols: 3
   dt: d
   data: [ 3.6634490901067966e+02, 0., 3.9259549032746332e+02, 0.,
       3.6656633165683280e+02, 2.3935289141635988e+02, 0., 0., 1. ]
D2: !!opencv-matrix
   rows: 5
   cols: 1
   dt: d
   data: [ -2.4382727863946366e-02, 2.3985110129057631e-04,
       -3.0263975945863427e-04, -1.9949004863733616e-04,
       1.3475004328980761e-04 ]
P2: !!opencv-matrix
   rows: 3
   cols: 4
   dt: f
   data: [ 3.54102509e+02, 0., 4.33202484e+02, -5.65414609e+04, 0.,
       3.54102509e+02, 2.42488907e+02, 0., 0., 0., 1., 0. ]
R2: !!opencv-matrix
   rows: 3
   cols: 3
   dt: f
   data: [ 9.98554945e-01, -1.43625718e-02, -5.17850481e-02,
       1.42780282e-02, 9.99896049e-01, -2.00217613e-03, 5.18084206e-02,
       1.25989458e-03, 9.98656273e-01 ]
