%YAML:1.0
---
Q: !!opencv-matrix
   rows: 4
   cols: 4
   dt: f
   data: [ 1., 0., 0., -5.31394714e+02, 0., 1., 0., -2.42327133e+02, 0.,
       0., 0., 3.47402283e+02, 0., 0., 2.61173993e-02, 0. ]
R: !!opencv-matrix
   rows: 3
   cols: 3
   dt: d
   data: [ 1.0021911057056430e+00, 6.4007591401188662e-04,
       5.3938113989691406e-04, -3.5826040610855031e-03,
       1.0066527988630234e+00, 2.6410620528206194e-03,
       -3.3869791938323751e-03, -7.0723953124388417e-03,
       1.0025807108698523e+00 ]
T: !!opencv-matrix
   rows: 3
   cols: 1
   dt: d
   data: [ -3.8533403014712597e+01, 1.4260218726395651e-01,
       5.7033085512675354e+00 ]
E: !!opencv-matrix
   rows: 0
   cols: 0
   dt: u
   data: []
F: !!opencv-matrix
   rows: 0
   cols: 0
   dt: u
   data: []
K1: !!opencv-matrix
   rows: 3
   cols: 3
   dt: d
   data: [ 3.6701875180413612e+02, 0., 3.9037664016115195e+02, 0.,
       3.6716204186372624e+02, 2.4338910080475119e+02, 0., 0., 1. ]
D1: !!opencv-matrix
   rows: 5
   cols: 1
   dt: d
   data: [ -2.4607421185303142e-02, 6.4808671343714744e-04,
       1.1083256569659741e-03, -3.8146776821432244e-05,
       4.7547507517400993e-05 ]
P1: !!opencv-matrix
   rows: 3
   cols: 4
   dt: f
   data: [ 3.47402283e+02, 0., 5.31394714e+02, 0., 0., 3.47402283e+02,
       2.42327133e+02, 0., 0., 0., 1., 0. ]
R1: !!opencv-matrix
   rows: 3
   cols: 3
   dt: f
   data: [ 9.86249089e-01, -1.35397795e-03, -1.65260121e-01,
       1.75616331e-03, 9.99995828e-01, 2.28755828e-03, 1.65256336e-01,
       -2.54632602e-03, 9.86247361e-01 ]
K2: !!opencv-matrix
   rows: 3
   cols: 3
   dt: d
   data: [ 3.6634490901067966e+02, 0., 3.9259549032746332e+02, 0.,
       3.6656633165683280e+02, 2.3935289141635988e+02, 0., 0., 1. ]
D2: !!opencv-matrix
   rows: 5
   cols: 1
   dt: d
   data: [ -2.4382727863946366e-02, 2.3985110129057631e-04,
       -3.0263975945863427e-04, -1.9949004863733616e-04,
       1.3475004328980761e-04 ]
P2: !!opencv-matrix
   rows: 3
   cols: 4
   dt: f
   data: [ 3.47402283e+02, 0., 5.31394714e+02, -1.33015654e+04, 0.,
       3.47402283e+02, 2.42327133e+02, 0., 0., 0., 1., 0. ]
R2: !!opencv-matrix
   rows: 3
   cols: 3
   dt: f
   data: [ 9.85998571e-01, -3.84732382e-03, -1.66709378e-01,
       3.44157056e-03, 9.99990344e-01, -2.72272178e-03, 1.66718245e-01,
       2.11085775e-03, 9.86002326e-01 ]
