%YAML:1.0
---
Q: !!opencv-matrix
   rows: 4
   cols: 4
   dt: f
   data: [ 1., 0., 0., -5.04108826e+02, 0., 1., 0., -2.41812469e+02, 0.,
       0., 0., 3.48255951e+02, 0., 0., 2.60581858e-02, 0. ]
R: !!opencv-matrix
   rows: 3
   cols: 3
   dt: d
   data: [ 1.0022080524021086e+00, 7.5447051589967945e-04,
       8.5551717193798748e-04, -3.5870231852948627e-03,
       1.0068383254949185e+00, 2.7830679554944671e-03,
       -3.1057619430342734e-03, -7.0161729833044277e-03,
       1.0025651527795993e+00 ]
T: !!opencv-matrix
   rows: 3
   cols: 1
   dt: d
   data: [ -3.8220301194895534e+01, -4.3546471290247399e-02,
       5.6151304932040151e+00 ]
E: !!opencv-matrix
   rows: 0
   cols: 0
   dt: u
   data: []
F: !!opencv-matrix
   rows: 0
   cols: 0
   dt: u
   data: []
K1: !!opencv-matrix
   rows: 3
   cols: 3
   dt: d
   data: [ 3.6701875180413612e+02, 0., 3.9037664016115195e+02, 0.,
       3.6716204186372624e+02, 2.4338910080475119e+02, 0., 0., 1. ]
D1: !!opencv-matrix
   rows: 5
   cols: 1
   dt: d
   data: [ -2.4607421185303142e-02, 6.4808671343714744e-04,
       1.1083256569659741e-03, -3.8146776821432244e-05,
       4.7547507517400993e-05 ]
P1: !!opencv-matrix
   rows: 3
   cols: 4
   dt: f
   data: [ 3.48255951e+02, 0., 5.04108826e+02, 0., 0., 3.48255951e+02,
       2.41812469e+02, 0., 0., 0., 1., 0. ]
R1: !!opencv-matrix
   rows: 3
   cols: 3
   dt: f
   data: [ 9.90852773e-01, 3.30661447e-03, -1.34906724e-01,
       -2.99887708e-03, 9.99992430e-01, 2.48426292e-03, 1.34913921e-01,
       -2.05697003e-03, 9.90855217e-01 ]
K2: !!opencv-matrix
   rows: 3
   cols: 3
   dt: d
   data: [ 3.6634490901067966e+02, 0., 3.9259549032746332e+02, 0.,
       3.6656633165683280e+02, 2.3935289141635988e+02, 0., 0., 1. ]
D2: !!opencv-matrix
   rows: 5
   cols: 1
   dt: d
   data: [ -2.4382727863946366e-02, 2.3985110129057631e-04,
       -3.0263975945863427e-04, -1.9949004863733616e-04,
       1.3475004328980761e-04 ]
P2: !!opencv-matrix
   rows: 3
   cols: 4
   dt: f
   data: [ 3.48255951e+02, 0., 5.04108826e+02, -1.33645518e+04, 0.,
       3.48255951e+02, 2.41812469e+02, 0., 0., 0., 1., 0. ]
R2: !!opencv-matrix
   rows: 3
   cols: 3
   dt: f
   data: [ 9.90602672e-01, 6.87551801e-04, -1.36769250e-01,
       -9.99546959e-04, 9.99997079e-01, -2.21251603e-03, 1.36767313e-01,
       2.32843170e-03, 9.90600467e-01 ]
