%YAML:1.0
---
Q: !!opencv-matrix
   rows: 4
   cols: 4
   dt: f
   data: [ 1., 0., 0., -5.29424805e+02, 0., 1., 0., -2.41875549e+02, 0.,
       0., 0., 3.46348175e+02, 0., 0., 2.51259785e-02, 0. ]
R: !!opencv-matrix
   rows: 3
   cols: 3
   dt: d
   data: [ 1.0023158865965971e+00, 1.7183104791421056e-03,
       1.8672624348451822e-03, -3.6424724729294243e-03,
       1.0071803104129649e+00, 2.7707954078741836e-03,
       -3.0249985394541165e-03, -7.3734502065854633e-03,
       1.0023501373740784e+00 ]
T: !!opencv-matrix
   rows: 3
   cols: 1
   dt: d
   data: [ -3.8943938241805405e+01, -3.9916353316930562e-03,
       6.2315120736446739e+00 ]
E: !!opencv-matrix
   rows: 0
   cols: 0
   dt: u
   data: []
F: !!opencv-matrix
   rows: 0
   cols: 0
   dt: u
   data: []
K1: !!opencv-matrix
   rows: 3
   cols: 3
   dt: d
   data: [ 3.6701875180413612e+02, 0., 3.9037664016115195e+02, 0.,
       3.6716204186372624e+02, 2.4338910080475119e+02, 0., 0., 1. ]
D1: !!opencv-matrix
   rows: 5
   cols: 1
   dt: d
   data: [ -2.4607421185303142e-02, 6.4808671343714744e-04,
       1.1083256569659741e-03, -3.8146776821432244e-05,
       4.7547507517400993e-05 ]
P1: !!opencv-matrix
   rows: 3
   cols: 4
   dt: f
   data: [ 3.46348175e+02, 0., 5.29424805e+02, 0., 0., 3.46348175e+02,
       2.41875549e+02, 0., 0., 0., 1., 0. ]
R1: !!opencv-matrix
   rows: 3
   cols: 3
   dt: f
   data: [ 9.86682594e-01, 3.27712158e-03, -1.62624657e-01,
       -2.87670409e-03, 9.99992251e-01, 2.69763614e-03, 1.62632227e-01,
       -2.19388749e-03, 9.86684322e-01 ]
K2: !!opencv-matrix
   rows: 3
   cols: 3
   dt: d
   data: [ 3.6634490901067966e+02, 0., 3.9259549032746332e+02, 0.,
       3.6656633165683280e+02, 2.3935289141635988e+02, 0., 0., 1. ]
D2: !!opencv-matrix
   rows: 5
   cols: 1
   dt: d
   data: [ -2.4382727863946366e-02, 2.3985110129057631e-04,
       -3.0263975945863427e-04, -1.9949004863733616e-04,
       1.3475004328980761e-04 ]
P2: !!opencv-matrix
   rows: 3
   cols: 4
   dt: f
   data: [ 3.46348175e+02, 0., 5.29424805e+02, -1.37844658e+04, 0.,
       3.46348175e+02, 2.41875549e+02, 0., 0., 0., 1., 0. ]
R2: !!opencv-matrix
   rows: 3
   cols: 3
   dt: f
   data: [ 9.86281991e-01, -2.09240432e-04, -1.65069014e-01,
       -1.97226924e-04, 9.99996960e-01, -2.44601443e-03, 1.65069029e-01,
       2.44501606e-03, 9.86279011e-01 ]
