%YAML:1.0
---
Q: !!opencv-matrix
   rows: 4
   cols: 4
   dt: f
   data: [ 1., 0., 0., -3.25956848e+02, 0., 1., 0., -2.42673264e+02, 0.,
       0., 0., 3.56760803e+02, 0., 0., 7.34375743e-03, 0. ]
R: !!opencv-matrix
   rows: 3
   cols: 3
   dt: d
   data: [ 1.0050678631186114e+00, 4.3973926692208234e-04,
       1.8930678201686588e-04, -3.6476201072696700e-03,
       1.0030680131802931e+00, 1.7302360623990122e-03,
       -4.2640422475555915e-03, -1.0165681476321724e-02,
       9.9601066932441529e-01 ]
T: !!opencv-matrix
   rows: 3
   cols: 1
   dt: d
   data: [ -1.4255341560875021e+02, 5.3441717399155007e+00,
       4.0073526678254439e+01 ]
E: !!opencv-matrix
   rows: 0
   cols: 0
   dt: u
   data: []
F: !!opencv-matrix
   rows: 0
   cols: 0
   dt: u
   data: []
K1: !!opencv-matrix
   rows: 3
   cols: 3
   dt: d
   data: [ 3.6701875180413612e+02, 0., 3.9037664016115195e+02, 0.,
       3.6716204186372624e+02, 2.4338910080475119e+02, 0., 0., 1. ]
D1: !!opencv-matrix
   rows: 5
   cols: 1
   dt: d
   data: [ -2.4607421185303142e-02, 6.4808671343714744e-04,
       1.1083256569659741e-03, -3.8146776821432244e-05,
       4.7547507517400993e-05 ]
P1: !!opencv-matrix
   rows: 3
   cols: 4
   dt: f
   data: [ 3.56760803e+02, 0., 3.25956848e+02, 0., 0., 3.56760803e+02,
       2.42673264e+02, 0., 0., 0., 1., 0. ]
R1: !!opencv-matrix
   rows: 3
   cols: 3
   dt: f
   data: [ 9.95852351e-01, 2.95205079e-02, 8.60617161e-02,
       -2.96363961e-02, 9.99560714e-01, 6.89679364e-05, -8.60218778e-02,
       -2.61924090e-03, 9.96289790e-01 ]
K2: !!opencv-matrix
   rows: 3
   cols: 3
   dt: d
   data: [ 3.6634490901067966e+02, 0., 3.9259549032746332e+02, 0.,
       3.6656633165683280e+02, 2.3935289141635988e+02, 0., 0., 1. ]
D2: !!opencv-matrix
   rows: 5
   cols: 1
   dt: d
   data: [ -2.4382727863946366e-02, 2.3985110129057631e-04,
       -3.0263975945863427e-04, -1.9949004863733616e-04,
       1.3475004328980761e-04 ]
P2: !!opencv-matrix
   rows: 3
   cols: 4
   dt: f
   data: [ 3.56760803e+02, 0., 3.25956848e+02, -4.85801445e+04, 0.,
       3.56760803e+02, 2.42673264e+02, 0., 0., 0., 1., 0. ]
R2: !!opencv-matrix
   rows: 3
   cols: 3
   dt: f
   data: [ 9.96034026e-01, 2.80556493e-02, 8.44340548e-02,
       -2.79419050e-02, 9.99606371e-01, -2.52880435e-03, -8.44717622e-02,
       1.59526928e-04, 9.96425867e-01 ]
