%YAML:1.0
---
Q: !!opencv-matrix
   rows: 4
   cols: 4
   dt: f
   data: [ 1., 0., 0., -4.18319122e+02, 0., 1., 0., -2.40278946e+02, 0.,
       0., 0., 3.57250244e+02, 0., 0., 2.84099616e-02, 0. ]
R: !!opencv-matrix
   rows: 3
   cols: 3
   dt: d
   data: [ 1.0025800556415831e+00, -6.2765165136382754e-03,
       -9.5121191585109555e-03, -3.7111014308344693e-03,
       1.0036542274346045e+00, 3.6142440688698512e-03,
       -3.8875150351108567e-03, -3.1706226807932500e-03,
       1.0027219605444295e+00 ]
T: !!opencv-matrix
   rows: 3
   cols: 1
   dt: d
   data: [ -3.4435226236198488e+01, -1.8934358752595850e+00,
       -5.6503957541713401e-01 ]
E: !!opencv-matrix
   rows: 0
   cols: 0
   dt: u
   data: []
F: !!opencv-matrix
   rows: 0
   cols: 0
   dt: u
   data: []
K1: !!opencv-matrix
   rows: 3
   cols: 3
   dt: d
   data: [ 3.6701875180413612e+02, 0., 3.9037664016115195e+02, 0.,
       3.6716204186372624e+02, 2.4338910080475119e+02, 0., 0., 1. ]
D1: !!opencv-matrix
   rows: 5
   cols: 1
   dt: d
   data: [ -2.4607421185303142e-02, 6.4808671343714744e-04,
       1.1083256569659741e-03, -3.8146776821432244e-05,
       4.7547507517400993e-05 ]
P1: !!opencv-matrix
   rows: 3
   cols: 4
   dt: f
   data: [ 3.57250244e+02, 0., 4.18319122e+02, 0., 0., 3.57250244e+02,
       2.40278946e+02, 0., 0., 0., 1., 0. ]
R1: !!opencv-matrix
   rows: 3
   cols: 3
   dt: f
   data: [ 9.98343885e-01, 4.66374643e-02, -3.36811021e-02,
       -4.65742983e-02, 9.98911321e-01, 2.65801861e-03, 3.37683968e-02,
       -1.08494295e-03, 9.99429107e-01 ]
K2: !!opencv-matrix
   rows: 3
   cols: 3
   dt: d
   data: [ 3.6634490901067966e+02, 0., 3.9259549032746332e+02, 0.,
       3.6656633165683280e+02, 2.3935289141635988e+02, 0., 0., 1. ]
D2: !!opencv-matrix
   rows: 5
   cols: 1
   dt: d
   data: [ -2.4382727863946366e-02, 2.3985110129057631e-04,
       -3.0263975945863427e-04, -1.9949004863733616e-04,
       1.3475004328980761e-04 ]
P2: !!opencv-matrix
   rows: 3
   cols: 4
   dt: f
   data: [ 3.57250244e+02, 0., 4.18319122e+02, -1.25748232e+04, 0.,
       3.57250244e+02, 2.40278946e+02, 0., 0., 0., 1., 0. ]
R2: !!opencv-matrix
   rows: 3
   cols: 3
   dt: f
   data: [ 9.98364985e-01, 4.81695607e-02, -3.07746064e-02,
       -4.82271202e-02, 9.98835742e-01, -1.13032945e-03, 3.06843296e-02,
       2.61265179e-03, 9.99525726e-01 ]
