%YAML:1.0
---
Q: !!opencv-matrix
   rows: 4
   cols: 4
   dt: f
   data: [ 1., 0., 0., -4.54108459e+02, 0., 1., 0., -2.43431259e+02, 0.,
       0., 0., 3.55640472e+02, 0., 0., 6.00479962e-03, 0. ]
R: !!opencv-matrix
   rows: 3
   cols: 3
   dt: d
   data: [ 1.0002341299079012e+00, 8.7388563079038198e-04,
       -1.4707828490196411e-04, -3.5981144933327478e-03,
       1.0012126583910290e+00, 2.3023380658366778e-03,
       -3.4817283124103193e-03, -4.4536366264717768e-03,
       9.9975928273012182e-01 ]
T: !!opencv-matrix
   rows: 3
   cols: 1
   dt: d
   data: [ -1.6256470659390519e+02, 3.5387930501667531e+00,
       1.0669169375921456e+01 ]
E: !!opencv-matrix
   rows: 0
   cols: 0
   dt: u
   data: []
F: !!opencv-matrix
   rows: 0
   cols: 0
   dt: u
   data: []
K1: !!opencv-matrix
   rows: 3
   cols: 3
   dt: d
   data: [ 3.6701875180413612e+02, 0., 3.9037664016115195e+02, 0.,
       3.6716204186372624e+02, 2.4338910080475119e+02, 0., 0., 1. ]
D1: !!opencv-matrix
   rows: 5
   cols: 1
   dt: d
   data: [ -2.4607421185303142e-02, 6.4808671343714744e-04,
       1.1083256569659741e-03, -3.8146776821432244e-05,
       4.7547507517400993e-05 ]
P1: !!opencv-matrix
   rows: 3
   cols: 4
   dt: f
   data: [ 3.55640472e+02, 0., 4.54108459e+02, 0., 0., 3.55640472e+02,
       2.43431259e+02, 0., 0., 0., 1., 0. ]
R1: !!opencv-matrix
   rows: 3
   cols: 3
   dt: f
   data: [ 9.96797502e-01, -2.47020572e-02, -7.60562345e-02,
       2.48296373e-02, 9.99691427e-01, 7.32177810e-04, 7.60146827e-02,
       -2.61828187e-03, 9.97103274e-01 ]
K2: !!opencv-matrix
   rows: 3
   cols: 3
   dt: d
   data: [ 3.6634490901067966e+02, 0., 3.9259549032746332e+02, 0.,
       3.6656633165683280e+02, 2.3935289141635988e+02, 0., 0., 1. ]
D2: !!opencv-matrix
   rows: 5
   cols: 1
   dt: d
   data: [ -2.4382727863946366e-02, 2.3985110129057631e-04,
       -3.0263975945863427e-04, -1.9949004863733616e-04,
       1.3475004328980761e-04 ]
P2: !!opencv-matrix
   rows: 3
   cols: 4
   dt: f
   data: [ 3.55640472e+02, 0., 4.54108459e+02, -5.92260352e+04, 0.,
       3.55640472e+02, 2.43431259e+02, 0., 0., 0., 1., 0. ]
R2: !!opencv-matrix
   rows: 3
   cols: 3
   dt: f
   data: [ 9.96592045e-01, -2.73732189e-02, -7.78142661e-02,
       2.72426084e-02, 9.99625087e-01, -2.73974380e-03, 7.78600872e-02,
       6.10543299e-04, 9.96964097e-01 ]
