%YAML:1.0
---
Q: !!opencv-matrix
   rows: 4
   cols: 4
   dt: f
   data: [ 1., 0., 0., -4.40158966e+02, 0., 1., 0., -2.40214249e+02, 0.,
       0., 0., 3.55916443e+02, 0., 0., 2.71233618e-02, 0. ]
R: !!opencv-matrix
   rows: 3
   cols: 3
   dt: d
   data: [ 1.0026620758076543e+00, -7.0775575512225511e-03,
       -1.0023824442747204e-02, -3.7876174988135257e-03,
       1.0040307618456674e+00, 3.4806039925685700e-03,
       -3.8197414163645793e-03, -3.8408124530091010e-03,
       1.0024270409738210e+00 ]
T: !!opencv-matrix
   rows: 3
   cols: 1
   dt: d
   data: [ -3.5141370158948071e+01, -1.6955166466774549e+00,
       1.0832329304999206e+00 ]
E: !!opencv-matrix
   rows: 0
   cols: 0
   dt: u
   data: []
F: !!opencv-matrix
   rows: 0
   cols: 0
   dt: u
   data: []
K1: !!opencv-matrix
   rows: 3
   cols: 3
   dt: d
   data: [ 3.6701875180413612e+02, 0., 3.9037664016115195e+02, 0.,
       3.6716204186372624e+02, 2.4338910080475119e+02, 0., 0., 1. ]
D1: !!opencv-matrix
   rows: 5
   cols: 1
   dt: d
   data: [ -2.4607421185303142e-02, 6.4808671343714744e-04,
       1.1083256569659741e-03, -3.8146776821432244e-05,
       4.7547507517400993e-05 ]
P1: !!opencv-matrix
   rows: 3
   cols: 4
   dt: f
   data: [ 3.55916443e+02, 0., 4.40158966e+02, 0., 0., 3.55916443e+02,
       2.40214249e+02, 0., 0., 0., 1., 0. ]
R1: !!opencv-matrix
   rows: 3
   cols: 3
   dt: f
   data: [ 9.97536659e-01, 3.42870429e-02, -6.11964576e-02,
       -3.41665633e-02, 9.99411583e-01, 3.01435962e-03, 6.12638034e-02,
       -9.16061574e-04, 9.98121202e-01 ]
K2: !!opencv-matrix
   rows: 3
   cols: 3
   dt: d
   data: [ 3.6634490901067966e+02, 0., 3.9259549032746332e+02, 0.,
       3.6656633165683280e+02, 2.3935289141635988e+02, 0., 0., 1. ]
D2: !!opencv-matrix
   rows: 5
   cols: 1
   dt: d
   data: [ -2.4382727863946366e-02, 2.3985110129057631e-04,
       -3.0263975945863427e-04, -1.9949004863733616e-04,
       1.3475004328980761e-04 ]
P2: !!opencv-matrix
   rows: 3
   cols: 4
   dt: f
   data: [ 3.55916443e+02, 0., 4.40158966e+02, -1.31221357e+04, 0.,
       3.55916443e+02, 2.40214249e+02, 0., 0., 0., 1., 0. ]
R2: !!opencv-matrix
   rows: 3
   cols: 3
   dt: f
   data: [ 9.97678638e-01, 3.56804579e-02, -5.80024831e-02,
       -3.57945114e-02, 9.99358714e-01, -9.28272610e-04, 5.79321645e-02,
       3.00228829e-03, 9.98315990e-01 ]
