%YAML:1.0
---
Q: !!opencv-matrix
   rows: 4
   cols: 4
   dt: f
   data: [ 1., 0., 0., -4.03558716e+02, 0., 1., 0., -2.41364212e+02, 0.,
       0., 0., 3.54106293e+02, 0., 0., 6.48040604e-03, 0. ]
R: !!opencv-matrix
   rows: 3
   cols: 3
   dt: d
   data: [ 9.9938829665657736e-01, 2.0016669785505501e-03,
       1.4360898110232848e-03, -3.4503254830378690e-03,
       1.0014709839694305e+00, 3.4082253748202070e-03,
       -3.5119511147186232e-03, -3.3893075344744446e-03,
       1.0003682011169870e+00 ]
T: !!opencv-matrix
   rows: 3
   cols: 1
   dt: d
   data: [ -1.5452114966290884e+02, -3.7896899919105413e+00,
       1.2026467497315247e+00 ]
E: !!opencv-matrix
   rows: 0
   cols: 0
   dt: u
   data: []
F: !!opencv-matrix
   rows: 0
   cols: 0
   dt: u
   data: []
K1: !!opencv-matrix
   rows: 3
   cols: 3
   dt: d
   data: [ 3.6701875180413612e+02, 0., 3.9037664016115195e+02, 0.,
       3.6716204186372624e+02, 2.4338910080475119e+02, 0., 0., 1. ]
D1: !!opencv-matrix
   rows: 5
   cols: 1
   dt: d
   data: [ -2.4607421185303142e-02, 6.4808671343714744e-04,
       1.1083256569659741e-03, -3.8146776821432244e-05,
       4.7547507517400993e-05 ]
P1: !!opencv-matrix
   rows: 3
   cols: 4
   dt: f
   data: [ 3.54106293e+02, 0., 4.03558716e+02, 0., 0., 3.54106293e+02,
       2.41364212e+02, 0., 0., 0., 1., 0. ]
R1: !!opencv-matrix
   rows: 3
   cols: 3
   dt: f
   data: [ 9.99659657e-01, 2.29909848e-02, -1.23292208e-02,
       -2.29702927e-02, 9.99734521e-01, 1.81725167e-03, 1.23677282e-02,
       -1.53342739e-03, 9.99922335e-01 ]
K2: !!opencv-matrix
   rows: 3
   cols: 3
   dt: d
   data: [ 3.6634490901067966e+02, 0., 3.9259549032746332e+02, 0.,
       3.6656633165683280e+02, 2.3935289141635988e+02, 0., 0., 1. ]
D2: !!opencv-matrix
   rows: 5
   cols: 1
   dt: d
   data: [ -2.4382727863946366e-02, 2.3985110129057631e-04,
       -3.0263975945863427e-04, -1.9949004863733616e-04,
       1.3475004328980761e-04 ]
P2: !!opencv-matrix
   rows: 3
   cols: 4
   dt: f
   data: [ 3.54106293e+02, 0., 4.03558716e+02, -5.46426094e+04, 0.,
       3.54106293e+02, 2.41364212e+02, 0., 0., 0., 1., 0. ]
R2: !!opencv-matrix
   rows: 3
   cols: 3
   dt: f
   data: [ 9.99684751e-01, 2.03045923e-02, -1.47698428e-02,
       -2.03293134e-02, 9.99792159e-01, -1.52546016e-03, 1.47358002e-02,
       1.82523998e-03, 9.99889731e-01 ]
