%YAML:1.0
---
Q: !!opencv-matrix
   rows: 4
   cols: 4
   dt: f
   data: [ 1., 0., 0., -5.02452637e+02, 0., 1., 0., -2.39851959e+02, 0.,
       0., 0., 3.53004150e+02, 0., 0., 1.23019814e-02, 0. ]
R: !!opencv-matrix
   rows: 3
   cols: 3
   dt: d
   data: [ 1.0023387222457754e+00, 3.8925323701070975e-03,
       3.9389710093988639e-03, -3.6167345180289807e-03,
       1.0051436132879059e+00, 3.3555800856883288e-03,
       -3.1027198964643848e-03, -7.6708081121827304e-03,
       9.9966403593858322e-01 ]
T: !!opencv-matrix
   rows: 3
   cols: 1
   dt: d
   data: [ -8.0418849373092158e+01, -1.5387964037072079e+00,
       1.2026897975107406e+01 ]
E: !!opencv-matrix
   rows: 0
   cols: 0
   dt: u
   data: []
F: !!opencv-matrix
   rows: 0
   cols: 0
   dt: u
   data: []
K1: !!opencv-matrix
   rows: 3
   cols: 3
   dt: d
   data: [ 3.6701875180413612e+02, 0., 3.9037664016115195e+02, 0.,
       3.6716204186372624e+02, 2.4338910080475119e+02, 0., 0., 1. ]
D1: !!opencv-matrix
   rows: 5
   cols: 1
   dt: d
   data: [ -2.4607421185303142e-02, 6.4808671343714744e-04,
       1.1083256569659741e-03, -3.8146776821432244e-05,
       4.7547507517400993e-05 ]
P1: !!opencv-matrix
   rows: 3
   cols: 4
   dt: f
   data: [ 3.53004150e+02, 0., 5.02452637e+02, 0., 0., 3.53004150e+02,
       2.39851959e+02, 0., 0., 0., 1., 0. ]
R1: !!opencv-matrix
   rows: 3
   cols: 3
   dt: f
   data: [ 9.90898073e-01, 2.60534342e-02, -1.32068902e-01,
       -2.57184878e-02, 9.99660254e-01, 4.24158620e-03, 1.32134542e-01,
       -8.06367258e-04, 9.91231441e-01 ]
K2: !!opencv-matrix
   rows: 3
   cols: 3
   dt: d
   data: [ 3.6634490901067966e+02, 0., 3.9259549032746332e+02, 0.,
       3.6656633165683280e+02, 2.3935289141635988e+02, 0., 0., 1. ]
D2: !!opencv-matrix
   rows: 5
   cols: 1
   dt: d
   data: [ -2.4382727863946366e-02, 2.3985110129057631e-04,
       -3.0263975945863427e-04, -1.9949004863733616e-04,
       1.3475004328980761e-04 ]
P2: !!opencv-matrix
   rows: 3
   cols: 4
   dt: f
   data: [ 3.53004150e+02, 0., 5.02452637e+02, -2.86949004e+04, 0.,
       3.53004150e+02, 2.39851959e+02, 0., 0., 0., 1., 0. ]
R2: !!opencv-matrix
   rows: 3
   cols: 3
   dt: f
   data: [ 9.90508676e-01, 2.16458011e-02, -1.35735050e-01,
       -2.19899248e-02, 9.99757648e-01, -1.03624596e-03, 1.35679722e-01,
       4.01121378e-03, 9.90744650e-01 ]
