%YAML:1.0
---
Q: !!opencv-matrix
   rows: 4
   cols: 4
   dt: f
   data: [ 1., 0., 0., -4.80522858e+02, 0., 1., 0., -2.39187653e+02, 0.,
       0., 0., 3.56409363e+02, 0., 0., 1.22323977e-02, 0. ]
R: !!opencv-matrix
   rows: 3
   cols: 3
   dt: d
   data: [ 1.0022203942344292e+00, 3.8270404094288956e-03,
       4.1340965636394002e-03, -3.5478871056623478e-03,
       1.0047848036412572e+00, 3.7321941962731951e-03,
       -3.1944845644370462e-03, -7.0302698269331283e-03,
       9.9978236597273729e-01 ]
T: !!opencv-matrix
   rows: 3
   cols: 1
   dt: d
   data: [ -8.0713839215876405e+01, -2.6657371545747823e+00,
       9.5232845166968101e+00 ]
E: !!opencv-matrix
   rows: 0
   cols: 0
   dt: u
   data: []
F: !!opencv-matrix
   rows: 0
   cols: 0
   dt: u
   data: []
K1: !!opencv-matrix
   rows: 3
   cols: 3
   dt: d
   data: [ 3.6701875180413612e+02, 0., 3.9037664016115195e+02, 0.,
       3.6716204186372624e+02, 2.4338910080475119e+02, 0., 0., 1. ]
D1: !!opencv-matrix
   rows: 5
   cols: 1
   dt: d
   data: [ -2.4607421185303142e-02, 6.4808671343714744e-04,
       1.1083256569659741e-03, -3.8146776821432244e-05,
       4.7547507517400993e-05 ]
P1: !!opencv-matrix
   rows: 3
   cols: 4
   dt: f
   data: [ 3.56409363e+02, 0., 4.80522858e+02, 0., 0., 3.56409363e+02,
       2.39187653e+02, 0., 0., 0., 1., 0. ]
R1: !!opencv-matrix
   rows: 3
   cols: 3
   dt: f
   data: [ 9.93547320e-01, 3.89851294e-02, -1.06507905e-01,
       -3.87110934e-02, 9.99239683e-01, 4.63988306e-03, 1.06607810e-01,
       -4.86905803e-04, 9.94301021e-01 ]
K2: !!opencv-matrix
   rows: 3
   cols: 3
   dt: d
   data: [ 3.6634490901067966e+02, 0., 3.9259549032746332e+02, 0.,
       3.6656633165683280e+02, 2.3935289141635988e+02, 0., 0., 1. ]
D2: !!opencv-matrix
   rows: 5
   cols: 1
   dt: d
   data: [ -2.4382727863946366e-02, 2.3985110129057631e-04,
       -3.0263975945863427e-04, -1.9949004863733616e-04,
       1.3475004328980761e-04 ]
P2: !!opencv-matrix
   rows: 3
   cols: 4
   dt: f
   data: [ 3.56409363e+02, 0., 4.80522858e+02, -2.91365098e+04, 0.,
       3.56409363e+02, 2.39187653e+02, 0., 0., 0., 1., 0. ]
R2: !!opencv-matrix
   rows: 3
   cols: 3
   dt: f
   data: [ 9.93274808e-01, 3.46894674e-02, -1.10461779e-01,
       -3.49734463e-02, 9.99388039e-01, -6.33735792e-04, 1.10372201e-01,
       4.49270289e-03, 9.93880153e-01 ]
