%YAML:1.0
---
Q: !!opencv-matrix
   rows: 4
   cols: 4
   dt: f
   data: [ 1., 0., 0., -5.13839233e+02, 0., 1., 0., -2.41411224e+02, 0.,
       0., 0., 3.48358459e+02, 0., 0., 2.67174263e-02, 0. ]
R: !!opencv-matrix
   rows: 3
   cols: 3
   dt: d
   data: [ 1.0027246685428510e+00, -1.9087450150948550e-04,
       -3.8096288104278532e-04, -3.5840792611049272e-03,
       1.0067206321817330e+00, 2.6405789863574278e-03,
       -3.3405283898356891e-03, -7.4174512726024825e-03,
       1.0022068993610804e+00 ]
T: !!opencv-matrix
   rows: 3
   cols: 1
   dt: d
   data: [ -3.7752554992590113e+01, 1.4730883873427342e-01,
       6.3830769606650657e+00 ]
E: !!opencv-matrix
   rows: 0
   cols: 0
   dt: u
   data: []
F: !!opencv-matrix
   rows: 0
   cols: 0
   dt: u
   data: []
K1: !!opencv-matrix
   rows: 3
   cols: 3
   dt: d
   data: [ 3.6701875180413612e+02, 0., 3.9037664016115195e+02, 0.,
       3.6716204186372624e+02, 2.4338910080475119e+02, 0., 0., 1. ]
D1: !!opencv-matrix
   rows: 5
   cols: 1
   dt: d
   data: [ -2.4607421185303142e-02, 6.4808671343714744e-04,
       1.1083256569659741e-03, -3.8146776821432244e-05,
       4.7547507517400993e-05 ]
P1: !!opencv-matrix
   rows: 3
   cols: 4
   dt: f
   data: [ 3.48358459e+02, 0., 5.13839233e+02, 0., 0., 3.48358459e+02,
       2.41411224e+02, 0., 0., 0., 1., 0. ]
R1: !!opencv-matrix
   rows: 3
   cols: 3
   dt: f
   data: [ 9.89235103e-01, 7.16469623e-03, -1.46159396e-01,
       -6.82301447e-03, 9.99972701e-01, 2.83892127e-03, 1.46175742e-01,
       -1.81111286e-03, 9.89256978e-01 ]
K2: !!opencv-matrix
   rows: 3
   cols: 3
   dt: d
   data: [ 3.6634490901067966e+02, 0., 3.9259549032746332e+02, 0.,
       3.6656633165683280e+02, 2.3935289141635988e+02, 0., 0., 1. ]
D2: !!opencv-matrix
   rows: 5
   cols: 1
   dt: d
   data: [ -2.4382727863946366e-02, 2.3985110129057631e-04,
       -3.0263975945863427e-04, -1.9949004863733616e-04,
       1.3475004328980761e-04 ]
P2: !!opencv-matrix
   rows: 3
   cols: 4
   dt: f
   data: [ 3.48358459e+02, 0., 5.13839233e+02, -1.30386240e+04, 0.,
       3.48358459e+02, 2.41411224e+02, 0., 0., 0., 1., 0. ]
R2: !!opencv-matrix
   rows: 3
   cols: 3
   dt: f
   data: [ 9.89069879e-01, 5.14831627e-03, -1.47357434e-01,
       -5.49277896e-03, 9.99983072e-01, -1.93077140e-03, 1.47345006e-01,
       2.71906960e-03, 9.89081442e-01 ]
