%YAML:1.0
---
Q: !!opencv-matrix
   rows: 4
   cols: 4
   dt: f
   data: [ 1., 0., 0., -5.39737244e+02, 0., 1., 0., -2.41288025e+02, 0.,
       0., 0., 3.46939697e+02, 0., 0., 2.78210249e-02, 0. ]
R: !!opencv-matrix
   rows: 3
   cols: 3
   dt: d
   data: [ 1.0030781877038677e+00, 3.6312327335665581e-03,
       2.9174478951105600e-03, -3.6742557654950310e-03,
       1.0076389856515902e+00, 2.8482671692276174e-03,
       -3.0633137477020854e-03, -8.2576822822054991e-03,
       1.0020314608972560e+00 ]
T: !!opencv-matrix
   rows: 3
   cols: 1
   dt: d
   data: [ -3.5017940451472739e+01, -5.6661187946177791e-02,
       6.1199407699602579e+00 ]
E: !!opencv-matrix
   rows: 0
   cols: 0
   dt: u
   data: []
F: !!opencv-matrix
   rows: 0
   cols: 0
   dt: u
   data: []
K1: !!opencv-matrix
   rows: 3
   cols: 3
   dt: d
   data: [ 3.6701875180413612e+02, 0., 3.9037664016115195e+02, 0.,
       3.6716204186372624e+02, 2.4338910080475119e+02, 0., 0., 1. ]
D1: !!opencv-matrix
   rows: 5
   cols: 1
   dt: d
   data: [ -2.4607421185303142e-02, 6.4808671343714744e-04,
       1.1083256569659741e-03, -3.8146776821432244e-05,
       4.7547507517400993e-05 ]
P1: !!opencv-matrix
   rows: 3
   cols: 4
   dt: f
   data: [ 3.46939697e+02, 0., 5.39737244e+02, 0., 0., 3.46939697e+02,
       2.41288025e+02, 0., 0., 0., 1., 0. ]
R1: !!opencv-matrix
   rows: 3
   cols: 3
   dt: f
   data: [ 9.84829426e-01, 9.11064539e-03, -1.73285738e-01,
       -8.65241047e-03, 9.99956787e-01, 3.39960563e-03, 1.73309222e-01,
       -1.84869231e-03, 9.84865725e-01 ]
K2: !!opencv-matrix
   rows: 3
   cols: 3
   dt: d
   data: [ 3.6634490901067966e+02, 0., 3.9259549032746332e+02, 0.,
       3.6656633165683280e+02, 2.3935289141635988e+02, 0., 0., 1. ]
D2: !!opencv-matrix
   rows: 5
   cols: 1
   dt: d
   data: [ -2.4382727863946366e-02, 2.3985110129057631e-04,
       -3.0263975945863427e-04, -1.9949004863733616e-04,
       1.3475004328980761e-04 ]
P2: !!opencv-matrix
   rows: 3
   cols: 4
   dt: f
   data: [ 3.46939697e+02, 0., 5.39737244e+02, -1.24704131e+04, 0.,
       3.46939697e+02, 2.41288025e+02, 0., 0., 0., 1., 0. ]
R2: !!opencv-matrix
   rows: 3
   cols: 3
   dt: f
   data: [ 9.84311521e-01, 4.42866934e-03, -1.76383823e-01,
       -4.89510968e-03, 9.99985576e-01, -2.20942870e-03, 1.76371485e-01,
       3.03818425e-03, 9.84318972e-01 ]
