%YAML:1.0
---
Q: !!opencv-matrix
   rows: 4
   cols: 4
   dt: f
   data: [ 1., 0., 0., -5.30275024e+02, 0., 1., 0., -2.40103149e+02, 0.,
       0., 0., 3.50282043e+02, 0., 0., 1.22890025e-02, 0. ]
R: !!opencv-matrix
   rows: 3
   cols: 3
   dt: d
   data: [ 1.0019498913648357e+00, 3.4556443074817448e-03,
       3.6306004017201978e-03, -3.7385055065451245e-03,
       1.0057102275363452e+00, 3.2363286733025488e-03,
       -3.2243704714976641e-03, -8.1260408044971973e-03,
       9.9981241112037356e-01 ]
T: !!opencv-matrix
   rows: 3
   cols: 1
   dt: d
   data: [ -8.0009904862127740e+01, -1.0393722298475825e+00,
       1.3952153409995269e+01 ]
E: !!opencv-matrix
   rows: 0
   cols: 0
   dt: u
   data: []
F: !!opencv-matrix
   rows: 0
   cols: 0
   dt: u
   data: []
K1: !!opencv-matrix
   rows: 3
   cols: 3
   dt: d
   data: [ 3.6701875180413612e+02, 0., 3.9037664016115195e+02, 0.,
       3.6716204186372624e+02, 2.4338910080475119e+02, 0., 0., 1. ]
D1: !!opencv-matrix
   rows: 5
   cols: 1
   dt: d
   data: [ -2.4607421185303142e-02, 6.4808671343714744e-04,
       1.1083256569659741e-03, -3.8146776821432244e-05,
       4.7547507517400993e-05 ]
P1: !!opencv-matrix
   rows: 3
   cols: 4
   dt: f
   data: [ 3.50282043e+02, 0., 5.30275024e+02, 0., 0., 3.50282043e+02,
       2.40103149e+02, 0., 0., 0., 1., 0. ]
R1: !!opencv-matrix
   rows: 3
   cols: 3
   dt: f
   data: [ 9.86425877e-01, 2.02414133e-02, -1.62954658e-01,
       -1.98052749e-02, 9.99794602e-01, 4.30071028e-03, 1.63008243e-01,
       -1.01497048e-03, 9.86624181e-01 ]
K2: !!opencv-matrix
   rows: 3
   cols: 3
   dt: d
   data: [ 3.6634490901067966e+02, 0., 3.9259549032746332e+02, 0.,
       3.6656633165683280e+02, 2.3935289141635988e+02, 0., 0., 1. ]
D2: !!opencv-matrix
   rows: 5
   cols: 1
   dt: d
   data: [ -2.4382727863946366e-02, 2.3985110129057631e-04,
       -3.0263975945863427e-04, -1.9949004863733616e-04,
       1.3475004328980761e-04 ]
P2: !!opencv-matrix
   rows: 3
   cols: 4
   dt: f
   data: [ 3.50282043e+02, 0., 5.30275024e+02, -2.85037012e+04, 0.,
       3.50282043e+02, 2.40103149e+02, 0., 0., 0., 1., 0. ]
R2: !!opencv-matrix
   rows: 3
   cols: 3
   dt: f
   data: [ 9.85920072e-01, 1.56262890e-02, -1.66485474e-01,
       -1.60718057e-02, 9.99869943e-01, -1.32899696e-03, 1.66443065e-01,
       3.98600707e-03, 9.86043036e-01 ]
