%YAML:1.0
---
Q: !!opencv-matrix
   rows: 4
   cols: 4
   dt: f
   data: [ 1., 0., 0., -4.09134827e+02, 0., 1., 0., -2.41321487e+02, 0.,
       0., 0., 3.54069977e+02, 0., 0., 6.21352578e-03, 0. ]
R: !!opencv-matrix
   rows: 3
   cols: 3
   dt: d
   data: [ 9.9996106194322443e-01, 3.3035911777194405e-03,
       3.0285152865535785e-03, -3.4240229069856811e-03,
       1.0010691566173153e+00, 3.1216239404652734e-03,
       -3.6980497111631975e-03, -3.8232069545569782e-03,
       1.0000140953746595e+00 ]
T: !!opencv-matrix
   rows: 3
   cols: 1
   dt: d
   data: [ -1.6116226322976880e+02, -2.2080478421900529e+00,
       2.7592360883959124e+00 ]
E: !!opencv-matrix
   rows: 0
   cols: 0
   dt: u
   data: []
F: !!opencv-matrix
   rows: 0
   cols: 0
   dt: u
   data: []
K1: !!opencv-matrix
   rows: 3
   cols: 3
   dt: d
   data: [ 3.6701875180413612e+02, 0., 3.9037664016115195e+02, 0.,
       3.6716204186372624e+02, 2.4338910080475119e+02, 0., 0., 1. ]
D1: !!opencv-matrix
   rows: 5
   cols: 1
   dt: d
   data: [ -2.4607421185303142e-02, 6.4808671343714744e-04,
       1.1083256569659741e-03, -3.8146776821432244e-05,
       4.7547507517400993e-05 ]
P1: !!opencv-matrix
   rows: 3
   cols: 4
   dt: f
   data: [ 3.54069977e+02, 0., 4.09134827e+02, 0., 0., 3.54069977e+02,
       2.41321487e+02, 0., 0., 0., 1., 0. ]
R1: !!opencv-matrix
   rows: 3
   cols: 3
   dt: f
   data: [ 9.99575138e-01, 2.21334603e-02, -1.89642701e-02,
       -2.21002735e-02, 9.99753833e-01, 1.95777393e-03, 1.90029331e-02,
       -1.53782661e-03, 9.99818265e-01 ]
K2: !!opencv-matrix
   rows: 3
   cols: 3
   dt: d
   data: [ 3.6634490901067966e+02, 0., 3.9259549032746332e+02, 0.,
       3.6656633165683280e+02, 2.3935289141635988e+02, 0., 0., 1. ]
D2: !!opencv-matrix
   rows: 5
   cols: 1
   dt: d
   data: [ -2.4382727863946366e-02, 2.3985110129057631e-04,
       -3.0263975945863427e-04, -1.9949004863733616e-04,
       1.3475004328980761e-04 ]
P2: !!opencv-matrix
   rows: 3
   cols: 4
   dt: f
   data: [ 3.54069977e+02, 0., 4.09134827e+02, -5.69837500e+04, 0.,
       3.54069977e+02, 2.41321487e+02, 0., 0., 0., 1., 0. ]
R2: !!opencv-matrix
   rows: 3
   cols: 3
   dt: f
   data: [ 9.99575317e-01, 1.87471230e-02, -2.23095175e-02,
       -1.87860951e-02, 9.99822319e-01, -1.53857260e-03, 2.22767107e-02,
       1.95702794e-03, 9.99749899e-01 ]
