%YAML:1.0
---
Q: !!opencv-matrix
   rows: 4
   cols: 4
   dt: f
   data: [ 1., 0., 0., -5.29685364e+02, 0., 1., 0., -2.42360092e+02, 0.,
       0., 0., 3.48076843e+02, 0., 0., 2.90767476e-02, 0. ]
R: !!opencv-matrix
   rows: 3
   cols: 3
   dt: d
   data: [ 1.0030100869286287e+00, 2.6357600840361383e-03,
       2.0717983014942472e-03, -3.5219265201173263e-03,
       1.0071507993461375e+00, 2.3109022795138852e-03,
       -3.1297121055770798e-03, -8.2087070528145747e-03,
       1.0023254972512574e+00 ]
T: !!opencv-matrix
   rows: 3
   cols: 1
   dt: d
   data: [ -3.3791797949504677e+01, 5.7001617310319397e-01,
       6.0001752640705091e+00 ]
E: !!opencv-matrix
   rows: 0
   cols: 0
   dt: u
   data: []
F: !!opencv-matrix
   rows: 0
   cols: 0
   dt: u
   data: []
K1: !!opencv-matrix
   rows: 3
   cols: 3
   dt: d
   data: [ 3.6701875180413612e+02, 0., 3.9037664016115195e+02, 0.,
       3.6716204186372624e+02, 2.4338910080475119e+02, 0., 0., 1. ]
D1: !!opencv-matrix
   rows: 5
   cols: 1
   dt: d
   data: [ -2.4607421185303142e-02, 6.4808671343714744e-04,
       1.1083256569659741e-03, -3.8146776821432244e-05,
       4.7547507517400993e-05 ]
P1: !!opencv-matrix
   rows: 3
   cols: 4
   dt: f
   data: [ 3.48076843e+02, 0., 5.29685364e+02, 0., 0., 3.48076843e+02,
       2.42360092e+02, 0., 0., 0., 1., 0. ]
R1: !!opencv-matrix
   rows: 3
   cols: 3
   dt: f
   data: [ 9.86653566e-01, -9.61569662e-04, -1.62830785e-01,
       1.37198076e-03, 9.99996185e-01, 2.40804418e-03, 1.62827834e-01,
       -2.59930617e-03, 9.86651063e-01 ]
K2: !!opencv-matrix
   rows: 3
   cols: 3
   dt: d
   data: [ 3.6634490901067966e+02, 0., 3.9259549032746332e+02, 0.,
       3.6656633165683280e+02, 2.3935289141635988e+02, 0., 0., 1. ]
D2: !!opencv-matrix
   rows: 5
   cols: 1
   dt: d
   data: [ -2.4382727863946366e-02, 2.3985110129057631e-04,
       -3.0263975945863427e-04, -1.9949004863733616e-04,
       1.3475004328980761e-04 ]
P2: !!opencv-matrix
   rows: 3
   cols: 4
   dt: f
   data: [ 3.48076843e+02, 0., 5.29685364e+02, -1.19709697e+04, 0.,
       3.48076843e+02, 2.42360092e+02, 0., 0., 0., 1., 0. ]
R2: !!opencv-matrix
   rows: 3
   cols: 3
   dt: f
   data: [ 9.86206114e-01, -4.94289817e-03, -1.65448174e-01,
       4.52582398e-03, 9.99985576e-01, -2.89777364e-03, 1.65460095e-01,
       2.10901280e-03, 9.86214221e-01 ]
