%YAML:1.0
---
Q: !!opencv-matrix
   rows: 4
   cols: 4
   dt: f
   data: [ 1., 0., 0., -4.74468719e+02, 0., 1., 0., -2.44075485e+02, 0.,
       0., 0., 3.56446991e+02, 0., 0., 5.61427185e-03, 0. ]
R: !!opencv-matrix
   rows: 3
   cols: 3
   dt: d
   data: [ 1.0005443608454732e+00, 1.6383636642324198e-03,
       7.7139577102381838e-04, -3.5998286483267801e-03,
       1.0011480133771122e+00, 2.2677918939248047e-03,
       -3.3834976391306578e-03, -4.6766924972151160e-03,
       9.9949262089308377e-01 ]
T: !!opencv-matrix
   rows: 3
   cols: 1
   dt: d
   data: [ -1.6885132305137648e+02, 3.6802155037018149e+00,
       1.1931928336063217e+01 ]
E: !!opencv-matrix
   rows: 0
   cols: 0
   dt: u
   data: []
F: !!opencv-matrix
   rows: 0
   cols: 0
   dt: u
   data: []
K1: !!opencv-matrix
   rows: 3
   cols: 3
   dt: d
   data: [ 3.6701875180413612e+02, 0., 3.9037664016115195e+02, 0.,
       3.6716204186372624e+02, 2.4338910080475119e+02, 0., 0., 1. ]
D1: !!opencv-matrix
   rows: 5
   cols: 1
   dt: d
   data: [ -2.4607421185303142e-02, 6.4808671343714744e-04,
       1.1083256569659741e-03, -3.8146776821432244e-05,
       4.7547507517400993e-05 ]
P1: !!opencv-matrix
   rows: 3
   cols: 4
   dt: f
   data: [ 3.56446991e+02, 0., 4.74468719e+02, 0., 0., 3.56446991e+02,
       2.44075485e+02, 0., 0., 0., 1., 0. ]
R1: !!opencv-matrix
   rows: 3
   cols: 3
   dt: f
   data: [ 9.94568408e-01, -2.80518569e-02, -1.00233518e-01,
       2.82313302e-02, 9.99601364e-01, 3.72284674e-04, 1.00183114e-01,
       -3.19998804e-03, 9.94963884e-01 ]
K2: !!opencv-matrix
   rows: 3
   cols: 3
   dt: d
   data: [ 3.6634490901067966e+02, 0., 3.9259549032746332e+02, 0.,
       3.6656633165683280e+02, 2.3935289141635988e+02, 0., 0., 1. ]
D2: !!opencv-matrix
   rows: 5
   cols: 1
   dt: d
   data: [ -2.4382727863946366e-02, 2.3985110129057631e-04,
       -3.0263975945863427e-04, -1.9949004863733616e-04,
       1.3475004328980761e-04 ]
P2: !!opencv-matrix
   rows: 3
   cols: 4
   dt: f
   data: [ 3.56446991e+02, 0., 4.74468719e+02, -6.34894453e+04, 0.,
       3.56446991e+02, 2.44075485e+02, 0., 0., 0., 1., 0. ]
R2: !!opencv-matrix
   rows: 3
   cols: 3
   dt: f
   data: [ 9.94203210e-01, -3.15704346e-02, -1.02777556e-01,
       3.13862935e-02, 9.99501526e-01, -3.40875611e-03, 1.02833942e-01,
       1.63189732e-04, 9.94698524e-01 ]
