%YAML:1.0
---
Q: !!opencv-matrix
   rows: 4
   cols: 4
   dt: f
   data: [ 1., 0., 0., -6.72426514e+02, 0., 1., 0., -2.46998917e+02, 0.,
       0., 0., 3.06767334e+02, 0., 0., 9.39316768e-03, 0. ]
R: !!opencv-matrix
   rows: 3
   cols: 3
   dt: d
   data: [ 1.0040612933865591e+00, -7.4057930915584769e-03,
       -7.9212504383710403e-03, -3.6970439241948649e-03,
       1.0033693224518503e+00, 2.2768027741606983e-03,
       -3.7580011848727069e-03, -8.5493425664378113e-03,
       9.9760060423348418e-01 ]
T: !!opencv-matrix
   rows: 3
   cols: 1
   dt: d
   data: [ -9.3418070353063285e+01, 2.1758334654392031e+00,
       2.8759672972400992e+01 ]
E: !!opencv-matrix
   rows: 0
   cols: 0
   dt: u
   data: []
F: !!opencv-matrix
   rows: 0
   cols: 0
   dt: u
   data: []
K1: !!opencv-matrix
   rows: 3
   cols: 3
   dt: d
   data: [ 3.6701875180413612e+02, 0., 3.9037664016115195e+02, 0.,
       3.6716204186372624e+02, 2.4338910080475119e+02, 0., 0., 1. ]
D1: !!opencv-matrix
   rows: 5
   cols: 1
   dt: d
   data: [ -2.4607421185303142e-02, 6.4808671343714744e-04,
       1.1083256569659741e-03, -3.8146776821432244e-05,
       4.7547507517400993e-05 ]
P1: !!opencv-matrix
   rows: 3
   cols: 4
   dt: f
   data: [ 3.06767334e+02, 0., 6.72426514e+02, 0., 0., 3.06767334e+02,
       2.46998917e+02, 0., 0., 0., 1., 0. ]
R1: !!opencv-matrix
   rows: 3
   cols: 3
   dt: f
   data: [ 9.55184042e-01, -2.25321632e-02, -2.95153797e-01,
       2.33749673e-02, 9.99726534e-01, -6.72891212e-04, 2.95088232e-01,
       -6.25647511e-03, 9.55449522e-01 ]
K2: !!opencv-matrix
   rows: 3
   cols: 3
   dt: d
   data: [ 3.6634490901067966e+02, 0., 3.9259549032746332e+02, 0.,
       3.6656633165683280e+02, 2.3935289141635988e+02, 0., 0., 1. ]
D2: !!opencv-matrix
   rows: 5
   cols: 1
   dt: d
   data: [ -2.4382727863946366e-02, 2.3985110129057631e-04,
       -3.0263975945863427e-04, -1.9949004863733616e-04,
       1.3475004328980761e-04 ]
P2: !!opencv-matrix
   rows: 3
   cols: 4
   dt: f
   data: [ 3.06767334e+02, 0., 6.72426514e+02, -3.26585605e+04, 0.,
       3.06767334e+02, 2.46998917e+02, 0., 0., 0., 1., 0. ]
R2: !!opencv-matrix
   rows: 3
   cols: 3
   dt: f
   data: [ 9.55610514e-01, -2.28931699e-02, -2.93742239e-01,
       2.20543034e-02, 9.99737740e-01, -6.16813684e-03, 2.93806404e-01,
       -5.83944202e-04, 9.55864787e-01 ]
