%YAML:1.0
---
Q: !!opencv-matrix
   rows: 4
   cols: 4
   dt: f
   data: [ 1., 0., 0., -4.05009460e+02, 0., 1., 0., -2.41503281e+02, 0.,
       0., 0., 3.53685822e+02, 0., 0., 6.20343536e-03, 0. ]
R: !!opencv-matrix
   rows: 3
   cols: 3
   dt: d
   data: [ 1.0002468301172036e+00, 3.3918146183941787e-03,
       3.1669242042853814e-03, -3.4251507502834331e-03,
       1.0011521270327630e+00, 3.0161982362097149e-03,
       -3.7312147750446045e-03, -4.2073508677787346e-03,
       9.9977893466006662e-01 ]
T: !!opencv-matrix
   rows: 3
   cols: 1
   dt: d
   data: [ -1.6193454608081220e+02, -1.5665333773032870e+00,
       4.9776701318846168e+00 ]
E: !!opencv-matrix
   rows: 0
   cols: 0
   dt: u
   data: []
F: !!opencv-matrix
   rows: 0
   cols: 0
   dt: u
   data: []
K1: !!opencv-matrix
   rows: 3
   cols: 3
   dt: d
   data: [ 3.6701875180413612e+02, 0., 3.9037664016115195e+02, 0.,
       3.6716204186372624e+02, 2.4338910080475119e+02, 0., 0., 1. ]
D1: !!opencv-matrix
   rows: 5
   cols: 1
   dt: d
   data: [ -2.4607421185303142e-02, 6.4808671343714744e-04,
       1.1083256569659741e-03, -3.8146776821432244e-05,
       4.7547507517400993e-05 ]
P1: !!opencv-matrix
   rows: 3
   cols: 4
   dt: f
   data: [ 3.53685822e+02, 0., 4.05009460e+02, 0., 0., 3.53685822e+02,
       2.41503281e+02, 0., 0., 0., 1., 0. ]
R1: !!opencv-matrix
   rows: 3
   cols: 3
   dt: f
   data: [ 9.99759734e-01, 1.71121974e-02, -1.37001062e-02,
       -1.70887578e-02, 9.99852300e-01, 1.82617828e-03, 1.37293329e-02,
       -1.59162167e-03, 9.99904454e-01 ]
K2: !!opencv-matrix
   rows: 3
   cols: 3
   dt: d
   data: [ 3.6634490901067966e+02, 0., 3.9259549032746332e+02, 0.,
       3.6656633165683280e+02, 2.3935289141635988e+02, 0., 0., 1. ]
D2: !!opencv-matrix
   rows: 5
   cols: 1
   dt: d
   data: [ -2.4382727863946366e-02, 2.3985110129057631e-04,
       -3.0263975945863427e-04, -1.9949004863733616e-04,
       1.3475004328980761e-04 ]
P2: !!opencv-matrix
   rows: 3
   cols: 4
   dt: f
   data: [ 3.53685822e+02, 0., 4.05009460e+02, -5.70145117e+04, 0.,
       3.53685822e+02, 2.41503281e+02, 0., 0., 0., 1., 0. ]
R2: !!opencv-matrix
   rows: 3
   cols: 3
   dt: f
   data: [ 9.99759674e-01, 1.36974817e-02, -1.71167422e-02,
       -1.37267159e-02, 9.99904513e-01, -1.59161282e-03, 1.70933064e-02,
       1.82618701e-03, 9.99852240e-01 ]
