%YAML:1.0
---
Q: !!opencv-matrix
   rows: 4
   cols: 4
   dt: f
   data: [ 1., 0., 0., -5.22927917e+02, 0., 1., 0., -2.41840546e+02, 0.,
       0., 0., 3.46915344e+02, 0., 0., 2.53553893e-02, 0. ]
R: !!opencv-matrix
   rows: 3
   cols: 3
   dt: d
   data: [ 1.0023478000493817e+00, 1.8728815462732585e-03,
       1.9786257788886098e-03, -3.6233759779926733e-03,
       1.0071523739813462e+00, 2.6880139085641136e-03,
       -3.0382906517268560e-03, -7.3776634957251714e-03,
       1.0023376634538279e+00 ]
T: !!opencv-matrix
   rows: 3
   cols: 1
   dt: d
   data: [ -3.8959496639365291e+01, 1.2223158261443971e-01,
       6.2941940025890162e+00 ]
E: !!opencv-matrix
   rows: 0
   cols: 0
   dt: u
   data: []
F: !!opencv-matrix
   rows: 0
   cols: 0
   dt: u
   data: []
K1: !!opencv-matrix
   rows: 3
   cols: 3
   dt: d
   data: [ 3.6701875180413612e+02, 0., 3.9037664016115195e+02, 0.,
       3.6716204186372624e+02, 2.4338910080475119e+02, 0., 0., 1. ]
D1: !!opencv-matrix
   rows: 5
   cols: 1
   dt: d
   data: [ -2.4607421185303142e-02, 6.4808671343714744e-04,
       1.1083256569659741e-03, -3.8146776821432244e-05,
       4.7547507517400993e-05 ]
P1: !!opencv-matrix
   rows: 3
   cols: 4
   dt: f
   data: [ 3.46915344e+02, 0., 5.22927917e+02, 0., 0., 3.46915344e+02,
       2.41840546e+02, 0., 0., 0., 1., 0. ]
R1: !!opencv-matrix
   rows: 3
   cols: 3
   dt: f
   data: [ 9.87817347e-01, 3.52877611e-03, -1.55577615e-01,
       -3.15262657e-03, 9.99991477e-01, 2.66443798e-03, 1.55585691e-01,
       -2.14149989e-03, 9.87820089e-01 ]
K2: !!opencv-matrix
   rows: 3
   cols: 3
   dt: d
   data: [ 3.6634490901067966e+02, 0., 3.9259549032746332e+02, 0.,
       3.6656633165683280e+02, 2.3935289141635988e+02, 0., 0., 1. ]
D2: !!opencv-matrix
   rows: 5
   cols: 1
   dt: d
   data: [ -2.4382727863946366e-02, 2.3985110129057631e-04,
       -3.0263975945863427e-04, -1.9949004863733616e-04,
       1.3475004328980761e-04 ]
P2: !!opencv-matrix
   rows: 3
   cols: 4
   dt: f
   data: [ 3.46915344e+02, 0., 5.22927917e+02, -1.36821152e+04, 0.,
       3.46915344e+02, 2.41840546e+02, 0., 0., 0., 1., 0. ]
R2: !!opencv-matrix
   rows: 3
   cols: 3
   dt: f
   data: [ 9.87438738e-01, 1.01209465e-04, -1.58002421e-01,
       -4.83247335e-04, 9.99997079e-01, -2.37950776e-03, 1.58001706e-01,
       2.42597237e-03, 9.87435877e-01 ]
