%YAML:1.0
---
Q: !!opencv-matrix
   rows: 4
   cols: 4
   dt: f
   data: [ 1., 0., 0., -5.27767212e+02, 0., 1., 0., -2.41951691e+02, 0.,
       0., 0., 3.46424194e+02, 0., 0., 2.87830830e-02, 0. ]
R: !!opencv-matrix
   rows: 3
   cols: 3
   dt: d
   data: [ 1.0028364802310443e+00, 2.8686961274661331e-03,
       2.2734387457567281e-03, -3.5829578212367361e-03,
       1.0072047296978957e+00, 2.6317354388849801e-03,
       -3.2020652137363477e-03, -7.9567211731055108e-03,
       1.0024099313424319e+00 ]
T: !!opencv-matrix
   rows: 3
   cols: 1
   dt: d
   data: [ -3.4074916455034781e+01, 1.9890237311764342e-01,
       5.5921069697272712e+00 ]
E: !!opencv-matrix
   rows: 0
   cols: 0
   dt: u
   data: []
F: !!opencv-matrix
   rows: 0
   cols: 0
   dt: u
   data: []
K1: !!opencv-matrix
   rows: 3
   cols: 3
   dt: d
   data: [ 3.6701875180413612e+02, 0., 3.9037664016115195e+02, 0.,
       3.6716204186372624e+02, 2.4338910080475119e+02, 0., 0., 1. ]
D1: !!opencv-matrix
   rows: 5
   cols: 1
   dt: d
   data: [ -2.4607421185303142e-02, 6.4808671343714744e-04,
       1.1083256569659741e-03, -3.8146776821432244e-05,
       4.7547507517400993e-05 ]
P1: !!opencv-matrix
   rows: 3
   cols: 4
   dt: f
   data: [ 3.46424194e+02, 0., 5.27767212e+02, 0., 0., 3.46424194e+02,
       2.41951691e+02, 0., 0., 0., 1., 0. ]
R1: !!opencv-matrix
   rows: 3
   cols: 3
   dt: f
   data: [ 9.87004042e-01, 2.89268605e-03, -1.60669386e-01,
       -2.48334534e-03, 9.99993145e-01, 2.74846633e-03, 1.60676241e-01,
       -2.31374986e-03, 9.87004459e-01 ]
K2: !!opencv-matrix
   rows: 3
   cols: 3
   dt: d
   data: [ 3.6634490901067966e+02, 0., 3.9259549032746332e+02, 0.,
       3.6656633165683280e+02, 2.3935289141635988e+02, 0., 0., 1. ]
D2: !!opencv-matrix
   rows: 5
   cols: 1
   dt: d
   data: [ -2.4382727863946366e-02, 2.3985110129057631e-04,
       -3.0263975945863427e-04, -1.9949004863733616e-04,
       1.3475004328980761e-04 ]
P2: !!opencv-matrix
   rows: 3
   cols: 4
   dt: f
   data: [ 3.46424194e+02, 0., 5.27767212e+02, -1.20356875e+04, 0.,
       3.46424194e+02, 2.41951691e+02, 0., 0., 0., 1., 0. ]
R2: !!opencv-matrix
   rows: 3
   cols: 3
   dt: f
   data: [ 9.86552358e-01, -1.26783748e-03, -1.63440764e-01,
       8.51394143e-04, 9.99996185e-01, -2.61799968e-03, 1.63443461e-01,
       2.44364119e-03, 9.86549675e-01 ]
