%YAML:1.0
---
Q: !!opencv-matrix
   rows: 4
   cols: 4
   dt: f
   data: [ 1., 0., 0., -4.26941315e+02, 0., 1., 0., -2.40118500e+02, 0.,
       0., 0., 3.57194916e+02, 0., 0., 1.27911391e-02, 0. ]
R: !!opencv-matrix
   rows: 3
   cols: 3
   dt: d
   data: [ 1.0018725336898240e+00, 2.1367649000491253e-03,
       2.9405698270741250e-03, -3.4534832726794275e-03,
       1.0035152706032784e+00, 3.8085621665207357e-03,
       -3.3602414279352319e-03, -5.6978938508911378e-03,
       1.0004163440567146e+00 ]
T: !!opencv-matrix
   rows: 3
   cols: 1
   dt: d
   data: [ -7.7863069915267687e+01, -3.2137945238078003e+00,
       4.4705498393873588e+00 ]
E: !!opencv-matrix
   rows: 0
   cols: 0
   dt: u
   data: []
F: !!opencv-matrix
   rows: 0
   cols: 0
   dt: u
   data: []
K1: !!opencv-matrix
   rows: 3
   cols: 3
   dt: d
   data: [ 3.6701875180413612e+02, 0., 3.9037664016115195e+02, 0.,
       3.6716204186372624e+02, 2.4338910080475119e+02, 0., 0., 1. ]
D1: !!opencv-matrix
   rows: 5
   cols: 1
   dt: d
   data: [ -2.4607421185303142e-02, 6.4808671343714744e-04,
       1.1083256569659741e-03, -3.8146776821432244e-05,
       4.7547507517400993e-05 ]
P1: !!opencv-matrix
   rows: 3
   cols: 4
   dt: f
   data: [ 3.57194916e+02, 0., 4.26941315e+02, 0., 0., 3.57194916e+02,
       2.40118500e+02, 0., 0., 0., 1., 0. ]
R1: !!opencv-matrix
   rows: 3
   cols: 3
   dt: f
   data: [ 9.98069942e-01, 4.63012569e-02, -4.13836800e-02,
       -4.62090112e-02, 9.98926699e-01, 3.18329898e-03, 4.14866544e-02,
       -1.26485620e-03, 9.99138236e-01 ]
K2: !!opencv-matrix
   rows: 3
   cols: 3
   dt: d
   data: [ 3.6634490901067966e+02, 0., 3.9259549032746332e+02, 0.,
       3.6656633165683280e+02, 2.3935289141635988e+02, 0., 0., 1. ]
D2: !!opencv-matrix
   rows: 5
   cols: 1
   dt: d
   data: [ -2.4382727863946366e-02, 2.3985110129057631e-04,
       -3.0263975945863427e-04, -1.9949004863733616e-04,
       1.3475004328980761e-04 ]
P2: !!opencv-matrix
   rows: 3
   cols: 4
   dt: f
   data: [ 3.57194916e+02, 0., 4.26941315e+02, -2.79251855e+04, 0.,
       3.57194916e+02, 2.40118500e+02, 0., 0., 0., 1., 0. ]
R2: !!opencv-matrix
   rows: 3
   cols: 3
   dt: f
   data: [ 9.98055816e-01, 4.33706716e-02, -4.47618067e-02,
       -4.34702151e-02, 9.99053955e-01, -1.25238451e-03, 4.46651429e-02,
       3.19575495e-03, 9.98996913e-01 ]
