%YAML:1.0
---
Q: !!opencv-matrix
   rows: 4
   cols: 4
   dt: f
   data: [ 1., 0., 0., -5.28263367e+02, 0., 1., 0., -2.41934998e+02, 0.,
       0., 0., 3.46439117e+02, 0., 0., 2.84157228e-02, 0. ]
R: !!opencv-matrix
   rows: 3
   cols: 3
   dt: d
   data: [ 1.0028984448581220e+00, 3.0784648781300304e-03,
       2.3666809239130957e-03, -3.6200163467005092e-03,
       1.0073781602258405e+00, 2.7648958743263690e-03,
       -3.2459064148367646e-03, -8.0254619579246296e-03,
       1.0022994209350686e+00 ]
T: !!opencv-matrix
   rows: 3
   cols: 1
   dt: d
   data: [ -3.4275423005118135e+01, 4.4048010231971337e-02,
       5.6783617838824423e+00 ]
E: !!opencv-matrix
   rows: 0
   cols: 0
   dt: u
   data: []
F: !!opencv-matrix
   rows: 0
   cols: 0
   dt: u
   data: []
K1: !!opencv-matrix
   rows: 3
   cols: 3
   dt: d
   data: [ 3.6701875180413612e+02, 0., 3.9037664016115195e+02, 0.,
       3.6716204186372624e+02, 2.4338910080475119e+02, 0., 0., 1. ]
D1: !!opencv-matrix
   rows: 5
   cols: 1
   dt: d
   data: [ -2.4607421185303142e-02, 6.4808671343714744e-04,
       1.1083256569659741e-03, -3.8146776821432244e-05,
       4.7547507517400993e-05 ]
P1: !!opencv-matrix
   rows: 3
   cols: 4
   dt: f
   data: [ 3.46439117e+02, 0., 5.28263367e+02, 0., 0., 3.46439117e+02,
       2.41934998e+02, 0., 0., 0., 1., 0. ]
R1: !!opencv-matrix
   rows: 3
   cols: 3
   dt: f
   data: [ 9.86929178e-01, 3.14779440e-03, -1.61123812e-01,
       -2.73795333e-03, 9.99992430e-01, 2.76560290e-03, 1.61131293e-01,
       -2.28830473e-03, 9.86930311e-01 ]
K2: !!opencv-matrix
   rows: 3
   cols: 3
   dt: d
   data: [ 3.6634490901067966e+02, 0., 3.9259549032746332e+02, 0.,
       3.6656633165683280e+02, 2.3935289141635988e+02, 0., 0., 1. ]
D2: !!opencv-matrix
   rows: 5
   cols: 1
   dt: d
   data: [ -2.4382727863946366e-02, 2.3985110129057631e-04,
       -3.0263975945863427e-04, -1.9949004863733616e-04,
       1.3475004328980761e-04 ]
P2: !!opencv-matrix
   rows: 3
   cols: 4
   dt: f
   data: [ 3.46439117e+02, 0., 5.28263367e+02, -1.21918105e+04, 0.,
       3.46439117e+02, 2.41934998e+02, 0., 0., 0., 1., 0. ]
R2: !!opencv-matrix
   rows: 3
   cols: 3
   dt: f
   data: [ 9.86450076e-01, -1.19371479e-03, -1.64057255e-01,
       7.76368368e-04, 9.99996305e-01, -2.60800286e-03, 1.64059758e-01,
       2.44529569e-03, 9.86447394e-01 ]
