%YAML:1.0
---
Q: !!opencv-matrix
   rows: 4
   cols: 4
   dt: f
   data: [ 1., 0., 0., -6.54216309e+02, 0., 1., 0., -2.46276093e+02, 0.,
       0., 0., 3.17920227e+02, 0., 0., 1.16976965e-02, 0. ]
R: !!opencv-matrix
   rows: 3
   cols: 3
   dt: d
   data: [ 1.0035418053881142e+00, 3.5943352313701181e-03,
       3.4887293080397880e-03, -3.5710029444841547e-03,
       1.0070601753596646e+00, 1.9801335422655808e-03,
       -2.6472191568172898e-03, -1.1952138715594198e-02,
       9.9840744912364365e-01 ]
T: !!opencv-matrix
   rows: 3
   cols: 1
   dt: d
   data: [ -7.7885923453509989e+01, 2.0471476853943193e+00,
       2.2786338565645238e+01 ]
E: !!opencv-matrix
   rows: 0
   cols: 0
   dt: u
   data: []
F: !!opencv-matrix
   rows: 0
   cols: 0
   dt: u
   data: []
K1: !!opencv-matrix
   rows: 3
   cols: 3
   dt: d
   data: [ 3.6701875180413612e+02, 0., 3.9037664016115195e+02, 0.,
       3.6716204186372624e+02, 2.4338910080475119e+02, 0., 0., 1. ]
D1: !!opencv-matrix
   rows: 5
   cols: 1
   dt: d
   data: [ -2.4607421185303142e-02, 6.4808671343714744e-04,
       1.1083256569659741e-03, -3.8146776821432244e-05,
       4.7547507517400993e-05 ]
P1: !!opencv-matrix
   rows: 3
   cols: 4
   dt: f
   data: [ 3.17920227e+02, 0., 6.54216309e+02, 0., 0., 3.17920227e+02,
       2.46276093e+02, 0., 0., 0., 1., 0. ]
R1: !!opencv-matrix
   rows: 3
   cols: 3
   dt: f
   data: [ 9.60231364e-01, -1.75903216e-02, -2.78650820e-01,
       1.85100771e-02, 9.99828458e-01, 6.69842295e-04, 2.78591245e-01,
       -5.80105139e-03, 9.60392237e-01 ]
K2: !!opencv-matrix
   rows: 3
   cols: 3
   dt: d
   data: [ 3.6634490901067966e+02, 0., 3.9259549032746332e+02, 0.,
       3.6656633165683280e+02, 2.3935289141635988e+02, 0., 0., 1. ]
D2: !!opencv-matrix
   rows: 5
   cols: 1
   dt: d
   data: [ -2.4382727863946366e-02, 2.3985110129057631e-04,
       -3.0263975945863427e-04, -1.9949004863733616e-04,
       1.3475004328980761e-04 ]
P2: !!opencv-matrix
   rows: 3
   cols: 4
   dt: f
   data: [ 3.17920227e+02, 0., 6.54216309e+02, -2.71780215e+04, 0.,
       3.17920227e+02, 2.46276093e+02, 0., 0., 0., 1., 0. ]
R2: !!opencv-matrix
   rows: 3
   cols: 3
   dt: f
   data: [ 9.59080100e-01, -2.35981680e-02, -2.82149732e-01,
       2.26663649e-02, 9.99721527e-01, -6.56650122e-03, 2.82226115e-01,
       -9.75079456e-05, 9.59347904e-01 ]
