%YAML:1.0
---
Q: !!opencv-matrix
   rows: 4
   cols: 4
   dt: f
   data: [ 1., 0., 0., -4.67697327e+02, 0., 1., 0., -2.42383667e+02, 0.,
       0., 0., 3.52311371e+02, 0., 0., 3.40519324e-02, 0. ]
R: !!opencv-matrix
   rows: 3
   cols: 3
   dt: d
   data: [ 1.0026791220413185e+00, 2.4858087766369311e-04,
       -4.2075658553232900e-04, -3.6568430430266941e-03,
       1.0060673879930906e+00, 2.7849012381983961e-03,
       -3.4129117300728071e-03, -5.5542841400512714e-03,
       1.0033403800070166e+00 ]
T: !!opencv-matrix
   rows: 3
   cols: 1
   dt: d
   data: [ -2.8412840490973458e+01, -4.1759246677378167e-02,
       2.6437327923155909e+00 ]
E: !!opencv-matrix
   rows: 0
   cols: 0
   dt: u
   data: []
F: !!opencv-matrix
   rows: 0
   cols: 0
   dt: u
   data: []
K1: !!opencv-matrix
   rows: 3
   cols: 3
   dt: d
   data: [ 3.6701875180413612e+02, 0., 3.9037664016115195e+02, 0.,
       3.6716204186372624e+02, 2.4338910080475119e+02, 0., 0., 1. ]
D1: !!opencv-matrix
   rows: 5
   cols: 1
   dt: d
   data: [ -2.4607421185303142e-02, 6.4808671343714744e-04,
       1.1083256569659741e-03, -3.8146776821432244e-05,
       4.7547507517400993e-05 ]
P1: !!opencv-matrix
   rows: 3
   cols: 4
   dt: f
   data: [ 3.52311371e+02, 0., 4.67697327e+02, 0., 0., 3.52311371e+02,
       2.42383667e+02, 0., 0., 0., 1., 0. ]
R1: !!opencv-matrix
   rows: 3
   cols: 3
   dt: f
   data: [ 9.95704830e-01, -5.34922490e-03, -9.24299583e-02,
       5.53021580e-03, 9.99983251e-01, 1.70212239e-03, 9.24193114e-02,
       -2.20596907e-03, 9.95717704e-01 ]
K2: !!opencv-matrix
   rows: 3
   cols: 3
   dt: d
   data: [ 3.6634490901067966e+02, 0., 3.9259549032746332e+02, 0.,
       3.6656633165683280e+02, 2.3935289141635988e+02, 0., 0., 1. ]
D2: !!opencv-matrix
   rows: 5
   cols: 1
   dt: d
   data: [ -2.4382727863946366e-02, 2.3985110129057631e-04,
       -3.0263975945863427e-04, -1.9949004863733616e-04,
       1.3475004328980761e-04 ]
P2: !!opencv-matrix
   rows: 3
   cols: 4
   dt: f
   data: [ 3.52311371e+02, 0., 4.67697327e+02, -1.03462959e+04, 0.,
       3.52311371e+02, 2.42383667e+02, 0., 0., 0., 1., 0. ]
R2: !!opencv-matrix
   rows: 3
   cols: 3
   dt: f
   data: [ 9.95519936e-01, -7.89491646e-03, -9.42217484e-02,
       7.71038327e-03, 9.99967575e-01, -2.32240045e-03, 9.42370296e-02,
       1.58551009e-03, 9.95548546e-01 ]
