%YAML:1.0
---
Q: !!opencv-matrix
   rows: 4
   cols: 4
   dt: f
   data: [ 1., 0., 0., -4.12393677e+02, 0., 1., 0., -2.41121857e+02, 0.,
       0., 0., 3.54557892e+02, 0., 0., 6.39520865e-03, 0. ]
R: !!opencv-matrix
   rows: 3
   cols: 3
   dt: d
   data: [ 9.9947965493885216e-01, 2.0732362635633873e-03,
       1.6110480747508664e-03, -3.5063347321014726e-03,
       1.0017847388504337e+00, 3.2869505087360505e-03,
       -3.4239684414511598e-03, -3.8787513384139719e-03,
       1.0001821549804166e+00 ]
T: !!opencv-matrix
   rows: 3
   cols: 1
   dt: d
   data: [ -1.5657811014584851e+02, -2.9081183697008810e+00,
       4.7940856758859853e+00 ]
E: !!opencv-matrix
   rows: 0
   cols: 0
   dt: u
   data: []
F: !!opencv-matrix
   rows: 0
   cols: 0
   dt: u
   data: []
K1: !!opencv-matrix
   rows: 3
   cols: 3
   dt: d
   data: [ 3.6701875180413612e+02, 0., 3.9037664016115195e+02, 0.,
       3.6716204186372624e+02, 2.4338910080475119e+02, 0., 0., 1. ]
D1: !!opencv-matrix
   rows: 5
   cols: 1
   dt: d
   data: [ -2.4607421185303142e-02, 6.4808671343714744e-04,
       1.1083256569659741e-03, -3.8146776821432244e-05,
       4.7547507517400993e-05 ]
P1: !!opencv-matrix
   rows: 3
   cols: 4
   dt: f
   data: [ 3.54557892e+02, 0., 4.12393677e+02, 0., 0., 3.54557892e+02,
       2.41121857e+02, 0., 0., 0., 1., 0. ]
R1: !!opencv-matrix
   rows: 3
   cols: 3
   dt: f
   data: [ 9.99358773e-01, 2.70314887e-02, -2.34807208e-02,
       -2.69900989e-02, 9.99633551e-01, 2.07787240e-03, 2.35282853e-02,
       -1.44279306e-03, 9.99722123e-01 ]
K2: !!opencv-matrix
   rows: 3
   cols: 3
   dt: d
   data: [ 3.6634490901067966e+02, 0., 3.9259549032746332e+02, 0.,
       3.6656633165683280e+02, 2.3935289141635988e+02, 0., 0., 1. ]
D2: !!opencv-matrix
   rows: 5
   cols: 1
   dt: d
   data: [ -2.4382727863946366e-02, 2.3985110129057631e-04,
       -3.0263975945863427e-04, -1.9949004863733616e-04,
       1.3475004328980761e-04 ]
P2: !!opencv-matrix
   rows: 3
   cols: 4
   dt: f
   data: [ 3.54557892e+02, 0., 4.12393677e+02, -5.54411758e+04, 0.,
       3.54557892e+02, 2.41121857e+02, 0., 0., 0., 1., 0. ]
R2: !!opencv-matrix
   rows: 3
   cols: 3
   dt: f
   data: [ 9.99368072e-01, 2.41960585e-02, -2.60383245e-02,
       -2.42418703e-02, 9.99705076e-01, -1.44518469e-03, 2.59956773e-02,
       2.07548914e-03, 9.99659896e-01 ]
