%YAML:1.0
---
Q: !!opencv-matrix
   rows: 4
   cols: 4
   dt: f
   data: [ 1., 0., 0., -4.44478485e+02, 0., 1., 0., -2.42123001e+02, 0.,
       0., 0., 3.53251038e+02, 0., 0., 6.02805754e-03, 0. ]
R: !!opencv-matrix
   rows: 3
   cols: 3
   dt: d
   data: [ 1.0003220437487279e+00, 2.2634336451807209e-03,
       1.6769803437659430e-03, -3.4488978721031152e-03,
       1.0019249279037568e+00, 2.4799509709231820e-03,
       -3.4860890601438326e-03, -5.4490238517591249e-03,
       9.9943955361681247e-01 ]
T: !!opencv-matrix
   rows: 3
   cols: 1
   dt: d
   data: [ -1.6599958891153014e+02, 1.9587600033990928e+00,
       1.4541811161394394e+01 ]
E: !!opencv-matrix
   rows: 0
   cols: 0
   dt: u
   data: []
F: !!opencv-matrix
   rows: 0
   cols: 0
   dt: u
   data: []
K1: !!opencv-matrix
   rows: 3
   cols: 3
   dt: d
   data: [ 3.6701875180413612e+02, 0., 3.9037664016115195e+02, 0.,
       3.6716204186372624e+02, 2.4338910080475119e+02, 0., 0., 1. ]
D1: !!opencv-matrix
   rows: 5
   cols: 1
   dt: d
   data: [ -2.4607421185303142e-02, 6.4808671343714744e-04,
       1.1083256569659741e-03, -3.8146776821432244e-05,
       4.7547507517400993e-05 ]
P1: !!opencv-matrix
   rows: 3
   cols: 4
   dt: f
   data: [ 3.53251038e+02, 0., 4.44478485e+02, 0., 0., 3.53251038e+02,
       2.42123001e+02, 0., 0., 0., 1., 0. ]
R1: !!opencv-matrix
   rows: 3
   cols: 3
   dt: f
   data: [ 9.97961938e-01, -2.46338150e-03, -6.37646541e-02,
       2.58210558e-03, 9.99995112e-01, 1.77957013e-03, 6.37599602e-02,
       -1.94059033e-03, 9.97963369e-01 ]
K2: !!opencv-matrix
   rows: 3
   cols: 3
   dt: d
   data: [ 3.6634490901067966e+02, 0., 3.9259549032746332e+02, 0.,
       3.6656633165683280e+02, 2.3935289141635988e+02, 0., 0., 1. ]
D2: !!opencv-matrix
   rows: 5
   cols: 1
   dt: d
   data: [ -2.4382727863946366e-02, 2.3985110129057631e-04,
       -3.0263975945863427e-04, -1.9949004863733616e-04,
       1.3475004328980761e-04 ]
P2: !!opencv-matrix
   rows: 3
   cols: 4
   dt: f
   data: [ 3.53251038e+02, 0., 4.44478485e+02, -5.86011367e+04, 0.,
       3.53251038e+02, 2.42123001e+02, 0., 0., 0., 1., 0. ]
R2: !!opencv-matrix
   rows: 3
   cols: 3
   dt: f
   data: [ 9.97785687e-01, -5.52223017e-03, -6.62816986e-02,
       5.39880013e-03, 9.99983370e-01, -2.04117899e-03, 6.62918687e-02,
       1.67881744e-03, 9.97798860e-01 ]
