%YAML:1.0
---
Q: !!opencv-matrix
   rows: 4
   cols: 4
   dt: f
   data: [ 1., 0., 0., -4.89256653e+02, 0., 1., 0., -2.42555237e+02, 0.,
       0., 0., 3.51291412e+02, 0., 0., 3.39329056e-02, 0. ]
R: !!opencv-matrix
   rows: 3
   cols: 3
   dt: d
   data: [ 1.0024445649457951e+00, 6.2494722621904430e-04,
       -2.1013271391119546e-04, -3.5805650232871721e-03,
       1.0063265032384741e+00, 2.5937196762639931e-03,
       -3.2459081741014568e-03, -5.9248307199138281e-03,
       1.0033746476698782e+00 ]
T: !!opencv-matrix
   rows: 3
   cols: 1
   dt: d
   data: [ -2.9075706977061412e+01, 2.2403542943306132e-01,
       3.1689808760803762e+00 ]
E: !!opencv-matrix
   rows: 0
   cols: 0
   dt: u
   data: []
F: !!opencv-matrix
   rows: 0
   cols: 0
   dt: u
   data: []
K1: !!opencv-matrix
   rows: 3
   cols: 3
   dt: d
   data: [ 3.6701875180413612e+02, 0., 3.9037664016115195e+02, 0.,
       3.6716204186372624e+02, 2.4338910080475119e+02, 0., 0., 1. ]
D1: !!opencv-matrix
   rows: 5
   cols: 1
   dt: d
   data: [ -2.4607421185303142e-02, 6.4808671343714744e-04,
       1.1083256569659741e-03, -3.8146776821432244e-05,
       4.7547507517400993e-05 ]
P1: !!opencv-matrix
   rows: 3
   cols: 4
   dt: f
   data: [ 3.51291412e+02, 0., 4.89256653e+02, 0., 0., 3.51291412e+02,
       2.42555237e+02, 0., 0., 0., 1., 0. ]
R1: !!opencv-matrix
   rows: 3
   cols: 3
   dt: f
   data: [ 9.92986083e-01, -5.88098029e-03, -1.18084714e-01,
       6.13543997e-03, 9.99979556e-01, 1.79148105e-03, 1.18071772e-01,
       -2.50341743e-03, 9.93001938e-01 ]
K2: !!opencv-matrix
   rows: 3
   cols: 3
   dt: d
   data: [ 3.6634490901067966e+02, 0., 3.9259549032746332e+02, 0.,
       3.6656633165683280e+02, 2.3935289141635988e+02, 0., 0., 1. ]
D2: !!opencv-matrix
   rows: 5
   cols: 1
   dt: d
   data: [ -2.4382727863946366e-02, 2.3985110129057631e-04,
       -3.0263975945863427e-04, -1.9949004863733616e-04,
       1.3475004328980761e-04 ]
P2: !!opencv-matrix
   rows: 3
   cols: 4
   dt: f
   data: [ 3.51291412e+02, 0., 4.89256653e+02, -1.03525293e+04, 0.,
       3.51291412e+02, 2.42555237e+02, 0., 0., 0., 1., 0. ]
R2: !!opencv-matrix
   rows: 3
   cols: 3
   dt: f
   data: [ 9.92791891e-01, -8.54572281e-03, -1.19545937e-01,
       8.28806777e-03, 9.99962151e-01, -2.65230611e-03, 1.19564079e-01,
       1.64238317e-03, 9.92825150e-01 ]
