%YAML:1.0
---
Q: !!opencv-matrix
   rows: 4
   cols: 4
   dt: f
   data: [ 1., 0., 0., -6.62346863e+02, 0., 1., 0., -2.48808441e+02, 0.,
       0., 0., 3.18271942e+02, 0., 0., 1.49941966e-02, 0. ]
R: !!opencv-matrix
   rows: 3
   cols: 3
   dt: d
   data: [ 1.0037369953299138e+00, -2.4872154475246737e-03,
       -3.4389001211332618e-03, -3.4767788423407608e-03,
       1.0060570121468315e+00, 1.7667388895265701e-03,
       -2.7227608468311472e-03, -1.0688684233233495e-02,
       9.9933375795809809e-01 ]
T: !!opencv-matrix
   rows: 3
   cols: 1
   dt: d
   data: [ -5.8335465564387718e+01, 2.1051708812571355e+00,
       1.7552674431907779e+01 ]
E: !!opencv-matrix
   rows: 0
   cols: 0
   dt: u
   data: []
F: !!opencv-matrix
   rows: 0
   cols: 0
   dt: u
   data: []
K1: !!opencv-matrix
   rows: 3
   cols: 3
   dt: d
   data: [ 3.6701875180413612e+02, 0., 3.9037664016115195e+02, 0.,
       3.6716204186372624e+02, 2.4338910080475119e+02, 0., 0., 1. ]
D1: !!opencv-matrix
   rows: 5
   cols: 1
   dt: d
   data: [ -2.4607421185303142e-02, 6.4808671343714744e-04,
       1.1083256569659741e-03, -3.8146776821432244e-05,
       4.7547507517400993e-05 ]
P1: !!opencv-matrix
   rows: 3
   cols: 4
   dt: f
   data: [ 3.18271942e+02, 0., 6.62346863e+02, 0., 0., 3.18271942e+02,
       2.48808441e+02, 0., 0., 0., 1., 0. ]
R1: !!opencv-matrix
   rows: 3
   cols: 3
   dt: f
   data: [ 9.57528472e-01, -3.13799605e-02, -2.86626041e-01,
       3.22664529e-02, 9.99477983e-01, -1.63115375e-03, 2.86527604e-01,
       -7.68652977e-03, 9.58041131e-01 ]
K2: !!opencv-matrix
   rows: 3
   cols: 3
   dt: d
   data: [ 3.6634490901067966e+02, 0., 3.9259549032746332e+02, 0.,
       3.6656633165683280e+02, 2.3935289141635988e+02, 0., 0., 1. ]
D2: !!opencv-matrix
   rows: 5
   cols: 1
   dt: d
   data: [ -2.4382727863946366e-02, 2.3985110129057631e-04,
       -3.0263975945863427e-04, -1.9949004863733616e-04,
       1.3475004328980761e-04 ]
P2: !!opencv-matrix
   rows: 3
   cols: 4
   dt: f
   data: [ 3.18271942e+02, 0., 6.62346863e+02, -2.12263418e+04, 0.,
       3.18271942e+02, 2.48808441e+02, 0., 0., 0., 1., 0. ]
R2: !!opencv-matrix
   rows: 3
   cols: 3
   dt: f
   data: [ 9.57309663e-01, -3.44378687e-02, -2.87005663e-01,
       3.35498340e-02, 9.99404907e-01, -8.01305473e-03, 2.87110806e-01,
       -1.95801770e-03, 9.57895398e-01 ]
