%YAML:1.0
---
Q: !!opencv-matrix
   rows: 4
   cols: 4
   dt: f
   data: [ 1., 0., 0., -4.76561310e+02, 0., 1., 0., -2.43189056e+02, 0.,
       0., 0., 3.53958710e+02, 0., 0., 6.00343617e-03, 0. ]
R: !!opencv-matrix
   rows: 3
   cols: 3
   dt: d
   data: [ 1.0004183919110670e+00, 2.3515438192160776e-03,
       1.7039324844936882e-03, -3.4275485724667614e-03,
       1.0019585383228942e+00, 2.3466546139815575e-03,
       -3.4421826827792032e-03, -5.7342537152392965e-03,
       9.9939359898641822e-01 ]
T: !!opencv-matrix
   rows: 3
   cols: 1
   dt: d
   data: [ -1.6365562509667410e+02, 2.4873226994409543e+00,
       1.5244654788041091e+01 ]
E: !!opencv-matrix
   rows: 0
   cols: 0
   dt: u
   data: []
F: !!opencv-matrix
   rows: 0
   cols: 0
   dt: u
   data: []
K1: !!opencv-matrix
   rows: 3
   cols: 3
   dt: d
   data: [ 3.6701875180413612e+02, 0., 3.9037664016115195e+02, 0.,
       3.6716204186372624e+02, 2.4338910080475119e+02, 0., 0., 1. ]
D1: !!opencv-matrix
   rows: 5
   cols: 1
   dt: d
   data: [ -2.4607421185303142e-02, 6.4808671343714744e-04,
       1.1083256569659741e-03, -3.8146776821432244e-05,
       4.7547507517400993e-05 ]
P1: !!opencv-matrix
   rows: 3
   cols: 4
   dt: f
   data: [ 3.53958710e+02, 0., 4.76561310e+02, 0., 0., 3.53958710e+02,
       2.43189056e+02, 0., 0., 0., 1., 0. ]
R1: !!opencv-matrix
   rows: 3
   cols: 3
   dt: f
   data: [ 9.94600415e-01, -1.53215248e-02, -1.02641225e-01,
       1.55270305e-02, 9.99878705e-01, 1.20345422e-03, 1.02610335e-01,
       -2.79066944e-03, 9.94717717e-01 ]
K2: !!opencv-matrix
   rows: 3
   cols: 3
   dt: d
   data: [ 3.6634490901067966e+02, 0., 3.9259549032746332e+02, 0.,
       3.6656633165683280e+02, 2.3935289141635988e+02, 0., 0., 1. ]
D2: !!opencv-matrix
   rows: 5
   cols: 1
   dt: d
   data: [ -2.4382727863946366e-02, 2.3985110129057631e-04,
       -3.0263975945863427e-04, -1.9949004863733616e-04,
       1.3475004328980761e-04 ]
P2: !!opencv-matrix
   rows: 3
   cols: 4
   dt: f
   data: [ 3.53958710e+02, 0., 4.76561310e+02, -5.89593516e+04, 0.,
       3.53958710e+02, 2.43189056e+02, 0., 0., 0., 1., 0. ]
R2: !!opencv-matrix
   rows: 3
   cols: 3
   dt: f
   data: [ 9.94271636e-01, -1.86980329e-02, -1.05234355e-01,
       1.84872504e-02, 9.99824643e-01, -2.97817425e-03, 1.05271593e-01,
       1.01562031e-03, 9.94442999e-01 ]
