%YAML:1.0
---
Q: !!opencv-matrix
   rows: 4
   cols: 4
   dt: f
   data: [ 1., 0., 0., -3.98032684e+02, 0., 1., 0., -2.41353455e+02, 0.,
       0., 0., 3.54343933e+02, 0., 0., 6.46946486e-03, 0. ]
R: !!opencv-matrix
   rows: 3
   cols: 3
   dt: d
   data: [ 9.9934333042521395e-01, 2.3540494280534638e-03,
       1.8443491475931305e-03, -3.4584642198553259e-03,
       1.0014029281891064e+00, 3.5328580395863510e-03,
       -3.5081774013002468e-03, -3.2245216644053274e-03,
       1.0004037345803058e+00 ]
T: !!opencv-matrix
   rows: 3
   cols: 1
   dt: d
   data: [ -1.5596236595751049e+02, -4.5375680892153287e+00,
       1.2388055041708748e-01 ]
E: !!opencv-matrix
   rows: 0
   cols: 0
   dt: u
   data: []
F: !!opencv-matrix
   rows: 0
   cols: 0
   dt: u
   data: []
K1: !!opencv-matrix
   rows: 3
   cols: 3
   dt: d
   data: [ 3.6701875180413612e+02, 0., 3.9037664016115195e+02, 0.,
       3.6716204186372624e+02, 2.4338910080475119e+02, 0., 0., 1. ]
D1: !!opencv-matrix
   rows: 5
   cols: 1
   dt: d
   data: [ -2.4607421185303142e-02, 6.4808671343714744e-04,
       1.1083256569659741e-03, -3.8146776821432244e-05,
       4.7547507517400993e-05 ]
P1: !!opencv-matrix
   rows: 3
   cols: 4
   dt: f
   data: [ 3.54343933e+02, 0., 3.98032684e+02, 0., 0., 3.54343933e+02,
       2.41353455e+02, 0., 0., 0., 1., 0. ]
R1: !!opencv-matrix
   rows: 3
   cols: 3
   dt: f
   data: [ 9.99614716e-01, 2.72613913e-02, -5.21794707e-03,
       -2.72526033e-02, 9.99627054e-01, 1.74822391e-03, 5.26366010e-03,
       -1.60534773e-03, 9.99984860e-01 ]
K2: !!opencv-matrix
   rows: 3
   cols: 3
   dt: d
   data: [ 3.6634490901067966e+02, 0., 3.9259549032746332e+02, 0.,
       3.6656633165683280e+02, 2.3935289141635988e+02, 0., 0., 1. ]
D2: !!opencv-matrix
   rows: 5
   cols: 1
   dt: d
   data: [ -2.4382727863946366e-02, 2.3985110129057631e-04,
       -3.0263975945863427e-04, -1.9949004863733616e-04,
       1.3475004328980761e-04 ]
P2: !!opencv-matrix
   rows: 3
   cols: 4
   dt: f
   data: [ 3.54343933e+02, 0., 3.98032684e+02, -5.47717539e+04, 0.,
       3.54343933e+02, 2.41353455e+02, 0., 0., 0., 1., 0. ]
R2: !!opencv-matrix
   rows: 3
   cols: 3
   dt: f
   data: [ 9.99669135e-01, 2.45172661e-02, -7.78048066e-03,
       -2.45302804e-02, 9.99697864e-01, -1.58164161e-03, 7.73935206e-03,
       1.77197566e-03, 9.99968469e-01 ]
