%YAML:1.0
---
Q: !!opencv-matrix
   rows: 4
   cols: 4
   dt: f
   data: [ 1., 0., 0., -3.53406708e+02, 0., 1., 0., -2.42580856e+02, 0.,
       0., 0., 3.65614166e+02, 0., 0., 1.42433494e-02, 0. ]
R: !!opencv-matrix
   rows: 3
   cols: 3
   dt: d
   data: [ 1.0005760938991517e+00, -2.6324874928176974e-03,
       -7.9958168917064227e-04, -3.7645009938934901e-03,
       1.0027205528504646e+00, 4.3225893051954964e-03,
       -3.7769008744137269e-03, -3.7871079038338290e-03,
       1.0016884347305679e+00 ]
T: !!opencv-matrix
   rows: 3
   cols: 1
   dt: d
   data: [ -7.1315302524278579e+01, -4.7260141699002824e+00,
       -1.3738939578382510e+00 ]
E: !!opencv-matrix
   rows: 0
   cols: 0
   dt: u
   data: []
F: !!opencv-matrix
   rows: 0
   cols: 0
   dt: u
   data: []
K1: !!opencv-matrix
   rows: 3
   cols: 3
   dt: d
   data: [ 3.6701875180413612e+02, 0., 3.9037664016115195e+02, 0.,
       3.6716204186372624e+02, 2.4338910080475119e+02, 0., 0., 1. ]
D1: !!opencv-matrix
   rows: 5
   cols: 1
   dt: d
   data: [ -2.4607421185303142e-02, 6.4808671343714744e-04,
       1.1083256569659741e-03, -3.8146776821432244e-05,
       4.7547507517400993e-05 ]
P1: !!opencv-matrix
   rows: 3
   cols: 4
   dt: f
   data: [ 3.65614166e+02, 0., 3.53406708e+02, 0., 0., 3.65614166e+02,
       2.42580856e+02, 0., 0., 0., 1., 0. ]
R1: !!opencv-matrix
   rows: 3
   cols: 3
   dt: f
   data: [ 9.95455682e-01, 8.01587999e-02, 5.14061153e-02,
       -8.02588984e-02, 9.96774018e-01, -1.17313917e-04, -5.12496866e-02,
       -4.00901772e-03, 9.98677850e-01 ]
K2: !!opencv-matrix
   rows: 3
   cols: 3
   dt: d
   data: [ 3.6634490901067966e+02, 0., 3.9259549032746332e+02, 0.,
       3.6656633165683280e+02, 2.3935289141635988e+02, 0., 0., 1. ]
D2: !!opencv-matrix
   rows: 5
   cols: 1
   dt: d
   data: [ -2.4382727863946366e-02, 2.3985110129057631e-04,
       -3.0263975945863427e-04, -1.9949004863733616e-04,
       1.3475004328980761e-04 ]
P2: !!opencv-matrix
   rows: 3
   cols: 4
   dt: f
   data: [ 3.65614166e+02, 0., 3.53406708e+02, -2.56691133e+04, 0.,
       3.65614166e+02, 2.42580856e+02, 0., 0., 0., 1., 0. ]
R2: !!opencv-matrix
   rows: 3
   cols: 3
   dt: f
   data: [ 9.95526791e-01, 8.02079737e-02, 4.99313250e-02,
       -8.01104456e-02, 9.96778131e-01, -3.95474210e-03, -5.00876531e-02,
       -6.29689894e-05, 9.98744845e-01 ]
