%YAML:1.0
---
Q: !!opencv-matrix
   rows: 4
   cols: 4
   dt: f
   data: [ 1., 0., 0., -4.36962341e+02, 0., 1., 0., -2.39928574e+02, 0.,
       0., 0., 3.57132294e+02, 0., 0., 1.28110703e-02, 0. ]
R: !!opencv-matrix
   rows: 3
   cols: 3
   dt: d
   data: [ 1.0024659836422822e+00, 4.2612615186882388e-03,
       5.1830605207366055e-03, -3.4658360444802692e-03,
       1.0044236619623435e+00, 3.8110937814116487e-03,
       -3.1973251845069835e-03, -7.2401238889166280e-03,
       9.9957477290943841e-01 ]
T: !!opencv-matrix
   rows: 3
   cols: 1
   dt: d
   data: [ -8.3104323529869305e+01, -3.1268462680467355e+00,
       8.8071436898958702e+00 ]
E: !!opencv-matrix
   rows: 0
   cols: 0
   dt: u
   data: []
F: !!opencv-matrix
   rows: 0
   cols: 0
   dt: u
   data: []
K1: !!opencv-matrix
   rows: 3
   cols: 3
   dt: d
   data: [ 3.6701875180413612e+02, 0., 3.9037664016115195e+02, 0.,
       3.6716204186372624e+02, 2.4338910080475119e+02, 0., 0., 1. ]
D1: !!opencv-matrix
   rows: 5
   cols: 1
   dt: d
   data: [ -2.4607421185303142e-02, 6.4808671343714744e-04,
       1.1083256569659741e-03, -3.8146776821432244e-05,
       4.7547507517400993e-05 ]
P1: !!opencv-matrix
   rows: 3
   cols: 4
   dt: f
   data: [ 3.57132294e+02, 0., 4.36962341e+02, 0., 0., 3.57132294e+02,
       2.39928574e+02, 0., 0., 0., 1., 0. ]
R1: !!opencv-matrix
   rows: 3
   cols: 3
   dt: f
   data: [ 9.97565329e-01, 4.42176536e-02, -5.39280660e-02,
       -4.40935120e-02, 9.99021292e-01, 3.49019002e-03, 5.40296137e-02,
       -1.10381457e-03, 9.98538733e-01 ]
K2: !!opencv-matrix
   rows: 3
   cols: 3
   dt: d
   data: [ 3.6634490901067966e+02, 0., 3.9259549032746332e+02, 0.,
       3.6656633165683280e+02, 2.3935289141635988e+02, 0., 0., 1. ]
D2: !!opencv-matrix
   rows: 5
   cols: 1
   dt: d
   data: [ -2.4382727863946366e-02, 2.3985110129057631e-04,
       -3.0263975945863427e-04, -1.9949004863733616e-04,
       1.3475004328980761e-04 ]
P2: !!opencv-matrix
   rows: 3
   cols: 4
   dt: f
   data: [ 3.57132294e+02, 0., 4.36962341e+02, -2.78768516e+04, 0.,
       3.57132294e+02, 2.39928574e+02, 0., 0., 0., 1., 0. ]
R2: !!opencv-matrix
   rows: 3
   cols: 3
   dt: f
   data: [ 9.97509241e-01, 4.11721468e-02, -5.72725274e-02,
       -4.13037539e-02, 9.99145985e-01, -1.11557415e-03, 5.71776889e-02,
       3.47836595e-03, 9.98357952e-01 ]
