%YAML:1.0
---
Q: !!opencv-matrix
   rows: 4
   cols: 4
   dt: f
   data: [ 1., 0., 0., -6.49641479e+02, 0., 1., 0., -2.48056198e+02, 0.,
       0., 0., 3.24625732e+02, 0., 0., 7.28451647e-03, 0. ]
R: !!opencv-matrix
   rows: 3
   cols: 3
   dt: d
   data: [ 1.0046785473704487e+00, -3.4568316336736817e-03,
       -3.5958784702565167e-03, -3.6884186183894327e-03,
       1.0032663001133604e+00, 2.0722110951260212e-03,
       -4.1116416813267720e-03, -9.4112880276257527e-03,
       9.9666608780849619e-01 ]
T: !!opencv-matrix
   rows: 3
   cols: 1
   dt: d
   data: [ -1.2058561181414217e+02, 3.5257608131794735e+00,
       3.5597656161436589e+01 ]
E: !!opencv-matrix
   rows: 0
   cols: 0
   dt: u
   data: []
F: !!opencv-matrix
   rows: 0
   cols: 0
   dt: u
   data: []
K1: !!opencv-matrix
   rows: 3
   cols: 3
   dt: d
   data: [ 3.6701875180413612e+02, 0., 3.9037664016115195e+02, 0.,
       3.6716204186372624e+02, 2.4338910080475119e+02, 0., 0., 1. ]
D1: !!opencv-matrix
   rows: 5
   cols: 1
   dt: d
   data: [ -2.4607421185303142e-02, 6.4808671343714744e-04,
       1.1083256569659741e-03, -3.8146776821432244e-05,
       4.7547507517400993e-05 ]
P1: !!opencv-matrix
   rows: 3
   cols: 4
   dt: f
   data: [ 3.24625732e+02, 0., 6.49641479e+02, 0., 0., 3.24625732e+02,
       2.48056198e+02, 0., 0., 0., 1., 0. ]
R1: !!opencv-matrix
   rows: 3
   cols: 3
   dt: f
   data: [ 9.60625708e-01, -2.92251837e-02, -2.76304454e-01,
       3.00171636e-02, 9.99548435e-01, -1.36345357e-03, 2.76219517e-01,
       -6.98410720e-03, 9.61069167e-01 ]
K2: !!opencv-matrix
   rows: 3
   cols: 3
   dt: d
   data: [ 3.6634490901067966e+02, 0., 3.9259549032746332e+02, 0.,
       3.6656633165683280e+02, 2.3935289141635988e+02, 0., 0., 1. ]
D2: !!opencv-matrix
   rows: 5
   cols: 1
   dt: d
   data: [ -2.4382727863946366e-02, 2.3985110129057631e-04,
       -3.0263975945863427e-04, -1.9949004863733616e-04,
       1.3475004328980761e-04 ]
P2: !!opencv-matrix
   rows: 3
   cols: 4
   dt: f
   data: [ 3.24625732e+02, 0., 6.49641479e+02, -4.45638008e+04, 0.,
       3.24625732e+02, 2.48056198e+02, 0., 0., 0., 1., 0. ]
R2: !!opencv-matrix
   rows: 3
   cols: 3
   dt: f
   data: [ 9.60239172e-01, -3.18836272e-02, -2.77352035e-01,
       3.10883150e-02, 9.99490261e-01, -7.26569863e-03, 2.77442306e-01,
       -1.64559914e-03, 9.60740864e-01 ]
