%YAML:1.0
---
Q: !!opencv-matrix
   rows: 4
   cols: 4
   dt: f
   data: [ 1., 0., 0., -4.83530304e+02, 0., 1., 0., -2.40505783e+02, 0.,
       0., 0., 3.52772156e+02, 0., 0., 3.10883112e-02, 0. ]
R: !!opencv-matrix
   rows: 3
   cols: 3
   dt: d
   data: [ 1.0028650961881578e+00, 1.2759952665604942e-03,
       -9.7776717545018546e-04, -3.9125477271380552e-03,
       1.0065127087556882e+00, 3.2581519804737906e-03,
       -3.5044186793729412e-03, -6.3574079063221135e-03,
       1.0026900532006748e+00 ]
T: !!opencv-matrix
   rows: 3
   cols: 1
   dt: d
   data: [ -3.2108628894450803e+01, -6.4749648618091626e-01,
       3.8273578548436133e+00 ]
E: !!opencv-matrix
   rows: 0
   cols: 0
   dt: u
   data: []
F: !!opencv-matrix
   rows: 0
   cols: 0
   dt: u
   data: []
K1: !!opencv-matrix
   rows: 3
   cols: 3
   dt: d
   data: [ 3.6701875180413612e+02, 0., 3.9037664016115195e+02, 0.,
       3.6716204186372624e+02, 2.4338910080475119e+02, 0., 0., 1. ]
D1: !!opencv-matrix
   rows: 5
   cols: 1
   dt: d
   data: [ -2.4607421185303142e-02, 6.4808671343714744e-04,
       1.1083256569659741e-03, -3.8146776821432244e-05,
       4.7547507517400993e-05 ]
P1: !!opencv-matrix
   rows: 3
   cols: 4
   dt: f
   data: [ 3.52772156e+02, 0., 4.83530304e+02, 0., 0., 3.52772156e+02,
       2.40505783e+02, 0., 0., 0., 1., 0. ]
R1: !!opencv-matrix
   rows: 3
   cols: 3
   dt: f
   data: [ 9.93561327e-01, 2.03324333e-02, -1.11456104e-01,
       -2.00772621e-02, 9.99792635e-01, 3.41142784e-03, 1.11502349e-01,
       -1.15172938e-03, 9.93763506e-01 ]
K2: !!opencv-matrix
   rows: 3
   cols: 3
   dt: d
   data: [ 3.6634490901067966e+02, 0., 3.9259549032746332e+02, 0.,
       3.6656633165683280e+02, 2.3935289141635988e+02, 0., 0., 1. ]
D2: !!opencv-matrix
   rows: 5
   cols: 1
   dt: d
   data: [ -2.4382727863946366e-02, 2.3985110129057631e-04,
       -3.0263975945863427e-04, -1.9949004863733616e-04,
       1.3475004328980761e-04 ]
P2: !!opencv-matrix
   rows: 3
   cols: 4
   dt: f
   data: [ 3.52772156e+02, 0., 4.83530304e+02, -1.13474209e+04, 0.,
       3.52772156e+02, 2.40505783e+02, 0., 0., 0., 1., 0. ]
R2: !!opencv-matrix
   rows: 3
   cols: 3
   dt: f
   data: [ 9.93481398e-01, 1.73932649e-02, -1.12659827e-01,
       -1.76510978e-02, 9.99843359e-01, -1.29145733e-03, 1.12619720e-01,
       3.27160838e-03, 9.93632793e-01 ]
