%YAML:1.0
---
Q: !!opencv-matrix
   rows: 4
   cols: 4
   dt: f
   data: [ 1., 0., 0., -5.22215332e+02, 0., 1., 0., -2.41754272e+02, 0.,
       0., 0., 3.47225464e+02, 0., 0., 4.33130302e-02, 0. ]
R: !!opencv-matrix
   rows: 3
   cols: 3
   dt: d
   data: [ 1.0033237537300848e+00, 8.8847040703394727e-04,
       2.3716853279787472e-05, -3.6974849968099488e-03,
       1.0076205595490073e+00, 2.8089551318923977e-03,
       -3.2035384708652666e-03, -6.7599169789820650e-03,
       1.0029969365083420e+00 ]
T: !!opencv-matrix
   rows: 3
   cols: 1
   dt: d
   data: [ -2.3337443879560542e+01, -1.0101046516382084e-02,
       3.6777079541179187e+00 ]
E: !!opencv-matrix
   rows: 0
   cols: 0
   dt: u
   data: []
F: !!opencv-matrix
   rows: 0
   cols: 0
   dt: u
   data: []
K1: !!opencv-matrix
   rows: 3
   cols: 3
   dt: d
   data: [ 3.6701875180413612e+02, 0., 3.9037664016115195e+02, 0.,
       3.6716204186372624e+02, 2.4338910080475119e+02, 0., 0., 1. ]
D1: !!opencv-matrix
   rows: 5
   cols: 1
   dt: d
   data: [ -2.4607421185303142e-02, 6.4808671343714744e-04,
       1.1083256569659741e-03, -3.8146776821432244e-05,
       4.7547507517400993e-05 ]
P1: !!opencv-matrix
   rows: 3
   cols: 4
   dt: f
   data: [ 3.47225464e+02, 0., 5.22215332e+02, 0., 0., 3.47225464e+02,
       2.41754272e+02, 0., 0., 0., 1., 0. ]
R1: !!opencv-matrix
   rows: 3
   cols: 3
   dt: f
   data: [ 9.87840176e-01, 4.02089674e-03, -1.55420780e-01,
       -3.66687449e-03, 9.99989986e-01, 2.56446190e-03, 1.55429542e-01,
       -1.96337001e-03, 9.87845004e-01 ]
K2: !!opencv-matrix
   rows: 3
   cols: 3
   dt: d
   data: [ 3.6634490901067966e+02, 0., 3.9259549032746332e+02, 0.,
       3.6656633165683280e+02, 2.3935289141635988e+02, 0., 0., 1. ]
D2: !!opencv-matrix
   rows: 5
   cols: 1
   dt: d
   data: [ -2.4382727863946366e-02, 2.3985110129057631e-04,
       -3.0263975945863427e-04, -1.9949004863733616e-04,
       1.3475004328980761e-04 ]
P2: !!opencv-matrix
   rows: 3
   cols: 4
   dt: f
   data: [ 3.47225464e+02, 0., 5.22215332e+02, -8.01665186e+03, 0.,
       3.47225464e+02, 2.41754272e+02, 0., 0., 0., 1., 0. ]
R2: !!opencv-matrix
   rows: 3
   cols: 3
   dt: f
   data: [ 9.87660587e-01, 1.26727449e-03, -1.56604603e-01,
       -1.62399572e-03, 9.99996364e-01, -2.14991532e-03, 1.56601310e-01,
       2.37771193e-03, 9.87659037e-01 ]
