%YAML:1.0
---
Q: !!opencv-matrix
   rows: 4
   cols: 4
   dt: f
   data: [ 1., 0., 0., -4.94582977e+02, 0., 1., 0., -2.40659195e+02, 0.,
       0., 0., 3.51676208e+02, 0., 0., 3.08349486e-02, 0. ]
R: !!opencv-matrix
   rows: 3
   cols: 3
   dt: d
   data: [ 1.0027130694124957e+00, 8.2265353734121906e-04,
       -1.4169405954987948e-03, -3.8554351471718723e-03,
       1.0064122821868891e+00, 3.2086150428224094e-03,
       -3.3326926198784233e-03, -6.3008460705092865e-03,
       1.0028328718093180e+00 ]
T: !!opencv-matrix
   rows: 3
   cols: 1
   dt: d
   data: [ -3.1961716793487117e+01, -5.7964619076110580e-01,
       3.7361911917567103e+00 ]
E: !!opencv-matrix
   rows: 0
   cols: 0
   dt: u
   data: []
F: !!opencv-matrix
   rows: 0
   cols: 0
   dt: u
   data: []
K1: !!opencv-matrix
   rows: 3
   cols: 3
   dt: d
   data: [ 3.6701875180413612e+02, 0., 3.9037664016115195e+02, 0.,
       3.6716204186372624e+02, 2.4338910080475119e+02, 0., 0., 1. ]
D1: !!opencv-matrix
   rows: 5
   cols: 1
   dt: d
   data: [ -2.4607421185303142e-02, 6.4808671343714744e-04,
       1.1083256569659741e-03, -3.8146776821432244e-05,
       4.7547507517400993e-05 ]
P1: !!opencv-matrix
   rows: 3
   cols: 4
   dt: f
   data: [ 3.51676208e+02, 0., 4.94582977e+02, 0., 0., 3.51676208e+02,
       2.40659195e+02, 0., 0., 0., 1., 0. ]
R1: !!opencv-matrix
   rows: 3
   cols: 3
   dt: f
   data: [ 9.92081583e-01, 1.70228668e-02, -1.24435939e-01,
       -1.67355035e-02, 9.99854326e-01, 3.35434428e-03, 1.24474905e-01,
       -1.24528527e-03, 9.92221951e-01 ]
K2: !!opencv-matrix
   rows: 3
   cols: 3
   dt: d
   data: [ 3.6634490901067966e+02, 0., 3.9259549032746332e+02, 0.,
       3.6656633165683280e+02, 2.3935289141635988e+02, 0., 0., 1. ]
D2: !!opencv-matrix
   rows: 5
   cols: 1
   dt: d
   data: [ -2.4382727863946366e-02, 2.3985110129057631e-04,
       -3.0263975945863427e-04, -1.9949004863733616e-04,
       1.3475004328980761e-04 ]
P2: !!opencv-matrix
   rows: 3
   cols: 4
   dt: f
   data: [ 3.51676208e+02, 0., 4.94582977e+02, -1.14051182e+04, 0.,
       3.51676208e+02, 2.40659195e+02, 0., 0., 0., 1., 0. ]
R2: !!opencv-matrix
   rows: 3
   cols: 3
   dt: f
   data: [ 9.92004395e-01, 1.41939539e-02, -1.25402778e-01,
       -1.44834714e-02, 9.99894142e-01, -1.39722240e-03, 1.25369668e-01,
       3.20231821e-03, 9.92104948e-01 ]
