%YAML:1.0
---
Q: !!opencv-matrix
   rows: 4
   cols: 4
   dt: f
   data: [ 1., 0., 0., -4.22535065e+02, 0., 1., 0., -2.41097931e+02, 0.,
       0., 0., 3.54229584e+02, 0., 0., 6.37306180e-03, 0. ]
R: !!opencv-matrix
   rows: 3
   cols: 3
   dt: d
   data: [ 9.9927395076945369e-01, 1.9526530980954492e-03,
       1.4895486005454452e-03, -3.5505271405923077e-03,
       1.0019080372355376e+00, 3.4626643526578086e-03,
       -3.4407503424385812e-03, -3.7208599751850199e-03,
       1.0002873266099399e+00 ]
T: !!opencv-matrix
   rows: 3
   cols: 1
   dt: d
   data: [ -1.5626824705793393e+02, -3.7834663747523494e+00,
       4.0715361220317057e+00 ]
E: !!opencv-matrix
   rows: 0
   cols: 0
   dt: u
   data: []
F: !!opencv-matrix
   rows: 0
   cols: 0
   dt: u
   data: []
K1: !!opencv-matrix
   rows: 3
   cols: 3
   dt: d
   data: [ 3.6701875180413612e+02, 0., 3.9037664016115195e+02, 0.,
       3.6716204186372624e+02, 2.4338910080475119e+02, 0., 0., 1. ]
D1: !!opencv-matrix
   rows: 5
   cols: 1
   dt: d
   data: [ -2.4607421185303142e-02, 6.4808671343714744e-04,
       1.1083256569659741e-03, -3.8146776821432244e-05,
       4.7547507517400993e-05 ]
P1: !!opencv-matrix
   rows: 3
   cols: 4
   dt: f
   data: [ 3.54229584e+02, 0., 4.22535065e+02, 0., 0., 3.54229584e+02,
       2.41097931e+02, 0., 0., 0., 1., 0. ]
R1: !!opencv-matrix
   rows: 3
   cols: 3
   dt: f
   data: [ 9.99070823e-01, 2.32181326e-02, -3.63092124e-02,
       -2.31521074e-02, 9.99729455e-01, 2.23788433e-03, 3.63513492e-02,
       -1.39517011e-03, 9.99338090e-01 ]
K2: !!opencv-matrix
   rows: 3
   cols: 3
   dt: d
   data: [ 3.6634490901067966e+02, 0., 3.9259549032746332e+02, 0.,
       3.6656633165683280e+02, 2.3935289141635988e+02, 0., 0., 1. ]
D2: !!opencv-matrix
   rows: 5
   cols: 1
   dt: d
   data: [ -2.4382727863946366e-02, 2.3985110129057631e-04,
       -3.0263975945863427e-04, -1.9949004863733616e-04,
       1.3475004328980761e-04 ]
P2: !!opencv-matrix
   rows: 3
   cols: 4
   dt: f
   data: [ 3.54229584e+02, 0., 4.22535065e+02, -5.55823242e+04, 0.,
       3.54229584e+02, 2.41097931e+02, 0., 0., 0., 1., 0. ]
R2: !!opencv-matrix
   rows: 3
   cols: 3
   dt: f
   data: [ 9.99038696e-01, 2.03121696e-02, -3.88476513e-02,
       -2.03827377e-02, 9.99791265e-01, -1.42128498e-03, 3.88106704e-02,
       2.21174024e-03, 9.99244153e-01 ]
