%YAML:1.0
---
Q: !!opencv-matrix
   rows: 4
   cols: 4
   dt: f
   data: [ 1., 0., 0., -5.43189758e+02, 0., 1., 0., -2.41893982e+02, 0.,
       0., 0., 3.45331146e+02, 0., 0., 4.12532054e-02, 0. ]
R: !!opencv-matrix
   rows: 3
   cols: 3
   dt: d
   data: [ 1.0040550531272356e+00, -1.1629362680828682e-03,
       -3.0158587221529175e-03, -3.6831316651481753e-03,
       1.0068115667803641e+00, 2.7533929105147460e-03,
       -3.0524188327980314e-03, -6.9201007163980028e-03,
       1.0026376196173845e+00 ]
T: !!opencv-matrix
   rows: 3
   cols: 1
   dt: d
   data: [ -2.3233363623467277e+01, 4.9079534041278558e-02,
       3.9969644413541183e+00 ]
E: !!opencv-matrix
   rows: 0
   cols: 0
   dt: u
   data: []
F: !!opencv-matrix
   rows: 0
   cols: 0
   dt: u
   data: []
K1: !!opencv-matrix
   rows: 3
   cols: 3
   dt: d
   data: [ 3.6701875180413612e+02, 0., 3.9037664016115195e+02, 0.,
       3.6716204186372624e+02, 2.4338910080475119e+02, 0., 0., 1. ]
D1: !!opencv-matrix
   rows: 5
   cols: 1
   dt: d
   data: [ -2.4607421185303142e-02, 6.4808671343714744e-04,
       1.1083256569659741e-03, -3.8146776821432244e-05,
       4.7547507517400993e-05 ]
P1: !!opencv-matrix
   rows: 3
   cols: 4
   dt: f
   data: [ 3.45331146e+02, 0., 5.43189758e+02, 0., 0., 3.45331146e+02,
       2.41893982e+02, 0., 0., 0., 1., 0. ]
R1: !!opencv-matrix
   rows: 3
   cols: 3
   dt: f
   data: [ 9.83953834e-01, 2.63511832e-03, -1.78403929e-01,
       -2.20321026e-03, 9.99994159e-01, 2.61903275e-03, 1.78409785e-01,
       -2.18394585e-03, 9.83953834e-01 ]
K2: !!opencv-matrix
   rows: 3
   cols: 3
   dt: d
   data: [ 3.6634490901067966e+02, 0., 3.9259549032746332e+02, 0.,
       3.6656633165683280e+02, 2.3935289141635988e+02, 0., 0., 1. ]
D2: !!opencv-matrix
   rows: 5
   cols: 1
   dt: d
   data: [ -2.4382727863946366e-02, 2.3985110129057631e-04,
       -3.0263975945863427e-04, -1.9949004863733616e-04,
       1.3475004328980761e-04 ]
P2: !!opencv-matrix
   rows: 3
   cols: 4
   dt: f
   data: [ 3.45331146e+02, 0., 5.43189758e+02, -8.37101367e+03, 0.,
       3.45331146e+02, 2.41893982e+02, 0., 0., 0., 1., 0. ]
R2: !!opencv-matrix
   rows: 3
   cols: 3
   dt: f
   data: [ 9.83925104e-01, 3.50247050e-04, -1.78581133e-01,
       -7.82578427e-04, 9.99996960e-01, -2.35048705e-03, 1.78579763e-01,
       2.45245686e-03, 9.83922362e-01 ]
