%YAML:1.0
---
Q: !!opencv-matrix
   rows: 4
   cols: 4
   dt: f
   data: [ 1., 0., 0., -4.88167053e+02, 0., 1., 0., -2.40743423e+02, 0.,
       0., 0., 3.51885468e+02, 0., 0., 3.05027813e-02, 0. ]
R: !!opencv-matrix
   rows: 3
   cols: 3
   dt: d
   data: [ 1.0027646427420349e+00, 7.1581378517107685e-04,
       -1.4451099932979094e-03, -3.8175098265813422e-03,
       1.0064576061464918e+00, 3.1192134937853950e-03,
       -3.2381484518214641e-03, -6.4611086879550169e-03,
       1.0027656077253861e+00 ]
T: !!opencv-matrix
   rows: 3
   cols: 1
   dt: d
   data: [ -3.2171430130840363e+01, -4.6032036076255489e-01,
       4.0669039721390554e+00 ]
E: !!opencv-matrix
   rows: 0
   cols: 0
   dt: u
   data: []
F: !!opencv-matrix
   rows: 0
   cols: 0
   dt: u
   data: []
K1: !!opencv-matrix
   rows: 3
   cols: 3
   dt: d
   data: [ 3.6701875180413612e+02, 0., 3.9037664016115195e+02, 0.,
       3.6716204186372624e+02, 2.4338910080475119e+02, 0., 0., 1. ]
D1: !!opencv-matrix
   rows: 5
   cols: 1
   dt: d
   data: [ -2.4607421185303142e-02, 6.4808671343714744e-04,
       1.1083256569659741e-03, -3.8146776821432244e-05,
       4.7547507517400993e-05 ]
P1: !!opencv-matrix
   rows: 3
   cols: 4
   dt: f
   data: [ 3.51885468e+02, 0., 4.88167053e+02, 0., 0., 3.51885468e+02,
       2.40743423e+02, 0., 0., 0., 1., 0. ]
R1: !!opencv-matrix
   rows: 3
   cols: 3
   dt: f
   data: [ 9.92997050e-01, 1.66597832e-02, -1.16958626e-01,
       -1.63963288e-02, 9.99860406e-01, 3.21438606e-03, 1.16995856e-01,
       -1.27418351e-03, 9.93131578e-01 ]
K2: !!opencv-matrix
   rows: 3
   cols: 3
   dt: d
   data: [ 3.6634490901067966e+02, 0., 3.9259549032746332e+02, 0.,
       3.6656633165683280e+02, 2.3935289141635988e+02, 0., 0., 1. ]
D2: !!opencv-matrix
   rows: 5
   cols: 1
   dt: d
   data: [ -2.4382727863946366e-02, 2.3985110129057631e-04,
       -3.0263975945863427e-04, -1.9949004863733616e-04,
       1.3475004328980761e-04 ]
P2: !!opencv-matrix
   rows: 3
   cols: 4
   dt: f
   data: [ 3.51885468e+02, 0., 4.88167053e+02, -1.15361768e+04, 0.,
       3.51885468e+02, 2.40743423e+02, 0., 0., 0., 1., 0. ]
R2: !!opencv-matrix
   rows: 3
   cols: 3
   dt: f
   data: [ 9.92915034e-01, 1.38689065e-02, -1.18014477e-01,
       -1.41346660e-02, 9.99899089e-01, -1.41520437e-03, 1.17982939e-01,
       3.07327276e-03, 9.93010879e-01 ]
