%YAML:1.0
---
Q: !!opencv-matrix
   rows: 4
   cols: 4
   dt: f
   data: [ 1., 0., 0., -3.94194092e+02, 0., 1., 0., -2.40784302e+02, 0.,
       0., 0., 3.57566650e+02, 0., 0., 1.37697197e-02, 0. ]
R: !!opencv-matrix
   rows: 3
   cols: 3
   dt: d
   data: [ 1.0013825916322125e+00, -1.3574126988017035e-03,
       1.3795855024433917e-04, -3.6835792548683233e-03,
       1.0028959367213066e+00, 4.1000138542786283e-03,
       -3.6715618671337609e-03, -4.7795768983913663e-03,
       1.0010337932362430e+00 ]
T: !!opencv-matrix
   rows: 3
   cols: 1
   dt: d
   data: [ -7.2864218768072092e+01, -4.1106506822367725e+00,
       1.3526744202315499e+00 ]
E: !!opencv-matrix
   rows: 0
   cols: 0
   dt: u
   data: []
F: !!opencv-matrix
   rows: 0
   cols: 0
   dt: u
   data: []
K1: !!opencv-matrix
   rows: 3
   cols: 3
   dt: d
   data: [ 3.6701875180413612e+02, 0., 3.9037664016115195e+02, 0.,
       3.6716204186372624e+02, 2.4338910080475119e+02, 0., 0., 1. ]
D1: !!opencv-matrix
   rows: 5
   cols: 1
   dt: d
   data: [ -2.4607421185303142e-02, 6.4808671343714744e-04,
       1.1083256569659741e-03, -3.8146776821432244e-05,
       4.7547507517400993e-05 ]
P1: !!opencv-matrix
   rows: 3
   cols: 4
   dt: f
   data: [ 3.57566650e+02, 0., 3.94194092e+02, 0., 0., 3.57566650e+02,
       2.40784302e+02, 0., 0., 0., 1., 0. ]
R1: !!opencv-matrix
   rows: 3
   cols: 3
   dt: f
   data: [ 9.98137712e-01, 6.09983206e-02, -5.14449435e-04,
       -6.09971136e-02, 9.98135746e-01, 2.10622209e-03, 6.41966355e-04,
       -2.07091984e-03, 9.99997675e-01 ]
K2: !!opencv-matrix
   rows: 3
   cols: 3
   dt: d
   data: [ 3.6634490901067966e+02, 0., 3.9259549032746332e+02, 0.,
       3.6656633165683280e+02, 2.3935289141635988e+02, 0., 0., 1. ]
D2: !!opencv-matrix
   rows: 5
   cols: 1
   dt: d
   data: [ -2.4382727863946366e-02, 2.3985110129057631e-04,
       -3.0263975945863427e-04, -1.9949004863733616e-04,
       1.3475004328980761e-04 ]
P2: !!opencv-matrix
   rows: 3
   cols: 4
   dt: f
   data: [ 3.57566650e+02, 0., 3.94194092e+02, -2.59676074e+04, 0.,
       3.57566650e+02, 2.40784302e+02, 0., 0., 0., 1., 0. ]
R2: !!opencv-matrix
   rows: 3
   cols: 3
   dt: f
   data: [ 9.98190165e-01, 6.00818470e-02, -2.55357055e-03,
       -6.00870550e-02, 9.98191118e-01, -2.01370218e-03, 2.42796447e-03,
       2.16349447e-03, 9.99994695e-01 ]
