%YAML:1.0
---
Q: !!opencv-matrix
   rows: 4
   cols: 4
   dt: f
   data: [ 1., 0., 0., -5.15360413e+02, 0., 1., 0., -2.40914642e+02, 0.,
       0., 0., 3.49338501e+02, 0., 0., 2.57913359e-02, 0. ]
R: !!opencv-matrix
   rows: 3
   cols: 3
   dt: d
   data: [ 1.0024485730228054e+00, -9.1493049274361696e-04,
       -1.0672139183371507e-03, -3.6893961080571467e-03,
       1.0066406416884626e+00, 3.0142378439350641e-03,
       -3.5095204709781605e-03, -6.8733081783371557e-03,
       1.0023436634255898e+00 ]
T: !!opencv-matrix
   rows: 3
   cols: 1
   dt: d
   data: [ -3.7846345055255185e+01, -4.0021339048995902e-01,
       5.8157136970614483e+00 ]
E: !!opencv-matrix
   rows: 0
   cols: 0
   dt: u
   data: []
F: !!opencv-matrix
   rows: 0
   cols: 0
   dt: u
   data: []
K1: !!opencv-matrix
   rows: 3
   cols: 3
   dt: d
   data: [ 3.6701875180413612e+02, 0., 3.9037664016115195e+02, 0.,
       3.6716204186372624e+02, 2.4338910080475119e+02, 0., 0., 1. ]
D1: !!opencv-matrix
   rows: 5
   cols: 1
   dt: d
   data: [ -2.4607421185303142e-02, 6.4808671343714744e-04,
       1.1083256569659741e-03, -3.8146776821432244e-05,
       4.7547507517400993e-05 ]
P1: !!opencv-matrix
   rows: 3
   cols: 4
   dt: f
   data: [ 3.49338501e+02, 0., 5.15360413e+02, 0., 0., 3.49338501e+02,
       2.40914642e+02, 0., 0., 0., 1., 0. ]
R1: !!opencv-matrix
   rows: 3
   cols: 3
   dt: f
   data: [ 9.88949776e-01, 1.22488532e-02, -1.47743896e-01,
       -1.18988240e-02, 9.99923944e-01, 3.25280125e-03, 1.47772491e-01,
       -1.45887875e-03, 9.89020288e-01 ]
K2: !!opencv-matrix
   rows: 3
   cols: 3
   dt: d
   data: [ 3.6634490901067966e+02, 0., 3.9259549032746332e+02, 0.,
       3.6656633165683280e+02, 2.3935289141635988e+02, 0., 0., 1. ]
D2: !!opencv-matrix
   rows: 5
   cols: 1
   dt: d
   data: [ -2.4382727863946366e-02, 2.3985110129057631e-04,
       -3.0263975945863427e-04, -1.9949004863733616e-04,
       1.3475004328980761e-04 ]
P2: !!opencv-matrix
   rows: 3
   cols: 4
   dt: f
   data: [ 3.49338501e+02, 0., 5.15360413e+02, -1.35448008e+04, 0.,
       3.49338501e+02, 2.40914642e+02, 0., 0., 0., 1., 0. ]
R2: !!opencv-matrix
   rows: 3
   cols: 3
   dt: f
   data: [ 9.88766313e-01, 1.00955302e-02, -1.49128452e-01,
       -1.04487929e-02, 9.99944150e-01, -1.58553093e-03, 1.49104103e-01,
       3.12593183e-03, 9.88816559e-01 ]
