%YAML:1.0
---
Q: !!opencv-matrix
   rows: 4
   cols: 4
   dt: f
   data: [ 1., 0., 0., -5.26414551e+02, 0., 1., 0., -2.42431839e+02, 0.,
       0., 0., 3.48653046e+02, 0., 0., 2.89592277e-02, 0. ]
R: !!opencv-matrix
   rows: 3
   cols: 3
   dt: d
   data: [ 1.0028547526269083e+00, 2.7317819862232029e-03,
       2.1646321997265084e-03, -3.6048613027810450e-03,
       1.0072740646763980e+00, 2.6588834401102073e-03,
       -3.1772129916681630e-03, -7.9888580736844871e-03,
       1.0023899002671204e+00 ]
T: !!opencv-matrix
   rows: 3
   cols: 1
   dt: d
   data: [ -3.3917346130037124e+01, 1.6999487450863279e-01,
       5.6900507487610623e+00 ]
E: !!opencv-matrix
   rows: 0
   cols: 0
   dt: u
   data: []
F: !!opencv-matrix
   rows: 0
   cols: 0
   dt: u
   data: []
K1: !!opencv-matrix
   rows: 3
   cols: 3
   dt: d
   data: [ 3.6701875180413612e+02, 0., 3.9037664016115195e+02, 0.,
       3.6716204186372624e+02, 2.4338910080475119e+02, 0., 0., 1. ]
D1: !!opencv-matrix
   rows: 5
   cols: 1
   dt: d
   data: [ -2.4607421185303142e-02, 6.4808671343714744e-04,
       1.1083256569659741e-03, -3.8146776821432244e-05,
       4.7547507517400993e-05 ]
P1: !!opencv-matrix
   rows: 3
   cols: 4
   dt: f
   data: [ 3.48653046e+02, 0., 5.26414551e+02, 0., 0., 3.48653046e+02,
       2.42431839e+02, 0., 0., 0., 1., 0. ]
R1: !!opencv-matrix
   rows: 3
   cols: 3
   dt: f
   data: [ 9.87234712e-01, -1.74355530e-03, -1.59262642e-01,
       2.14280654e-03, 9.99994993e-01, 2.33517634e-03, 1.59257784e-01,
       -2.64663622e-03, 9.87233460e-01 ]
K2: !!opencv-matrix
   rows: 3
   cols: 3
   dt: d
   data: [ 3.6634490901067966e+02, 0., 3.9259549032746332e+02, 0.,
       3.6656633165683280e+02, 2.3935289141635988e+02, 0., 0., 1. ]
D2: !!opencv-matrix
   rows: 5
   cols: 1
   dt: d
   data: [ -2.4382727863946366e-02, 2.3985110129057631e-04,
       -3.0263975945863427e-04, -1.9949004863733616e-04,
       1.3475004328980761e-04 ]
P2: !!opencv-matrix
   rows: 3
   cols: 4
   dt: f
   data: [ 3.48653046e+02, 0., 5.26414551e+02, -1.20394453e+04, 0.,
       3.48653046e+02, 2.42431839e+02, 0., 0., 0., 1., 0. ]
R2: !!opencv-matrix
   rows: 3
   cols: 3
   dt: f
   data: [ 9.86783266e-01, -5.76005923e-03, -1.61943108e-01,
       5.35401888e-03, 9.99981344e-01, -2.94359890e-03, 1.61957040e-01,
       2.03764788e-03, 9.86795723e-01 ]
