%YAML:1.0
---
Q: !!opencv-matrix
   rows: 4
   cols: 4
   dt: f
   data: [ 1., 0., 0., -4.94659729e+02, 0., 1., 0., -2.39453369e+02, 0.,
       0., 0., 3.54611206e+02, 0., 0., 1.23023456e-02, 0. ]
R: !!opencv-matrix
   rows: 3
   cols: 3
   dt: d
   data: [ 1.0023130673981706e+00, 3.8913439189534483e-03,
       3.9803051806533724e-03, -3.5743817564160138e-03,
       1.0049216327199275e+00, 3.4232117911177700e-03,
       -3.1634580061015737e-03, -7.3300971246540395e-03,
       9.9972770231090879e-01 ]
T: !!opencv-matrix
   rows: 3
   cols: 1
   dt: d
   data: [ -8.0516189407911213e+01, -1.7595378151615653e+00,
       1.1033591843097197e+01 ]
E: !!opencv-matrix
   rows: 0
   cols: 0
   dt: u
   data: []
F: !!opencv-matrix
   rows: 0
   cols: 0
   dt: u
   data: []
K1: !!opencv-matrix
   rows: 3
   cols: 3
   dt: d
   data: [ 3.6701875180413612e+02, 0., 3.9037664016115195e+02, 0.,
       3.6716204186372624e+02, 2.4338910080475119e+02, 0., 0., 1. ]
D1: !!opencv-matrix
   rows: 5
   cols: 1
   dt: d
   data: [ -2.4607421185303142e-02, 6.4808671343714744e-04,
       1.1083256569659741e-03, -3.8146776821432244e-05,
       4.7547507517400993e-05 ]
P1: !!opencv-matrix
   rows: 3
   cols: 4
   dt: f
   data: [ 3.54611206e+02, 0., 4.94659729e+02, 0., 0., 3.54611206e+02,
       2.39453369e+02, 0., 0., 0., 1., 0. ]
R1: !!opencv-matrix
   rows: 3
   cols: 3
   dt: f
   data: [ 9.91876721e-01, 3.20358984e-02, -1.23102643e-01,
       -3.17214876e-02, 9.99486566e-01, 4.51366743e-03, 1.23184033e-01,
       -5.72002842e-04, 9.92383659e-01 ]
K2: !!opencv-matrix
   rows: 3
   cols: 3
   dt: d
   data: [ 3.6634490901067966e+02, 0., 3.9259549032746332e+02, 0.,
       3.6656633165683280e+02, 2.3935289141635988e+02, 0., 0., 1. ]
D2: !!opencv-matrix
   rows: 5
   cols: 1
   dt: d
   data: [ -2.4382727863946366e-02, 2.3985110129057631e-04,
       -3.0263975945863427e-04, -1.9949004863733616e-04,
       1.3475004328980761e-04 ]
P2: !!opencv-matrix
   rows: 3
   cols: 4
   dt: f
   data: [ 3.54611206e+02, 0., 4.94659729e+02, -2.88246816e+04, 0.,
       3.54611206e+02, 2.39453369e+02, 0., 0., 0., 1., 0. ]
R2: !!opencv-matrix
   rows: 3
   cols: 3
   dt: f
   data: [ 9.91535723e-01, 2.76971087e-02, -1.26845703e-01,
       -2.80209091e-02, 9.99607027e-01, -7.68704806e-04, 1.26774564e-01,
       4.31653019e-03, 9.91922140e-01 ]
