%YAML:1.0
---
Q: !!opencv-matrix
   rows: 4
   cols: 4
   dt: f
   data: [ 1., 0., 0., -5.24260559e+02, 0., 1., 0., -2.42171341e+02, 0.,
       0., 0., 3.47496460e+02, 0., 0., 2.53390055e-02, 0. ]
R: !!opencv-matrix
   rows: 3
   cols: 3
   dt: d
   data: [ 1.0020114345342412e+00, 1.5378836987606566e-03,
       1.5841858127038056e-03, -3.6916259513628692e-03,
       1.0069176837580422e+00, 2.8770712730860600e-03,
       -3.2161055833754390e-03, -6.6529047805025492e-03,
       1.0026923790293132e+00 ]
T: !!opencv-matrix
   rows: 3
   cols: 1
   dt: d
   data: [ -3.8272264539041053e+01, -1.0069325647084314e-01,
       5.2804037135096751e+00 ]
E: !!opencv-matrix
   rows: 0
   cols: 0
   dt: u
   data: []
F: !!opencv-matrix
   rows: 0
   cols: 0
   dt: u
   data: []
K1: !!opencv-matrix
   rows: 3
   cols: 3
   dt: d
   data: [ 3.6701875180413612e+02, 0., 3.9037664016115195e+02, 0.,
       3.6716204186372624e+02, 2.4338910080475119e+02, 0., 0., 1. ]
D1: !!opencv-matrix
   rows: 5
   cols: 1
   dt: d
   data: [ -2.4607421185303142e-02, 6.4808671343714744e-04,
       1.1083256569659741e-03, -3.8146776821432244e-05,
       4.7547507517400993e-05 ]
P1: !!opencv-matrix
   rows: 3
   cols: 4
   dt: f
   data: [ 3.47496460e+02, 0., 5.24260559e+02, 0., 0., 3.47496460e+02,
       2.42171341e+02, 0., 0., 0., 1., 0. ]
R1: !!opencv-matrix
   rows: 3
   cols: 3
   dt: f
   data: [ 9.87595499e-01, 3.97748750e-04, -1.57019034e-01,
       -2.14585780e-05, 9.99997139e-01, 2.39815027e-03, 1.57019541e-01,
       -2.36503291e-03, 9.87592638e-01 ]
K2: !!opencv-matrix
   rows: 3
   cols: 3
   dt: d
   data: [ 3.6634490901067966e+02, 0., 3.9259549032746332e+02, 0.,
       3.6656633165683280e+02, 2.3935289141635988e+02, 0., 0., 1. ]
D2: !!opencv-matrix
   rows: 5
   cols: 1
   dt: d
   data: [ -2.4382727863946366e-02, 2.3985110129057631e-04,
       -3.0263975945863427e-04, -1.9949004863733616e-04,
       1.3475004328980761e-04 ]
P2: !!opencv-matrix
   rows: 3
   cols: 4
   dt: f
   data: [ 3.47496460e+02, 0., 5.24260559e+02, -1.37138955e+04, 0.,
       3.47496460e+02, 2.42171341e+02, 0., 0., 0., 1., 0. ]
R2: !!opencv-matrix
   rows: 3
   cols: 3
   dt: f
   data: [ 9.87194896e-01, -3.09722684e-03, -1.59488618e-01,
       2.71497201e-03, 9.99992907e-01, -2.61459523e-03, 1.59495577e-01,
       2.14810786e-03, 9.87196326e-01 ]
