%YAML:1.0
---
Q: !!opencv-matrix
   rows: 4
   cols: 4
   dt: f
   data: [ 1., 0., 0., -4.68283508e+02, 0., 1., 0., -2.39945129e+02, 0.,
       0., 0., 3.54817230e+02, 0., 0., 2.36977749e-02, 0. ]
R: !!opencv-matrix
   rows: 3
   cols: 3
   dt: d
   data: [ 1.0016717621914208e+00, -7.3741604526205706e-03,
       -9.8107330540630443e-03, -3.7717196504225160e-03,
       1.0043816183588756e+00, 3.1965261731377761e-03,
       -3.5459070370490310e-03, -4.8419242161807392e-03,
       1.0022919775365637e+00 ]
T: !!opencv-matrix
   rows: 3
   cols: 1
   dt: d
   data: [ -4.0276842996300545e+01, -1.2554417862427745e+00,
       3.2043237558297268e+00 ]
E: !!opencv-matrix
   rows: 0
   cols: 0
   dt: u
   data: []
F: !!opencv-matrix
   rows: 0
   cols: 0
   dt: u
   data: []
K1: !!opencv-matrix
   rows: 3
   cols: 3
   dt: d
   data: [ 3.6701875180413612e+02, 0., 3.9037664016115195e+02, 0.,
       3.6716204186372624e+02, 2.4338910080475119e+02, 0., 0., 1. ]
D1: !!opencv-matrix
   rows: 5
   cols: 1
   dt: d
   data: [ -2.4607421185303142e-02, 6.4808671343714744e-04,
       1.1083256569659741e-03, -3.8146776821432244e-05,
       4.7547507517400993e-05 ]
P1: !!opencv-matrix
   rows: 3
   cols: 4
   dt: f
   data: [ 3.54817230e+02, 0., 4.68283508e+02, 0., 0., 3.54817230e+02,
       2.39945129e+02, 0., 0., 0., 1., 0. ]
R1: !!opencv-matrix
   rows: 3
   cols: 3
   dt: f
   data: [ 9.95017529e-01, 2.90184859e-02, -9.53835100e-02,
       -2.88123861e-02, 9.99578595e-01, 3.53758899e-03, 9.54459682e-02,
       -7.71736784e-04, 9.95434284e-01 ]
K2: !!opencv-matrix
   rows: 3
   cols: 3
   dt: d
   data: [ 3.6634490901067966e+02, 0., 3.9259549032746332e+02, 0.,
       3.6656633165683280e+02, 2.3935289141635988e+02, 0., 0., 1. ]
D2: !!opencv-matrix
   rows: 5
   cols: 1
   dt: d
   data: [ -2.4382727863946366e-02, 2.3985110129057631e-04,
       -3.0263975945863427e-04, -1.9949004863733616e-04,
       1.3475004328980761e-04 ]
P2: !!opencv-matrix
   rows: 3
   cols: 4
   dt: f
   data: [ 3.54817230e+02, 0., 4.68283508e+02, -1.49725957e+04, 0.,
       3.54817230e+02, 2.39945129e+02, 0., 0., 0., 1., 0. ]
R2: !!opencv-matrix
   rows: 3
   cols: 3
   dt: f
   data: [ 9.95244265e-01, 3.04540135e-02, -9.25275981e-02,
       -3.06537952e-02, 9.99529779e-01, -7.38380069e-04, 9.24616084e-02,
       3.57119064e-03, 9.95709836e-01 ]
