%YAML:1.0
---
Q: !!opencv-matrix
   rows: 4
   cols: 4
   dt: f
   data: [ 1., 0., 0., -4.89481445e+02, 0., 1., 0., -2.44683655e+02, 0.,
       0., 0., 3.57318329e+02, 0., 0., 5.03354194e-03, 0. ]
R: !!opencv-matrix
   rows: 3
   cols: 3
   dt: d
   data: [ 1.0016941270340447e+00, 4.9120087979416301e-03,
       4.7558312000600461e-03, -3.5766921537612340e-03,
       1.0012882995782466e+00, 1.8235572788259250e-03,
       -3.2337549673447244e-03, -5.9804696044189528e-03,
       9.9826407073647572e-01 ]
T: !!opencv-matrix
   rows: 3
   cols: 1
   dt: d
   data: [ -1.9380478182886623e+02, 6.8284482056933742e+00,
       2.3366050165852069e+01 ]
E: !!opencv-matrix
   rows: 0
   cols: 0
   dt: u
   data: []
F: !!opencv-matrix
   rows: 0
   cols: 0
   dt: u
   data: []
K1: !!opencv-matrix
   rows: 3
   cols: 3
   dt: d
   data: [ 3.6701875180413612e+02, 0., 3.9037664016115195e+02, 0.,
       3.6716204186372624e+02, 2.4338910080475119e+02, 0., 0., 1. ]
D1: !!opencv-matrix
   rows: 5
   cols: 1
   dt: d
   data: [ -2.4607421185303142e-02, 6.4808671343714744e-04,
       1.1083256569659741e-03, -3.8146776821432244e-05,
       4.7547507517400993e-05 ]
P1: !!opencv-matrix
   rows: 3
   cols: 4
   dt: f
   data: [ 3.57318329e+02, 0., 4.89481445e+02, 0., 0., 3.57318329e+02,
       2.44683655e+02, 0., 0., 0., 1., 0. ]
R1: !!opencv-matrix
   rows: 3
   cols: 3
   dt: f
   data: [ 9.92635369e-01, -3.09459753e-02, -1.17121428e-01,
       3.11649181e-02, 9.99514282e-01, 3.80308084e-05, 1.17063358e-01,
       -3.68783018e-03, 9.93117630e-01 ]
K2: !!opencv-matrix
   rows: 3
   cols: 3
   dt: d
   data: [ 3.6634490901067966e+02, 0., 3.9259549032746332e+02, 0.,
       3.6656633165683280e+02, 2.3935289141635988e+02, 0., 0., 1. ]
D2: !!opencv-matrix
   rows: 5
   cols: 1
   dt: d
   data: [ -2.4382727863946366e-02, 2.3985110129057631e-04,
       -3.0263975945863427e-04, -1.9949004863733616e-04,
       1.3475004328980761e-04 ]
P2: !!opencv-matrix
   rows: 3
   cols: 4
   dt: f
   data: [ 3.57318329e+02, 0., 4.89481445e+02, -7.09874531e+04, 0.,
       3.57318329e+02, 2.44683655e+02, 0., 0., 0., 1., 0. ]
R2: !!opencv-matrix
   rows: 3
   cols: 3
   dt: f
   data: [ 9.91979837e-01, -3.57962549e-02, -1.21221431e-01,
       3.55694927e-02, 9.99359071e-01, -4.03469615e-03, 1.21288165e-01,
       -3.09447903e-04, 9.92617309e-01 ]
