%YAML:1.0
---
Q: !!opencv-matrix
   rows: 4
   cols: 4
   dt: f
   data: [ 1., 0., 0., -6.40540344e+02, 0., 1., 0., -2.48523407e+02, 0.,
       0., 0., 3.31411377e+02, 0., 0., 6.74876245e-03, 0. ]
R: !!opencv-matrix
   rows: 3
   cols: 3
   dt: d
   data: [ 1.0049129680794817e+00, -1.4873432000739159e-03,
       -1.6631260316512400e-03, -3.6626287911805480e-03,
       1.0032057727100916e+00, 1.9225285549832509e-03,
       -4.2001200597450534e-03, -9.8066536630821363e-03,
       9.9630504342996029e-01 ]
T: !!opencv-matrix
   rows: 3
   cols: 1
   dt: d
   data: [ -1.3181920922960637e+02, 4.3769037905588641e+00,
       3.8074188688432542e+01 ]
E: !!opencv-matrix
   rows: 0
   cols: 0
   dt: u
   data: []
F: !!opencv-matrix
   rows: 0
   cols: 0
   dt: u
   data: []
K1: !!opencv-matrix
   rows: 3
   cols: 3
   dt: d
   data: [ 3.6701875180413612e+02, 0., 3.9037664016115195e+02, 0.,
       3.6716204186372624e+02, 2.4338910080475119e+02, 0., 0., 1. ]
D1: !!opencv-matrix
   rows: 5
   cols: 1
   dt: d
   data: [ -2.4607421185303142e-02, 6.4808671343714744e-04,
       1.1083256569659741e-03, -3.8146776821432244e-05,
       4.7547507517400993e-05 ]
P1: !!opencv-matrix
   rows: 3
   cols: 4
   dt: f
   data: [ 3.31411377e+02, 0., 6.40540344e+02, 0., 0., 3.31411377e+02,
       2.48523407e+02, 0., 0., 0., 1., 0. ]
R1: !!opencv-matrix
   rows: 3
   cols: 3
   dt: f
   data: [ 9.62731004e-01, -3.25055383e-02, -2.68500239e-01,
       3.32719162e-02, 9.99444902e-01, -1.69679383e-03, 2.68406361e-01,
       -7.29996152e-03, 9.63278115e-01 ]
K2: !!opencv-matrix
   rows: 3
   cols: 3
   dt: d
   data: [ 3.6634490901067966e+02, 0., 3.9259549032746332e+02, 0.,
       3.6656633165683280e+02, 2.3935289141635988e+02, 0., 0., 1. ]
D2: !!opencv-matrix
   rows: 5
   cols: 1
   dt: d
   data: [ -2.4382727863946366e-02, 2.3985110129057631e-04,
       -3.0263975945863427e-04, -1.9949004863733616e-04,
       1.3475004328980761e-04 ]
P2: !!opencv-matrix
   rows: 3
   cols: 4
   dt: f
   data: [ 3.31411377e+02, 0., 6.40540344e+02, -4.91069844e+04, 0.,
       3.31411377e+02, 2.48523407e+02, 0., 0., 0., 1., 0. ]
R2: !!opencv-matrix
   rows: 3
   cols: 3
   dt: f
   data: [ 9.62059140e-01, -3.60665470e-02, -2.70446718e-01,
       3.52942012e-02, 9.99347150e-01, -7.72015937e-03, 2.70548582e-01,
       -2.11795047e-03, 9.62704003e-01 ]
