%YAML:1.0
---
Q: !!opencv-matrix
   rows: 4
   cols: 4
   dt: f
   data: [ 1., 0., 0., -5.42340393e+02, 0., 1., 0., -2.43603851e+02, 0.,
       0., 0., 3.48402893e+02, 0., 0., 2.59122476e-02, 0. ]
R: !!opencv-matrix
   rows: 3
   cols: 3
   dt: d
   data: [ 1.0020657512792939e+00, -6.4989878259574560e-05,
       -4.0988409009440037e-04, -3.7537140903647803e-03,
       1.0077902044846139e+00, 3.3006499521386012e-03,
       -2.0686365843443745e-03, -7.2182111156837902e-03,
       1.0020280384016675e+00 ]
T: !!opencv-matrix
   rows: 3
   cols: 1
   dt: d
   data: [ -4.1365627052266198e+01, -7.4799016845454935e-01,
       7.7431118049496170e+00 ]
E: !!opencv-matrix
   rows: 0
   cols: 0
   dt: u
   data: []
F: !!opencv-matrix
   rows: 0
   cols: 0
   dt: u
   data: []
K1: !!opencv-matrix
   rows: 3
   cols: 3
   dt: d
   data: [ 3.6701875180413612e+02, 0., 3.9037664016115195e+02, 0.,
       3.6716204186372624e+02, 2.4338910080475119e+02, 0., 0., 1. ]
D1: !!opencv-matrix
   rows: 5
   cols: 1
   dt: d
   data: [ -2.4607421185303142e-02, 6.4808671343714744e-04,
       1.1083256569659741e-03, -3.8146776821432244e-05,
       4.7547507517400993e-05 ]
P1: !!opencv-matrix
   rows: 3
   cols: 4
   dt: f
   data: [ 3.48402893e+02, 0., 5.42340393e+02, 0., 0., 3.48402893e+02,
       2.43603851e+02, 0., 0., 0., 1., 0. ]
R1: !!opencv-matrix
   rows: 3
   cols: 3
   dt: f
   data: [ 9.83874917e-01, -1.29096694e-02, -1.78391278e-01,
       1.33475149e-02, 9.99910116e-01, 1.25441281e-03, 1.78359047e-01,
       -3.61526548e-03, 9.83958840e-01 ]
K2: !!opencv-matrix
   rows: 3
   cols: 3
   dt: d
   data: [ 3.6634490901067966e+02, 0., 3.9259549032746332e+02, 0.,
       3.6656633165683280e+02, 2.3935289141635988e+02, 0., 0., 1. ]
D2: !!opencv-matrix
   rows: 5
   cols: 1
   dt: d
   data: [ -2.4382727863946366e-02, 2.3985110129057631e-04,
       -3.0263975945863427e-04, -1.9949004863733616e-04,
       1.3475004328980761e-04 ]
P2: !!opencv-matrix
   rows: 3
   cols: 4
   dt: f
   data: [ 3.48402893e+02, 0., 5.42340393e+02, -1.34454912e+04, 0.,
       3.48402893e+02, 2.43603851e+02, 0., 0., 0., 1., 0. ]
R2: !!opencv-matrix
   rows: 3
   cols: 3
   dt: f
   data: [ 9.84131873e-01, -1.35514298e-02, -1.76920518e-01,
       1.31171420e-02, 9.99907374e-01, -3.62409651e-03, 1.76953241e-01,
       1.24589715e-03, 9.84218478e-01 ]
