%YAML:1.0
---
Q: !!opencv-matrix
   rows: 4
   cols: 4
   dt: f
   data: [ 1., 0., 0., -4.81543640e+02, 0., 1., 0., -2.39795822e+02, 0.,
       0., 0., 3.54631012e+02, 0., 0., 1.35303820e-02, 0. ]
R: !!opencv-matrix
   rows: 3
   cols: 3
   dt: d
   data: [ 1.0000749720843787e+00, 2.0652606453115895e-03,
       1.4417735014932694e-03, -3.9151572793656485e-03,
       1.0054885675746559e+00, 3.6276183863601110e-03,
       -3.6399544568707699e-03, -6.4278872940195598e-03,
       1.0014207331601301e+00 ]
T: !!opencv-matrix
   rows: 3
   cols: 1
   dt: d
   data: [ -7.3424094159538427e+01, -1.9772525418540992e+00,
       8.2065250779839261e+00 ]
E: !!opencv-matrix
   rows: 0
   cols: 0
   dt: u
   data: []
F: !!opencv-matrix
   rows: 0
   cols: 0
   dt: u
   data: []
K1: !!opencv-matrix
   rows: 3
   cols: 3
   dt: d
   data: [ 3.6701875180413612e+02, 0., 3.9037664016115195e+02, 0.,
       3.6716204186372624e+02, 2.4338910080475119e+02, 0., 0., 1. ]
D1: !!opencv-matrix
   rows: 5
   cols: 1
   dt: d
   data: [ -2.4607421185303142e-02, 6.4808671343714744e-04,
       1.1083256569659741e-03, -3.8146776821432244e-05,
       4.7547507517400993e-05 ]
P1: !!opencv-matrix
   rows: 3
   cols: 4
   dt: f
   data: [ 3.54631012e+02, 0., 4.81543640e+02, 0., 0., 3.54631012e+02,
       2.39795822e+02, 0., 0., 0., 1., 0. ]
R1: !!opencv-matrix
   rows: 3
   cols: 3
   dt: f
   data: [ 9.93650079e-01, 3.02642807e-02, -1.08367652e-01,
       -3.00036035e-02, 9.99541640e-01, 4.03558044e-03, 1.08440116e-01,
       -7.58534821e-04, 9.94102716e-01 ]
K2: !!opencv-matrix
   rows: 3
   cols: 3
   dt: d
   data: [ 3.6634490901067966e+02, 0., 3.9259549032746332e+02, 0.,
       3.6656633165683280e+02, 2.3935289141635988e+02, 0., 0., 1. ]
D2: !!opencv-matrix
   rows: 5
   cols: 1
   dt: d
   data: [ -2.4382727863946366e-02, 2.3985110129057631e-04,
       -3.0263975945863427e-04, -1.9949004863733616e-04,
       1.3475004328980761e-04 ]
P2: !!opencv-matrix
   rows: 3
   cols: 4
   dt: f
   data: [ 3.54631012e+02, 0., 4.81543640e+02, -2.62099766e+04, 0.,
       3.54631012e+02, 2.39795822e+02, 0., 0., 0., 1., 0. ]
R2: !!opencv-matrix
   rows: 3
   cols: 3
   dt: f
   data: [ 9.93456066e-01, 2.67529823e-02, -1.11037426e-01,
       -2.70199291e-02, 9.99634504e-01, -8.99773324e-04, 1.10972762e-01,
       3.89410858e-03, 9.93815839e-01 ]
