%YAML:1.0
---
Q: !!opencv-matrix
   rows: 4
   cols: 4
   dt: f
   data: [ 1., 0., 0., -4.88546234e+02, 0., 1., 0., -2.40224991e+02, 0.,
       0., 0., 3.53132324e+02, 0., 0., 3.08497753e-02, 0. ]
R: !!opencv-matrix
   rows: 3
   cols: 3
   dt: d
   data: [ 1.0028695978935382e+00, 1.2703454168513930e-03,
       -7.1810735210935106e-04, -3.9182390498034526e-03,
       1.0065524876304015e+00, 3.2658352754144065e-03,
       -3.5524597620622089e-03, -6.4317207482953971e-03,
       1.0026728105691403e+00 ]
T: !!opencv-matrix
   rows: 3
   cols: 1
   dt: d
   data: [ -3.2179498787579476e+01, -6.5145158693694383e-01,
       3.8467185979556477e+00 ]
E: !!opencv-matrix
   rows: 0
   cols: 0
   dt: u
   data: []
F: !!opencv-matrix
   rows: 0
   cols: 0
   dt: u
   data: []
K1: !!opencv-matrix
   rows: 3
   cols: 3
   dt: d
   data: [ 3.6701875180413612e+02, 0., 3.9037664016115195e+02, 0.,
       3.6716204186372624e+02, 2.4338910080475119e+02, 0., 0., 1. ]
D1: !!opencv-matrix
   rows: 5
   cols: 1
   dt: d
   data: [ -2.4607421185303142e-02, 6.4808671343714744e-04,
       1.1083256569659741e-03, -3.8146776821432244e-05,
       4.7547507517400993e-05 ]
P1: !!opencv-matrix
   rows: 3
   cols: 4
   dt: f
   data: [ 3.53132324e+02, 0., 4.88546234e+02, 0., 0., 3.53132324e+02,
       2.40224991e+02, 0., 0., 0., 1., 0. ]
R1: !!opencv-matrix
   rows: 3
   cols: 3
   dt: f
   data: [ 9.92841721e-01, 2.32255310e-02, -1.17157660e-01,
       -2.29526889e-02, 9.99729812e-01, 3.67768202e-03, 1.17211416e-01,
       -9.62272985e-04, 9.93106544e-01 ]
K2: !!opencv-matrix
   rows: 3
   cols: 3
   dt: d
   data: [ 3.6634490901067966e+02, 0., 3.9259549032746332e+02, 0.,
       3.6656633165683280e+02, 2.3935289141635988e+02, 0., 0., 1. ]
D2: !!opencv-matrix
   rows: 5
   cols: 1
   dt: d
   data: [ -2.4382727863946366e-02, 2.3985110129057631e-04,
       -3.0263975945863427e-04, -1.9949004863733616e-04,
       1.3475004328980761e-04 ]
P2: !!opencv-matrix
   rows: 3
   cols: 4
   dt: f
   data: [ 3.53132324e+02, 0., 4.88546234e+02, -1.14468369e+04, 0.,
       3.53132324e+02, 2.40224991e+02, 0., 0., 0., 1., 0. ]
R2: !!opencv-matrix
   rows: 3
   cols: 3
   dt: f
   data: [ 9.92730319e-01, 2.00971346e-02, -1.18670404e-01,
       -2.03733891e-02, 9.99791801e-01, -1.11510674e-03, 1.18623286e-01,
       3.52471857e-03, 9.92933095e-01 ]
