%YAML:1.0
---
Q: !!opencv-matrix
   rows: 4
   cols: 4
   dt: f
   data: [ 1., 0., 0., -4.75993683e+02, 0., 1., 0., -2.39093231e+02, 0.,
       0., 0., 3.57002258e+02, 0., 0., 1.19576929e-02, 0. ]
R: !!opencv-matrix
   rows: 3
   cols: 3
   dt: d
   data: [ 1.0023774819244713e+00, 4.0718427948939319e-03,
       4.7473809357493251e-03, -3.5111947784965147e-03,
       1.0044895018841562e+00, 3.7392618614371987e-03,
       -3.1700113604982874e-03, -7.1640494111025804e-03,
       9.9967736129453122e-01 ]
T: !!opencv-matrix
   rows: 3
   cols: 1
   dt: d
   data: [ -8.1998505934659931e+01, -2.8639783679851480e+00,
       8.9030323707556125e+00 ]
E: !!opencv-matrix
   rows: 0
   cols: 0
   dt: u
   data: []
F: !!opencv-matrix
   rows: 0
   cols: 0
   dt: u
   data: []
K1: !!opencv-matrix
   rows: 3
   cols: 3
   dt: d
   data: [ 3.6701875180413612e+02, 0., 3.9037664016115195e+02, 0.,
       3.6716204186372624e+02, 2.4338910080475119e+02, 0., 0., 1. ]
D1: !!opencv-matrix
   rows: 5
   cols: 1
   dt: d
   data: [ -2.4607421185303142e-02, 6.4808671343714744e-04,
       1.1083256569659741e-03, -3.8146776821432244e-05,
       4.7547507517400993e-05 ]
P1: !!opencv-matrix
   rows: 3
   cols: 4
   dt: f
   data: [ 3.57002258e+02, 0., 4.75993683e+02, 0., 0., 3.57002258e+02,
       2.39093231e+02, 0., 0., 0., 1., 0. ]
R1: !!opencv-matrix
   rows: 3
   cols: 3
   dt: f
   data: [ 9.94015157e-01, 4.17915583e-02, -1.00932337e-01,
       -4.15273421e-02, 9.99126256e-01, 4.71838331e-03, 1.01041332e-01,
       -4.98693029e-04, 9.94882107e-01 ]
K2: !!opencv-matrix
   rows: 3
   cols: 3
   dt: d
   data: [ 3.6634490901067966e+02, 0., 3.9259549032746332e+02, 0.,
       3.6656633165683280e+02, 2.3935289141635988e+02, 0., 0., 1. ]
D2: !!opencv-matrix
   rows: 5
   cols: 1
   dt: d
   data: [ -2.4382727863946366e-02, 2.3985110129057631e-04,
       -3.0263975945863427e-04, -1.9949004863733616e-04,
       1.3475004328980761e-04 ]
P2: !!opencv-matrix
   rows: 3
   cols: 4
   dt: f
   data: [ 3.57002258e+02, 0., 4.75993683e+02, -2.98554473e+04, 0.,
       3.57002258e+02, 2.39093231e+02, 0., 0., 0., 1., 0. ]
R2: !!opencv-matrix
   rows: 3
   cols: 3
   dt: f
   data: [ 9.93735969e-01, 3.73898670e-02, -1.05313115e-01,
       -3.76652963e-02, 9.99290228e-01, -6.26994530e-04, 1.05214924e-01,
       4.58971644e-03, 9.94438887e-01 ]
