%YAML:1.0
---
Q: !!opencv-matrix
   rows: 4
   cols: 4
   dt: f
   data: [ 1., 0., 0., -6.52813232e+02, 0., 1., 0., -2.46617859e+02, 0.,
       0., 0., 3.19528534e+02, 0., 0., 1.23188356e-02, 0. ]
R: !!opencv-matrix
   rows: 3
   cols: 3
   dt: d
   data: [ 1.0035472974316804e+00, 2.6700083234826814e-03,
       2.4342846091065088e-03, -3.6097800054227455e-03,
       1.0070171284458174e+00, 2.0323298670102664e-03,
       -2.5961376175489834e-03, -1.1709250929198611e-02,
       9.9855159518739156e-01 ]
T: !!opencv-matrix
   rows: 3
   cols: 1
   dt: d
   data: [ -7.4704794184023854e+01, 1.8446589791228840e+00,
       2.2092913256139877e+01 ]
E: !!opencv-matrix
   rows: 0
   cols: 0
   dt: u
   data: []
F: !!opencv-matrix
   rows: 0
   cols: 0
   dt: u
   data: []
K1: !!opencv-matrix
   rows: 3
   cols: 3
   dt: d
   data: [ 3.6701875180413612e+02, 0., 3.9037664016115195e+02, 0.,
       3.6716204186372624e+02, 2.4338910080475119e+02, 0., 0., 1. ]
D1: !!opencv-matrix
   rows: 5
   cols: 1
   dt: d
   data: [ -2.4607421185303142e-02, 6.4808671343714744e-04,
       1.1083256569659741e-03, -3.8146776821432244e-05,
       4.7547507517400993e-05 ]
P1: !!opencv-matrix
   rows: 3
   cols: 4
   dt: f
   data: [ 3.19528534e+02, 0., 6.52813232e+02, 0., 0., 3.19528534e+02,
       2.46617859e+02, 0., 0., 0., 1., 0. ]
R1: !!opencv-matrix
   rows: 3
   cols: 3
   dt: f
   data: [ 9.60402906e-01, -1.98482983e-02, -2.77907073e-01,
       2.07476560e-02, 9.99784708e-01, 2.95365026e-04, 2.77841389e-01,
       -6.04958972e-03, 9.60607946e-01 ]
K2: !!opencv-matrix
   rows: 3
   cols: 3
   dt: d
   data: [ 3.6634490901067966e+02, 0., 3.9259549032746332e+02, 0.,
       3.6656633165683280e+02, 2.3935289141635988e+02, 0., 0., 1. ]
D2: !!opencv-matrix
   rows: 5
   cols: 1
   dt: d
   data: [ -2.4382727863946366e-02, 2.3985110129057631e-04,
       -3.0263975945863427e-04, -1.9949004863733616e-04,
       1.3475004328980761e-04 ]
P2: !!opencv-matrix
   rows: 3
   cols: 4
   dt: f
   data: [ 3.19528534e+02, 0., 6.52813232e+02, -2.59382090e+04, 0.,
       3.19528534e+02, 2.46617859e+02, 0., 0., 0., 1., 0. ]
R2: !!opencv-matrix
   rows: 3
   cols: 3
   dt: f
   data: [ 9.59463835e-01, -2.52184756e-02, -2.80701160e-01,
       2.43096203e-02, 9.99681890e-01, -6.71978341e-03, 2.80781329e-01,
       -3.76348820e-04, 9.59771693e-01 ]
