%YAML:1.0
---
Q: !!opencv-matrix
   rows: 4
   cols: 4
   dt: f
   data: [ 1., 0., 0., -5.42805969e+02, 0., 1., 0., -2.43648621e+02, 0.,
       0., 0., 3.48415070e+02, 0., 0., 2.57659201e-02, 0. ]
R: !!opencv-matrix
   rows: 3
   cols: 3
   dt: d
   data: [ 1.0049922327489285e+00, -3.9416176932820426e-03,
       -6.4978125719602027e-03, -3.5036003918800422e-03,
       1.0044343138444218e+00, 2.4050894278406297e-03,
       -3.6142046253144671e-03, -7.4206099152276835e-03,
       1.0008260592940981e+00 ]
T: !!opencv-matrix
   rows: 3
   cols: 1
   dt: d
   data: [ -3.7979409045127966e+01, 5.2297391354274592e-01,
       6.8276792029455100e+00 ]
E: !!opencv-matrix
   rows: 0
   cols: 0
   dt: u
   data: []
F: !!opencv-matrix
   rows: 0
   cols: 0
   dt: u
   data: []
K1: !!opencv-matrix
   rows: 3
   cols: 3
   dt: d
   data: [ 3.6701875180413612e+02, 0., 3.9037664016115195e+02, 0.,
       3.6716204186372624e+02, 2.4338910080475119e+02, 0., 0., 1. ]
D1: !!opencv-matrix
   rows: 5
   cols: 1
   dt: d
   data: [ -2.4607421185303142e-02, 6.4808671343714744e-04,
       1.1083256569659741e-03, -3.8146776821432244e-05,
       4.7547507517400993e-05 ]
P1: !!opencv-matrix
   rows: 3
   cols: 4
   dt: f
   data: [ 3.48415070e+02, 0., 5.42805969e+02, 0., 0., 3.48415070e+02,
       2.43648621e+02, 0., 0., 0., 1., 0. ]
R1: !!opencv-matrix
   rows: 3
   cols: 3
   dt: f
   data: [ 9.83746886e-01, -1.32108675e-02, -1.79074198e-01,
       1.36465356e-02, 9.99906182e-01, 1.20122626e-03, 1.79041535e-01,
       -3.62544507e-03, 9.83834863e-01 ]
K2: !!opencv-matrix
   rows: 3
   cols: 3
   dt: d
   data: [ 3.6634490901067966e+02, 0., 3.9259549032746332e+02, 0.,
       3.6656633165683280e+02, 2.3935289141635988e+02, 0., 0., 1. ]
D2: !!opencv-matrix
   rows: 5
   cols: 1
   dt: d
   data: [ -2.4382727863946366e-02, 2.3985110129057631e-04,
       -3.0263975945863427e-04, -1.9949004863733616e-04,
       1.3475004328980761e-04 ]
P2: !!opencv-matrix
   rows: 3
   cols: 4
   dt: f
   data: [ 3.48415070e+02, 0., 5.42805969e+02, -1.35223223e+04, 0.,
       3.48415070e+02, 2.43648621e+02, 0., 0., 0., 1., 0. ]
R2: !!opencv-matrix
   rows: 3
   cols: 3
   dt: f
   data: [ 9.84073162e-01, -1.39269531e-02, -1.77217528e-01,
       1.34957582e-02, 9.99902308e-01, -3.63835017e-03, 1.77250877e-01,
       1.18871802e-03, 9.84164953e-01 ]
