%YAML:1.0
---
Q: !!opencv-matrix
   rows: 4
   cols: 4
   dt: f
   data: [ 1., 0., 0., -5.38591980e+02, 0., 1., 0., -2.40109558e+02, 0.,
       0., 0., 3.49546692e+02, 0., 0., 2.30265073e-02, 0. ]
R: !!opencv-matrix
   rows: 3
   cols: 3
   dt: d
   data: [ 1.0020290849116344e+00, 8.3467001971781053e-04,
       5.4182327132468091e-04, -3.9790603038170900e-03,
       1.0073463851597941e+00, 3.1224100912842093e-03,
       -3.9490036161984798e-03, -7.2930014742930505e-03,
       1.0021438076175593e+00 ]
T: !!opencv-matrix
   rows: 3
   cols: 1
   dt: d
   data: [ -4.1955920046357086e+01, -5.5856123620913312e-01,
       7.1633303330453098e+00 ]
E: !!opencv-matrix
   rows: 0
   cols: 0
   dt: u
   data: []
F: !!opencv-matrix
   rows: 0
   cols: 0
   dt: u
   data: []
K1: !!opencv-matrix
   rows: 3
   cols: 3
   dt: d
   data: [ 3.6701875180413612e+02, 0., 3.9037664016115195e+02, 0.,
       3.6716204186372624e+02, 2.4338910080475119e+02, 0., 0., 1. ]
D1: !!opencv-matrix
   rows: 5
   cols: 1
   dt: d
   data: [ -2.4607421185303142e-02, 6.4808671343714744e-04,
       1.1083256569659741e-03, -3.8146776821432244e-05,
       4.7547507517400993e-05 ]
P1: !!opencv-matrix
   rows: 3
   cols: 4
   dt: f
   data: [ 3.49546692e+02, 0., 5.38591980e+02, 0., 0., 3.49546692e+02,
       2.40109558e+02, 0., 0., 0., 1., 0. ]
R1: !!opencv-matrix
   rows: 3
   cols: 3
   dt: f
   data: [ 9.84847784e-01, 1.89202875e-02, -1.72385707e-01,
       -1.84902642e-02, 9.99820650e-01, 4.10009548e-03, 1.72432363e-01,
       -8.50512821e-04, 9.85020995e-01 ]
K2: !!opencv-matrix
   rows: 3
   cols: 3
   dt: d
   data: [ 3.6634490901067966e+02, 0., 3.9259549032746332e+02, 0.,
       3.6656633165683280e+02, 2.3935289141635988e+02, 0., 0., 1. ]
D2: !!opencv-matrix
   rows: 5
   cols: 1
   dt: d
   data: [ -2.4382727863946366e-02, 2.3985110129057631e-04,
       -3.0263975945863427e-04, -1.9949004863733616e-04,
       1.3475004328980761e-04 ]
P2: !!opencv-matrix
   rows: 3
   cols: 4
   dt: f
   data: [ 3.49546692e+02, 0., 5.38591980e+02, -1.51801865e+04, 0.,
       3.49546692e+02, 2.40109558e+02, 0., 0., 0., 1., 0. ]
R2: !!opencv-matrix
   rows: 3
   cols: 3
   dt: f
   data: [ 9.84479010e-01, 1.53682260e-02, -1.74828038e-01,
       -1.58042740e-02, 9.99874473e-01, -1.10211200e-03, 1.74789160e-01,
       3.84803652e-03, 9.84598339e-01 ]
