%YAML:1.0
---
Q: !!opencv-matrix
   rows: 4
   cols: 4
   dt: f
   data: [ 1., 0., 0., -6.24004150e+02, 0., 1., 0., -2.46399460e+02, 0.,
       0., 0., 3.35512939e+02, 0., 0., 3.57942395e-02, 0. ]
R: !!opencv-matrix
   rows: 3
   cols: 3
   dt: d
   data: [ 1.0059554655555236e+00, 1.1845937572281364e-03,
       -1.4051821525559139e-04, -3.5309005514433593e-03,
       1.0073696656921436e+00, 2.0097702904236237e-03,
       -2.6364412976899393e-03, -9.8205176429750421e-03,
       1.0007270686723233e+00 ]
T: !!opencv-matrix
   rows: 3
   cols: 1
   dt: d
   data: [ -2.6995864235725655e+01, 7.3046485193513377e-01,
       7.1547988069351645e+00 ]
E: !!opencv-matrix
   rows: 0
   cols: 0
   dt: u
   data: []
F: !!opencv-matrix
   rows: 0
   cols: 0
   dt: u
   data: []
K1: !!opencv-matrix
   rows: 3
   cols: 3
   dt: d
   data: [ 3.6701875180413612e+02, 0., 3.9037664016115195e+02, 0.,
       3.6716204186372624e+02, 2.4338910080475119e+02, 0., 0., 1. ]
D1: !!opencv-matrix
   rows: 5
   cols: 1
   dt: d
   data: [ -2.4607421185303142e-02, 6.4808671343714744e-04,
       1.1083256569659741e-03, -3.8146776821432244e-05,
       4.7547507517400993e-05 ]
P1: !!opencv-matrix
   rows: 3
   cols: 4
   dt: f
   data: [ 3.35512939e+02, 0., 6.24004150e+02, 0., 0., 3.35512939e+02,
       2.46399460e+02, 0., 0., 0., 1., 0. ]
R1: !!opencv-matrix
   rows: 3
   cols: 3
   dt: f
   data: [ 9.66673136e-01, -2.23790146e-02, -2.55033672e-01,
       2.30931882e-02, 9.99733269e-01, -1.94011751e-04, 2.54969984e-01,
       -5.70199452e-03, 9.66932178e-01 ]
K2: !!opencv-matrix
   rows: 3
   cols: 3
   dt: d
   data: [ 3.6634490901067966e+02, 0., 3.9259549032746332e+02, 0.,
       3.6656633165683280e+02, 2.3935289141635988e+02, 0., 0., 1. ]
D2: !!opencv-matrix
   rows: 5
   cols: 1
   dt: d
   data: [ -2.4382727863946366e-02, 2.3985110129057631e-04,
       -3.0263975945863427e-04, -1.9949004863733616e-04,
       1.3475004328980761e-04 ]
P2: !!opencv-matrix
   rows: 3
   cols: 4
   dt: f
   data: [ 3.35512939e+02, 0., 6.24004150e+02, -9.37337793e+03, 0.,
       3.35512939e+02, 2.46399460e+02, 0., 0., 0., 1., 0. ]
R2: !!opencv-matrix
   rows: 3
   cols: 3
   dt: f
   data: [ 9.66296434e-01, -2.61464342e-02, -2.56100595e-01,
       2.54290123e-02, 9.99657929e-01, -6.11293409e-03, 2.56172806e-01,
       -6.05478650e-04, 9.66630816e-01 ]
