%YAML:1.0
---
Q: !!opencv-matrix
   rows: 4
   cols: 4
   dt: f
   data: [ 1., 0., 0., -5.48036804e+02, 0., 1., 0., -2.39781174e+02, 0.,
       0., 0., 3.49600708e+02, 0., 0., 2.37581953e-02, 0. ]
R: !!opencv-matrix
   rows: 3
   cols: 3
   dt: d
   data: [ 1.0019403270458456e+00, -2.2177959169823602e-05,
       -4.1020537360631312e-04, -3.7335252393648484e-03,
       1.0076226219627888e+00, 3.1659359118518010e-03,
       -2.2962639653499547e-03, -7.1000854374357429e-03,
       1.0021691568230358e+00 ]
T: !!opencv-matrix
   rows: 3
   cols: 1
   dt: d
   data: [ -4.1339522676750988e+01, -5.6846071547307797e-01,
       7.3837835716280784e+00 ]
E: !!opencv-matrix
   rows: 0
   cols: 0
   dt: u
   data: []
F: !!opencv-matrix
   rows: 0
   cols: 0
   dt: u
   data: []
K1: !!opencv-matrix
   rows: 3
   cols: 3
   dt: d
   data: [ 3.6701875180413612e+02, 0., 3.9037664016115195e+02, 0.,
       3.6716204186372624e+02, 2.4338910080475119e+02, 0., 0., 1. ]
D1: !!opencv-matrix
   rows: 5
   cols: 1
   dt: d
   data: [ -2.4607421185303142e-02, 6.4808671343714744e-04,
       1.1083256569659741e-03, -3.8146776821432244e-05,
       4.7547507517400993e-05 ]
P1: !!opencv-matrix
   rows: 3
   cols: 4
   dt: f
   data: [ 3.49600708e+02, 0., 5.48036804e+02, 0., 0., 3.49600708e+02,
       2.39781174e+02, 0., 0., 0., 1., 0. ]
R1: !!opencv-matrix
   rows: 3
   cols: 3
   dt: f
   data: [ 9.82890666e-01, 2.05326509e-02, -1.83042005e-01,
       -2.00698934e-02, 9.99789000e-01, 4.38045477e-03, 1.83093324e-01,
       -6.31874544e-04, 9.83095348e-01 ]
K2: !!opencv-matrix
   rows: 3
   cols: 3
   dt: d
   data: [ 3.6634490901067966e+02, 0., 3.9259549032746332e+02, 0.,
       3.6656633165683280e+02, 2.3935289141635988e+02, 0., 0., 1. ]
D2: !!opencv-matrix
   rows: 5
   cols: 1
   dt: d
   data: [ -2.4382727863946366e-02, 2.3985110129057631e-04,
       -3.0263975945863427e-04, -1.9949004863733616e-04,
       1.3475004328980761e-04 ]
P2: !!opencv-matrix
   rows: 3
   cols: 4
   dt: f
   data: [ 3.49600708e+02, 0., 5.48036804e+02, -1.47149531e+04, 0.,
       3.49600708e+02, 2.39781174e+02, 0., 0., 0., 1., 0. ]
R2: !!opencv-matrix
   rows: 3
   cols: 3
   dt: f
   data: [ 9.82772648e-01, 1.77708957e-02, -1.83962360e-01,
       -1.82358716e-02, 9.99833345e-01, -8.35933664e-04, 1.83916852e-01,
       4.17624647e-03, 9.82932925e-01 ]
