%YAML:1.0
---
Q: !!opencv-matrix
   rows: 4
   cols: 4
   dt: f
   data: [ 1., 0., 0., -3.91374207e+02, 0., 1., 0., -2.41906342e+02, 0.,
       0., 0., 3.57155121e+02, 0., 0., 5.56419417e-03, 0. ]
R: !!opencv-matrix
   rows: 3
   cols: 3
   dt: d
   data: [ 1.0017899456366983e+00, 5.2491638500346454e-03,
       5.2626545012560604e-03, -3.5824209064245086e-03,
       1.0012571094374390e+00, 1.7694505911085875e-03,
       -3.2589893247641929e-03, -6.0927419847412161e-03,
       9.9814082039968055e-01 ]
T: !!opencv-matrix
   rows: 3
   cols: 1
   dt: d
   data: [ -1.9707391679632622e+02, 7.1115440551763527e+00,
       2.4082730172660042e+01 ]
E: !!opencv-matrix
   rows: 0
   cols: 0
   dt: u
   data: []
F: !!opencv-matrix
   rows: 0
   cols: 0
   dt: u
   data: []
K1: !!opencv-matrix
   rows: 3
   cols: 3
   dt: d
   data: [ 3.6701875180413612e+02, 0., 3.9037664016115195e+02, 0.,
       3.6716204186372624e+02, 2.4338910080475119e+02, 0., 0., 1. ]
D1: !!opencv-matrix
   rows: 5
   cols: 1
   dt: d
   data: [ -2.4607421185303142e-02, 6.4808671343714744e-04,
       1.1083256569659741e-03, -3.8146776821432244e-05,
       4.7547507517400993e-05 ]
P1: !!opencv-matrix
   rows: 3
   cols: 4
   dt: f
   data: [ 3.57155121e+02, 0., 3.91374207e+02, 0., 0., 3.57155121e+02,
       2.41906342e+02, 0., 0., 0., 1., 0. ]
R1: !!opencv-matrix
   rows: 3
   cols: 3
   dt: f
   data: [ 9.99993980e-01, 7.35829875e-04, 3.39925429e-03,
       -7.41945871e-04, 9.99998093e-01, 1.79829681e-03, -3.39792459e-03,
       -1.80080801e-03, 9.99992609e-01 ]
K2: !!opencv-matrix
   rows: 3
   cols: 3
   dt: d
   data: [ 3.6634490901067966e+02, 0., 3.9259549032746332e+02, 0.,
       3.6656633165683280e+02, 2.3935289141635988e+02, 0., 0., 1. ]
D2: !!opencv-matrix
   rows: 5
   cols: 1
   dt: d
   data: [ -2.4382727863946366e-02, 2.3985110129057631e-04,
       -3.0263975945863427e-04, -1.9949004863733616e-04,
       1.3475004328980761e-04 ]
P2: !!opencv-matrix
   rows: 3
   cols: 4
   dt: f
   data: [ 3.57155121e+02, 0., 3.91374207e+02, -6.41881094e+04, 0.,
       3.57155121e+02, 2.41906342e+02, 0., 0., 0., 1., 0. ]
R2: !!opencv-matrix
   rows: 3
   cols: 3
   dt: f
   data: [ 9.99996364e-01, -2.65615364e-03, 4.55010362e-04,
       2.65696831e-03, 9.99994874e-01, -1.79895235e-03, -4.50229709e-04,
       1.80015469e-03, 9.99998271e-01 ]
