%YAML:1.0
---
Q: !!opencv-matrix
   rows: 4
   cols: 4
   dt: f
   data: [ 1., 0., 0., -4.15700592e+02, 0., 1., 0., -2.41528305e+02, 0.,
       0., 0., 3.53342438e+02, 0., 0., 6.17213082e-03, 0. ]
R: !!opencv-matrix
   rows: 3
   cols: 3
   dt: d
   data: [ 1.0003572083689671e+00, 3.6029700928158592e-03,
       3.5293638304864988e-03, -3.4158473029568524e-03,
       1.0012150612160315e+00, 2.8666566255566247e-03,
       -3.6898816317731220e-03, -4.3074965538420001e-03,
       9.9966035433794309e-01 ]
T: !!opencv-matrix
   rows: 3
   cols: 1
   dt: d
   data: [ -1.6367819077596150e+02, -6.2665162692903742e-01,
       6.6667907538734195e+00 ]
E: !!opencv-matrix
   rows: 0
   cols: 0
   dt: u
   data: []
F: !!opencv-matrix
   rows: 0
   cols: 0
   dt: u
   data: []
K1: !!opencv-matrix
   rows: 3
   cols: 3
   dt: d
   data: [ 3.6701875180413612e+02, 0., 3.9037664016115195e+02, 0.,
       3.6716204186372624e+02, 2.4338910080475119e+02, 0., 0., 1. ]
D1: !!opencv-matrix
   rows: 5
   cols: 1
   dt: d
   data: [ -2.4607421185303142e-02, 6.4808671343714744e-04,
       1.1083256569659741e-03, -3.8146776821432244e-05,
       4.7547507517400993e-05 ]
P1: !!opencv-matrix
   rows: 3
   cols: 4
   dt: f
   data: [ 3.53342438e+02, 0., 4.15700592e+02, 0., 0., 3.53342438e+02,
       2.41528305e+02, 0., 0., 0., 1., 0. ]
R1: !!opencv-matrix
   rows: 3
   cols: 3
   dt: f
   data: [ 9.99542236e-01, 1.31783718e-02, -2.72332430e-02,
       -1.31301414e-02, 9.99911904e-01, 1.94907177e-03, 2.72565279e-02,
       -1.59060315e-03, 9.99627233e-01 ]
K2: !!opencv-matrix
   rows: 3
   cols: 3
   dt: d
   data: [ 3.6634490901067966e+02, 0., 3.9259549032746332e+02, 0.,
       3.6656633165683280e+02, 2.3935289141635988e+02, 0., 0., 1. ]
D2: !!opencv-matrix
   rows: 5
   cols: 1
   dt: d
   data: [ -2.4382727863946366e-02, 2.3985110129057631e-04,
       -3.0263975945863427e-04, -1.9949004863733616e-04,
       1.3475004328980761e-04 ]
P2: !!opencv-matrix
   rows: 3
   cols: 4
   dt: f
   data: [ 3.53342438e+02, 0., 4.15700592e+02, -5.72480508e+04, 0.,
       3.53342438e+02, 2.41528305e+02, 0., 0., 0., 1., 0. ]
R2: !!opencv-matrix
   rows: 3
   cols: 3
   dt: f
   data: [ 9.99481201e-01, 9.66884848e-03, -3.07228304e-02,
       -9.72322095e-03, 9.99951422e-01, -1.62086845e-03, 3.07056662e-02,
       1.91875244e-03, 9.99526620e-01 ]
