%YAML:1.0
---
Q: !!opencv-matrix
   rows: 4
   cols: 4
   dt: f
   data: [ 1., 0., 0., -4.26503815e+02, 0., 1., 0., -2.41958649e+02, 0.,
       0., 0., 3.53234558e+02, 0., 0., 6.07984001e-03, 0. ]
R: !!opencv-matrix
   rows: 3
   cols: 3
   dt: d
   data: [ 9.9961793654164621e-01, 1.8945221336394594e-03,
       1.3604022767102850e-03, -3.5535145048595390e-03,
       1.0017445346399647e+00, 2.6876086464180477e-03,
       -3.5996130513498729e-03, -4.7586495265853302e-03,
       9.9998961145006726e-01 ]
T: !!opencv-matrix
   rows: 3
   cols: 1
   dt: d
   data: [ -1.6618859509356773e+02, 7.2046132124353701e-01,
       9.6378393472144026e+00 ]
E: !!opencv-matrix
   rows: 0
   cols: 0
   dt: u
   data: []
F: !!opencv-matrix
   rows: 0
   cols: 0
   dt: u
   data: []
K1: !!opencv-matrix
   rows: 3
   cols: 3
   dt: d
   data: [ 3.6701875180413612e+02, 0., 3.9037664016115195e+02, 0.,
       3.6716204186372624e+02, 2.4338910080475119e+02, 0., 0., 1. ]
D1: !!opencv-matrix
   rows: 5
   cols: 1
   dt: d
   data: [ -2.4607421185303142e-02, 6.4808671343714744e-04,
       1.1083256569659741e-03, -3.8146776821432244e-05,
       4.7547507517400993e-05 ]
P1: !!opencv-matrix
   rows: 3
   cols: 4
   dt: f
   data: [ 3.53234558e+02, 0., 4.26503815e+02, 0., 0., 3.53234558e+02,
       2.41958649e+02, 0., 0., 0., 1., 0. ]
R1: !!opencv-matrix
   rows: 3
   cols: 3
   dt: f
   data: [ 9.99138236e-01, -1.68407805e-05, -4.15069722e-02,
       8.88926152e-05, 9.99998510e-01, 1.73405220e-03, 4.15068790e-02,
       -1.73624756e-03, 9.99136686e-01 ]
K2: !!opencv-matrix
   rows: 3
   cols: 3
   dt: d
   data: [ 3.6634490901067966e+02, 0., 3.9259549032746332e+02, 0.,
       3.6656633165683280e+02, 2.3935289141635988e+02, 0., 0., 1. ]
D2: !!opencv-matrix
   rows: 5
   cols: 1
   dt: d
   data: [ -2.4382727863946366e-02, 2.3985110129057631e-04,
       -3.0263975945863427e-04, -1.9949004863733616e-04,
       1.3475004328980761e-04 ]
P2: !!opencv-matrix
   rows: 3
   cols: 4
   dt: f
   data: [ 3.53234558e+02, 0., 4.26503815e+02, -5.80993203e+04, 0.,
       3.53234558e+02, 2.41958649e+02, 0., 0., 0., 1., 0. ]
R2: !!opencv-matrix
   rows: 3
   cols: 3
   dt: f
   data: [ 9.99038577e-01, -2.76620197e-03, -4.37530205e-02,
       2.69024516e-03, 9.99994755e-01, -1.79482263e-03, 4.37577590e-02,
       1.67539064e-03, 9.99040782e-01 ]
