%YAML:1.0
---
Q: !!opencv-matrix
   rows: 4
   cols: 4
   dt: f
   data: [ 1., 0., 0., -5.05372711e+02, 0., 1., 0., -2.40616409e+02, 0.,
       0., 0., 3.50930450e+02, 0., 0., 4.19025123e-02, 0. ]
R: !!opencv-matrix
   rows: 3
   cols: 3
   dt: d
   data: [ 1.0028940230180652e+00, 1.3819455203651955e-03,
       8.3377012136536476e-04, -3.7667019643495493e-03,
       1.0076402303407315e+00, 3.3430773485349017e-03,
       -3.0641369636992943e-03, -6.1473470333086103e-03,
       1.0033163952021285e+00 ]
T: !!opencv-matrix
   rows: 3
   cols: 1
   dt: d
   data: [ -2.3340456728903572e+01, -4.2926078856797117e-01,
       3.0550386196533572e+00 ]
E: !!opencv-matrix
   rows: 0
   cols: 0
   dt: u
   data: []
F: !!opencv-matrix
   rows: 0
   cols: 0
   dt: u
   data: []
K1: !!opencv-matrix
   rows: 3
   cols: 3
   dt: d
   data: [ 3.6701875180413612e+02, 0., 3.9037664016115195e+02, 0.,
       3.6716204186372624e+02, 2.4338910080475119e+02, 0., 0., 1. ]
D1: !!opencv-matrix
   rows: 5
   cols: 1
   dt: d
   data: [ -2.4607421185303142e-02, 6.4808671343714744e-04,
       1.1083256569659741e-03, -3.8146776821432244e-05,
       4.7547507517400993e-05 ]
P1: !!opencv-matrix
   rows: 3
   cols: 4
   dt: f
   data: [ 3.50930450e+02, 0., 5.05372711e+02, 0., 0., 3.50930450e+02,
       2.40616409e+02, 0., 0., 0., 1., 0. ]
R1: !!opencv-matrix
   rows: 3
   cols: 3
   dt: f
   data: [ 9.90544200e-01, 1.66801643e-02, -1.36176139e-01,
       -1.63675696e-02, 9.99860227e-01, 3.41492100e-03, 1.36214063e-01,
       -1.15375768e-03, 9.90678728e-01 ]
K2: !!opencv-matrix
   rows: 3
   cols: 3
   dt: d
   data: [ 3.6634490901067966e+02, 0., 3.9259549032746332e+02, 0.,
       3.6656633165683280e+02, 2.3935289141635988e+02, 0., 0., 1. ]
D2: !!opencv-matrix
   rows: 5
   cols: 1
   dt: d
   data: [ -2.4382727863946366e-02, 2.3985110129057631e-04,
       -3.0263975945863427e-04, -1.9949004863733616e-04,
       1.3475004328980761e-04 ]
P2: !!opencv-matrix
   rows: 3
   cols: 4
   dt: f
   data: [ 3.50930450e+02, 0., 5.05372711e+02, -8.37492676e+03, 0.,
       3.50930450e+02, 2.40616409e+02, 0., 0., 0., 1., 0. ]
R2: !!opencv-matrix
   rows: 3
   cols: 3
   dt: f
   data: [ 9.90300357e-01, 1.34196198e-02, -1.38293713e-01,
       -1.37370145e-02, 9.99904752e-01, -1.34083093e-03, 1.38262540e-01,
       3.22756800e-03, 9.90390360e-01 ]
