%YAML:1.0
---
Q: !!opencv-matrix
   rows: 4
   cols: 4
   dt: f
   data: [ 1., 0., 0., -5.00005707e+02, 0., 1., 0., -2.40849854e+02, 0.,
       0., 0., 3.50793335e+02, 0., 0., 4.42025885e-02, 0. ]
R: !!opencv-matrix
   rows: 3
   cols: 3
   dt: d
   data: [ 1.0034596948543881e+00, 3.7135515443039460e-04,
       -1.0128429776183876e-03, -3.7445091539555363e-03,
       1.0075406862640874e+00, 2.8122477391595920e-03,
       -3.3803357233469548e-03, -6.6749959073901218e-03,
       1.0029727809545010e+00 ]
T: !!opencv-matrix
   rows: 3
   cols: 1
   dt: d
   data: [ -2.2802851434569060e+01, -2.9258505955305818e-02,
       3.6156466445352393e+00 ]
E: !!opencv-matrix
   rows: 0
   cols: 0
   dt: u
   data: []
F: !!opencv-matrix
   rows: 0
   cols: 0
   dt: u
   data: []
K1: !!opencv-matrix
   rows: 3
   cols: 3
   dt: d
   data: [ 3.6701875180413612e+02, 0., 3.9037664016115195e+02, 0.,
       3.6716204186372624e+02, 2.4338910080475119e+02, 0., 0., 1. ]
D1: !!opencv-matrix
   rows: 5
   cols: 1
   dt: d
   data: [ -2.4607421185303142e-02, 6.4808671343714744e-04,
       1.1083256569659741e-03, -3.8146776821432244e-05,
       4.7547507517400993e-05 ]
P1: !!opencv-matrix
   rows: 3
   cols: 4
   dt: f
   data: [ 3.50793335e+02, 0., 5.00005707e+02, 0., 0., 3.50793335e+02,
       2.40849854e+02, 0., 0., 0., 1., 0. ]
R1: !!opencv-matrix
   rows: 3
   cols: 3
   dt: f
   data: [ 9.91324425e-01, 1.41488379e-02, -1.30674198e-01,
       -1.38643626e-02, 9.99899149e-01, 3.08652432e-03, 1.30704686e-01,
       -1.24803232e-03, 9.91420567e-01 ]
K2: !!opencv-matrix
   rows: 3
   cols: 3
   dt: d
   data: [ 3.6634490901067966e+02, 0., 3.9259549032746332e+02, 0.,
       3.6656633165683280e+02, 2.3935289141635988e+02, 0., 0., 1. ]
D2: !!opencv-matrix
   rows: 5
   cols: 1
   dt: d
   data: [ -2.4382727863946366e-02, 2.3985110129057631e-04,
       -3.0263975945863427e-04, -1.9949004863733616e-04,
       1.3475004328980761e-04 ]
P2: !!opencv-matrix
   rows: 3
   cols: 4
   dt: f
   data: [ 3.50793335e+02, 0., 5.00005707e+02, -7.93603613e+03, 0.,
       3.50793335e+02, 2.40849854e+02, 0., 0., 0., 1., 0. ]
R2: !!opencv-matrix
   rows: 3
   cols: 3
   dt: f
   data: [ 9.91232038e-01, 1.16567239e-02, -1.31617397e-01,
       -1.19431978e-02, 9.99927700e-01, -1.38734386e-03, 1.31591707e-01,
       2.94711208e-03, 9.91299629e-01 ]
