%YAML:1.0
---
Q: !!opencv-matrix
   rows: 4
   cols: 4
   dt: f
   data: [ 1., 0., 0., -4.02528900e+02, 0., 1., 0., -2.41346573e+02, 0.,
       0., 0., 3.54216095e+02, 0., 0., 6.24689413e-03, 0. ]
R: !!opencv-matrix
   rows: 3
   cols: 3
   dt: d
   data: [ 9.9994790691697166e-01, 3.1888224809734286e-03,
       2.9324223975178165e-03, -3.4441118929615182e-03,
       1.0013174456790226e+00, 3.2867383789380966e-03,
       -3.6134899169065313e-03, -3.8466039878506074e-03,
       9.9994896738807515e-01 ]
T: !!opencv-matrix
   rows: 3
   cols: 1
   dt: d
   data: [ -1.6087087585878291e+02, -3.0171474943641283e+00,
       3.5904763480173618e+00 ]
E: !!opencv-matrix
   rows: 0
   cols: 0
   dt: u
   data: []
F: !!opencv-matrix
   rows: 0
   cols: 0
   dt: u
   data: []
K1: !!opencv-matrix
   rows: 3
   cols: 3
   dt: d
   data: [ 3.6701875180413612e+02, 0., 3.9037664016115195e+02, 0.,
       3.6716204186372624e+02, 2.4338910080475119e+02, 0., 0., 1. ]
D1: !!opencv-matrix
   rows: 5
   cols: 1
   dt: d
   data: [ -2.4607421185303142e-02, 6.4808671343714744e-04,
       1.1083256569659741e-03, -3.8146776821432244e-05,
       4.7547507517400993e-05 ]
P1: !!opencv-matrix
   rows: 3
   cols: 4
   dt: f
   data: [ 3.54216095e+02, 0., 4.02528900e+02, 0., 0., 3.54216095e+02,
       2.41346573e+02, 0., 0., 0., 1., 0. ]
R1: !!opencv-matrix
   rows: 3
   cols: 3
   dt: f
   data: [ 9.99639213e-01, 2.46756859e-02, -1.06077734e-02,
       -2.46576108e-02, 9.99694288e-01, 1.83138100e-03, 1.06497211e-02,
       -1.56915793e-03, 9.99942064e-01 ]
K2: !!opencv-matrix
   rows: 3
   cols: 3
   dt: d
   data: [ 3.6634490901067966e+02, 0., 3.9259549032746332e+02, 0.,
       3.6656633165683280e+02, 2.3935289141635988e+02, 0., 0., 1. ]
D2: !!opencv-matrix
   rows: 5
   cols: 1
   dt: d
   data: [ -2.4382727863946366e-02, 2.3985110129057631e-04,
       -3.0263975945863427e-04, -1.9949004863733616e-04,
       1.3475004328980761e-04 ]
P2: !!opencv-matrix
   rows: 3
   cols: 4
   dt: f
   data: [ 3.54216095e+02, 0., 4.02528900e+02, -5.67027539e+04, 0.,
       3.54216095e+02, 2.41346573e+02, 0., 0., 0., 1., 0. ]
R2: !!opencv-matrix
   rows: 3
   cols: 3
   dt: f
   data: [ 9.99675274e-01, 2.13841125e-02, -1.38588045e-02,
       -2.14076508e-02, 9.99769628e-01, -1.55219459e-03, 1.38224196e-02,
       1.84837496e-03, 9.99902785e-01 ]
