%YAML:1.0
---
Q: !!opencv-matrix
   rows: 4
   cols: 4
   dt: f
   data: [ 1., 0., 0., -4.71362091e+02, 0., 1., 0., -2.42876495e+02, 0.,
       0., 0., 3.53529694e+02, 0., 0., 6.00370485e-03, 0. ]
R: !!opencv-matrix
   rows: 3
   cols: 3
   dt: d
   data: [ 1.0006216319512948e+00, 2.5131571457049666e-03,
       1.9313781426397716e-03, -3.4189003647824697e-03,
       1.0020509584187984e+00, 2.2517462048102141e-03,
       -3.4175084821347762e-03, -6.0278515029298495e-03,
       9.9919653210357040e-01 ]
T: !!opencv-matrix
   rows: 3
   cols: 1
   dt: d
   data: [ -1.6561709894641413e+02, 3.1145553790810565e+00,
       1.7529021085283258e+01 ]
E: !!opencv-matrix
   rows: 0
   cols: 0
   dt: u
   data: []
F: !!opencv-matrix
   rows: 0
   cols: 0
   dt: u
   data: []
K1: !!opencv-matrix
   rows: 3
   cols: 3
   dt: d
   data: [ 3.6701875180413612e+02, 0., 3.9037664016115195e+02, 0.,
       3.6716204186372624e+02, 2.4338910080475119e+02, 0., 0., 1. ]
D1: !!opencv-matrix
   rows: 5
   cols: 1
   dt: d
   data: [ -2.4607421185303142e-02, 6.4808671343714744e-04,
       1.1083256569659741e-03, -3.8146776821432244e-05,
       4.7547507517400993e-05 ]
P1: !!opencv-matrix
   rows: 3
   cols: 4
   dt: f
   data: [ 3.53529694e+02, 0., 4.71362091e+02, 0., 0., 3.53529694e+02,
       2.42876495e+02, 0., 0., 0., 1., 0. ]
R1: !!opencv-matrix
   rows: 3
   cols: 3
   dt: f
   data: [ 9.95268524e-01, -1.17764911e-02, -9.64462459e-02,
       1.19692441e-02, 9.99927342e-01, 1.42023584e-03, 9.64225158e-02,
       -2.56790477e-03, 9.95337188e-01 ]
K2: !!opencv-matrix
   rows: 3
   cols: 3
   dt: d
   data: [ 3.6634490901067966e+02, 0., 3.9259549032746332e+02, 0.,
       3.6656633165683280e+02, 2.3935289141635988e+02, 0., 0., 1. ]
D2: !!opencv-matrix
   rows: 5
   cols: 1
   dt: d
   data: [ -2.4382727863946366e-02, 2.3985110129057631e-04,
       -3.0263975945863427e-04, -1.9949004863733616e-04,
       1.3475004328980761e-04 ]
P2: !!opencv-matrix
   rows: 3
   cols: 4
   dt: f
   data: [ 3.53529694e+02, 0., 4.71362091e+02, -5.88852539e+04, 0.,
       3.53529694e+02, 2.42876495e+02, 0., 0., 0., 1., 0. ]
R2: !!opencv-matrix
   rows: 3
   cols: 3
   dt: f
   data: [ 9.94970381e-01, -1.50969047e-02, -9.90256444e-02,
       1.48989270e-02, 9.99885261e-01, -2.73849606e-03, 9.90556255e-02,
       1.24934665e-03, 9.95081127e-01 ]
