%YAML:1.0
---
Q: !!opencv-matrix
   rows: 4
   cols: 4
   dt: f
   data: [ 1., 0., 0., -4.62970551e+02, 0., 1., 0., -2.42419724e+02, 0.,
       0., 0., 3.52990204e+02, 0., 0., 6.00766437e-03, 0. ]
R: !!opencv-matrix
   rows: 3
   cols: 3
   dt: d
   data: [ 1.0005284919991910e+00, 2.4484731829981501e-03,
       1.8728055055061211e-03, -3.4209654668354850e-03,
       1.0020308369997155e+00, 2.3527194354127862e-03,
       -3.4149363452675818e-03, -5.9007672588503755e-03,
       9.9926637030842880e-01 ]
T: !!opencv-matrix
   rows: 3
   cols: 1
   dt: d
   data: [ -1.6572606094018352e+02, 2.5145980610158092e+00,
       1.6494089376915820e+01 ]
E: !!opencv-matrix
   rows: 0
   cols: 0
   dt: u
   data: []
F: !!opencv-matrix
   rows: 0
   cols: 0
   dt: u
   data: []
K1: !!opencv-matrix
   rows: 3
   cols: 3
   dt: d
   data: [ 3.6701875180413612e+02, 0., 3.9037664016115195e+02, 0.,
       3.6716204186372624e+02, 2.4338910080475119e+02, 0., 0., 1. ]
D1: !!opencv-matrix
   rows: 5
   cols: 1
   dt: d
   data: [ -2.4607421185303142e-02, 6.4808671343714744e-04,
       1.1083256569659741e-03, -3.8146776821432244e-05,
       4.7547507517400993e-05 ]
P1: !!opencv-matrix
   rows: 3
   cols: 4
   dt: f
   data: [ 3.52990204e+02, 0., 4.62970551e+02, 0., 0., 3.52990204e+02,
       2.42419724e+02, 0., 0., 0., 1., 0. ]
R1: !!opencv-matrix
   rows: 3
   cols: 3
   dt: f
   data: [ 9.96247888e-01, -5.95826097e-03, -8.63404572e-02,
       6.12883363e-03, 9.99979734e-01, 1.71063759e-03, 8.63285139e-02,
       -2.23338534e-03, 9.96264219e-01 ]
K2: !!opencv-matrix
   rows: 3
   cols: 3
   dt: d
   data: [ 3.6634490901067966e+02, 0., 3.9259549032746332e+02, 0.,
       3.6656633165683280e+02, 2.3935289141635988e+02, 0., 0., 1. ]
D2: !!opencv-matrix
   rows: 5
   cols: 1
   dt: d
   data: [ -2.4382727863946366e-02, 2.3985110129057631e-04,
       -3.0263975945863427e-04, -1.9949004863733616e-04,
       1.3475004328980761e-04 ]
P2: !!opencv-matrix
   rows: 3
   cols: 4
   dt: f
   data: [ 3.52990204e+02, 0., 4.62970551e+02, -5.87566445e+04, 0.,
       3.52990204e+02, 2.42419724e+02, 0., 0., 0., 1., 0. ]
R2: !!opencv-matrix
   rows: 3
   cols: 3
   dt: f
   data: [ 9.95995760e-01, -9.22222529e-03, -8.89238119e-02,
       9.04650800e-03, 9.99956250e-01, -2.37887469e-03, 8.89418572e-02,
       1.56489923e-03, 9.96035576e-01 ]
