%YAML:1.0
---
Q: !!opencv-matrix
   rows: 4
   cols: 4
   dt: f
   data: [ 1., 0., 0., -4.72755859e+02, 0., 1., 0., -2.42559860e+02, 0.,
       0., 0., 3.52335388e+02, 0., 0., 3.42336446e-02, 0. ]
R: !!opencv-matrix
   rows: 3
   cols: 3
   dt: d
   data: [ 1.0023980625158737e+00, 7.5344506890006983e-04,
       2.0938717342218813e-04, -3.6304139816920999e-03,
       1.0060839311975105e+00, 2.5366245574141751e-03,
       -3.4450637366762642e-03, -5.5277198330077378e-03,
       1.0034697152845675e+00 ]
T: !!opencv-matrix
   rows: 3
   cols: 1
   dt: d
   data: [ -2.9235341932676167e+01, 2.3184929219287789e-01,
       2.7670014090485124e+00 ]
E: !!opencv-matrix
   rows: 0
   cols: 0
   dt: u
   data: []
F: !!opencv-matrix
   rows: 0
   cols: 0
   dt: u
   data: []
K1: !!opencv-matrix
   rows: 3
   cols: 3
   dt: d
   data: [ 3.6701875180413612e+02, 0., 3.9037664016115195e+02, 0.,
       3.6716204186372624e+02, 2.4338910080475119e+02, 0., 0., 1. ]
D1: !!opencv-matrix
   rows: 5
   cols: 1
   dt: d
   data: [ -2.4607421185303142e-02, 6.4808671343714744e-04,
       1.1083256569659741e-03, -3.8146776821432244e-05,
       4.7547507517400993e-05 ]
P1: !!opencv-matrix
   rows: 3
   cols: 4
   dt: f
   data: [ 3.52335388e+02, 0., 4.72755859e+02, 0., 0., 3.52335388e+02,
       2.42559860e+02, 0., 0., 0., 1., 0. ]
R1: !!opencv-matrix
   rows: 3
   cols: 3
   dt: f
   data: [ 9.95098710e-01, -7.47084990e-03, -9.86039937e-02,
       7.66878948e-03, 9.99969244e-01, 1.62855489e-03, 9.85888019e-02,
       -2.37674615e-03, 9.95125413e-01 ]
K2: !!opencv-matrix
   rows: 3
   cols: 3
   dt: d
   data: [ 3.6634490901067966e+02, 0., 3.9259549032746332e+02, 0.,
       3.6656633165683280e+02, 2.3935289141635988e+02, 0., 0., 1. ]
D2: !!opencv-matrix
   rows: 5
   cols: 1
   dt: d
   data: [ -2.4382727863946366e-02, 2.3985110129057631e-04,
       -3.0263975945863427e-04, -1.9949004863733616e-04,
       1.3475004328980761e-04 ]
P2: !!opencv-matrix
   rows: 3
   cols: 4
   dt: f
   data: [ 3.52335388e+02, 0., 4.72755859e+02, -1.02920791e+04, 0.,
       3.52335388e+02, 2.42559860e+02, 0., 0., 0., 1., 0. ]
R2: !!opencv-matrix
   rows: 3
   cols: 3
   dt: f
   data: [ 9.94920313e-01, -9.98777244e-03, -1.00169197e-01,
       9.78664681e-03, 9.99948978e-01, -2.49906862e-03, 1.00189045e-01,
       1.50605338e-03, 9.94967282e-01 ]
