%YAML:1.0
---
Q: !!opencv-matrix
   rows: 4
   cols: 4
   dt: f
   data: [ 1., 0., 0., -5.43071472e+02, 0., 1., 0., -2.45057388e+02, 0.,
       0., 0., 3.51924957e+02, 0., 0., 1.25661483e-02, 0. ]
R: !!opencv-matrix
   rows: 3
   cols: 3
   dt: d
   data: [ 1.0030329322647287e+00, -3.0256498676558543e-03,
       -4.0935842156414968e-03, -2.8782288992977106e-03,
       1.0024721215531514e+00, 2.1346431893247936e-03,
       -2.7404244365493192e-03, -8.5771950157197269e-03,
       9.9934156597865675e-01 ]
T: !!opencv-matrix
   rows: 3
   cols: 1
   dt: d
   data: [ -7.6938219961020252e+01, 2.2647021849648334e+00,
       1.4701079273070826e+01 ]
E: !!opencv-matrix
   rows: 0
   cols: 0
   dt: u
   data: []
F: !!opencv-matrix
   rows: 0
   cols: 0
   dt: u
   data: []
K1: !!opencv-matrix
   rows: 3
   cols: 3
   dt: d
   data: [ 3.6701875180413612e+02, 0., 3.9037664016115195e+02, 0.,
       3.6716204186372624e+02, 2.4338910080475119e+02, 0., 0., 1. ]
D1: !!opencv-matrix
   rows: 5
   cols: 1
   dt: d
   data: [ -2.4607421185303142e-02, 6.4808671343714744e-04,
       1.1083256569659741e-03, -3.8146776821432244e-05,
       4.7547507517400993e-05 ]
P1: !!opencv-matrix
   rows: 3
   cols: 4
   dt: f
   data: [ 3.51924957e+02, 0., 5.43071472e+02, 0., 0., 3.51924957e+02,
       2.45057388e+02, 0., 0., 0., 1., 0. ]
R1: !!opencv-matrix
   rows: 3
   cols: 3
   dt: f
   data: [ 9.83551562e-01, -2.50679757e-02, -1.78879723e-01,
       2.55448930e-02, 9.99673605e-01, 3.62957449e-04, 1.78812236e-01,
       -4.92645102e-03, 9.83870864e-01 ]
K2: !!opencv-matrix
   rows: 3
   cols: 3
   dt: d
   data: [ 3.6634490901067966e+02, 0., 3.9259549032746332e+02, 0.,
       3.6656633165683280e+02, 2.3935289141635988e+02, 0., 0., 1. ]
D2: !!opencv-matrix
   rows: 5
   cols: 1
   dt: d
   data: [ -2.4382727863946366e-02, 2.3985110129057631e-04,
       -3.0263975945863427e-04, -1.9949004863733616e-04,
       1.3475004328980761e-04 ]
P2: !!opencv-matrix
   rows: 3
   cols: 4
   dt: f
   data: [ 3.51924957e+02, 0., 5.43071472e+02, -2.80057930e+04, 0.,
       3.51924957e+02, 2.45057388e+02, 0., 0., 0., 1., 0. ]
R2: !!opencv-matrix
   rows: 3
   cols: 3
   dt: f
   data: [ 9.83671188e-01, -2.61603408e-02, -1.78063527e-01,
       2.56854314e-02, 9.99657691e-01, -4.97219805e-03, 1.78132638e-01,
       3.17369733e-04, 9.84006405e-01 ]
