%YAML:1.0
---
Q: !!opencv-matrix
   rows: 4
   cols: 4
   dt: f
   data: [ 1., 0., 0., -5.56857483e+02, 0., 1., 0., -2.47233368e+02, 0.,
       0., 0., 3.57267059e+02, 0., 0., 2.95294654e-02, 0. ]
R: !!opencv-matrix
   rows: 3
   cols: 3
   dt: d
   data: [ 1.0027458916874119e+00, 2.5874285003831148e-03,
       1.8739187626978552e-03, -3.3887062193122034e-03,
       1.0074371900692765e+00, 1.5584717149434556e-03,
       -3.4335588787081208e-03, -8.9952625931309180e-03,
       1.0024699988354029e+00 ]
T: !!opencv-matrix
   rows: 3
   cols: 1
   dt: d
   data: [ -3.3189864817751072e+01, 1.4476786680915470e+00,
       6.5681168296575372e+00 ]
E: !!opencv-matrix
   rows: 0
   cols: 0
   dt: u
   data: []
F: !!opencv-matrix
   rows: 0
   cols: 0
   dt: u
   data: []
K1: !!opencv-matrix
   rows: 3
   cols: 3
   dt: d
   data: [ 3.6701875180413612e+02, 0., 3.9037664016115195e+02, 0.,
       3.6716204186372624e+02, 2.4338910080475119e+02, 0., 0., 1. ]
D1: !!opencv-matrix
   rows: 5
   cols: 1
   dt: d
   data: [ -2.4607421185303142e-02, 6.4808671343714744e-04,
       1.1083256569659741e-03, -3.8146776821432244e-05,
       4.7547507517400993e-05 ]
P1: !!opencv-matrix
   rows: 3
   cols: 4
   dt: f
   data: [ 3.57267059e+02, 0., 5.56857483e+02, 0., 0., 3.57267059e+02,
       2.47233368e+02, 0., 0., 0., 1., 0. ]
R1: !!opencv-matrix
   rows: 3
   cols: 3
   dt: f
   data: [ 9.80711758e-01, -3.88197266e-02, -1.91565752e-01,
       3.92999314e-02, 9.99226630e-01, -1.29354314e-03, 1.91467807e-01,
       -6.25992753e-03, 9.81478930e-01 ]
K2: !!opencv-matrix
   rows: 3
   cols: 3
   dt: d
   data: [ 3.6634490901067966e+02, 0., 3.9259549032746332e+02, 0.,
       3.6656633165683280e+02, 2.3935289141635988e+02, 0., 0., 1. ]
D2: !!opencv-matrix
   rows: 5
   cols: 1
   dt: d
   data: [ -2.4382727863946366e-02, 2.3985110129057631e-04,
       -3.0263975945863427e-04, -1.9949004863733616e-04,
       1.3475004328980761e-04 ]
P2: !!opencv-matrix
   rows: 3
   cols: 4
   dt: f
   data: [ 3.57267059e+02, 0., 5.56857483e+02, -1.20986631e+04, 0.,
       3.57267059e+02, 2.47233368e+02, 0., 0., 0., 1., 0. ]
R2: !!opencv-matrix
   rows: 3
   cols: 3
   dt: f
   data: [ 9.80078936e-01, -4.27491777e-02, -1.93952978e-01,
       4.22626510e-02, 9.99084413e-01, -6.64749136e-03, 1.94059566e-01,
       -1.68190070e-03, 9.80988324e-01 ]
