%YAML:1.0
---
Q: !!opencv-matrix
   rows: 4
   cols: 4
   dt: f
   data: [ 1., 0., 0., -5.07352417e+02, 0., 1., 0., -2.41886139e+02, 0.,
       0., 0., 3.48142548e+02, 0., 0., 4.28933538e-02, 0. ]
R: !!opencv-matrix
   rows: 3
   cols: 3
   dt: d
   data: [ 1.0024851889014901e+00, 2.0388926499373554e-04,
       -2.4132172202058692e-03, -3.7955323774258210e-03,
       1.0073527079042826e+00, 2.7498875026933001e-03,
       -3.4007451069920720e-03, -6.3234472207480789e-03,
       1.0036787065333557e+00 ]
T: !!opencv-matrix
   rows: 3
   cols: 1
   dt: d
   data: [ -2.2887625223966413e+01, 3.1248107260904340e-02,
       3.1982859785828670e+00 ]
E: !!opencv-matrix
   rows: 0
   cols: 0
   dt: u
   data: []
F: !!opencv-matrix
   rows: 0
   cols: 0
   dt: u
   data: []
K1: !!opencv-matrix
   rows: 3
   cols: 3
   dt: d
   data: [ 3.6701875180413612e+02, 0., 3.9037664016115195e+02, 0.,
       3.6716204186372624e+02, 2.4338910080475119e+02, 0., 0., 1. ]
D1: !!opencv-matrix
   rows: 5
   cols: 1
   dt: d
   data: [ -2.4607421185303142e-02, 6.4808671343714744e-04,
       1.1083256569659741e-03, -3.8146776821432244e-05,
       4.7547507517400993e-05 ]
P1: !!opencv-matrix
   rows: 3
   cols: 4
   dt: f
   data: [ 3.48142548e+02, 0., 5.07352417e+02, 0., 0., 3.48142548e+02,
       2.41886139e+02, 0., 0., 0., 1., 0. ]
R1: !!opencv-matrix
   rows: 3
   cols: 3
   dt: f
   data: [ 9.90249097e-01, 2.50779465e-03, -1.39285550e-01,
       -2.19935831e-03, 9.99994755e-01, 2.36829417e-03, 1.39290765e-01,
       -2.03886232e-03, 9.90249455e-01 ]
K2: !!opencv-matrix
   rows: 3
   cols: 3
   dt: d
   data: [ 3.6634490901067966e+02, 0., 3.9259549032746332e+02, 0.,
       3.6656633165683280e+02, 2.3935289141635988e+02, 0., 0., 1. ]
D2: !!opencv-matrix
   rows: 5
   cols: 1
   dt: d
   data: [ -2.4382727863946366e-02, 2.3985110129057631e-04,
       -3.0263975945863427e-04, -1.9949004863733616e-04,
       1.3475004328980761e-04 ]
P2: !!opencv-matrix
   rows: 3
   cols: 4
   dt: f
   data: [ 3.48142548e+02, 0., 5.07352417e+02, -8.11646875e+03, 0.,
       3.48142548e+02, 2.41886139e+02, 0., 0., 0., 1., 0. ]
R2: !!opencv-matrix
   rows: 3
   cols: 3
   dt: f
   data: [ 9.90189493e-01, -6.73367176e-05, -1.39730841e-01,
       -2.42084483e-04, 9.99997556e-01, -2.19741068e-03, 1.39730647e-01,
       2.20967992e-03, 9.90187109e-01 ]
