%YAML:1.0
---
Q: !!opencv-matrix
   rows: 4
   cols: 4
   dt: f
   data: [ 1., 0., 0., -4.60186462e+02, 0., 1., 0., -2.42621750e+02, 0.,
       0., 0., 3.53504547e+02, 0., 0., 6.16606371e-03, 0. ]
R: !!opencv-matrix
   rows: 3
   cols: 3
   dt: d
   data: [ 9.9911554533256608e-01, 2.4749914639502829e-03,
       2.2906662455960225e-03, -3.6903684897902707e-03,
       1.0023007770690979e+00, 3.1454167712112267e-03,
       -3.6497928124053967e-03, -4.7994804476460965e-03,
       1.0001955713565038e+00 ]
T: !!opencv-matrix
   rows: 3
   cols: 1
   dt: d
   data: [ -1.6237799777552439e+02, -1.9764921709284546e+00,
       8.9402672046407261e+00 ]
E: !!opencv-matrix
   rows: 0
   cols: 0
   dt: u
   data: []
F: !!opencv-matrix
   rows: 0
   cols: 0
   dt: u
   data: []
K1: !!opencv-matrix
   rows: 3
   cols: 3
   dt: d
   data: [ 3.6701875180413612e+02, 0., 3.9037664016115195e+02, 0.,
       3.6716204186372624e+02, 2.4338910080475119e+02, 0., 0., 1. ]
D1: !!opencv-matrix
   rows: 5
   cols: 1
   dt: d
   data: [ -2.4607421185303142e-02, 6.4808671343714744e-04,
       1.1083256569659741e-03, -3.8146776821432244e-05,
       4.7547507517400993e-05 ]
P1: !!opencv-matrix
   rows: 3
   cols: 4
   dt: f
   data: [ 3.53504547e+02, 0., 4.60186462e+02, 0., 0., 3.53504547e+02,
       2.42621750e+02, 0., 0., 0., 1., 0. ]
R1: !!opencv-matrix
   rows: 3
   cols: 3
   dt: f
   data: [ 9.96496916e-01, -9.58586391e-03, -8.30785260e-02,
       9.74536035e-03, 9.99951363e-01, 1.51451025e-03, 8.30599666e-02,
       -2.31883489e-03, 9.96541858e-01 ]
K2: !!opencv-matrix
   rows: 3
   cols: 3
   dt: d
   data: [ 3.6634490901067966e+02, 0., 3.9259549032746332e+02, 0.,
       3.6656633165683280e+02, 2.3935289141635988e+02, 0., 0., 1. ]
D2: !!opencv-matrix
   rows: 5
   cols: 1
   dt: d
   data: [ -2.4382727863946366e-02, 2.3985110129057631e-04,
       -3.0263975945863427e-04, -1.9949004863733616e-04,
       1.3475004328980761e-04 ]
P2: !!opencv-matrix
   rows: 3
   cols: 4
   dt: f
   data: [ 3.53504547e+02, 0., 4.60186462e+02, -5.73306719e+04, 0.,
       3.53504547e+02, 2.42621750e+02, 0., 0., 0., 1., 0. ]
R2: !!opencv-matrix
   rows: 3
   cols: 3
   dt: f
   data: [ 9.96259809e-01, -1.26915025e-02, -8.54709223e-02,
       1.25273615e-02, 9.99918520e-01, -2.45651533e-03, 8.54951367e-02,
       1.37660233e-03, 9.96337652e-01 ]
