%YAML:1.0
---
Q: !!opencv-matrix
   rows: 4
   cols: 4
   dt: f
   data: [ 1., 0., 0., -4.78258240e+02, 0., 1., 0., -2.39237518e+02, 0.,
       0., 0., 3.56412750e+02, 0., 0., 1.21167880e-02, 0. ]
R: !!opencv-matrix
   rows: 3
   cols: 3
   dt: d
   data: [ 1.0022453679356327e+00, 3.9499137931387259e-03,
       4.4321663139615325e-03, -3.5313188946337723e-03,
       1.0046398362858584e+00, 3.7539482858002233e-03,
       -3.1289415431559444e-03, -7.1016050021742898e-03,
       9.9977171818208788e-01 ]
T: !!opencv-matrix
   rows: 3
   cols: 1
   dt: d
   data: [ -8.1200336000955630e+01, -2.8358681046109364e+00,
       9.0302641362356812e+00 ]
E: !!opencv-matrix
   rows: 0
   cols: 0
   dt: u
   data: []
F: !!opencv-matrix
   rows: 0
   cols: 0
   dt: u
   data: []
K1: !!opencv-matrix
   rows: 3
   cols: 3
   dt: d
   data: [ 3.6701875180413612e+02, 0., 3.9037664016115195e+02, 0.,
       3.6716204186372624e+02, 2.4338910080475119e+02, 0., 0., 1. ]
D1: !!opencv-matrix
   rows: 5
   cols: 1
   dt: d
   data: [ -2.4607421185303142e-02, 6.4808671343714744e-04,
       1.1083256569659741e-03, -3.8146776821432244e-05,
       4.7547507517400993e-05 ]
P1: !!opencv-matrix
   rows: 3
   cols: 4
   dt: f
   data: [ 3.56412750e+02, 0., 4.78258240e+02, 0., 0., 3.56412750e+02,
       2.39237518e+02, 0., 0., 0., 1., 0. ]
R1: !!opencv-matrix
   rows: 3
   cols: 3
   dt: f
   data: [ 9.93837655e-01, 3.90381068e-02, -1.03743427e-01,
       -3.87699567e-02, 9.99237597e-01, 4.60075587e-03, 1.03843935e-01,
       -5.50276251e-04, 9.94593441e-01 ]
K2: !!opencv-matrix
   rows: 3
   cols: 3
   dt: d
   data: [ 3.6634490901067966e+02, 0., 3.9259549032746332e+02, 0.,
       3.6656633165683280e+02, 2.3935289141635988e+02, 0., 0., 1. ]
D2: !!opencv-matrix
   rows: 5
   cols: 1
   dt: d
   data: [ -2.4382727863946366e-02, 2.3985110129057631e-04,
       -3.0263975945863427e-04, -1.9949004863733616e-04,
       1.3475004328980761e-04 ]
P2: !!opencv-matrix
   rows: 3
   cols: 4
   dt: f
   data: [ 3.56412750e+02, 0., 4.78258240e+02, -2.94147891e+04, 0.,
       3.56412750e+02, 2.39237518e+02, 0., 0., 0., 1., 0. ]
R2: !!opencv-matrix
   rows: 3
   cols: 3
   dt: f
   data: [ 9.93558526e-01, 3.47022191e-02, -1.07876152e-01,
       -3.49808186e-02, 9.99387741e-01, -6.90762361e-04, 1.07786134e-01,
       4.45990870e-03, 9.94164109e-01 ]
