%YAML:1.0
---
Q: !!opencv-matrix
   rows: 4
   cols: 4
   dt: f
   data: [ 1., 0., 0., -4.48039276e+02, 0., 1., 0., -2.43012909e+02, 0.,
       0., 0., 3.54954773e+02, 0., 0., 5.90624241e-03, 0. ]
R: !!opencv-matrix
   rows: 3
   cols: 3
   dt: d
   data: [ 1.0005490654588973e+00, 1.2755344047493818e-03,
       3.3117325075371129e-04, -3.5628720303465694e-03,
       1.0012027145552373e+00, 2.1507381115702670e-03,
       -3.3686092998304563e-03, -4.7029503391622452e-03,
       9.9950570753326207e-01 ]
T: !!opencv-matrix
   rows: 3
   cols: 1
   dt: d
   data: [ -1.6596591091357953e+02, 4.5585568475147742e+00,
       1.2958678465787520e+01 ]
E: !!opencv-matrix
   rows: 0
   cols: 0
   dt: u
   data: []
F: !!opencv-matrix
   rows: 0
   cols: 0
   dt: u
   data: []
K1: !!opencv-matrix
   rows: 3
   cols: 3
   dt: d
   data: [ 3.6701875180413612e+02, 0., 3.9037664016115195e+02, 0.,
       3.6716204186372624e+02, 2.4338910080475119e+02, 0., 0., 1. ]
D1: !!opencv-matrix
   rows: 5
   cols: 1
   dt: d
   data: [ -2.4607421185303142e-02, 6.4808671343714744e-04,
       1.1083256569659741e-03, -3.8146776821432244e-05,
       4.7547507517400993e-05 ]
P1: !!opencv-matrix
   rows: 3
   cols: 4
   dt: f
   data: [ 3.54954773e+02, 0., 4.48039276e+02, 0., 0., 3.54954773e+02,
       2.43012909e+02, 0., 0., 0., 1., 0. ]
R1: !!opencv-matrix
   rows: 3
   cols: 3
   dt: f
   data: [ 9.97474551e-01, -1.88861638e-02, -6.84681386e-02,
       1.90025494e-02, 9.99818861e-01, 1.04889541e-03, 6.84359297e-02,
       -2.34731566e-03, 9.97652769e-01 ]
K2: !!opencv-matrix
   rows: 3
   cols: 3
   dt: d
   data: [ 3.6634490901067966e+02, 0., 3.9259549032746332e+02, 0.,
       3.6656633165683280e+02, 2.3935289141635988e+02, 0., 0., 1. ]
D2: !!opencv-matrix
   rows: 5
   cols: 1
   dt: d
   data: [ -2.4382727863946366e-02, 2.3985110129057631e-04,
       -3.0263975945863427e-04, -1.9949004863733616e-04,
       1.3475004328980761e-04 ]
P2: !!opencv-matrix
   rows: 3
   cols: 4
   dt: f
   data: [ 3.54954773e+02, 0., 4.48039276e+02, -6.00982422e+04, 0.,
       3.54954773e+02, 2.43012909e+02, 0., 0., 0., 1., 0. ]
R2: !!opencv-matrix
   rows: 3
   cols: 3
   dt: f
   data: [ 9.97276843e-01, -2.17362456e-02, -7.04728588e-02,
       2.16163862e-02, 9.99763310e-01, -2.46305950e-03, 7.05097169e-02,
       9.32983588e-04, 9.97510672e-01 ]
