%YAML:1.0
---
Q: !!opencv-matrix
   rows: 4
   cols: 4
   dt: f
   data: [ 1., 0., 0., -4.94582581e+02, 0., 1., 0., -2.45054382e+02, 0.,
       0., 0., 3.57709473e+02, 0., 0., 6.15155650e-03, 0. ]
R: !!opencv-matrix
   rows: 3
   cols: 3
   dt: d
   data: [ 1.0013036262891939e+00, 3.0181571195450614e-03,
       3.2142827264379672e-03, -3.3137425972233478e-03,
       1.0017406173768888e+00, 1.6688659545195802e-03,
       -3.1074999140499877e-03, -6.4320167834482720e-03,
       9.9886563245465898e-01 ]
T: !!opencv-matrix
   rows: 3
   cols: 1
   dt: d
   data: [ -1.6113330305636248e+02, 6.2041264876754525e+00,
       2.0578599276800702e+01 ]
E: !!opencv-matrix
   rows: 0
   cols: 0
   dt: u
   data: []
F: !!opencv-matrix
   rows: 0
   cols: 0
   dt: u
   data: []
K1: !!opencv-matrix
   rows: 3
   cols: 3
   dt: d
   data: [ 3.6701875180413612e+02, 0., 3.9037664016115195e+02, 0.,
       3.6716204186372624e+02, 2.4338910080475119e+02, 0., 0., 1. ]
D1: !!opencv-matrix
   rows: 5
   cols: 1
   dt: d
   data: [ -2.4607421185303142e-02, 6.4808671343714744e-04,
       1.1083256569659741e-03, -3.8146776821432244e-05,
       4.7547507517400993e-05 ]
P1: !!opencv-matrix
   rows: 3
   cols: 4
   dt: f
   data: [ 3.57709473e+02, 0., 4.94582581e+02, 0., 0., 3.57709473e+02,
       2.45054382e+02, 0., 0., 0., 1., 0. ]
R1: !!opencv-matrix
   rows: 3
   cols: 3
   dt: f
   data: [ 9.91731524e-01, -3.45204584e-02, -1.23599894e-01,
       3.47619206e-02, 9.99395609e-01, -2.03118121e-04, 1.23532206e-01,
       -4.09513107e-03, 9.92332101e-01 ]
K2: !!opencv-matrix
   rows: 3
   cols: 3
   dt: d
   data: [ 3.6634490901067966e+02, 0., 3.9259549032746332e+02, 0.,
       3.6656633165683280e+02, 2.3935289141635988e+02, 0., 0., 1. ]
D2: !!opencv-matrix
   rows: 5
   cols: 1
   dt: d
   data: [ -2.4382727863946366e-02, 2.3985110129057631e-04,
       -3.0263975945863427e-04, -1.9949004863733616e-04,
       1.3475004328980761e-04 ]
P2: !!opencv-matrix
   rows: 3
   cols: 4
   dt: f
   data: [ 3.57709473e+02, 0., 4.94582581e+02, -5.81494258e+04, 0.,
       3.57709473e+02, 2.45054382e+02, 0., 0., 0., 1., 0. ]
R2: !!opencv-matrix
   rows: 3
   cols: 3
   dt: f
   data: [ 9.91220593e-01, -3.81650329e-02, -1.26590416e-01,
       3.79175618e-02, 9.99271333e-01, -4.36491752e-03, 1.26664758e-01,
       -4.73403750e-04, 9.91945446e-01 ]
