%YAML:1.0
---
Q: !!opencv-matrix
   rows: 4
   cols: 4
   dt: f
   data: [ 1., 0., 0., -6.72732300e+02, 0., 1., 0., -2.47274765e+02, 0.,
       0., 0., 3.06994843e+02, 0., 0., 1.09376349e-02, 0. ]
R: !!opencv-matrix
   rows: 3
   cols: 3
   dt: d
   data: [ 1.0038717725581769e+00, -7.7923407451513408e-03,
       -8.6633468207660130e-03, -3.7110578508786842e-03,
       1.0034207561922461e+00, 2.2474940663218266e-03,
       -3.6210845887402533e-03, -8.5181705695135598e-03,
       9.9790032191663158e-01 ]
T: !!opencv-matrix
   rows: 3
   cols: 1
   dt: d
   data: [ -8.7375809221848428e+01, 2.1813942445491952e+00,
       2.6826971232774390e+01 ]
E: !!opencv-matrix
   rows: 0
   cols: 0
   dt: u
   data: []
F: !!opencv-matrix
   rows: 0
   cols: 0
   dt: u
   data: []
K1: !!opencv-matrix
   rows: 3
   cols: 3
   dt: d
   data: [ 3.6701875180413612e+02, 0., 3.9037664016115195e+02, 0.,
       3.6716204186372624e+02, 2.4338910080475119e+02, 0., 0., 1. ]
D1: !!opencv-matrix
   rows: 5
   cols: 1
   dt: d
   data: [ -2.4607421185303142e-02, 6.4808671343714744e-04,
       1.1083256569659741e-03, -3.8146776821432244e-05,
       4.7547507517400993e-05 ]
P1: !!opencv-matrix
   rows: 3
   cols: 4
   dt: f
   data: [ 3.06994843e+02, 0., 6.72732300e+02, 0., 0., 3.06994843e+02,
       2.47274765e+02, 0., 0., 0., 1., 0. ]
R1: !!opencv-matrix
   rows: 3
   cols: 3
   dt: f
   data: [ 9.54896688e-01, -2.42361464e-02, -2.95947522e-01,
       2.50732154e-02, 9.99685168e-01, -9.67010681e-04, 2.95877784e-01,
       -6.49696123e-03, 9.55203712e-01 ]
K2: !!opencv-matrix
   rows: 3
   cols: 3
   dt: d
   data: [ 3.6634490901067966e+02, 0., 3.9259549032746332e+02, 0.,
       3.6656633165683280e+02, 2.3935289141635988e+02, 0., 0., 1. ]
D2: !!opencv-matrix
   rows: 5
   cols: 1
   dt: d
   data: [ -2.4382727863946366e-02, 2.3985110129057631e-04,
       -3.0263975945863427e-04, -1.9949004863733616e-04,
       1.3475004328980761e-04 ]
P2: !!opencv-matrix
   rows: 3
   cols: 4
   dt: f
   data: [ 3.06994843e+02, 0., 6.72732300e+02, -2.80677520e+04, 0.,
       3.06994843e+02, 2.47274765e+02, 0., 0., 0., 1., 0. ]
R2: !!opencv-matrix
   rows: 3
   cols: 3
   dt: f
   data: [ 9.55684721e-01, -2.38592941e-02, -2.93423623e-01,
       2.30293386e-02, 9.99715030e-01, -6.28343457e-03, 2.93489933e-01,
       -7.52369640e-04, 9.55961883e-01 ]
