%YAML:1.0
---
Q: !!opencv-matrix
   rows: 4
   cols: 4
   dt: f
   data: [ 1., 0., 0., -4.66146790e+02, 0., 1., 0., -2.42828491e+02, 0.,
       0., 0., 3.53695831e+02, 0., 0., 6.08335668e-03, 0. ]
R: !!opencv-matrix
   rows: 3
   cols: 3
   dt: d
   data: [ 1.0002635079299007e+00, 2.1183275679660441e-03,
       1.4084099996512472e-03, -3.4548294541827205e-03,
       1.0019352701554343e+00, 2.4150646573946532e-03,
       -3.4745973493965445e-03, -5.4801373350214493e-03,
       9.9953512905728314e-01 ]
T: !!opencv-matrix
   rows: 3
   cols: 1
   dt: d
   data: [ -1.6157145149545616e+02, 2.0582827777364532e+00,
       1.3861505594920365e+01 ]
E: !!opencv-matrix
   rows: 0
   cols: 0
   dt: u
   data: []
F: !!opencv-matrix
   rows: 0
   cols: 0
   dt: u
   data: []
K1: !!opencv-matrix
   rows: 3
   cols: 3
   dt: d
   data: [ 3.6701875180413612e+02, 0., 3.9037664016115195e+02, 0.,
       3.6716204186372624e+02, 2.4338910080475119e+02, 0., 0., 1. ]
D1: !!opencv-matrix
   rows: 5
   cols: 1
   dt: d
   data: [ -2.4607421185303142e-02, 6.4808671343714744e-04,
       1.1083256569659741e-03, -3.8146776821432244e-05,
       4.7547507517400993e-05 ]
P1: !!opencv-matrix
   rows: 3
   cols: 4
   dt: f
   data: [ 3.53695831e+02, 0., 4.66146790e+02, 0., 0., 3.53695831e+02,
       2.42828491e+02, 0., 0., 0., 1., 0. ]
R1: !!opencv-matrix
   rows: 3
   cols: 3
   dt: f
   data: [ 9.95850205e-01, -1.18877953e-02, -9.02274475e-02,
       1.20647131e-02, 9.99926209e-01, 1.41563790e-03, 9.02039632e-02,
       -2.49833148e-03, 9.95920181e-01 ]
K2: !!opencv-matrix
   rows: 3
   cols: 3
   dt: d
   data: [ 3.6634490901067966e+02, 0., 3.9259549032746332e+02, 0.,
       3.6656633165683280e+02, 2.3935289141635988e+02, 0., 0., 1. ]
D2: !!opencv-matrix
   rows: 5
   cols: 1
   dt: d
   data: [ -2.4382727863946366e-02, 2.3985110129057631e-04,
       -3.0263975945863427e-04, -1.9949004863733616e-04,
       1.3475004328980761e-04 ]
P2: !!opencv-matrix
   rows: 3
   cols: 4
   dt: f
   data: [ 3.53695831e+02, 0., 4.66146790e+02, -5.81415586e+04, 0.,
       3.53695831e+02, 2.42828491e+02, 0., 0., 0., 1., 0. ]
R2: !!opencv-matrix
   rows: 3
   cols: 3
   dt: f
   data: [ 9.95575488e-01, -1.51312705e-02, -9.27386656e-02,
       1.49493637e-02, 9.99884725e-01, -2.65591755e-03, 9.27681625e-02,
       1.25778245e-03, 9.95686948e-01 ]
