%YAML:1.0
---
Q: !!opencv-matrix
   rows: 4
   cols: 4
   dt: f
   data: [ 1., 0., 0., -4.97925812e+02, 0., 1., 0., -2.40265717e+02, 0.,
       0., 0., 3.52297729e+02, 0., 0., 4.24746424e-02, 0. ]
R: !!opencv-matrix
   rows: 3
   cols: 3
   dt: d
   data: [ 1.0029491165756388e+00, 1.5736757988287983e-03,
       1.0460813089874766e-03, -3.8047318718061069e-03,
       1.0077403068559019e+00, 3.3897363832703022e-03,
       -3.0062130783608341e-03, -6.4329897871998540e-03,
       1.0032459075970896e+00 ]
T: !!opencv-matrix
   rows: 3
   cols: 1
   dt: d
   data: [ -2.3368838730843830e+01, -4.8562598175817262e-01,
       3.1359623372834129e+00 ]
E: !!opencv-matrix
   rows: 0
   cols: 0
   dt: u
   data: []
F: !!opencv-matrix
   rows: 0
   cols: 0
   dt: u
   data: []
K1: !!opencv-matrix
   rows: 3
   cols: 3
   dt: d
   data: [ 3.6701875180413612e+02, 0., 3.9037664016115195e+02, 0.,
       3.6716204186372624e+02, 2.4338910080475119e+02, 0., 0., 1. ]
D1: !!opencv-matrix
   rows: 5
   cols: 1
   dt: d
   data: [ -2.4607421185303142e-02, 6.4808671343714744e-04,
       1.1083256569659741e-03, -3.8146776821432244e-05,
       4.7547507517400993e-05 ]
P1: !!opencv-matrix
   rows: 3
   cols: 4
   dt: f
   data: [ 3.52297729e+02, 0., 4.97925812e+02, 0., 0., 3.52297729e+02,
       2.40265717e+02, 0., 0., 0., 1., 0. ]
R1: !!opencv-matrix
   rows: 3
   cols: 3
   dt: f
   data: [ 9.91577625e-01, 2.13780161e-02, -1.27737314e-01,
       -2.10883766e-02, 9.99771059e-01, 3.61962151e-03, 1.27785444e-01,
       -8.95363279e-04, 9.91801441e-01 ]
K2: !!opencv-matrix
   rows: 3
   cols: 3
   dt: d
   data: [ 3.6634490901067966e+02, 0., 3.9259549032746332e+02, 0.,
       3.6656633165683280e+02, 2.3935289141635988e+02, 0., 0., 1. ]
D2: !!opencv-matrix
   rows: 5
   cols: 1
   dt: d
   data: [ -2.4382727863946366e-02, 2.3985110129057631e-04,
       -3.0263975945863427e-04, -1.9949004863733616e-04,
       1.3475004328980761e-04 ]
P2: !!opencv-matrix
   rows: 3
   cols: 4
   dt: f
   data: [ 3.52297729e+02, 0., 4.97925812e+02, -8.29430762e+03, 0.,
       3.52297729e+02, 2.40265717e+02, 0., 0., 0., 1., 0. ]
R2: !!opencv-matrix
   rows: 3
   cols: 3
   dt: f
   data: [ 9.91377592e-01, 1.82326995e-02, -1.29761681e-01,
       -1.85268410e-02, 9.99827802e-01, -1.05991156e-03, 1.29720002e-01,
       3.45484656e-03, 9.91544664e-01 ]
