%YAML:1.0
---
Q: !!opencv-matrix
   rows: 4
   cols: 4
   dt: f
   data: [ 1., 0., 0., -5.81948792e+02, 0., 1., 0., -2.44900177e+02, 0.,
       0., 0., 3.48952454e+02, 0., 0., 2.43443288e-02, 0. ]
R: !!opencv-matrix
   rows: 3
   cols: 3
   dt: d
   data: [ 1.0033400972205533e+00, 2.5278473851562343e-03,
       2.3552965408400058e-03, -3.6030643333613993e-03,
       1.0076692018279756e+00, 2.1600664564593477e-03,
       -2.6600410046102060e-03, -9.0783475058269260e-03,
       1.0014866855296636e+00 ]
T: !!opencv-matrix
   rows: 3
   cols: 1
   dt: d
   data: [ -3.9169926555408587e+01, 8.7246862880342491e-01,
       8.8033913190794273e+00 ]
E: !!opencv-matrix
   rows: 0
   cols: 0
   dt: u
   data: []
F: !!opencv-matrix
   rows: 0
   cols: 0
   dt: u
   data: []
K1: !!opencv-matrix
   rows: 3
   cols: 3
   dt: d
   data: [ 3.6701875180413612e+02, 0., 3.9037664016115195e+02, 0.,
       3.6716204186372624e+02, 2.4338910080475119e+02, 0., 0., 1. ]
D1: !!opencv-matrix
   rows: 5
   cols: 1
   dt: d
   data: [ -2.4607421185303142e-02, 6.4808671343714744e-04,
       1.1083256569659741e-03, -3.8146776821432244e-05,
       4.7547507517400993e-05 ]
P1: !!opencv-matrix
   rows: 3
   cols: 4
   dt: f
   data: [ 3.48952454e+02, 0., 5.81948792e+02, 0., 0., 3.48952454e+02,
       2.44900177e+02, 0., 0., 0., 1., 0. ]
R1: !!opencv-matrix
   rows: 3
   cols: 3
   dt: f
   data: [ 9.76223290e-01, -1.70576498e-02, -2.16095045e-01,
       1.76301170e-02, 9.99844313e-01, 7.21615332e-04, 2.16049090e-01,
       -4.51423880e-03, 9.76372063e-01 ]
K2: !!opencv-matrix
   rows: 3
   cols: 3
   dt: d
   data: [ 3.6634490901067966e+02, 0., 3.9259549032746332e+02, 0.,
       3.6656633165683280e+02, 2.3935289141635988e+02, 0., 0., 1. ]
D2: !!opencv-matrix
   rows: 5
   cols: 1
   dt: d
   data: [ -2.4382727863946366e-02, 2.3985110129057631e-04,
       -3.0263975945863427e-04, -1.9949004863733616e-04,
       1.3475004328980761e-04 ]
P2: !!opencv-matrix
   rows: 3
   cols: 4
   dt: f
   data: [ 3.48952454e+02, 0., 5.81948792e+02, -1.43340342e+04, 0.,
       3.48952454e+02, 2.44900177e+02, 0., 0., 0., 1., 0. ]
R2: !!opencv-matrix
   rows: 3
   cols: 3
   dt: f
   data: [ 9.75554526e-01, -2.14314535e-02, -2.18710035e-01,
       2.08518244e-02, 9.99770284e-01, -4.95833997e-03, 2.18766049e-01,
       2.76627834e-04, 9.75777328e-01 ]
