%YAML:1.0
---
Q: !!opencv-matrix
   rows: 4
   cols: 4
   dt: f
   data: [ 1., 0., 0., -4.37732117e+02, 0., 1., 0., -2.42046387e+02, 0.,
       0., 0., 3.53356293e+02, 0., 0., 6.00711070e-03, 0. ]
R: !!opencv-matrix
   rows: 3
   cols: 3
   dt: d
   data: [ 9.9991113901602191e-01, 2.0249955016607472e-03,
       1.3590099083259390e-03, -3.5107679273439457e-03,
       1.0017659446070095e+00, 2.6197210852042271e-03,
       -3.5358003653543440e-03, -4.9852082459570443e-03,
       9.9978424610063865e-01 ]
T: !!opencv-matrix
   rows: 3
   cols: 1
   dt: d
   data: [ -1.6543872544656216e+02, 1.0658321289081676e+00,
       1.1080278404818364e+01 ]
E: !!opencv-matrix
   rows: 0
   cols: 0
   dt: u
   data: []
F: !!opencv-matrix
   rows: 0
   cols: 0
   dt: u
   data: []
K1: !!opencv-matrix
   rows: 3
   cols: 3
   dt: d
   data: [ 3.6701875180413612e+02, 0., 3.9037664016115195e+02, 0.,
       3.6716204186372624e+02, 2.4338910080475119e+02, 0., 0., 1. ]
D1: !!opencv-matrix
   rows: 5
   cols: 1
   dt: d
   data: [ -2.4607421185303142e-02, 6.4808671343714744e-04,
       1.1083256569659741e-03, -3.8146776821432244e-05,
       4.7547507517400993e-05 ]
P1: !!opencv-matrix
   rows: 3
   cols: 4
   dt: f
   data: [ 3.53356293e+02, 0., 4.37732117e+02, 0., 0., 3.53356293e+02,
       2.42046387e+02, 0., 0., 0., 1., 0. ]
R1: !!opencv-matrix
   rows: 3
   cols: 3
   dt: f
   data: [ 9.98461783e-01, -1.40018470e-03, -5.54267950e-02,
       1.50121725e-03, 9.99997258e-01, 1.78121636e-03, 5.54241501e-02,
       -1.86168414e-03, 9.98461187e-01 ]
K2: !!opencv-matrix
   rows: 3
   cols: 3
   dt: d
   data: [ 3.6634490901067966e+02, 0., 3.9259549032746332e+02, 0.,
       3.6656633165683280e+02, 2.3935289141635988e+02, 0., 0., 1. ]
D2: !!opencv-matrix
   rows: 5
   cols: 1
   dt: d
   data: [ -2.4382727863946366e-02, 2.3985110129057631e-04,
       -3.0263975945863427e-04, -1.9949004863733616e-04,
       1.3475004328980761e-04 ]
P2: !!opencv-matrix
   rows: 3
   cols: 4
   dt: f
   data: [ 3.53356293e+02, 0., 4.37732117e+02, -5.88230039e+04, 0.,
       3.53356293e+02, 2.42046387e+02, 0., 0., 0., 1., 0. ]
R2: !!opencv-matrix
   rows: 3
   cols: 3
   dt: f
   data: [ 9.98313248e-01, -4.32789093e-03, -5.78955673e-02,
       4.22234461e-03, 9.99989212e-01, -1.94525067e-03, 5.79033606e-02,
       1.69751456e-03, 9.98320758e-01 ]
