%YAML:1.0
---
Q: !!opencv-matrix
   rows: 4
   cols: 4
   dt: f
   data: [ 1., 0., 0., -3.96132751e+02, 0., 1., 0., -2.41399124e+02, 0.,
       0., 0., 3.54269104e+02, 0., 0., 6.28709281e-03, 0. ]
R: !!opencv-matrix
   rows: 3
   cols: 3
   dt: d
   data: [ 9.9974533420151568e-01, 3.0586102446018100e-03,
       2.7593887828604446e-03, -3.4466893360549115e-03,
       1.0012893633475386e+00, 3.3589785529272520e-03,
       -3.5841852527872431e-03, -3.5617862398664934e-03,
       1.0001096744321978e+00 ]
T: !!opencv-matrix
   rows: 3
   cols: 1
   dt: d
   data: [ -1.6002756320291778e+02, -3.4231591426375587e+00,
       2.2185111762188621e+00 ]
E: !!opencv-matrix
   rows: 0
   cols: 0
   dt: u
   data: []
F: !!opencv-matrix
   rows: 0
   cols: 0
   dt: u
   data: []
K1: !!opencv-matrix
   rows: 3
   cols: 3
   dt: d
   data: [ 3.6701875180413612e+02, 0., 3.9037664016115195e+02, 0.,
       3.6716204186372624e+02, 2.4338910080475119e+02, 0., 0., 1. ]
D1: !!opencv-matrix
   rows: 5
   cols: 1
   dt: d
   data: [ -2.4607421185303142e-02, 6.4808671343714744e-04,
       1.1083256569659741e-03, -3.8146776821432244e-05,
       4.7547507517400993e-05 ]
P1: !!opencv-matrix
   rows: 3
   cols: 4
   dt: f
   data: [ 3.54269104e+02, 0., 3.96132751e+02, 0., 0., 3.54269104e+02,
       2.41399124e+02, 0., 0., 0., 1., 0. ]
R1: !!opencv-matrix
   rows: 3
   cols: 3
   dt: f
   data: [ 9.99637604e-01, 2.68017296e-02, -2.50835833e-03,
       -2.67975312e-02, 9.99639452e-01, 1.69243547e-03, 2.55281408e-03,
       -1.62460434e-03, 9.99995410e-01 ]
K2: !!opencv-matrix
   rows: 3
   cols: 3
   dt: d
   data: [ 3.6634490901067966e+02, 0., 3.9259549032746332e+02, 0.,
       3.6656633165683280e+02, 2.3935289141635988e+02, 0., 0., 1. ]
D2: !!opencv-matrix
   rows: 5
   cols: 1
   dt: d
   data: [ -2.4382727863946366e-02, 2.3985110129057631e-04,
       -3.0263975945863427e-04, -1.9949004863733616e-04,
       1.3475004328980761e-04 ]
P2: !!opencv-matrix
   rows: 3
   cols: 4
   dt: f
   data: [ 3.54269104e+02, 0., 3.96132751e+02, -5.63486406e+04, 0.,
       3.54269104e+02, 2.41399124e+02, 0., 0., 0., 1., 0. ]
R2: !!opencv-matrix
   rows: 3
   cols: 3
   dt: f
   data: [ 9.99704897e-01, 2.36271862e-02, -5.64349862e-03,
       -2.36365143e-02, 9.99719322e-01, -1.59208640e-03, 5.60429832e-03,
       1.72500929e-03, 9.99982834e-01 ]
