%YAML:1.0
---
Q: !!opencv-matrix
   rows: 4
   cols: 4
   dt: f
   data: [ 1., 0., 0., -3.77292206e+02, 0., 1., 0., -2.41414978e+02, 0.,
       0., 0., 3.59611176e+02, 0., 0., 1.39889624e-02, 0. ]
R: !!opencv-matrix
   rows: 3
   cols: 3
   dt: d
   data: [ 1.0010376820547064e+00, -1.8719067655981947e-03,
       -1.3617409054280362e-04, -3.7067923410600430e-03,
       1.0028224229977205e+00, 4.2055937375679586e-03,
       -3.7004528305464644e-03, -4.2803595376789735e-03,
       1.0013043089267946e+00 ]
T: !!opencv-matrix
   rows: 3
   cols: 1
   dt: d
   data: [ -7.2491686188564401e+01, -4.3633312818528109e+00,
       1.8544826824166247e-01 ]
E: !!opencv-matrix
   rows: 0
   cols: 0
   dt: u
   data: []
F: !!opencv-matrix
   rows: 0
   cols: 0
   dt: u
   data: []
K1: !!opencv-matrix
   rows: 3
   cols: 3
   dt: d
   data: [ 3.6701875180413612e+02, 0., 3.9037664016115195e+02, 0.,
       3.6716204186372624e+02, 2.4338910080475119e+02, 0., 0., 1. ]
D1: !!opencv-matrix
   rows: 5
   cols: 1
   dt: d
   data: [ -2.4607421185303142e-02, 6.4808671343714744e-04,
       1.1083256569659741e-03, -3.8146776821432244e-05,
       4.7547507517400993e-05 ]
P1: !!opencv-matrix
   rows: 3
   cols: 4
   dt: f
   data: [ 3.59611176e+02, 0., 3.77292206e+02, 0., 0., 3.59611176e+02,
       2.41414978e+02, 0., 0., 0., 1., 0. ]
R1: !!opencv-matrix
   rows: 3
   cols: 3
   dt: f
   data: [ 9.97559905e-01, 6.65895864e-02, 2.09776815e-02,
       -6.66314438e-02, 9.97776806e-01, 1.30211574e-03, -2.08443366e-02,
       -2.69671180e-03, 9.99779105e-01 ]
K2: !!opencv-matrix
   rows: 3
   cols: 3
   dt: d
   data: [ 3.6634490901067966e+02, 0., 3.9259549032746332e+02, 0.,
       3.6656633165683280e+02, 2.3935289141635988e+02, 0., 0., 1. ]
D2: !!opencv-matrix
   rows: 5
   cols: 1
   dt: d
   data: [ -2.4382727863946366e-02, 2.3985110129057631e-04,
       -3.0263975945863427e-04, -1.9949004863733616e-04,
       1.3475004328980761e-04 ]
P2: !!opencv-matrix
   rows: 3
   cols: 4
   dt: f
   data: [ 3.59611176e+02, 0., 3.77292206e+02, -2.57067793e+04, 0.,
       3.59611176e+02, 2.41414978e+02, 0., 0., 0., 1., 0. ]
R2: !!opencv-matrix
   rows: 3
   cols: 3
   dt: f
   data: [ 9.97627079e-01, 6.61120340e-02, 1.92193519e-02,
       -6.60734251e-02, 9.97811258e-01, -2.63752090e-03, -1.93516575e-02,
       1.36137381e-03, 9.99811828e-01 ]
