%YAML:1.0
---
Q: !!opencv-matrix
   rows: 4
   cols: 4
   dt: f
   data: [ 1., 0., 0., -4.61608368e+02, 0., 1., 0., -2.42572632e+02, 0.,
       0., 0., 3.53366913e+02, 0., 0., 6.00071438e-03, 0. ]
R: !!opencv-matrix
   rows: 3
   cols: 3
   dt: d
   data: [ 1.0003525156715185e+00, 2.3853435976721629e-03,
       1.8057664793042338e-03, -3.4581270210690784e-03,
       1.0020048805832962e+00, 2.5255884232682859e-03,
       -3.4357659732799002e-03, -5.6206163258922734e-03,
       9.9939816081257349e-01 ]
T: !!opencv-matrix
   rows: 3
   cols: 1
   dt: d
   data: [ -1.6578751740712656e+02, 1.5350766507229823e+00,
       1.4801727829230622e+01 ]
E: !!opencv-matrix
   rows: 0
   cols: 0
   dt: u
   data: []
F: !!opencv-matrix
   rows: 0
   cols: 0
   dt: u
   data: []
K1: !!opencv-matrix
   rows: 3
   cols: 3
   dt: d
   data: [ 3.6701875180413612e+02, 0., 3.9037664016115195e+02, 0.,
       3.6716204186372624e+02, 2.4338910080475119e+02, 0., 0., 1. ]
D1: !!opencv-matrix
   rows: 5
   cols: 1
   dt: d
   data: [ -2.4607421185303142e-02, 6.4808671343714744e-04,
       1.1083256569659741e-03, -3.8146776821432244e-05,
       4.7547507517400993e-05 ]
P1: !!opencv-matrix
   rows: 3
   cols: 4
   dt: f
   data: [ 3.53366913e+02, 0., 4.61608368e+02, 0., 0., 3.53366913e+02,
       2.42572632e+02, 0., 0., 0., 1., 0. ]
R1: !!opencv-matrix
   rows: 3
   cols: 3
   dt: f
   data: [ 9.96367395e-01, -8.57097469e-03, -8.47261101e-02,
       8.73411447e-03, 9.99960661e-01, 1.55499845e-03, 8.47094506e-02,
       -2.28935736e-03, 9.96403039e-01 ]
K2: !!opencv-matrix
   rows: 3
   cols: 3
   dt: d
   data: [ 3.6634490901067966e+02, 0., 3.9259549032746332e+02, 0.,
       3.6656633165683280e+02, 2.3935289141635988e+02, 0., 0., 1. ]
D2: !!opencv-matrix
   rows: 5
   cols: 1
   dt: d
   data: [ -2.4382727863946366e-02, 2.3985110129057631e-04,
       -3.0263975945863427e-04, -1.9949004863733616e-04,
       1.3475004328980761e-04 ]
P2: !!opencv-matrix
   rows: 3
   cols: 4
   dt: f
   data: [ 3.53366913e+02, 0., 4.61608368e+02, -5.88874766e+04, 0.,
       3.53366913e+02, 2.42572632e+02, 0., 0., 0., 1., 0. ]
R2: !!opencv-matrix
   rows: 3
   cols: 3
   dt: f
   data: [ 9.96116102e-01, -1.17539596e-02, -8.72612521e-02,
       1.15858903e-02, 9.99929905e-01, -2.43227999e-03, 8.72837305e-02,
       1.41183392e-03, 9.96182501e-01 ]
