%YAML:1.0
---
Q: !!opencv-matrix
   rows: 4
   cols: 4
   dt: f
   data: [ 1., 0., 0., -4.57367493e+02, 0., 1., 0., -2.40112549e+02, 0.,
       0., 0., 3.55066040e+02, 0., 0., 2.47380212e-02, 0. ]
R: !!opencv-matrix
   rows: 3
   cols: 3
   dt: d
   data: [ 1.0019043387664150e+00, -7.1781251673975416e-03,
       -1.0047005938452300e-02, -3.7817945052936236e-03,
       1.0043909448048931e+00, 3.2371161254675009e-03,
       -3.4267449162969249e-03, -4.7312435075734013e-03,
       1.0023940079110298e+00 ]
T: !!opencv-matrix
   rows: 3
   cols: 1
   dt: d
   data: [ -3.8569177742988913e+01, -1.3191161420866433e+00,
       2.8697248036641465e+00 ]
E: !!opencv-matrix
   rows: 0
   cols: 0
   dt: u
   data: []
F: !!opencv-matrix
   rows: 0
   cols: 0
   dt: u
   data: []
K1: !!opencv-matrix
   rows: 3
   cols: 3
   dt: d
   data: [ 3.6701875180413612e+02, 0., 3.9037664016115195e+02, 0.,
       3.6716204186372624e+02, 2.4338910080475119e+02, 0., 0., 1. ]
D1: !!opencv-matrix
   rows: 5
   cols: 1
   dt: d
   data: [ -2.4607421185303142e-02, 6.4808671343714744e-04,
       1.1083256569659741e-03, -3.8146776821432244e-05,
       4.7547507517400993e-05 ]
P1: !!opencv-matrix
   rows: 3
   cols: 4
   dt: f
   data: [ 3.55066040e+02, 0., 4.57367493e+02, 0., 0., 3.55066040e+02,
       2.40112549e+02, 0., 0., 0., 1., 0. ]
R1: !!opencv-matrix
   rows: 3
   cols: 3
   dt: f
   data: [ 9.96172607e-01, 2.95768175e-02, -8.22514519e-02,
       -2.94071585e-02, 9.99562144e-01, 3.27363284e-03, 8.23122561e-02,
       -8.42322013e-04, 9.96606231e-01 ]
K2: !!opencv-matrix
   rows: 3
   cols: 3
   dt: d
   data: [ 3.6634490901067966e+02, 0., 3.9259549032746332e+02, 0.,
       3.6656633165683280e+02, 2.3935289141635988e+02, 0., 0., 1. ]
D2: !!opencv-matrix
   rows: 5
   cols: 1
   dt: d
   data: [ -2.4382727863946366e-02, 2.3985110129057631e-04,
       -3.0263975945863427e-04, -1.9949004863733616e-04,
       1.3475004328980761e-04 ]
P2: !!opencv-matrix
   rows: 3
   cols: 4
   dt: f
   data: [ 3.55066040e+02, 0., 4.57367493e+02, -1.43530498e+04, 0.,
       3.55066040e+02, 2.40112549e+02, 0., 0., 0., 1., 0. ]
R2: !!opencv-matrix
   rows: 3
   cols: 3
   dt: f
   data: [ 9.96369362e-01, 3.10571454e-02, -7.92686269e-02,
       -3.12205162e-02, 9.99512196e-01, -8.22167611e-04, 7.92044252e-02,
       3.29399016e-03, 9.96852934e-01 ]
