%YAML:1.0
---
Q: !!opencv-matrix
   rows: 4
   cols: 4
   dt: f
   data: [ 1., 0., 0., -4.53249939e+02, 0., 1., 0., -2.40015198e+02, 0.,
       0., 0., 3.55680695e+02, 0., 0., 2.58409418e-02, 0. ]
R: !!opencv-matrix
   rows: 3
   cols: 3
   dt: d
   data: [ 1.0022012314503705e+00, -6.9391018084426380e-03,
       -1.0101474184296827e-02, -3.7054720461024400e-03,
       1.0042270155646291e+00, 3.2619150904230360e-03,
       -3.3945510841014385e-03, -4.4272638161115766e-03,
       1.0024988248850824e+00 ]
T: !!opencv-matrix
   rows: 3
   cols: 1
   dt: d
   data: [ -3.6782998979543372e+01, -1.3154879984283587e+00,
       2.1384694357873442e+00 ]
E: !!opencv-matrix
   rows: 0
   cols: 0
   dt: u
   data: []
F: !!opencv-matrix
   rows: 0
   cols: 0
   dt: u
   data: []
K1: !!opencv-matrix
   rows: 3
   cols: 3
   dt: d
   data: [ 3.6701875180413612e+02, 0., 3.9037664016115195e+02, 0.,
       3.6716204186372624e+02, 2.4338910080475119e+02, 0., 0., 1. ]
D1: !!opencv-matrix
   rows: 5
   cols: 1
   dt: d
   data: [ -2.4607421185303142e-02, 6.4808671343714744e-04,
       1.1083256569659741e-03, -3.8146776821432244e-05,
       4.7547507517400993e-05 ]
P1: !!opencv-matrix
   rows: 3
   cols: 4
   dt: f
   data: [ 3.55680695e+02, 0., 4.53249939e+02, 0., 0., 3.55680695e+02,
       2.40015198e+02, 0., 0., 0., 1., 0. ]
R1: !!opencv-matrix
   rows: 3
   cols: 3
   dt: f
   data: [ 9.96471524e-01, 3.26861478e-02, -7.73054287e-02,
       -3.25280949e-02, 9.99465346e-01, 3.30318487e-03, 7.73720667e-02,
       -7.76931411e-04, 9.97002006e-01 ]
K2: !!opencv-matrix
   rows: 3
   cols: 3
   dt: d
   data: [ 3.6634490901067966e+02, 0., 3.9259549032746332e+02, 0.,
       3.6656633165683280e+02, 2.3935289141635988e+02, 0., 0., 1. ]
D2: !!opencv-matrix
   rows: 5
   cols: 1
   dt: d
   data: [ -2.4382727863946366e-02, 2.3985110129057631e-04,
       -3.0263975945863427e-04, -1.9949004863733616e-04,
       1.3475004328980761e-04 ]
P2: !!opencv-matrix
   rows: 3
   cols: 4
   dt: f
   data: [ 3.55680695e+02, 0., 4.53249939e+02, -1.37642314e+04, 0.,
       3.55680695e+02, 2.40015198e+02, 0., 0., 0., 1., 0. ]
R2: !!opencv-matrix
   rows: 3
   cols: 3
   dt: f
   data: [ 9.96663868e-01, 3.40872034e-02, -7.41563886e-02,
       -3.42386775e-02, 9.99413371e-01, -7.71935680e-04, 7.40865767e-02,
       3.30837700e-03, 9.97246325e-01 ]
