%YAML:1.0
---
Q: !!opencv-matrix
   rows: 4
   cols: 4
   dt: f
   data: [ 1., 0., 0., -4.44147522e+02, 0., 1., 0., -2.42966110e+02, 0.,
       0., 0., 3.54850525e+02, 0., 0., 6.13674382e-03, 0. ]
R: !!opencv-matrix
   rows: 3
   cols: 3
   dt: d
   data: [ 9.9992141345747398e-01, 6.5173104649602004e-04,
       -5.1498288002800531e-04, -3.6032242078407471e-03,
       1.0012634289269668e+00, 2.4922073473371232e-03,
       -3.5167964467780967e-03, -4.1314322839293149e-03,
       9.9999599366427716e-01 ]
T: !!opencv-matrix
   rows: 3
   cols: 1
   dt: d
   data: [ -1.5944467253257724e+02, 2.2933494614856302e+00,
       8.2687986597361949e+00 ]
E: !!opencv-matrix
   rows: 0
   cols: 0
   dt: u
   data: []
F: !!opencv-matrix
   rows: 0
   cols: 0
   dt: u
   data: []
K1: !!opencv-matrix
   rows: 3
   cols: 3
   dt: d
   data: [ 3.6701875180413612e+02, 0., 3.9037664016115195e+02, 0.,
       3.6716204186372624e+02, 2.4338910080475119e+02, 0., 0., 1. ]
D1: !!opencv-matrix
   rows: 5
   cols: 1
   dt: d
   data: [ -2.4607421185303142e-02, 6.4808671343714744e-04,
       1.1083256569659741e-03, -3.8146776821432244e-05,
       4.7547507517400993e-05 ]
P1: !!opencv-matrix
   rows: 3
   cols: 4
   dt: f
   data: [ 3.54850525e+02, 0., 4.44147522e+02, 0., 0., 3.54850525e+02,
       2.42966110e+02, 0., 0., 0., 1., 0. ]
R1: !!opencv-matrix
   rows: 3
   cols: 3
   dt: f
   data: [ 9.97771740e-01, -1.92712937e-02, -6.38761669e-02,
       1.93773098e-02, 9.99811709e-01, 1.04055810e-03, 6.38440847e-02,
       -2.27598776e-03, 9.97957289e-01 ]
K2: !!opencv-matrix
   rows: 3
   cols: 3
   dt: d
   data: [ 3.6634490901067966e+02, 0., 3.9259549032746332e+02, 0.,
       3.6656633165683280e+02, 2.3935289141635988e+02, 0., 0., 1. ]
D2: !!opencv-matrix
   rows: 5
   cols: 1
   dt: d
   data: [ -2.4382727863946366e-02, 2.3985110129057631e-04,
       -3.0263975945863427e-04, -1.9949004863733616e-04,
       1.3475004328980761e-04 ]
P2: !!opencv-matrix
   rows: 3
   cols: 4
   dt: f
   data: [ 3.54850525e+02, 0., 4.44147522e+02, -5.78239141e+04, 0.,
       3.54850525e+02, 2.42966110e+02, 0., 0., 0., 1., 0. ]
R2: !!opencv-matrix
   rows: 3
   cols: 3
   dt: f
   data: [ 9.97617960e-01, -2.17166655e-02, -6.54739588e-02,
       2.16079373e-02, 9.99763727e-01, -2.36840849e-03, 6.55099228e-02,
       9.48009605e-04, 9.97851491e-01 ]
