%YAML:1.0
---
Q: !!opencv-matrix
   rows: 4
   cols: 4
   dt: f
   data: [ 1., 0., 0., -5.75164490e+02, 0., 1., 0., -2.45272583e+02, 0.,
       0., 0., 3.50517609e+02, 0., 0., 2.40194891e-02, 0. ]
R: !!opencv-matrix
   rows: 3
   cols: 3
   dt: d
   data: [ 1.0032503221893874e+00, 2.8987986994134145e-03,
       2.9611462389733784e-03, -3.5825190779521596e-03,
       1.0077420148419995e+00, 2.1507726249472042e-03,
       -2.6199524496466706e-03, -9.1543167582376489e-03,
       1.0014558928141686e+00 ]
T: !!opencv-matrix
   rows: 3
   cols: 1
   dt: d
   data: [ -4.0073172296745483e+01, 8.8034684249098560e-01,
       8.9840235477215771e+00 ]
E: !!opencv-matrix
   rows: 0
   cols: 0
   dt: u
   data: []
F: !!opencv-matrix
   rows: 0
   cols: 0
   dt: u
   data: []
K1: !!opencv-matrix
   rows: 3
   cols: 3
   dt: d
   data: [ 3.6701875180413612e+02, 0., 3.9037664016115195e+02, 0.,
       3.6716204186372624e+02, 2.4338910080475119e+02, 0., 0., 1. ]
D1: !!opencv-matrix
   rows: 5
   cols: 1
   dt: d
   data: [ -2.4607421185303142e-02, 6.4808671343714744e-04,
       1.1083256569659741e-03, -3.8146776821432244e-05,
       4.7547507517400993e-05 ]
P1: !!opencv-matrix
   rows: 3
   cols: 4
   dt: f
   data: [ 3.50517609e+02, 0., 5.75164490e+02, 0., 0., 3.50517609e+02,
       2.45272583e+02, 0., 0., 0., 1., 0. ]
R1: !!opencv-matrix
   rows: 3
   cols: 3
   dt: f
   data: [ 9.77602661e-01, -2.05034036e-02, -2.09457934e-01,
       2.10418627e-02, 9.99778509e-01, 3.42397630e-04, 2.09404528e-01,
       -4.74211387e-03, 9.77817595e-01 ]
K2: !!opencv-matrix
   rows: 3
   cols: 3
   dt: d
   data: [ 3.6634490901067966e+02, 0., 3.9259549032746332e+02, 0.,
       3.6656633165683280e+02, 2.3935289141635988e+02, 0., 0., 1. ]
D2: !!opencv-matrix
   rows: 5
   cols: 1
   dt: d
   data: [ -2.4382727863946366e-02, 2.3985110129057631e-04,
       -3.0263975945863427e-04, -1.9949004863733616e-04,
       1.3475004328980761e-04 ]
P2: !!opencv-matrix
   rows: 3
   cols: 4
   dt: f
   data: [ 3.50517609e+02, 0., 5.75164490e+02, -1.45930498e+04, 0.,
       3.50517609e+02, 2.45272583e+02, 0., 0., 0., 1., 0. ]
R2: !!opencv-matrix
   rows: 3
   cols: 3
   dt: f
   data: [ 9.76890981e-01, -2.48788316e-02, -2.12285414e-01,
       2.43328549e-02, 9.99690473e-01, -5.18445717e-03, 2.12348700e-01,
       -1.00860838e-04, 9.77193952e-01 ]
