%YAML:1.0
---
R: !!opencv-matrix
   rows: 3
   cols: 3
   dt: d
   data: [ 9.9994786107858491e-01, 9.7122672864599323e-03,
       -3.1538846712214478e-03, -9.6827774839271553e-03,
       9.9991047802584609e-01, 9.2347038025383243e-03,
       3.2432922408809684e-03, -9.2036839515610668e-03,
       9.9995238549500942e-01 ]
T: !!opencv-matrix
   rows: 3
   cols: 1
   dt: d
   data: [ -1.7997624825260075e+02, 5.7938889641068538e+00,
       7.2945572664474645e-01 ]
Q: !!opencv-matrix
   rows: 4
   cols: 4
   dt: d
   data: [ 1., 0., 0., -3.8263116073608398e+02, 0., 1., 0.,
       -2.3191725921630859e+02, 0., 0., 0., 3.5733105929237882e+02, 0.,
       0., 5.5533662476495672e-03, 0. ]
K1: !!opencv-matrix
   rows: 3
   cols: 3
   dt: d
   data: [ 3.6627756984521932e+02, 0., 3.8060969928433269e+02, 0.,
       3.6653175179255015e+02, 2.3878059668569790e+02, 0., 0., 1. ]
K2: !!opencv-matrix
   rows: 3
   cols: 3
   dt: d
   data: [ 3.6687495098581172e+02, 0., 3.7621769200552956e+02, 0.,
       3.6726361788508825e+02, 2.2399932895774910e+02, 0., 0., 1. ]
D1: !!opencv-matrix
   rows: 5
   cols: 1
   dt: d
   data: [ -2.1859934914563901e-02, -9.9468572971318997e-04,
       1.6448003429794193e-03, -3.1164985765511365e-04,
       3.5195408316194161e-04 ]
D2: !!opencv-matrix
   rows: 5
   cols: 1
   dt: d
   data: [ -2.2201337830972428e-02, -1.1445843221826492e-03,
       2.9199201696882579e-04, -7.1705872414221615e-04,
       5.1284674356775366e-04 ]
R1: !!opencv-matrix
   rows: 3
   cols: 3
   dt: d
   data: [ 9.9972032161500113e-01, -2.2428264618432295e-02,
       -7.5000997463113960e-03, 2.2462917902961805e-02,
       9.9973723856040886e-01, 4.5684959114817665e-03,
       7.3956655740939972e-03, -4.7356923267888006e-03,
       9.9996143793093462e-01 ]
R2: !!opencv-matrix
   rows: 3
   cols: 3
   dt: d
   data: [ 9.9947402242459249e-01, -3.2175587415900334e-02,
       -4.0509348115036646e-03, 3.2157053478539518e-02,
       9.9947242538004977e-01, -4.5601333861532180e-03,
       4.1955226115043404e-03, 4.4274687308796194e-03,
       9.9998139738229819e-01 ]
P1: !!opencv-matrix
   rows: 3
   cols: 4
   dt: d
   data: [ 3.5733105929237882e+02, 0., 3.8263116073608398e+02, 0., 0.,
       3.5733105929237882e+02, 2.3191725921630859e+02, 0., 0., 0., 1.,
       0. ]
P2: !!opencv-matrix
   rows: 3
   cols: 4
   dt: d
   data: [ 3.5733105929237882e+02, 0., 3.8263116073608398e+02,
       -6.4344947435011556e+04, 0., 3.5733105929237882e+02,
       2.3191725921630859e+02, 0., 0., 0., 1., 0. ]
