%YAML:1.0
---
Q: !!opencv-matrix
   rows: 4
   cols: 4
   dt: f
   data: [ 1., 0., 0., -4.13715149e+02, 0., 1., 0., -2.33406433e+02, 0.,
       0., 0., 3.76453308e+02, 0., 0., 9.39359665e-02, 0. ]
R: !!opencv-matrix
   rows: 3
   cols: 3
   dt: d
   data: [ 1.0349983272991998e+00, -4.5997877659400659e-02,
       4.3377973371380461e-02, 4.6375418858773505e-02,
       1.0336447544653191e+00, -4.4659252846921876e-02,
       -4.8485963252288683e-02, 4.7382481401926115e-02,
       1.0337944564089265e+00 ]
T: !!opencv-matrix
   rows: 3
   cols: 1
   dt: d
   data: [ -9.3207585953438130e+00, 5.9189137709812589e-01,
       5.8841666099109446e-01 ]
E: !!opencv-matrix
   rows: 0
   cols: 0
   dt: u
   data: []
F: !!opencv-matrix
   rows: 0
   cols: 0
   dt: u
   data: []
K1: !!opencv-matrix
   rows: 3
   cols: 3
   dt: d
   data: [ 3.6627756984521932e+02, 0., 3.8060969928433269e+02, 0.,
       3.6653175179255015e+02, 2.3878059668569790e+02, 0., 0., 1. ]
D1: !!opencv-matrix
   rows: 5
   cols: 1
   dt: d
   data: [ -2.1859934914563901e-02, -9.9468572971318997e-04,
       1.6448003429794193e-03, -3.1164985765511365e-04,
       3.5195408316194161e-04 ]
P1: !!opencv-matrix
   rows: 3
   cols: 4
   dt: f
   data: [ 3.76453308e+02, 0., 4.13715149e+02, 0., 0., 3.76453308e+02,
       2.33406433e+02, 0., 0., 0., 1., 0. ]
R1: !!opencv-matrix
   rows: 3
   cols: 3
   dt: f
   data: [ 9.97758448e-01, -6.11895174e-02, -2.70899944e-02,
       6.06121719e-02, 9.97926712e-01, -2.16443576e-02, 2.83582378e-02,
       1.99538581e-02, 9.99398649e-01 ]
K2: !!opencv-matrix
   rows: 3
   cols: 3
   dt: d
   data: [ 3.6687495098581172e+02, 0., 3.7621769200552956e+02, 0.,
       3.6726361788508825e+02, 2.2399932895774910e+02, 0., 0., 1. ]
D2: !!opencv-matrix
   rows: 5
   cols: 1
   dt: d
   data: [ -2.2201337830972428e-02, -1.1445843221826492e-03,
       2.9199201696882579e-04, -7.1705872414221615e-04,
       5.1284674356775366e-04 ]
P2: !!opencv-matrix
   rows: 3
   cols: 4
   dt: f
   data: [ 3.76453308e+02, 0., 4.13715149e+02, -4.00755225e+03, 0.,
       3.76453308e+02, 2.33406433e+02, 0., 0., 0., 1., 0. ]
R2: !!opencv-matrix
   rows: 3
   cols: 3
   dt: f
   data: [ 9.96015012e-01, -6.32493272e-02, -6.28776252e-02,
       6.45454377e-02, 9.97737706e-01, 1.87982526e-02, 6.15464002e-02,
       -2.27818061e-02, 9.97844219e-01 ]
