%YAML:1.0
---
Q: !!opencv-matrix
   rows: 4
   cols: 4
   dt: f
   data: [ 1., 0., 0., -3.83188965e+02, 0., 1., 0., -2.32193298e+02, 0.,
       0., 0., 3.61807678e+02, 0., 0., 5.57645271e-03, 0. ]
R: !!opencv-matrix
   rows: 3
   cols: 3
   dt: d
   data: [ 9.9983063562026941e-01, 9.6614171538650772e-03,
       -3.1771602021459120e-03, -9.6671994454402901e-03,
       1.0000641527733130e+00, 9.2375253701760373e-03,
       3.2453688833095897e-03, -9.2050355580634846e-03,
       1.0001028731340424e+00 ]
T: !!opencv-matrix
   rows: 3
   cols: 1
   dt: d
   data: [ -1.7892695583567567e+02, 1.1362301737748750e+01,
       7.6792775162861560e-01 ]
E: !!opencv-matrix
   rows: 0
   cols: 0
   dt: u
   data: []
F: !!opencv-matrix
   rows: 0
   cols: 0
   dt: u
   data: []
K1: !!opencv-matrix
   rows: 3
   cols: 3
   dt: d
   data: [ 3.6627756984521932e+02, 0., 3.8060969928433269e+02, 0.,
       3.6653175179255015e+02, 2.3878059668569790e+02, 0., 0., 1. ]
D1: !!opencv-matrix
   rows: 5
   cols: 1
   dt: d
   data: [ -2.1859934914563901e-02, -9.9468572971318997e-04,
       1.6448003429794193e-03, -3.1164985765511365e-04,
       3.5195408316194161e-04 ]
P1: !!opencv-matrix
   rows: 3
   cols: 4
   dt: f
   data: [ 3.61807678e+02, 0., 3.83188965e+02, 0., 0., 3.61807678e+02,
       2.32193298e+02, 0., 0., 0., 1., 0. ]
R1: !!opencv-matrix
   rows: 3
   cols: 3
   dt: f
   data: [ 9.98525560e-01, -5.36877550e-02, -8.02422222e-03,
       5.37236929e-02, 9.98546422e-01, 4.33199340e-03, 7.77998380e-03,
       -4.75669699e-03, 9.99958396e-01 ]
K2: !!opencv-matrix
   rows: 3
   cols: 3
   dt: d
   data: [ 3.6687495098581172e+02, 0., 3.7621769200552956e+02, 0.,
       3.6726361788508825e+02, 2.2399932895774910e+02, 0., 0., 1. ]
D2: !!opencv-matrix
   rows: 5
   cols: 1
   dt: d
   data: [ -2.2201337830972428e-02, -1.1445843221826492e-03,
       2.9199201696882579e-04, -7.1705872414221615e-04,
       5.1284674356775366e-04 ]
P2: !!opencv-matrix
   rows: 3
   cols: 4
   dt: f
   data: [ 3.61807678e+02, 0., 3.83188965e+02, -6.48813320e+04, 0.,
       3.61807678e+02, 2.32193298e+02, 0., 0., 0., 1., 0. ]
R2: !!opencv-matrix
   rows: 3
   cols: 3
   dt: f
   data: [ 9.97980654e-01, -6.33742213e-02, -4.28317441e-03,
       6.33540824e-02, 9.97980118e-01, -4.68413346e-03, 4.57137590e-03,
       4.40331828e-03, 9.99979854e-01 ]
