%YAML:1.0
---
Q: !!opencv-matrix
   rows: 4
   cols: 4
   dt: f
   data: [ 1., 0., 0., -4.13708740e+02, 0., 1., 0., -2.33928879e+02, 0.,
       0., 0., 3.67506531e+02, 0., 0., 9.16499252e+01, 0. ]
R: !!opencv-matrix
   rows: 3
   cols: 3
   dt: d
   data: [ 1.0921290155144272e+00, -5.6606702528237463e-02,
       1.8768919889891197e-02, 4.8778784754458550e-02,
       1.0897741930552693e+00, -4.5351100839432383e-02,
       -5.1185860607698370e-02, 5.0445286550047749e-02,
       1.0911163171415097e+00 ]
T: !!opencv-matrix
   rows: 3
   cols: 1
   dt: d
   data: [ -6.3113810461390019e-03, 4.0078840561572521e-04,
       3.9843539468418962e-04 ]
E: !!opencv-matrix
   rows: 0
   cols: 0
   dt: u
   data: []
F: !!opencv-matrix
   rows: 0
   cols: 0
   dt: u
   data: []
K1: !!opencv-matrix
   rows: 3
   cols: 3
   dt: d
   data: [ 3.6627756984521932e+02, 0., 3.8060969928433269e+02, 0.,
       3.6653175179255015e+02, 2.3878059668569790e+02, 0., 0., 1. ]
D1: !!opencv-matrix
   rows: 5
   cols: 1
   dt: d
   data: [ -2.1859934914563901e-02, -9.9468572971318997e-04,
       1.6448003429794193e-03, -3.1164985765511365e-04,
       3.5195408316194161e-04 ]
P1: !!opencv-matrix
   rows: 3
   cols: 4
   dt: f
   data: [ 3.67506531e+02, 0., 4.13708740e+02, 0., 0., 3.67506531e+02,
       2.33928879e+02, 0., 0., 0., 1., 0. ]
R1: !!opencv-matrix
   rows: 3
   cols: 3
   dt: f
   data: [ 9.93176758e-01, -1.13481350e-01, -2.68681850e-02,
       1.12907127e-01, 9.93361771e-01, -2.20074989e-02, 2.91872695e-02,
       1.88237280e-02, 9.99396682e-01 ]
K2: !!opencv-matrix
   rows: 3
   cols: 3
   dt: d
   data: [ 3.6687495098581172e+02, 0., 3.7621769200552956e+02, 0.,
       3.6726361788508825e+02, 2.2399932895774910e+02, 0., 0., 1. ]
D2: !!opencv-matrix
   rows: 5
   cols: 1
   dt: d
   data: [ -2.2201337830972428e-02, -1.1445843221826492e-03,
       2.9199201696882579e-04, -7.1705872414221615e-04,
       5.1284674356775366e-04 ]
P2: !!opencv-matrix
   rows: 3
   cols: 4
   dt: f
   data: [ 3.67506531e+02, 0., 4.13708740e+02, -4.00989437e+00, 0.,
       3.67506531e+02, 2.33928879e+02, 0., 0., 0., 1., 0. ]
R2: !!opencv-matrix
   rows: 3
   cols: 3
   dt: f
   data: [ 9.96015012e-01, -6.32494316e-02, -6.28780946e-02,
       6.45233467e-02, 9.97745872e-01, 1.84383318e-02, 6.15701452e-02,
       -2.24219598e-02, 9.97850895e-01 ]
