%YAML:1.0
---
Q: !!opencv-matrix
   rows: 4
   cols: 4
   dt: f
   data: [ 1., 0., 0., -3.82541138e+02, 0., 1., 0., -2.31851212e+02, 0.,
       0., 0., 3.58742584e+02, 0., 0., 5.55584440e-03, 0. ]
R: !!opencv-matrix
   rows: 3
   cols: 3
   dt: d
   data: [ 9.9996211610182661e-01, 9.7367875626744090e-03,
       -3.1504421678264878e-03, -9.6828052742998511e-03,
       9.9990459518692054e-01, 9.2345995167914963e-03,
       3.2434916689312188e-03, -9.2038694609367488e-03,
       9.9994658280232285e-01 ]
T: !!opencv-matrix
   rows: 3
   cols: 1
   dt: d
   data: [ -1.7998702512119070e+02, 8.4077819920937902e-01,
       7.7264669275233866e-01 ]
E: !!opencv-matrix
   rows: 0
   cols: 0
   dt: u
   data: []
F: !!opencv-matrix
   rows: 0
   cols: 0
   dt: u
   data: []
K1: !!opencv-matrix
   rows: 3
   cols: 3
   dt: d
   data: [ 3.6627756984521932e+02, 0., 3.8060969928433269e+02, 0.,
       3.6653175179255015e+02, 2.3878059668569790e+02, 0., 0., 1. ]
D1: !!opencv-matrix
   rows: 5
   cols: 1
   dt: d
   data: [ -2.1859934914563901e-02, -9.9468572971318997e-04,
       1.6448003429794193e-03, -3.1164985765511365e-04,
       3.5195408316194161e-04 ]
P1: !!opencv-matrix
   rows: 3
   cols: 4
   dt: f
   data: [ 3.58742584e+02, 0., 3.82541138e+02, 0., 0., 3.58742584e+02,
       2.31851212e+02, 0., 0., 0., 1., 0. ]
R1: !!opencv-matrix
   rows: 3
   cols: 3
   dt: f
   data: [ 9.99958992e-01, 5.09299990e-03, -7.48782326e-03,
       -5.05853444e-03, 9.99976575e-01, 4.61458787e-03, 7.51114963e-03,
       -4.57652146e-03, 9.99961317e-01 ]
K2: !!opencv-matrix
   rows: 3
   cols: 3
   dt: d
   data: [ 3.6687495098581172e+02, 0., 3.7621769200552956e+02, 0.,
       3.6726361788508825e+02, 2.2399932895774910e+02, 0., 0., 1. ]
D2: !!opencv-matrix
   rows: 5
   cols: 1
   dt: d
   data: [ -2.2201337830972428e-02, -1.1445843221826492e-03,
       2.9199201696882579e-04, -7.1705872414221615e-04,
       5.1284674356775366e-04 ]
P2: !!opencv-matrix
   rows: 3
   cols: 4
   dt: f
   data: [ 3.58742584e+02, 0., 3.82541138e+02, -6.45703125e+04, 0.,
       3.58742584e+02, 2.31851212e+02, 0., 0., 0., 1., 0. ]
R2: !!opencv-matrix
   rows: 3
   cols: 3
   dt: f
   data: [ 9.99979854e-01, -4.67123277e-03, -4.29270463e-03,
       4.65145567e-03, 9.99978602e-01, -4.60560853e-03, 4.31412645e-03,
       4.58554877e-03, 9.99980152e-01 ]
