%YAML:1.0
---
Q: !!opencv-matrix
   rows: 4
   cols: 4
   dt: f
   data: [ 1., 0., 0., -4.30029846e+02, 0., 1., 0., -2.33932846e+02, 0.,
       0., 0., 3.65490326e+02, 0., 0., 5.82290161e-03, 0. ]
R: !!opencv-matrix
   rows: 3
   cols: 3
   dt: d
   data: [ 9.9139781398604299e-01, 9.9145243783295076e-03,
       -6.4998032424211077e-03, -8.8611098952228184e-03,
       1.0050787043750966e+00, 9.4939366163489664e-03,
       4.1268076734978561e-03, -9.2609819968329770e-03,
       1.0053404659493514e+00 ]
T: !!opencv-matrix
   rows: 3
   cols: 1
   dt: d
   data: [ -1.6512590449160871e+02, 1.0485988206346502e+01,
       1.0424190520944773e+01 ]
E: !!opencv-matrix
   rows: 0
   cols: 0
   dt: u
   data: []
F: !!opencv-matrix
   rows: 0
   cols: 0
   dt: u
   data: []
K1: !!opencv-matrix
   rows: 3
   cols: 3
   dt: d
   data: [ 3.6627756984521932e+02, 0., 3.8060969928433269e+02, 0.,
       3.6653175179255015e+02, 2.3878059668569790e+02, 0., 0., 1. ]
D1: !!opencv-matrix
   rows: 5
   cols: 1
   dt: d
   data: [ -2.1859934914563901e-02, -9.9468572971318997e-04,
       1.6448003429794193e-03, -3.1164985765511365e-04,
       3.5195408316194161e-04 ]
P1: !!opencv-matrix
   rows: 3
   cols: 4
   dt: f
   data: [ 3.65490326e+02, 0., 4.30029846e+02, 0., 0., 3.65490326e+02,
       2.33932846e+02, 0., 0., 0., 1., 0. ]
R1: !!opencv-matrix
   rows: 3
   cols: 3
   dt: f
   data: [ 9.96252775e-01, -5.29822111e-02, -6.83612898e-02,
       5.32844849e-02, 9.98575985e-01, 2.60458770e-03, 6.81259483e-02,
       -6.23742398e-03, 9.97657239e-01 ]
K2: !!opencv-matrix
   rows: 3
   cols: 3
   dt: d
   data: [ 3.6687495098581172e+02, 0., 3.7621769200552956e+02, 0.,
       3.6726361788508825e+02, 2.2399932895774910e+02, 0., 0., 1. ]
D2: !!opencv-matrix
   rows: 5
   cols: 1
   dt: d
   data: [ -2.2201337830972428e-02, -1.1445843221826492e-03,
       2.9199201696882579e-04, -7.1705872414221615e-04,
       5.1284674356775366e-04 ]
P2: !!opencv-matrix
   rows: 3
   cols: 4
   dt: f
   data: [ 3.65490326e+02, 0., 4.30029846e+02, -6.27677305e+04, 0.,
       3.65490326e+02, 2.33932846e+02, 0., 0., 0., 1., 0. ]
R2: !!opencv-matrix
   rows: 3
   cols: 3
   dt: f
   data: [ 9.96015012e-01, -6.32499233e-02, -6.28771409e-02,
       6.29707873e-02, 9.97994781e-01, -6.41323254e-03, 6.31566942e-02,
       2.42825295e-03, 9.98000681e-01 ]
