%YAML:1.0
---
Q: !!opencv-matrix
   rows: 4
   cols: 4
   dt: f
   data: [ 1., 0., 0., -4.10961609e+02, 0., 1., 0., -2.33704651e+02, 0.,
       0., 0., 3.68609772e+02, 0., 0., 1.97924763e-01, 0. ]
R: !!opencv-matrix
   rows: 3
   cols: 3
   dt: d
   data: [ 1.0507965065289826e+00, -5.4747151743114231e-02,
       2.6614721869615571e-02, 4.7100609814384846e-02,
       1.0500925222038853e+00, -4.4240849436577100e-02,
       -4.9223448368900427e-02, 4.8620612834399272e-02,
       1.0508344506136560e+00 ]
T: !!opencv-matrix
   rows: 3
   cols: 1
   dt: d
   data: [ -3.1891508254632681e+00, 2.0251901515211718e-01,
       2.0133004313082462e-01 ]
E: !!opencv-matrix
   rows: 0
   cols: 0
   dt: u
   data: []
F: !!opencv-matrix
   rows: 0
   cols: 0
   dt: u
   data: []
K1: !!opencv-matrix
   rows: 3
   cols: 3
   dt: d
   data: [ 3.6627756984521932e+02, 0., 3.8060969928433269e+02, 0.,
       3.6653175179255015e+02, 2.3878059668569790e+02, 0., 0., 1. ]
D1: !!opencv-matrix
   rows: 5
   cols: 1
   dt: d
   data: [ -2.1859934914563901e-02, -9.9468572971318997e-04,
       1.6448003429794193e-03, -3.1164985765511365e-04,
       3.5195408316194161e-04 ]
P1: !!opencv-matrix
   rows: 3
   cols: 4
   dt: f
   data: [ 3.68609772e+02, 0., 4.10961609e+02, 0., 0., 3.68609772e+02,
       2.33704651e+02, 0., 0., 0., 1., 0. ]
R1: !!opencv-matrix
   rows: 3
   cols: 3
   dt: f
   data: [ 9.93535697e-01, -1.11768708e-01, -1.98636856e-02,
       1.11334242e-01, 9.93544340e-01, -2.17797700e-02, 2.21697502e-02,
       1.94274709e-02, 9.99565423e-01 ]
K2: !!opencv-matrix
   rows: 3
   cols: 3
   dt: d
   data: [ 3.6687495098581172e+02, 0., 3.7621769200552956e+02, 0.,
       3.6726361788508825e+02, 2.2399932895774910e+02, 0., 0., 1. ]
D2: !!opencv-matrix
   rows: 5
   cols: 1
   dt: d
   data: [ -2.2201337830972428e-02, -1.1445843221826492e-03,
       2.9199201696882579e-04, -7.1705872414221615e-04,
       5.1284674356775366e-04 ]
P2: !!opencv-matrix
   rows: 3
   cols: 4
   dt: f
   data: [ 3.68609772e+02, 0., 4.10961609e+02, -1.86237305e+03, 0.,
       3.68609772e+02, 2.33704651e+02, 0., 0., 0., 1., 0. ]
R2: !!opencv-matrix
   rows: 3
   cols: 3
   dt: f
   data: [ 9.96015012e-01, -6.32494316e-02, -6.28781021e-02,
       6.45348430e-02, 9.97741640e-01, 1.86246242e-02, 6.15581013e-02,
       -2.26082336e-02, 9.97847438e-01 ]
