%YAML:1.0
---
Q: !!opencv-matrix
   rows: 4
   cols: 4
   dt: f
   data: [ 1., 0., 0., -4.10267456e+02, 0., 1., 0., -2.33647339e+02, 0.,
       0., 0., 3.68926514e+02, 0., 0., 1.56002730e-01, 0. ]
R: !!opencv-matrix
   rows: 3
   cols: 3
   dt: d
   data: [ 1.0447741501561911e+00, -5.1598017266105578e-02,
       3.3453652147850746e-02, 4.6874606802337404e-02,
       1.0442981736037702e+00, -4.4447696304791839e-02,
       -4.8934731314334533e-02, 4.8180396055742217e-02,
       1.0447768107900586e+00 ]
T: !!opencv-matrix
   rows: 3
   cols: 1
   dt: d
   data: [ -5.0322908379122113e+00, 3.1956299362957913e-01,
       3.1768686996105661e-01 ]
E: !!opencv-matrix
   rows: 0
   cols: 0
   dt: u
   data: []
F: !!opencv-matrix
   rows: 0
   cols: 0
   dt: u
   data: []
K1: !!opencv-matrix
   rows: 3
   cols: 3
   dt: d
   data: [ 3.6627756984521932e+02, 0., 3.8060969928433269e+02, 0.,
       3.6653175179255015e+02, 2.3878059668569790e+02, 0., 0., 1. ]
D1: !!opencv-matrix
   rows: 5
   cols: 1
   dt: d
   data: [ -2.1859934914563901e-02, -9.9468572971318997e-04,
       1.6448003429794193e-03, -3.1164985765511365e-04,
       3.5195408316194161e-04 ]
P1: !!opencv-matrix
   rows: 3
   cols: 4
   dt: f
   data: [ 3.68926514e+02, 0., 4.10267456e+02, 0., 0., 3.68926514e+02,
       2.33647339e+02, 0., 0., 0., 1., 0. ]
R1: !!opencv-matrix
   rows: 3
   cols: 3
   dt: f
   data: [ 9.93643820e-01, -1.11106291e-01, -1.80927310e-02,
       1.10707626e-01, 9.93615627e-01, -2.17211638e-02, 2.03905776e-02,
       1.95800979e-02, 9.99600351e-01 ]
K2: !!opencv-matrix
   rows: 3
   cols: 3
   dt: d
   data: [ 3.6687495098581172e+02, 0., 3.7621769200552956e+02, 0.,
       3.6726361788508825e+02, 2.2399932895774910e+02, 0., 0., 1. ]
D2: !!opencv-matrix
   rows: 5
   cols: 1
   dt: d
   data: [ -2.2201337830972428e-02, -1.1445843221826492e-03,
       2.9199201696882579e-04, -7.1705872414221615e-04,
       5.1284674356775366e-04 ]
P2: !!opencv-matrix
   rows: 3
   cols: 4
   dt: f
   data: [ 3.68926514e+02, 0., 4.10267456e+02, -2.36487207e+03, 0.,
       3.68926514e+02, 2.33647339e+02, 0., 0., 0., 1., 0. ]
R2: !!opencv-matrix
   rows: 3
   cols: 3
   dt: f
   data: [ 9.96015012e-01, -6.32494316e-02, -6.28780946e-02,
       6.45377114e-02, 9.97740567e-01, 1.86711065e-02, 6.15550913e-02,
       -2.26547103e-02, 9.97846544e-01 ]
