%YAML:1.0
---
Q: !!opencv-matrix
   rows: 4
   cols: 4
   dt: f
   data: [ 1., 0., 0., -4.28415009e+02, 0., 1., 0., -2.33879990e+02, 0.,
       0., 0., 3.72734985e+02, 0., 0., 8.40438530e-03, 0. ]
R: !!opencv-matrix
   rows: 3
   cols: 3
   dt: d
   data: [ 1.0122706560605708e+00, 1.4839894814502002e-02,
       -4.0833647186190964e-03, -9.8676946828226211e-03,
       1.0097870907705520e+00, -4.3563556314862542e-02,
       3.2027422273196858e-03, 4.3293319721503992e-02,
       1.0101822727230612e+00 ]
T: !!opencv-matrix
   rows: 3
   cols: 1
   dt: d
   data: [ -1.1992235613649216e+02, 7.6155259068111461e+00,
       7.5700260221239111e+00 ]
E: !!opencv-matrix
   rows: 0
   cols: 0
   dt: u
   data: []
F: !!opencv-matrix
   rows: 0
   cols: 0
   dt: u
   data: []
K1: !!opencv-matrix
   rows: 3
   cols: 3
   dt: d
   data: [ 3.6627756984521932e+02, 0., 3.8060969928433269e+02, 0.,
       3.6653175179255015e+02, 2.3878059668569790e+02, 0., 0., 1. ]
D1: !!opencv-matrix
   rows: 5
   cols: 1
   dt: d
   data: [ -2.1859934914563901e-02, -9.9468572971318997e-04,
       1.6448003429794193e-03, -3.1164985765511365e-04,
       3.5195408316194161e-04 ]
P1: !!opencv-matrix
   rows: 3
   cols: 4
   dt: f
   data: [ 3.72734985e+02, 0., 4.28415009e+02, 0., 0., 3.72734985e+02,
       2.33879990e+02, 0., 0., 0., 1., 0. ]
R1: !!opencv-matrix
   rows: 3
   cols: 3
   dt: f
   data: [ 9.96517599e-01, -5.32024167e-02, -6.42046183e-02,
       5.17957881e-02, 9.98383999e-01, -2.33788416e-02, 6.53446764e-02,
       1.99718978e-02, 9.97662842e-01 ]
K2: !!opencv-matrix
   rows: 3
   cols: 3
   dt: d
   data: [ 3.6687495098581172e+02, 0., 3.7621769200552956e+02, 0.,
       3.6726361788508825e+02, 2.2399932895774910e+02, 0., 0., 1. ]
D2: !!opencv-matrix
   rows: 5
   cols: 1
   dt: d
   data: [ -2.2201337830972428e-02, -1.1445843221826492e-03,
       2.9199201696882579e-04, -7.1705872414221615e-04,
       5.1284674356775366e-04 ]
P2: !!opencv-matrix
   rows: 3
   cols: 4
   dt: f
   data: [ 3.72734985e+02, 0., 4.28415009e+02, -4.43500586e+04, 0.,
       3.72734985e+02, 2.33879990e+02, 0., 0., 0., 1., 0. ]
R2: !!opencv-matrix
   rows: 3
   cols: 3
   dt: f
   data: [ 9.96015251e-01, -6.32507578e-02, -6.28728569e-02,
       6.46011829e-02, 9.97717083e-01, 1.96810234e-02, 6.14844821e-02,
       -2.36642603e-02, 9.97827470e-01 ]
