%YAML:1.0
---
Q: !!opencv-matrix
   rows: 4
   cols: 4
   dt: f
   data: [ 1., 0., 0., -3.68821228e+02, 0., 1., 0., -2.31896149e+02, 0.,
       0., 0., 3.53893158e+02, 0., 0., 2.47531896e-03, 0. ]
R: !!opencv-matrix
   rows: 3
   cols: 3
   dt: d
   data: [ 1.0144022598776943e+00, 9.7140488280694076e-03,
       3.1611660486465423e-02, -8.9102027881272049e-03,
       1.0140683098075236e+00, -2.6364035467230974e-02,
       -3.2105789167046428e-02, 2.6071164778563107e-02,
       1.0136076847363626e+00 ]
T: !!opencv-matrix
   rows: 3
   cols: 1
   dt: d
   data: [ -4.0527916860049049e+02, 1.7877716024881019e+00,
       1.6427651559707452e+00 ]
E: !!opencv-matrix
   rows: 0
   cols: 0
   dt: u
   data: []
F: !!opencv-matrix
   rows: 0
   cols: 0
   dt: u
   data: []
K1: !!opencv-matrix
   rows: 3
   cols: 3
   dt: d
   data: [ 3.6627756984521932e+02, 0., 3.8060969928433269e+02, 0.,
       3.6653175179255015e+02, 2.3878059668569790e+02, 0., 0., 1. ]
D1: !!opencv-matrix
   rows: 5
   cols: 1
   dt: d
   data: [ -2.1859934914563901e-02, -9.9468572971318997e-04,
       1.6448003429794193e-03, -3.1164985765511365e-04,
       3.5195408316194161e-04 ]
P1: !!opencv-matrix
   rows: 3
   cols: 4
   dt: f
   data: [ 3.53893158e+02, 0., 3.68821228e+02, 0., 0., 3.53893158e+02,
       2.31896149e+02, 0., 0., 0., 1., 0. ]
R1: !!opencv-matrix
   rows: 3
   cols: 3
   dt: f
   data: [ 9.99614477e-01, 5.07599767e-03, 2.72968039e-02,
       -4.72340081e-03, 9.99904752e-01, -1.29661411e-02, -2.73600221e-02,
       1.28322085e-02, 9.99543250e-01 ]
K2: !!opencv-matrix
   rows: 3
   cols: 3
   dt: d
   data: [ 3.6687495098581172e+02, 0., 3.7621769200552956e+02, 0.,
       3.6726361788508825e+02, 2.2399932895774910e+02, 0., 0., 1. ]
D2: !!opencv-matrix
   rows: 5
   cols: 1
   dt: d
   data: [ -2.2201337830972428e-02, -1.1445843221826492e-03,
       2.9199201696882579e-04, -7.1705872414221615e-04,
       5.1284674356775366e-04 ]
P2: !!opencv-matrix
   rows: 3
   cols: 4
   dt: f
   data: [ 3.53893158e+02, 0., 3.68821228e+02, -1.42968703e+05, 0.,
       3.53893158e+02, 2.31896149e+02, 0., 0., 0., 1., 0. ]
R2: !!opencv-matrix
   rows: 3
   cols: 3
   dt: f
   data: [ 9.99982059e-01, -4.41113114e-03, -4.05334355e-03,
       4.46305424e-03, 9.99906957e-01, 1.28914313e-02, 3.99610028e-03,
       -1.29092894e-02, 9.99908686e-01 ]
