%YAML:1.0
---
Q: !!opencv-matrix
   rows: 4
   cols: 4
   dt: f
   data: [ 1., 0., 0., -3.68755249e+02, 0., 1., 0., -2.31896408e+02, 0.,
       0., 0., 3.53864624e+02, 0., 0., 2.37707375e-03, 0. ]
R: !!opencv-matrix
   rows: 3
   cols: 3
   dt: d
   data: [ 1.0138822400195808e+00, 9.7133593644083381e-03,
       3.1845301247909338e-02, -8.9078637396709688e-03,
       1.0140579946169159e+00, -2.6364799282833636e-02,
       -3.2103396478318981e-02, 2.6070901902210310e-02,
       1.0135964232710226e+00 ]
T: !!opencv-matrix
   rows: 3
   cols: 1
   dt: d
   data: [ -4.2254087794722324e+02, 1.8639166501368103e+00,
       1.7127341346567100e+00 ]
E: !!opencv-matrix
   rows: 0
   cols: 0
   dt: u
   data: []
F: !!opencv-matrix
   rows: 0
   cols: 0
   dt: u
   data: []
K1: !!opencv-matrix
   rows: 3
   cols: 3
   dt: d
   data: [ 3.6627756984521932e+02, 0., 3.8060969928433269e+02, 0.,
       3.6653175179255015e+02, 2.3878059668569790e+02, 0., 0., 1. ]
D1: !!opencv-matrix
   rows: 5
   cols: 1
   dt: d
   data: [ -2.1859934914563901e-02, -9.9468572971318997e-04,
       1.6448003429794193e-03, -3.1164985765511365e-04,
       3.5195408316194161e-04 ]
P1: !!opencv-matrix
   rows: 3
   cols: 4
   dt: f
   data: [ 3.53864624e+02, 0., 3.68755249e+02, 0., 0., 3.53864624e+02,
       2.31896408e+02, 0., 0., 0., 1., 0. ]
R1: !!opencv-matrix
   rows: 3
   cols: 3
   dt: f
   data: [ 9.99609888e-01, 5.07237064e-03, 2.74652299e-02,
       -4.71760798e-03, 9.99904811e-01, -1.29662277e-02, -2.75283847e-02,
       1.28315995e-02, 9.99538660e-01 ]
K2: !!opencv-matrix
   rows: 3
   cols: 3
   dt: d
   data: [ 3.6687495098581172e+02, 0., 3.7621769200552956e+02, 0.,
       3.6726361788508825e+02, 2.2399932895774910e+02, 0., 0., 1. ]
D2: !!opencv-matrix
   rows: 5
   cols: 1
   dt: d
   data: [ -2.2201337830972428e-02, -1.1445843221826492e-03,
       2.9199201696882579e-04, -7.1705872414221615e-04,
       5.1284674356775366e-04 ]
P2: !!opencv-matrix
   rows: 3
   cols: 4
   dt: f
   data: [ 3.53864624e+02, 0., 3.68755249e+02, -1.48865641e+05, 0.,
       3.53864624e+02, 2.31896408e+02, 0., 0., 0., 1., 0. ]
R2: !!opencv-matrix
   rows: 3
   cols: 3
   dt: f
   data: [ 9.99982059e-01, -4.41113114e-03, -4.05334355e-03,
       4.46305331e-03, 9.99906957e-01, 1.28911845e-02, 3.99610167e-03,
       -1.29090436e-02, 9.99908686e-01 ]
