%YAML:1.0
---
Q: !!opencv-matrix
   rows: 4
   cols: 4
   dt: f
   data: [ 1., 0., 0., -3.68837952e+02, 0., 1., 0., -2.31896103e+02, 0.,
       0., 0., 3.53899445e+02, 0., 0., 2.48170504e-03, 0. ]
R: !!opencv-matrix
   rows: 3
   cols: 3
   dt: d
   data: [ 1.0146134978191323e+00, 9.7251637895378520e-03,
       3.1524248559325424e-02, -8.9109362003846199e-03,
       1.0140228983726995e+00, -2.6362476816580563e-02,
       -3.2105393198423052e-02, 2.6069951771317514e-02,
       1.0135626934410511e+00 ]
T: !!opencv-matrix
   rows: 3
   cols: 1
   dt: d
   data: [ -4.0398107384509711e+02, 1.7820454278653528e+00,
       1.6375034106502140e+00 ]
E: !!opencv-matrix
   rows: 0
   cols: 0
   dt: u
   data: []
F: !!opencv-matrix
   rows: 0
   cols: 0
   dt: u
   data: []
K1: !!opencv-matrix
   rows: 3
   cols: 3
   dt: d
   data: [ 3.6627756984521932e+02, 0., 3.8060969928433269e+02, 0.,
       3.6653175179255015e+02, 2.3878059668569790e+02, 0., 0., 1. ]
D1: !!opencv-matrix
   rows: 5
   cols: 1
   dt: d
   data: [ -2.1859934914563901e-02, -9.9468572971318997e-04,
       1.6448003429794193e-03, -3.1164985765511365e-04,
       3.5195408316194161e-04 ]
P1: !!opencv-matrix
   rows: 3
   cols: 4
   dt: f
   data: [ 3.53899445e+02, 0., 3.68837952e+02, 0., 0., 3.53899445e+02,
       2.31896103e+02, 0., 0., 0., 1., 0. ]
R1: !!opencv-matrix
   rows: 3
   cols: 3
   dt: f
   data: [ 9.99615610e-01, 5.08100726e-03, 2.72540990e-02,
       -4.72895894e-03, 9.99904752e-01, -1.29662026e-02, -2.73173843e-02,
       1.28323352e-02, 9.99544442e-01 ]
K2: !!opencv-matrix
   rows: 3
   cols: 3
   dt: d
   data: [ 3.6687495098581172e+02, 0., 3.7621769200552956e+02, 0.,
       3.6726361788508825e+02, 2.2399932895774910e+02, 0., 0., 1. ]
D2: !!opencv-matrix
   rows: 5
   cols: 1
   dt: d
   data: [ -2.2201337830972428e-02, -1.1445843221826492e-03,
       2.9199201696882579e-04, -7.1705872414221615e-04,
       5.1284674356775366e-04 ]
P2: !!opencv-matrix
   rows: 3
   cols: 4
   dt: f
   data: [ 3.53899445e+02, 0., 3.68837952e+02, -1.42603344e+05, 0.,
       3.53899445e+02, 2.31896103e+02, 0., 0., 0., 1., 0. ]
R2: !!opencv-matrix
   rows: 3
   cols: 3
   dt: f
   data: [ 9.99982059e-01, -4.41113114e-03, -4.05334355e-03,
       4.46305424e-03, 9.99906957e-01, 1.28915217e-02, 3.99609981e-03,
       -1.29093807e-02, 9.99908686e-01 ]
