%YAML:1.0
---
Q: !!opencv-matrix
   rows: 4
   cols: 4
   dt: f
   data: [ 1., 0., 0., -3.82353424e+02, 0., 1., 0., -2.31849960e+02, 0.,
       0., 0., 3.58603271e+02, 0., 0., 2.70662876e-03, 0. ]
R: !!opencv-matrix
   rows: 3
   cols: 3
   dt: d
   data: [ 1.0136734979881656e+00, 9.8319027336248675e-03,
       -3.2074015713615413e-03, -9.8157497399755413e-03,
       1.0136421897003700e+00, 9.3615783331951526e-03,
       3.2878331915078543e-03, -9.3300503067609755e-03,
       1.0136846870811831e+00 ]
T: !!opencv-matrix
   rows: 3
   cols: 1
   dt: d
   data: [ -3.7087732153858207e+02, 1.6359620436573998e+00,
       1.5032293211401726e+00 ]
E: !!opencv-matrix
   rows: 0
   cols: 0
   dt: u
   data: []
F: !!opencv-matrix
   rows: 0
   cols: 0
   dt: u
   data: []
K1: !!opencv-matrix
   rows: 3
   cols: 3
   dt: d
   data: [ 3.6627756984521932e+02, 0., 3.8060969928433269e+02, 0.,
       3.6653175179255015e+02, 2.3878059668569790e+02, 0., 0., 1. ]
D1: !!opencv-matrix
   rows: 5
   cols: 1
   dt: d
   data: [ -2.1859934914563901e-02, -9.9468572971318997e-04,
       1.6448003429794193e-03, -3.1164985765511365e-04,
       3.5195408316194161e-04 ]
P1: !!opencv-matrix
   rows: 3
   cols: 4
   dt: f
   data: [ 3.58603271e+02, 0., 3.82353424e+02, 0., 0., 3.58603271e+02,
       2.31849960e+02, 0., 0., 0., 1., 0. ]
R1: !!opencv-matrix
   rows: 3
   cols: 3
   dt: f
   data: [ 9.99959469e-01, 5.33244479e-03, -7.25209340e-03,
       -5.29905502e-03, 9.99975324e-01, 4.61559789e-03, 7.27652665e-03,
       -4.57698153e-03, 9.99963045e-01 ]
K2: !!opencv-matrix
   rows: 3
   cols: 3
   dt: d
   data: [ 3.6687495098581172e+02, 0., 3.7621769200552956e+02, 0.,
       3.6726361788508825e+02, 2.2399932895774910e+02, 0., 0., 1. ]
D2: !!opencv-matrix
   rows: 5
   cols: 1
   dt: d
   data: [ -2.2201337830972428e-02, -1.1445843221826492e-03,
       2.9199201696882579e-04, -7.1705872414221615e-04,
       5.1284674356775366e-04 ]
P2: !!opencv-matrix
   rows: 3
   cols: 4
   dt: f
   data: [ 3.58603271e+02, 0., 3.82353424e+02, -1.32490750e+05, 0.,
       3.58603271e+02, 2.31849960e+02, 0., 0., 0., 1., 0. ]
R2: !!opencv-matrix
   rows: 3
   cols: 3
   dt: f
   data: [ 9.99982059e-01, -4.41098073e-03, -4.05309862e-03,
       4.39230446e-03, 9.99979734e-01, -4.60525835e-03, 4.07333020e-03,
       4.58737323e-03, 9.99981165e-01 ]
