%YAML:1.0
---
Q: !!opencv-matrix
   rows: 4
   cols: 4
   dt: f
   data: [ 1., 0., 0., -3.68803284e+02, 0., 1., 0., -2.31896194e+02, 0.,
       0., 0., 3.53886383e+02, 0., 0., 2.46739062e-03, 0. ]
R: !!opencv-matrix
   rows: 3
   cols: 3
   dt: d
   data: [ 1.0141901159077724e+00, 9.7095992205991823e-03,
       3.1716841595233011e-02, -8.9094464199484316e-03,
       1.0141093571124233e+00, -2.6365560407196276e-02,
       -3.2106061805039408e-02, 2.6072239160683429e-02,
       1.0136482708813919e+00 ]
T: !!opencv-matrix
   rows: 3
   cols: 1
   dt: d
   data: [ -4.0702427027969128e+02, 1.7954696208188825e+00,
       1.6498388157834840e+00 ]
E: !!opencv-matrix
   rows: 0
   cols: 0
   dt: u
   data: []
F: !!opencv-matrix
   rows: 0
   cols: 0
   dt: u
   data: []
K1: !!opencv-matrix
   rows: 3
   cols: 3
   dt: d
   data: [ 3.6627756984521932e+02, 0., 3.8060969928433269e+02, 0.,
       3.6653175179255015e+02, 2.3878059668569790e+02, 0., 0., 1. ]
D1: !!opencv-matrix
   rows: 5
   cols: 1
   dt: d
   data: [ -2.1859934914563901e-02, -9.9468572971318997e-04,
       1.6448003429794193e-03, -3.1164985765511365e-04,
       3.5195408316194161e-04 ]
P1: !!opencv-matrix
   rows: 3
   cols: 4
   dt: f
   data: [ 3.53886383e+02, 0., 3.68803284e+02, 0., 0., 3.53886383e+02,
       2.31896194e+02, 0., 0., 0., 1., 0. ]
R1: !!opencv-matrix
   rows: 3
   cols: 3
   dt: f
   data: [ 9.99613285e-01, 5.07094199e-03, 2.73426026e-02,
       -4.71775746e-03, 9.99904811e-01, -1.29660815e-02, -2.74057500e-02,
       1.28320707e-02, 9.99541998e-01 ]
K2: !!opencv-matrix
   rows: 3
   cols: 3
   dt: d
   data: [ 3.6687495098581172e+02, 0., 3.7621769200552956e+02, 0.,
       3.6726361788508825e+02, 2.2399932895774910e+02, 0., 0., 1. ]
D2: !!opencv-matrix
   rows: 5
   cols: 1
   dt: d
   data: [ -2.2201337830972428e-02, -1.1445843221826492e-03,
       2.9199201696882579e-04, -7.1705872414221615e-04,
       5.1284674356775366e-04 ]
P2: !!opencv-matrix
   rows: 3
   cols: 4
   dt: f
   data: [ 3.53886383e+02, 0., 3.68803284e+02, -1.43425344e+05, 0.,
       3.53886383e+02, 2.31896194e+02, 0., 0., 0., 1., 0. ]
R2: !!opencv-matrix
   rows: 3
   cols: 3
   dt: f
   data: [ 9.99982059e-01, -4.41113114e-03, -4.05334355e-03,
       4.46305377e-03, 9.99906957e-01, 1.28913363e-02, 3.99610074e-03,
       -1.29091954e-02, 9.99908686e-01 ]
