%YAML:1.0
---
Q: !!opencv-matrix
   rows: 4
   cols: 4
   dt: f
   data: [ 1., 0., 0., -3.68803070e+02, 0., 1., 0., -2.31740967e+02, 0.,
       0., 0., 3.66528778e+02, 0., 0., 2.32625799e-03, 0. ]
R: !!opencv-matrix
   rows: 3
   cols: 3
   dt: d
   data: [ 1.0137990198952016e+00, -2.5622337457996514e-02,
       3.1812035955710187e-02, 2.6494657101338057e-02,
       1.0140076432306497e+00, -2.6371285628411650e-02,
       -3.1181650275188096e-02, 2.7182006315097200e-02,
       1.0138533524084432e+00 ]
T: !!opencv-matrix
   rows: 3
   cols: 1
   dt: d
   data: [ -4.3148312956701096e+02, 1.9033905595088507e+00,
       1.7493162147989154e+00 ]
E: !!opencv-matrix
   rows: 0
   cols: 0
   dt: u
   data: []
F: !!opencv-matrix
   rows: 0
   cols: 0
   dt: u
   data: []
K1: !!opencv-matrix
   rows: 3
   cols: 3
   dt: d
   data: [ 3.6627756984521932e+02, 0., 3.8060969928433269e+02, 0.,
       3.6653175179255015e+02, 2.3878059668569790e+02, 0., 0., 1. ]
D1: !!opencv-matrix
   rows: 5
   cols: 1
   dt: d
   data: [ -2.1859934914563901e-02, -9.9468572971318997e-04,
       1.6448003429794193e-03, -3.1164985765511365e-04,
       3.5195408316194161e-04 ]
P1: !!opencv-matrix
   rows: 3
   cols: 4
   dt: f
   data: [ 3.66528778e+02, 0., 3.68803070e+02, 0., 0., 3.66528778e+02,
       2.31740967e+02, 0., 0., 0., 1., 0. ]
R1: !!opencv-matrix
   rows: 3
   cols: 3
   dt: f
   data: [ 9.99179602e-01, -2.97774393e-02, 2.74491068e-02,
       3.01356036e-02, 9.99464750e-01, -1.27282366e-02, -2.70554014e-02,
       1.35449897e-02, 9.99542177e-01 ]
K2: !!opencv-matrix
   rows: 3
   cols: 3
   dt: d
   data: [ 3.6687495098581172e+02, 0., 3.7621769200552956e+02, 0.,
       3.6726361788508825e+02, 2.2399932895774910e+02, 0., 0., 1. ]
D2: !!opencv-matrix
   rows: 5
   cols: 1
   dt: d
   data: [ -2.2201337830972428e-02, -1.1445843221826492e-03,
       2.9199201696882579e-04, -7.1705872414221615e-04,
       5.1284674356775366e-04 ]
P2: !!opencv-matrix
   rows: 3
   cols: 4
   dt: f
   data: [ 3.66528778e+02, 0., 3.68803070e+02, -1.57561531e+05, 0.,
       3.66528778e+02, 2.31740967e+02, 0., 0., 0., 1., 0. ]
R2: !!opencv-matrix
   rows: 3
   cols: 3
   dt: f
   data: [ 9.99982059e-01, -4.41119540e-03, -4.05412121e-03,
       4.46408335e-03, 9.99903858e-01, 1.31303184e-02, 3.99581064e-03,
       -1.31481811e-02, 9.99905586e-01 ]
