%YAML:1.0
---
Q: !!opencv-matrix
   rows: 4
   cols: 4
   dt: f
   data: [ 1., 0., 0., -3.68798309e+02, 0., 1., 0., -2.31740921e+02, 0.,
       0., 0., 3.66532318e+02, 0., 0., 2.33279821e-03, 0. ]
R: !!opencv-matrix
   rows: 3
   cols: 3
   dt: d
   data: [ 1.0138016191881072e+00, -2.5600552867777245e-02,
       3.1821617762128662e-02, 2.6495025837954975e-02,
       1.0140199954709779e+00, -2.6371649953405917e-02,
       -3.1181993189686157e-02, 2.7182250453954386e-02,
       1.0138657629769827e+00 ]
T: !!opencv-matrix
   rows: 3
   cols: 1
   dt: d
   data: [ -4.2986721857356588e+02, 1.8962623326054000e+00,
       1.7427650002482435e+00 ]
E: !!opencv-matrix
   rows: 0
   cols: 0
   dt: u
   data: []
F: !!opencv-matrix
   rows: 0
   cols: 0
   dt: u
   data: []
K1: !!opencv-matrix
   rows: 3
   cols: 3
   dt: d
   data: [ 3.6627756984521932e+02, 0., 3.8060969928433269e+02, 0.,
       3.6653175179255015e+02, 2.3878059668569790e+02, 0., 0., 1. ]
D1: !!opencv-matrix
   rows: 5
   cols: 1
   dt: d
   data: [ -2.1859934914563901e-02, -9.9468572971318997e-04,
       1.6448003429794193e-03, -3.1164985765511365e-04,
       3.5195408316194161e-04 ]
P1: !!opencv-matrix
   rows: 3
   cols: 4
   dt: f
   data: [ 3.66532318e+02, 0., 3.68798309e+02, 0., 0., 3.66532318e+02,
       2.31740921e+02, 0., 0., 0., 1., 0. ]
R1: !!opencv-matrix
   rows: 3
   cols: 3
   dt: f
   data: [ 9.99179542e-01, -2.97679231e-02, 2.74612196e-02,
       3.01262513e-02, 9.99465048e-01, -1.27283381e-02, -2.70676333e-02,
       1.35451993e-02, 9.99541819e-01 ]
K2: !!opencv-matrix
   rows: 3
   cols: 3
   dt: d
   data: [ 3.6687495098581172e+02, 0., 3.7621769200552956e+02, 0.,
       3.6726361788508825e+02, 2.2399932895774910e+02, 0., 0., 1. ]
D2: !!opencv-matrix
   rows: 5
   cols: 1
   dt: d
   data: [ -2.2201337830972428e-02, -1.1445843221826492e-03,
       2.9199201696882579e-04, -7.1705872414221615e-04,
       5.1284674356775366e-04 ]
P2: !!opencv-matrix
   rows: 3
   cols: 4
   dt: f
   data: [ 3.66532318e+02, 0., 3.68798309e+02, -1.57121313e+05, 0.,
       3.66532318e+02, 2.31740921e+02, 0., 0., 0., 1., 0. ]
R2: !!opencv-matrix
   rows: 3
   cols: 3
   dt: f
   data: [ 9.99982059e-01, -4.41119540e-03, -4.05412121e-03,
       4.46408382e-03, 9.99903798e-01, 1.31304739e-02, 3.99581017e-03,
       -1.31483367e-02, 9.99905586e-01 ]
