%YAML:1.0
---
Q: !!opencv-matrix
   rows: 4
   cols: 4
   dt: f
   data: [ 1., 0., 0., -3.68795563e+02, 0., 1., 0., -2.31740662e+02, 0.,
       0., 0., 3.66540070e+02, 0., 0., 2.29059393e-03, 0. ]
R: !!opencv-matrix
   rows: 3
   cols: 3
   dt: d
   data: [ 1.0138036129978012e+00, -2.5684145120889668e-02,
       3.1853408049199144e-02, 2.6492886176330867e-02,
       1.0139505968368792e+00, -2.6369985203139823e-02,
       -3.1180138449590045e-02, 2.7180726074306546e-02,
       1.0137958606758568e+00 ]
T: !!opencv-matrix
   rows: 3
   cols: 1
   dt: d
   data: [ -4.3804765604262826e+02, 1.9323484862243734e+00,
       1.7759300673028688e+00 ]
E: !!opencv-matrix
   rows: 0
   cols: 0
   dt: u
   data: []
F: !!opencv-matrix
   rows: 0
   cols: 0
   dt: u
   data: []
K1: !!opencv-matrix
   rows: 3
   cols: 3
   dt: d
   data: [ 3.6627756984521932e+02, 0., 3.8060969928433269e+02, 0.,
       3.6653175179255015e+02, 2.3878059668569790e+02, 0., 0., 1. ]
D1: !!opencv-matrix
   rows: 5
   cols: 1
   dt: d
   data: [ -2.1859934914563901e-02, -9.9468572971318997e-04,
       1.6448003429794193e-03, -3.1164985765511365e-04,
       3.5195408316194161e-04 ]
P1: !!opencv-matrix
   rows: 3
   cols: 4
   dt: f
   data: [ 3.66540070e+02, 0., 3.68795563e+02, 0., 0., 3.66540070e+02,
       2.31740662e+02, 0., 0., 0., 1., 0. ]
R1: !!opencv-matrix
   rows: 3
   cols: 3
   dt: f
   data: [ 9.99177933e-01, -2.98150759e-02, 2.74683330e-02,
       3.01734880e-02, 9.99463618e-01, -1.27273137e-02, -2.70741340e-02,
       1.35456659e-02, 9.99541640e-01 ]
K2: !!opencv-matrix
   rows: 3
   cols: 3
   dt: d
   data: [ 3.6687495098581172e+02, 0., 3.7621769200552956e+02, 0.,
       3.6726361788508825e+02, 2.2399932895774910e+02, 0., 0., 1. ]
D2: !!opencv-matrix
   rows: 5
   cols: 1
   dt: d
   data: [ -2.2201337830972428e-02, -1.1445843221826492e-03,
       2.9199201696882579e-04, -7.1705872414221615e-04,
       5.1284674356775366e-04 ]
P2: !!opencv-matrix
   rows: 3
   cols: 4
   dt: f
   data: [ 3.66540070e+02, 0., 3.68795563e+02, -1.60019672e+05, 0.,
       3.66540070e+02, 2.31740662e+02, 0., 0., 0., 1., 0. ]
R2: !!opencv-matrix
   rows: 3
   cols: 3
   dt: f
   data: [ 9.99982059e-01, -4.41119540e-03, -4.05412121e-03,
       4.46408289e-03, 9.99903858e-01, 1.31302001e-02, 3.99581110e-03,
       -1.31480629e-02, 9.99905586e-01 ]
