%YAML:1.0
---
Q: !!opencv-matrix
   rows: 4
   cols: 4
   dt: f
   data: [ 1., 0., 0., -3.68803009e+02, 0., 1., 0., -2.31740875e+02, 0.,
       0., 0., 3.66531372e+02, 0., 0., 2.30603246e-03, 0. ]
R: !!opencv-matrix
   rows: 3
   cols: 3
   dt: d
   data: [ 1.0138166511209239e+00, -2.5677754633010499e-02,
       3.1860894962707074e-02, 2.6493084705520684e-02,
       1.0139589518812524e+00, -2.6370235116559147e-02,
       -3.1180415146123821e-02, 2.7180924058270873e-02,
       1.0138042142821511e+00 ]
T: !!opencv-matrix
   rows: 3
   cols: 1
   dt: d
   data: [ -4.3656017017075658e+02, 1.9257867772958430e+00,
       1.7698995078450117e+00 ]
E: !!opencv-matrix
   rows: 0
   cols: 0
   dt: u
   data: []
F: !!opencv-matrix
   rows: 0
   cols: 0
   dt: u
   data: []
K1: !!opencv-matrix
   rows: 3
   cols: 3
   dt: d
   data: [ 3.6627756984521932e+02, 0., 3.8060969928433269e+02, 0.,
       3.6653175179255015e+02, 2.3878059668569790e+02, 0., 0., 1. ]
D1: !!opencv-matrix
   rows: 5
   cols: 1
   dt: d
   data: [ -2.1859934914563901e-02, -9.9468572971318997e-04,
       1.6448003429794193e-03, -3.1164985765511365e-04,
       3.5195408316194161e-04 ]
P1: !!opencv-matrix
   rows: 3
   cols: 4
   dt: f
   data: [ 3.66531372e+02, 0., 3.68803009e+02, 0., 0., 3.66531372e+02,
       2.31740875e+02, 0., 0., 0., 1., 0. ]
R1: !!opencv-matrix
   rows: 3
   cols: 3
   dt: f
   data: [ 9.99178886e-01, -2.98009310e-02, 2.74492856e-02,
       3.01590916e-02, 9.99464095e-01, -1.27277523e-02, -2.70552766e-02,
       1.35451471e-02, 9.99542177e-01 ]
K2: !!opencv-matrix
   rows: 3
   cols: 3
   dt: d
   data: [ 3.6687495098581172e+02, 0., 3.7621769200552956e+02, 0.,
       3.6726361788508825e+02, 2.2399932895774910e+02, 0., 0., 1. ]
D2: !!opencv-matrix
   rows: 5
   cols: 1
   dt: d
   data: [ -2.2201337830972428e-02, -1.1445843221826492e-03,
       2.9199201696882579e-04, -7.1705872414221615e-04,
       5.1284674356775366e-04 ]
P2: !!opencv-matrix
   rows: 3
   cols: 4
   dt: f
   data: [ 3.66531372e+02, 0., 3.68803009e+02, -1.58944594e+05, 0.,
       3.66531372e+02, 2.31740875e+02, 0., 0., 0., 1., 0. ]
R2: !!opencv-matrix
   rows: 3
   cols: 3
   dt: f
   data: [ 9.99982059e-01, -4.41119540e-03, -4.05412121e-03,
       4.46408242e-03, 9.99903858e-01, 1.31301573e-02, 3.99581157e-03,
       -1.31480191e-02, 9.99905586e-01 ]
