%YAML:1.0
---
Q: !!opencv-matrix
   rows: 4
   cols: 4
   dt: f
   data: [ 1., 0., 0., -3.82392120e+02, 0., 1., 0., -2.31849121e+02, 0.,
       0., 0., 3.58578522e+02, 0., 0., 2.84020440e-03, 0. ]
R: !!opencv-matrix
   rows: 3
   cols: 3
   dt: d
   data: [ 1.0134682747889250e+00, 1.0058982995351623e-02,
       -3.3612420341336447e-03, -9.8160082835136286e-03,
       1.0138619291655235e+00, 9.3642924336232378e-03,
       3.2902756481430319e-03, -9.3329937458219332e-03,
       1.0139060487193070e+00 ]
T: !!opencv-matrix
   rows: 3
   cols: 1
   dt: d
   data: [ -3.5317272054449597e+02, 1.5578660124734143e+00,
       1.4314696129104876e+00 ]
E: !!opencv-matrix
   rows: 0
   cols: 0
   dt: u
   data: []
F: !!opencv-matrix
   rows: 0
   cols: 0
   dt: u
   data: []
K1: !!opencv-matrix
   rows: 3
   cols: 3
   dt: d
   data: [ 3.6627756984521932e+02, 0., 3.8060969928433269e+02, 0.,
       3.6653175179255015e+02, 2.3878059668569790e+02, 0., 0., 1. ]
D1: !!opencv-matrix
   rows: 5
   cols: 1
   dt: d
   data: [ -2.1859934914563901e-02, -9.9468572971318997e-04,
       1.6448003429794193e-03, -3.1164985765511365e-04,
       3.5195408316194161e-04 ]
P1: !!opencv-matrix
   rows: 3
   cols: 4
   dt: f
   data: [ 3.58578522e+02, 0., 3.82392120e+02, 0., 0., 3.58578522e+02,
       2.31849121e+02, 0., 0., 0., 1., 0. ]
R1: !!opencv-matrix
   rows: 3
   cols: 3
   dt: f
   data: [ 9.99957919e-01, 5.48827741e-03, -7.35063478e-03,
       -5.45443222e-03, 9.99974489e-01, 4.61658183e-03, 7.37578422e-03,
       -4.57629375e-03, 9.99962330e-01 ]
K2: !!opencv-matrix
   rows: 3
   cols: 3
   dt: d
   data: [ 3.6687495098581172e+02, 0., 3.7621769200552956e+02, 0.,
       3.6726361788508825e+02, 2.2399932895774910e+02, 0., 0., 1. ]
D2: !!opencv-matrix
   rows: 5
   cols: 1
   dt: d
   data: [ -2.2201337830972428e-02, -1.1445843221826492e-03,
       2.9199201696882579e-04, -7.1705872414221615e-04,
       5.1284674356775366e-04 ]
P2: !!opencv-matrix
   rows: 3
   cols: 4
   dt: f
   data: [ 3.58578522e+02, 0., 3.82392120e+02, -1.26250961e+05, 0.,
       3.58578522e+02, 2.31849121e+02, 0., 0., 0., 1., 0. ]
R2: !!opencv-matrix
   rows: 3
   cols: 3
   dt: f
   data: [ 9.99982059e-01, -4.41098073e-03, -4.05309908e-03,
       4.39230399e-03, 9.99979734e-01, -4.60540829e-03, 4.07333113e-03,
       4.58752317e-03, 9.99981165e-01 ]
