%YAML:1.0
---
Q: !!opencv-matrix
   rows: 4
   cols: 4
   dt: f
   data: [ 1., 0., 0., -3.82362396e+02, 0., 1., 0., -2.31848602e+02, 0.,
       0., 0., 3.59861572e+02, 0., 0., 2.63191178e-03, 0. ]
R: !!opencv-matrix
   rows: 3
   cols: 3
   dt: d
   data: [ 1.0141670022358256e+00, 9.5988698535889212e-03,
       -3.4384982769644595e-03, -9.8210113523988334e-03,
       1.0139394955810128e+00, -2.6035311589558963e-02,
       3.2901179718752595e-03, 2.6068336815897659e-02,
       1.0139798694922693e+00 ]
T: !!opencv-matrix
   rows: 3
   cols: 1
   dt: d
   data: [ -3.8175136652945082e+02, 1.6839088018836212e+00,
       1.5473989056100248e+00 ]
E: !!opencv-matrix
   rows: 0
   cols: 0
   dt: u
   data: []
F: !!opencv-matrix
   rows: 0
   cols: 0
   dt: u
   data: []
K1: !!opencv-matrix
   rows: 3
   cols: 3
   dt: d
   data: [ 3.6627756984521932e+02, 0., 3.8060969928433269e+02, 0.,
       3.6653175179255015e+02, 2.3878059668569790e+02, 0., 0., 1. ]
D1: !!opencv-matrix
   rows: 5
   cols: 1
   dt: d
   data: [ -2.1859934914563901e-02, -9.9468572971318997e-04,
       1.6448003429794193e-03, -3.1164985765511365e-04,
       3.5195408316194161e-04 ]
P1: !!opencv-matrix
   rows: 3
   cols: 4
   dt: f
   data: [ 3.59861572e+02, 0., 3.82362396e+02, 0., 0., 3.59861572e+02,
       2.31848602e+02, 0., 0., 0., 1., 0. ]
R1: !!opencv-matrix
   rows: 3
   cols: 3
   dt: f
   data: [ 9.99960840e-01, 4.97146836e-03, -7.31869368e-03,
       -5.06515149e-03, 9.99904752e-01, -1.28381066e-02, 7.25417212e-03,
       1.28746741e-02, 9.99890804e-01 ]
K2: !!opencv-matrix
   rows: 3
   cols: 3
   dt: d
   data: [ 3.6687495098581172e+02, 0., 3.7621769200552956e+02, 0.,
       3.6726361788508825e+02, 2.2399932895774910e+02, 0., 0., 1. ]
D2: !!opencv-matrix
   rows: 5
   cols: 1
   dt: d
   data: [ -2.2201337830972428e-02, -1.1445843221826492e-03,
       2.9199201696882579e-04, -7.1705872414221615e-04,
       5.1284674356775366e-04 ]
P2: !!opencv-matrix
   rows: 3
   cols: 4
   dt: f
   data: [ 3.59861572e+02, 0., 3.82362396e+02, -1.36730109e+05, 0.,
       3.59861572e+02, 2.31848602e+02, 0., 0., 0., 1., 0. ]
R2: !!opencv-matrix
   rows: 3
   cols: 3
   dt: f
   data: [ 9.99982059e-01, -4.41092998e-03, -4.05334821e-03,
       4.46267752e-03, 9.99907494e-01, 1.28475288e-02, 3.99630377e-03,
       -1.28653869e-02, 9.99909222e-01 ]
