%YAML:1.0
---
Q: !!opencv-matrix
   rows: 4
   cols: 4
   dt: f
   data: [ 1., 0., 0., -3.82309204e+02, 0., 1., 0., -2.31849014e+02, 0.,
       0., 0., 3.59855591e+02, 0., 0., 2.64852913e-03, 0. ]
R: !!opencv-matrix
   rows: 3
   cols: 3
   dt: d
   data: [ 1.0140761317163283e+00, 9.4379875399535525e-03,
       -3.1801840488666988e-03, -9.8209321648907409e-03,
       1.0140011942335978e+00, -2.6038017900282810e-02,
       3.2909314598297615e-03, 2.6070559241100740e-02,
       1.0140398104791573e+00 ]
T: !!opencv-matrix
   rows: 3
   cols: 1
   dt: d
   data: [ -3.7858635255674858e+02, 1.6699478941975550e+00,
       1.5345697581831319e+00 ]
E: !!opencv-matrix
   rows: 0
   cols: 0
   dt: u
   data: []
F: !!opencv-matrix
   rows: 0
   cols: 0
   dt: u
   data: []
K1: !!opencv-matrix
   rows: 3
   cols: 3
   dt: d
   data: [ 3.6627756984521932e+02, 0., 3.8060969928433269e+02, 0.,
       3.6653175179255015e+02, 2.3878059668569790e+02, 0., 0., 1. ]
D1: !!opencv-matrix
   rows: 5
   cols: 1
   dt: d
   data: [ -2.1859934914563901e-02, -9.9468572971318997e-04,
       1.6448003429794193e-03, -3.1164985765511365e-04,
       3.5195408316194161e-04 ]
P1: !!opencv-matrix
   rows: 3
   cols: 4
   dt: f
   data: [ 3.59855591e+02, 0., 3.82309204e+02, 0., 0., 3.59855591e+02,
       2.31849014e+02, 0., 0., 0., 1., 0. ]
R1: !!opencv-matrix
   rows: 3
   cols: 3
   dt: f
   data: [ 9.99962151e-01, 4.91150236e-03, -7.18260277e-03,
       -5.00344019e-03, 9.99905050e-01, -1.28386086e-02, 7.11886398e-03,
       1.28740603e-02, 9.99891758e-01 ]
K2: !!opencv-matrix
   rows: 3
   cols: 3
   dt: d
   data: [ 3.6687495098581172e+02, 0., 3.7621769200552956e+02, 0.,
       3.6726361788508825e+02, 2.2399932895774910e+02, 0., 0., 1. ]
D2: !!opencv-matrix
   rows: 5
   cols: 1
   dt: d
   data: [ -2.2201337830972428e-02, -1.1445843221826492e-03,
       2.9199201696882579e-04, -7.1705872414221615e-04,
       5.1284674356775366e-04 ]
P2: !!opencv-matrix
   rows: 3
   cols: 4
   dt: f
   data: [ 3.59855591e+02, 0., 3.82309204e+02, -1.35869984e+05, 0.,
       3.59855591e+02, 2.31849014e+02, 0., 0., 0., 1., 0. ]
R2: !!opencv-matrix
   rows: 3
   cols: 3
   dt: f
   data: [ 9.99982059e-01, -4.41092998e-03, -4.05334774e-03,
       4.46267752e-03, 9.99907494e-01, 1.28474692e-02, 3.99630377e-03,
       -1.28653282e-02, 9.99909282e-01 ]
