%YAML:1.0
---
Q: !!opencv-matrix
   rows: 4
   cols: 4
   dt: f
   data: [ 1., 0., 0., -3.68804901e+02, 0., 1., 0., -2.31740967e+02, 0.,
       0., 0., 3.66528198e+02, 0., 0., 2.31754617e-03, 0. ]
R: !!opencv-matrix
   rows: 3
   cols: 3
   dt: d
   data: [ 1.0138029209019264e+00, -2.5648451344270996e-02,
       3.1821931842584729e-02, 2.6494047618299776e-02,
       1.0139883665759777e+00, -2.6370827585848581e-02,
       -3.1181148318927470e-02, 2.7181594287554133e-02,
       1.0138339187610512e+00 ]
T: !!opencv-matrix
   rows: 3
   cols: 1
   dt: d
   data: [ -4.3363747526764564e+02, 1.9128939692315114e+00,
       1.7580503456480039e+00 ]
E: !!opencv-matrix
   rows: 0
   cols: 0
   dt: u
   data: []
F: !!opencv-matrix
   rows: 0
   cols: 0
   dt: u
   data: []
K1: !!opencv-matrix
   rows: 3
   cols: 3
   dt: d
   data: [ 3.6627756984521932e+02, 0., 3.8060969928433269e+02, 0.,
       3.6653175179255015e+02, 2.3878059668569790e+02, 0., 0., 1. ]
D1: !!opencv-matrix
   rows: 5
   cols: 1
   dt: d
   data: [ -2.1859934914563901e-02, -9.9468572971318997e-04,
       1.6448003429794193e-03, -3.1164985765511365e-04,
       3.5195408316194161e-04 ]
P1: !!opencv-matrix
   rows: 3
   cols: 4
   dt: f
   data: [ 3.66528198e+02, 0., 3.68804901e+02, 0., 0., 3.66528198e+02,
       2.31740967e+02, 0., 0., 0., 1., 0. ]
R1: !!opencv-matrix
   rows: 3
   cols: 3
   dt: f
   data: [ 9.99179423e-01, -2.97881793e-02, 2.74444390e-02,
       3.01462784e-02, 9.99464452e-01, -1.27280522e-02, -2.70505957e-02,
       1.35449553e-02, 9.99542296e-01 ]
K2: !!opencv-matrix
   rows: 3
   cols: 3
   dt: d
   data: [ 3.6687495098581172e+02, 0., 3.7621769200552956e+02, 0.,
       3.6726361788508825e+02, 2.2399932895774910e+02, 0., 0., 1. ]
D2: !!opencv-matrix
   rows: 5
   cols: 1
   dt: d
   data: [ -2.2201337830972428e-02, -1.1445843221826492e-03,
       2.9199201696882579e-04, -7.1705872414221615e-04,
       5.1284674356775366e-04 ]
P2: !!opencv-matrix
   rows: 3
   cols: 4
   dt: f
   data: [ 3.66528198e+02, 0., 3.68804901e+02, -1.58153578e+05, 0.,
       3.66528198e+02, 2.31740967e+02, 0., 0., 0., 1., 0. ]
R2: !!opencv-matrix
   rows: 3
   cols: 3
   dt: f
   data: [ 9.99982059e-01, -4.41119540e-03, -4.05412121e-03,
       4.46408289e-03, 9.99903858e-01, 1.31302094e-02, 3.99581110e-03,
       -1.31480722e-02, 9.99905586e-01 ]
