%YAML:1.0
---
Q: !!opencv-matrix
   rows: 4
   cols: 4
   dt: f
   data: [ 1., 0., 0., -3.68755981e+02, 0., 1., 0., -2.31896393e+02, 0.,
       0., 0., 3.53864929e+02, 0., 0., 2.44268868e-03, 0. ]
R: !!opencv-matrix
   rows: 3
   cols: 3
   dt: d
   data: [ 1.0139622273465323e+00, 9.7179521096231146e-03,
       3.1850470760286048e-02, -8.9085357473781997e-03,
       1.0141309476948037e+00, -2.6366709153690469e-02,
       -3.2105735090451004e-02, 2.6072762146690871e-02,
       1.0136693486456398e+00 ]
T: !!opencv-matrix
   rows: 3
   cols: 1
   dt: d
   data: [ -4.1138430918060118e+02, 1.8147026793287324e+00,
       1.6675119129210585e+00 ]
E: !!opencv-matrix
   rows: 0
   cols: 0
   dt: u
   data: []
F: !!opencv-matrix
   rows: 0
   cols: 0
   dt: u
   data: []
K1: !!opencv-matrix
   rows: 3
   cols: 3
   dt: d
   data: [ 3.6627756984521932e+02, 0., 3.8060969928433269e+02, 0.,
       3.6653175179255015e+02, 2.3878059668569790e+02, 0., 0., 1. ]
D1: !!opencv-matrix
   rows: 5
   cols: 1
   dt: d
   data: [ -2.1859934914563901e-02, -9.9468572971318997e-04,
       1.6448003429794193e-03, -3.1164985765511365e-04,
       3.5195408316194161e-04 ]
P1: !!opencv-matrix
   rows: 3
   cols: 4
   dt: f
   data: [ 3.53864929e+02, 0., 3.68755981e+02, 0., 0., 3.53864929e+02,
       2.31896393e+02, 0., 0., 0., 1., 0. ]
R1: !!opencv-matrix
   rows: 3
   cols: 3
   dt: f
   data: [ 9.99609947e-01, 5.07249730e-03, 2.74633579e-02,
       -4.71775839e-03, 9.99904811e-01, -1.29662286e-02, -2.75265146e-02,
       1.28316060e-02, 9.99538720e-01 ]
K2: !!opencv-matrix
   rows: 3
   cols: 3
   dt: d
   data: [ 3.6687495098581172e+02, 0., 3.7621769200552956e+02, 0.,
       3.6726361788508825e+02, 2.2399932895774910e+02, 0., 0., 1. ]
D2: !!opencv-matrix
   rows: 5
   cols: 1
   dt: d
   data: [ -2.2201337830972428e-02, -1.1445843221826492e-03,
       2.9199201696882579e-04, -7.1705872414221615e-04,
       5.1284674356775366e-04 ]
P2: !!opencv-matrix
   rows: 3
   cols: 4
   dt: f
   data: [ 3.53864929e+02, 0., 3.68755981e+02, -1.44866984e+05, 0.,
       3.53864929e+02, 2.31896393e+02, 0., 0., 0., 1., 0. ]
R2: !!opencv-matrix
   rows: 3
   cols: 3
   dt: f
   data: [ 9.99982059e-01, -4.41113114e-03, -4.05334355e-03,
       4.46305331e-03, 9.99906957e-01, 1.28911883e-02, 3.99610167e-03,
       -1.29090473e-02, 9.99908686e-01 ]
