%YAML:1.0
---
Q: !!opencv-matrix
   rows: 4
   cols: 4
   dt: f
   data: [ 1., 0., 0., -3.82383850e+02, 0., 1., 0., -2.31849350e+02, 0.,
       0., 0., 3.58586761e+02, 0., 0., 2.83142505e-03, 0. ]
R: !!opencv-matrix
   rows: 3
   cols: 3
   dt: d
   data: [ 1.0135700794846236e+00, 9.9755309568072912e-03,
       -3.3127235355368402e-03, -9.8162461605077345e-03,
       1.0138222401725532e+00, 9.3637090410278075e-03,
       3.2895707369644820e-03, -9.3322883855557204e-03,
       1.0138657955124433e+00 ]
T: !!opencv-matrix
   rows: 3
   cols: 1
   dt: d
   data: [ -3.5455324697180868e+02, 1.5639555905065818e+00,
       1.4370651013191467e+00 ]
E: !!opencv-matrix
   rows: 0
   cols: 0
   dt: u
   data: []
F: !!opencv-matrix
   rows: 0
   cols: 0
   dt: u
   data: []
K1: !!opencv-matrix
   rows: 3
   cols: 3
   dt: d
   data: [ 3.6627756984521932e+02, 0., 3.8060969928433269e+02, 0.,
       3.6653175179255015e+02, 2.3878059668569790e+02, 0., 0., 1. ]
D1: !!opencv-matrix
   rows: 5
   cols: 1
   dt: d
   data: [ -2.1859934914563901e-02, -9.9468572971318997e-04,
       1.6448003429794193e-03, -3.1164985765511365e-04,
       3.5195408316194161e-04 ]
P1: !!opencv-matrix
   rows: 3
   cols: 4
   dt: f
   data: [ 3.58586761e+02, 0., 3.82383850e+02, 0., 0., 3.58586761e+02,
       2.31849350e+02, 0., 0., 0., 1., 0. ]
R1: !!opencv-matrix
   rows: 3
   cols: 3
   dt: f
   data: [ 9.99958336e-01, 5.44412527e-03, -7.32956221e-03,
       -5.41037740e-03, 9.99974728e-01, 4.61631082e-03, 7.35450862e-03,
       -4.57646279e-03, 9.99962509e-01 ]
K2: !!opencv-matrix
   rows: 3
   cols: 3
   dt: d
   data: [ 3.6687495098581172e+02, 0., 3.7621769200552956e+02, 0.,
       3.6726361788508825e+02, 2.2399932895774910e+02, 0., 0., 1. ]
D2: !!opencv-matrix
   rows: 5
   cols: 1
   dt: d
   data: [ -2.2201337830972428e-02, -1.1445843221826492e-03,
       2.9199201696882579e-04, -7.1705872414221615e-04,
       5.1284674356775366e-04 ]
P2: !!opencv-matrix
   rows: 3
   cols: 4
   dt: f
   data: [ 3.58586761e+02, 0., 3.82383850e+02, -1.26645336e+05, 0.,
       3.58586761e+02, 2.31849350e+02, 0., 0., 0., 1., 0. ]
R2: !!opencv-matrix
   rows: 3
   cols: 3
   dt: f
   data: [ 9.99982059e-01, -4.41098073e-03, -4.05309862e-03,
       4.39230446e-03, 9.99979734e-01, -4.60535660e-03, 4.07333067e-03,
       4.58747149e-03, 9.99981165e-01 ]
