%YAML:1.0
---
Q: !!opencv-matrix
   rows: 4
   cols: 4
   dt: f
   data: [ 1., 0., 0., -3.82336578e+02, 0., 1., 0., -2.31848816e+02, 0.,
       0., 0., 3.59860809e+02, 0., 0., 2.64135795e-03, 0. ]
R: !!opencv-matrix
   rows: 3
   cols: 3
   dt: d
   data: [ 1.0141210098561735e+00, 9.5075090935527636e-03,
       -3.3146731479200301e-03, -9.8209812594873425e-03,
       1.0139726606379649e+00, -2.6036699482196606e-02,
       3.2905435254527199e-03, 2.6069550673046345e-02,
       1.0140121291270363e+00 ]
T: !!opencv-matrix
   rows: 3
   cols: 1
   dt: d
   data: [ -3.7994511327195522e+02, 1.6759414015833831e+00,
       1.5400773978422584e+00 ]
E: !!opencv-matrix
   rows: 0
   cols: 0
   dt: u
   data: []
F: !!opencv-matrix
   rows: 0
   cols: 0
   dt: u
   data: []
K1: !!opencv-matrix
   rows: 3
   cols: 3
   dt: d
   data: [ 3.6627756984521932e+02, 0., 3.8060969928433269e+02, 0.,
       3.6653175179255015e+02, 2.3878059668569790e+02, 0., 0., 1. ]
D1: !!opencv-matrix
   rows: 5
   cols: 1
   dt: d
   data: [ -2.1859934914563901e-02, -9.9468572971318997e-04,
       1.6448003429794193e-03, -3.1164985765511365e-04,
       3.5195408316194161e-04 ]
P1: !!opencv-matrix
   rows: 3
   cols: 4
   dt: f
   data: [ 3.59860809e+02, 0., 3.82336578e+02, 0., 0., 3.59860809e+02,
       2.31848816e+02, 0., 0., 0., 1., 0. ]
R1: !!opencv-matrix
   rows: 3
   cols: 3
   dt: f
   data: [ 9.99961495e-01, 4.93724737e-03, -7.25261588e-03,
       -5.03008347e-03, 9.99904931e-01, -1.28383795e-02, 7.18853995e-03,
       1.28743667e-02, 9.99891281e-01 ]
K2: !!opencv-matrix
   rows: 3
   cols: 3
   dt: d
   data: [ 3.6687495098581172e+02, 0., 3.7621769200552956e+02, 0.,
       3.6726361788508825e+02, 2.2399932895774910e+02, 0., 0., 1. ]
D2: !!opencv-matrix
   rows: 5
   cols: 1
   dt: d
   data: [ -2.2201337830972428e-02, -1.1445843221826492e-03,
       2.9199201696882579e-04, -7.1705872414221615e-04,
       5.1284674356775366e-04 ]
P2: !!opencv-matrix
   rows: 3
   cols: 4
   dt: f
   data: [ 3.59860809e+02, 0., 3.82336578e+02, -1.36240828e+05, 0.,
       3.59860809e+02, 2.31848816e+02, 0., 0., 0., 1., 0. ]
R2: !!opencv-matrix
   rows: 3
   cols: 3
   dt: f
   data: [ 9.99982059e-01, -4.41092998e-03, -4.05334774e-03,
       4.46267752e-03, 9.99907494e-01, 1.28475102e-02, 3.99630377e-03,
       -1.28653683e-02, 9.99909222e-01 ]
