%YAML:1.0
---
Q: !!opencv-matrix
   rows: 4
   cols: 4
   dt: f
   data: [ 1., 0., 0., -3.82354919e+02, 0., 1., 0., -2.31849976e+02, 0.,
       0., 0., 3.58604767e+02, 0., 0., 2.78118113e-03, 0. ]
R: !!opencv-matrix
   rows: 3
   cols: 3
   dt: d
   data: [ 1.0137341337540426e+00, 9.8279745854233987e-03,
       -3.2131050359246677e-03, -9.8163508732907502e-03,
       1.0137054944886283e+00, 9.3621870798295155e-03,
       3.2880492059906715e-03, -9.3306144011070426e-03,
       1.0137479967931380e+00 ]
T: !!opencv-matrix
   rows: 3
   cols: 1
   dt: d
   data: [ -3.6237183888038891e+02, 1.5984438514279220e+00,
       1.4687551452688306e+00 ]
E: !!opencv-matrix
   rows: 0
   cols: 0
   dt: u
   data: []
F: !!opencv-matrix
   rows: 0
   cols: 0
   dt: u
   data: []
K1: !!opencv-matrix
   rows: 3
   cols: 3
   dt: d
   data: [ 3.6627756984521932e+02, 0., 3.8060969928433269e+02, 0.,
       3.6653175179255015e+02, 2.3878059668569790e+02, 0., 0., 1. ]
D1: !!opencv-matrix
   rows: 5
   cols: 1
   dt: d
   data: [ -2.1859934914563901e-02, -9.9468572971318997e-04,
       1.6448003429794193e-03, -3.1164985765511365e-04,
       3.5195408316194161e-04 ]
P1: !!opencv-matrix
   rows: 3
   cols: 4
   dt: f
   data: [ 3.58604767e+02, 0., 3.82354919e+02, 0., 0., 3.58604767e+02,
       2.31849976e+02, 0., 0., 0., 1., 0. ]
R1: !!opencv-matrix
   rows: 3
   cols: 3
   dt: f
   data: [ 9.99959469e-01, 5.32942591e-03, -7.25592580e-03,
       -5.29601844e-03, 9.99975324e-01, 4.61558625e-03, 7.28034507e-03,
       -4.57697175e-03, 9.99963045e-01 ]
K2: !!opencv-matrix
   rows: 3
   cols: 3
   dt: d
   data: [ 3.6687495098581172e+02, 0., 3.7621769200552956e+02, 0.,
       3.6726361788508825e+02, 2.2399932895774910e+02, 0., 0., 1. ]
D2: !!opencv-matrix
   rows: 5
   cols: 1
   dt: d
   data: [ -2.2201337830972428e-02, -1.1445843221826492e-03,
       2.9199201696882579e-04, -7.1705872414221615e-04,
       5.1284674356775366e-04 ]
P2: !!opencv-matrix
   rows: 3
   cols: 4
   dt: f
   data: [ 3.58604767e+02, 0., 3.82354919e+02, -1.28939742e+05, 0.,
       3.58604767e+02, 2.31849976e+02, 0., 0., 0., 1., 0. ]
R2: !!opencv-matrix
   rows: 3
   cols: 3
   dt: f
   data: [ 9.99982059e-01, -4.41098073e-03, -4.05309862e-03,
       4.39230446e-03, 9.99979734e-01, -4.60524764e-03, 4.07333020e-03,
       4.58736252e-03, 9.99981165e-01 ]
