%YAML:1.0
---
Q: !!opencv-matrix
   rows: 4
   cols: 4
   dt: f
   data: [ 1., 0., 0., -3.82335419e+02, 0., 1., 0., -2.31849503e+02, 0.,
       0., 0., 3.58563538e+02, 0., 0., 2.83926283e-03, 0. ]
R: !!opencv-matrix
   rows: 3
   cols: 3
   dt: d
   data: [ 1.0133643477952983e+00, 1.0148104495297239e-02,
       -3.4030559034070756e-03, -9.8157498055205256e-03,
       1.0138994613797974e+00, 9.3648265941672811e-03,
       3.2909736072476662e-03, -9.3337025487444727e-03,
       1.0139441430102580e+00 ]
T: !!opencv-matrix
   rows: 3
   cols: 1
   dt: d
   data: [ -3.5208100683602078e+02, 1.5530504044214668e+00,
       1.4270447326643698e+00 ]
E: !!opencv-matrix
   rows: 0
   cols: 0
   dt: u
   data: []
F: !!opencv-matrix
   rows: 0
   cols: 0
   dt: u
   data: []
K1: !!opencv-matrix
   rows: 3
   cols: 3
   dt: d
   data: [ 3.6627756984521932e+02, 0., 3.8060969928433269e+02, 0.,
       3.6653175179255015e+02, 2.3878059668569790e+02, 0., 0., 1. ]
D1: !!opencv-matrix
   rows: 5
   cols: 1
   dt: d
   data: [ -2.1859934914563901e-02, -9.9468572971318997e-04,
       1.6448003429794193e-03, -3.1164985765511365e-04,
       3.5195408316194161e-04 ]
P1: !!opencv-matrix
   rows: 3
   cols: 4
   dt: f
   data: [ 3.58563538e+02, 0., 3.82335419e+02, 0., 0., 3.58563538e+02,
       2.31849503e+02, 0., 0., 0., 1., 0. ]
R1: !!opencv-matrix
   rows: 3
   cols: 3
   dt: f
   data: [ 9.99959171e-01, 5.44864265e-03, -7.20577268e-03,
       -5.41546242e-03, 9.99974668e-01, 4.61616693e-03, 7.23074190e-03,
       -4.57695592e-03, 9.99963403e-01 ]
K2: !!opencv-matrix
   rows: 3
   cols: 3
   dt: d
   data: [ 3.6687495098581172e+02, 0., 3.7621769200552956e+02, 0.,
       3.6726361788508825e+02, 2.2399932895774910e+02, 0., 0., 1. ]
D2: !!opencv-matrix
   rows: 5
   cols: 1
   dt: d
   data: [ -2.2201337830972428e-02, -1.1445843221826492e-03,
       2.9199201696882579e-04, -7.1705872414221615e-04,
       5.1284674356775366e-04 ]
P2: !!opencv-matrix
   rows: 3
   cols: 4
   dt: f
   data: [ 3.58563538e+02, 0., 3.82335419e+02, -1.26287539e+05, 0.,
       3.58563538e+02, 2.31849503e+02, 0., 0., 0., 1., 0. ]
R2: !!opencv-matrix
   rows: 3
   cols: 3
   dt: f
   data: [ 9.99982059e-01, -4.41098027e-03, -4.05309442e-03,
       4.39230306e-03, 9.99979734e-01, -4.60553030e-03, 4.07332694e-03,
       4.58764518e-03, 9.99981165e-01 ]
