%YAML:1.0
---
Q: !!opencv-matrix
   rows: 4
   cols: 4
   dt: f
   data: [ 1., 0., 0., -3.68755920e+02, 0., 1., 0., -2.31896393e+02, 0.,
       0., 0., 3.53865234e+02, 0., 0., 2.41058553e-03, 0. ]
R: !!opencv-matrix
   rows: 3
   cols: 3
   dt: d
   data: [ 1.0139205184135160e+00, 9.7130076745548452e-03,
       3.1845453760605921e-02, -8.9082002036316773e-03,
       1.0140963180300981e+00, -2.6365790946683232e-02,
       -3.2104609490941918e-02, 2.6071890008944085e-02,
       1.0136347303310267e+00 ]
T: !!opencv-matrix
   rows: 3
   cols: 1
   dt: d
   data: [ -4.1677660673123074e+02, 1.8384892379338904e+00,
       1.6893691434897595e+00 ]
E: !!opencv-matrix
   rows: 0
   cols: 0
   dt: u
   data: []
F: !!opencv-matrix
   rows: 0
   cols: 0
   dt: u
   data: []
K1: !!opencv-matrix
   rows: 3
   cols: 3
   dt: d
   data: [ 3.6627756984521932e+02, 0., 3.8060969928433269e+02, 0.,
       3.6653175179255015e+02, 2.3878059668569790e+02, 0., 0., 1. ]
D1: !!opencv-matrix
   rows: 5
   cols: 1
   dt: d
   data: [ -2.1859934914563901e-02, -9.9468572971318997e-04,
       1.6448003429794193e-03, -3.1164985765511365e-04,
       3.5195408316194161e-04 ]
P1: !!opencv-matrix
   rows: 3
   cols: 4
   dt: f
   data: [ 3.53865234e+02, 0., 3.68755920e+02, 0., 0., 3.53865234e+02,
       2.31896393e+02, 0., 0., 0., 1., 0. ]
R1: !!opencv-matrix
   rows: 3
   cols: 3
   dt: f
   data: [ 9.99609947e-01, 5.07108867e-03, 2.74634752e-02,
       -4.71634837e-03, 9.99904811e-01, -1.29661998e-02, -2.75266152e-02,
       1.28316153e-02, 9.99538720e-01 ]
K2: !!opencv-matrix
   rows: 3
   cols: 3
   dt: d
   data: [ 3.6687495098581172e+02, 0., 3.7621769200552956e+02, 0.,
       3.6726361788508825e+02, 2.2399932895774910e+02, 0., 0., 1. ]
D2: !!opencv-matrix
   rows: 5
   cols: 1
   dt: d
   data: [ -2.2201337830972428e-02, -1.1445843221826492e-03,
       2.9199201696882579e-04, -7.1705872414221615e-04,
       5.1284674356775366e-04 ]
P2: !!opencv-matrix
   rows: 3
   cols: 4
   dt: f
   data: [ 3.53865234e+02, 0., 3.68755920e+02, -1.46796391e+05, 0.,
       3.53865234e+02, 2.31896393e+02, 0., 0., 0., 1., 0. ]
R2: !!opencv-matrix
   rows: 3
   cols: 3
   dt: f
   data: [ 9.99982059e-01, -4.41113114e-03, -4.05334355e-03,
       4.46305284e-03, 9.99906957e-01, 1.28911780e-02, 3.99610167e-03,
       -1.29090371e-02, 9.99908686e-01 ]
