%YAML:1.0
---
Q: !!opencv-matrix
   rows: 4
   cols: 4
   dt: f
   data: [ 1., 0., 0., -3.68755310e+02, 0., 1., 0., -2.31896393e+02, 0.,
       0., 0., 3.53864685e+02, 0., 0., 2.33437517e-03, 0. ]
R: !!opencv-matrix
   rows: 3
   cols: 3
   dt: d
   data: [ 1.0138444796977704e+00, -2.5426044551831131e-02,
       3.1908609303791330e-02, 2.6494764295741480e-02,
       1.0140168533638454e+00, -2.6371972317736227e-02,
       -3.1182103643373840e-02, 2.7181479639743881e-02,
       1.0138630377858493e+00 ]
T: !!opencv-matrix
   rows: 3
   cols: 1
   dt: d
   data: [ -4.2865095170043276e+02, 1.8908970308169475e+00,
       1.7378338729688334e+00 ]
E: !!opencv-matrix
   rows: 0
   cols: 0
   dt: u
   data: []
F: !!opencv-matrix
   rows: 0
   cols: 0
   dt: u
   data: []
K1: !!opencv-matrix
   rows: 3
   cols: 3
   dt: d
   data: [ 3.6627756984521932e+02, 0., 3.8060969928433269e+02, 0.,
       3.6653175179255015e+02, 2.3878059668569790e+02, 0., 0., 1. ]
D1: !!opencv-matrix
   rows: 5
   cols: 1
   dt: d
   data: [ -2.1859934914563901e-02, -9.9468572971318997e-04,
       1.6448003429794193e-03, -3.1164985765511365e-04,
       3.5195408316194161e-04 ]
P1: !!opencv-matrix
   rows: 3
   cols: 4
   dt: f
   data: [ 3.53864685e+02, 0., 3.68755310e+02, 0., 0., 3.53864685e+02,
       2.31896393e+02, 0., 0., 0., 1., 0. ]
R1: !!opencv-matrix
   rows: 3
   cols: 3
   dt: f
   data: [ 9.99609888e-01, 5.07222069e-03, 2.74650585e-02,
       -4.71745990e-03, 9.99904811e-01, -1.29662249e-02, -2.75282133e-02,
       1.28316013e-02, 9.99538660e-01 ]
K2: !!opencv-matrix
   rows: 3
   cols: 3
   dt: d
   data: [ 3.6687495098581172e+02, 0., 3.7621769200552956e+02, 0.,
       3.6726361788508825e+02, 2.2399932895774910e+02, 0., 0., 1. ]
D2: !!opencv-matrix
   rows: 5
   cols: 1
   dt: d
   data: [ -2.2201337830972428e-02, -1.1445843221826492e-03,
       2.9199201696882579e-04, -7.1705872414221615e-04,
       5.1284674356775366e-04 ]
P2: !!opencv-matrix
   rows: 3
   cols: 4
   dt: f
   data: [ 3.53864685e+02, 0., 3.68755310e+02, -1.51588609e+05, 0.,
       3.53864685e+02, 2.31896393e+02, 0., 0., 0., 1., 0. ]
R2: !!opencv-matrix
   rows: 3
   cols: 3
   dt: f
   data: [ 9.99982059e-01, -4.41113114e-03, -4.05334355e-03,
       4.46305331e-03, 9.99906957e-01, 1.28911836e-02, 3.99610167e-03,
       -1.29090426e-02, 9.99908686e-01 ]
