%YAML:1.0
---
Q: !!opencv-matrix
   rows: 4
   cols: 4
   dt: f
   data: [ 1., 0., 0., -3.82407715e+02, 0., 1., 0., -2.31847992e+02, 0.,
       0., 0., 3.59855835e+02, 0., 0., 2.53698207e-03, 0. ]
R: !!opencv-matrix
   rows: 3
   cols: 3
   dt: d
   data: [ 1.0141450607238649e+00, 9.7187430580061782e-03,
       -3.5510816389558953e-03, -9.8203028139157277e-03,
       1.0138229673734576e+00, -2.6031834810307797e-02,
       3.2893602391633049e-03, 2.6064864253890940e-02,
       1.0138643282137456e+00 ]
T: !!opencv-matrix
   rows: 3
   cols: 1
   dt: d
   data: [ -3.9416203835052949e+02, 1.7386523892661796e+00,
       1.5977045737626459e+00 ]
E: !!opencv-matrix
   rows: 0
   cols: 0
   dt: u
   data: []
F: !!opencv-matrix
   rows: 0
   cols: 0
   dt: u
   data: []
K1: !!opencv-matrix
   rows: 3
   cols: 3
   dt: d
   data: [ 3.6627756984521932e+02, 0., 3.8060969928433269e+02, 0.,
       3.6653175179255015e+02, 2.3878059668569790e+02, 0., 0., 1. ]
D1: !!opencv-matrix
   rows: 5
   cols: 1
   dt: d
   data: [ -2.1859934914563901e-02, -9.9468572971318997e-04,
       1.6448003429794193e-03, -3.1164985765511365e-04,
       3.5195408316194161e-04 ]
P1: !!opencv-matrix
   rows: 3
   cols: 4
   dt: f
   data: [ 3.59855835e+02, 0., 3.82407715e+02, 0., 0., 3.59855835e+02,
       2.31847992e+02, 0., 0., 0., 1., 0. ]
R1: !!opencv-matrix
   rows: 3
   cols: 3
   dt: f
   data: [ 9.99959469e-01, 5.07586543e-03, -7.43485056e-03,
       -5.17103309e-03, 9.99904215e-01, -1.28373746e-02, 7.36897765e-03,
       1.28752999e-02, 9.99889970e-01 ]
K2: !!opencv-matrix
   rows: 3
   cols: 3
   dt: d
   data: [ 3.6687495098581172e+02, 0., 3.7621769200552956e+02, 0.,
       3.6726361788508825e+02, 2.2399932895774910e+02, 0., 0., 1. ]
D2: !!opencv-matrix
   rows: 5
   cols: 1
   dt: d
   data: [ -2.2201337830972428e-02, -1.1445843221826492e-03,
       2.9199201696882579e-04, -7.1705872414221615e-04,
       5.1284674356775366e-04 ]
P2: !!opencv-matrix
   rows: 3
   cols: 4
   dt: f
   data: [ 3.59855835e+02, 0., 3.82407715e+02, -1.41844063e+05, 0.,
       3.59855835e+02, 2.31847992e+02, 0., 0., 0., 1., 0. ]
R2: !!opencv-matrix
   rows: 3
   cols: 3
   dt: f
   data: [ 9.99982059e-01, -4.41092998e-03, -4.05334821e-03,
       4.46267752e-03, 9.99907494e-01, 1.28474804e-02, 3.99630377e-03,
       -1.28653385e-02, 9.99909282e-01 ]
