%YAML:1.0
---
Q: !!opencv-matrix
   rows: 4
   cols: 4
   dt: f
   data: [ 1., 0., 0., -3.68755646e+02, 0., 1., 0., -2.31896393e+02, 0.,
       0., 0., 3.53864990e+02, 0., 0., 2.39932397e-03, 0. ]
R: !!opencv-matrix
   rows: 3
   cols: 3
   dt: d
   data: [ 1.0139077868379383e+00, 9.7147090948271064e-03,
       3.1847350462731613e-02, -8.9080844979547488e-03,
       1.0140826965284400e+00, -2.6365447259822542e-02,
       -3.2104182077683625e-02, 2.6071532590082255e-02,
       1.0136211136853481e+00 ]
T: !!opencv-matrix
   rows: 3
   cols: 1
   dt: d
   data: [ -4.1877949092500762e+02, 1.8473243811099183e+00,
       1.6974876661394256e+00 ]
E: !!opencv-matrix
   rows: 0
   cols: 0
   dt: u
   data: []
F: !!opencv-matrix
   rows: 0
   cols: 0
   dt: u
   data: []
K1: !!opencv-matrix
   rows: 3
   cols: 3
   dt: d
   data: [ 3.6627756984521932e+02, 0., 3.8060969928433269e+02, 0.,
       3.6653175179255015e+02, 2.3878059668569790e+02, 0., 0., 1. ]
D1: !!opencv-matrix
   rows: 5
   cols: 1
   dt: d
   data: [ -2.1859934914563901e-02, -9.9468572971318997e-04,
       1.6448003429794193e-03, -3.1164985765511365e-04,
       3.5195408316194161e-04 ]
P1: !!opencv-matrix
   rows: 3
   cols: 4
   dt: f
   data: [ 3.53864990e+02, 0., 3.68755646e+02, 0., 0., 3.53864990e+02,
       2.31896393e+02, 0., 0., 0., 1., 0. ]
R1: !!opencv-matrix
   rows: 3
   cols: 3
   dt: f
   data: [ 9.99609947e-01, 5.07155433e-03, 2.74641849e-02,
       -4.71680518e-03, 9.99904811e-01, -1.29662100e-02, -2.75273286e-02,
       1.28316088e-02, 9.99538720e-01 ]
K2: !!opencv-matrix
   rows: 3
   cols: 3
   dt: d
   data: [ 3.6687495098581172e+02, 0., 3.7621769200552956e+02, 0.,
       3.6726361788508825e+02, 2.2399932895774910e+02, 0., 0., 1. ]
D2: !!opencv-matrix
   rows: 5
   cols: 1
   dt: d
   data: [ -2.2201337830972428e-02, -1.1445843221826492e-03,
       2.9199201696882579e-04, -7.1705872414221615e-04,
       5.1284674356775366e-04 ]
P2: !!opencv-matrix
   rows: 3
   cols: 4
   dt: f
   data: [ 3.53864990e+02, 0., 3.68755646e+02, -1.47485297e+05, 0.,
       3.53864990e+02, 2.31896393e+02, 0., 0., 0., 1., 0. ]
R2: !!opencv-matrix
   rows: 3
   cols: 3
   dt: f
   data: [ 9.99982059e-01, -4.41113114e-03, -4.05334355e-03,
       4.46305331e-03, 9.99906957e-01, 1.28911808e-02, 3.99610167e-03,
       -1.29090389e-02, 9.99908686e-01 ]
