%YAML:1.0
---
Q: !!opencv-matrix
   rows: 4
   cols: 4
   dt: f
   data: [ 1., 0., 0., -3.82354370e+02, 0., 1., 0., -2.31849960e+02, 0.,
       0., 0., 3.58604248e+02, 0., 0., 2.73568416e-03, 0. ]
R: !!opencv-matrix
   rows: 3
   cols: 3
   dt: d
   data: [ 1.0136844180780227e+00, 9.8327782920534998e-03,
       -3.2065903866010130e-03, -9.8158522536753983e-03,
       1.0136524935516837e+00, 9.3616698047859406e-03,
       3.2878641414624552e-03, -9.3301483234746359e-03,
       1.0136949913655837e+00 ]
T: !!opencv-matrix
   rows: 3
   cols: 1
   dt: d
   data: [ -3.6945668849332259e+02, 1.6296955466041494e+00,
       1.4974712529965668e+00 ]
E: !!opencv-matrix
   rows: 0
   cols: 0
   dt: u
   data: []
F: !!opencv-matrix
   rows: 0
   cols: 0
   dt: u
   data: []
K1: !!opencv-matrix
   rows: 3
   cols: 3
   dt: d
   data: [ 3.6627756984521932e+02, 0., 3.8060969928433269e+02, 0.,
       3.6653175179255015e+02, 2.3878059668569790e+02, 0., 0., 1. ]
D1: !!opencv-matrix
   rows: 5
   cols: 1
   dt: d
   data: [ -2.1859934914563901e-02, -9.9468572971318997e-04,
       1.6448003429794193e-03, -3.1164985765511365e-04,
       3.5195408316194161e-04 ]
P1: !!opencv-matrix
   rows: 3
   cols: 4
   dt: f
   data: [ 3.58604248e+02, 0., 3.82354370e+02, 0., 0., 3.58604248e+02,
       2.31849960e+02, 0., 0., 0., 1., 0. ]
R1: !!opencv-matrix
   rows: 3
   cols: 3
   dt: f
   data: [ 9.99959469e-01, 5.33037214e-03, -7.25447526e-03,
       -5.29697165e-03, 9.99975324e-01, 4.61558951e-03, 7.27889873e-03,
       -4.57697595e-03, 9.99963045e-01 ]
K2: !!opencv-matrix
   rows: 3
   cols: 3
   dt: d
   data: [ 3.6687495098581172e+02, 0., 3.7621769200552956e+02, 0.,
       3.6726361788508825e+02, 2.2399932895774910e+02, 0., 0., 1. ]
D2: !!opencv-matrix
   rows: 5
   cols: 1
   dt: d
   data: [ -2.2201337830972428e-02, -1.1445843221826492e-03,
       2.9199201696882579e-04, -7.1705872414221615e-04,
       5.1284674356775366e-04 ]
P2: !!opencv-matrix
   rows: 3
   cols: 4
   dt: f
   data: [ 3.58604248e+02, 0., 3.82354370e+02, -1.31083938e+05, 0.,
       3.58604248e+02, 2.31849960e+02, 0., 0., 0., 1., 0. ]
R2: !!opencv-matrix
   rows: 3
   cols: 3
   dt: f
   data: [ 9.99982059e-01, -4.41098073e-03, -4.05309862e-03,
       4.39230446e-03, 9.99979734e-01, -4.60525136e-03, 4.07333020e-03,
       4.58736625e-03, 9.99981165e-01 ]
