%YAML:1.0
---
Q: !!opencv-matrix
   rows: 4
   cols: 4
   dt: f
   data: [ 1., 0., 0., -3.68920563e+02, 0., 1., 0., -2.31895630e+02, 0.,
       0., 0., 3.53943268e+02, 0., 0., 2.50181276e-03, 0. ]
R: !!opencv-matrix
   rows: 3
   cols: 3
   dt: d
   data: [ 1.0148218373541744e+00, 9.7361659726388460e-03,
       3.1443019172200423e-02, -8.9116492509874624e-03,
       1.0139757553901827e+00, -2.6360900648865045e-02,
       -3.2104937668197372e-02, 2.6068694624432197e-02,
       1.0135159456798402e+00 ]
T: !!opencv-matrix
   rows: 3
   cols: 1
   dt: d
   data: [ -4.0294154393729445e+02, 1.7774598402222985e+00,
       1.6332897516159028e+00 ]
E: !!opencv-matrix
   rows: 0
   cols: 0
   dt: u
   data: []
F: !!opencv-matrix
   rows: 0
   cols: 0
   dt: u
   data: []
K1: !!opencv-matrix
   rows: 3
   cols: 3
   dt: d
   data: [ 3.6627756984521932e+02, 0., 3.8060969928433269e+02, 0.,
       3.6653175179255015e+02, 2.3878059668569790e+02, 0., 0., 1. ]
D1: !!opencv-matrix
   rows: 5
   cols: 1
   dt: d
   data: [ -2.1859934914563901e-02, -9.9468572971318997e-04,
       1.6448003429794193e-03, -3.1164985765511365e-04,
       3.5195408316194161e-04 ]
P1: !!opencv-matrix
   rows: 3
   cols: 4
   dt: f
   data: [ 3.53943268e+02, 0., 3.68920563e+02, 0., 0., 3.53943268e+02,
       2.31895630e+02, 0., 0., 0., 1., 0. ]
R1: !!opencv-matrix
   rows: 3
   cols: 3
   dt: f
   data: [ 9.99621511e-01, 5.05130040e-03, 2.70433743e-02,
       -4.70197154e-03, 9.99904871e-01, -1.29653933e-02, -2.71062944e-02,
       1.28333289e-02, 9.99550164e-01 ]
K2: !!opencv-matrix
   rows: 3
   cols: 3
   dt: d
   data: [ 3.6687495098581172e+02, 0., 3.7621769200552956e+02, 0.,
       3.6726361788508825e+02, 2.2399932895774910e+02, 0., 0., 1. ]
D2: !!opencv-matrix
   rows: 5
   cols: 1
   dt: d
   data: [ -2.2201337830972428e-02, -1.1445843221826492e-03,
       2.9199201696882579e-04, -7.1705872414221615e-04,
       5.1284674356775366e-04 ]
P2: !!opencv-matrix
   rows: 3
   cols: 4
   dt: f
   data: [ 3.53943268e+02, 0., 3.68920563e+02, -1.41474719e+05, 0.,
       3.53943268e+02, 2.31895630e+02, 0., 0., 0., 1., 0. ]
R2: !!opencv-matrix
   rows: 3
   cols: 3
   dt: f
   data: [ 9.99982059e-01, -4.41113068e-03, -4.05334216e-03,
       4.46305424e-03, 9.99906957e-01, 1.28915943e-02, 3.99609841e-03,
       -1.29094534e-02, 9.99908686e-01 ]
