%YAML:1.0
---
Q: !!opencv-matrix
   rows: 4
   cols: 4
   dt: f
   data: [ 1., 0., 0., -3.82374268e+02, 0., 1., 0., -2.31849579e+02, 0.,
       0., 0., 3.58593628e+02, 0., 0., 2.82040029e-03, 0. ]
R: !!opencv-matrix
   rows: 3
   cols: 3
   dt: d
   data: [ 1.0136694568178006e+00, 9.8990382021001619e-03,
       -3.2622172022268420e-03, -9.8164609676757893e-03,
       1.0137801756517659e+00, 9.3630952578805781e-03,
       3.2888585554028352e-03, -9.3315897429286660e-03,
       1.0138231894511431e+00 ]
T: !!opencv-matrix
   rows: 3
   cols: 1
   dt: d
   data: [ -3.5625671394509664e+02, 1.5714696778683657e+00,
       1.4439695215672987e+00 ]
E: !!opencv-matrix
   rows: 0
   cols: 0
   dt: u
   data: []
F: !!opencv-matrix
   rows: 0
   cols: 0
   dt: u
   data: []
K1: !!opencv-matrix
   rows: 3
   cols: 3
   dt: d
   data: [ 3.6627756984521932e+02, 0., 3.8060969928433269e+02, 0.,
       3.6653175179255015e+02, 2.3878059668569790e+02, 0., 0., 1. ]
D1: !!opencv-matrix
   rows: 5
   cols: 1
   dt: d
   data: [ -2.1859934914563901e-02, -9.9468572971318997e-04,
       1.6448003429794193e-03, -3.1164985765511365e-04,
       3.5195408316194161e-04 ]
P1: !!opencv-matrix
   rows: 3
   cols: 4
   dt: f
   data: [ 3.58593628e+02, 0., 3.82374268e+02, 0., 0., 3.58593628e+02,
       2.31849579e+02, 0., 0., 0., 1., 0. ]
R1: !!opencv-matrix
   rows: 3
   cols: 3
   dt: f
   data: [ 9.99958694e-01, 5.40278247e-03, -7.30518764e-03,
       -5.36914775e-03, 9.99974906e-01, 4.61605145e-03, 7.32994406e-03,
       -4.57663834e-03, 9.99962687e-01 ]
K2: !!opencv-matrix
   rows: 3
   cols: 3
   dt: d
   data: [ 3.6687495098581172e+02, 0., 3.7621769200552956e+02, 0.,
       3.6726361788508825e+02, 2.2399932895774910e+02, 0., 0., 1. ]
D2: !!opencv-matrix
   rows: 5
   cols: 1
   dt: d
   data: [ -2.2201337830972428e-02, -1.1445843221826492e-03,
       2.9199201696882579e-04, -7.1705872414221615e-04,
       5.1284674356775366e-04 ]
P2: !!opencv-matrix
   rows: 3
   cols: 4
   dt: f
   data: [ 3.58593628e+02, 0., 3.82374268e+02, -1.27142820e+05, 0.,
       3.58593628e+02, 2.31849579e+02, 0., 0., 0., 1., 0. ]
R2: !!opencv-matrix
   rows: 3
   cols: 3
   dt: f
   data: [ 9.99982059e-01, -4.41098073e-03, -4.05309862e-03,
       4.39230446e-03, 9.99979734e-01, -4.60531423e-03, 4.07333067e-03,
       4.58742911e-03, 9.99981165e-01 ]
