%YAML:1.0
---
Q: !!opencv-matrix
   rows: 4
   cols: 4
   dt: f
   data: [ 1., 0., 0., -3.82281677e+02, 0., 1., 0., -2.31849228e+02, 0.,
       0., 0., 3.59851776e+02, 0., 0., 2.65499623e-03, 0. ]
R: !!opencv-matrix
   rows: 3
   cols: 3
   dt: d
   data: [ 1.0140315853044370e+00, 9.3856474081651323e-03,
       -3.0377312932184778e-03, -9.8208672336665501e-03,
       1.0140263715841991e+00, -2.6039287166846514e-02,
       3.2912941048179969e-03, 2.6071413704050021e-02,
       1.0140641791451557e+00 ]
T: !!opencv-matrix
   rows: 3
   cols: 1
   dt: d
   data: [ -3.7756129537185950e+02, 1.6654263555702433e+00,
       1.5304147536186561e+00 ]
E: !!opencv-matrix
   rows: 0
   cols: 0
   dt: u
   data: []
F: !!opencv-matrix
   rows: 0
   cols: 0
   dt: u
   data: []
K1: !!opencv-matrix
   rows: 3
   cols: 3
   dt: d
   data: [ 3.6627756984521932e+02, 0., 3.8060969928433269e+02, 0.,
       3.6653175179255015e+02, 2.3878059668569790e+02, 0., 0., 1. ]
D1: !!opencv-matrix
   rows: 5
   cols: 1
   dt: d
   data: [ -2.1859934914563901e-02, -9.9468572971318997e-04,
       1.6448003429794193e-03, -3.1164985765511365e-04,
       3.5195408316194161e-04 ]
P1: !!opencv-matrix
   rows: 3
   cols: 4
   dt: f
   data: [ 3.59851776e+02, 0., 3.82281677e+02, 0., 0., 3.59851776e+02,
       2.31849228e+02, 0., 0., 0., 1., 0. ]
R1: !!opencv-matrix
   rows: 3
   cols: 3
   dt: f
   data: [ 9.99962807e-01, 4.88007395e-03, -7.11216638e-03,
       -4.97110840e-03, 9.99905229e-01, -1.28388675e-02, 7.04883737e-03,
       1.28737455e-02, 9.99892294e-01 ]
K2: !!opencv-matrix
   rows: 3
   cols: 3
   dt: d
   data: [ 3.6687495098581172e+02, 0., 3.7621769200552956e+02, 0.,
       3.6726361788508825e+02, 2.2399932895774910e+02, 0., 0., 1. ]
D2: !!opencv-matrix
   rows: 5
   cols: 1
   dt: d
   data: [ -2.2201337830972428e-02, -1.1445843221826492e-03,
       2.9199201696882579e-04, -7.1705872414221615e-04,
       5.1284674356775366e-04 ]
P2: !!opencv-matrix
   rows: 3
   cols: 4
   dt: f
   data: [ 3.59851776e+02, 0., 3.82281677e+02, -1.35537594e+05, 0.,
       3.59851776e+02, 2.31849228e+02, 0., 0., 0., 1., 0. ]
R2: !!opencv-matrix
   rows: 3
   cols: 3
   dt: f
   data: [ 9.99982059e-01, -4.41092998e-03, -4.05334774e-03,
       4.46267752e-03, 9.99907494e-01, 1.28474394e-02, 3.99630377e-03,
       -1.28652975e-02, 9.99909282e-01 ]
