%YAML:1.0
---
Q: !!opencv-matrix
   rows: 4
   cols: 4
   dt: f
   data: [ 1., 0., 0., -3.68796936e+02, 0., 1., 0., -2.31740677e+02, 0.,
       0., 0., 3.66539124e+02, 0., 0., 2.28281575e-03, 0. ]
R: !!opencv-matrix
   rows: 3
   cols: 3
   dt: d
   data: [ 1.0137900690738870e+00, -2.5687076513168865e-02,
       3.1849323121431183e-02, 2.6492605510420819e-02,
       1.0139394642197885e+00, -2.6369678831643633e-02,
       -3.1179785947572248e-02, 2.7180440293629676e-02,
       1.0137847307245107e+00 ]
T: !!opencv-matrix
   rows: 3
   cols: 1
   dt: d
   data: [ -4.3988953864447529e+02, 1.9404735363944465e+00,
       1.7833974185685109e+00 ]
E: !!opencv-matrix
   rows: 0
   cols: 0
   dt: u
   data: []
F: !!opencv-matrix
   rows: 0
   cols: 0
   dt: u
   data: []
K1: !!opencv-matrix
   rows: 3
   cols: 3
   dt: d
   data: [ 3.6627756984521932e+02, 0., 3.8060969928433269e+02, 0.,
       3.6653175179255015e+02, 2.3878059668569790e+02, 0., 0., 1. ]
D1: !!opencv-matrix
   rows: 5
   cols: 1
   dt: d
   data: [ -2.1859934914563901e-02, -9.9468572971318997e-04,
       1.6448003429794193e-03, -3.1164985765511365e-04,
       3.5195408316194161e-04 ]
P1: !!opencv-matrix
   rows: 3
   cols: 4
   dt: f
   data: [ 3.66539124e+02, 0., 3.68796936e+02, 0., 0., 3.66539124e+02,
       2.31740677e+02, 0., 0., 0., 1., 0. ]
R1: !!opencv-matrix
   rows: 3
   cols: 3
   dt: f
   data: [ 9.99177933e-01, -2.98183989e-02, 2.74648350e-02,
       3.01767625e-02, 9.99463558e-01, -1.27272727e-02, -2.70705950e-02,
       1.35456100e-02, 9.99541759e-01 ]
K2: !!opencv-matrix
   rows: 3
   cols: 3
   dt: d
   data: [ 3.6687495098581172e+02, 0., 3.7621769200552956e+02, 0.,
       3.6726361788508825e+02, 2.2399932895774910e+02, 0., 0., 1. ]
D2: !!opencv-matrix
   rows: 5
   cols: 1
   dt: d
   data: [ -2.2201337830972428e-02, -1.1445843221826492e-03,
       2.9199201696882579e-04, -7.1705872414221615e-04,
       5.1284674356775366e-04 ]
P2: !!opencv-matrix
   rows: 3
   cols: 4
   dt: f
   data: [ 3.66539124e+02, 0., 3.68796936e+02, -1.60564484e+05, 0.,
       3.66539124e+02, 2.31740677e+02, 0., 0., 0., 1., 0. ]
R2: !!opencv-matrix
   rows: 3
   cols: 3
   dt: f
   data: [ 9.99982059e-01, -4.41119540e-03, -4.05412121e-03,
       4.46408242e-03, 9.99903858e-01, 1.31301517e-02, 3.99581157e-03,
       -1.31480135e-02, 9.99905586e-01 ]
