%YAML:1.0
---
Q: !!opencv-matrix
   rows: 4
   cols: 4
   dt: f
   data: [ 1., 0., 0., -4.28142700e+02, 0., 1., 0., -2.33934479e+02, 0.,
       0., 0., 3.72291412e+02, 0., 0., 5.60631556e-03, 0. ]
R: !!opencv-matrix
   rows: 3
   cols: 3
   dt: d
   data: [ 1.0010422700419621e+00, 9.3643529967537761e-03,
       -3.3680163516976581e-03, -9.6846056071227572e-03,
       1.0002911777703845e+00, -4.3182119016767474e-02,
       3.2575801224861427e-03, 4.3208071876949937e-02,
       1.0003013547842405e+00 ]
T: !!opencv-matrix
   rows: 3
   cols: 1
   dt: d
   data: [ -1.7767381680855843e+02, 1.1282659294524320e+01,
       1.1215325089148941e+01 ]
E: !!opencv-matrix
   rows: 0
   cols: 0
   dt: u
   data: []
F: !!opencv-matrix
   rows: 0
   cols: 0
   dt: u
   data: []
K1: !!opencv-matrix
   rows: 3
   cols: 3
   dt: d
   data: [ 3.6627756984521932e+02, 0., 3.8060969928433269e+02, 0.,
       3.6653175179255015e+02, 2.3878059668569790e+02, 0., 0., 1. ]
D1: !!opencv-matrix
   rows: 5
   cols: 1
   dt: d
   data: [ -2.1859934914563901e-02, -9.9468572971318997e-04,
       1.6448003429794193e-03, -3.1164985765511365e-04,
       3.5195408316194161e-04 ]
P1: !!opencv-matrix
   rows: 3
   cols: 4
   dt: f
   data: [ 3.72291412e+02, 0., 4.28142700e+02, 0., 0., 3.72291412e+02,
       2.33934479e+02, 0., 0., 0., 1., 0. ]
R1: !!opencv-matrix
   rows: 3
   cols: 3
   dt: f
   data: [ 9.96377170e-01, -5.65585308e-02, -6.35108426e-02,
       5.51620498e-02, 9.98200059e-01, -2.35317349e-02, 6.47274554e-02,
       1.99430957e-02, 9.97703671e-01 ]
K2: !!opencv-matrix
   rows: 3
   cols: 3
   dt: d
   data: [ 3.6687495098581172e+02, 0., 3.7621769200552956e+02, 0.,
       3.6726361788508825e+02, 2.2399932895774910e+02, 0., 0., 1. ]
D2: !!opencv-matrix
   rows: 5
   cols: 1
   dt: d
   data: [ -2.2201337830972428e-02, -1.1445843221826492e-03,
       2.9199201696882579e-04, -7.1705872414221615e-04,
       5.1284674356775366e-04 ]
P2: !!opencv-matrix
   rows: 3
   cols: 4
   dt: f
   data: [ 3.72291412e+02, 0., 4.28142700e+02, -6.64057266e+04, 0.,
       3.72291412e+02, 2.33934479e+02, 0., 0., 0., 1., 0. ]
R2: !!opencv-matrix
   rows: 3
   cols: 3
   dt: f
   data: [ 9.96015429e-01, -6.32490665e-02, -6.28715977e-02,
       6.46033287e-02, 9.97715712e-01, 1.97439231e-02, 6.14791922e-02,
       -2.37269662e-02, 9.97826278e-01 ]
