%YAML:1.0
---
Q: !!opencv-matrix
   rows: 4
   cols: 4
   dt: f
   data: [ 1., 0., 0., -4.13768219e+02, 0., 1., 0., -2.33890259e+02, 0.,
       0., 0., 3.68145111e+02, 0., 0., 4.10013342e+00, 0. ]
R: !!opencv-matrix
   rows: 3
   cols: 3
   dt: d
   data: [ 1.0897167946120550e+00, -4.8194897479236318e-02,
       1.8148597076608888e-02, 4.8071624528785502e-02,
       1.0813290519455645e+00, -4.4990086102929212e-02,
       -5.1163498051038703e-02, 4.9572760632762995e-02,
       1.0832000813251308e+00 ]
T: !!opencv-matrix
   rows: 3
   cols: 1
   dt: d
   data: [ -9.5727313783694770e-02, 6.0789350415218629e-03,
       6.0420307476453106e-03 ]
E: !!opencv-matrix
   rows: 0
   cols: 0
   dt: u
   data: []
F: !!opencv-matrix
   rows: 0
   cols: 0
   dt: u
   data: []
K1: !!opencv-matrix
   rows: 3
   cols: 3
   dt: d
   data: [ 3.6627756984521932e+02, 0., 3.8060969928433269e+02, 0.,
       3.6653175179255015e+02, 2.3878059668569790e+02, 0., 0., 1. ]
D1: !!opencv-matrix
   rows: 5
   cols: 1
   dt: d
   data: [ -2.1859934914563901e-02, -9.9468572971318997e-04,
       1.6448003429794193e-03, -3.1164985765511365e-04,
       3.5195408316194161e-04 ]
P1: !!opencv-matrix
   rows: 3
   cols: 4
   dt: f
   data: [ 3.68145111e+02, 0., 4.13768219e+02, 0., 0., 3.68145111e+02,
       2.33890259e+02, 0., 0., 0., 1., 0. ]
R1: !!opencv-matrix
   rows: 3
   cols: 3
   dt: f
   data: [ 9.93651390e-01, -1.09203160e-01, -2.70481110e-02,
       1.08626693e-01, 9.93840456e-01, -2.19406020e-02, 2.92774905e-02,
       1.88631620e-02, 9.99393344e-01 ]
K2: !!opencv-matrix
   rows: 3
   cols: 3
   dt: d
   data: [ 3.6687495098581172e+02, 0., 3.7621769200552956e+02, 0.,
       3.6726361788508825e+02, 2.2399932895774910e+02, 0., 0., 1. ]
D2: !!opencv-matrix
   rows: 5
   cols: 1
   dt: d
   data: [ -2.2201337830972428e-02, -1.1445843221826492e-03,
       2.9199201696882579e-04, -7.1705872414221615e-04,
       5.1284674356775366e-04 ]
P2: !!opencv-matrix
   rows: 3
   cols: 4
   dt: f
   data: [ 3.68145111e+02, 0., 4.13768219e+02, -8.97885742e+01, 0.,
       3.68145111e+02, 2.33890259e+02, 0., 0., 0., 1., 0. ]
R2: !!opencv-matrix
   rows: 3
   cols: 3
   dt: f
   data: [ 9.96015787e-01, -6.32496104e-02, -6.28656298e-02,
       6.45222738e-02, 9.97746229e-01, 1.84225608e-02, 6.15587234e-02,
       -2.24053953e-02, 9.97851968e-01 ]
