%YAML:1.0
---
Q: !!opencv-matrix
   rows: 4
   cols: 4
   dt: f
   data: [ 1., 0., 0., -3.83181488e+02, 0., 1., 0., -2.32192703e+02, 0.,
       0., 0., 3.61826019e+02, 0., 0., 5.56036783e-03, 0. ]
R: !!opencv-matrix
   rows: 3
   cols: 3
   dt: d
   data: [ 1.0000080488765497e+00, 9.8053516249792874e-03,
       -3.1477641299601650e-03, -9.6844720203599528e-03,
       9.9994430219538377e-01, 9.2346644499830127e-03,
       3.2433867303463247e-03, -9.2043197262743591e-03,
       9.9999211238345176e-01 ]
T: !!opencv-matrix
   rows: 3
   cols: 1
   dt: d
   data: [ -1.7952297542853680e+02, 1.1400181313182273e+01,
       7.7036690417874565e-01 ]
E: !!opencv-matrix
   rows: 0
   cols: 0
   dt: u
   data: []
F: !!opencv-matrix
   rows: 0
   cols: 0
   dt: u
   data: []
K1: !!opencv-matrix
   rows: 3
   cols: 3
   dt: d
   data: [ 3.6627756984521932e+02, 0., 3.8060969928433269e+02, 0.,
       3.6653175179255015e+02, 2.3878059668569790e+02, 0., 0., 1. ]
D1: !!opencv-matrix
   rows: 5
   cols: 1
   dt: d
   data: [ -2.1859934914563901e-02, -9.9468572971318997e-04,
       1.6448003429794193e-03, -3.1164985765511365e-04,
       3.5195408316194161e-04 ]
P1: !!opencv-matrix
   rows: 3
   cols: 4
   dt: f
   data: [ 3.61826019e+02, 0., 3.83181488e+02, 0., 0., 3.61826019e+02,
       2.32192703e+02, 0., 0., 0., 1., 0. ]
R1: !!opencv-matrix
   rows: 3
   cols: 3
   dt: f
   data: [ 9.98529553e-01, -5.36162108e-02, -8.00557155e-03,
       5.36520593e-02, 9.98550296e-01, 4.33261134e-03, 7.76166795e-03,
       -4.75575542e-03, 9.99958575e-01 ]
K2: !!opencv-matrix
   rows: 3
   cols: 3
   dt: d
   data: [ 3.6687495098581172e+02, 0., 3.7621769200552956e+02, 0.,
       3.6726361788508825e+02, 2.2399932895774910e+02, 0., 0., 1. ]
D2: !!opencv-matrix
   rows: 5
   cols: 1
   dt: d
   data: [ -2.2201337830972428e-02, -1.1445843221826492e-03,
       2.9199201696882579e-04, -7.1705872414221615e-04,
       5.1284674356775366e-04 ]
P2: !!opencv-matrix
   rows: 3
   cols: 4
   dt: f
   data: [ 3.61826019e+02, 0., 3.83181488e+02, -6.50723164e+04, 0.,
       3.61826019e+02, 2.32192703e+02, 0., 0., 0., 1., 0. ]
R2: !!opencv-matrix
   rows: 3
   cols: 3
   dt: f
   data: [ 9.97980654e-01, -6.33743927e-02, -4.28248243e-03,
       6.33542612e-02, 9.97980118e-01, -4.68394533e-03, 4.57067415e-03,
       4.40317346e-03, 9.99979854e-01 ]
