%YAML:1.0
---
Q: !!opencv-matrix
   rows: 4
   cols: 4
   dt: f
   data: [ 1., 0., 0., -3.82543213e+02, 0., 1., 0., -2.31851212e+02, 0.,
       0., 0., 3.58742828e+02, 0., 0., 5.55543555e-03, 0. ]
R: !!opencv-matrix
   rows: 3
   cols: 3
   dt: d
   data: [ 9.9962727060377976e-01, 9.5932495759076843e-03,
       -3.0634608012409604e-03, -9.6521031320512714e-03,
       1.0001100061936248e+00, 9.2306855602888697e-03,
       3.2461683984886260e-03, -9.2048037619109156e-03,
       1.0001438938931564e+00 ]
T: !!opencv-matrix
   rows: 3
   cols: 1
   dt: d
   data: [ -1.7943581840333263e+02, 1.1394646752933792e+01,
       7.7000196863369985e-01 ]
E: !!opencv-matrix
   rows: 0
   cols: 0
   dt: u
   data: []
F: !!opencv-matrix
   rows: 0
   cols: 0
   dt: u
   data: []
K1: !!opencv-matrix
   rows: 3
   cols: 3
   dt: d
   data: [ 3.6627756984521932e+02, 0., 3.8060969928433269e+02, 0.,
       3.6653175179255015e+02, 2.3878059668569790e+02, 0., 0., 1. ]
D1: !!opencv-matrix
   rows: 5
   cols: 1
   dt: d
   data: [ -2.1859934914563901e-02, -9.9468572971318997e-04,
       1.6448003429794193e-03, -3.1164985765511365e-04,
       3.5195408316194161e-04 ]
P1: !!opencv-matrix
   rows: 3
   cols: 4
   dt: f
   data: [ 3.58742828e+02, 0., 3.82543213e+02, 0., 0., 3.58742828e+02,
       2.31851212e+02, 0., 0., 0., 1., 0. ]
R1: !!opencv-matrix
   rows: 3
   cols: 3
   dt: f
   data: [ 9.99958932e-01, 5.09520480e-03, -7.49204494e-03,
       -5.06072072e-03, 9.99976575e-01, 4.61453805e-03, 7.51538109e-03,
       -4.57643345e-03, 9.99961317e-01 ]
K2: !!opencv-matrix
   rows: 3
   cols: 3
   dt: d
   data: [ 3.6687495098581172e+02, 0., 3.7621769200552956e+02, 0.,
       3.6726361788508825e+02, 2.2399932895774910e+02, 0., 0., 1. ]
D2: !!opencv-matrix
   rows: 5
   cols: 1
   dt: d
   data: [ -2.2201337830972428e-02, -1.1445843221826492e-03,
       2.9199201696882579e-04, -7.1705872414221615e-04,
       5.1284674356775366e-04 ]
P2: !!opencv-matrix
   rows: 3
   cols: 4
   dt: f
   data: [ 3.58742828e+02, 0., 3.82543213e+02, -6.45751016e+04, 0.,
       3.58742828e+02, 2.31851212e+02, 0., 0., 0., 1., 0. ]
R2: !!opencv-matrix
   rows: 3
   cols: 3
   dt: f
   data: [ 9.99979854e-01, -4.67130914e-03, -4.29381849e-03,
       4.65152739e-03, 9.99978602e-01, -4.60554287e-03, 4.31524031e-03,
       4.58547706e-03, 9.99980152e-01 ]
