%YAML:1.0
---
Q: !!opencv-matrix
   rows: 4
   cols: 4
   dt: f
   data: [ 1., 0., 0., -4.07668671e+02, 0., 1., 0., -2.33127045e+02, 0.,
       0., 0., 3.79587646e+02, 0., 0., 5.75384125e-03, 0. ]
R: !!opencv-matrix
   rows: 3
   cols: 3
   dt: d
   data: [ 1.0014228253785189e+00, 9.4848001675298995e-03,
       4.8443489121134588e-02, -7.4718608139364272e-03,
       1.0009900048104774e+00, -4.3621290339775971e-02,
       -4.9188183595838389e-02, 4.3231412498184039e-02,
       9.9984528893286595e-01 ]
T: !!opencv-matrix
   rows: 3
   cols: 1
   dt: d
   data: [ -1.7294103838088739e+02, 1.0981967418353793e+01,
       1.0916218357476790e+01 ]
E: !!opencv-matrix
   rows: 0
   cols: 0
   dt: u
   data: []
F: !!opencv-matrix
   rows: 0
   cols: 0
   dt: u
   data: []
K1: !!opencv-matrix
   rows: 3
   cols: 3
   dt: d
   data: [ 3.6627756984521932e+02, 0., 3.8060969928433269e+02, 0.,
       3.6653175179255015e+02, 2.3878059668569790e+02, 0., 0., 1. ]
D1: !!opencv-matrix
   rows: 5
   cols: 1
   dt: d
   data: [ -2.1859934914563901e-02, -9.9468572971318997e-04,
       1.6448003429794193e-03, -3.1164985765511365e-04,
       3.5195408316194161e-04 ]
P1: !!opencv-matrix
   rows: 3
   cols: 4
   dt: f
   data: [ 3.79587646e+02, 0., 4.07668671e+02, 0., 0., 3.79587646e+02,
       2.33127045e+02, 0., 0., 0., 1., 0. ]
R1: !!opencv-matrix
   rows: 3
   cols: 3
   dt: f
   data: [ 9.98337984e-01, -5.64293861e-02, -1.17038032e-02,
       5.61708473e-02, 9.98192787e-01, -2.13532299e-02, 1.28876017e-02,
       2.06603277e-02, 9.99703467e-01 ]
K2: !!opencv-matrix
   rows: 3
   cols: 3
   dt: d
   data: [ 3.6687495098581172e+02, 0., 3.7621769200552956e+02, 0.,
       3.6726361788508825e+02, 2.2399932895774910e+02, 0., 0., 1. ]
D2: !!opencv-matrix
   rows: 5
   cols: 1
   dt: d
   data: [ -2.2201337830972428e-02, -1.1445843221826492e-03,
       2.9199201696882579e-04, -7.1705872414221615e-04,
       5.1284674356775366e-04 ]
P2: !!opencv-matrix
   rows: 3
   cols: 4
   dt: f
   data: [ 3.79587646e+02, 0., 4.07668671e+02, -6.59711719e+04, 0.,
       3.79587646e+02, 2.33127045e+02, 0., 0., 0., 1., 0. ]
R2: !!opencv-matrix
   rows: 3
   cols: 3
   dt: f
   data: [ 9.96015608e-01, -6.32482097e-02, -6.28695339e-02,
       6.45567626e-02, 9.97733057e-01, 1.90030988e-02, 6.15251064e-02,
       -2.29860358e-02, 9.97840822e-01 ]
