%YAML:1.0
---
Q: !!opencv-matrix
   rows: 4
   cols: 4
   dt: f
   data: [ 1., 0., 0., -3.82349670e+02, 0., 1., 0., -2.31849930e+02, 0.,
       0., 0., 3.58599854e+02, 0., 0., 5.55578526e-03, 0. ]
R: !!opencv-matrix
   rows: 3
   cols: 3
   dt: d
   data: [ 9.9994889210193194e-01, 9.7106591454376012e-03,
       -3.1507363426216172e-03, -9.6827773632938222e-03,
       9.9990979490948539e-01, 9.2347362178647040e-03,
       3.2432494196033839e-03, -9.2036388752070823e-03,
       9.9995172258497522e-01 ]
T: !!opencv-matrix
   rows: 3
   cols: 1
   dt: d
   data: [ -1.7999190807964558e+02, 7.9374068087983829e-01,
       7.2923369556941320e-01 ]
E: !!opencv-matrix
   rows: 0
   cols: 0
   dt: u
   data: []
F: !!opencv-matrix
   rows: 0
   cols: 0
   dt: u
   data: []
K1: !!opencv-matrix
   rows: 3
   cols: 3
   dt: d
   data: [ 3.6627756984521932e+02, 0., 3.8060969928433269e+02, 0.,
       3.6653175179255015e+02, 2.3878059668569790e+02, 0., 0., 1. ]
D1: !!opencv-matrix
   rows: 5
   cols: 1
   dt: d
   data: [ -2.1859934914563901e-02, -9.9468572971318997e-04,
       1.6448003429794193e-03, -3.1164985765511365e-04,
       3.5195408316194161e-04 ]
P1: !!opencv-matrix
   rows: 3
   cols: 4
   dt: f
   data: [ 3.58599854e+02, 0., 3.82349670e+02, 0., 0., 3.58599854e+02,
       2.31849930e+02, 0., 0., 0., 1., 0. ]
R1: !!opencv-matrix
   rows: 3
   cols: 3
   dt: f
   data: [ 9.99959528e-01, 5.33917733e-03, -7.24416878e-03,
       -5.30582387e-03, 9.99975264e-01, 4.61562024e-03, 7.26863323e-03,
       -4.57699690e-03, 9.99963105e-01 ]
K2: !!opencv-matrix
   rows: 3
   cols: 3
   dt: d
   data: [ 3.6687495098581172e+02, 0., 3.7621769200552956e+02, 0.,
       3.6726361788508825e+02, 2.2399932895774910e+02, 0., 0., 1. ]
D2: !!opencv-matrix
   rows: 5
   cols: 1
   dt: d
   data: [ -2.2201337830972428e-02, -1.1445843221826492e-03,
       2.9199201696882579e-04, -7.1705872414221615e-04,
       5.1284674356775366e-04 ]
P2: !!opencv-matrix
   rows: 3
   cols: 4
   dt: f
   data: [ 3.58599854e+02, 0., 3.82349670e+02, -6.45453047e+04, 0.,
       3.58599854e+02, 2.31849930e+02, 0., 0., 0., 1., 0. ]
R2: !!opencv-matrix
   rows: 3
   cols: 3
   dt: f
   data: [ 9.99982059e-01, -4.40978957e-03, -4.05140780e-03,
       4.39112121e-03, 9.99979734e-01, -4.60527092e-03, 4.07163426e-03,
       4.58739838e-03, 9.99981165e-01 ]
