%YAML:1.0
---
Q: !!opencv-matrix
   rows: 4
   cols: 4
   dt: f
   data: [ 1., 0., 0., -4.13479065e+02, 0., 1., 0., -2.33871460e+02, 0.,
       0., 0., 3.68195221e+02, 0., 0., 1.73118725e-01, 0. ]
R: !!opencv-matrix
   rows: 3
   cols: 3
   dt: d
   data: [ 1.0668952040896909e+00, -4.7532910911594242e-02,
       1.8195365275895162e-02, 4.7055111836467337e-02,
       1.0586154038318256e+00, -4.4071329186050508e-02,
       -5.0093463990900838e-02, 4.8552623323890640e-02,
       1.0603977441899921e+00 ]
T: !!opencv-matrix
   rows: 3
   cols: 1
   dt: d
   data: [ -1.8595879742863968e+00, 1.1808870479639418e-01,
       1.1737180638295315e-01 ]
E: !!opencv-matrix
   rows: 0
   cols: 0
   dt: u
   data: []
F: !!opencv-matrix
   rows: 0
   cols: 0
   dt: u
   data: []
K1: !!opencv-matrix
   rows: 3
   cols: 3
   dt: d
   data: [ 3.6627756984521932e+02, 0., 3.8060969928433269e+02, 0.,
       3.6653175179255015e+02, 2.3878059668569790e+02, 0., 0., 1. ]
D1: !!opencv-matrix
   rows: 5
   cols: 1
   dt: d
   data: [ -2.1859934914563901e-02, -9.9468572971318997e-04,
       1.6448003429794193e-03, -3.1164985765511365e-04,
       3.5195408316194161e-04 ]
P1: !!opencv-matrix
   rows: 3
   cols: 4
   dt: f
   data: [ 3.68195221e+02, 0., 4.13479065e+02, 0., 0., 3.68195221e+02,
       2.33871460e+02, 0., 0., 0., 1., 0. ]
R1: !!opencv-matrix
   rows: 3
   cols: 3
   dt: f
   data: [ 9.93643284e-01, -1.09456763e-01, -2.63100322e-02,
       1.08894758e-01, 9.93811488e-01, -2.19247807e-02, 2.85470281e-02,
       1.89203862e-02, 9.99413371e-01 ]
K2: !!opencv-matrix
   rows: 3
   cols: 3
   dt: d
   data: [ 3.6687495098581172e+02, 0., 3.7621769200552956e+02, 0.,
       3.6726361788508825e+02, 2.2399932895774910e+02, 0., 0., 1. ]
D2: !!opencv-matrix
   rows: 5
   cols: 1
   dt: d
   data: [ -2.2201337830972428e-02, -1.1445843221826492e-03,
       2.9199201696882579e-04, -7.1705872414221615e-04,
       5.1284674356775366e-04 ]
P2: !!opencv-matrix
   rows: 3
   cols: 4
   dt: f
   data: [ 3.68195221e+02, 0., 4.13479065e+02, -2.12683643e+03, 0.,
       3.68195221e+02, 2.33871460e+02, 0., 0., 0., 1., 0. ]
R2: !!opencv-matrix
   rows: 3
   cols: 3
   dt: f
   data: [ 9.96015787e-01, -6.32496104e-02, -6.28656298e-02,
       6.45235553e-02, 9.97745752e-01, 1.84433181e-02, 6.15573823e-02,
       -2.24261489e-02, 9.97851551e-01 ]
