%YAML:1.0
---
Q: !!opencv-matrix
   rows: 4
   cols: 4
   dt: f
   data: [ 1., 0., 0., -4.07683533e+02, 0., 1., 0., -2.33439453e+02, 0.,
       0., 0., 3.70126984e+02, 0., 0., 5.60920266e-03, 0. ]
R: !!opencv-matrix
   rows: 3
   cols: 3
   dt: d
   data: [ 1.0007259699476079e+00, -4.2824177223359246e-02,
       4.8805929335665542e-02, 4.5010555868413488e-02,
       1.0008827122904023e+00, -4.3680138886250094e-02,
       -4.6855136165302715e-02, 4.5777198423815842e-02,
       1.0007080668827812e+00 ]
T: !!opencv-matrix
   rows: 3
   cols: 1
   dt: d
   data: [ -1.7756810525015621e+02, 1.1275886477736140e+01,
       1.1208615132292358e+01 ]
E: !!opencv-matrix
   rows: 0
   cols: 0
   dt: u
   data: []
F: !!opencv-matrix
   rows: 0
   cols: 0
   dt: u
   data: []
K1: !!opencv-matrix
   rows: 3
   cols: 3
   dt: d
   data: [ 3.6627756984521932e+02, 0., 3.8060969928433269e+02, 0.,
       3.6653175179255015e+02, 2.3878059668569790e+02, 0., 0., 1. ]
D1: !!opencv-matrix
   rows: 5
   cols: 1
   dt: d
   data: [ -2.1859934914563901e-02, -9.9468572971318997e-04,
       1.6448003429794193e-03, -3.1164985765511365e-04,
       3.5195408316194161e-04 ]
P1: !!opencv-matrix
   rows: 3
   cols: 4
   dt: f
   data: [ 3.70126984e+02, 0., 4.07683533e+02, 0., 0., 3.70126984e+02,
       2.33439453e+02, 0., 0., 0., 1., 0. ]
R1: !!opencv-matrix
   rows: 3
   cols: 3
   dt: f
   data: [ 9.94024217e-01, -1.08552314e-01, -1.15024643e-02,
       1.08288378e-01, 9.93886769e-01, -2.15121396e-02, 1.37673393e-02,
       2.01380048e-02, 9.99702394e-01 ]
K2: !!opencv-matrix
   rows: 3
   cols: 3
   dt: d
   data: [ 3.6687495098581172e+02, 0., 3.7621769200552956e+02, 0.,
       3.6726361788508825e+02, 2.2399932895774910e+02, 0., 0., 1. ]
D2: !!opencv-matrix
   rows: 5
   cols: 1
   dt: d
   data: [ -2.2201337830972428e-02, -1.1445843221826492e-03,
       2.9199201696882579e-04, -7.1705872414221615e-04,
       5.1284674356775366e-04 ]
P2: !!opencv-matrix
   rows: 3
   cols: 4
   dt: f
   data: [ 3.70126984e+02, 0., 4.07683533e+02, -6.59856719e+04, 0.,
       3.70126984e+02, 2.33439453e+02, 0., 0., 0., 1., 0. ]
R2: !!opencv-matrix
   rows: 3
   cols: 3
   dt: f
   data: [ 9.96015429e-01, -6.32487312e-02, -6.28713891e-02,
       6.45475164e-02, 9.97736692e-01, 1.88439153e-02, 6.15372397e-02,
       -2.28270218e-02, 9.97843742e-01 ]
