%YAML:1.0
---
Q: !!opencv-matrix
   rows: 4
   cols: 4
   dt: f
   data: [ 1., 0., 0., -4.07592285e+02, 0., 1., 0., -2.33123917e+02, 0.,
       0., 0., 3.79623688e+02, 0., 0., 5.76208485e-03, 0. ]
R: !!opencv-matrix
   rows: 3
   cols: 3
   dt: d
   data: [ 1.0008784093321113e+00, -4.2540534550619208e-02,
       4.8791468936546969e-02, 4.4998486757204186e-02,
       1.0008427347991042e+00, -4.3678327607489804e-02,
       -4.6865117571618230e-02, 4.5758346183440539e-02,
       1.0006868901596466e+00 ]
T: !!opencv-matrix
   rows: 3
   cols: 1
   dt: d
   data: [ -1.7640464837350243e+02, 1.1202004948215260e+01,
       1.1135174417670710e+01 ]
E: !!opencv-matrix
   rows: 0
   cols: 0
   dt: u
   data: []
F: !!opencv-matrix
   rows: 0
   cols: 0
   dt: u
   data: []
K1: !!opencv-matrix
   rows: 3
   cols: 3
   dt: d
   data: [ 3.6627756984521932e+02, 0., 3.8060969928433269e+02, 0.,
       3.6653175179255015e+02, 2.3878059668569790e+02, 0., 0., 1. ]
D1: !!opencv-matrix
   rows: 5
   cols: 1
   dt: d
   data: [ -2.1859934914563901e-02, -9.9468572971318997e-04,
       1.6448003429794193e-03, -3.1164985765511365e-04,
       3.5195408316194161e-04 ]
P1: !!opencv-matrix
   rows: 3
   cols: 4
   dt: f
   data: [ 3.79623688e+02, 0., 4.07592285e+02, 0., 0., 3.79623688e+02,
       2.33123917e+02, 0., 0., 0., 1., 0. ]
R1: !!opencv-matrix
   rows: 3
   cols: 3
   dt: f
   data: [ 9.98342514e-01, -5.63899465e-02, -1.15089454e-02,
       5.61354794e-02, 9.98194873e-01, -2.13501714e-02, 1.26921050e-02,
       2.06687227e-02, 9.99705791e-01 ]
K2: !!opencv-matrix
   rows: 3
   cols: 3
   dt: d
   data: [ 3.6687495098581172e+02, 0., 3.7621769200552956e+02, 0.,
       3.6726361788508825e+02, 2.2399932895774910e+02, 0., 0., 1. ]
D2: !!opencv-matrix
   rows: 5
   cols: 1
   dt: d
   data: [ -2.2201337830972428e-02, -1.1445843221826492e-03,
       2.9199201696882579e-04, -7.1705872414221615e-04,
       5.1284674356775366e-04 ]
P2: !!opencv-matrix
   rows: 3
   cols: 4
   dt: f
   data: [ 3.79623688e+02, 0., 4.07592285e+02, -6.58830391e+04, 0.,
       3.79623688e+02, 2.33123917e+02, 0., 0., 0., 1., 0. ]
R2: !!opencv-matrix
   rows: 3
   cols: 3
   dt: f
   data: [ 9.96015608e-01, -6.32482171e-02, -6.28695562e-02,
       6.45569339e-02, 9.97732997e-01, 1.90057419e-02, 6.15249574e-02,
       -2.29886808e-02, 9.97840762e-01 ]
