%YAML:1.0
---
Q: !!opencv-matrix
   rows: 4
   cols: 4
   dt: f
   data: [ 1., 0., 0., -3.83179474e+02, 0., 1., 0., -2.32192642e+02, 0.,
       0., 0., 3.61826385e+02, 0., 0., 5.56363445e-03, 0. ]
R: !!opencv-matrix
   rows: 3
   cols: 3
   dt: d
   data: [ 9.9992862246423175e-01, 9.7431160719985595e-03,
       -3.1312577760838397e-03, -9.6806370828669049e-03,
       9.9992499188975981e-01, 9.2334386274170108e-03,
       3.2435126268574037e-03, -9.2039908315271618e-03,
       9.9996873991724289e-01 ]
T: !!opencv-matrix
   rows: 3
   cols: 1
   dt: d
   data: [ -1.7937228074212831e+02, 1.1390439988531485e+01,
       7.6977585391705616e-01 ]
E: !!opencv-matrix
   rows: 0
   cols: 0
   dt: u
   data: []
F: !!opencv-matrix
   rows: 0
   cols: 0
   dt: u
   data: []
K1: !!opencv-matrix
   rows: 3
   cols: 3
   dt: d
   data: [ 3.6627756984521932e+02, 0., 3.8060969928433269e+02, 0.,
       3.6653175179255015e+02, 2.3878059668569790e+02, 0., 0., 1. ]
D1: !!opencv-matrix
   rows: 5
   cols: 1
   dt: d
   data: [ -2.1859934914563901e-02, -9.9468572971318997e-04,
       1.6448003429794193e-03, -3.1164985765511365e-04,
       3.5195408316194161e-04 ]
P1: !!opencv-matrix
   rows: 3
   cols: 4
   dt: f
   data: [ 3.61826385e+02, 0., 3.83179474e+02, 0., 0., 3.61826385e+02,
       2.32192642e+02, 0., 0., 0., 1., 0. ]
R1: !!opencv-matrix
   rows: 3
   cols: 3
   dt: f
   data: [ 9.98529494e-01, -5.36171682e-02, -8.00003763e-03,
       5.36529943e-02, 9.98550236e-01, 4.33271937e-03, 7.75613077e-03,
       -4.75557428e-03, 9.99958634e-01 ]
K2: !!opencv-matrix
   rows: 3
   cols: 3
   dt: d
   data: [ 3.6687495098581172e+02, 0., 3.7621769200552956e+02, 0.,
       3.6726361788508825e+02, 2.2399932895774910e+02, 0., 0., 1. ]
D2: !!opencv-matrix
   rows: 5
   cols: 1
   dt: d
   data: [ -2.2201337830972428e-02, -1.1445843221826492e-03,
       2.9199201696882579e-04, -7.1705872414221615e-04,
       5.1284674356775366e-04 ]
P2: !!opencv-matrix
   rows: 3
   cols: 4
   dt: f
   data: [ 3.61826385e+02, 0., 3.83179474e+02, -6.50341758e+04, 0.,
       3.61826385e+02, 2.32192642e+02, 0., 0., 0., 1., 0. ]
R2: !!opencv-matrix
   rows: 3
   cols: 3
   dt: f
   data: [ 9.97980714e-01, -6.33734465e-02, -4.28283261e-03,
       6.33533075e-02, 9.97980177e-01, -4.68391785e-03, 4.57101827e-03,
       4.40312782e-03, 9.99979854e-01 ]
