%YAML:1.0
---
Q: !!opencv-matrix
   rows: 4
   cols: 4
   dt: f
   data: [ 1., 0., 0., -4.28228027e+02, 0., 1., 0., -2.33896210e+02, 0.,
       0., 0., 3.72608826e+02, 0., 0., 5.21226879e-03, 0. ]
R: !!opencv-matrix
   rows: 3
   cols: 3
   dt: d
   data: [ 1.0053951359825501e+00, 1.1754960795494660e-02,
       -3.7047183428670738e-03, -9.7535909541640372e-03,
       1.0039916768929262e+00, -4.3327777751982731e-02,
       3.2384044554953336e-03, 4.3225803747247868e-02,
       1.0041717843207434e+00 ]
T: !!opencv-matrix
   rows: 3
   cols: 1
   dt: d
   data: [ -1.9120818418972505e+02, 1.2142167061171367e+01,
       1.2070062334037809e+01 ]
E: !!opencv-matrix
   rows: 0
   cols: 0
   dt: u
   data: []
F: !!opencv-matrix
   rows: 0
   cols: 0
   dt: u
   data: []
K1: !!opencv-matrix
   rows: 3
   cols: 3
   dt: d
   data: [ 3.6627756984521932e+02, 0., 3.8060969928433269e+02, 0.,
       3.6653175179255015e+02, 2.3878059668569790e+02, 0., 0., 1. ]
D1: !!opencv-matrix
   rows: 5
   cols: 1
   dt: d
   data: [ -2.1859934914563901e-02, -9.9468572971318997e-04,
       1.6448003429794193e-03, -3.1164985765511365e-04,
       3.5195408316194161e-04 ]
P1: !!opencv-matrix
   rows: 3
   cols: 4
   dt: f
   data: [ 3.72608826e+02, 0., 4.28228027e+02, 0., 0., 3.72608826e+02,
       2.33896210e+02, 0., 0., 0., 1., 0. ]
R1: !!opencv-matrix
   rows: 3
   cols: 3
   dt: f
   data: [ 9.96482730e-01, -5.44104390e-02, -6.37315065e-02,
       5.30121066e-02, 9.98318911e-01, -2.34314725e-02, 6.48992807e-02,
       1.99705176e-02, 9.97691989e-01 ]
K2: !!opencv-matrix
   rows: 3
   cols: 3
   dt: d
   data: [ 3.6687495098581172e+02, 0., 3.7621769200552956e+02, 0.,
       3.6726361788508825e+02, 2.2399932895774910e+02, 0., 0., 1. ]
D2: !!opencv-matrix
   rows: 5
   cols: 1
   dt: d
   data: [ -2.2201337830972428e-02, -1.1445843221826492e-03,
       2.9199201696882579e-04, -7.1705872414221615e-04,
       5.1284674356775366e-04 ]
P2: !!opencv-matrix
   rows: 3
   cols: 4
   dt: f
   data: [ 3.72608826e+02, 0., 4.28228027e+02, -7.14868750e+04, 0.,
       3.72608826e+02, 2.33896210e+02, 0., 0., 0., 1., 0. ]
R2: !!opencv-matrix
   rows: 3
   cols: 3
   dt: f
   data: [ 9.96015251e-01, -6.32492974e-02, -6.28736988e-02,
       6.46013319e-02, 9.97716546e-01, 1.97068546e-02, 6.14836849e-02,
       -2.36900542e-02, 9.97826934e-01 ]
