%YAML:1.0
---
Q: !!opencv-matrix
   rows: 4
   cols: 4
   dt: f
   data: [ 1., 0., 0., -4.28233917e+02, 0., 1., 0., -2.33878784e+02, 0.,
       0., 0., 3.72754974e+02, 0., 0., 5.22222929e-03, 0. ]
R: !!opencv-matrix
   rows: 3
   cols: 3
   dt: d
   data: [ 1.0056645175703143e+00, 1.3550127836028020e-02,
       -3.7043832767453821e-03, -9.7733841991890242e-03,
       1.0038277710793628e+00, -4.3325635124844573e-02,
       3.2180861577184128e-03, 4.3110299407650633e-02,
       1.0041218945939436e+00 ]
T: !!opencv-matrix
   rows: 3
   cols: 1
   dt: d
   data: [ -1.9109054018431956e+02, 1.2134696429785942e+01,
       1.2062635230899197e+01 ]
E: !!opencv-matrix
   rows: 0
   cols: 0
   dt: u
   data: []
F: !!opencv-matrix
   rows: 0
   cols: 0
   dt: u
   data: []
K1: !!opencv-matrix
   rows: 3
   cols: 3
   dt: d
   data: [ 3.6627756984521932e+02, 0., 3.8060969928433269e+02, 0.,
       3.6653175179255015e+02, 2.3878059668569790e+02, 0., 0., 1. ]
D1: !!opencv-matrix
   rows: 5
   cols: 1
   dt: d
   data: [ -2.1859934914563901e-02, -9.9468572971318997e-04,
       1.6448003429794193e-03, -3.1164985765511365e-04,
       3.5195408316194161e-04 ]
P1: !!opencv-matrix
   rows: 3
   cols: 4
   dt: f
   data: [ 3.72754974e+02, 0., 4.28233917e+02, 0., 0., 3.72754974e+02,
       2.33878784e+02, 0., 0., 0., 1., 0. ]
R1: !!opencv-matrix
   rows: 3
   cols: 3
   dt: f
   data: [ 9.96530712e-01, -5.35020344e-02, -6.37503862e-02,
       5.21044731e-02, 9.98367727e-01, -2.33880617e-02, 6.48976341e-02,
       1.99852400e-02, 9.97691751e-01 ]
K2: !!opencv-matrix
   rows: 3
   cols: 3
   dt: d
   data: [ 3.6687495098581172e+02, 0., 3.7621769200552956e+02, 0.,
       3.6726361788508825e+02, 2.2399932895774910e+02, 0., 0., 1. ]
D2: !!opencv-matrix
   rows: 5
   cols: 1
   dt: d
   data: [ -2.2201337830972428e-02, -1.1445843221826492e-03,
       2.9199201696882579e-04, -7.1705872414221615e-04,
       5.1284674356775366e-04 ]
P2: !!opencv-matrix
   rows: 3
   cols: 4
   dt: f
   data: [ 3.72754974e+02, 0., 4.28233917e+02, -7.13785156e+04, 0.,
       3.72754974e+02, 2.33878784e+02, 0., 0., 0., 1., 0. ]
R2: !!opencv-matrix
   rows: 3
   cols: 3
   dt: f
   data: [ 9.96015251e-01, -6.32492974e-02, -6.28736913e-02,
       6.46004379e-02, 9.97716904e-01, 1.96922515e-02, 6.14846274e-02,
       -2.36754511e-02, 9.97827172e-01 ]
