%YAML:1.0
---
Q: !!opencv-matrix
   rows: 4
   cols: 4
   dt: f
   data: [ 1., 0., 0., -4.13885620e+02, 0., 1., 0., -2.33896927e+02, 0.,
       0., 0., 3.68139008e+02, 0., 0., 7.48144073e+01, 0. ]
R: !!opencv-matrix
   rows: 3
   cols: 3
   dt: d
   data: [ 1.1057008287033057e+00, -4.8990053127901327e-02,
       1.8522114677365455e-02, 4.8775499186572591e-02,
       1.0971842285787841e+00, -4.5656353520008644e-02,
       -5.1914154151399501e-02, 5.0304972629191591e-02,
       1.0990702618210859e+00 ]
T: !!opencv-matrix
   rows: 3
   cols: 1
   dt: d
   data: [ -1.3313154896012262e-02, 8.4542019003558107e-04,
       8.4028777210996320e-04 ]
E: !!opencv-matrix
   rows: 0
   cols: 0
   dt: u
   data: []
F: !!opencv-matrix
   rows: 0
   cols: 0
   dt: u
   data: []
K1: !!opencv-matrix
   rows: 3
   cols: 3
   dt: d
   data: [ 3.6627756984521932e+02, 0., 3.8060969928433269e+02, 0.,
       3.6653175179255015e+02, 2.3878059668569790e+02, 0., 0., 1. ]
D1: !!opencv-matrix
   rows: 5
   cols: 1
   dt: d
   data: [ -2.1859934914563901e-02, -9.9468572971318997e-04,
       1.6448003429794193e-03, -3.1164985765511365e-04,
       3.5195408316194161e-04 ]
P1: !!opencv-matrix
   rows: 3
   cols: 4
   dt: f
   data: [ 3.68139008e+02, 0., 4.13885620e+02, 0., 0., 3.68139008e+02,
       2.33896927e+02, 0., 0., 0., 1., 0. ]
R1: !!opencv-matrix
   rows: 3
   cols: 3
   dt: f
   data: [ 9.93664563e-01, -1.09008387e-01, -2.73480564e-02,
       1.08426079e-01, 9.93862271e-01, -2.19454207e-02, 2.95724347e-02,
       1.88411456e-02, 9.99385059e-01 ]
K2: !!opencv-matrix
   rows: 3
   cols: 3
   dt: d
   data: [ 3.6687495098581172e+02, 0., 3.7621769200552956e+02, 0.,
       3.6726361788508825e+02, 2.2399932895774910e+02, 0., 0., 1. ]
D2: !!opencv-matrix
   rows: 5
   cols: 1
   dt: d
   data: [ -2.2201337830972428e-02, -1.1445843221826492e-03,
       2.9199201696882579e-04, -7.1705872414221615e-04,
       5.1284674356775366e-04 ]
P2: !!opencv-matrix
   rows: 3
   cols: 4
   dt: f
   data: [ 3.68139008e+02, 0., 4.13885620e+02, -4.92069674e+00, 0.,
       3.68139008e+02, 2.33896927e+02, 0., 0., 0., 1., 0. ]
R2: !!opencv-matrix
   rows: 3
   cols: 3
   dt: f
   data: [ 9.96015787e-01, -6.32496104e-02, -6.28656298e-02,
       6.45217374e-02, 9.97746408e-01, 1.84138883e-02, 6.15592860e-02,
       -2.23967228e-02, 9.97852087e-01 ]
