%YAML:1.0
---
Q: !!opencv-matrix
   rows: 4
   cols: 4
   dt: f
   data: [ 1., 0., 0., -4.07683411e+02, 0., 1., 0., -2.33439453e+02, 0.,
       0., 0., 3.70127045e+02, 0., 0., 5.58647001e-03, 0. ]
R: !!opencv-matrix
   rows: 3
   cols: 3
   dt: d
   data: [ 1.0007120995765912e+00, -4.2823907523541309e-02,
       4.8804663860679415e-02, 4.5009966991647964e-02,
       1.0008691819743578e+00, -4.3679509140522300e-02,
       -4.6854481481448218e-02, 4.5776598260797018e-02,
       1.0006945574142705e+00 ]
T: !!opencv-matrix
   rows: 3
   cols: 1
   dt: d
   data: [ -1.7847715892928517e+02, 1.1333612983725969e+01,
       1.1265997246812230e+01 ]
E: !!opencv-matrix
   rows: 0
   cols: 0
   dt: u
   data: []
F: !!opencv-matrix
   rows: 0
   cols: 0
   dt: u
   data: []
K1: !!opencv-matrix
   rows: 3
   cols: 3
   dt: d
   data: [ 3.6627756984521932e+02, 0., 3.8060969928433269e+02, 0.,
       3.6653175179255015e+02, 2.3878059668569790e+02, 0., 0., 1. ]
D1: !!opencv-matrix
   rows: 5
   cols: 1
   dt: d
   data: [ -2.1859934914563901e-02, -9.9468572971318997e-04,
       1.6448003429794193e-03, -3.1164985765511365e-04,
       3.5195408316194161e-04 ]
P1: !!opencv-matrix
   rows: 3
   cols: 4
   dt: f
   data: [ 3.70127045e+02, 0., 4.07683411e+02, 0., 0., 3.70127045e+02,
       2.33439453e+02, 0., 0., 0., 1., 0. ]
R1: !!opencv-matrix
   rows: 3
   cols: 3
   dt: f
   data: [ 9.94024217e-01, -1.08552150e-01, -1.15021681e-02,
       1.08288214e-01, 9.93886769e-01, -2.15121303e-02, 1.37670403e-02,
       2.01380290e-02, 9.99702394e-01 ]
K2: !!opencv-matrix
   rows: 3
   cols: 3
   dt: d
   data: [ 3.6687495098581172e+02, 0., 3.7621769200552956e+02, 0.,
       3.6726361788508825e+02, 2.2399932895774910e+02, 0., 0., 1. ]
D2: !!opencv-matrix
   rows: 5
   cols: 1
   dt: d
   data: [ -2.2201337830972428e-02, -1.1445843221826492e-03,
       2.9199201696882579e-04, -7.1705872414221615e-04,
       5.1284674356775366e-04 ]
P2: !!opencv-matrix
   rows: 3
   cols: 4
   dt: f
   data: [ 3.70127045e+02, 0., 4.07683411e+02, -6.62541875e+04, 0.,
       3.70127045e+02, 2.33439453e+02, 0., 0., 0., 1., 0. ]
R2: !!opencv-matrix
   rows: 3
   cols: 3
   dt: f
   data: [ 9.96015429e-01, -6.32487312e-02, -6.28713891e-02,
       6.45475164e-02, 9.97736692e-01, 1.88439228e-02, 6.15372397e-02,
       -2.28270292e-02, 9.97843742e-01 ]
