%YAML:1.0
---
Q: !!opencv-matrix
   rows: 4
   cols: 4
   dt: f
   data: [ 1., 0., 0., -3.83181061e+02, 0., 1., 0., -2.32192719e+02, 0.,
       0., 0., 3.61824829e+02, 0., 0., 5.56373969e-03, 0. ]
R: !!opencv-matrix
   rows: 3
   cols: 3
   dt: d
   data: [ 9.9993567911219550e-01, 9.7344340967161734e-03,
       -3.1388216700784545e-03, -9.6812225279070477e-03,
       9.9992298990184991e-01, 9.2338958958187601e-03,
       3.2434631144459243e-03, -9.2039301858078664e-03,
       9.9996622057735962e-01 ]
T: !!opencv-matrix
   rows: 3
   cols: 1
   dt: d
   data: [ -1.7937251476659725e+02, 1.1390454832850647e+01,
       7.6977682006743309e-01 ]
E: !!opencv-matrix
   rows: 0
   cols: 0
   dt: u
   data: []
F: !!opencv-matrix
   rows: 0
   cols: 0
   dt: u
   data: []
K1: !!opencv-matrix
   rows: 3
   cols: 3
   dt: d
   data: [ 3.6627756984521932e+02, 0., 3.8060969928433269e+02, 0.,
       3.6653175179255015e+02, 2.3878059668569790e+02, 0., 0., 1. ]
D1: !!opencv-matrix
   rows: 5
   cols: 1
   dt: d
   data: [ -2.1859934914563901e-02, -9.9468572971318997e-04,
       1.6448003429794193e-03, -3.1164985765511365e-04,
       3.5195408316194161e-04 ]
P1: !!opencv-matrix
   rows: 3
   cols: 4
   dt: f
   data: [ 3.61824829e+02, 0., 3.83181061e+02, 0., 0., 3.61824829e+02,
       2.32192719e+02, 0., 0., 0., 1., 0. ]
R1: !!opencv-matrix
   rows: 3
   cols: 3
   dt: f
   data: [ 9.98529255e-01, -5.36213443e-02, -8.00417643e-03,
       5.36571890e-02, 9.98549998e-01, 4.33263881e-03, 7.76024815e-03,
       -4.75574844e-03, 9.99958575e-01 ]
K2: !!opencv-matrix
   rows: 3
   cols: 3
   dt: d
   data: [ 3.6687495098581172e+02, 0., 3.7621769200552956e+02, 0.,
       3.6726361788508825e+02, 2.2399932895774910e+02, 0., 0., 1. ]
D2: !!opencv-matrix
   rows: 5
   cols: 1
   dt: d
   data: [ -2.2201337830972428e-02, -1.1445843221826492e-03,
       2.9199201696882579e-04, -7.1705872414221615e-04,
       5.1284674356775366e-04 ]
P2: !!opencv-matrix
   rows: 3
   cols: 4
   dt: f
   data: [ 3.61824829e+02, 0., 3.83181061e+02, -6.50326680e+04, 0.,
       3.61824829e+02, 2.32192719e+02, 0., 0., 0., 1., 0. ]
R2: !!opencv-matrix
   rows: 3
   cols: 3
   dt: f
   data: [ 9.97980714e-01, -6.33734465e-02, -4.28283261e-03,
       6.33533075e-02, 9.97980177e-01, -4.68396489e-03, 4.57102107e-03,
       4.40317485e-03, 9.99979854e-01 ]
