%YAML:1.0
---
Q: !!opencv-matrix
   rows: 4
   cols: 4
   dt: f
   data: [ 1., 0., 0., -4.09152100e+02, 0., 1., 0., -2.33545609e+02, 0.,
       0., 0., 3.69690979e+02, 0., 0., 3.31702717e-02, 0. ]
R: !!opencv-matrix
   rows: 3
   cols: 3
   dt: d
   data: [ 1.0285732689626932e+00, -4.4845724229756898e-02,
       4.2079160617579194e-02, 4.5985514823700065e-02,
       1.0262346650417653e+00, -4.4278493423040591e-02,
       -4.8200926722125080e-02, 4.6993041248685419e-02,
       1.0264986395484699e+00 ]
T: !!opencv-matrix
   rows: 3
   cols: 1
   dt: d
   data: [ -2.8709539706357081e+01, 1.8231308019116221e+00,
       1.8120632335796056e+00 ]
E: !!opencv-matrix
   rows: 0
   cols: 0
   dt: u
   data: []
F: !!opencv-matrix
   rows: 0
   cols: 0
   dt: u
   data: []
K1: !!opencv-matrix
   rows: 3
   cols: 3
   dt: d
   data: [ 3.6627756984521932e+02, 0., 3.8060969928433269e+02, 0.,
       3.6653175179255015e+02, 2.3878059668569790e+02, 0., 0., 1. ]
D1: !!opencv-matrix
   rows: 5
   cols: 1
   dt: d
   data: [ -2.1859934914563901e-02, -9.9468572971318997e-04,
       1.6448003429794193e-03, -3.1164985765511365e-04,
       3.5195408316194161e-04 ]
P1: !!opencv-matrix
   rows: 3
   cols: 4
   dt: f
   data: [ 3.69690979e+02, 0., 4.09152100e+02, 0., 0., 3.69690979e+02,
       2.33545609e+02, 0., 0., 0., 1., 0. ]
R1: !!opencv-matrix
   rows: 3
   cols: 3
   dt: f
   data: [ 9.93984640e-01, -1.08450681e-01, -1.52652040e-02,
       1.08109973e-01, 9.93903995e-01, -2.16123350e-02, 1.75160188e-02,
       1.98320094e-02, 9.99649882e-01 ]
K2: !!opencv-matrix
   rows: 3
   cols: 3
   dt: d
   data: [ 3.6687495098581172e+02, 0., 3.7621769200552956e+02, 0.,
       3.6726361788508825e+02, 2.2399932895774910e+02, 0., 0., 1. ]
D2: !!opencv-matrix
   rows: 5
   cols: 1
   dt: d
   data: [ -2.2201337830972428e-02, -1.1445843221826492e-03,
       2.9199201696882579e-04, -7.1705872414221615e-04,
       5.1284674356775366e-04 ]
P2: !!opencv-matrix
   rows: 3
   cols: 4
   dt: f
   data: [ 3.69690979e+02, 0., 4.09152100e+02, -1.11452510e+04, 0.,
       3.69690979e+02, 2.33545609e+02, 0., 0., 0., 1., 0. ]
R2: !!opencv-matrix
   rows: 3
   cols: 3
   dt: f
   data: [ 9.96015787e-01, -6.32496029e-02, -6.28656521e-02,
       6.45419359e-02, 9.97739017e-01, 1.87413245e-02, 6.15381338e-02,
       -2.27241255e-02, 9.97846007e-01 ]
