%YAML:1.0
---
Q: !!opencv-matrix
   rows: 4
   cols: 4
   dt: f
   data: [ 1., 0., 0., -3.82541229e+02, 0., 1., 0., -2.31851227e+02, 0.,
       0., 0., 3.58742493e+02, 0., 0., 5.55581460e-03, 0. ]
R: !!opencv-matrix
   rows: 3
   cols: 3
   dt: d
   data: [ 9.9991508121930561e-01, 9.7382704486074102e-03,
       -3.1461514728200403e-03, -9.6826389061683941e-03,
       9.9991914924389025e-01, 9.2347145884069757e-03,
       3.2434377437865823e-03, -9.2037450454904041e-03,
       9.9996107305545068e-01 ]
T: !!opencv-matrix
   rows: 3
   cols: 1
   dt: d
   data: [ -1.7999916814455540e+02, 8.4084833014411775e-01,
       7.7288924234777434e-01 ]
E: !!opencv-matrix
   rows: 0
   cols: 0
   dt: u
   data: []
F: !!opencv-matrix
   rows: 0
   cols: 0
   dt: u
   data: []
K1: !!opencv-matrix
   rows: 3
   cols: 3
   dt: d
   data: [ 3.6627756984521932e+02, 0., 3.8060969928433269e+02, 0.,
       3.6653175179255015e+02, 2.3878059668569790e+02, 0., 0., 1. ]
D1: !!opencv-matrix
   rows: 5
   cols: 1
   dt: d
   data: [ -2.1859934914563901e-02, -9.9468572971318997e-04,
       1.6448003429794193e-03, -3.1164985765511365e-04,
       3.5195408316194161e-04 ]
P1: !!opencv-matrix
   rows: 3
   cols: 4
   dt: f
   data: [ 3.58742493e+02, 0., 3.82541229e+02, 0., 0., 3.58742493e+02,
       2.31851227e+02, 0., 0., 0., 1., 0. ]
R1: !!opencv-matrix
   rows: 3
   cols: 3
   dt: f
   data: [ 9.99958992e-01, 5.09318849e-03, -7.48706097e-03,
       -5.05872723e-03, 9.99976575e-01, 4.61452082e-03, 7.51038827e-03,
       -4.57645673e-03, 9.99961317e-01 ]
K2: !!opencv-matrix
   rows: 3
   cols: 3
   dt: d
   data: [ 3.6687495098581172e+02, 0., 3.7621769200552956e+02, 0.,
       3.6726361788508825e+02, 2.2399932895774910e+02, 0., 0., 1. ]
D2: !!opencv-matrix
   rows: 5
   cols: 1
   dt: d
   data: [ -2.2201337830972428e-02, -1.1445843221826492e-03,
       2.9199201696882579e-04, -7.1705872414221615e-04,
       5.1284674356775366e-04 ]
P2: !!opencv-matrix
   rows: 3
   cols: 4
   dt: f
   data: [ 3.58742493e+02, 0., 3.82541229e+02, -6.45706328e+04, 0.,
       3.58742493e+02, 2.31851227e+02, 0., 0., 0., 1., 0. ]
R2: !!opencv-matrix
   rows: 3
   cols: 3
   dt: f
   data: [ 9.99979854e-01, -4.67130635e-03, -4.29375051e-03,
       4.65152506e-03, 9.99978602e-01, -4.60554520e-03, 4.31517232e-03,
       4.58548032e-03, 9.99980152e-01 ]
