%YAML:1.0
---
Q: !!opencv-matrix
   rows: 4
   cols: 4
   dt: f
   data: [ 1., 0., 0., -4.10367950e+02, 0., 1., 0., -2.33234650e+02, 0.,
       0., 0., 3.78476959e+02, 0., 0., 8.42589419e-03, 0. ]
R: !!opencv-matrix
   rows: 3
   cols: 3
   dt: d
   data: [ 1.0260746109887000e+00, 7.2090231413707599e-03,
       2.7115355437174773e-02, -7.9856965378724571e-03,
       1.0199025735606846e+00, -4.3026697809749083e-02,
       -5.0481429836575470e-02, 4.4196170877524261e-02,
       1.0199841108835657e+00 ]
T: !!opencv-matrix
   rows: 3
   cols: 1
   dt: d
   data: [ -7.5650164803502065e+01, 4.8039693537645469e+00,
       4.7753405395512338e+00 ]
E: !!opencv-matrix
   rows: 0
   cols: 0
   dt: u
   data: []
F: !!opencv-matrix
   rows: 0
   cols: 0
   dt: u
   data: []
K1: !!opencv-matrix
   rows: 3
   cols: 3
   dt: d
   data: [ 3.6627756984521932e+02, 0., 3.8060969928433269e+02, 0.,
       3.6653175179255015e+02, 2.3878059668569790e+02, 0., 0., 1. ]
D1: !!opencv-matrix
   rows: 5
   cols: 1
   dt: d
   data: [ -2.1859934914563901e-02, -9.9468572971318997e-04,
       1.6448003429794193e-03, -3.1164985765511365e-04,
       3.5195408316194161e-04 ]
P1: !!opencv-matrix
   rows: 3
   cols: 4
   dt: f
   data: [ 3.78476959e+02, 0., 4.10367950e+02, 0., 0., 3.78476959e+02,
       2.33234650e+02, 0., 0., 0., 1., 0. ]
R1: !!opencv-matrix
   rows: 3
   cols: 3
   dt: f
   data: [ 9.98201013e-01, -5.70017807e-02, -1.85874570e-02,
       5.66002764e-02, 9.98166323e-01, -2.14556493e-02, 1.97763853e-02,
       2.03649960e-02, 9.99597013e-01 ]
K2: !!opencv-matrix
   rows: 3
   cols: 3
   dt: d
   data: [ 3.6687495098581172e+02, 0., 3.7621769200552956e+02, 0.,
       3.6726361788508825e+02, 2.2399932895774910e+02, 0., 0., 1. ]
D2: !!opencv-matrix
   rows: 5
   cols: 1
   dt: d
   data: [ -2.2201337830972428e-02, -1.1445843221826492e-03,
       2.9199201696882579e-04, -7.1705872414221615e-04,
       5.1284674356775366e-04 ]
P2: !!opencv-matrix
   rows: 3
   cols: 4
   dt: f
   data: [ 3.78476959e+02, 0., 4.10367950e+02, -4.49183125e+04, 0.,
       3.78476959e+02, 2.33234650e+02, 0., 0., 0., 1., 0. ]
R2: !!opencv-matrix
   rows: 3
   cols: 3
   dt: f
   data: [ 9.96015370e-01, -6.32493943e-02, -6.28724694e-02,
       6.45521134e-02, 9.97735202e-01, 1.89072751e-02, 6.15341999e-02,
       -2.28904877e-02, 9.97842431e-01 ]
