%YAML:1.0
---
Q: !!opencv-matrix
   rows: 4
   cols: 4
   dt: f
   data: [ 1., 0., 0., -4.29296051e+02, 0., 1., 0., -2.33903214e+02, 0.,
       0., 0., 3.65831787e+02, 0., 0., 5.25418948e-03, 0. ]
R: !!opencv-matrix
   rows: 3
   cols: 3
   dt: d
   data: [ 9.9960188549110696e-01, 1.0140445044903029e-02,
       -3.0226656654577539e-03, -9.6770553393511396e-03,
       9.9958082070553100e-01, 9.2236599348981142e-03,
       3.2450759946701132e-03, -9.2280598260796234e-03,
       9.9964180062597541e-01 ]
T: !!opencv-matrix
   rows: 3
   cols: 1
   dt: d
   data: [ -1.8956591822896775e+02, 1.2037803185543863e+01,
       1.1966496045084252e+01 ]
E: !!opencv-matrix
   rows: 0
   cols: 0
   dt: u
   data: []
F: !!opencv-matrix
   rows: 0
   cols: 0
   dt: u
   data: []
K1: !!opencv-matrix
   rows: 3
   cols: 3
   dt: d
   data: [ 3.6627756984521932e+02, 0., 3.8060969928433269e+02, 0.,
       3.6653175179255015e+02, 2.3878059668569790e+02, 0., 0., 1. ]
D1: !!opencv-matrix
   rows: 5
   cols: 1
   dt: d
   data: [ -2.1859934914563901e-02, -9.9468572971318997e-04,
       1.6448003429794193e-03, -3.1164985765511365e-04,
       3.5195408316194161e-04 ]
P1: !!opencv-matrix
   rows: 3
   cols: 4
   dt: f
   data: [ 3.65831787e+02, 0., 4.29296051e+02, 0., 0., 3.65831787e+02,
       2.33903214e+02, 0., 0., 0., 1., 0. ]
R1: !!opencv-matrix
   rows: 3
   cols: 3
   dt: f
   data: [ 9.96387422e-01, -5.27765118e-02, -6.65337443e-02,
       5.30693084e-02, 9.98587370e-01, 2.63977866e-03, 6.63004369e-02,
       -6.16114167e-03, 9.97780681e-01 ]
K2: !!opencv-matrix
   rows: 3
   cols: 3
   dt: d
   data: [ 3.6687495098581172e+02, 0., 3.7621769200552956e+02, 0.,
       3.6726361788508825e+02, 2.2399932895774910e+02, 0., 0., 1. ]
D2: !!opencv-matrix
   rows: 5
   cols: 1
   dt: d
   data: [ -2.2201337830972428e-02, -1.1445843221826492e-03,
       2.9199201696882579e-04, -7.1705872414221615e-04,
       5.1284674356775366e-04 ]
P2: !!opencv-matrix
   rows: 3
   cols: 4
   dt: f
   data: [ 3.65831787e+02, 0., 4.29296051e+02, -6.96266797e+04, 0.,
       3.65831787e+02, 2.33903214e+02, 0., 0., 0., 1., 0. ]
R2: !!opencv-matrix
   rows: 3
   cols: 3
   dt: f
   data: [ 9.96015251e-01, -6.32489026e-02, -6.28742352e-02,
       6.29710853e-02, 9.97994900e-01, -6.39241561e-03, 6.31524846e-02,
       2.40768446e-03, 9.98000979e-01 ]
