%YAML:1.0
---
Q: !!opencv-matrix
   rows: 4
   cols: 4
   dt: f
   data: [ 1., 0., 0., -4.09807251e+02, 0., 1., 0., -2.33209244e+02, 0.,
       0., 0., 3.78783020e+02, 0., 0., 7.13253813e-03, 0. ]
R: !!opencv-matrix
   rows: 3
   cols: 3
   dt: d
   data: [ 1.0174469726729696e+00, 8.1543863071133586e-03,
       3.4929199420093045e-02, -7.8337441985451110e-03,
       1.0127764763091558e+00, -4.3236857320407510e-02,
       -5.0035767643105744e-02, 4.3827282933669491e-02,
       1.0124155578794258e+00 ]
T: !!opencv-matrix
   rows: 3
   cols: 1
   dt: d
   data: [ -1.1820885555156769e+02, 7.5065496601195623e+00,
       7.4618150798429337e+00 ]
E: !!opencv-matrix
   rows: 0
   cols: 0
   dt: u
   data: []
F: !!opencv-matrix
   rows: 0
   cols: 0
   dt: u
   data: []
K1: !!opencv-matrix
   rows: 3
   cols: 3
   dt: d
   data: [ 3.6627756984521932e+02, 0., 3.8060969928433269e+02, 0.,
       3.6653175179255015e+02, 2.3878059668569790e+02, 0., 0., 1. ]
D1: !!opencv-matrix
   rows: 5
   cols: 1
   dt: d
   data: [ -2.1859934914563901e-02, -9.9468572971318997e-04,
       1.6448003429794193e-03, -3.1164985765511365e-04,
       3.5195408316194161e-04 ]
P1: !!opencv-matrix
   rows: 3
   cols: 4
   dt: f
   data: [ 3.78783020e+02, 0., 4.09807251e+02, 0., 0., 3.78783020e+02,
       2.33209244e+02, 0., 0., 0., 1., 0. ]
R1: !!opencv-matrix
   rows: 3
   cols: 3
   dt: f
   data: [ 9.98255372e-01, -5.64953052e-02, -1.71595979e-02,
       5.61234578e-02, 9.98193860e-01, -2.14296412e-02, 1.83392782e-02,
       2.04291977e-02, 9.99623060e-01 ]
K2: !!opencv-matrix
   rows: 3
   cols: 3
   dt: d
   data: [ 3.6687495098581172e+02, 0., 3.7621769200552956e+02, 0.,
       3.6726361788508825e+02, 2.2399932895774910e+02, 0., 0., 1. ]
D2: !!opencv-matrix
   rows: 5
   cols: 1
   dt: d
   data: [ -2.2201337830972428e-02, -1.1445843221826492e-03,
       2.9199201696882579e-04, -7.1705872414221615e-04,
       5.1284674356775366e-04 ]
P2: !!opencv-matrix
   rows: 3
   cols: 4
   dt: f
   data: [ 3.78783020e+02, 0., 4.09807251e+02, -5.31063438e+04, 0.,
       3.78783020e+02, 2.33209244e+02, 0., 0., 0., 1., 0. ]
R2: !!opencv-matrix
   rows: 3
   cols: 3
   dt: f
   data: [ 9.96015370e-01, -6.32493868e-02, -6.28725290e-02,
       6.45532683e-02, 9.97734785e-01, 1.89260766e-02, 6.15330450e-02,
       -2.29092911e-02, 9.97842073e-01 ]
