%YAML:1.0
---
Q: !!opencv-matrix
   rows: 4
   cols: 4
   dt: f
   data: [ 1., 0., 0., -4.48178284e+02, 0., 1., 0., -2.31719742e+02, 0.,
       0., 0., 3.55464355e+02, 0., 0., 5.88579057e-03, 0. ]
R: !!opencv-matrix
   rows: 3
   cols: 3
   dt: d
   data: [ 1.0029778528257900e+00, 9.7615759313415835e-03,
       -3.1922637799082190e-03, -9.7123275321936691e-03,
       1.0029778068456763e+00, 9.2631784849810071e-03,
       3.2565243987551637e-03, -9.2335469820820793e-03,
       1.0030225411900791e+00 ]
T: !!opencv-matrix
   rows: 3
   cols: 1
   dt: d
   data: [ -1.6937476620513161e+02, 7.4706462897403580e-01,
       1.4802492373578120e+01 ]
E: !!opencv-matrix
   rows: 0
   cols: 0
   dt: u
   data: []
F: !!opencv-matrix
   rows: 0
   cols: 0
   dt: u
   data: []
K1: !!opencv-matrix
   rows: 3
   cols: 3
   dt: d
   data: [ 3.6627756984521932e+02, 0., 3.8060969928433269e+02, 0.,
       3.6653175179255015e+02, 2.3878059668569790e+02, 0., 0., 1. ]
D1: !!opencv-matrix
   rows: 5
   cols: 1
   dt: d
   data: [ -2.1859934914563901e-02, -9.9468572971318997e-04,
       1.6448003429794193e-03, -3.1164985765511365e-04,
       3.5195408316194161e-04 ]
P1: !!opencv-matrix
   rows: 3
   cols: 4
   dt: f
   data: [ 3.55464355e+02, 0., 4.48178284e+02, 0., 0., 3.55464355e+02,
       2.31719742e+02, 0., 0., 0., 1., 0. ]
R1: !!opencv-matrix
   rows: 3
   cols: 3
   dt: f
   data: [ 9.95899677e-01, 6.09231694e-03, -9.02589485e-02,
       -5.69553766e-03, 9.99972939e-01, 4.65292018e-03, 9.02848542e-02,
       -4.11976874e-03, 9.95907485e-01 ]
K2: !!opencv-matrix
   rows: 3
   cols: 3
   dt: d
   data: [ 3.6687495098581172e+02, 0., 3.7621769200552956e+02, 0.,
       3.6726361788508825e+02, 2.2399932895774910e+02, 0., 0., 1. ]
D2: !!opencv-matrix
   rows: 5
   cols: 1
   dt: d
   data: [ -2.2201337830972428e-02, -1.1445843221826492e-03,
       2.9199201696882579e-04, -7.1705872414221615e-04,
       5.1284674356775366e-04 ]
P2: !!opencv-matrix
   rows: 3
   cols: 4
   dt: f
   data: [ 3.55464355e+02, 0., 4.48178284e+02, -6.03936445e+04, 0.,
       3.55464355e+02, 2.31719742e+02, 0., 0., 0., 1., 0. ]
R2: !!opencv-matrix
   rows: 3
   cols: 3
   dt: f
   data: [ 9.96193171e-01, -4.39393008e-03, -8.70622247e-02,
       4.01124638e-03, 9.99981523e-01, -4.56997938e-03, 8.70806947e-02,
       4.20335447e-03, 9.96192396e-01 ]
