%YAML:1.0
---
Q: !!opencv-matrix
   rows: 4
   cols: 4
   dt: f
   data: [ 1., 0., 0., -4.26061523e+02, 0., 1., 0., -2.31786224e+02, 0.,
       0., 0., 3.55963470e+02, 0., 0., 5.72271924e-03, 0. ]
R: !!opencv-matrix
   rows: 3
   cols: 3
   dt: d
   data: [ 1.0021698065235578e+00, 9.6761253579943640e-03,
       -3.5003488564393204e-03, -9.7041559939801490e-03,
       1.0021056839857019e+00, 9.2565160782951770e-03,
       3.2484801592337319e-03, -9.2203688858165725e-03,
       1.0021678806698544e+00 ]
T: !!opencv-matrix
   rows: 3
   cols: 1
   dt: d
   data: [ -1.7443075770601894e+02, 7.6928518052456452e-01,
       1.0398049362379721e+01 ]
E: !!opencv-matrix
   rows: 0
   cols: 0
   dt: u
   data: []
F: !!opencv-matrix
   rows: 0
   cols: 0
   dt: u
   data: []
K1: !!opencv-matrix
   rows: 3
   cols: 3
   dt: d
   data: [ 3.6627756984521932e+02, 0., 3.8060969928433269e+02, 0.,
       3.6653175179255015e+02, 2.3878059668569790e+02, 0., 0., 1. ]
D1: !!opencv-matrix
   rows: 5
   cols: 1
   dt: d
   data: [ -2.1859934914563901e-02, -9.9468572971318997e-04,
       1.6448003429794193e-03, -3.1164985765511365e-04,
       3.5195408316194161e-04 ]
P1: !!opencv-matrix
   rows: 3
   cols: 4
   dt: f
   data: [ 3.55963470e+02, 0., 4.26061523e+02, 0., 0., 3.55963470e+02,
       2.31786224e+02, 0., 0., 0., 1., 0. ]
R1: !!opencv-matrix
   rows: 3
   cols: 3
   dt: f
   data: [ 9.98005509e-01, 5.81176113e-03, -6.28592446e-02,
       -5.53126214e-03, 9.99973953e-01, 4.63543925e-03, 6.28845468e-02,
       -4.27850289e-03, 9.98011649e-01 ]
K2: !!opencv-matrix
   rows: 3
   cols: 3
   dt: d
   data: [ 3.6687495098581172e+02, 0., 3.7621769200552956e+02, 0.,
       3.6726361788508825e+02, 2.2399932895774910e+02, 0., 0., 1. ]
D2: !!opencv-matrix
   rows: 5
   cols: 1
   dt: d
   data: [ -2.2201337830972428e-02, -1.1445843221826492e-03,
       2.9199201696882579e-04, -7.1705872414221615e-04,
       5.1284674356775366e-04 ]
P2: !!opencv-matrix
   rows: 3
   cols: 4
   dt: f
   data: [ 3.55963470e+02, 0., 4.26061523e+02, -6.22018047e+04, 0.,
       3.55963470e+02, 2.31786224e+02, 0., 0., 0., 1., 0. ]
R2: !!opencv-matrix
   rows: 3
   cols: 3
   dt: f
   data: [ 9.98218298e-01, -4.40240325e-03, -5.95051199e-02,
       4.13689623e-03, 9.99980927e-01, -4.58437577e-03, 5.95241673e-02,
       4.33004135e-03, 9.98217463e-01 ]
