%YAML:1.0
---
Q: !!opencv-matrix
   rows: 4
   cols: 4
   dt: f
   data: [ 1., 0., 0., -4.26287323e+02, 0., 1., 0., -2.31774078e+02, 0.,
       0., 0., 3.56286255e+02, 0., 0., 5.57628926e-03, 0. ]
R: !!opencv-matrix
   rows: 3
   cols: 3
   dt: d
   data: [ 9.9480424260166866e-01, 1.0629523711815641e-02,
       -4.2305673061829316e-03, -9.6814934307522301e-03,
       1.0039640484996772e+00, 9.2769119572534611e-03,
       3.8046202609125605e-03, -9.2932667066816122e-03,
       1.0040736293170001e+00 ]
T: !!opencv-matrix
   rows: 3
   cols: 1
   dt: d
   data: [ -1.7739428158263257e+02, 7.8235439305499421e-01,
       1.0574702379772095e+01 ]
E: !!opencv-matrix
   rows: 0
   cols: 0
   dt: u
   data: []
F: !!opencv-matrix
   rows: 0
   cols: 0
   dt: u
   data: []
K1: !!opencv-matrix
   rows: 3
   cols: 3
   dt: d
   data: [ 3.6627756984521932e+02, 0., 3.8060969928433269e+02, 0.,
       3.6653175179255015e+02, 2.3878059668569790e+02, 0., 0., 1. ]
D1: !!opencv-matrix
   rows: 5
   cols: 1
   dt: d
   data: [ -2.1859934914563901e-02, -9.9468572971318997e-04,
       1.6448003429794193e-03, -3.1164985765511365e-04,
       3.5195408316194161e-04 ]
P1: !!opencv-matrix
   rows: 3
   cols: 4
   dt: f
   data: [ 3.56286255e+02, 0., 4.26287323e+02, 0., 0., 3.56286255e+02,
       2.31774078e+02, 0., 0., 0., 1., 0. ]
R1: !!opencv-matrix
   rows: 3
   cols: 3
   dt: f
   data: [ 9.97966230e-01, 6.40386157e-03, -6.34222850e-02,
       -6.12030551e-03, 9.99970376e-01, 4.66418779e-03, 6.34502694e-02,
       -4.26653819e-03, 9.97975886e-01 ]
K2: !!opencv-matrix
   rows: 3
   cols: 3
   dt: d
   data: [ 3.6687495098581172e+02, 0., 3.7621769200552956e+02, 0.,
       3.6726361788508825e+02, 2.2399932895774910e+02, 0., 0., 1. ]
D2: !!opencv-matrix
   rows: 5
   cols: 1
   dt: d
   data: [ -2.2201337830972428e-02, -1.1445843221826492e-03,
       2.9199201696882579e-04, -7.1705872414221615e-04,
       5.1284674356775366e-04 ]
P2: !!opencv-matrix
   rows: 3
   cols: 4
   dt: f
   data: [ 3.56286255e+02, 0., 4.26287323e+02, -6.38930703e+04, 0.,
       3.56286255e+02, 2.31774078e+02, 0., 0., 0., 1., 0. ]
R2: !!opencv-matrix
   rows: 3
   cols: 3
   dt: f
   data: [ 9.98218298e-01, -4.40239673e-03, -5.95050603e-02,
       4.13638726e-03, 9.99980927e-01, -4.59280424e-03, 5.95241413e-02,
       4.33848519e-03, 9.98217463e-01 ]
