%YAML:1.0
---
Q: !!opencv-matrix
   rows: 4
   cols: 4
   dt: f
   data: [ 1., 0., 0., -4.26239746e+02, 0., 1., 0., -2.31783127e+02, 0.,
       0., 0., 3.56026337e+02, 0., 0., 5.73190488e-03, 0. ]
R: !!opencv-matrix
   rows: 3
   cols: 3
   dt: d
   data: [ 1.0021574581424271e+00, 9.6173687584013585e-03,
       -3.7652750745920736e-03, -9.7040959995969289e-03,
       1.0021048932901624e+00, 9.2576747927963863e-03,
       3.2491502741169550e-03, -9.2168572731106367e-03,
       1.0021826236609084e+00 ]
T: !!opencv-matrix
   rows: 3
   cols: 1
   dt: d
   data: [ -1.7430944025725796e+02, 7.6875013302570128e-01,
       1.0390817404660563e+01 ]
E: !!opencv-matrix
   rows: 0
   cols: 0
   dt: u
   data: []
F: !!opencv-matrix
   rows: 0
   cols: 0
   dt: u
   data: []
K1: !!opencv-matrix
   rows: 3
   cols: 3
   dt: d
   data: [ 3.6627756984521932e+02, 0., 3.8060969928433269e+02, 0.,
       3.6653175179255015e+02, 2.3878059668569790e+02, 0., 0., 1. ]
D1: !!opencv-matrix
   rows: 5
   cols: 1
   dt: d
   data: [ -2.1859934914563901e-02, -9.9468572971318997e-04,
       1.6448003429794193e-03, -3.1164985765511365e-04,
       3.5195408316194161e-04 ]
P1: !!opencv-matrix
   rows: 3
   cols: 4
   dt: f
   data: [ 3.56026337e+02, 0., 4.26239746e+02, 0., 0., 3.56026337e+02,
       2.31783127e+02, 0., 0., 0., 1., 0. ]
R1: !!opencv-matrix
   rows: 3
   cols: 3
   dt: f
   data: [ 9.97976601e-01, 5.93873300e-03, -6.33044913e-02,
       -5.65615995e-03, 9.99973238e-01, 4.64198925e-03, 6.33303672e-02,
       -4.27453639e-03, 9.97983456e-01 ]
K2: !!opencv-matrix
   rows: 3
   cols: 3
   dt: d
   data: [ 3.6687495098581172e+02, 0., 3.7621769200552956e+02, 0.,
       3.6726361788508825e+02, 2.2399932895774910e+02, 0., 0., 1. ]
D2: !!opencv-matrix
   rows: 5
   cols: 1
   dt: d
   data: [ -2.2201337830972428e-02, -1.1445843221826492e-03,
       2.9199201696882579e-04, -7.1705872414221615e-04,
       5.1284674356775366e-04 ]
P2: !!opencv-matrix
   rows: 3
   cols: 4
   dt: f
   data: [ 3.56026337e+02, 0., 4.26239746e+02, -6.21130938e+04, 0.,
       3.56026337e+02, 2.31783127e+02, 0., 0., 0., 1., 0. ]
R2: !!opencv-matrix
   rows: 3
   cols: 3
   dt: f
   data: [ 9.98218298e-01, -4.40240232e-03, -5.95051087e-02,
       4.13681613e-03, 9.99980927e-01, -4.58569825e-03, 5.95241599e-02,
       4.33136616e-03, 9.98217463e-01 ]
