%YAML:1.0
---
Q: !!opencv-matrix
   rows: 4
   cols: 4
   dt: f
   data: [ 1., 0., 0., -4.48198090e+02, 0., 1., 0., -2.31719910e+02, 0.,
       0., 0., 3.55457581e+02, 0., 0., 5.90290641e-03, 0. ]
R: !!opencv-matrix
   rows: 3
   cols: 3
   dt: d
   data: [ 1.0030321913466378e+00, 9.7510027426076038e-03,
       -3.2395812182322379e-03, -9.7128097480150971e-03,
       1.0030239095899809e+00, 9.2638114865610504e-03,
       3.2559512491742697e-03, -9.2330078410429641e-03,
       1.0030727158169432e+00 ]
T: !!opencv-matrix
   rows: 3
   cols: 1
   dt: d
   data: [ -1.6897331341417714e+02, 7.4529544245713497e-01,
       1.4767422536750336e+01 ]
E: !!opencv-matrix
   rows: 0
   cols: 0
   dt: u
   data: []
F: !!opencv-matrix
   rows: 0
   cols: 0
   dt: u
   data: []
K1: !!opencv-matrix
   rows: 3
   cols: 3
   dt: d
   data: [ 3.6627756984521932e+02, 0., 3.8060969928433269e+02, 0.,
       3.6653175179255015e+02, 2.3878059668569790e+02, 0., 0., 1. ]
D1: !!opencv-matrix
   rows: 5
   cols: 1
   dt: d
   data: [ -2.1859934914563901e-02, -9.9468572971318997e-04,
       1.6448003429794193e-03, -3.1164985765511365e-04,
       3.5195408316194161e-04 ]
P1: !!opencv-matrix
   rows: 3
   cols: 4
   dt: f
   data: [ 3.55457581e+02, 0., 4.48198090e+02, 0., 0., 3.55457581e+02,
       2.31719910e+02, 0., 0., 0., 1., 0. ]
R1: !!opencv-matrix
   rows: 3
   cols: 3
   dt: f
   data: [ 9.95895386e-01, 6.08279044e-03, -9.03071538e-02,
       -5.68582537e-03, 9.99972999e-01, 4.65233251e-03, 9.03330147e-02,
       -4.11976548e-03, 9.95903075e-01 ]
K2: !!opencv-matrix
   rows: 3
   cols: 3
   dt: d
   data: [ 3.6687495098581172e+02, 0., 3.7621769200552956e+02, 0.,
       3.6726361788508825e+02, 2.2399932895774910e+02, 0., 0., 1. ]
D2: !!opencv-matrix
   rows: 5
   cols: 1
   dt: d
   data: [ -2.2201337830972428e-02, -1.1445843221826492e-03,
       2.9199201696882579e-04, -7.1705872414221615e-04,
       5.1284674356775366e-04 ]
P2: !!opencv-matrix
   rows: 3
   cols: 4
   dt: f
   data: [ 3.55457581e+02, 0., 4.48198090e+02, -6.02173828e+04, 0.,
       3.55457581e+02, 2.31719910e+02, 0., 0., 0., 1., 0. ]
R2: !!opencv-matrix
   rows: 3
   cols: 3
   dt: f
   data: [ 9.96193171e-01, -4.39395104e-03, -8.70624334e-02,
       4.01129154e-03, 9.99981523e-01, -4.56969067e-03, 8.70809034e-02,
       4.20306204e-03, 9.96192396e-01 ]
