%YAML:1.0
---
Q: !!opencv-matrix
   rows: 4
   cols: 4
   dt: f
   data: [ 1., 0., 0., -4.48288330e+02, 0., 1., 0., -2.31720947e+02, 0.,
       0., 0., 3.55420807e+02, 0., 0., 5.90969762e-03, 0. ]
R: !!opencv-matrix
   rows: 3
   cols: 3
   dt: d
   data: [ 1.0030720406542006e+00, 9.6910161541244998e-03,
       -3.4836603926774231e-03, -9.7129878797543884e-03,
       1.0030245662106716e+00, 9.2648920621370406e-03,
       3.2525025535293534e-03, -9.2277682414036357e-03,
       1.0030944428368966e+00 ]
T: !!opencv-matrix
   rows: 3
   cols: 1
   dt: d
   data: [ -1.6874276751491121e+02, 7.4427708065179021e-01,
       1.4747259725400104e+01 ]
E: !!opencv-matrix
   rows: 0
   cols: 0
   dt: u
   data: []
F: !!opencv-matrix
   rows: 0
   cols: 0
   dt: u
   data: []
K1: !!opencv-matrix
   rows: 3
   cols: 3
   dt: d
   data: [ 3.6627756984521932e+02, 0., 3.8060969928433269e+02, 0.,
       3.6653175179255015e+02, 2.3878059668569790e+02, 0., 0., 1. ]
D1: !!opencv-matrix
   rows: 5
   cols: 1
   dt: d
   data: [ -2.1859934914563901e-02, -9.9468572971318997e-04,
       1.6448003429794193e-03, -3.1164985765511365e-04,
       3.5195408316194161e-04 ]
P1: !!opencv-matrix
   rows: 3
   cols: 4
   dt: f
   data: [ 3.55420807e+02, 0., 4.48288330e+02, 0., 0., 3.55420807e+02,
       2.31720947e+02, 0., 0., 0., 1., 0. ]
R1: !!opencv-matrix
   rows: 3
   cols: 3
   dt: f
   data: [ 9.95875657e-01, 6.02868805e-03, -9.05280858e-02,
       -5.63089270e-03, 9.99973357e-01, 4.64892387e-03, 9.05537009e-02,
       -4.11999598e-03, 9.95883048e-01 ]
K2: !!opencv-matrix
   rows: 3
   cols: 3
   dt: d
   data: [ 3.6687495098581172e+02, 0., 3.7621769200552956e+02, 0.,
       3.6726361788508825e+02, 2.2399932895774910e+02, 0., 0., 1. ]
D2: !!opencv-matrix
   rows: 5
   cols: 1
   dt: d
   data: [ -2.2201337830972428e-02, -1.1445843221826492e-03,
       2.9199201696882579e-04, -7.1705872414221615e-04,
       5.1284674356775366e-04 ]
P2: !!opencv-matrix
   rows: 3
   cols: 4
   dt: f
   data: [ 3.55420807e+02, 0., 4.48288330e+02, -6.01419648e+04, 0.,
       3.55420807e+02, 2.31720947e+02, 0., 0., 0., 1., 0. ]
R2: !!opencv-matrix
   rows: 3
   cols: 3
   dt: f
   data: [ 9.96193171e-01, -4.39392915e-03, -8.70622173e-02,
       4.01140749e-03, 9.99981523e-01, -4.56812466e-03, 8.70806798e-02,
       4.20149276e-03, 9.96192396e-01 ]
