%YAML:1.0
---
Q: !!opencv-matrix
   rows: 4
   cols: 4
   dt: f
   data: [ 1., 0., 0., -4.48178772e+02, 0., 1., 0., -2.31719757e+02, 0.,
       0., 0., 3.55463989e+02, 0., 0., 5.86959440e-03, 0. ]
R: !!opencv-matrix
   rows: 3
   cols: 3
   dt: d
   data: [ 1.0029125845789266e+00, 9.7607186371347354e-03,
       -3.1938265401783724e-03, -9.7117152761016495e-03,
       1.0029162894617574e+00, 9.2626180734314036e-03,
       3.2566523937136139e-03, -9.2329580619653160e-03,
       1.0029611735977753e+00 ]
T: !!opencv-matrix
   rows: 3
   cols: 1
   dt: d
   data: [ -1.6985908683383570e+02, 7.4920084110747986e-01,
       1.4844819588226070e+01 ]
E: !!opencv-matrix
   rows: 0
   cols: 0
   dt: u
   data: []
F: !!opencv-matrix
   rows: 0
   cols: 0
   dt: u
   data: []
K1: !!opencv-matrix
   rows: 3
   cols: 3
   dt: d
   data: [ 3.6627756984521932e+02, 0., 3.8060969928433269e+02, 0.,
       3.6653175179255015e+02, 2.3878059668569790e+02, 0., 0., 1. ]
D1: !!opencv-matrix
   rows: 5
   cols: 1
   dt: d
   data: [ -2.1859934914563901e-02, -9.9468572971318997e-04,
       1.6448003429794193e-03, -3.1164985765511365e-04,
       3.5195408316194161e-04 ]
P1: !!opencv-matrix
   rows: 3
   cols: 4
   dt: f
   data: [ 3.55463989e+02, 0., 4.48178772e+02, 0., 0., 3.55463989e+02,
       2.31719757e+02, 0., 0., 0., 1., 0. ]
R1: !!opencv-matrix
   rows: 3
   cols: 3
   dt: f
   data: [ 9.95899618e-01, 6.09171391e-03, -9.02601555e-02,
       -5.69493091e-03, 9.99972939e-01, 4.65288060e-03, 9.02860612e-02,
       -4.11977665e-03, 9.95907366e-01 ]
K2: !!opencv-matrix
   rows: 3
   cols: 3
   dt: d
   data: [ 3.6687495098581172e+02, 0., 3.7621769200552956e+02, 0.,
       3.6726361788508825e+02, 2.2399932895774910e+02, 0., 0., 1. ]
D2: !!opencv-matrix
   rows: 5
   cols: 1
   dt: d
   data: [ -2.2201337830972428e-02, -1.1445843221826492e-03,
       2.9199201696882579e-04, -7.1705872414221615e-04,
       5.1284674356775366e-04 ]
P2: !!opencv-matrix
   rows: 3
   cols: 4
   dt: f
   data: [ 3.55463989e+02, 0., 4.48178772e+02, -6.05602305e+04, 0.,
       3.55463989e+02, 2.31719757e+02, 0., 0., 0., 1., 0. ]
R2: !!opencv-matrix
   rows: 3
   cols: 3
   dt: f
   data: [ 9.96193171e-01, -4.39392962e-03, -8.70622173e-02,
       4.01124684e-03, 9.99981523e-01, -4.56996402e-03, 8.70806873e-02,
       4.20333864e-03, 9.96192396e-01 ]
