%YAML:1.0
---
Q: !!opencv-matrix
   rows: 4
   cols: 4
   dt: f
   data: [ 1., 0., 0., -4.26008301e+02, 0., 1., 0., -2.31785828e+02, 0.,
       0., 0., 3.55984680e+02, 0., 0., 5.72010642e-03, 0. ]
R: !!opencv-matrix
   rows: 3
   cols: 3
   dt: d
   data: [ 1.0021357080549447e+00, 9.7491306796682903e-03,
       -3.2012392459608938e-03, -9.7040195638472392e-03,
       1.0021080399089906e+00, 9.2552213985634679e-03,
       3.2506819900201657e-03, -9.2247440530497868e-03,
       1.0021527255844367e+00 ]
T: !!opencv-matrix
   rows: 3
   cols: 1
   dt: d
   data: [ -1.7464151540611169e+02, 7.7021554426053906e-01,
       1.0410621215562131e+01 ]
E: !!opencv-matrix
   rows: 0
   cols: 0
   dt: u
   data: []
F: !!opencv-matrix
   rows: 0
   cols: 0
   dt: u
   data: []
K1: !!opencv-matrix
   rows: 3
   cols: 3
   dt: d
   data: [ 3.6627756984521932e+02, 0., 3.8060969928433269e+02, 0.,
       3.6653175179255015e+02, 2.3878059668569790e+02, 0., 0., 1. ]
D1: !!opencv-matrix
   rows: 5
   cols: 1
   dt: d
   data: [ -2.1859934914563901e-02, -9.9468572971318997e-04,
       1.6448003429794193e-03, -3.1164985765511365e-04,
       3.5195408316194161e-04 ]
P1: !!opencv-matrix
   rows: 3
   cols: 4
   dt: f
   data: [ 3.55984680e+02, 0., 4.26008301e+02, 0., 0., 3.55984680e+02,
       2.31785828e+02, 0., 0., 0., 1., 0. ]
R1: !!opencv-matrix
   rows: 3
   cols: 3
   dt: f
   data: [ 9.98013675e-01, 5.84486732e-03, -6.27260655e-02,
       -5.56491734e-03, 9.99973774e-01, 4.63683577e-03, 6.27515242e-02,
       -4.27856017e-03, 9.98019993e-01 ]
K2: !!opencv-matrix
   rows: 3
   cols: 3
   dt: d
   data: [ 3.6687495098581172e+02, 0., 3.7621769200552956e+02, 0.,
       3.6726361788508825e+02, 2.2399932895774910e+02, 0., 0., 1. ]
D2: !!opencv-matrix
   rows: 5
   cols: 1
   dt: d
   data: [ -2.2201337830972428e-02, -1.1445843221826492e-03,
       2.9199201696882579e-04, -7.1705872414221615e-04,
       5.1284674356775366e-04 ]
P2: !!opencv-matrix
   rows: 3
   cols: 4
   dt: f
   data: [ 3.55984680e+02, 0., 4.26008301e+02, -6.22339297e+04, 0.,
       3.55984680e+02, 2.31785828e+02, 0., 0., 0., 1., 0. ]
R2: !!opencv-matrix
   rows: 3
   cols: 3
   dt: f
   data: [ 9.98218298e-01, -4.40241350e-03, -5.95052205e-02,
       4.13686316e-03, 9.99980927e-01, -4.58509335e-03, 5.95242716e-02,
       4.33075940e-03, 9.98217463e-01 ]
