%YAML:1.0
---
Q: !!opencv-matrix
   rows: 4
   cols: 4
   dt: f
   data: [ 1., 0., 0., -4.04103607e+02, 0., 1., 0., -2.31829041e+02, 0.,
       0., 0., 3.56242554e+02, 0., 0., 5.52497292e-03, 0. ]
R: !!opencv-matrix
   rows: 3
   cols: 3
   dt: d
   data: [ 1.0011891514073932e+00, 9.7387869638322789e-03,
       -3.1994897755997925e-03, -9.6947577204862714e-03,
       1.0011396756213253e+00, 9.2462712673815027e-03,
       3.2466969671890852e-03, -9.2152926359265353e-03,
       1.0011835315667046e+00 ]
T: !!opencv-matrix
   rows: 3
   cols: 1
   dt: d
   data: [ -1.8103114961395281e+02, 7.9842978367460238e-01,
       5.7610475202706333e+00 ]
E: !!opencv-matrix
   rows: 0
   cols: 0
   dt: u
   data: []
F: !!opencv-matrix
   rows: 0
   cols: 0
   dt: u
   data: []
K1: !!opencv-matrix
   rows: 3
   cols: 3
   dt: d
   data: [ 3.6627756984521932e+02, 0., 3.8060969928433269e+02, 0.,
       3.6653175179255015e+02, 2.3878059668569790e+02, 0., 0., 1. ]
D1: !!opencv-matrix
   rows: 5
   cols: 1
   dt: d
   data: [ -2.1859934914563901e-02, -9.9468572971318997e-04,
       1.6448003429794193e-03, -3.1164985765511365e-04,
       3.5195408316194161e-04 ]
P1: !!opencv-matrix
   rows: 3
   cols: 4
   dt: f
   data: [ 3.56242554e+02, 0., 4.04103607e+02, 0., 0., 3.56242554e+02,
       2.31829041e+02, 0., 0., 0., 1., 0. ]
R1: !!opencv-matrix
   rows: 3
   cols: 3
   dt: f
   data: [ 9.99370337e-01, 5.59706287e-03, -3.50378267e-02,
       -5.43831289e-03, 9.99974549e-01, 4.62449202e-03, 3.50628160e-02,
       -4.43103351e-03, 9.99375284e-01 ]
K2: !!opencv-matrix
   rows: 3
   cols: 3
   dt: d
   data: [ 3.6687495098581172e+02, 0., 3.7621769200552956e+02, 0.,
       3.6726361788508825e+02, 2.2399932895774910e+02, 0., 0., 1. ]
D2: !!opencv-matrix
   rows: 5
   cols: 1
   dt: d
   data: [ -2.2201337830972428e-02, -1.1445843221826492e-03,
       2.9199201696882579e-04, -7.1705872414221615e-04,
       5.1284674356775366e-04 ]
P2: !!opencv-matrix
   rows: 3
   cols: 4
   dt: f
   data: [ 3.56242554e+02, 0., 4.04103607e+02, -6.44786055e+04, 0.,
       3.56242554e+02, 2.31829041e+02, 0., 0., 0., 1., 0. ]
R2: !!opencv-matrix
   rows: 3
   cols: 3
   dt: f
   data: [ 9.99484301e-01, -4.40819096e-03, -3.18072066e-02,
       4.26408881e-03, 9.99980330e-01, -4.59689135e-03, 3.18268463e-02,
       4.45889216e-03, 9.99483466e-01 ]
