%YAML:1.0
---
Q: !!opencv-matrix
   rows: 4
   cols: 4
   dt: f
   data: [ 1., 0., 0., -4.48181000e+02, 0., 1., 0., -2.31719772e+02, 0.,
       0., 0., 3.55463257e+02, 0., 0., 5.89021621e-03, 0. ]
R: !!opencv-matrix
   rows: 3
   cols: 3
   dt: d
   data: [ 1.0029950101661511e+00, 9.7605216364183185e-03,
       -3.1975504358825605e-03, -9.7124797979407304e-03,
       1.0029923445113691e+00, 9.2633357646183731e-03,
       3.2563423348168342e-03, -9.2335762672786040e-03,
       1.0030375316861804e+00 ]
T: !!opencv-matrix
   rows: 3
   cols: 1
   dt: d
   data: [ -1.6925393325353591e+02, 7.4653186270735539e-01,
       1.4791934154008501e+01 ]
E: !!opencv-matrix
   rows: 0
   cols: 0
   dt: u
   data: []
F: !!opencv-matrix
   rows: 0
   cols: 0
   dt: u
   data: []
K1: !!opencv-matrix
   rows: 3
   cols: 3
   dt: d
   data: [ 3.6627756984521932e+02, 0., 3.8060969928433269e+02, 0.,
       3.6653175179255015e+02, 2.3878059668569790e+02, 0., 0., 1. ]
D1: !!opencv-matrix
   rows: 5
   cols: 1
   dt: d
   data: [ -2.1859934914563901e-02, -9.9468572971318997e-04,
       1.6448003429794193e-03, -3.1164985765511365e-04,
       3.5195408316194161e-04 ]
P1: !!opencv-matrix
   rows: 3
   cols: 4
   dt: f
   data: [ 3.55463257e+02, 0., 4.48181000e+02, 0., 0., 3.55463257e+02,
       2.31719772e+02, 0., 0., 0., 1., 0. ]
R1: !!opencv-matrix
   rows: 3
   cols: 3
   dt: f
   data: [ 9.95899081e-01, 6.09071786e-03, -9.02655572e-02,
       -5.69391390e-03, 9.99972939e-01, 4.65281960e-03, 9.02914554e-02,
       -4.11977479e-03, 9.95906889e-01 ]
K2: !!opencv-matrix
   rows: 3
   cols: 3
   dt: d
   data: [ 3.6687495098581172e+02, 0., 3.7621769200552956e+02, 0.,
       3.6726361788508825e+02, 2.2399932895774910e+02, 0., 0., 1. ]
D2: !!opencv-matrix
   rows: 5
   cols: 1
   dt: d
   data: [ -2.2201337830972428e-02, -1.1445843221826492e-03,
       2.9199201696882579e-04, -7.1705872414221615e-04,
       5.1284674356775366e-04 ]
P2: !!opencv-matrix
   rows: 3
   cols: 4
   dt: f
   data: [ 3.55463257e+02, 0., 4.48181000e+02, -6.03480859e+04, 0.,
       3.55463257e+02, 2.31719772e+02, 0., 0., 0., 1., 0. ]
R2: !!opencv-matrix
   rows: 3
   cols: 3
   dt: f
   data: [ 9.96193171e-01, -4.39393288e-03, -8.70622471e-02,
       4.01125289e-03, 9.99981523e-01, -4.56993328e-03, 8.70807245e-02,
       4.20330744e-03, 9.96192396e-01 ]
