%YAML:1.0
---
Q: !!opencv-matrix
   rows: 4
   cols: 4
   dt: f
   data: [ 1., 0., 0., -4.48552063e+02, 0., 1., 0., -2.31708191e+02, 0.,
       0., 0., 3.55650421e+02, 0., 0., 5.85967069e-03, 0. ]
R: !!opencv-matrix
   rows: 3
   cols: 3
   dt: d
   data: [ 9.9890038718980900e-01, 1.0244694244619728e-02,
       -4.3565083243060744e-03, -9.7008934619530404e-03,
       1.0042180376930059e+00, 9.2797698383373338e-03,
       3.7254785796707402e-03, -9.2861489806326161e-03,
       1.0043663091010366e+00 ]
T: !!opencv-matrix
   rows: 3
   cols: 1
   dt: d
   data: [ -1.6900800466366482e+02, 7.4544665593772474e-01,
       1.4770436936155582e+01 ]
E: !!opencv-matrix
   rows: 0
   cols: 0
   dt: u
   data: []
F: !!opencv-matrix
   rows: 0
   cols: 0
   dt: u
   data: []
K1: !!opencv-matrix
   rows: 3
   cols: 3
   dt: d
   data: [ 3.6627756984521932e+02, 0., 3.8060969928433269e+02, 0.,
       3.6653175179255015e+02, 2.3878059668569790e+02, 0., 0., 1. ]
D1: !!opencv-matrix
   rows: 5
   cols: 1
   dt: d
   data: [ -2.1859934914563901e-02, -9.9468572971318997e-04,
       1.6448003429794193e-03, -3.1164985765511365e-04,
       3.5195408316194161e-04 ]
P1: !!opencv-matrix
   rows: 3
   cols: 4
   dt: f
   data: [ 3.55650421e+02, 0., 4.48552063e+02, 0., 0., 3.55650421e+02,
       2.31708191e+02, 0., 0., 0., 1., 0. ]
R1: !!opencv-matrix
   rows: 3
   cols: 3
   dt: f
   data: [ 9.95814204e-01, 6.47098105e-03, -9.11714137e-02,
       -6.06952980e-03, 9.99970615e-01, 4.67983680e-03, 9.11990181e-02,
       -4.10688017e-03, 9.95824218e-01 ]
K2: !!opencv-matrix
   rows: 3
   cols: 3
   dt: d
   data: [ 3.6687495098581172e+02, 0., 3.7621769200552956e+02, 0.,
       3.6726361788508825e+02, 2.2399932895774910e+02, 0., 0., 1. ]
D2: !!opencv-matrix
   rows: 5
   cols: 1
   dt: d
   data: [ -2.2201337830972428e-02, -1.1445843221826492e-03,
       2.9199201696882579e-04, -7.1705872414221615e-04,
       5.1284674356775366e-04 ]
P2: !!opencv-matrix
   rows: 3
   cols: 4
   dt: f
   data: [ 3.55650421e+02, 0., 4.48552063e+02, -6.06946094e+04, 0.,
       3.55650421e+02, 2.31708191e+02, 0., 0., 0., 1., 0. ]
R2: !!opencv-matrix
   rows: 3
   cols: 3
   dt: f
   data: [ 9.96193171e-01, -4.39392636e-03, -8.70621949e-02,
       4.01062239e-03, 9.99981463e-01, -4.57707467e-03, 8.70806947e-02,
       4.21047676e-03, 9.96192336e-01 ]
