%YAML:1.0
---
Q: !!opencv-matrix
   rows: 4
   cols: 4
   dt: f
   data: [ 1., 0., 0., -4.26322479e+02, 0., 1., 0., -2.31775772e+02, 0.,
       0., 0., 3.56229980e+02, 0., 0., 5.62711665e-03, 0. ]
R: !!opencv-matrix
   rows: 3
   cols: 3
   dt: d
   data: [ 9.9638169030377188e-01, 1.0418392701256739e-02,
       -4.3556232610597089e-03, -9.6866760358528797e-03,
       1.0036284932439050e+00, 9.2743606034320220e-03,
       3.6894373818767961e-03, -9.2777788401253117e-03,
       1.0037446607427671e+00 ]
T: !!opencv-matrix
   rows: 3
   cols: 1
   dt: d
   data: [ -1.7609022758546064e+02, 7.7660338103810789e-01,
       1.0496967776761473e+01 ]
E: !!opencv-matrix
   rows: 0
   cols: 0
   dt: u
   data: []
F: !!opencv-matrix
   rows: 0
   cols: 0
   dt: u
   data: []
K1: !!opencv-matrix
   rows: 3
   cols: 3
   dt: d
   data: [ 3.6627756984521932e+02, 0., 3.8060969928433269e+02, 0.,
       3.6653175179255015e+02, 2.3878059668569790e+02, 0., 0., 1. ]
D1: !!opencv-matrix
   rows: 5
   cols: 1
   dt: d
   data: [ -2.1859934914563901e-02, -9.9468572971318997e-04,
       1.6448003429794193e-03, -3.1164985765511365e-04,
       3.5195408316194161e-04 ]
P1: !!opencv-matrix
   rows: 3
   cols: 4
   dt: f
   data: [ 3.56229980e+02, 0., 4.26322479e+02, 0., 0., 3.56229980e+02,
       2.31775772e+02, 0., 0., 0., 1., 0. ]
R1: !!opencv-matrix
   rows: 3
   cols: 3
   dt: f
   data: [ 9.97961223e-01, 6.30721776e-03, -6.35103881e-02,
       -6.02337345e-03, 9.99971032e-01, 4.65973513e-03, 6.35379329e-02,
       -4.26768791e-03, 9.97970283e-01 ]
K2: !!opencv-matrix
   rows: 3
   cols: 3
   dt: d
   data: [ 3.6687495098581172e+02, 0., 3.7621769200552956e+02, 0.,
       3.6726361788508825e+02, 2.2399932895774910e+02, 0., 0., 1. ]
D2: !!opencv-matrix
   rows: 5
   cols: 1
   dt: d
   data: [ -2.2201337830972428e-02, -1.1445843221826492e-03,
       2.9199201696882579e-04, -7.1705872414221615e-04,
       5.1284674356775366e-04 ]
P2: !!opencv-matrix
   rows: 3
   cols: 4
   dt: f
   data: [ 3.56229980e+02, 0., 4.26322479e+02, -6.33059570e+04, 0.,
       3.56229980e+02, 2.31775772e+02, 0., 0., 0., 1., 0. ]
R2: !!opencv-matrix
   rows: 3
   cols: 3
   dt: f
   data: [ 9.98218298e-01, -4.40239953e-03, -5.95050827e-02,
       4.13648784e-03, 9.99980927e-01, -4.59115952e-03, 5.95241599e-02,
       4.33683768e-03, 9.98217463e-01 ]
