%YAML:1.0
---
Q: !!opencv-matrix
   rows: 4
   cols: 4
   dt: f
   data: [ 1., 0., 0., -4.04089020e+02, 0., 1., 0., -2.31829025e+02, 0.,
       0., 0., 3.56246674e+02, 0., 0., 5.51310973e-03, 0. ]
R: !!opencv-matrix
   rows: 3
   cols: 3
   dt: d
   data: [ 9.9324250396545899e-01, 1.0813621790779354e-02,
       -3.9370308361335853e-03, -9.6762070566286159e-03,
       1.0042668919133575e+00, 9.2784175890395417e-03,
       3.9168027050116953e-03, -9.3068598684530861e-03,
       1.0043597303163159e+00 ]
T: !!opencv-matrix
   rows: 3
   cols: 1
   dt: d
   data: [ -1.7901121379384625e+02, 7.8948501601139076e-01,
       1.0671085487178066e+01 ]
E: !!opencv-matrix
   rows: 0
   cols: 0
   dt: u
   data: []
F: !!opencv-matrix
   rows: 0
   cols: 0
   dt: u
   data: []
K1: !!opencv-matrix
   rows: 3
   cols: 3
   dt: d
   data: [ 3.6627756984521932e+02, 0., 3.8060969928433269e+02, 0.,
       3.6653175179255015e+02, 2.3878059668569790e+02, 0., 0., 1. ]
D1: !!opencv-matrix
   rows: 5
   cols: 1
   dt: d
   data: [ -2.1859934914563901e-02, -9.9468572971318997e-04,
       1.6448003429794193e-03, -3.1164985765511365e-04,
       3.5195408316194161e-04 ]
P1: !!opencv-matrix
   rows: 3
   cols: 4
   dt: f
   data: [ 3.56246674e+02, 0., 4.04089020e+02, 0., 0., 3.56246674e+02,
       2.31829025e+02, 0., 0., 0., 1., 0. ]
R1: !!opencv-matrix
   rows: 3
   cols: 3
   dt: f
   data: [ 9.99371588e-01, 5.60374372e-03, -3.50009911e-02,
       -5.44515625e-03, 9.99974489e-01, 4.62462101e-03, 3.50260139e-02,
       -4.43112897e-03, 9.99376595e-01 ]
K2: !!opencv-matrix
   rows: 3
   cols: 3
   dt: d
   data: [ 3.6687495098581172e+02, 0., 3.7621769200552956e+02, 0.,
       3.6726361788508825e+02, 2.2399932895774910e+02, 0., 0., 1. ]
D2: !!opencv-matrix
   rows: 5
   cols: 1
   dt: d
   data: [ -2.2201337830972428e-02, -1.1445843221826492e-03,
       2.9199201696882579e-04, -7.1705872414221615e-04,
       5.1284674356775366e-04 ]
P2: !!opencv-matrix
   rows: 3
   cols: 4
   dt: f
   data: [ 3.56246674e+02, 0., 4.04089020e+02, -6.46181016e+04, 0.,
       3.56246674e+02, 2.31829025e+02, 0., 0., 0., 1., 0. ]
R2: !!opencv-matrix
   rows: 3
   cols: 3
   dt: f
   data: [ 9.99484301e-01, -4.40817373e-03, -3.18070352e-02,
       4.26406926e-03, 9.99980330e-01, -4.59700171e-03, 3.18266749e-02,
       4.45900392e-03, 9.99483466e-01 ]
