%YAML:1.0
---
Q: !!opencv-matrix
   rows: 4
   cols: 4
   dt: f
   data: [ 1., 0., 0., -4.04174652e+02, 0., 1., 0., -2.31825989e+02, 0.,
       0., 0., 3.56376129e+02, 0., 0., 5.51418820e-03, 0. ]
R: !!opencv-matrix
   rows: 3
   cols: 3
   dt: d
   data: [ 1.0012162065578980e+00, 9.7087083824655765e-03,
       -3.3854393295940110e-03, -9.6947914556632236e-03,
       1.0011235294046219e+00, 9.2469416119968575e-03,
       3.2452640384862605e-03, -9.2141906491230961e-03,
       1.0011731752944728e+00 ]
T: !!opencv-matrix
   rows: 3
   cols: 1
   dt: d
   data: [ -1.8099865134519075e+02, 7.9828507709616559e-01,
       5.7599997387538711e+00 ]
E: !!opencv-matrix
   rows: 0
   cols: 0
   dt: u
   data: []
F: !!opencv-matrix
   rows: 0
   cols: 0
   dt: u
   data: []
K1: !!opencv-matrix
   rows: 3
   cols: 3
   dt: d
   data: [ 3.6627756984521932e+02, 0., 3.8060969928433269e+02, 0.,
       3.6653175179255015e+02, 2.3878059668569790e+02, 0., 0., 1. ]
D1: !!opencv-matrix
   rows: 5
   cols: 1
   dt: d
   data: [ -2.1859934914563901e-02, -9.9468572971318997e-04,
       1.6448003429794193e-03, -3.1164985765511365e-04,
       3.5195408316194161e-04 ]
P1: !!opencv-matrix
   rows: 3
   cols: 4
   dt: f
   data: [ 3.56376129e+02, 0., 4.04174652e+02, 0., 0., 3.56376129e+02,
       2.31825989e+02, 0., 0., 0., 1., 0. ]
R1: !!opencv-matrix
   rows: 3
   cols: 3
   dt: f
   data: [ 9.99362648e-01, 5.83675737e-03, -3.52177136e-02,
       -5.67712449e-03, 9.99973178e-01, 4.63103922e-03, 3.52437980e-02,
       -4.42815199e-03, 9.99368906e-01 ]
K2: !!opencv-matrix
   rows: 3
   cols: 3
   dt: d
   data: [ 3.6687495098581172e+02, 0., 3.7621769200552956e+02, 0.,
       3.6726361788508825e+02, 2.2399932895774910e+02, 0., 0., 1. ]
D2: !!opencv-matrix
   rows: 5
   cols: 1
   dt: d
   data: [ -2.2201337830972428e-02, -1.1445843221826492e-03,
       2.9199201696882579e-04, -7.1705872414221615e-04,
       5.1284674356775366e-04 ]
P2: !!opencv-matrix
   rows: 3
   cols: 4
   dt: f
   data: [ 3.56376129e+02, 0., 4.04174652e+02, -6.46289375e+04, 0.,
       3.56376129e+02, 2.31825989e+02, 0., 0., 0., 1., 0. ]
R2: !!opencv-matrix
   rows: 3
   cols: 3
   dt: f
   data: [ 9.99484301e-01, -4.40817885e-03, -3.18070836e-02,
       4.26401850e-03, 9.99980330e-01, -4.59873211e-03, 3.18267308e-02,
       4.46073478e-03, 9.99483466e-01 ]
