%YAML:1.0
---
Q: !!opencv-matrix
   rows: 4
   cols: 4
   dt: f
   data: [ 1., 0., 0., -4.48541870e+02, 0., 1., 0., -2.31702576e+02, 0.,
       0., 0., 3.55771667e+02, 0., 0., 5.76828700e-03, 0. ]
R: !!opencv-matrix
   rows: 3
   cols: 3
   dt: d
   data: [ 9.9559278183148336e-01, 1.0705444327820913e-02,
       -4.2525639446733326e-03, -9.6903254612859899e-03,
       1.0049786003214189e+00, 9.2863435323602469e-03,
       4.0836656875244421e-03, -9.3327875690540785e-03,
       1.0051196096830097e+00 ]
T: !!opencv-matrix
   rows: 3
   cols: 1
   dt: d
   data: [ -1.7118366587651121e+02, 7.5504253804652433e-01,
       1.4960575628286049e+01 ]
E: !!opencv-matrix
   rows: 0
   cols: 0
   dt: u
   data: []
F: !!opencv-matrix
   rows: 0
   cols: 0
   dt: u
   data: []
K1: !!opencv-matrix
   rows: 3
   cols: 3
   dt: d
   data: [ 3.6627756984521932e+02, 0., 3.8060969928433269e+02, 0.,
       3.6653175179255015e+02, 2.3878059668569790e+02, 0., 0., 1. ]
D1: !!opencv-matrix
   rows: 5
   cols: 1
   dt: d
   data: [ -2.1859934914563901e-02, -9.9468572971318997e-04,
       1.6448003429794193e-03, -3.1164985765511365e-04,
       3.5195408316194161e-04 ]
P1: !!opencv-matrix
   rows: 3
   cols: 4
   dt: f
   data: [ 3.55771667e+02, 0., 4.48541870e+02, 0., 0., 3.55771667e+02,
       2.31702576e+02, 0., 0., 0., 1., 0. ]
R1: !!opencv-matrix
   rows: 3
   cols: 3
   dt: f
   data: [ 9.95815098e-01, 6.68526860e-03, -9.11460444e-02,
       -6.28348161e-03, 9.99969244e-01, 4.69441293e-03, 9.11746249e-02,
       -4.10205266e-03, 9.95826483e-01 ]
K2: !!opencv-matrix
   rows: 3
   cols: 3
   dt: d
   data: [ 3.6687495098581172e+02, 0., 3.7621769200552956e+02, 0.,
       3.6726361788508825e+02, 2.2399932895774910e+02, 0., 0., 1. ]
D2: !!opencv-matrix
   rows: 5
   cols: 1
   dt: d
   data: [ -2.2201337830972428e-02, -1.1445843221826492e-03,
       2.9199201696882579e-04, -7.1705872414221615e-04,
       5.1284674356775366e-04 ]
P2: !!opencv-matrix
   rows: 3
   cols: 4
   dt: f
   data: [ 3.55771667e+02, 0., 4.48541870e+02, -6.16771758e+04, 0.,
       3.55771667e+02, 2.31702576e+02, 0., 0., 0., 1., 0. ]
R2: !!opencv-matrix
   rows: 3
   cols: 3
   dt: f
   data: [ 9.96193171e-01, -4.39392263e-03, -8.70621577e-02,
       4.01019352e-03, 9.99981463e-01, -4.58193896e-03, 8.70806798e-02,
       4.21536015e-03, 9.96192336e-01 ]
