%YAML:1.0
---
Q: !!opencv-matrix
   rows: 4
   cols: 4
   dt: f
   data: [ 1., 0., 0., -3.82646301e+02, 0., 1., 0., -2.31851990e+02, 0.,
       0., 0., 3.58698303e+02, 0., 0., 5.54207480e-03, 0. ]
R: !!opencv-matrix
   rows: 3
   cols: 3
   dt: d
   data: [ 9.9992456699117893e-01, 9.7299513450041699e-03,
       -3.1427272403219196e-03, -9.6824092444399556e-03,
       9.9986047352095753e-01, 9.2341620460585361e-03,
       3.2428950011530798e-03, -9.2032351692887589e-03,
       9.9990219233343403e-01 ]
T: !!opencv-matrix
   rows: 3
   cols: 1
   dt: d
   data: [ -1.8045549462409232e+02, 8.6850201653670034e-01,
       7.9885780177742249e-01 ]
E: !!opencv-matrix
   rows: 0
   cols: 0
   dt: u
   data: []
F: !!opencv-matrix
   rows: 0
   cols: 0
   dt: u
   data: []
K1: !!opencv-matrix
   rows: 3
   cols: 3
   dt: d
   data: [ 3.6627756984521932e+02, 0., 3.8060969928433269e+02, 0.,
       3.6653175179255015e+02, 2.3878059668569790e+02, 0., 0., 1. ]
D1: !!opencv-matrix
   rows: 5
   cols: 1
   dt: d
   data: [ -2.1859934914563901e-02, -9.9468572971318997e-04,
       1.6448003429794193e-03, -3.1164985765511365e-04,
       3.5195408316194161e-04 ]
P1: !!opencv-matrix
   rows: 3
   cols: 4
   dt: f
   data: [ 3.58698303e+02, 0., 3.82646301e+02, 0., 0., 3.58698303e+02,
       2.31851990e+02, 0., 0., 0., 1., 0. ]
R1: !!opencv-matrix
   rows: 3
   cols: 3
   dt: f
   data: [ 9.99958694e-01, 4.94999764e-03, -7.62015814e-03,
       -4.91492916e-03, 9.99977291e-01, 4.61388566e-03, 7.64282374e-03,
       -4.57624253e-03, 9.99960303e-01 ]
K2: !!opencv-matrix
   rows: 3
   cols: 3
   dt: d
   data: [ 3.6687495098581172e+02, 0., 3.7621769200552956e+02, 0.,
       3.6726361788508825e+02, 2.2399932895774910e+02, 0., 0., 1. ]
D2: !!opencv-matrix
   rows: 5
   cols: 1
   dt: d
   data: [ -2.2201337830972428e-02, -1.1445843221826492e-03,
       2.9199201696882579e-04, -7.1705872414221615e-04,
       5.1284674356775366e-04 ]
P2: !!opencv-matrix
   rows: 3
   cols: 4
   dt: f
   data: [ 3.58698303e+02, 0., 3.82646301e+02, -6.47227461e+04, 0.,
       3.58698303e+02, 2.31851990e+02, 0., 0., 0., 1., 0. ]
R2: !!opencv-matrix
   rows: 3
   cols: 3
   dt: f
   data: [ 9.99978602e-01, -4.81272861e-03, -4.42679459e-03,
       4.79233591e-03, 9.99977887e-01, -4.60574357e-03, 4.44886275e-03,
       4.58443025e-03, 9.99979615e-01 ]
