%YAML:1.0
---
Q: !!opencv-matrix
   rows: 4
   cols: 4
   dt: f
   data: [ 1., 0., 0., -3.82646667e+02, 0., 1., 0., -2.31851990e+02, 0.,
       0., 0., 3.58698242e+02, 0., 0., 5.54262102e-03, 0. ]
R: !!opencv-matrix
   rows: 3
   cols: 3
   dt: d
   data: [ 9.9991857862586042e-01, 9.7309030595272294e-03,
       -3.1446093270209082e-03, -9.6824004984653270e-03,
       9.9986459178713738e-01, 9.2342091488801063e-03,
       3.2429531714666315e-03, -9.2032771538419992e-03,
       9.9990632374697042e-01 ]
T: !!opencv-matrix
   rows: 3
   cols: 1
   dt: d
   data: [ -1.8043397658710123e+02, 8.6839831556194325e-01,
       7.9876119426728187e-01 ]
E: !!opencv-matrix
   rows: 0
   cols: 0
   dt: u
   data: []
F: !!opencv-matrix
   rows: 0
   cols: 0
   dt: u
   data: []
K1: !!opencv-matrix
   rows: 3
   cols: 3
   dt: d
   data: [ 3.6627756984521932e+02, 0., 3.8060969928433269e+02, 0.,
       3.6653175179255015e+02, 2.3878059668569790e+02, 0., 0., 1. ]
D1: !!opencv-matrix
   rows: 5
   cols: 1
   dt: d
   data: [ -2.1859934914563901e-02, -9.9468572971318997e-04,
       1.6448003429794193e-03, -3.1164985765511365e-04,
       3.5195408316194161e-04 ]
P1: !!opencv-matrix
   rows: 3
   cols: 4
   dt: f
   data: [ 3.58698242e+02, 0., 3.82646667e+02, 0., 0., 3.58698242e+02,
       2.31851990e+02, 0., 0., 0., 1., 0. ]
R1: !!opencv-matrix
   rows: 3
   cols: 3
   dt: f
   data: [ 9.99958694e-01, 4.95047495e-03, -7.62109691e-03,
       -4.91540274e-03, 9.99977291e-01, 4.61388938e-03, 7.64376437e-03,
       -4.57623834e-03, 9.99960303e-01 ]
K2: !!opencv-matrix
   rows: 3
   cols: 3
   dt: d
   data: [ 3.6687495098581172e+02, 0., 3.7621769200552956e+02, 0.,
       3.6726361788508825e+02, 2.2399932895774910e+02, 0., 0., 1. ]
D2: !!opencv-matrix
   rows: 5
   cols: 1
   dt: d
   data: [ -2.2201337830972428e-02, -1.1445843221826492e-03,
       2.9199201696882579e-04, -7.1705872414221615e-04,
       5.1284674356775366e-04 ]
P2: !!opencv-matrix
   rows: 3
   cols: 4
   dt: f
   data: [ 3.58698242e+02, 0., 3.82646667e+02, -6.47163555e+04, 0.,
       3.58698242e+02, 2.31851990e+02, 0., 0., 0., 1., 0. ]
R2: !!opencv-matrix
   rows: 3
   cols: 3
   dt: f
   data: [ 9.99978602e-01, -4.81272768e-03, -4.42678668e-03,
       4.79233544e-03, 9.99977887e-01, -4.60574310e-03, 4.44885530e-03,
       4.58443025e-03, 9.99979615e-01 ]
