%YAML:1.0
---
Q: !!opencv-matrix
   rows: 4
   cols: 4
   dt: f
   data: [ 1., 0., 0., -3.82539703e+02, 0., 1., 0., -2.31851242e+02, 0.,
       0., 0., 3.58742737e+02, 0., 0., 5.54751791e-03, 0. ]
R: !!opencv-matrix
   rows: 3
   cols: 3
   dt: d
   data: [ 9.9994440349455527e-01, 9.7295234013803130e-03,
       -3.1429539388006119e-03, -9.6825459821299927e-03,
       9.9987145407218514e-01, 9.2342683985636026e-03,
       3.2429417037352628e-03, -9.2032534921371312e-03,
       9.9991333289798712e-01 ]
T: !!opencv-matrix
   rows: 3
   cols: 1
   dt: d
   data: [ -1.8030545542218860e+02, 8.4224095224819873e-01,
       7.7405894055191438e-01 ]
E: !!opencv-matrix
   rows: 0
   cols: 0
   dt: u
   data: []
F: !!opencv-matrix
   rows: 0
   cols: 0
   dt: u
   data: []
K1: !!opencv-matrix
   rows: 3
   cols: 3
   dt: d
   data: [ 3.6627756984521932e+02, 0., 3.8060969928433269e+02, 0.,
       3.6653175179255015e+02, 2.3878059668569790e+02, 0., 0., 1. ]
D1: !!opencv-matrix
   rows: 5
   cols: 1
   dt: d
   data: [ -2.1859934914563901e-02, -9.9468572971318997e-04,
       1.6448003429794193e-03, -3.1164985765511365e-04,
       3.5195408316194161e-04 ]
P1: !!opencv-matrix
   rows: 3
   cols: 4
   dt: f
   data: [ 3.58742737e+02, 0., 3.82539703e+02, 0., 0., 3.58742737e+02,
       2.31851242e+02, 0., 0., 0., 1., 0. ]
R1: !!opencv-matrix
   rows: 3
   cols: 3
   dt: f
   data: [ 9.99959052e-01, 5.09004155e-03, -7.48399412e-03,
       -5.05559472e-03, 9.99976575e-01, 4.61449800e-03, 7.50730699e-03,
       -4.57647303e-03, 9.99961376e-01 ]
K2: !!opencv-matrix
   rows: 3
   cols: 3
   dt: d
   data: [ 3.6687495098581172e+02, 0., 3.7621769200552956e+02, 0.,
       3.6726361788508825e+02, 2.2399932895774910e+02, 0., 0., 1. ]
D2: !!opencv-matrix
   rows: 5
   cols: 1
   dt: d
   data: [ -2.2201337830972428e-02, -1.1445843221826492e-03,
       2.9199201696882579e-04, -7.1705872414221615e-04,
       5.1284674356775366e-04 ]
P2: !!opencv-matrix
   rows: 3
   cols: 4
   dt: f
   data: [ 3.58742737e+02, 0., 3.82539703e+02, -6.46672539e+04, 0.,
       3.58742737e+02, 2.31851242e+02, 0., 0., 0., 1., 0. ]
R2: !!opencv-matrix
   rows: 3
   cols: 3
   dt: f
   data: [ 9.99979854e-01, -4.67109447e-03, -4.29294631e-03,
       4.65131691e-03, 9.99978602e-01, -4.60553961e-03, 4.31436719e-03,
       4.58547939e-03, 9.99980152e-01 ]
