%YAML:1.0
---
Q: !!opencv-matrix
   rows: 4
   cols: 4
   dt: f
   data: [ 1., 0., 0., -3.68799774e+02, 0., 1., 0., -2.31740845e+02, 0.,
       0., 0., 3.66533417e+02, 0., 0., 4.16662684e-03, 0. ]
R: !!opencv-matrix
   rows: 3
   cols: 3
   dt: d
   data: [ 1.0076659163471031e+00, -2.5518185688864811e-02,
       3.1672565160723601e-02, 2.6332286218218700e-02,
       1.0078046893064176e+00, -2.6210217941484787e-02,
       -3.0991110286118149e-02, 2.7015950893193062e-02,
       1.0076508691619557e+00 ]
T: !!opencv-matrix
   rows: 3
   cols: 1
   dt: d
   data: [ -2.4182615222975778e+02, 1.0668061286224431e+00,
       9.8030383847033176e-01 ]
E: !!opencv-matrix
   rows: 0
   cols: 0
   dt: u
   data: []
F: !!opencv-matrix
   rows: 0
   cols: 0
   dt: u
   data: []
K1: !!opencv-matrix
   rows: 3
   cols: 3
   dt: d
   data: [ 3.6627756984521932e+02, 0., 3.8060969928433269e+02, 0.,
       3.6653175179255015e+02, 2.3878059668569790e+02, 0., 0., 1. ]
D1: !!opencv-matrix
   rows: 5
   cols: 1
   dt: d
   data: [ -2.1859934914563901e-02, -9.9468572971318997e-04,
       1.6448003429794193e-03, -3.1164985765511365e-04,
       3.5195408316194161e-04 ]
P1: !!opencv-matrix
   rows: 3
   cols: 4
   dt: f
   data: [ 3.66533417e+02, 0., 3.68799774e+02, 0., 0., 3.66533417e+02,
       2.31740845e+02, 0., 0., 0., 1., 0. ]
R1: !!opencv-matrix
   rows: 3
   cols: 3
   dt: f
   data: [ 9.99178946e-01, -2.97923051e-02, 2.74571124e-02,
       3.01505718e-02, 9.99464333e-01, -1.27278771e-02, -2.70632114e-02,
       1.35452747e-02, 9.99541938e-01 ]
K2: !!opencv-matrix
   rows: 3
   cols: 3
   dt: d
   data: [ 3.6687495098581172e+02, 0., 3.7621769200552956e+02, 0.,
       3.6726361788508825e+02, 2.2399932895774910e+02, 0., 0., 1. ]
D2: !!opencv-matrix
   rows: 5
   cols: 1
   dt: d
   data: [ -2.2201337830972428e-02, -1.1445843221826492e-03,
       2.9199201696882579e-04, -7.1705872414221615e-04,
       5.1284674356775366e-04 ]
P2: !!opencv-matrix
   rows: 3
   cols: 4
   dt: f
   data: [ 3.66533417e+02, 0., 3.68799774e+02, -8.79688594e+04, 0.,
       3.66533417e+02, 2.31740845e+02, 0., 0., 0., 1., 0. ]
R2: !!opencv-matrix
   rows: 3
   cols: 3
   dt: f
   data: [ 9.99982059e-01, -4.41138027e-03, -4.05367883e-03,
       4.46426170e-03, 9.99903858e-01, 1.31302839e-02, 3.99536639e-03,
       -1.31481448e-02, 9.99905586e-01 ]
