%YAML:1.0
---
Q: !!opencv-matrix
   rows: 4
   cols: 4
   dt: f
   data: [ 1., 0., 0., -3.68753204e+02, 0., 1., 0., -2.31896439e+02, 0.,
       0., 0., 3.53862762e+02, 0., 0., 4.18831175e-03, 0. ]
R: !!opencv-matrix
   rows: 3
   cols: 3
   dt: d
   data: [ 1.0076728270376163e+00, 9.6612684824786167e-03,
       3.1659990450784568e-02, -8.8532486938913812e-03,
       1.0078426607652258e+00, -2.6203247839276408e-02,
       -3.1906597720352946e-02, 2.5911040549047786e-02,
       1.0073839257855761e+00 ]
T: !!opencv-matrix
   rows: 3
   cols: 1
   dt: d
   data: [ -2.3926151837668965e+02, 1.0554134557350805e+00,
       9.6983645685018105e-01 ]
E: !!opencv-matrix
   rows: 0
   cols: 0
   dt: u
   data: []
F: !!opencv-matrix
   rows: 0
   cols: 0
   dt: u
   data: []
K1: !!opencv-matrix
   rows: 3
   cols: 3
   dt: d
   data: [ 3.6627756984521932e+02, 0., 3.8060969928433269e+02, 0.,
       3.6653175179255015e+02, 2.3878059668569790e+02, 0., 0., 1. ]
D1: !!opencv-matrix
   rows: 5
   cols: 1
   dt: d
   data: [ -2.1859934914563901e-02, -9.9468572971318997e-04,
       1.6448003429794193e-03, -3.1164985765511365e-04,
       3.5195408316194161e-04 ]
P1: !!opencv-matrix
   rows: 3
   cols: 4
   dt: f
   data: [ 3.53862762e+02, 0., 3.68753204e+02, 0., 0., 3.53862762e+02,
       2.31896439e+02, 0., 0., 0., 1., 0. ]
R1: !!opencv-matrix
   rows: 3
   cols: 3
   dt: f
   data: [ 9.99609709e-01, 5.07634412e-03, 2.74704378e-02,
       -4.72151348e-03, 9.99904811e-01, -1.29663050e-02, -2.75336429e-02,
       1.28315426e-02, 9.99538541e-01 ]
K2: !!opencv-matrix
   rows: 3
   cols: 3
   dt: d
   data: [ 3.6687495098581172e+02, 0., 3.7621769200552956e+02, 0.,
       3.6726361788508825e+02, 2.2399932895774910e+02, 0., 0., 1. ]
D2: !!opencv-matrix
   rows: 5
   cols: 1
   dt: d
   data: [ -2.2201337830972428e-02, -1.1445843221826492e-03,
       2.9199201696882579e-04, -7.1705872414221615e-04,
       5.1284674356775366e-04 ]
P2: !!opencv-matrix
   rows: 3
   cols: 4
   dt: f
   data: [ 3.53862762e+02, 0., 3.68753204e+02, -8.44881641e+04, 0.,
       3.53862762e+02, 2.31896439e+02, 0., 0., 0., 1., 0. ]
R2: !!opencv-matrix
   rows: 3
   cols: 3
   dt: f
   data: [ 9.99982059e-01, -4.41105012e-03, -4.05338500e-03,
       4.46297275e-03, 9.99906957e-01, 1.28911957e-02, 3.99614405e-03,
       -1.29090538e-02, 9.99908686e-01 ]
