%YAML:1.0
---
Q: !!opencv-matrix
   rows: 4
   cols: 4
   dt: f
   data: [ 1., 0., 0., -3.68790741e+02, 0., 1., 0., -2.31741241e+02, 0.,
       0., 0., 3.66528076e+02, 0., 0., 4.19326685e-03, 0. ]
R: !!opencv-matrix
   rows: 3
   cols: 3
   dt: d
   data: [ 1.0076500962370960e+00, -2.5408382299129652e-02,
       3.1657106412042300e-02, 2.6334591963761568e-02,
       1.0078774212369539e+00, -2.6212043910821346e-02,
       -3.0993001597420810e-02, 2.7017461870954034e-02,
       1.0077241542956625e+00 ]
T: !!opencv-matrix
   rows: 3
   cols: 1
   dt: d
   data: [ -2.3833791546186552e+02, 1.0514180069158658e+00,
       9.6616274053524076e-01 ]
E: !!opencv-matrix
   rows: 0
   cols: 0
   dt: u
   data: []
F: !!opencv-matrix
   rows: 0
   cols: 0
   dt: u
   data: []
K1: !!opencv-matrix
   rows: 3
   cols: 3
   dt: d
   data: [ 3.6627756984521932e+02, 0., 3.8060969928433269e+02, 0.,
       3.6653175179255015e+02, 2.3878059668569790e+02, 0., 0., 1. ]
D1: !!opencv-matrix
   rows: 5
   cols: 1
   dt: d
   data: [ -2.1859934914563901e-02, -9.9468572971318997e-04,
       1.6448003429794193e-03, -3.1164985765511365e-04,
       3.5195408316194161e-04 ]
P1: !!opencv-matrix
   rows: 3
   cols: 4
   dt: f
   data: [ 3.66528076e+02, 0., 3.68790741e+02, 0., 0., 3.66528076e+02,
       2.31741241e+02, 0., 0., 0., 1., 0. ]
R1: !!opencv-matrix
   rows: 3
   cols: 3
   dt: f
   data: [ 9.99182105e-01, -2.96639968e-02, 2.74797827e-02,
       3.00226025e-02, 9.99468148e-01, -1.27303405e-02, -2.70875338e-02,
       1.35449432e-02, 9.99541283e-01 ]
K2: !!opencv-matrix
   rows: 3
   cols: 3
   dt: d
   data: [ 3.6687495098581172e+02, 0., 3.7621769200552956e+02, 0.,
       3.6726361788508825e+02, 2.2399932895774910e+02, 0., 0., 1. ]
D2: !!opencv-matrix
   rows: 5
   cols: 1
   dt: d
   data: [ -2.2201337830972428e-02, -1.1445843221826492e-03,
       2.9199201696882579e-04, -7.1705872414221615e-04,
       5.1284674356775366e-04 ]
P2: !!opencv-matrix
   rows: 3
   cols: 4
   dt: f
   data: [ 3.66528076e+02, 0., 3.68790741e+02, -8.74087188e+04, 0.,
       3.66528076e+02, 2.31741241e+02, 0., 0., 0., 1., 0. ]
R2: !!opencv-matrix
   rows: 3
   cols: 3
   dt: f
   data: [ 9.99982059e-01, -4.41138027e-03, -4.05367836e-03,
       4.46426636e-03, 9.99903798e-01, 1.31313391e-02, 3.99536127e-03,
       -1.31492000e-02, 9.99905586e-01 ]
