%YAML:1.0
---
Q: !!opencv-matrix
   rows: 4
   cols: 4
   dt: f
   data: [ 1., 0., 0., -3.82405426e+02, 0., 1., 0., -2.31847992e+02, 0.,
       0., 0., 3.59854248e+02, 0., 0., 4.33455314e-03, 0. ]
R: !!opencv-matrix
   rows: 3
   cols: 3
   dt: d
   data: [ 1.0078077931757887e+00, 9.6636914324218365e-03,
       -3.5218702943243308e-03, -9.7588934551337374e-03,
       1.0074844109116692e+00, -2.5869107189846596e-02,
       3.2688552510738277e-03, 2.5901890401311169e-02,
       1.0075255548355484e+00 ]
T: !!opencv-matrix
   rows: 3
   cols: 1
   dt: d
   data: [ -2.3247421561902991e+02, 1.0254051177622796e+00,
       9.4211261565091087e-01 ]
E: !!opencv-matrix
   rows: 0
   cols: 0
   dt: u
   data: []
F: !!opencv-matrix
   rows: 0
   cols: 0
   dt: u
   data: []
K1: !!opencv-matrix
   rows: 3
   cols: 3
   dt: d
   data: [ 3.6627756984521932e+02, 0., 3.8060969928433269e+02, 0.,
       3.6653175179255015e+02, 2.3878059668569790e+02, 0., 0., 1. ]
D1: !!opencv-matrix
   rows: 5
   cols: 1
   dt: d
   data: [ -2.1859934914563901e-02, -9.9468572971318997e-04,
       1.6448003429794193e-03, -3.1164985765511365e-04,
       3.5195408316194161e-04 ]
P1: !!opencv-matrix
   rows: 3
   cols: 4
   dt: f
   data: [ 3.59854248e+02, 0., 3.82405426e+02, 0., 0., 3.59854248e+02,
       2.31847992e+02, 0., 0., 0., 1., 0. ]
R1: !!opencv-matrix
   rows: 3
   cols: 3
   dt: f
   data: [ 9.99959528e-01, 5.07856626e-03, -7.42989546e-03,
       -5.17366966e-03, 9.99904215e-01, -1.28373662e-02, 7.36398809e-03,
       1.28752859e-02, 9.99889970e-01 ]
K2: !!opencv-matrix
   rows: 3
   cols: 3
   dt: d
   data: [ 3.6687495098581172e+02, 0., 3.7621769200552956e+02, 0.,
       3.6726361788508825e+02, 2.2399932895774910e+02, 0., 0., 1. ]
D2: !!opencv-matrix
   rows: 5
   cols: 1
   dt: d
   data: [ -2.2201337830972428e-02, -1.1445843221826492e-03,
       2.9199201696882579e-04, -7.1705872414221615e-04,
       5.1284674356775366e-04 ]
P2: !!opencv-matrix
   rows: 3
   cols: 4
   dt: f
   data: [ 3.59854248e+02, 0., 3.82405426e+02, -8.30199141e+04, 0.,
       3.59854248e+02, 2.31847992e+02, 0., 0., 0., 1., 0. ]
R2: !!opencv-matrix
   rows: 3
   cols: 3
   dt: f
   data: [ 9.99982059e-01, -4.41075442e-03, -4.05247370e-03,
       4.46249079e-03, 9.99907494e-01, 1.28474720e-02, 3.99543205e-03,
       -1.28653254e-02, 9.99909282e-01 ]
