%YAML:1.0
---
Q: !!opencv-matrix
   rows: 4
   cols: 4
   dt: f
   data: [ 1., 0., 0., -3.68950958e+02, 0., 1., 0., -2.31895767e+02, 0.,
       0., 0., 3.53942688e+02, 0., 0., 4.30575805e-03, 0. ]
R: !!opencv-matrix
   rows: 3
   cols: 3
   dt: d
   data: [ 1.0085010345420458e+00, 9.7276408788523599e-03,
       3.1274452407560153e-02, -8.8559942832560044e-03,
       1.0076348276054210e+00, -2.6196180251259919e-02,
       -3.1904225794659950e-02, 2.5905427920849579e-02,
       1.0071780249863198e+00 ]
T: !!opencv-matrix
   rows: 3
   cols: 1
   dt: d
   data: [ -2.3430513945333095e+02, 1.0335502155422092e+00,
       9.4974596734751282e-01 ]
E: !!opencv-matrix
   rows: 0
   cols: 0
   dt: u
   data: []
F: !!opencv-matrix
   rows: 0
   cols: 0
   dt: u
   data: []
K1: !!opencv-matrix
   rows: 3
   cols: 3
   dt: d
   data: [ 3.6627756984521932e+02, 0., 3.8060969928433269e+02, 0.,
       3.6653175179255015e+02, 2.3878059668569790e+02, 0., 0., 1. ]
D1: !!opencv-matrix
   rows: 5
   cols: 1
   dt: d
   data: [ -2.1859934914563901e-02, -9.9468572971318997e-04,
       1.6448003429794193e-03, -3.1164985765511365e-04,
       3.5195408316194161e-04 ]
P1: !!opencv-matrix
   rows: 3
   cols: 4
   dt: f
   data: [ 3.53942688e+02, 0., 3.68950958e+02, 0., 0., 3.53942688e+02,
       2.31895767e+02, 0., 0., 0., 1., 0. ]
R1: !!opencv-matrix
   rows: 3
   cols: 3
   dt: f
   data: [ 9.99623299e-01, 5.11081843e-03, 2.69656591e-02,
       -4.76247398e-03, 9.99904573e-01, -1.29665211e-02, -2.70293560e-02,
       1.28332134e-02, 9.99552250e-01 ]
K2: !!opencv-matrix
   rows: 3
   cols: 3
   dt: d
   data: [ 3.6687495098581172e+02, 0., 3.7621769200552956e+02, 0.,
       3.6726361788508825e+02, 2.2399932895774910e+02, 0., 0., 1. ]
D2: !!opencv-matrix
   rows: 5
   cols: 1
   dt: d
   data: [ -2.2201337830972428e-02, -1.1445843221826492e-03,
       2.9199201696882579e-04, -7.1705872414221615e-04,
       5.1284674356775366e-04 ]
P2: !!opencv-matrix
   rows: 3
   cols: 4
   dt: f
   data: [ 3.53942688e+02, 0., 3.68950958e+02, -8.22021875e+04, 0.,
       3.53942688e+02, 2.31895767e+02, 0., 0., 0., 1., 0. ]
R2: !!opencv-matrix
   rows: 3
   cols: 3
   dt: f
   data: [ 9.99982059e-01, -4.41105012e-03, -4.05338360e-03,
       4.46297647e-03, 9.99906957e-01, 1.28920954e-02, 3.99613846e-03,
       -1.29099544e-02, 9.99908686e-01 ]
