%YAML:1.0
---
Q: !!opencv-matrix
   rows: 4
   cols: 4
   dt: f
   data: [ 1., 0., 0., -3.68794617e+02, 0., 1., 0., -2.31740662e+02, 0.,
       0., 0., 3.66540741e+02, 0., 0., 4.02776850e-03, 0. ]
R: !!opencv-matrix
   rows: 3
   cols: 3
   dt: d
   data: [ 1.0075689536936632e+00, -2.5520510724081857e-02,
       3.1664162204636463e-02, 2.6329890672892261e-02,
       1.0077122706500976e+00, -2.6207789546110822e-02,
       -3.0988249803281822e-02, 2.7013492530649778e-02,
       1.0075584661286430e+00 ]
T: !!opencv-matrix
   rows: 3
   cols: 1
   dt: d
   data: [ -2.4880627431204553e+02, 1.0975987456670917e+00,
       1.0085988443222800e+00 ]
E: !!opencv-matrix
   rows: 0
   cols: 0
   dt: u
   data: []
F: !!opencv-matrix
   rows: 0
   cols: 0
   dt: u
   data: []
K1: !!opencv-matrix
   rows: 3
   cols: 3
   dt: d
   data: [ 3.6627756984521932e+02, 0., 3.8060969928433269e+02, 0.,
       3.6653175179255015e+02, 2.3878059668569790e+02, 0., 0., 1. ]
D1: !!opencv-matrix
   rows: 5
   cols: 1
   dt: d
   data: [ -2.1859934914563901e-02, -9.9468572971318997e-04,
       1.6448003429794193e-03, -3.1164985765511365e-04,
       3.5195408316194161e-04 ]
P1: !!opencv-matrix
   rows: 3
   cols: 4
   dt: f
   data: [ 3.66540741e+02, 0., 3.68794617e+02, 0., 0., 3.66540741e+02,
       2.31740662e+02, 0., 0., 0., 1., 0. ]
R1: !!opencv-matrix
   rows: 3
   cols: 3
   dt: f
   data: [ 9.99177873e-01, -2.98144594e-02, 2.74703205e-02,
       3.01728975e-02, 9.99463677e-01, -1.27273193e-02, -2.70761289e-02,
       1.35457153e-02, 9.99541581e-01 ]
K2: !!opencv-matrix
   rows: 3
   cols: 3
   dt: d
   data: [ 3.6687495098581172e+02, 0., 3.7621769200552956e+02, 0.,
       3.6726361788508825e+02, 2.2399932895774910e+02, 0., 0., 1. ]
D2: !!opencv-matrix
   rows: 5
   cols: 1
   dt: d
   data: [ -2.2201337830972428e-02, -1.1445843221826492e-03,
       2.9199201696882579e-04, -7.1705872414221615e-04,
       5.1284674356775366e-04 ]
P2: !!opencv-matrix
   rows: 3
   cols: 4
   dt: f
   data: [ 3.66540741e+02, 0., 3.68794617e+02, -9.10034297e+04, 0.,
       3.66540741e+02, 2.31740662e+02, 0., 0., 0., 1., 0. ]
R2: !!opencv-matrix
   rows: 3
   cols: 3
   dt: f
   data: [ 9.99982059e-01, -4.41138027e-03, -4.05367883e-03,
       4.46426170e-03, 9.99903858e-01, 1.31302280e-02, 3.99536639e-03,
       -1.31480889e-02, 9.99905586e-01 ]
