%YAML:1.0
---
Q: !!opencv-matrix
   rows: 4
   cols: 4
   dt: f
   data: [ 1., 0., 0., -3.68752777e+02, 0., 1., 0., -2.31896439e+02, 0.,
       0., 0., 3.53862366e+02, 0., 0., 4.20285994e-03, 0. ]
R: !!opencv-matrix
   rows: 3
   cols: 3
   dt: d
   data: [ 1.0076807697946621e+00, 9.6627439298618192e-03,
       3.1662207777413652e-02, -8.8533123684102107e-03,
       1.0078492018612102e+00, -2.6203426939145642e-02,
       -3.1906810658839664e-02, 2.5911203151204414e-02,
       1.0073904619786291e+00 ]
T: !!opencv-matrix
   rows: 3
   cols: 1
   dt: d
   data: [ -2.3875539330691410e+02, 1.0531808729095793e+00,
       9.6778490014563101e-01 ]
E: !!opencv-matrix
   rows: 0
   cols: 0
   dt: u
   data: []
F: !!opencv-matrix
   rows: 0
   cols: 0
   dt: u
   data: []
K1: !!opencv-matrix
   rows: 3
   cols: 3
   dt: d
   data: [ 3.6627756984521932e+02, 0., 3.8060969928433269e+02, 0.,
       3.6653175179255015e+02, 2.3878059668569790e+02, 0., 0., 1. ]
D1: !!opencv-matrix
   rows: 5
   cols: 1
   dt: d
   data: [ -2.1859934914563901e-02, -9.9468572971318997e-04,
       1.6448003429794193e-03, -3.1164985765511365e-04,
       3.5195408316194161e-04 ]
P1: !!opencv-matrix
   rows: 3
   cols: 4
   dt: f
   data: [ 3.53862366e+02, 0., 3.68752777e+02, 0., 0., 3.53862366e+02,
       2.31896439e+02, 0., 0., 0., 1., 0. ]
R1: !!opencv-matrix
   rows: 3
   cols: 3
   dt: f
   data: [ 9.99609709e-01, 5.07727219e-03, 2.74715424e-02,
       -4.72242665e-03, 9.99904811e-01, -1.29663246e-02, -2.75347605e-02,
       1.28315315e-02, 9.99538481e-01 ]
K2: !!opencv-matrix
   rows: 3
   cols: 3
   dt: d
   data: [ 3.6687495098581172e+02, 0., 3.7621769200552956e+02, 0.,
       3.6726361788508825e+02, 2.2399932895774910e+02, 0., 0., 1. ]
D2: !!opencv-matrix
   rows: 5
   cols: 1
   dt: d
   data: [ -2.2201337830972428e-02, -1.1445843221826492e-03,
       2.9199201696882579e-04, -7.1705872414221615e-04,
       5.1284674356775366e-04 ]
P2: !!opencv-matrix
   rows: 3
   cols: 4
   dt: f
   data: [ 3.53862366e+02, 0., 3.68752777e+02, -8.41956094e+04, 0.,
       3.53862366e+02, 2.31896439e+02, 0., 0., 0., 1., 0. ]
R2: !!opencv-matrix
   rows: 3
   cols: 3
   dt: f
   data: [ 9.99982059e-01, -4.41104919e-03, -4.05338779e-03,
       4.46297182e-03, 9.99906957e-01, 1.28912004e-02, 3.99614684e-03,
       -1.29090585e-02, 9.99908686e-01 ]
