%YAML:1.0
---
Q: !!opencv-matrix
   rows: 4
   cols: 4
   dt: f
   data: [ 1., 0., 0., -3.82391693e+02, 0., 1., 0., -2.31848083e+02, 0.,
       0., 0., 3.59851776e+02, 0., 0., 4.36531007e-03, 0. ]
R: !!opencv-matrix
   rows: 3
   cols: 3
   dt: d
   data: [ 1.0078328390242206e+00, 9.6633190371689243e-03,
       -3.5206746072987492e-03, -9.7591464095683651e-03,
       1.0075114289275362e+00, -2.5869806545230700e-02,
       3.2689509226752752e-03, 2.5902587503747541e-02,
       1.0075525659518907e+00 ]
T: !!opencv-matrix
   rows: 3
   cols: 1
   dt: d
   data: [ -2.3070014308218882e+02, 1.0175799640221523e+00,
       9.3492307190620827e-01 ]
E: !!opencv-matrix
   rows: 0
   cols: 0
   dt: u
   data: []
F: !!opencv-matrix
   rows: 0
   cols: 0
   dt: u
   data: []
K1: !!opencv-matrix
   rows: 3
   cols: 3
   dt: d
   data: [ 3.6627756984521932e+02, 0., 3.8060969928433269e+02, 0.,
       3.6653175179255015e+02, 2.3878059668569790e+02, 0., 0., 1. ]
D1: !!opencv-matrix
   rows: 5
   cols: 1
   dt: d
   data: [ -2.1859934914563901e-02, -9.9468572971318997e-04,
       1.6448003429794193e-03, -3.1164985765511365e-04,
       3.5195408316194161e-04 ]
P1: !!opencv-matrix
   rows: 3
   cols: 4
   dt: f
   data: [ 3.59851776e+02, 0., 3.82391693e+02, 0., 0., 3.59851776e+02,
       2.31848083e+02, 0., 0., 0., 1., 0. ]
R1: !!opencv-matrix
   rows: 3
   cols: 3
   dt: f
   data: [ 9.99959826e-01, 5.06508956e-03, -7.39475852e-03,
       -5.15974220e-03, 9.99904275e-01, -1.28374882e-02, 7.32902763e-03,
       1.28751276e-02, 9.99890268e-01 ]
K2: !!opencv-matrix
   rows: 3
   cols: 3
   dt: d
   data: [ 3.6687495098581172e+02, 0., 3.7621769200552956e+02, 0.,
       3.6726361788508825e+02, 2.2399932895774910e+02, 0., 0., 1. ]
D2: !!opencv-matrix
   rows: 5
   cols: 1
   dt: d
   data: [ -2.2201337830972428e-02, -1.1445843221826492e-03,
       2.9199201696882579e-04, -7.1705872414221615e-04,
       5.1284674356775366e-04 ]
P2: !!opencv-matrix
   rows: 3
   cols: 4
   dt: f
   data: [ 3.59851776e+02, 0., 3.82391693e+02, -8.24344219e+04, 0.,
       3.59851776e+02, 2.31848083e+02, 0., 0., 0., 1., 0. ]
R2: !!opencv-matrix
   rows: 3
   cols: 3
   dt: f
   data: [ 9.99982059e-01, -4.41075489e-03, -4.05247230e-03,
       4.46249126e-03, 9.99907494e-01, 1.28474524e-02, 3.99543066e-03,
       -1.28653059e-02, 9.99909282e-01 ]
