%YAML:1.0
---
Q: !!opencv-matrix
   rows: 4
   cols: 4
   dt: f
   data: [ 1., 0., 0., -3.82364777e+02, 0., 1., 0., -2.31848236e+02, 0.,
       0., 0., 3.59844360e+02, 0., 0., 4.39035054e-03, 0. ]
R: !!opencv-matrix
   rows: 3
   cols: 3
   dt: d
   data: [ 1.0075630947473948e+00, 9.6172295523922965e-03,
       -3.3786993827396887e-03, -9.7587908471368032e-03,
       1.0076697840031577e+00, -2.5874495870675331e-02,
       3.2711979641900073e-03, 2.5906846719069711e-02,
       1.0077101397582193e+00 ]
T: !!opencv-matrix
   rows: 3
   cols: 1
   dt: d
   data: [ -2.2836099411649784e+02, 1.0072624645353652e+00,
       9.2544321155368436e-01 ]
E: !!opencv-matrix
   rows: 0
   cols: 0
   dt: u
   data: []
F: !!opencv-matrix
   rows: 0
   cols: 0
   dt: u
   data: []
K1: !!opencv-matrix
   rows: 3
   cols: 3
   dt: d
   data: [ 3.6627756984521932e+02, 0., 3.8060969928433269e+02, 0.,
       3.6653175179255015e+02, 2.3878059668569790e+02, 0., 0., 1. ]
D1: !!opencv-matrix
   rows: 5
   cols: 1
   dt: d
   data: [ -2.1859934914563901e-02, -9.9468572971318997e-04,
       1.6448003429794193e-03, -3.1164985765511365e-04,
       3.5195408316194161e-04 ]
P1: !!opencv-matrix
   rows: 3
   cols: 4
   dt: f
   data: [ 3.59844360e+02, 0., 3.82364777e+02, 0., 0., 3.59844360e+02,
       2.31848236e+02, 0., 0., 0., 1., 0. ]
R1: !!opencv-matrix
   rows: 3
   cols: 3
   dt: f
   data: [ 9.99960423e-01, 5.04869968e-03, -7.32590770e-03,
       -5.14246803e-03, 9.99904394e-01, -1.28376717e-02, 7.26039382e-03,
       1.28748361e-02, 9.99890745e-01 ]
K2: !!opencv-matrix
   rows: 3
   cols: 3
   dt: d
   data: [ 3.6687495098581172e+02, 0., 3.7621769200552956e+02, 0.,
       3.6726361788508825e+02, 2.2399932895774910e+02, 0., 0., 1. ]
D2: !!opencv-matrix
   rows: 5
   cols: 1
   dt: d
   data: [ -2.2201337830972428e-02, -1.1445843221826492e-03,
       2.9199201696882579e-04, -7.1705872414221615e-04,
       5.1284674356775366e-04 ]
P2: !!opencv-matrix
   rows: 3
   cols: 4
   dt: f
   data: [ 3.59844360e+02, 0., 3.82364777e+02, -8.19625547e+04, 0.,
       3.59844360e+02, 2.31848236e+02, 0., 0., 0., 1., 0. ]
R2: !!opencv-matrix
   rows: 3
   cols: 3
   dt: f
   data: [ 9.99982059e-01, -4.41075489e-03, -4.05247230e-03,
       4.46249079e-03, 9.99907494e-01, 1.28473965e-02, 3.99543066e-03,
       -1.28652500e-02, 9.99909282e-01 ]
