%YAML:1.0
---
Q: !!opencv-matrix
   rows: 4
   cols: 4
   dt: f
   data: [ 1., 0., 0., -3.68797150e+02, 0., 1., 0., -2.31740952e+02, 0.,
       0., 0., 3.66532318e+02, 0., 0., 4.19564825e-03, 0. ]
R: !!opencv-matrix
   rows: 3
   cols: 3
   dt: d
   data: [ 1.0076543740590440e+00, -2.5424280399977926e-02,
       3.1640194142827885e-02, 2.6334310230132128e-02,
       1.0078688850502362e+00, -2.6211746644185806e-02,
       -3.0992789147042541e-02, 2.7017296474739501e-02,
       1.0077156157874088e+00 ]
T: !!opencv-matrix
   rows: 3
   cols: 1
   dt: d
   data: [ -2.3874383928961689e+02, 1.0532087242118928e+00,
       9.6780824890515471e-01 ]
E: !!opencv-matrix
   rows: 0
   cols: 0
   dt: u
   data: []
F: !!opencv-matrix
   rows: 0
   cols: 0
   dt: u
   data: []
K1: !!opencv-matrix
   rows: 3
   cols: 3
   dt: d
   data: [ 3.6627756984521932e+02, 0., 3.8060969928433269e+02, 0.,
       3.6653175179255015e+02, 2.3878059668569790e+02, 0., 0., 1. ]
D1: !!opencv-matrix
   rows: 5
   cols: 1
   dt: d
   data: [ -2.1859934914563901e-02, -9.9468572971318997e-04,
       1.6448003429794193e-03, -3.1164985765511365e-04,
       3.5195408316194161e-04 ]
P1: !!opencv-matrix
   rows: 3
   cols: 4
   dt: f
   data: [ 3.66532318e+02, 0., 3.68797150e+02, 0., 0., 3.66532318e+02,
       2.31740952e+02, 0., 0., 0., 1., 0. ]
R1: !!opencv-matrix
   rows: 3
   cols: 3
   dt: f
   data: [ 9.99179721e-01, -2.97593866e-02, 2.74636727e-02,
       3.01177502e-02, 9.99465287e-01, -1.27285030e-02, -2.70701963e-02,
       1.35452058e-02, 9.99541759e-01 ]
K2: !!opencv-matrix
   rows: 3
   cols: 3
   dt: d
   data: [ 3.6687495098581172e+02, 0., 3.7621769200552956e+02, 0.,
       3.6726361788508825e+02, 2.2399932895774910e+02, 0., 0., 1. ]
D2: !!opencv-matrix
   rows: 5
   cols: 1
   dt: d
   data: [ -2.2201337830972428e-02, -1.1445843221826492e-03,
       2.9199201696882579e-04, -7.1705872414221615e-04,
       5.1284674356775366e-04 ]
P2: !!opencv-matrix
   rows: 3
   cols: 4
   dt: f
   data: [ 3.66532318e+02, 0., 3.68797150e+02, -8.73601172e+04, 0.,
       3.66532318e+02, 2.31740952e+02, 0., 0., 0., 1., 0. ]
R2: !!opencv-matrix
   rows: 3
   cols: 3
   dt: f
   data: [ 9.99982059e-01, -4.41138027e-03, -4.05367883e-03,
       4.46426310e-03, 9.99903798e-01, 1.31305605e-02, 3.99536546e-03,
       -1.31484214e-02, 9.99905586e-01 ]
