%YAML:1.0
---
Q: !!opencv-matrix
   rows: 4
   cols: 4
   dt: f
   data: [ 1., 0., 0., -3.68801483e+02, 0., 1., 0., -2.31740952e+02, 0.,
       0., 0., 3.66530121e+02, 0., 0., 4.17900365e-03, 0. ]
R: !!opencv-matrix
   rows: 3
   cols: 3
   dt: d
   data: [ 1.0076681854554708e+00, -2.5475537844177623e-02,
       3.1644263675975559e-02, 2.6333348531134771e-02,
       1.0078396190671715e+00, -2.6211001591025365e-02,
       -3.0992057677551168e-02, 2.7016716622730922e-02,
       1.0076861046348837e+00 ]
T: !!opencv-matrix
   rows: 3
   cols: 1
   dt: d
   data: [ -2.3999798194771009e+02, 1.0587413239365582e+00,
       9.7289221927883252e-01 ]
E: !!opencv-matrix
   rows: 0
   cols: 0
   dt: u
   data: []
F: !!opencv-matrix
   rows: 0
   cols: 0
   dt: u
   data: []
K1: !!opencv-matrix
   rows: 3
   cols: 3
   dt: d
   data: [ 3.6627756984521932e+02, 0., 3.8060969928433269e+02, 0.,
       3.6653175179255015e+02, 2.3878059668569790e+02, 0., 0., 1. ]
D1: !!opencv-matrix
   rows: 5
   cols: 1
   dt: d
   data: [ -2.1859934914563901e-02, -9.9468572971318997e-04,
       1.6448003429794193e-03, -3.1164985765511365e-04,
       3.5195408316194161e-04 ]
P1: !!opencv-matrix
   rows: 3
   cols: 4
   dt: f
   data: [ 3.66530121e+02, 0., 3.68801483e+02, 0., 0., 3.66530121e+02,
       2.31740952e+02, 0., 0., 0., 1., 0. ]
R1: !!opencv-matrix
   rows: 3
   cols: 3
   dt: f
   data: [ 9.99179482e-01, -2.97774300e-02, 2.74526849e-02,
       3.01356427e-02, 9.99464750e-01, -1.27282171e-02, -2.70589776e-02,
       1.35450782e-02, 9.99542058e-01 ]
K2: !!opencv-matrix
   rows: 3
   cols: 3
   dt: d
   data: [ 3.6687495098581172e+02, 0., 3.7621769200552956e+02, 0.,
       3.6726361788508825e+02, 2.2399932895774910e+02, 0., 0., 1. ]
D2: !!opencv-matrix
   rows: 5
   cols: 1
   dt: d
   data: [ -2.2201337830972428e-02, -1.1445843221826492e-03,
       2.9199201696882579e-04, -7.1705872414221615e-04,
       5.1284674356775366e-04 ]
P2: !!opencv-matrix
   rows: 3
   cols: 4
   dt: f
   data: [ 3.66530121e+02, 0., 3.68801483e+02, -8.77075391e+04, 0.,
       3.66530121e+02, 2.31740952e+02, 0., 0., 0., 1., 0. ]
R2: !!opencv-matrix
   rows: 3
   cols: 3
   dt: f
   data: [ 9.99982059e-01, -4.41138027e-03, -4.05367883e-03,
       4.46426217e-03, 9.99903798e-01, 1.31303538e-02, 3.99536593e-03,
       -1.31482147e-02, 9.99905586e-01 ]
