%YAML:1.0
---
Q: !!opencv-matrix
   rows: 4
   cols: 4
   dt: f
   data: [ 1., 0., 0., -3.82347412e+02, 0., 1., 0., -2.31848328e+02, 0.,
       0., 0., 3.59838623e+02, 0., 0., 4.39876737e-03, 0. ]
R: !!opencv-matrix
   rows: 3
   cols: 3
   dt: d
   data: [ 1.0074174165977501e+00, 9.6020408988811666e-03,
       -3.3070790061815519e-03, -9.7585280095624227e-03,
       1.0077418512451641e+00, -2.5876661553968845e-02,
       3.2723137953124719e-03, 2.5908762083490151e-02,
       1.0077818486323868e+00 ]
T: !!opencv-matrix
   rows: 3
   cols: 1
   dt: d
   data: [ -2.2776814892013863e+02, 1.0046475253189879e+00,
       9.2304068249636295e-01 ]
E: !!opencv-matrix
   rows: 0
   cols: 0
   dt: u
   data: []
F: !!opencv-matrix
   rows: 0
   cols: 0
   dt: u
   data: []
K1: !!opencv-matrix
   rows: 3
   cols: 3
   dt: d
   data: [ 3.6627756984521932e+02, 0., 3.8060969928433269e+02, 0.,
       3.6653175179255015e+02, 2.3878059668569790e+02, 0., 0., 1. ]
D1: !!opencv-matrix
   rows: 5
   cols: 1
   dt: d
   data: [ -2.1859934914563901e-02, -9.9468572971318997e-04,
       1.6448003429794193e-03, -3.1164985765511365e-04,
       3.5195408316194161e-04 ]
P1: !!opencv-matrix
   rows: 3
   cols: 4
   dt: f
   data: [ 3.59838623e+02, 0., 3.82347412e+02, 0., 0., 3.59838623e+02,
       2.31848328e+02, 0., 0., 0., 1., 0. ]
R1: !!opencv-matrix
   rows: 3
   cols: 3
   dt: f
   data: [ 9.99960780e-01, 5.04173897e-03, -7.28154136e-03,
       -5.13493689e-03, 9.99904394e-01, -1.28377685e-02, 7.21612060e-03,
       1.28746554e-02, 9.99891102e-01 ]
K2: !!opencv-matrix
   rows: 3
   cols: 3
   dt: d
   data: [ 3.6687495098581172e+02, 0., 3.7621769200552956e+02, 0.,
       3.6726361788508825e+02, 2.2399932895774910e+02, 0., 0., 1. ]
D2: !!opencv-matrix
   rows: 5
   cols: 1
   dt: d
   data: [ -2.2201337830972428e-02, -1.1445843221826492e-03,
       2.9199201696882579e-04, -7.1705872414221615e-04,
       5.1284674356775366e-04 ]
P2: !!opencv-matrix
   rows: 3
   cols: 4
   dt: f
   data: [ 3.59838623e+02, 0., 3.82347412e+02, -8.18044219e+04, 0.,
       3.59838623e+02, 2.31848328e+02, 0., 0., 0., 1., 0. ]
R2: !!opencv-matrix
   rows: 3
   cols: 3
   dt: f
   data: [ 9.99982059e-01, -4.41075489e-03, -4.05247230e-03,
       4.46249079e-03, 9.99907494e-01, 1.28473537e-02, 3.99543112e-03,
       -1.28652072e-02, 9.99909282e-01 ]
