%YAML:1.0
---
Q: !!opencv-matrix
   rows: 4
   cols: 4
   dt: f
   data: [ 1., 0., 0., -3.68798065e+02, 0., 1., 0., -2.31896317e+02, 0.,
       0., 0., 3.53878876e+02, 0., 0., 4.25533857e-03, 0. ]
R: !!opencv-matrix
   rows: 3
   cols: 3
   dt: d
   data: [ 1.0079183634194182e+00, 9.6787319909225310e-03,
       3.1539617066468441e-02, -8.8542576894701241e-03,
       1.0078256426091747e+00, -2.6202278763751804e-02,
       -3.1907125341901064e-02, 2.5910533574202709e-02,
       1.0073674788648588e+00 ]
T: !!opencv-matrix
   rows: 3
   cols: 1
   dt: d
   data: [ -2.3549052655385572e+02, 1.0387791194614140e+00,
       9.5455089134080240e-01 ]
E: !!opencv-matrix
   rows: 0
   cols: 0
   dt: u
   data: []
F: !!opencv-matrix
   rows: 0
   cols: 0
   dt: u
   data: []
K1: !!opencv-matrix
   rows: 3
   cols: 3
   dt: d
   data: [ 3.6627756984521932e+02, 0., 3.8060969928433269e+02, 0.,
       3.6653175179255015e+02, 2.3878059668569790e+02, 0., 0., 1. ]
D1: !!opencv-matrix
   rows: 5
   cols: 1
   dt: d
   data: [ -2.1859934914563901e-02, -9.9468572971318997e-04,
       1.6448003429794193e-03, -3.1164985765511365e-04,
       3.5195408316194161e-04 ]
P1: !!opencv-matrix
   rows: 3
   cols: 4
   dt: f
   data: [ 3.53878876e+02, 0., 3.68798065e+02, 0., 0., 3.53878876e+02,
       2.31896317e+02, 0., 0., 0., 1., 0. ]
R1: !!opencv-matrix
   rows: 3
   cols: 3
   dt: f
   data: [ 9.99612808e-01, 5.09274052e-03, 2.73559429e-02,
       -4.73937904e-03, 9.99904692e-01, -1.29665323e-02, -2.74193697e-02,
       1.28318612e-02, 9.99541640e-01 ]
K2: !!opencv-matrix
   rows: 3
   cols: 3
   dt: d
   data: [ 3.6687495098581172e+02, 0., 3.7621769200552956e+02, 0.,
       3.6726361788508825e+02, 2.2399932895774910e+02, 0., 0., 1. ]
D2: !!opencv-matrix
   rows: 5
   cols: 1
   dt: d
   data: [ -2.2201337830972428e-02, -1.1445843221826492e-03,
       2.9199201696882579e-04, -7.1705872414221615e-04,
       5.1284674356775366e-04 ]
P2: !!opencv-matrix
   rows: 3
   cols: 4
   dt: f
   data: [ 3.53878876e+02, 0., 3.68798065e+02, -8.31611563e+04, 0.,
       3.53878876e+02, 2.31896317e+02, 0., 0., 0., 1., 0. ]
R2: !!opencv-matrix
   rows: 3
   cols: 3
   dt: f
   data: [ 9.99982059e-01, -4.41105012e-03, -4.05338500e-03,
       4.46297368e-03, 9.99906957e-01, 1.28914583e-02, 3.99614265e-03,
       -1.29093174e-02, 9.99908686e-01 ]
