%YAML:1.0
---
Q: !!opencv-matrix
   rows: 4
   cols: 4
   dt: f
   data: [ 1., 0., 0., -3.68795105e+02, 0., 1., 0., -2.31740662e+02, 0.,
       0., 0., 3.66540375e+02, 0., 0., 4.11155727e-03, 0. ]
R: !!opencv-matrix
   rows: 3
   cols: 3
   dt: d
   data: [ 1.0076354795782592e+00, -2.5521765135608429e-02,
       3.1666693720541060e-02, 2.6331614947745798e-02,
       1.0077783396313054e+00, -2.6209509873550432e-02,
       -3.0990283436117573e-02, 2.7015261977202994e-02,
       1.0076245250270079e+00 ]
T: !!opencv-matrix
   rows: 3
   cols: 1
   dt: d
   data: [ -2.4385431081482986e+02, 1.0757533604484559e+00,
       9.8852481410113235e-01 ]
E: !!opencv-matrix
   rows: 0
   cols: 0
   dt: u
   data: []
F: !!opencv-matrix
   rows: 0
   cols: 0
   dt: u
   data: []
K1: !!opencv-matrix
   rows: 3
   cols: 3
   dt: d
   data: [ 3.6627756984521932e+02, 0., 3.8060969928433269e+02, 0.,
       3.6653175179255015e+02, 2.3878059668569790e+02, 0., 0., 1. ]
D1: !!opencv-matrix
   rows: 5
   cols: 1
   dt: d
   data: [ -2.1859934914563901e-02, -9.9468572971318997e-04,
       1.6448003429794193e-03, -3.1164985765511365e-04,
       3.5195408316194161e-04 ]
P1: !!opencv-matrix
   rows: 3
   cols: 4
   dt: f
   data: [ 3.66540375e+02, 0., 3.68795105e+02, 0., 0., 3.66540375e+02,
       2.31740662e+02, 0., 0., 0., 1., 0. ]
R1: !!opencv-matrix
   rows: 3
   cols: 3
   dt: f
   data: [ 9.99177933e-01, -2.98152938e-02, 2.74690781e-02,
       3.01737152e-02, 9.99463618e-01, -1.27273118e-02, -2.70748772e-02,
       1.35456929e-02, 9.99541640e-01 ]
K2: !!opencv-matrix
   rows: 3
   cols: 3
   dt: d
   data: [ 3.6687495098581172e+02, 0., 3.7621769200552956e+02, 0.,
       3.6726361788508825e+02, 2.2399932895774910e+02, 0., 0., 1. ]
D2: !!opencv-matrix
   rows: 5
   cols: 1
   dt: d
   data: [ -2.2201337830972428e-02, -1.1445843221826492e-03,
       2.9199201696882579e-04, -7.1705872414221615e-04,
       5.1284674356775366e-04 ]
P2: !!opencv-matrix
   rows: 3
   cols: 4
   dt: f
   data: [ 3.66540375e+02, 0., 3.68795105e+02, -8.91487891e+04, 0.,
       3.66540375e+02, 2.31740662e+02, 0., 0., 0., 1., 0. ]
R2: !!opencv-matrix
   rows: 3
   cols: 3
   dt: f
   data: [ 9.99982059e-01, -4.41138027e-03, -4.05367883e-03,
       4.46426170e-03, 9.99903858e-01, 1.31302131e-02, 3.99536686e-03,
       -1.31480740e-02, 9.99905586e-01 ]
