%YAML:1.0
---
Q: !!opencv-matrix
   rows: 4
   cols: 4
   dt: f
   data: [ 1., 0., 0., -3.68753723e+02, 0., 1., 0., -2.31896423e+02, 0.,
       0., 0., 3.53863220e+02, 0., 0., 4.16869530e-03, 0. ]
R: !!opencv-matrix
   rows: 3
   cols: 3
   dt: d
   data: [ 1.0076801356549976e+00, -2.5216792000445146e-02,
       3.1690238698053257e-02, 2.6334058382209410e-02,
       1.0078634467948477e+00, -2.6211850390553407e-02,
       -3.0992772925909493e-02, 2.7016334730724248e-02,
       1.0077108895493938e+00 ]
T: !!opencv-matrix
   rows: 3
   cols: 1
   dt: d
   data: [ -2.3847327736023112e+02, 1.0520151858807234e+00,
       9.6671134748658483e-01 ]
E: !!opencv-matrix
   rows: 0
   cols: 0
   dt: u
   data: []
F: !!opencv-matrix
   rows: 0
   cols: 0
   dt: u
   data: []
K1: !!opencv-matrix
   rows: 3
   cols: 3
   dt: d
   data: [ 3.6627756984521932e+02, 0., 3.8060969928433269e+02, 0.,
       3.6653175179255015e+02, 2.3878059668569790e+02, 0., 0., 1. ]
D1: !!opencv-matrix
   rows: 5
   cols: 1
   dt: d
   data: [ -2.1859934914563901e-02, -9.9468572971318997e-04,
       1.6448003429794193e-03, -3.1164985765511365e-04,
       3.5195408316194161e-04 ]
P1: !!opencv-matrix
   rows: 3
   cols: 4
   dt: f
   data: [ 3.53863220e+02, 0., 3.68753723e+02, 0., 0., 3.53863220e+02,
       2.31896423e+02, 0., 0., 0., 1., 0. ]
R1: !!opencv-matrix
   rows: 3
   cols: 3
   dt: f
   data: [ 9.99609768e-01, 5.07542863e-03, 2.74691489e-02,
       -4.72061476e-03, 9.99904811e-01, -1.29662845e-02, -2.75323428e-02,
       1.28315538e-02, 9.99538541e-01 ]
K2: !!opencv-matrix
   rows: 3
   cols: 3
   dt: d
   data: [ 3.6687495098581172e+02, 0., 3.7621769200552956e+02, 0.,
       3.6726361788508825e+02, 2.2399932895774910e+02, 0., 0., 1. ]
D2: !!opencv-matrix
   rows: 5
   cols: 1
   dt: d
   data: [ -2.2201337830972428e-02, -1.1445843221826492e-03,
       2.9199201696882579e-04, -7.1705872414221615e-04,
       5.1284674356775366e-04 ]
P2: !!opencv-matrix
   rows: 3
   cols: 4
   dt: f
   data: [ 3.53863220e+02, 0., 3.68753723e+02, -8.48858438e+04, 0.,
       3.53863220e+02, 2.31896423e+02, 0., 0., 0., 1., 0. ]
R2: !!opencv-matrix
   rows: 3
   cols: 3
   dt: f
   data: [ 9.99982059e-01, -4.41105012e-03, -4.05338500e-03,
       4.46297275e-03, 9.99906957e-01, 1.28911911e-02, 3.99614405e-03,
       -1.29090492e-02, 9.99908686e-01 ]
