%YAML:1.0
---
Q: !!opencv-matrix
   rows: 4
   cols: 4
   dt: f
   data: [ 1., 0., 0., -3.68793823e+02, 0., 1., 0., -2.31740662e+02, 0.,
       0., 0., 3.66541351e+02, 0., 0., 4.03494807e-03, 0. ]
R: !!opencv-matrix
   rows: 3
   cols: 3
   dt: d
   data: [ 1.0075777292151447e+00, -2.5518133483558313e-02,
       3.1667999253503845e-02, 2.6330046282487012e-02,
       1.0077186225148089e+00, -2.6207971076545326e-02,
       -3.0988455258484204e-02, 2.7013652814973515e-02,
       1.0075648134758166e+00 ]
T: !!opencv-matrix
   rows: 3
   cols: 1
   dt: d
   data: [ -2.4827197146496601e+02, 1.0952416907066416e+00,
       1.0064329123362536e+00 ]
E: !!opencv-matrix
   rows: 0
   cols: 0
   dt: u
   data: []
F: !!opencv-matrix
   rows: 0
   cols: 0
   dt: u
   data: []
K1: !!opencv-matrix
   rows: 3
   cols: 3
   dt: d
   data: [ 3.6627756984521932e+02, 0., 3.8060969928433269e+02, 0.,
       3.6653175179255015e+02, 2.3878059668569790e+02, 0., 0., 1. ]
D1: !!opencv-matrix
   rows: 5
   cols: 1
   dt: d
   data: [ -2.1859934914563901e-02, -9.9468572971318997e-04,
       1.6448003429794193e-03, -3.1164985765511365e-04,
       3.5195408316194161e-04 ]
P1: !!opencv-matrix
   rows: 3
   cols: 4
   dt: f
   data: [ 3.66541351e+02, 0., 3.68793823e+02, 0., 0., 3.66541351e+02,
       2.31740662e+02, 0., 0., 0., 1., 0. ]
R1: !!opencv-matrix
   rows: 3
   cols: 3
   dt: f
   data: [ 9.99177873e-01, -2.98129506e-02, 2.74723321e-02,
       3.01714167e-02, 9.99463677e-01, -1.27273342e-02, -2.70781592e-02,
       1.35457497e-02, 9.99541521e-01 ]
K2: !!opencv-matrix
   rows: 3
   cols: 3
   dt: d
   data: [ 3.6687495098581172e+02, 0., 3.7621769200552956e+02, 0.,
       3.6726361788508825e+02, 2.2399932895774910e+02, 0., 0., 1. ]
D2: !!opencv-matrix
   rows: 5
   cols: 1
   dt: d
   data: [ -2.2201337830972428e-02, -1.1445843221826492e-03,
       2.9199201696882579e-04, -7.1705872414221615e-04,
       5.1284674356775366e-04 ]
P2: !!opencv-matrix
   rows: 3
   cols: 4
   dt: f
   data: [ 3.66541351e+02, 0., 3.68793823e+02, -9.08416484e+04, 0.,
       3.66541351e+02, 2.31740662e+02, 0., 0., 0., 1., 0. ]
R2: !!opencv-matrix
   rows: 3
   cols: 3
   dt: f
   data: [ 9.99982059e-01, -4.41137934e-03, -4.05368069e-03,
       4.46426123e-03, 9.99903858e-01, 1.31302532e-02, 3.99536826e-03,
       -1.31481150e-02, 9.99905586e-01 ]
