%YAML:1.0
---
Q: !!opencv-matrix
   rows: 4
   cols: 4
   dt: f
   data: [ 1., 0., 0., -3.68832672e+02, 0., 1., 0., -2.31896240e+02, 0.,
       0., 0., 3.53890930e+02, 0., 0., 4.26786207e-03, 0. ]
R: !!opencv-matrix
   rows: 3
   cols: 3
   dt: d
   data: [ 1.0083105523130822e+00, 9.7159106641900271e-03,
       3.1360434727058677e-02, -8.8554323888367804e-03,
       1.0076985187502361e+00, -2.6198205224829067e-02,
       -3.1905210413084889e-02, 2.5907114010031217e-02,
       1.0072412923065392e+00 ]
T: !!opencv-matrix
   rows: 3
   cols: 1
   dt: d
   data: [ -2.3463486143191395e+02, 1.0350046639883415e+00,
       9.5108247873757046e-01 ]
E: !!opencv-matrix
   rows: 0
   cols: 0
   dt: u
   data: []
F: !!opencv-matrix
   rows: 0
   cols: 0
   dt: u
   data: []
K1: !!opencv-matrix
   rows: 3
   cols: 3
   dt: d
   data: [ 3.6627756984521932e+02, 0., 3.8060969928433269e+02, 0.,
       3.6653175179255015e+02, 2.3878059668569790e+02, 0., 0., 1. ]
D1: !!opencv-matrix
   rows: 5
   cols: 1
   dt: d
   data: [ -2.1859934914563901e-02, -9.9468572971318997e-04,
       1.6448003429794193e-03, -3.1164985765511365e-04,
       3.5195408316194161e-04 ]
P1: !!opencv-matrix
   rows: 3
   cols: 4
   dt: f
   data: [ 3.53890930e+02, 0., 3.68832672e+02, 0., 0., 3.53890930e+02,
       2.31896240e+02, 0., 0., 0., 1., 0. ]
R1: !!opencv-matrix
   rows: 3
   cols: 3
   dt: f
   data: [ 9.99615133e-01, 5.10695996e-03, 2.72675864e-02,
       -4.75473097e-03, 9.99904633e-01, -1.29667381e-02, -2.73312051e-02,
       1.28320977e-02, 9.99544084e-01 ]
K2: !!opencv-matrix
   rows: 3
   cols: 3
   dt: d
   data: [ 3.6687495098581172e+02, 0., 3.7621769200552956e+02, 0.,
       3.6726361788508825e+02, 2.2399932895774910e+02, 0., 0., 1. ]
D2: !!opencv-matrix
   rows: 5
   cols: 1
   dt: d
   data: [ -2.2201337830972428e-02, -1.1445843221826492e-03,
       2.9199201696882579e-04, -7.1705872414221615e-04,
       5.1284674356775366e-04 ]
P2: !!opencv-matrix
   rows: 3
   cols: 4
   dt: f
   data: [ 3.53890930e+02, 0., 3.68832672e+02, -8.29199531e+04, 0.,
       3.53890930e+02, 2.31896240e+02, 0., 0., 0., 1., 0. ]
R2: !!opencv-matrix
   rows: 3
   cols: 3
   dt: f
   data: [ 9.99982059e-01, -4.41105012e-03, -4.05338500e-03,
       4.46297461e-03, 9.99906957e-01, 1.28916716e-02, 3.99614172e-03,
       -1.29095307e-02, 9.99908686e-01 ]
