%YAML:1.0
---
Q: !!opencv-matrix
   rows: 4
   cols: 4
   dt: f
   data: [ 1., 0., 0., -3.82220062e+02, 0., 1., 0., -2.31849243e+02, 0.,
       0., 0., 3.59815125e+02, 0., 0., 4.38012322e-03, 0. ]
R: !!opencv-matrix
   rows: 3
   cols: 3
   dt: d
   data: [ 1.0072690921243237e+00, 9.5875735935356428e-03,
       -3.2162834718549734e-03, -9.7582444979650625e-03,
       1.0078122081030452e+00, -2.5878867955322980e-02,
       3.2734278869479150e-03, 2.5910630576224350e-02,
       1.0078517726199454e+00 ]
T: !!opencv-matrix
   rows: 3
   cols: 1
   dt: d
   data: [ -2.2733233648765773e+02, 1.0027252332107548e+00,
       9.2127453081975885e-01 ]
E: !!opencv-matrix
   rows: 0
   cols: 0
   dt: u
   data: []
F: !!opencv-matrix
   rows: 0
   cols: 0
   dt: u
   data: []
K1: !!opencv-matrix
   rows: 3
   cols: 3
   dt: d
   data: [ 3.6627756984521932e+02, 0., 3.8060969928433269e+02, 0.,
       3.6653175179255015e+02, 2.3878059668569790e+02, 0., 0., 1. ]
D1: !!opencv-matrix
   rows: 5
   cols: 1
   dt: d
   data: [ -2.1859934914563901e-02, -9.9468572971318997e-04,
       1.6448003429794193e-03, -3.1164985765511365e-04,
       3.5195408316194161e-04 ]
P1: !!opencv-matrix
   rows: 3
   cols: 4
   dt: f
   data: [ 3.59815125e+02, 0., 3.82220062e+02, 0., 0., 3.59815125e+02,
       2.31849243e+02, 0., 0., 0., 1., 0. ]
R1: !!opencv-matrix
   rows: 3
   cols: 3
   dt: f
   data: [ 9.99963701e-01, 4.91907774e-03, -6.95566833e-03,
       -5.00809541e-03, 9.99905050e-01, -1.28388554e-02, 6.89185271e-03,
       1.28732249e-02, 9.99893367e-01 ]
K2: !!opencv-matrix
   rows: 3
   cols: 3
   dt: d
   data: [ 3.6687495098581172e+02, 0., 3.7621769200552956e+02, 0.,
       3.6726361788508825e+02, 2.2399932895774910e+02, 0., 0., 1. ]
D2: !!opencv-matrix
   rows: 5
   cols: 1
   dt: d
   data: [ -2.2201337830972428e-02, -1.1445843221826492e-03,
       2.9199201696882579e-04, -7.1705872414221615e-04,
       5.1284674356775366e-04 ]
P2: !!opencv-matrix
   rows: 3
   cols: 4
   dt: f
   data: [ 3.59815125e+02, 0., 3.82220062e+02, -8.21472656e+04, 0.,
       3.59815125e+02, 2.31849243e+02, 0., 0., 0., 1., 0. ]
R2: !!opencv-matrix
   rows: 3
   cols: 3
   dt: f
   data: [ 9.99982059e-01, -4.41075535e-03, -4.05246997e-03,
       4.46249032e-03, 9.99907494e-01, 1.28471721e-02, 3.99542972e-03,
       -1.28650256e-02, 9.99909282e-01 ]
