%YAML:1.0
---
Q: !!opencv-matrix
   rows: 4
   cols: 4
   dt: f
   data: [ 1., 0., 0., -3.68800476e+02, 0., 1., 0., -2.31740967e+02, 0.,
       0., 0., 3.66529999e+02, 0., 0., 4.18851478e-03, 0. ]
R: !!opencv-matrix
   rows: 3
   cols: 3
   dt: d
   data: [ 1.0076605696777041e+00, -2.5445199617134134e-02,
       3.1635159551066570e-02, 2.6333900387533055e-02,
       1.0078564535760011e+00, -2.6211400425445938e-02,
       -3.0992479871521639e-02, 2.7017046809205577e-02,
       1.0077031113535346e+00 ]
T: !!opencv-matrix
   rows: 3
   cols: 1
   dt: d
   data: [ -2.3928720362367250e+02, 1.0556057543456143e+00,
       9.7001090654313515e-01 ]
E: !!opencv-matrix
   rows: 0
   cols: 0
   dt: u
   data: []
F: !!opencv-matrix
   rows: 0
   cols: 0
   dt: u
   data: []
K1: !!opencv-matrix
   rows: 3
   cols: 3
   dt: d
   data: [ 3.6627756984521932e+02, 0., 3.8060969928433269e+02, 0.,
       3.6653175179255015e+02, 2.3878059668569790e+02, 0., 0., 1. ]
D1: !!opencv-matrix
   rows: 5
   cols: 1
   dt: d
   data: [ -2.1859934914563901e-02, -9.9468572971318997e-04,
       1.6448003429794193e-03, -3.1164985765511365e-04,
       3.5195408316194161e-04 ]
P1: !!opencv-matrix
   rows: 3
   cols: 4
   dt: f
   data: [ 3.66529999e+02, 0., 3.68800476e+02, 0., 0., 3.66529999e+02,
       2.31740967e+02, 0., 0., 0., 1., 0. ]
R1: !!opencv-matrix
   rows: 3
   cols: 3
   dt: f
   data: [ 9.99179721e-01, -2.97671854e-02, 2.74552461e-02,
       3.01254354e-02, 9.99465108e-01, -1.27284080e-02, -2.70616710e-02,
       1.35450689e-02, 9.99541998e-01 ]
K2: !!opencv-matrix
   rows: 3
   cols: 3
   dt: d
   data: [ 3.6687495098581172e+02, 0., 3.7621769200552956e+02, 0.,
       3.6726361788508825e+02, 2.2399932895774910e+02, 0., 0., 1. ]
D2: !!opencv-matrix
   rows: 5
   cols: 1
   dt: d
   data: [ -2.2201337830972428e-02, -1.1445843221826492e-03,
       2.9199201696882579e-04, -7.1705872414221615e-04,
       5.1284674356775366e-04 ]
P2: !!opencv-matrix
   rows: 3
   cols: 4
   dt: f
   data: [ 3.66529999e+02, 0., 3.68800476e+02, -8.75083438e+04, 0.,
       3.66529999e+02, 2.31740967e+02, 0., 0., 0., 1., 0. ]
R2: !!opencv-matrix
   rows: 3
   cols: 3
   dt: f
   data: [ 9.99982059e-01, -4.41138027e-03, -4.05367883e-03,
       4.46426263e-03, 9.99903798e-01, 1.31304441e-02, 3.99536593e-03,
       -1.31483050e-02, 9.99905586e-01 ]
