%YAML:1.0
---
Q: !!opencv-matrix
   rows: 4
   cols: 4
   dt: f
   data: [ 1., 0., 0., -3.68794281e+02, 0., 1., 0., -2.31740662e+02, 0.,
       0., 0., 3.66540985e+02, 0., 0., 4.13512764e-03, 0. ]
R: !!opencv-matrix
   rows: 3
   cols: 3
   dt: d
   data: [ 1.0076527577163186e+00, -2.5520155099477453e-02,
       3.1669920167390876e-02, 2.6332004479713851e-02,
       1.0077935818434129e+00, -2.6209918629335371e-02,
       -3.0990760648433622e-02, 2.7015662715961185e-02,
       1.0076397625809512e+00 ]
T: !!opencv-matrix
   rows: 3
   cols: 1
   dt: d
   data: [ -2.4268670653804682e+02, 1.0706025219974311e+00,
       9.8379163585793572e-01 ]
E: !!opencv-matrix
   rows: 0
   cols: 0
   dt: u
   data: []
F: !!opencv-matrix
   rows: 0
   cols: 0
   dt: u
   data: []
K1: !!opencv-matrix
   rows: 3
   cols: 3
   dt: d
   data: [ 3.6627756984521932e+02, 0., 3.8060969928433269e+02, 0.,
       3.6653175179255015e+02, 2.3878059668569790e+02, 0., 0., 1. ]
D1: !!opencv-matrix
   rows: 5
   cols: 1
   dt: d
   data: [ -2.1859934914563901e-02, -9.9468572971318997e-04,
       1.6448003429794193e-03, -3.1164985765511365e-04,
       3.5195408316194161e-04 ]
P1: !!opencv-matrix
   rows: 3
   cols: 4
   dt: f
   data: [ 3.66540985e+02, 0., 3.68794281e+02, 0., 0., 3.66540985e+02,
       2.31740662e+02, 0., 0., 0., 1., 0. ]
R1: !!opencv-matrix
   rows: 3
   cols: 3
   dt: f
   data: [ 9.99177933e-01, -2.98133735e-02, 2.74712127e-02,
       3.01718228e-02, 9.99463677e-01, -1.27273342e-02, -2.70770341e-02,
       1.35457274e-02, 9.99541581e-01 ]
K2: !!opencv-matrix
   rows: 3
   cols: 3
   dt: d
   data: [ 3.6687495098581172e+02, 0., 3.7621769200552956e+02, 0.,
       3.6726361788508825e+02, 2.2399932895774910e+02, 0., 0., 1. ]
D2: !!opencv-matrix
   rows: 5
   cols: 1
   dt: d
   data: [ -2.2201337830972428e-02, -1.1445843221826492e-03,
       2.9199201696882579e-04, -7.1705872414221615e-04,
       5.1284674356775366e-04 ]
P2: !!opencv-matrix
   rows: 3
   cols: 4
   dt: f
   data: [ 3.66540985e+02, 0., 3.68794281e+02, -8.86407891e+04, 0.,
       3.66540985e+02, 2.31740662e+02, 0., 0., 0., 1., 0. ]
R2: !!opencv-matrix
   rows: 3
   cols: 3
   dt: f
   data: [ 9.99982059e-01, -4.41137981e-03, -4.05368162e-03,
       4.46426123e-03, 9.99903858e-01, 1.31302420e-02, 3.99536919e-03,
       -1.31481029e-02, 9.99905586e-01 ]
