%YAML:1.0
---
Q: !!opencv-matrix
   rows: 4
   cols: 4
   dt: f
   data: [ 1., 0., 0., -3.68794220e+02, 0., 1., 0., -2.31740646e+02, 0.,
       0., 0., 3.66541046e+02, 0., 0., 4.07354115e-03, 0. ]
R: !!opencv-matrix
   rows: 3
   cols: 3
   dt: d
   data: [ 1.0075929984261445e+00, -2.5518323850915719e-02,
       3.1668718028192405e-02, 2.6330438067694452e-02,
       1.0077336459288033e+00, -2.6208362957904869e-02,
       -3.0988917670029203e-02, 2.7014053964005958e-02,
       1.0075798346735425e+00 ]
T: !!opencv-matrix
   rows: 3
   cols: 1
   dt: d
   data: [ -2.4714143180602599e+02, 1.0902542172148193e+00,
       1.0018507058965749e+00 ]
E: !!opencv-matrix
   rows: 0
   cols: 0
   dt: u
   data: []
F: !!opencv-matrix
   rows: 0
   cols: 0
   dt: u
   data: []
K1: !!opencv-matrix
   rows: 3
   cols: 3
   dt: d
   data: [ 3.6627756984521932e+02, 0., 3.8060969928433269e+02, 0.,
       3.6653175179255015e+02, 2.3878059668569790e+02, 0., 0., 1. ]
D1: !!opencv-matrix
   rows: 5
   cols: 1
   dt: d
   data: [ -2.1859934914563901e-02, -9.9468572971318997e-04,
       1.6448003429794193e-03, -3.1164985765511365e-04,
       3.5195408316194161e-04 ]
P1: !!opencv-matrix
   rows: 3
   cols: 4
   dt: f
   data: [ 3.66541046e+02, 0., 3.68794220e+02, 0., 0., 3.66541046e+02,
       2.31740646e+02, 0., 0., 0., 1., 0. ]
R1: !!opencv-matrix
   rows: 3
   cols: 3
   dt: f
   data: [ 9.99177873e-01, -2.98136733e-02, 2.74713207e-02,
       3.01721245e-02, 9.99463677e-01, -1.27273267e-02, -2.70771384e-02,
       1.35457320e-02, 9.99541581e-01 ]
K2: !!opencv-matrix
   rows: 3
   cols: 3
   dt: d
   data: [ 3.6687495098581172e+02, 0., 3.7621769200552956e+02, 0.,
       3.6726361788508825e+02, 2.2399932895774910e+02, 0., 0., 1. ]
D2: !!opencv-matrix
   rows: 5
   cols: 1
   dt: d
   data: [ -2.2201337830972428e-02, -1.1445843221826492e-03,
       2.9199201696882579e-04, -7.1705872414221615e-04,
       5.1284674356775366e-04 ]
P2: !!opencv-matrix
   rows: 3
   cols: 4
   dt: f
   data: [ 3.66541046e+02, 0., 3.68794220e+02, -8.99809375e+04, 0.,
       3.66541046e+02, 2.31740646e+02, 0., 0., 0., 1., 0. ]
R2: !!opencv-matrix
   rows: 3
   cols: 3
   dt: f
   data: [ 9.99982059e-01, -4.41137981e-03, -4.05368162e-03,
       4.46426123e-03, 9.99903858e-01, 1.31302411e-02, 3.99536919e-03,
       -1.31481020e-02, 9.99905586e-01 ]
