%YAML:1.0
---
Q: !!opencv-matrix
   rows: 4
   cols: 4
   dt: f
   data: [ 1., 0., 0., -3.82445007e+02, 0., 1., 0., -2.31850510e+02, 0.,
       0., 0., 3.58667542e+02, 0., 0., 5.55583835e-03, 0. ]
R: !!opencv-matrix
   rows: 3
   cols: 3
   dt: d
   data: [ 9.9997409376037893e-01, 9.7427393064128138e-03,
       -3.1520169578960022e-03, -9.6828573732326943e-03,
       9.9989960194071303e-01, 9.2345944364438087e-03,
       3.2431416875775255e-03, -9.2035396550337583e-03,
       9.9994153247950524e-01 ]
T: !!opencv-matrix
   rows: 3
   cols: 1
   dt: d
   data: [ -1.7999541693020018e+02, 8.1667890468201465e-01,
       7.5080285892344145e-01 ]
E: !!opencv-matrix
   rows: 0
   cols: 0
   dt: u
   data: []
F: !!opencv-matrix
   rows: 0
   cols: 0
   dt: u
   data: []
K1: !!opencv-matrix
   rows: 3
   cols: 3
   dt: d
   data: [ 3.6627756984521932e+02, 0., 3.8060969928433269e+02, 0.,
       3.6653175179255015e+02, 2.3878059668569790e+02, 0., 0., 1. ]
D1: !!opencv-matrix
   rows: 5
   cols: 1
   dt: d
   data: [ -2.1859934914563901e-02, -9.9468572971318997e-04,
       1.6448003429794193e-03, -3.1164985765511365e-04,
       3.5195408316194161e-04 ]
P1: !!opencv-matrix
   rows: 3
   cols: 4
   dt: f
   data: [ 3.58667542e+02, 0., 3.82445007e+02, 0., 0., 3.58667542e+02,
       2.31850510e+02, 0., 0., 0., 1., 0. ]
R1: !!opencv-matrix
   rows: 3
   cols: 3
   dt: f
   data: [ 9.99959230e-01, 5.22840349e-03, -7.36596016e-03,
       -5.19449450e-03, 9.99975860e-01, 4.61511873e-03, 7.38991192e-03,
       -4.57666768e-03, 9.99962211e-01 ]
K2: !!opencv-matrix
   rows: 3
   cols: 3
   dt: d
   data: [ 3.6687495098581172e+02, 0., 3.7621769200552956e+02, 0.,
       3.6726361788508825e+02, 2.2399932895774910e+02, 0., 0., 1. ]
D2: !!opencv-matrix
   rows: 5
   cols: 1
   dt: d
   data: [ -2.2201337830972428e-02, -1.1445843221826492e-03,
       2.9199201696882579e-04, -7.1705872414221615e-04,
       5.1284674356775366e-04 ]
P2: !!opencv-matrix
   rows: 3
   cols: 4
   dt: f
   data: [ 3.58667542e+02, 0., 3.82445007e+02, -6.45568711e+04, 0.,
       3.58667542e+02, 2.31850510e+02, 0., 0., 0., 1., 0. ]
R2: !!opencv-matrix
   rows: 3
   cols: 3
   dt: f
   data: [ 9.99980986e-01, -4.53713443e-03, -4.17115539e-03,
       4.51791612e-03, 9.99979198e-01, -4.60538454e-03, 4.19196347e-03,
       4.58645215e-03, 9.99980688e-01 ]
