%YAML:1.0
---
Q: !!opencv-matrix
   rows: 4
   cols: 4
   dt: f
   data: [ 1., 0., 0., -4.13724335e+02, 0., 1., 0., -2.33898834e+02, 0.,
       0., 0., 3.67977600e+02, 0., 0., 3.36007178e-01, 0. ]
R: !!opencv-matrix
   rows: 3
   cols: 3
   dt: d
   data: [ 1.0581228335631239e+00, -4.9327897305302237e-02,
       1.8949304408116457e-02, 4.7477439690349538e-02,
       1.0574910983743673e+00, -4.4068837593862251e-02,
       -4.9559599525903088e-02, 4.8613099667248937e-02,
       1.0591047741711161e+00 ]
T: !!opencv-matrix
   rows: 3
   cols: 1
   dt: d
   data: [ -2.9642683804346976e+00, 1.8823849718550903e-01,
       1.8711255084300280e-01 ]
E: !!opencv-matrix
   rows: 0
   cols: 0
   dt: u
   data: []
F: !!opencv-matrix
   rows: 0
   cols: 0
   dt: u
   data: []
K1: !!opencv-matrix
   rows: 3
   cols: 3
   dt: d
   data: [ 3.6627756984521932e+02, 0., 3.8060969928433269e+02, 0.,
       3.6653175179255015e+02, 2.3878059668569790e+02, 0., 0., 1. ]
D1: !!opencv-matrix
   rows: 5
   cols: 1
   dt: d
   data: [ -2.1859934914563901e-02, -9.9468572971318997e-04,
       1.6448003429794193e-03, -3.1164985765511365e-04,
       3.5195408316194161e-04 ]
P1: !!opencv-matrix
   rows: 3
   cols: 4
   dt: f
   data: [ 3.67977600e+02, 0., 4.13724335e+02, 0., 0., 3.67977600e+02,
       2.33898834e+02, 0., 0., 0., 1., 0. ]
R1: !!opencv-matrix
   rows: 3
   cols: 3
   dt: f
   data: [ 9.93524492e-01, -1.10381447e-01, -2.69263145e-02,
       1.09807022e-01, 9.93710339e-01, -2.19572634e-02, 2.91806329e-02,
       1.88583806e-02, 9.99396265e-01 ]
K2: !!opencv-matrix
   rows: 3
   cols: 3
   dt: d
   data: [ 3.6687495098581172e+02, 0., 3.7621769200552956e+02, 0.,
       3.6726361788508825e+02, 2.2399932895774910e+02, 0., 0., 1. ]
D2: !!opencv-matrix
   rows: 5
   cols: 1
   dt: d
   data: [ -2.2201337830972428e-02, -1.1445843221826492e-03,
       2.9199201696882579e-04, -7.1705872414221615e-04,
       5.1284674356775366e-04 ]
P2: !!opencv-matrix
   rows: 3
   cols: 4
   dt: f
   data: [ 3.67977600e+02, 0., 4.13724335e+02, -1.09514807e+03, 0.,
       3.67977600e+02, 2.33898834e+02, 0., 0., 0., 1., 0. ]
R2: !!opencv-matrix
   rows: 3
   cols: 3
   dt: f
   data: [ 9.96015429e-01, -6.32494837e-02, -6.28711581e-02,
       6.45226687e-02, 9.97746050e-01, 1.84289776e-02, 6.15638271e-02,
       -2.24121604e-02, 9.97851491e-01 ]
