%YAML:1.0
---
Q: !!opencv-matrix
   rows: 4
   cols: 4
   dt: f
   data: [ 1., 0., 0., -4.09953918e+02, 0., 1., 0., -2.33218857e+02, 0.,
       0., 0., 3.78623169e+02, 0., 0., 9.05591249e-03, 0. ]
R: !!opencv-matrix
   rows: 3
   cols: 3
   dt: d
   data: [ 1.0219666683431663e+00, 7.2562784172225774e-03,
       3.1259563310730640e-02, -7.6896395187670248e-03,
       1.0205278773293589e+00, -4.3315271901079949e-02,
       -5.0213439414714262e-02, 4.4220965950425822e-02,
       1.0203516274818396e+00 ]
T: !!opencv-matrix
   rows: 3
   cols: 1
   dt: d
   data: [ -8.1856674508736603e+01, 5.1980323219745532e+00,
       5.1671387987293498e+00 ]
E: !!opencv-matrix
   rows: 0
   cols: 0
   dt: u
   data: []
F: !!opencv-matrix
   rows: 0
   cols: 0
   dt: u
   data: []
K1: !!opencv-matrix
   rows: 3
   cols: 3
   dt: d
   data: [ 3.6627756984521932e+02, 0., 3.8060969928433269e+02, 0.,
       3.6653175179255015e+02, 2.3878059668569790e+02, 0., 0., 1. ]
D1: !!opencv-matrix
   rows: 5
   cols: 1
   dt: d
   data: [ -2.1859934914563901e-02, -9.9468572971318997e-04,
       1.6448003429794193e-03, -3.1164985765511365e-04,
       3.5195408316194161e-04 ]
P1: !!opencv-matrix
   rows: 3
   cols: 4
   dt: f
   data: [ 3.78623169e+02, 0., 4.09953918e+02, 0., 0., 3.78623169e+02,
       2.33218857e+02, 0., 0., 0., 1., 0. ]
R1: !!opencv-matrix
   rows: 3
   cols: 3
   dt: f
   data: [ 9.98218000e-01, -5.70393167e-02, -1.75310001e-02,
       5.66596314e-02, 9.98163283e-01, -2.14412808e-02, 1.87217984e-02,
       2.04097740e-02, 9.99616385e-01 ]
K2: !!opencv-matrix
   rows: 3
   cols: 3
   dt: d
   data: [ 3.6687495098581172e+02, 0., 3.7621769200552956e+02, 0.,
       3.6726361788508825e+02, 2.2399932895774910e+02, 0., 0., 1. ]
D2: !!opencv-matrix
   rows: 5
   cols: 1
   dt: d
   data: [ -2.2201337830972428e-02, -1.1445843221826492e-03,
       2.9199201696882579e-04, -7.1705872414221615e-04,
       5.1284674356775366e-04 ]
P2: !!opencv-matrix
   rows: 3
   cols: 4
   dt: f
   data: [ 3.78623169e+02, 0., 4.09953918e+02, -4.18095039e+04, 0.,
       3.78623169e+02, 2.33218857e+02, 0., 0., 0., 1., 0. ]
R2: !!opencv-matrix
   rows: 3
   cols: 3
   dt: f
   data: [ 9.96015370e-01, -6.32486045e-02, -6.28726929e-02,
       6.45522550e-02, 9.97734904e-01, 1.89224016e-02, 6.15334660e-02,
       -2.29055788e-02, 9.97842133e-01 ]
