%YAML:1.0
---
Q: !!opencv-matrix
   rows: 4
   cols: 4
   dt: f
   data: [ 1., 0., 0., -4.09316437e+02, 0., 1., 0., -2.33561584e+02, 0.,
       0., 0., 3.69549286e+02, 0., 0., 5.23748808e-02, 0. ]
R: !!opencv-matrix
   rows: 3
   cols: 3
   dt: d
   data: [ 1.0370700177493655e+00, -4.5871958081250670e-02,
       3.8769813518346526e-02, 4.6512024716632135e-02,
       1.0361025980015921e+00, -4.4466851262882433e-02,
       -4.8576666344728812e-02, 4.7481430882977620e-02,
       1.0365653046322436e+00 ]
T: !!opencv-matrix
   rows: 3
   cols: 1
   dt: d
   data: [ -1.6546036561503051e+01, 1.0507149343201849e+00,
       1.0444300963909177e+00 ]
E: !!opencv-matrix
   rows: 0
   cols: 0
   dt: u
   data: []
F: !!opencv-matrix
   rows: 0
   cols: 0
   dt: u
   data: []
K1: !!opencv-matrix
   rows: 3
   cols: 3
   dt: d
   data: [ 3.6627756984521932e+02, 0., 3.8060969928433269e+02, 0.,
       3.6653175179255015e+02, 2.3878059668569790e+02, 0., 0., 1. ]
D1: !!opencv-matrix
   rows: 5
   cols: 1
   dt: d
   data: [ -2.1859934914563901e-02, -9.9468572971318997e-04,
       1.6448003429794193e-03, -3.1164985765511365e-04,
       3.5195408316194161e-04 ]
P1: !!opencv-matrix
   rows: 3
   cols: 4
   dt: f
   data: [ 3.69549286e+02, 0., 4.09316437e+02, 0., 0., 3.69549286e+02,
       2.33561584e+02, 0., 0., 0., 1., 0. ]
R1: !!opencv-matrix
   rows: 3
   cols: 3
   dt: f
   data: [ 9.93915319e-01, -1.09025411e-01, -1.56773459e-02,
       1.08676173e-01, 9.93841827e-01, -2.16300115e-02, 1.79390237e-02,
       1.97946467e-02, 9.99643147e-01 ]
K2: !!opencv-matrix
   rows: 3
   cols: 3
   dt: d
   data: [ 3.6687495098581172e+02, 0., 3.7621769200552956e+02, 0.,
       3.6726361788508825e+02, 2.2399932895774910e+02, 0., 0., 1. ]
D2: !!opencv-matrix
   rows: 5
   cols: 1
   dt: d
   data: [ -2.2201337830972428e-02, -1.1445843221826492e-03,
       2.9199201696882579e-04, -7.1705872414221615e-04,
       5.1284674356775366e-04 ]
P2: !!opencv-matrix
   rows: 3
   cols: 4
   dt: f
   data: [ 3.69549286e+02, 0., 4.09316437e+02, -7.05584961e+03, 0.,
       3.69549286e+02, 2.33561584e+02, 0., 0., 0., 1., 0. ]
R2: !!opencv-matrix
   rows: 3
   cols: 3
   dt: f
   data: [ 9.96015429e-01, -6.32494837e-02, -6.28711730e-02,
       6.45413399e-02, 9.97739196e-01, 1.87316593e-02, 6.15442656e-02,
       -2.27148104e-02, 9.97845829e-01 ]
