%YAML:1.0
---
Q: !!opencv-matrix
   rows: 4
   cols: 4
   dt: f
   data: [ 1., 0., 0., -4.10678864e+02, 0., 1., 0., -2.33664917e+02, 0.,
       0., 0., 3.69059326e+02, 0., 0., 7.44336620e-02, 0. ]
R: !!opencv-matrix
   rows: 3
   cols: 3
   dt: d
   data: [ 1.0460271976080178e+00, -4.7406954386743048e-02,
       3.0431567119831644e-02, 4.6911386697699127e-02,
       1.0451020151672792e+00, -4.4299264770968870e-02,
       -4.8996578343370970e-02, 4.7962474924774352e-02,
       1.0460437484784495e+00 ]
T: !!opencv-matrix
   rows: 3
   cols: 1
   dt: d
   data: [ -9.9618692486562122e+00, 6.3260375102993027e-01,
       6.2881983923780072e-01 ]
E: !!opencv-matrix
   rows: 0
   cols: 0
   dt: u
   data: []
F: !!opencv-matrix
   rows: 0
   cols: 0
   dt: u
   data: []
K1: !!opencv-matrix
   rows: 3
   cols: 3
   dt: d
   data: [ 3.6627756984521932e+02, 0., 3.8060969928433269e+02, 0.,
       3.6653175179255015e+02, 2.3878059668569790e+02, 0., 0., 1. ]
D1: !!opencv-matrix
   rows: 5
   cols: 1
   dt: d
   data: [ -2.1859934914563901e-02, -9.9468572971318997e-04,
       1.6448003429794193e-03, -3.1164985765511365e-04,
       3.5195408316194161e-04 ]
P1: !!opencv-matrix
   rows: 3
   cols: 4
   dt: f
   data: [ 3.69059326e+02, 0., 4.10678864e+02, 0., 0., 3.69059326e+02,
       2.33664917e+02, 0., 0., 0., 1., 0. ]
R1: !!opencv-matrix
   rows: 3
   cols: 3
   dt: f
   data: [ 9.93805587e-01, -1.09468833e-01, -1.91575680e-02,
       1.09049194e-01, 9.93798792e-01, -2.17301361e-02, 2.14175414e-02,
       1.95064135e-02, 9.99580324e-01 ]
K2: !!opencv-matrix
   rows: 3
   cols: 3
   dt: d
   data: [ 3.6687495098581172e+02, 0., 3.7621769200552956e+02, 0.,
       3.6726361788508825e+02, 2.2399932895774910e+02, 0., 0., 1. ]
D2: !!opencv-matrix
   rows: 5
   cols: 1
   dt: d
   data: [ -2.2201337830972428e-02, -1.1445843221826492e-03,
       2.9199201696882579e-04, -7.1705872414221615e-04,
       5.1284674356775366e-04 ]
P2: !!opencv-matrix
   rows: 3
   cols: 4
   dt: f
   data: [ 3.69059326e+02, 0., 4.10678864e+02, -4.95823193e+03, 0.,
       3.69059326e+02, 2.33664917e+02, 0., 0., 0., 1., 0. ]
R2: !!opencv-matrix
   rows: 3
   cols: 3
   dt: f
   data: [ 9.96015429e-01, -6.32494837e-02, -6.28711581e-02,
       6.45355731e-02, 9.97741342e-01, 1.86381191e-02, 6.15503043e-02,
       -2.26212796e-02, 9.97847617e-01 ]
