%YAML:1.0
---
Q: !!opencv-matrix
   rows: 4
   cols: 4
   dt: f
   data: [ 1., 0., 0., -4.28497864e+02, 0., 1., 0., -2.33860840e+02, 0.,
       0., 0., 3.72889465e+02, 0., 0., 6.30613090e-03, 0. ]
R: !!opencv-matrix
   rows: 3
   cols: 3
   dt: d
   data: [ 1.0092635227509972e+00, 1.6933947628030153e-02,
       -4.4955854156659087e-03, -9.8386811096757131e-03,
       1.0066462532652207e+00, -4.3406877061405252e-02,
       3.1924951289350524e-03, 4.3029618784943977e-02,
       1.0072027117597364e+00 ]
T: !!opencv-matrix
   rows: 3
   cols: 1
   dt: d
   data: [ -1.5966597336159845e+02, 1.0139083847742636e+01,
       1.0079081113811602e+01 ]
E: !!opencv-matrix
   rows: 0
   cols: 0
   dt: u
   data: []
F: !!opencv-matrix
   rows: 0
   cols: 0
   dt: u
   data: []
K1: !!opencv-matrix
   rows: 3
   cols: 3
   dt: d
   data: [ 3.6627756984521932e+02, 0., 3.8060969928433269e+02, 0.,
       3.6653175179255015e+02, 2.3878059668569790e+02, 0., 0., 1. ]
D1: !!opencv-matrix
   rows: 5
   cols: 1
   dt: d
   data: [ -2.1859934914563901e-02, -9.9468572971318997e-04,
       1.6448003429794193e-03, -3.1164985765511365e-04,
       3.5195408316194161e-04 ]
P1: !!opencv-matrix
   rows: 3
   cols: 4
   dt: f
   data: [ 3.72889465e+02, 0., 4.28497864e+02, 0., 0., 3.72889465e+02,
       2.33860840e+02, 0., 0., 0., 1., 0. ]
R1: !!opencv-matrix
   rows: 3
   cols: 3
   dt: f
   data: [ 9.96564150e-01, -5.20639531e-02, -6.44150227e-02,
       5.06544150e-02, 9.98443782e-01, -2.33262349e-02, 6.55292422e-02,
       1.99831836e-02, 9.97650564e-01 ]
K2: !!opencv-matrix
   rows: 3
   cols: 3
   dt: d
   data: [ 3.6687495098581172e+02, 0., 3.7621769200552956e+02, 0.,
       3.6726361788508825e+02, 2.2399932895774910e+02, 0., 0., 1. ]
D2: !!opencv-matrix
   rows: 5
   cols: 1
   dt: d
   data: [ -2.2201337830972428e-02, -1.1445843221826492e-03,
       2.9199201696882579e-04, -7.1705872414221615e-04,
       5.1284674356775366e-04 ]
P2: !!opencv-matrix
   rows: 3
   cols: 4
   dt: f
   data: [ 3.72889465e+02, 0., 4.28497864e+02, -5.91312578e+04, 0.,
       3.72889465e+02, 2.33860840e+02, 0., 0., 0., 1., 0. ]
R2: !!opencv-matrix
   rows: 3
   cols: 3
   dt: f
   data: [ 9.96015251e-01, -6.32488057e-02, -6.28744960e-02,
       6.45979792e-02, 9.97717679e-01, 1.96601190e-02, 6.14875145e-02,
       -2.36433446e-02, 9.97827768e-01 ]
