%YAML:1.0
---
Q: !!opencv-matrix
   rows: 4
   cols: 4
   dt: f
   data: [ 1., 0., 0., -4.28315063e+02, 0., 1., 0., -2.33883286e+02, 0.,
       0., 0., 3.72712585e+02, 0., 0., 6.20507402e-03, 0. ]
R: !!opencv-matrix
   rows: 3
   cols: 3
   dt: d
   data: [ 1.0086540363760654e+00, 1.3507526721807080e-02,
       -3.9964540813549479e-03, -9.8004685644616854e-03,
       1.0068547176469842e+00, -4.3438177415174320e-02,
       3.2303641532678198e-03, 4.3245516011418676e-02,
       1.0071620911779684e+00 ]
T: !!opencv-matrix
   rows: 3
   cols: 1
   dt: d
   data: [ -1.6088595731302289e+02, 1.0216555071685629e+01,
       1.0156093868558701e+01 ]
E: !!opencv-matrix
   rows: 0
   cols: 0
   dt: u
   data: []
F: !!opencv-matrix
   rows: 0
   cols: 0
   dt: u
   data: []
K1: !!opencv-matrix
   rows: 3
   cols: 3
   dt: d
   data: [ 3.6627756984521932e+02, 0., 3.8060969928433269e+02, 0.,
       3.6653175179255015e+02, 2.3878059668569790e+02, 0., 0., 1. ]
D1: !!opencv-matrix
   rows: 5
   cols: 1
   dt: d
   data: [ -2.1859934914563901e-02, -9.9468572971318997e-04,
       1.6448003429794193e-03, -3.1164985765511365e-04,
       3.5195408316194161e-04 ]
P1: !!opencv-matrix
   rows: 3
   cols: 4
   dt: f
   data: [ 3.72712585e+02, 0., 4.28315063e+02, 0., 0., 3.72712585e+02,
       2.33883286e+02, 0., 0., 0., 1., 0. ]
R1: !!opencv-matrix
   rows: 3
   cols: 3
   dt: f
   data: [ 9.96514022e-01, -5.35717420e-02, -6.39518350e-02,
       5.21698929e-02, 9.98364151e-01, -2.33938023e-02, 6.51004687e-02,
       1.99758932e-02, 9.97678757e-01 ]
K2: !!opencv-matrix
   rows: 3
   cols: 3
   dt: d
   data: [ 3.6687495098581172e+02, 0., 3.7621769200552956e+02, 0.,
       3.6726361788508825e+02, 2.2399932895774910e+02, 0., 0., 1. ]
D2: !!opencv-matrix
   rows: 5
   cols: 1
   dt: d
   data: [ -2.2201337830972428e-02, -1.1445843221826492e-03,
       2.9199201696882579e-04, -7.1705872414221615e-04,
       5.1284674356775366e-04 ]
P2: !!opencv-matrix
   rows: 3
   cols: 4
   dt: f
   data: [ 3.72712585e+02, 0., 4.28315063e+02, -6.00657734e+04, 0.,
       3.72712585e+02, 2.33883286e+02, 0., 0., 0., 1., 0. ]
R2: !!opencv-matrix
   rows: 3
   cols: 3
   dt: f
   data: [ 9.96015251e-01, -6.32488057e-02, -6.28745034e-02,
       6.45998493e-02, 9.97716963e-01, 1.96905266e-02, 6.14855550e-02,
       -2.36737486e-02, 9.97827172e-01 ]
