%YAML:1.0
---
Q: !!opencv-matrix
   rows: 4
   cols: 4
   dt: f
   data: [ 1., 0., 0., -3.83183716e+02, 0., 1., 0., -2.32193100e+02, 0.,
       0., 0., 3.61812164e+02, 0., 0., 5.57034509e-03, 0. ]
R: !!opencv-matrix
   rows: 3
   cols: 3
   dt: d
   data: [ 9.9977782386585057e-01, 9.6648829695400278e-03,
       -3.1598038906036742e-03, -9.6618211290322199e-03,
       1.0001020124775144e+00, 9.2367970605404092e-03,
       3.2452518845383460e-03, -9.2050747211553340e-03,
       1.0001406386964840e+00 ]
T: !!opencv-matrix
   rows: 3
   cols: 1
   dt: d
   data: [ -1.7904194021058700e+02, 1.1369531858041118e+01,
       7.6912930749967134e-01 ]
E: !!opencv-matrix
   rows: 0
   cols: 0
   dt: u
   data: []
F: !!opencv-matrix
   rows: 0
   cols: 0
   dt: u
   data: []
K1: !!opencv-matrix
   rows: 3
   cols: 3
   dt: d
   data: [ 3.6627756984521932e+02, 0., 3.8060969928433269e+02, 0.,
       3.6653175179255015e+02, 2.3878059668569790e+02, 0., 0., 1. ]
D1: !!opencv-matrix
   rows: 5
   cols: 1
   dt: d
   data: [ -2.1859934914563901e-02, -9.9468572971318997e-04,
       1.6448003429794193e-03, -3.1164985765511365e-04,
       3.5195408316194161e-04 ]
P1: !!opencv-matrix
   rows: 3
   cols: 4
   dt: f
   data: [ 3.61812164e+02, 0., 3.83183716e+02, 0., 0., 3.61812164e+02,
       2.32193100e+02, 0., 0., 0., 1., 0. ]
R1: !!opencv-matrix
   rows: 3
   cols: 3
   dt: f
   data: [ 9.98525918e-01, -5.36831506e-02, -8.00688285e-03,
       5.37190065e-02, 9.98546720e-01, 4.33212612e-03, 7.76268402e-03,
       -4.75586206e-03, 9.99958575e-01 ]
K2: !!opencv-matrix
   rows: 3
   cols: 3
   dt: d
   data: [ 3.6687495098581172e+02, 0., 3.7621769200552956e+02, 0.,
       3.6726361788508825e+02, 2.2399932895774910e+02, 0., 0., 1. ]
D2: !!opencv-matrix
   rows: 5
   cols: 1
   dt: d
   data: [ -2.2201337830972428e-02, -1.1445843221826492e-03,
       2.9199201696882579e-04, -7.1705872414221615e-04,
       5.1284674356775366e-04 ]
P2: !!opencv-matrix
   rows: 3
   cols: 4
   dt: f
   data: [ 3.61812164e+02, 0., 3.83183716e+02, -6.49532773e+04, 0.,
       3.61812164e+02, 2.32193100e+02, 0., 0., 0., 1., 0. ]
R2: !!opencv-matrix
   rows: 3
   cols: 3
   dt: f
   data: [ 9.97980654e-01, -6.33738264e-02, -4.28713067e-03,
       6.33536726e-02, 9.97980118e-01, -4.68390621e-03, 4.57530795e-03,
       4.40284237e-03, 9.99979854e-01 ]
