%YAML:1.0
---
Q: !!opencv-matrix
   rows: 4
   cols: 4
   dt: f
   data: [ 1., 0., 0., -4.13779205e+02, 0., 1., 0., -2.33901810e+02, 0.,
       0., 0., 3.67977783e+02, 0., 0., 9.09761667e-01, 0. ]
R: !!opencv-matrix
   rows: 3
   cols: 3
   dt: d
   data: [ 1.0689103137831477e+00, -4.9620449284118219e-02,
       1.8824829096420002e-02, 4.7915996912342690e-02,
       1.0678406855224265e+00, -4.4480945752358447e-02,
       -5.0071688953698491e-02, 4.9077386765126581e-02,
       1.0695018652066361e+00 ]
T: !!opencv-matrix
   rows: 3
   cols: 1
   dt: d
   data: [ -1.0948091497599297e+00, 6.9523134415232279e-02,
       6.9107282609372003e-02 ]
E: !!opencv-matrix
   rows: 0
   cols: 0
   dt: u
   data: []
F: !!opencv-matrix
   rows: 0
   cols: 0
   dt: u
   data: []
K1: !!opencv-matrix
   rows: 3
   cols: 3
   dt: d
   data: [ 3.6627756984521932e+02, 0., 3.8060969928433269e+02, 0.,
       3.6653175179255015e+02, 2.3878059668569790e+02, 0., 0., 1. ]
D1: !!opencv-matrix
   rows: 5
   cols: 1
   dt: d
   data: [ -2.1859934914563901e-02, -9.9468572971318997e-04,
       1.6448003429794193e-03, -3.1164985765511365e-04,
       3.5195408316194161e-04 ]
P1: !!opencv-matrix
   rows: 3
   cols: 4
   dt: f
   data: [ 3.67977783e+02, 0., 4.13779205e+02, 0., 0., 3.67977783e+02,
       2.33901810e+02, 0., 0., 0., 1., 0. ]
R1: !!opencv-matrix
   rows: 3
   cols: 3
   dt: f
   data: [ 9.93532956e-01, -1.10271111e-01, -2.70665921e-02,
       1.09693952e-01, 9.93722796e-01, -2.19592899e-02, 2.93181650e-02,
       1.88482367e-02, 9.99392390e-01 ]
K2: !!opencv-matrix
   rows: 3
   cols: 3
   dt: d
   data: [ 3.6687495098581172e+02, 0., 3.7621769200552956e+02, 0.,
       3.6726361788508825e+02, 2.2399932895774910e+02, 0., 0., 1. ]
D2: !!opencv-matrix
   rows: 5
   cols: 1
   dt: d
   data: [ -2.2201337830972428e-02, -1.1445843221826492e-03,
       2.9199201696882579e-04, -7.1705872414221615e-04,
       5.1284674356775366e-04 ]
P2: !!opencv-matrix
   rows: 3
   cols: 4
   dt: f
   data: [ 3.67977783e+02, 0., 4.13779205e+02, -4.04477112e+02, 0.,
       3.67977783e+02, 2.33901810e+02, 0., 0., 0., 1., 0. ]
R2: !!opencv-matrix
   rows: 3
   cols: 3
   dt: f
   data: [ 9.96015429e-01, -6.32494837e-02, -6.28711581e-02,
       6.45224154e-02, 9.97746170e-01, 1.84248723e-02, 6.15640916e-02,
       -2.24080570e-02, 9.97851551e-01 ]
