%YAML:1.0
---
Q: !!opencv-matrix
   rows: 4
   cols: 4
   dt: f
   data: [ 1., 0., 0., -4.28375702e+02, 0., 1., 0., -2.33869293e+02, 0.,
       0., 0., 3.72826447e+02, 0., 0., 6.23811828e-03, 0. ]
R: !!opencv-matrix
   rows: 3
   cols: 3
   dt: d
   data: [ 1.0089343219029301e+00, 1.5263468357646937e-02,
       -4.1689848527483317e-03, -9.8193743622500482e-03,
       1.0067226467740518e+00, -4.3426329729936437e-02,
       3.2113054791314218e-03, 4.3133770448831009e-02,
       1.0071524334035562e+00 ]
T: !!opencv-matrix
   rows: 3
   cols: 1
   dt: d
   data: [ -1.6051625217354589e+02, 1.0193078116727387e+01,
       1.0132755837336724e+01 ]
E: !!opencv-matrix
   rows: 0
   cols: 0
   dt: u
   data: []
F: !!opencv-matrix
   rows: 0
   cols: 0
   dt: u
   data: []
K1: !!opencv-matrix
   rows: 3
   cols: 3
   dt: d
   data: [ 3.6627756984521932e+02, 0., 3.8060969928433269e+02, 0.,
       3.6653175179255015e+02, 2.3878059668569790e+02, 0., 0., 1. ]
D1: !!opencv-matrix
   rows: 5
   cols: 1
   dt: d
   data: [ -2.1859934914563901e-02, -9.9468572971318997e-04,
       1.6448003429794193e-03, -3.1164985765511365e-04,
       3.5195408316194161e-04 ]
P1: !!opencv-matrix
   rows: 3
   cols: 4
   dt: f
   data: [ 3.72826447e+02, 0., 4.28375702e+02, 0., 0., 3.72826447e+02,
       2.33869293e+02, 0., 0., 0., 1., 0. ]
R1: !!opencv-matrix
   rows: 3
   cols: 3
   dt: f
   data: [ 9.96548712e-01, -5.27343303e-02, -6.41070008e-02,
       5.13303280e-02, 9.98408616e-01, -2.33552232e-02, 6.52365983e-02,
       1.99839845e-02, 9.97669697e-01 ]
K2: !!opencv-matrix
   rows: 3
   cols: 3
   dt: d
   data: [ 3.6687495098581172e+02, 0., 3.7621769200552956e+02, 0.,
       3.6726361788508825e+02, 2.2399932895774910e+02, 0., 0., 1. ]
D2: !!opencv-matrix
   rows: 5
   cols: 1
   dt: d
   data: [ -2.2201337830972428e-02, -1.1445843221826492e-03,
       2.9199201696882579e-04, -7.1705872414221615e-04,
       5.1284674356775366e-04 ]
P2: !!opencv-matrix
   rows: 3
   cols: 4
   dt: f
   data: [ 3.72826447e+02, 0., 4.28375702e+02, -5.97658516e+04, 0.,
       3.72826447e+02, 2.33869293e+02, 0., 0., 0., 1., 0. ]
R2: !!opencv-matrix
   rows: 3
   cols: 3
   dt: f
   data: [ 9.96015251e-01, -6.32488057e-02, -6.28745034e-02,
       6.45989031e-02, 9.97717321e-01, 1.96750965e-02, 6.14865534e-02,
       -2.36583203e-02, 9.97827470e-01 ]
