%YAML:1.0
---
Q: !!opencv-matrix
   rows: 4
   cols: 4
   dt: f
   data: [ 1., 0., 0., -4.13601440e+02, 0., 1., 0., -2.33373444e+02, 0.,
       0., 0., 3.77028442e+02, 0., 0., 4.12690751e-02, 0. ]
R: !!opencv-matrix
   rows: 3
   cols: 3
   dt: d
   data: [ 1.0344068850042136e+00, 5.8334137464209606e-03,
       1.8734805619517823e-02, -7.7397425323502767e-03,
       1.0338229288324667e+00, -4.3054463494932436e-02,
       -5.0813806494194640e-02, 4.4888627871078543e-02,
       1.0343642217424431e+00 ]
T: !!opencv-matrix
   rows: 3
   cols: 1
   dt: d
   data: [ -2.4134667009634537e+01, 1.5325907142271762e+00,
       1.5234820302343901e+00 ]
E: !!opencv-matrix
   rows: 0
   cols: 0
   dt: u
   data: []
F: !!opencv-matrix
   rows: 0
   cols: 0
   dt: u
   data: []
K1: !!opencv-matrix
   rows: 3
   cols: 3
   dt: d
   data: [ 3.6627756984521932e+02, 0., 3.8060969928433269e+02, 0.,
       3.6653175179255015e+02, 2.3878059668569790e+02, 0., 0., 1. ]
D1: !!opencv-matrix
   rows: 5
   cols: 1
   dt: d
   data: [ -2.1859934914563901e-02, -9.9468572971318997e-04,
       1.6448003429794193e-03, -3.1164985765511365e-04,
       3.5195408316194161e-04 ]
P1: !!opencv-matrix
   rows: 3
   cols: 4
   dt: f
   data: [ 3.77028442e+02, 0., 4.13601440e+02, 0., 0., 3.77028442e+02,
       2.33373444e+02, 0., 0., 0., 1., 0. ]
R1: !!opencv-matrix
   rows: 3
   cols: 3
   dt: f
   data: [ 9.97938573e-01, -5.83040789e-02, -2.68188287e-02,
       5.77331446e-02, 9.98098493e-01, -2.15924848e-02, 2.80267633e-02,
       1.99996382e-02, 9.99407053e-01 ]
K2: !!opencv-matrix
   rows: 3
   cols: 3
   dt: d
   data: [ 3.6687495098581172e+02, 0., 3.7621769200552956e+02, 0.,
       3.6726361788508825e+02, 2.2399932895774910e+02, 0., 0., 1. ]
D2: !!opencv-matrix
   rows: 5
   cols: 1
   dt: d
   data: [ -2.2201337830972428e-02, -1.1445843221826492e-03,
       2.9199201696882579e-04, -7.1705872414221615e-04,
       5.1284674356775366e-04 ]
P2: !!opencv-matrix
   rows: 3
   cols: 4
   dt: f
   data: [ 3.77028442e+02, 0., 4.13601440e+02, -9.13585938e+03, 0.,
       3.77028442e+02, 2.33373444e+02, 0., 0., 0., 1., 0. ]
R2: !!opencv-matrix
   rows: 3
   cols: 3
   dt: f
   data: [ 9.96015370e-01, -6.32486045e-02, -6.28726929e-02,
       6.45443648e-02, 9.97737825e-01, 1.87944546e-02, 6.15417436e-02,
       -2.27776431e-02, 9.97844577e-01 ]
