%YAML:1.0
---
Q: !!opencv-matrix
   rows: 4
   cols: 4
   dt: f
   data: [ 1., 0., 0., -3.82542908e+02, 0., 1., 0., -2.31851196e+02, 0.,
       0., 0., 3.58742798e+02, 0., 0., 5.55710634e-03, 0. ]
R: !!opencv-matrix
   rows: 3
   cols: 3
   dt: d
   data: [ 9.9993698122169350e-01, 9.7376239977964348e-03,
       -3.1563849977855941e-03, -9.6827667628946925e-03,
       9.9991816356197549e-01, 9.2347951706119504e-03,
       3.2434198330573397e-03, -9.2037088642009084e-03,
       9.9996009225086546e-01 ]
T: !!opencv-matrix
   rows: 3
   cols: 1
   dt: d
   data: [ -1.7994847815414093e+02, 8.4045555941029459e-01,
       7.7259489878423049e-01 ]
E: !!opencv-matrix
   rows: 0
   cols: 0
   dt: u
   data: []
F: !!opencv-matrix
   rows: 0
   cols: 0
   dt: u
   data: []
K1: !!opencv-matrix
   rows: 3
   cols: 3
   dt: d
   data: [ 3.6627756984521932e+02, 0., 3.8060969928433269e+02, 0.,
       3.6653175179255015e+02, 2.3878059668569790e+02, 0., 0., 1. ]
D1: !!opencv-matrix
   rows: 5
   cols: 1
   dt: d
   data: [ -2.1859934914563901e-02, -9.9468572971318997e-04,
       1.6448003429794193e-03, -3.1164985765511365e-04,
       3.5195408316194161e-04 ]
P1: !!opencv-matrix
   rows: 3
   cols: 4
   dt: f
   data: [ 3.58742798e+02, 0., 3.82542908e+02, 0., 0., 3.58742798e+02,
       2.31851196e+02, 0., 0., 0., 1., 0. ]
R1: !!opencv-matrix
   rows: 3
   cols: 3
   dt: f
   data: [ 9.99958932e-01, 5.09471912e-03, -7.49173621e-03,
       -5.06023644e-03, 9.99976575e-01, 4.61453944e-03, 7.51507003e-03,
       -4.57643997e-03, 9.99961317e-01 ]
K2: !!opencv-matrix
   rows: 3
   cols: 3
   dt: d
   data: [ 3.6687495098581172e+02, 0., 3.7621769200552956e+02, 0.,
       3.6726361788508825e+02, 2.2399932895774910e+02, 0., 0., 1. ]
D2: !!opencv-matrix
   rows: 5
   cols: 1
   dt: d
   data: [ -2.2201337830972428e-02, -1.1445843221826492e-03,
       2.9199201696882579e-04, -7.1705872414221615e-04,
       5.1284674356775366e-04 ]
P2: !!opencv-matrix
   rows: 3
   cols: 4
   dt: f
   data: [ 3.58742798e+02, 0., 3.82542908e+02, -6.45556836e+04, 0.,
       3.58742798e+02, 2.31851196e+02, 0., 0., 0., 1., 0. ]
R2: !!opencv-matrix
   rows: 3
   cols: 3
   dt: f
   data: [ 9.99979854e-01, -4.67044022e-03, -4.29333560e-03,
       4.65066079e-03, 9.99978602e-01, -4.60554333e-03, 4.31475369e-03,
       4.58548404e-03, 9.99980152e-01 ]
