%YAML:1.0
---
Q: !!opencv-matrix
   rows: 4
   cols: 4
   dt: f
   data: [ 1., 0., 0., -4.28259918e+02, 0., 1., 0., -2.33932617e+02, 0.,
       0., 0., 3.72303345e+02, 0., 0., 6.18849974e-03, 0. ]
R: !!opencv-matrix
   rows: 3
   cols: 3
   dt: d
   data: [ 1.0161660057756945e+00, 9.8889171990783429e-03,
       3.8360427685089564e-02, -7.7584436316210587e-03,
       1.0125586541767955e+00, -4.3450356815867563e-02,
       -4.9956532851377224e-02, 4.3713360494881975e-02,
       1.0120911334274767e+00 ]
T: !!opencv-matrix
   rows: 3
   cols: 1
   dt: d
   data: [ -1.2204281206209829e+02, 7.7499175600885257e+00,
       7.7038591098016518e+00 ]
E: !!opencv-matrix
   rows: 0
   cols: 0
   dt: u
   data: []
F: !!opencv-matrix
   rows: 0
   cols: 0
   dt: u
   data: []
K1: !!opencv-matrix
   rows: 3
   cols: 3
   dt: d
   data: [ 3.6627756984521932e+02, 0., 3.8060969928433269e+02, 0.,
       3.6653175179255015e+02, 2.3878059668569790e+02, 0., 0., 1. ]
D1: !!opencv-matrix
   rows: 5
   cols: 1
   dt: d
   data: [ -2.1859934914563901e-02, -9.9468572971318997e-04,
       1.6448003429794193e-03, -3.1164985765511365e-04,
       3.5195408316194161e-04 ]
P1: !!opencv-matrix
   rows: 3
   cols: 4
   dt: f
   data: [ 3.72303345e+02, 0., 4.28259918e+02, 0., 0., 3.72303345e+02,
       2.33932617e+02, 0., 0., 0., 1., 0. ]
R1: !!opencv-matrix
   rows: 3
   cols: 3
   dt: f
   data: [ 9.96377945e-01, -5.62166870e-02, -6.38022348e-02,
       5.48145585e-02, 9.98219550e-01, -2.35192161e-02, 6.50108084e-02,
       1.99367367e-02, 9.97685373e-01 ]
K2: !!opencv-matrix
   rows: 3
   cols: 3
   dt: d
   data: [ 3.6687495098581172e+02, 0., 3.7621769200552956e+02, 0.,
       3.6726361788508825e+02, 2.2399932895774910e+02, 0., 0., 1. ]
D2: !!opencv-matrix
   rows: 5
   cols: 1
   dt: d
   data: [ -2.2201337830972428e-02, -1.1445843221826492e-03,
       2.9199201696882579e-04, -7.1705872414221615e-04,
       5.1284674356775366e-04 ]
P2: !!opencv-matrix
   rows: 3
   cols: 4
   dt: f
   data: [ 3.72303345e+02, 0., 4.28259918e+02, -6.01605156e+04, 0.,
       3.72303345e+02, 2.33932617e+02, 0., 0., 0., 1., 0. ]
R2: !!opencv-matrix
   rows: 3
   cols: 3
   dt: f
   data: [ 9.96015251e-01, -6.32488057e-02, -6.28745034e-02,
       6.46025538e-02, 9.97715950e-01, 1.97343938e-02, 6.14827164e-02,
       -2.37176102e-02, 9.97826338e-01 ]
