%YAML:1.0
---
Q: !!opencv-matrix
   rows: 4
   cols: 4
   dt: f
   data: [ 1., 0., 0., -4.13789551e+02, 0., 1., 0., -2.33902985e+02, 0.,
       0., 0., 3.67968536e+02, 0., 0., 1.13460932e+01, 0. ]
R: !!opencv-matrix
   rows: 3
   cols: 3
   dt: d
   data: [ 1.0907677336507919e+00, -5.0700581472046660e-02,
       1.9166800893430716e-02, 4.8930420670126186e-02,
       1.0899987296128617e+00, -4.5400720224448576e-02,
       -5.1090368086237278e-02, 5.0098807420158438e-02,
       1.0916942257963986e+00 ]
T: !!opencv-matrix
   rows: 3
   cols: 1
   dt: d
   data: [ -8.7784882048776852e-02, 5.5745607859051440e-03,
       5.5412166165408035e-03 ]
E: !!opencv-matrix
   rows: 0
   cols: 0
   dt: u
   data: []
F: !!opencv-matrix
   rows: 0
   cols: 0
   dt: u
   data: []
K1: !!opencv-matrix
   rows: 3
   cols: 3
   dt: d
   data: [ 3.6627756984521932e+02, 0., 3.8060969928433269e+02, 0.,
       3.6653175179255015e+02, 2.3878059668569790e+02, 0., 0., 1. ]
D1: !!opencv-matrix
   rows: 5
   cols: 1
   dt: d
   data: [ -2.1859934914563901e-02, -9.9468572971318997e-04,
       1.6448003429794193e-03, -3.1164985765511365e-04,
       3.5195408316194161e-04 ]
P1: !!opencv-matrix
   rows: 3
   cols: 4
   dt: f
   data: [ 3.67968536e+02, 0., 4.13789551e+02, 0., 0., 3.67968536e+02,
       2.33902985e+02, 0., 0., 0., 1., 0. ]
R1: !!opencv-matrix
   rows: 3
   cols: 3
   dt: f
   data: [ 9.93527889e-01, -1.10310100e-01, -2.70927716e-02,
       1.09732419e-01, 9.93718505e-01, -2.19606683e-02, 2.93450728e-02,
       1.88455824e-02, 9.99391675e-01 ]
K2: !!opencv-matrix
   rows: 3
   cols: 3
   dt: d
   data: [ 3.6687495098581172e+02, 0., 3.7621769200552956e+02, 0.,
       3.6726361788508825e+02, 2.2399932895774910e+02, 0., 0., 1. ]
D2: !!opencv-matrix
   rows: 5
   cols: 1
   dt: d
   data: [ -2.2201337830972428e-02, -1.1445843221826492e-03,
       2.9199201696882579e-04, -7.1705872414221615e-04,
       5.1284674356775366e-04 ]
P2: !!opencv-matrix
   rows: 3
   cols: 4
   dt: f
   data: [ 3.67968536e+02, 0., 4.13789551e+02, -3.24313011e+01, 0.,
       3.67968536e+02, 2.33902985e+02, 0., 0., 0., 1., 0. ]
R2: !!opencv-matrix
   rows: 3
   cols: 3
   dt: f
   data: [ 9.96015429e-01, -6.32494837e-02, -6.28711581e-02,
       6.45223781e-02, 9.97746170e-01, 1.84242595e-02, 6.15641326e-02,
       -2.24074442e-02, 9.97851551e-01 ]
