%YAML:1.0
---
Q: !!opencv-matrix
   rows: 4
   cols: 4
   dt: f
   data: [ 1., 0., 0., -4.12475037e+02, 0., 1., 0., -2.33810257e+02, 0.,
       0., 0., 3.67889008e+02, 0., 0., 8.21669727e+03, 0. ]
R: !!opencv-matrix
   rows: 3
   cols: 3
   dt: d
   data: [ 1.1028386302195792e+00, -4.5602775188478370e-02,
       1.5341935534429993e-02, 4.9157499561008101e-02,
       1.0988949237591048e+00, -4.5528722363143891e-02,
       -5.2626316705724575e-02, 5.0203565107146825e-02,
       1.1012822039697157e+00 ]
T: !!opencv-matrix
   rows: 3
   cols: 1
   dt: d
   data: [ -1.2123746752331029e-04, 7.6760667829925990e-06,
       7.3670224474357143e-06 ]
E: !!opencv-matrix
   rows: 0
   cols: 0
   dt: u
   data: []
F: !!opencv-matrix
   rows: 0
   cols: 0
   dt: u
   data: []
K1: !!opencv-matrix
   rows: 3
   cols: 3
   dt: d
   data: [ 3.6627756984521932e+02, 0., 3.8060969928433269e+02, 0.,
       3.6653175179255015e+02, 2.3878059668569790e+02, 0., 0., 1. ]
D1: !!opencv-matrix
   rows: 5
   cols: 1
   dt: d
   data: [ -2.1859934914563901e-02, -9.9468572971318997e-04,
       1.6448003429794193e-03, -3.1164985765511365e-04,
       3.5195408316194161e-04 ]
P1: !!opencv-matrix
   rows: 3
   cols: 4
   dt: f
   data: [ 3.67889008e+02, 0., 4.12475037e+02, 0., 0., 3.67889008e+02,
       2.33810257e+02, 0., 0., 0., 1., 0. ]
R1: !!opencv-matrix
   rows: 3
   cols: 3
   dt: f
   data: [ 9.93874073e-01, -1.07385084e-01, -2.61299275e-02,
       1.06828742e-01, 9.94037688e-01, -2.18333695e-02, 2.83187106e-02,
       1.89081933e-02, 9.99420106e-01 ]
K2: !!opencv-matrix
   rows: 3
   cols: 3
   dt: d
   data: [ 3.6687495098581172e+02, 0., 3.7621769200552956e+02, 0.,
       3.6726361788508825e+02, 2.2399932895774910e+02, 0., 0., 1. ]
D2: !!opencv-matrix
   rows: 5
   cols: 1
   dt: d
   data: [ -2.2201337830972428e-02, -1.1445843221826492e-03,
       2.9199201696882579e-04, -7.1705872414221615e-04,
       5.1284674356775366e-04 ]
P2: !!opencv-matrix
   rows: 3
   cols: 4
   dt: f
   data: [ 3.67889008e+02, 0., 4.12475037e+02, -4.47733477e-02, 0.,
       3.67889008e+02, 2.33810257e+02, 0., 0., 0., 1., 0. ]
R2: !!opencv-matrix
   rows: 3
   cols: 3
   dt: f
   data: [ 9.96171534e-01, -6.30719140e-02, -6.05325922e-02,
       6.42949343e-02, 9.97759938e-01, 1.84719041e-02, 5.92319369e-02,
       -2.22931243e-02, 9.97995317e-01 ]
