%YAML:1.0
---
Q: !!opencv-matrix
   rows: 4
   cols: 4
   dt: f
   data: [ 1., 0., 0., -4.09297729e+02, 0., 1., 0., -2.33554886e+02, 0.,
       0., 0., 3.69675781e+02, 0., 0., 9.22700098e+03, 0. ]
R: !!opencv-matrix
   rows: 3
   cols: 3
   dt: d
   data: [ 1.0959452429411221e+00, -4.6959218013521452e-02,
       4.7420208644325335e-02, 4.9239799914101809e-02,
       1.0956288383435699e+00, -4.7433436910505167e-02,
       -5.1321287121546551e-02, 5.0115854470303062e-02,
       1.0958115591872151e+00 ]
T: !!opencv-matrix
   rows: 3
   cols: 1
   dt: d
   data: [ -1.1311718595010344e-04, 7.1832257819466545e-06,
       7.1402603445207501e-06 ]
E: !!opencv-matrix
   rows: 0
   cols: 0
   dt: u
   data: []
F: !!opencv-matrix
   rows: 0
   cols: 0
   dt: u
   data: []
K1: !!opencv-matrix
   rows: 3
   cols: 3
   dt: d
   data: [ 3.6627756984521932e+02, 0., 3.8060969928433269e+02, 0.,
       3.6653175179255015e+02, 2.3878059668569790e+02, 0., 0., 1. ]
D1: !!opencv-matrix
   rows: 5
   cols: 1
   dt: d
   data: [ -2.1859934914563901e-02, -9.9468572971318997e-04,
       1.6448003429794193e-03, -3.1164985765511365e-04,
       3.5195408316194161e-04 ]
P1: !!opencv-matrix
   rows: 3
   cols: 4
   dt: f
   data: [ 3.69675781e+02, 0., 4.09297729e+02, 0., 0., 3.69675781e+02,
       2.33554886e+02, 0., 0., 0., 1., 0. ]
R1: !!opencv-matrix
   rows: 3
   cols: 3
   dt: f
   data: [ 9.93997455e-01, -1.08280405e-01, -1.56326424e-02,
       1.07932277e-01, 9.93923128e-01, -2.16205660e-02, 1.78787280e-02,
       1.98035203e-02, 9.99644041e-01 ]
K2: !!opencv-matrix
   rows: 3
   cols: 3
   dt: d
   data: [ 3.6687495098581172e+02, 0., 3.7621769200552956e+02, 0.,
       3.6726361788508825e+02, 2.2399932895774910e+02, 0., 0., 1. ]
D2: !!opencv-matrix
   rows: 5
   cols: 1
   dt: d
   data: [ -2.2201337830972428e-02, -1.1445843221826492e-03,
       2.9199201696882579e-04, -7.1705872414221615e-04,
       5.1284674356775366e-04 ]
P2: !!opencv-matrix
   rows: 3
   cols: 4
   dt: f
   data: [ 3.69675781e+02, 0., 4.09297729e+02, -4.00645658e-02, 0.,
       3.69675781e+02, 2.33554886e+02, 0., 0., 0., 1., 0. ]
R2: !!opencv-matrix
   rows: 3
   cols: 3
   dt: f
   data: [ 9.96015429e-01, -6.32494837e-02, -6.28711730e-02,
       6.45412952e-02, 9.97739255e-01, 1.87309459e-02, 6.15443103e-02,
       -2.27140989e-02, 9.97845888e-01 ]
