%YAML:1.0
---
Q: !!opencv-matrix
   rows: 4
   cols: 4
   dt: f
   data: [ 1., 0., 0., -4.28114777e+02, 0., 1., 0., -2.33931442e+02, 0.,
       0., 0., 3.72317993e+02, 0., 0., 5.52017102e-03, 0. ]
R: !!opencv-matrix
   rows: 3
   cols: 3
   dt: d
   data: [ 1.0009806187114847e+00, 9.4714285540295120e-03,
       -3.2168342847997342e-03, -9.6787390992956676e-03,
       1.0003207078054845e+00, -4.3193294759014580e-02,
       3.2639392493812444e-03, 4.3202823473598627e-02,
       1.0003281642955191e+00 ]
T: !!opencv-matrix
   rows: 3
   cols: 1
   dt: d
   data: [ -1.8043204957338406e+02, 1.1457830038274350e+01,
       1.1389427800321835e+01 ]
E: !!opencv-matrix
   rows: 0
   cols: 0
   dt: u
   data: []
F: !!opencv-matrix
   rows: 0
   cols: 0
   dt: u
   data: []
K1: !!opencv-matrix
   rows: 3
   cols: 3
   dt: d
   data: [ 3.6627756984521932e+02, 0., 3.8060969928433269e+02, 0.,
       3.6653175179255015e+02, 2.3878059668569790e+02, 0., 0., 1. ]
D1: !!opencv-matrix
   rows: 5
   cols: 1
   dt: d
   data: [ -2.1859934914563901e-02, -9.9468572971318997e-04,
       1.6448003429794193e-03, -3.1164985765511365e-04,
       3.5195408316194161e-04 ]
P1: !!opencv-matrix
   rows: 3
   cols: 4
   dt: f
   data: [ 3.72317993e+02, 0., 4.28114777e+02, 0., 0., 3.72317993e+02,
       2.33931442e+02, 0., 0., 0., 1., 0. ]
R1: !!opencv-matrix
   rows: 3
   cols: 3
   dt: f
   data: [ 9.96387184e-01, -5.64599447e-02, -6.34415820e-02,
       5.50650395e-02, 9.98205602e-01, -2.35260855e-02, 6.46560192e-02,
       1.99476779e-02, 9.97708201e-01 ]
K2: !!opencv-matrix
   rows: 3
   cols: 3
   dt: d
   data: [ 3.6687495098581172e+02, 0., 3.7621769200552956e+02, 0.,
       3.6726361788508825e+02, 2.2399932895774910e+02, 0., 0., 1. ]
D2: !!opencv-matrix
   rows: 5
   cols: 1
   dt: d
   data: [ -2.2201337830972428e-02, -1.1445843221826492e-03,
       2.9199201696882579e-04, -7.1705872414221615e-04,
       5.1284674356775366e-04 ]
P2: !!opencv-matrix
   rows: 3
   cols: 4
   dt: f
   data: [ 3.72317993e+02, 0., 4.28114777e+02, -6.74468203e+04, 0.,
       3.72317993e+02, 2.33931442e+02, 0., 0., 0., 1., 0. ]
R2: !!opencv-matrix
   rows: 3
   cols: 3
   dt: f
   data: [ 9.96015429e-01, -6.32491559e-02, -6.28715679e-02,
       6.46033883e-02, 9.97715712e-01, 1.97433326e-02, 6.14791997e-02,
       -2.37263814e-02, 9.97826338e-01 ]
