%YAML:1.0
---
Q: !!opencv-matrix
   rows: 4
   cols: 4
   dt: f
   data: [ 1., 0., 0., -4.07691742e+02, 0., 1., 0., -2.33127686e+02, 0.,
       0., 0., 3.79589264e+02, 0., 0., 5.64485649e-03, 0. ]
R: !!opencv-matrix
   rows: 3
   cols: 3
   dt: d
   data: [ 1.0017019659759749e+00, 9.5393562292401830e-03,
       4.8347047777153242e-02, -7.4925129125351809e-03,
       1.0009345942699202e+00, -4.3613098160121849e-02,
       -4.9206569059528749e-02, 4.3225574438756784e-02,
       9.9979934665140435e-01 ]
T: !!opencv-matrix
   rows: 3
   cols: 1
   dt: d
   data: [ -1.7642667105800879e+02, 1.1203477068989885e+01,
       1.1136666451902641e+01 ]
E: !!opencv-matrix
   rows: 0
   cols: 0
   dt: u
   data: []
F: !!opencv-matrix
   rows: 0
   cols: 0
   dt: u
   data: []
K1: !!opencv-matrix
   rows: 3
   cols: 3
   dt: d
   data: [ 3.6627756984521932e+02, 0., 3.8060969928433269e+02, 0.,
       3.6653175179255015e+02, 2.3878059668569790e+02, 0., 0., 1. ]
D1: !!opencv-matrix
   rows: 5
   cols: 1
   dt: d
   data: [ -2.1859934914563901e-02, -9.9468572971318997e-04,
       1.6448003429794193e-03, -3.1164985765511365e-04,
       3.5195408316194161e-04 ]
P1: !!opencv-matrix
   rows: 3
   cols: 4
   dt: f
   data: [ 3.79589264e+02, 0., 4.07691742e+02, 0., 0., 3.79589264e+02,
       2.33127686e+02, 0., 0., 0., 1., 0. ]
R1: !!opencv-matrix
   rows: 3
   cols: 3
   dt: f
   data: [ 9.98339832e-01, -5.63846864e-02, -1.17605310e-02,
       5.61249815e-02, 9.98195350e-01, -2.13536229e-02, 1.29433246e-02,
       2.06581131e-02, 9.99702811e-01 ]
K2: !!opencv-matrix
   rows: 3
   cols: 3
   dt: d
   data: [ 3.6687495098581172e+02, 0., 3.7621769200552956e+02, 0.,
       3.6726361788508825e+02, 2.2399932895774910e+02, 0., 0., 1. ]
D2: !!opencv-matrix
   rows: 5
   cols: 1
   dt: d
   data: [ -2.2201337830972428e-02, -1.1445843221826492e-03,
       2.9199201696882579e-04, -7.1705872414221615e-04,
       5.1284674356775366e-04 ]
P2: !!opencv-matrix
   rows: 3
   cols: 4
   dt: f
   data: [ 3.79589264e+02, 0., 4.07691742e+02, -6.72451563e+04, 0.,
       3.79589264e+02, 2.33127686e+02, 0., 0., 0., 1., 0. ]
R2: !!opencv-matrix
   rows: 3
   cols: 3
   dt: f
   data: [ 9.96015370e-01, -6.32491410e-02, -6.28719628e-02,
       6.45576939e-02, 9.97733057e-01, 1.90020688e-02, 6.15275688e-02,
       -2.29852218e-02, 9.97840703e-01 ]
