%YAML:1.0
---
Q: !!opencv-matrix
   rows: 4
   cols: 4
   dt: f
   data: [ 1., 0., 0., -4.07620789e+02, 0., 1., 0., -2.33124954e+02, 0.,
       0., 0., 3.79616272e+02, 0., 0., 5.64628514e-03, 0. ]
R: !!opencv-matrix
   rows: 3
   cols: 3
   dt: d
   data: [ 1.0009793767333459e+00, 9.5934261974688559e-03,
       4.8778523242191361e-02, -7.4293758938769527e-03,
       1.0012390417560961e+00, -4.3652961050540763e-02,
       -4.9156645474148372e-02, 4.3235634336843264e-02,
       1.0000803942511092e+00 ]
T: !!opencv-matrix
   rows: 3
   cols: 1
   dt: d
   data: [ -1.7646592661043502e+02, 1.1205970026142579e+01,
       1.1139144837853742e+01 ]
E: !!opencv-matrix
   rows: 0
   cols: 0
   dt: u
   data: []
F: !!opencv-matrix
   rows: 0
   cols: 0
   dt: u
   data: []
K1: !!opencv-matrix
   rows: 3
   cols: 3
   dt: d
   data: [ 3.6627756984521932e+02, 0., 3.8060969928433269e+02, 0.,
       3.6653175179255015e+02, 2.3878059668569790e+02, 0., 0., 1. ]
D1: !!opencv-matrix
   rows: 5
   cols: 1
   dt: d
   data: [ -2.1859934914563901e-02, -9.9468572971318997e-04,
       1.6448003429794193e-03, -3.1164985765511365e-04,
       3.5195408316194161e-04 ]
P1: !!opencv-matrix
   rows: 3
   cols: 4
   dt: f
   data: [ 3.79616272e+02, 0., 4.07620789e+02, 0., 0., 3.79616272e+02,
       2.33124954e+02, 0., 0., 0., 1., 0. ]
R1: !!opencv-matrix
   rows: 3
   cols: 3
   dt: f
   data: [ 9.98342156e-01, -5.63810244e-02, -1.15792975e-02,
       5.61250933e-02, 9.98195410e-01, -2.13510729e-02, 1.27621973e-02,
       2.06657872e-02, 9.99704957e-01 ]
K2: !!opencv-matrix
   rows: 3
   cols: 3
   dt: d
   data: [ 3.6687495098581172e+02, 0., 3.7621769200552956e+02, 0.,
       3.6726361788508825e+02, 2.2399932895774910e+02, 0., 0., 1. ]
D2: !!opencv-matrix
   rows: 5
   cols: 1
   dt: d
   data: [ -2.2201337830972428e-02, -1.1445843221826492e-03,
       2.9199201696882579e-04, -7.1705872414221615e-04,
       5.1284674356775366e-04 ]
P2: !!opencv-matrix
   rows: 3
   cols: 4
   dt: f
   data: [ 3.79616272e+02, 0., 4.07620789e+02, -6.72329219e+04, 0.,
       3.79616272e+02, 2.33124954e+02, 0., 0., 0., 1., 0. ]
R2: !!opencv-matrix
   rows: 3
   cols: 3
   dt: f
   data: [ 9.96015370e-01, -6.32491410e-02, -6.28719628e-02,
       6.45578504e-02, 9.97732997e-01, 1.90046169e-02, 6.15274087e-02,
       -2.29877699e-02, 9.97840643e-01 ]
