%YAML:1.0
---
Q: !!opencv-matrix
   rows: 4
   cols: 4
   dt: f
   data: [ 1., 0., 0., -3.82661469e+02, 0., 1., 0., -2.32002701e+02, 0.,
       0., 0., 3.57407684e+02, 0., 0., 5.39027713e-03, 0. ]
R: !!opencv-matrix
   rows: 3
   cols: 3
   dt: d
   data: [ 9.9956368858283562e-01, 9.7618476586328658e-03,
       -3.1474298658658697e-03, -9.6797249777811328e-03,
       9.9949547850296994e-01, 9.2307153066519074e-03,
       3.2416738040696577e-03, -9.1998734287772072e-03,
       9.9953895188365749e-01 ]
T: !!opencv-matrix
   rows: 3
   cols: 1
   dt: d
   data: [ -1.8541635025836851e+02, 5.9690708857629868e+00,
       7.5189281406544473e-01 ]
E: !!opencv-matrix
   rows: 0
   cols: 0
   dt: u
   data: []
F: !!opencv-matrix
   rows: 0
   cols: 0
   dt: u
   data: []
K1: !!opencv-matrix
   rows: 3
   cols: 3
   dt: d
   data: [ 3.6627756984521932e+02, 0., 3.8060969928433269e+02, 0.,
       3.6653175179255015e+02, 2.3878059668569790e+02, 0., 0., 1. ]
D1: !!opencv-matrix
   rows: 5
   cols: 1
   dt: d
   data: [ -2.1859934914563901e-02, -9.9468572971318997e-04,
       1.6448003429794193e-03, -3.1164985765511365e-04,
       3.5195408316194161e-04 ]
P1: !!opencv-matrix
   rows: 3
   cols: 4
   dt: f
   data: [ 3.57407684e+02, 0., 3.82661469e+02, 0., 0., 3.57407684e+02,
       2.32002701e+02, 0., 0., 0., 1., 0. ]
R1: !!opencv-matrix
   rows: 3
   cols: 3
   dt: f
   data: [ 9.99720931e-01, -2.24014316e-02, -7.50092790e-03,
       2.24355031e-02, 9.99738216e-01, 4.48954944e-03, 7.39839207e-03,
       -4.65658400e-03, 9.99961793e-01 ]
K2: !!opencv-matrix
   rows: 3
   cols: 3
   dt: d
   data: [ 3.6687495098581172e+02, 0., 3.7621769200552956e+02, 0.,
       3.6726361788508825e+02, 2.2399932895774910e+02, 0., 0., 1. ]
D2: !!opencv-matrix
   rows: 5
   cols: 1
   dt: d
   data: [ -2.2201337830972428e-02, -1.1445843221826492e-03,
       2.9199201696882579e-04, -7.1705872414221615e-04,
       5.1284674356775366e-04 ]
P2: !!opencv-matrix
   rows: 3
   cols: 4
   dt: f
   data: [ 3.57407684e+02, 0., 3.82661469e+02, -66306., 0.,
       3.57407684e+02, 2.32002701e+02, 0., 0., 0., 1., 0. ]
R2: !!opencv-matrix
   rows: 3
   cols: 3
   dt: f
   data: [ 9.99473989e-01, -3.21758650e-02, -4.05302923e-03,
       3.21569890e-02, 9.99472082e-01, -4.63917106e-03, 4.20015864e-03,
       4.50639753e-03, 9.99981046e-01 ]
