%YAML:1.0
---
Q: !!opencv-matrix
   rows: 4
   cols: 4
   dt: f
   data: [ 1., 0., 0., -3.83251434e+02, 0., 1., 0., -2.32334442e+02, 0.,
       0., 0., 3.66913605e+02, 0., 0., 5.46425581e-03, 0. ]
R: !!opencv-matrix
   rows: 3
   cols: 3
   dt: d
   data: [ 9.9975439941847455e-01, 9.8103605784289737e-03,
       -3.1357266287029488e-03, -9.6814518842292547e-03,
       9.9970167196159310e-01, 9.2313222525121710e-03,
       3.2428119584965863e-03, -9.2019193227954148e-03,
       9.9975228491182611e-01 ]
T: !!opencv-matrix
   rows: 3
   cols: 1
   dt: d
   data: [ -1.8230541615589001e+02, 1.5998323421215106e+01,
       7.3871179592530178e-01 ]
E: !!opencv-matrix
   rows: 0
   cols: 0
   dt: u
   data: []
F: !!opencv-matrix
   rows: 0
   cols: 0
   dt: u
   data: []
K1: !!opencv-matrix
   rows: 3
   cols: 3
   dt: d
   data: [ 3.6627756984521932e+02, 0., 3.8060969928433269e+02, 0.,
       3.6653175179255015e+02, 2.3878059668569790e+02, 0., 0., 1. ]
D1: !!opencv-matrix
   rows: 5
   cols: 1
   dt: d
   data: [ -2.1859934914563901e-02, -9.9468572971318997e-04,
       1.6448003429794193e-03, -3.1164985765511365e-04,
       3.5195408316194161e-04 ]
P1: !!opencv-matrix
   rows: 3
   cols: 4
   dt: f
   data: [ 3.66913605e+02, 0., 3.83251434e+02, 0., 0., 3.66913605e+02,
       2.32334442e+02, 0., 0., 0., 1., 0. ]
R1: !!opencv-matrix
   rows: 3
   cols: 3
   dt: f
   data: [ 9.96948838e-01, -7.76487663e-02, -7.97668193e-03,
       7.76840895e-02, 9.96969104e-01, 4.21807077e-03, 7.62497727e-03,
       -4.82486235e-03, 9.99959290e-01 ]
K2: !!opencv-matrix
   rows: 3
   cols: 3
   dt: d
   data: [ 3.6687495098581172e+02, 0., 3.7621769200552956e+02, 0.,
       3.6726361788508825e+02, 2.2399932895774910e+02, 0., 0., 1. ]
D2: !!opencv-matrix
   rows: 5
   cols: 1
   dt: d
   data: [ -2.2201337830972428e-02, -1.1445843221826492e-03,
       2.9199201696882579e-04, -7.1705872414221615e-04,
       5.1284674356775366e-04 ]
P2: !!opencv-matrix
   rows: 3
   cols: 4
   dt: f
   data: [ 3.66913605e+02, 0., 3.83251434e+02, -6.71479531e+04, 0.,
       3.66913605e+02, 2.32334442e+02, 0., 0., 0., 1., 0. ]
R2: !!opencv-matrix
   rows: 3
   cols: 3
   dt: f
   data: [ 9.96163487e-01, -8.74189362e-02, -4.03651036e-03,
       8.73997584e-02, 9.96162176e-01, -4.70599951e-03, 4.43241233e-03,
       4.33515478e-03, 9.99980807e-01 ]
