%YAML:1.0
---
Q: !!opencv-matrix
   rows: 4
   cols: 4
   dt: f
   data: [ 1., 0., 0., -3.82358398e+02, 0., 1., 0., -2.31849884e+02, 0.,
       0., 0., 3.58598907e+02, 0., 0., 5.38957026e-03, 0. ]
R: !!opencv-matrix
   rows: 3
   cols: 3
   dt: d
   data: [ 9.9956034183315379e-01, 9.7332074254207097e-03,
       -3.1410891935427700e-03, -9.6788372272665919e-03,
       9.9948460530066641e-01, 9.2307356537213465e-03,
       3.2419830979044258e-03, -9.1995763363184498e-03,
       9.9952593144960200e-01 ]
T: !!opencv-matrix
   rows: 3
   cols: 1
   dt: d
   data: [ -1.8553111385724984e+02, 8.1838720131822718e-01,
       7.5416616215075150e-01 ]
E: !!opencv-matrix
   rows: 0
   cols: 0
   dt: u
   data: []
F: !!opencv-matrix
   rows: 0
   cols: 0
   dt: u
   data: []
K1: !!opencv-matrix
   rows: 3
   cols: 3
   dt: d
   data: [ 3.6627756984521932e+02, 0., 3.8060969928433269e+02, 0.,
       3.6653175179255015e+02, 2.3878059668569790e+02, 0., 0., 1. ]
D1: !!opencv-matrix
   rows: 5
   cols: 1
   dt: d
   data: [ -2.1859934914563901e-02, -9.9468572971318997e-04,
       1.6448003429794193e-03, -3.1164985765511365e-04,
       3.5195408316194161e-04 ]
P1: !!opencv-matrix
   rows: 3
   cols: 4
   dt: f
   data: [ 3.58598907e+02, 0., 3.82358398e+02, 0., 0., 3.58598907e+02,
       2.31849884e+02, 0., 0., 0., 1., 0. ]
R1: !!opencv-matrix
   rows: 3
   cols: 3
   dt: f
   data: [ 9.99959350e-01, 5.35127707e-03, -7.25309178e-03,
       -5.31788310e-03, 9.99975204e-01, 4.61561186e-03, 7.27761118e-03,
       -4.57685301e-03, 9.99963045e-01 ]
K2: !!opencv-matrix
   rows: 3
   cols: 3
   dt: d
   data: [ 3.6687495098581172e+02, 0., 3.7621769200552956e+02, 0.,
       3.6726361788508825e+02, 2.2399932895774910e+02, 0., 0., 1. ]
D2: !!opencv-matrix
   rows: 5
   cols: 1
   dt: d
   data: [ -2.2201337830972428e-02, -1.1445843221826492e-03,
       2.9199201696882579e-04, -7.1705872414221615e-04,
       5.1284674356775366e-04 ]
P2: !!opencv-matrix
   rows: 3
   cols: 4
   dt: f
   data: [ 3.58598907e+02, 0., 3.82358398e+02, -6.65357109e+04, 0.,
       3.58598907e+02, 2.31849884e+02, 0., 0., 0., 1., 0. ]
R2: !!opencv-matrix
   rows: 3
   cols: 3
   dt: f
   data: [ 9.99981999e-01, -4.41097142e-03, -4.06482955e-03,
       4.39224159e-03, 9.99979734e-01, -4.60522668e-03, 4.08506067e-03,
       4.58729034e-03, 9.99981105e-01 ]
