%YAML:1.0
---
Q: !!opencv-matrix
   rows: 4
   cols: 4
   dt: f
   data: [ 1., 0., 0., -3.82958191e+02, 0., 1., 0., -2.32164612e+02, 0.,
       0., 0., 3.61184875e+02, 0., 0., 5.41532272e-03, 0. ]
R: !!opencv-matrix
   rows: 3
   cols: 3
   dt: d
   data: [ 9.9954017859802735e-01, 9.7036028247144447e-03,
       -3.1491329812084680e-03, -9.6704601739529151e-03,
       9.9967020914803206e-01, 9.2322840398122719e-03,
       3.2431678938986872e-03, -9.2010541632941006e-03,
       9.9971136407180183e-01 ]
T: !!opencv-matrix
   rows: 3
   cols: 1
   dt: d
   data: [ -1.8419094280922891e+02, 1.1046553637217574e+01,
       7.4764192078766012e-01 ]
E: !!opencv-matrix
   rows: 0
   cols: 0
   dt: u
   data: []
F: !!opencv-matrix
   rows: 0
   cols: 0
   dt: u
   data: []
K1: !!opencv-matrix
   rows: 3
   cols: 3
   dt: d
   data: [ 3.6627756984521932e+02, 0., 3.8060969928433269e+02, 0.,
       3.6653175179255015e+02, 2.3878059668569790e+02, 0., 0., 1. ]
D1: !!opencv-matrix
   rows: 5
   cols: 1
   dt: d
   data: [ -2.1859934914563901e-02, -9.9468572971318997e-04,
       1.6448003429794193e-03, -3.1164985765511365e-04,
       3.5195408316194161e-04 ]
P1: !!opencv-matrix
   rows: 3
   cols: 4
   dt: f
   data: [ 3.61184875e+02, 0., 3.82958191e+02, 0., 0., 3.61184875e+02,
       2.32164612e+02, 0., 0., 0., 1., 0. ]
R1: !!opencv-matrix
   rows: 3
   cols: 3
   dt: f
   data: [ 9.98712063e-01, -5.01439124e-02, -7.73107307e-03,
       5.01785763e-02, 9.98730779e-01, 4.35659895e-03, 7.50280358e-03,
       -4.73892223e-03, 9.99960601e-01 ]
K2: !!opencv-matrix
   rows: 3
   cols: 3
   dt: d
   data: [ 3.6687495098581172e+02, 0., 3.7621769200552956e+02, 0.,
       3.6726361788508825e+02, 2.2399932895774910e+02, 0., 0., 1. ]
D2: !!opencv-matrix
   rows: 5
   cols: 1
   dt: d
   data: [ -2.2201337830972428e-02, -1.1445843221826492e-03,
       2.9199201696882579e-04, -7.1705872414221615e-04,
       5.1284674356775366e-04 ]
P2: !!opencv-matrix
   rows: 3
   cols: 4
   dt: f
   data: [ 3.61184875e+02, 0., 3.82958191e+02, -6.66968359e+04, 0.,
       3.61184875e+02, 2.32164612e+02, 0., 0., 0., 1., 0. ]
R2: !!opencv-matrix
   rows: 3
   cols: 3
   dt: f
   data: [ 9.98198211e-01, -5.98653406e-02, -4.05194797e-03,
       5.98462783e-02, 9.98196661e-01, -4.67263255e-03, 4.32436960e-03,
       4.42171982e-03, 9.99980867e-01 ]
