%YAML:1.0
---
Q: !!opencv-matrix
   rows: 4
   cols: 4
   dt: f
   data: [ 1., 0., 0., -3.83255005e+02, 0., 1., 0., -2.32334854e+02, 0.,
       0., 0., 3.66904022e+02, 0., 0., 5.45921735e-03, 0. ]
R: !!opencv-matrix
   rows: 3
   cols: 3
   dt: d
   data: [ 9.9972867268028409e-01, 9.7500078744572980e-03,
       -3.1623494019117865e-03, -9.6700930514888716e-03,
       9.9982311212225639e-01, 9.2346911542423790e-03,
       3.2434479863205205e-03, -9.2029076256151116e-03,
       9.9986832439158446e-01 ]
T: !!opencv-matrix
   rows: 3
   cols: 1
   dt: d
   data: [ -1.8241184826198821e+02, 1.6007661090339269e+01,
       7.3975750111498151e-01 ]
E: !!opencv-matrix
   rows: 0
   cols: 0
   dt: u
   data: []
F: !!opencv-matrix
   rows: 0
   cols: 0
   dt: u
   data: []
K1: !!opencv-matrix
   rows: 3
   cols: 3
   dt: d
   data: [ 3.6627756984521932e+02, 0., 3.8060969928433269e+02, 0.,
       3.6653175179255015e+02, 2.3878059668569790e+02, 0., 0., 1. ]
D1: !!opencv-matrix
   rows: 5
   cols: 1
   dt: d
   data: [ -2.1859934914563901e-02, -9.9468572971318997e-04,
       1.6448003429794193e-03, -3.1164985765511365e-04,
       3.5195408316194161e-04 ]
P1: !!opencv-matrix
   rows: 3
   cols: 4
   dt: f
   data: [ 3.66904022e+02, 0., 3.83255005e+02, 0., 0., 3.66904022e+02,
       2.32334854e+02, 0., 0., 0., 1., 0. ]
R1: !!opencv-matrix
   rows: 3
   cols: 3
   dt: f
   data: [ 9.96945024e-01, -7.76972845e-02, -7.98250549e-03,
       7.77326375e-02, 9.96965349e-01, 4.21763817e-03, 7.63058243e-03,
       -4.82525490e-03, 9.99959230e-01 ]
K2: !!opencv-matrix
   rows: 3
   cols: 3
   dt: d
   data: [ 3.6687495098581172e+02, 0., 3.7621769200552956e+02, 0.,
       3.6726361788508825e+02, 2.2399932895774910e+02, 0., 0., 1. ]
D2: !!opencv-matrix
   rows: 5
   cols: 1
   dt: d
   data: [ -2.2201337830972428e-02, -1.1445843221826492e-03,
       2.9199201696882579e-04, -7.1705872414221615e-04,
       5.1284674356775366e-04 ]
P2: !!opencv-matrix
   rows: 3
   cols: 4
   dt: f
   data: [ 3.66904022e+02, 0., 3.83255005e+02, -6.72081719e+04, 0.,
       3.66904022e+02, 2.32334854e+02, 0., 0., 0., 1., 0. ]
R2: !!opencv-matrix
   rows: 3
   cols: 3
   dt: f
   data: [ 9.96163428e-01, -8.74189362e-02, -4.04003635e-03,
       8.73997360e-02, 9.96162176e-01, -4.70613828e-03, 4.43593692e-03,
       4.33498481e-03, 9.99980748e-01 ]
