%YAML:1.0
---
Q: !!opencv-matrix
   rows: 4
   cols: 4
   dt: f
   data: [ 1., 0., 0., -3.83257690e+02, 0., 1., 0., -2.32334763e+02, 0.,
       0., 0., 3.66913544e+02, 0., 0., 5.45988884e-03, 0. ]
R: !!opencv-matrix
   rows: 3
   cols: 3
   dt: d
   data: [ 9.9983675570175190e-01, 9.8183639343911409e-03,
       -3.1532150661993151e-03, -9.6831848812533698e-03,
       9.9977087376433971e-01, 9.2334750611956801e-03,
       3.2426762504207565e-03, -9.2027638035145787e-03,
       9.9982207888440777e-01 ]
T: !!opencv-matrix
   rows: 3
   cols: 1
   dt: d
   data: [ -1.8245145642767491e+02, 1.6011139130238011e+01,
       7.3994441627192487e-01 ]
E: !!opencv-matrix
   rows: 0
   cols: 0
   dt: u
   data: []
F: !!opencv-matrix
   rows: 0
   cols: 0
   dt: u
   data: []
K1: !!opencv-matrix
   rows: 3
   cols: 3
   dt: d
   data: [ 3.6627756984521932e+02, 0., 3.8060969928433269e+02, 0.,
       3.6653175179255015e+02, 2.3878059668569790e+02, 0., 0., 1. ]
D1: !!opencv-matrix
   rows: 5
   cols: 1
   dt: d
   data: [ -2.1859934914563901e-02, -9.9468572971318997e-04,
       1.6448003429794193e-03, -3.1164985765511365e-04,
       3.5195408316194161e-04 ]
P1: !!opencv-matrix
   rows: 3
   cols: 4
   dt: f
   data: [ 3.66913544e+02, 0., 3.83257690e+02, 0., 0., 3.66913544e+02,
       2.32334763e+02, 0., 0., 0., 1., 0. ]
R1: !!opencv-matrix
   rows: 3
   cols: 3
   dt: f
   data: [ 9.96949077e-01, -7.76445270e-02, -7.98923895e-03,
       7.76799172e-02, 9.96969402e-01, 4.21782257e-03, 7.63753569e-03,
       -4.82555758e-03, 9.99959171e-01 ]
K2: !!opencv-matrix
   rows: 3
   cols: 3
   dt: d
   data: [ 3.6687495098581172e+02, 0., 3.7621769200552956e+02, 0.,
       3.6726361788508825e+02, 2.2399932895774910e+02, 0., 0., 1. ]
D2: !!opencv-matrix
   rows: 5
   cols: 1
   dt: d
   data: [ -2.2201337830972428e-02, -1.1445843221826492e-03,
       2.9199201696882579e-04, -7.1705872414221615e-04,
       5.1284674356775366e-04 ]
P2: !!opencv-matrix
   rows: 3
   cols: 4
   dt: f
   data: [ 3.66913544e+02, 0., 3.83257690e+02, -6.72016484e+04, 0.,
       3.66913544e+02, 2.32334763e+02, 0., 0., 0., 1., 0. ]
R2: !!opencv-matrix
   rows: 3
   cols: 3
   dt: f
   data: [ 9.96163428e-01, -8.74189362e-02, -4.04001214e-03,
       8.73997360e-02, 9.96162176e-01, -4.70637670e-03, 4.43593366e-03,
       4.33522416e-03, 9.99980748e-01 ]
