%YAML:1.0
---
Q: !!opencv-matrix
   rows: 4
   cols: 4
   dt: f
   data: [ 1., 0., 0., -3.82660553e+02, 0., 1., 0., -2.32002686e+02, 0.,
       0., 0., 3.57408112e+02, 0., 0., 5.39089181e-03, 0. ]
R: !!opencv-matrix
   rows: 3
   cols: 3
   dt: d
   data: [ 9.9956602771593250e-01, 9.7618238279862813e-03,
       -3.1456246042660860e-03, -9.6797357040969943e-03,
       9.9949834903911117e-01, 9.2306834082973108e-03,
       3.2416851803436855e-03, -9.1998995671335581e-03,
       9.9954181368148354e-01 ]
T: !!opencv-matrix
   rows: 3
   cols: 1
   dt: d
   data: [ -1.8539249903036290e+02, 5.9683029974060906e+00,
       7.5179544764458239e-01 ]
E: !!opencv-matrix
   rows: 0
   cols: 0
   dt: u
   data: []
F: !!opencv-matrix
   rows: 0
   cols: 0
   dt: u
   data: []
K1: !!opencv-matrix
   rows: 3
   cols: 3
   dt: d
   data: [ 3.6627756984521932e+02, 0., 3.8060969928433269e+02, 0.,
       3.6653175179255015e+02, 2.3878059668569790e+02, 0., 0., 1. ]
D1: !!opencv-matrix
   rows: 5
   cols: 1
   dt: d
   data: [ -2.1859934914563901e-02, -9.9468572971318997e-04,
       1.6448003429794193e-03, -3.1164985765511365e-04,
       3.5195408316194161e-04 ]
P1: !!opencv-matrix
   rows: 3
   cols: 4
   dt: f
   data: [ 3.57408112e+02, 0., 3.82660553e+02, 0., 0., 3.57408112e+02,
       2.32002686e+02, 0., 0., 0., 1., 0. ]
R1: !!opencv-matrix
   rows: 3
   cols: 3
   dt: f
   data: [ 9.99720931e-01, -2.24014055e-02, -7.49858748e-03,
       2.24354658e-02, 9.99738216e-01, 4.48956294e-03, 7.39605166e-03,
       -4.65654442e-03, 9.99961793e-01 ]
K2: !!opencv-matrix
   rows: 3
   cols: 3
   dt: d
   data: [ 3.6687495098581172e+02, 0., 3.7621769200552956e+02, 0.,
       3.6726361788508825e+02, 2.2399932895774910e+02, 0., 0., 1. ]
D2: !!opencv-matrix
   rows: 5
   cols: 1
   dt: d
   data: [ -2.2201337830972428e-02, -1.1445843221826492e-03,
       2.9199201696882579e-04, -7.1705872414221615e-04,
       5.1284674356775366e-04 ]
P2: !!opencv-matrix
   rows: 3
   cols: 4
   dt: f
   data: [ 3.57408112e+02, 0., 3.82660553e+02, -6.62985156e+04, 0.,
       3.57408112e+02, 2.32002686e+02, 0., 0., 0., 1., 0. ]
R2: !!opencv-matrix
   rows: 3
   cols: 3
   dt: f
   data: [ 9.99473989e-01, -3.21758650e-02, -4.05302318e-03,
       3.21569890e-02, 9.99472082e-01, -4.63915803e-03, 4.20015212e-03,
       4.50638495e-03, 9.99981046e-01 ]
