%YAML:1.0
---
Q: !!opencv-matrix
   rows: 4
   cols: 4
   dt: f
   data: [ 1., 0., 0., -3.83259308e+02, 0., 1., 0., -2.32335022e+02, 0.,
       0., 0., 3.66904816e+02, 0., 0., 5.46106789e-03, 0. ]
R: !!opencv-matrix
   rows: 3
   cols: 3
   dt: d
   data: [ 9.9976627324259371e-01, 9.7714756095187497e-03,
       -3.1679712680682611e-03, -9.6744265371879745e-03,
       9.9980797447506875e-01, 9.2350655680783888e-03,
       3.2432006956414280e-03, -9.2028745307065774e-03,
       9.9985510102187847e-01 ]
T: !!opencv-matrix
   rows: 3
   cols: 1
   dt: d
   data: [ -1.8240431213927621e+02, 1.6007000841688541e+01,
       7.3973992105780806e-01 ]
E: !!opencv-matrix
   rows: 0
   cols: 0
   dt: u
   data: []
F: !!opencv-matrix
   rows: 0
   cols: 0
   dt: u
   data: []
K1: !!opencv-matrix
   rows: 3
   cols: 3
   dt: d
   data: [ 3.6627756984521932e+02, 0., 3.8060969928433269e+02, 0.,
       3.6653175179255015e+02, 2.3878059668569790e+02, 0., 0., 1. ]
D1: !!opencv-matrix
   rows: 5
   cols: 1
   dt: d
   data: [ -2.1859934914563901e-02, -9.9468572971318997e-04,
       1.6448003429794193e-03, -3.1164985765511365e-04,
       3.5195408316194161e-04 ]
P1: !!opencv-matrix
   rows: 3
   cols: 4
   dt: f
   data: [ 3.66904816e+02, 0., 3.83259308e+02, 0., 0., 3.66904816e+02,
       2.32335022e+02, 0., 0., 0., 1., 0. ]
R1: !!opencv-matrix
   rows: 3
   cols: 3
   dt: f
   data: [ 9.96945918e-01, -7.76849240e-02, -7.99361430e-03,
       7.77203292e-02, 9.96966302e-01, 4.21749894e-03, 7.64172804e-03,
       -4.82588448e-03, 9.99959171e-01 ]
K2: !!opencv-matrix
   rows: 3
   cols: 3
   dt: d
   data: [ 3.6687495098581172e+02, 0., 3.7621769200552956e+02, 0.,
       3.6726361788508825e+02, 2.2399932895774910e+02, 0., 0., 1. ]
D2: !!opencv-matrix
   rows: 5
   cols: 1
   dt: d
   data: [ -2.2201337830972428e-02, -1.1445843221826492e-03,
       2.9199201696882579e-04, -7.1705872414221615e-04,
       5.1284674356775366e-04 ]
P2: !!opencv-matrix
   rows: 3
   cols: 4
   dt: f
   data: [ 3.66904816e+02, 0., 3.83259308e+02, -6.71855469e+04, 0.,
       3.66904816e+02, 2.32335022e+02, 0., 0., 0., 1., 0. ]
R2: !!opencv-matrix
   rows: 3
   cols: 3
   dt: f
   data: [ 9.96163428e-01, -8.74189213e-02, -4.03986592e-03,
       8.73997286e-02, 9.96162176e-01, -4.70637530e-03, 4.43578791e-03,
       4.33523580e-03, 9.99980748e-01 ]
