%YAML:1.0
---
Q: !!opencv-matrix
   rows: 4
   cols: 4
   dt: f
   data: [ 1., 0., 0., -3.82358582e+02, 0., 1., 0., -2.31849884e+02, 0.,
       0., 0., 3.58598938e+02, 0., 0., 5.39039308e-03, 0. ]
R: !!opencv-matrix
   rows: 3
   cols: 3
   dt: d
   data: [ 9.9956468371370899e-01, 9.7334878467000147e-03,
       -3.1409681326634996e-03, -9.6788746800697233e-03,
       9.9948807518206118e-01, 9.2307671273210122e-03,
       3.2419908179731481e-03, -9.1996092850495335e-03,
       9.9952940202249330e-01 ]
T: !!opencv-matrix
   rows: 3
   cols: 1
   dt: d
   data: [ -1.8549778153839634e+02, 8.1824017251736225e-01,
       7.5403068195720802e-01 ]
E: !!opencv-matrix
   rows: 0
   cols: 0
   dt: u
   data: []
F: !!opencv-matrix
   rows: 0
   cols: 0
   dt: u
   data: []
K1: !!opencv-matrix
   rows: 3
   cols: 3
   dt: d
   data: [ 3.6627756984521932e+02, 0., 3.8060969928433269e+02, 0.,
       3.6653175179255015e+02, 2.3878059668569790e+02, 0., 0., 1. ]
D1: !!opencv-matrix
   rows: 5
   cols: 1
   dt: d
   data: [ -2.1859934914563901e-02, -9.9468572971318997e-04,
       1.6448003429794193e-03, -3.1164985765511365e-04,
       3.5195408316194161e-04 ]
P1: !!opencv-matrix
   rows: 3
   cols: 4
   dt: f
   data: [ 3.58598938e+02, 0., 3.82358582e+02, 0., 0., 3.58598938e+02,
       2.31849884e+02, 0., 0., 0., 1., 0. ]
R1: !!opencv-matrix
   rows: 3
   cols: 3
   dt: f
   data: [ 9.99959350e-01, 5.35148056e-03, -7.25355279e-03,
       -5.31808427e-03, 9.99975204e-01, 4.61561373e-03, 7.27807311e-03,
       -4.57685115e-03, 9.99963045e-01 ]
K2: !!opencv-matrix
   rows: 3
   cols: 3
   dt: d
   data: [ 3.6687495098581172e+02, 0., 3.7621769200552956e+02, 0.,
       3.6726361788508825e+02, 2.2399932895774910e+02, 0., 0., 1. ]
D2: !!opencv-matrix
   rows: 5
   cols: 1
   dt: d
   data: [ -2.2201337830972428e-02, -1.1445843221826492e-03,
       2.9199201696882579e-04, -7.1705872414221615e-04,
       5.1284674356775366e-04 ]
P2: !!opencv-matrix
   rows: 3
   cols: 4
   dt: f
   data: [ 3.58598938e+02, 0., 3.82358582e+02, -6.65255625e+04, 0.,
       3.58598938e+02, 2.31849884e+02, 0., 0., 0., 1., 0. ]
R2: !!opencv-matrix
   rows: 3
   cols: 3
   dt: f
   data: [ 9.99981999e-01, -4.41097189e-03, -4.06483142e-03,
       4.39224206e-03, 9.99979734e-01, -4.60522668e-03, 4.08506254e-03,
       4.58728988e-03, 9.99981105e-01 ]
