%YAML:1.0
---
Q: !!opencv-matrix
   rows: 4
   cols: 4
   dt: f
   data: [ 1., 0., 0., -3.83260010e+02, 0., 1., 0., -2.32334930e+02, 0.,
       0., 0., 3.66909821e+02, 0., 0., 5.46067068e-03, 0. ]
R: !!opencv-matrix
   rows: 3
   cols: 3
   dt: d
   data: [ 9.9983474628473534e-01, 9.8177232819959808e-03,
       -3.1606753065366415e-03, -9.6831206277712308e-03,
       9.9976949298966922e-01, 9.2341168353391838e-03,
       3.2426742071774667e-03, -9.2027482734267120e-03,
       9.9982067284880694e-01 ]
T: !!opencv-matrix
   rows: 3
   cols: 1
   dt: d
   data: [ -1.8246279784327254e+02, 1.6012134546622210e+01,
       7.3999229020787549e-01 ]
E: !!opencv-matrix
   rows: 0
   cols: 0
   dt: u
   data: []
F: !!opencv-matrix
   rows: 0
   cols: 0
   dt: u
   data: []
K1: !!opencv-matrix
   rows: 3
   cols: 3
   dt: d
   data: [ 3.6627756984521932e+02, 0., 3.8060969928433269e+02, 0.,
       3.6653175179255015e+02, 2.3878059668569790e+02, 0., 0., 1. ]
D1: !!opencv-matrix
   rows: 5
   cols: 1
   dt: d
   data: [ -2.1859934914563901e-02, -9.9468572971318997e-04,
       1.6448003429794193e-03, -3.1164985765511365e-04,
       3.5195408316194161e-04 ]
P1: !!opencv-matrix
   rows: 3
   cols: 4
   dt: f
   data: [ 3.66909821e+02, 0., 3.83260010e+02, 0., 0., 3.66909821e+02,
       2.32334930e+02, 0., 0., 0., 1., 0. ]
R1: !!opencv-matrix
   rows: 3
   cols: 3
   dt: f
   data: [ 9.96947944e-01, -7.76588619e-02, -7.99518172e-03,
       7.76942745e-02, 9.96968329e-01, 4.21762187e-03, 7.64340675e-03,
       -4.82592918e-03, 9.99959171e-01 ]
K2: !!opencv-matrix
   rows: 3
   cols: 3
   dt: d
   data: [ 3.6687495098581172e+02, 0., 3.7621769200552956e+02, 0.,
       3.6726361788508825e+02, 2.2399932895774910e+02, 0., 0., 1. ]
D2: !!opencv-matrix
   rows: 5
   cols: 1
   dt: d
   data: [ -2.2201337830972428e-02, -1.1445843221826492e-03,
       2.9199201696882579e-04, -7.1705872414221615e-04,
       5.1284674356775366e-04 ]
P2: !!opencv-matrix
   rows: 3
   cols: 4
   dt: f
   data: [ 3.66909821e+02, 0., 3.83260010e+02, -6.71913438e+04, 0.,
       3.66909821e+02, 2.32334930e+02, 0., 0., 0., 1., 0. ]
R2: !!opencv-matrix
   rows: 3
   cols: 3
   dt: f
   data: [ 9.96163428e-01, -8.74189287e-02, -4.03998466e-03,
       8.73997360e-02, 9.96162176e-01, -4.70646238e-03, 4.43591364e-03,
       4.33531217e-03, 9.99980748e-01 ]
