%YAML:1.0
---
Q: !!opencv-matrix
   rows: 4
   cols: 4
   dt: f
   data: [ 1., 0., 0., -3.82666748e+02, 0., 1., 0., -2.32002914e+02, 0.,
       0., 0., 3.57398193e+02, 0., 0., 5.38910273e-03, 0. ]
R: !!opencv-matrix
   rows: 3
   cols: 3
   dt: d
   data: [ 9.9951251183337053e-01, 9.7233993359669459e-03,
       -3.1696130821570164e-03, -9.6777594979359696e-03,
       9.9951084631330367e-01, 9.2315585994864890e-03,
       3.2419837207943495e-03, -9.1998466724892199e-03,
       9.9955316939666661e-01 ]
T: !!opencv-matrix
   rows: 3
   cols: 1
   dt: d
   data: [ -1.8544582957722778e+02, 5.9700194119663728e+00,
       7.5200647992389336e-01 ]
E: !!opencv-matrix
   rows: 0
   cols: 0
   dt: u
   data: []
F: !!opencv-matrix
   rows: 0
   cols: 0
   dt: u
   data: []
K1: !!opencv-matrix
   rows: 3
   cols: 3
   dt: d
   data: [ 3.6627756984521932e+02, 0., 3.8060969928433269e+02, 0.,
       3.6653175179255015e+02, 2.3878059668569790e+02, 0., 0., 1. ]
D1: !!opencv-matrix
   rows: 5
   cols: 1
   dt: d
   data: [ -2.1859934914563901e-02, -9.9468572971318997e-04,
       1.6448003429794193e-03, -3.1164985765511365e-04,
       3.5195408316194161e-04 ]
P1: !!opencv-matrix
   rows: 3
   cols: 4
   dt: f
   data: [ 3.57398193e+02, 0., 3.82666748e+02, 0., 0., 3.57398193e+02,
       2.32002914e+02, 0., 0., 0., 1., 0. ]
R1: !!opencv-matrix
   rows: 3
   cols: 3
   dt: f
   data: [ 9.99720156e-01, -2.24305708e-02, -7.51458434e-03,
       2.24647056e-02, 9.99737561e-01, 4.48930915e-03, 7.41191441e-03,
       -4.65686619e-03, 9.99961674e-01 ]
K2: !!opencv-matrix
   rows: 3
   cols: 3
   dt: d
   data: [ 3.6687495098581172e+02, 0., 3.7621769200552956e+02, 0.,
       3.6726361788508825e+02, 2.2399932895774910e+02, 0., 0., 1. ]
D2: !!opencv-matrix
   rows: 5
   cols: 1
   dt: d
   data: [ -2.2201337830972428e-02, -1.1445843221826492e-03,
       2.9199201696882579e-04, -7.1705872414221615e-04,
       5.1284674356775366e-04 ]
P2: !!opencv-matrix
   rows: 3
   cols: 4
   dt: f
   data: [ 3.57398193e+02, 0., 3.82666748e+02, -6.63186875e+04, 0.,
       3.57398193e+02, 2.32002914e+02, 0., 0., 0., 1., 0. ]
R2: !!opencv-matrix
   rows: 3
   cols: 3
   dt: f
   data: [ 9.99473989e-01, -3.21758576e-02, -4.05297196e-03,
       3.21569853e-02, 9.99472082e-01, -4.63919202e-03, 4.20010183e-03,
       4.50642034e-03, 9.99981046e-01 ]
