%YAML:1.0
---
R: !!opencv-matrix
   rows: 3
   cols: 3
   dt: d
   data: [ 9.9994786107858491e-01, 9.7122672864599323e-03,
       -3.1538846712214478e-03, -9.6827774839271553e-03,
       9.9991047802584609e-01, 9.2347038025383243e-03,
       3.2432922408809684e-03, -9.2036839515610668e-03,
       9.9995238549500942e-01 ]
T: !!opencv-matrix
   rows: 3
   cols: 1
   dt: d
   data: [ -1.7997624825260075e+02, 7.9388896410685417e-01,
       1.5729455726644748e+01 ]
Q: !!opencv-matrix
   rows: 4
   cols: 4
   dt: d
   data: [ 1., 0., 0., -4.4821239471435547e+02, 0., 1., 0.,
       -2.3170578575134277e+02, 0., 0., 0., 3.5546572570001058e+02, 0.,
       0., 5.5351357716497138e-03, 0. ]
K1: !!opencv-matrix
   rows: 3
   cols: 3
   dt: d
   data: [ 3.6627756984521932e+02, 0., 3.8060969928433269e+02, 0.,
       3.6653175179255015e+02, 2.3878059668569790e+02, 0., 0., 1. ]
K2: !!opencv-matrix
   rows: 3
   cols: 3
   dt: d
   data: [ 3.6687495098581172e+02, 0., 3.7621769200552956e+02, 0.,
       3.6726361788508825e+02, 2.2399932895774910e+02, 0., 0., 1. ]
D1: !!opencv-matrix
   rows: 5
   cols: 1
   dt: d
   data: [ -2.1859934914563901e-02, -9.9468572971318997e-04,
       1.6448003429794193e-03, -3.1164985765511365e-04,
       3.5195408316194161e-04 ]
D2: !!opencv-matrix
   rows: 5
   cols: 1
   dt: d
   data: [ -2.2201337830972428e-02, -1.1445843221826492e-03,
       2.9199201696882579e-04, -7.1705872414221615e-04,
       5.1284674356775366e-04 ]
R1: !!opencv-matrix
   rows: 3
   cols: 3
   dt: d
   data: [ 9.9590120201118726e-01, 6.0827183062570891e-03,
       -9.0242985160505107e-02, -5.6894104306105357e-03,
       9.9997316618886856e-01, 4.6149226604391014e-03,
       9.0268634871833953e-02, -4.0825776436583718e-03,
       9.9590908526740485e-01 ]
R2: !!opencv-matrix
   rows: 3
   cols: 3
   dt: d
   data: [ 9.9619296975027982e-01, -4.3942832039457957e-03,
       -8.7064673061131817e-02, 4.0083379445778004e-03,
       9.9998135335598559e-01, -4.6071864791572366e-03,
       8.7083294879329781e-02, 4.2406621482017721e-03,
       9.9619200786670870e-01 ]
P1: !!opencv-matrix
   rows: 3
   cols: 4
   dt: d
   data: [ 3.5546572570001058e+02, 0., 4.4821239471435547e+02, 0., 0.,
       3.5546572570001058e+02, 2.3170578575134277e+02, 0., 0., 0., 1.,
       0. ]
P2: !!opencv-matrix
   rows: 3
   cols: 4
   dt: d
   data: [ 3.5546572570001058e+02, 0., 4.4821239471435547e+02,
       -6.4219874699490189e+04, 0., 3.5546572570001058e+02,
       2.3170578575134277e+02, 0., 0., 0., 1., 0. ]
