%YAML:1.0
---
R: !!opencv-matrix
   rows: 3
   cols: 3
   dt: d
   data: [ 9.9789909251439113e-01, -4.2750696192514939e-02,
       4.8680377299376146e-02, 4.4881661743347623e-02,
       9.9804230012197226e-01, -4.3556900789640543e-02,
       -4.6722987897929377e-02, 4.5650247998210804e-02,
       9.9786422786849693e-01 ]
T: !!opencv-matrix
   rows: 3
   cols: 1
   dt: d
   data: [ -1.6997624825260075e+02, 1.0793888964106854e+01,
       1.0729455726644746e+01 ]
Q: !!opencv-matrix
   rows: 4
   cols: 4
   dt: d
   data: [ 1., 0., 0., -4.0769003677368164e+02, 0., 1., 0.,
       -2.3249029541015625e+02, 0., 0., 0., 3.7000310061124020e+02, 0.,
       0., 5.8597327940479154e-03, 0. ]
K1: !!opencv-matrix
   rows: 3
   cols: 3
   dt: d
   data: [ 3.6627756984521932e+02, 0., 3.8060969928433269e+02, 0.,
       3.6653175179255015e+02, 2.3878059668569790e+02, 0., 0., 1. ]
K2: !!opencv-matrix
   rows: 3
   cols: 3
   dt: d
   data: [ 3.6687495098581172e+02, 0., 3.7621769200552956e+02, 0.,
       3.6726361788508825e+02, 2.2399932895774910e+02, 0., 0., 1. ]
D1: !!opencv-matrix
   rows: 5
   cols: 1
   dt: d
   data: [ -2.1859934914563901e-02, -9.9468572971318997e-04,
       1.6448003429794193e-03, -3.1164985765511365e-04,
       3.5195408316194161e-04 ]
D2: !!opencv-matrix
   rows: 5
   cols: 1
   dt: d
   data: [ -2.2201337830972428e-02, -1.1445843221826492e-03,
       2.9199201696882579e-04, -7.1705872414221615e-04,
       5.1284674356775366e-04 ]
R1: !!opencv-matrix
   rows: 3
   cols: 3
   dt: d
   data: [ 9.9402168168942162e-01, -1.0857594426953422e-01,
       -1.1496114879087103e-02, 1.0833425131959187e-01,
       9.9391543391882653e-01, -1.9894728170409784e-02,
       1.3586254905516442e-02, 1.8530368154194690e-02,
       9.9973598471482072e-01 ]
R2: !!opencv-matrix
   rows: 3
   cols: 3
   dt: d
   data: [ 9.9601539609499434e-01, -6.3249305138288844e-02,
       -6.2871743583705453e-02, 6.4647591449927877e-02,
       9.9769841971917395e-01, 2.0458548569886985e-02,
       6.1433050237268715e-02, -2.4441536150308710e-02,
       9.9781190193801472e-01 ]
P1: !!opencv-matrix
   rows: 3
   cols: 4
   dt: d
   data: [ 3.7000310061124020e+02, 0., 4.0769003677368164e+02, 0., 0.,
       3.7000310061124020e+02, 2.3249029541015625e+02, 0., 0., 0., 1.,
       0. ]
P2: !!opencv-matrix
   rows: 3
   cols: 4
   dt: d
   data: [ 3.7000310061124020e+02, 0., 4.0769003677368164e+02,
       -6.3143340083198789e+04, 0., 3.7000310061124020e+02,
       2.3249029541015625e+02, 0., 0., 0., 1., 0. ]
