%YAML:1.0
---
Q: !!opencv-matrix
   rows: 4
   cols: 4
   dt: f
   data: [ 1., 0., 0., -3.82646393e+02, 0., 1., 0., -2.31851974e+02, 0.,
       0., 0., 3.58698700e+02, 0., 0., 5.54768881e-03, 0. ]
R: !!opencv-matrix
   rows: 3
   cols: 3
   dt: d
   data: [ 9.9991052716792850e-01, 9.7359536390565458e-03,
       -3.1488081923713306e-03, -9.6824099432768519e-03,
       9.9987704881463235e-01, 9.2343605879925579e-03,
       3.2435136040542996e-03, -9.2035224586480349e-03,
       9.9991887118383505e-01 ]
T: !!opencv-matrix
   rows: 3
   cols: 1
   dt: d
   data: [ -1.8026377309271533e+02, 8.6748954034568082e-01,
       7.9774027442622042e-01 ]
E: !!opencv-matrix
   rows: 0
   cols: 0
   dt: u
   data: []
F: !!opencv-matrix
   rows: 0
   cols: 0
   dt: u
   data: []
K1: !!opencv-matrix
   rows: 3
   cols: 3
   dt: d
   data: [ 3.6627756984521932e+02, 0., 3.8060969928433269e+02, 0.,
       3.6653175179255015e+02, 2.3878059668569790e+02, 0., 0., 1. ]
D1: !!opencv-matrix
   rows: 5
   cols: 1
   dt: d
   data: [ -2.1859934914563901e-02, -9.9468572971318997e-04,
       1.6448003429794193e-03, -3.1164985765511365e-04,
       3.5195408316194161e-04 ]
P1: !!opencv-matrix
   rows: 3
   cols: 4
   dt: f
   data: [ 3.58698700e+02, 0., 3.82646393e+02, 0., 0., 3.58698700e+02,
       2.31851974e+02, 0., 0., 0., 1., 0. ]
R1: !!opencv-matrix
   rows: 3
   cols: 3
   dt: f
   data: [ 9.99958694e-01, 4.95305378e-03, -7.62191089e-03,
       -4.91797738e-03, 9.99977291e-01, 4.61393828e-03, 7.64459092e-03,
       -4.57626302e-03, 9.99960303e-01 ]
K2: !!opencv-matrix
   rows: 3
   cols: 3
   dt: d
   data: [ 3.6687495098581172e+02, 0., 3.7621769200552956e+02, 0.,
       3.6726361788508825e+02, 2.2399932895774910e+02, 0., 0., 1. ]
D2: !!opencv-matrix
   rows: 5
   cols: 1
   dt: d
   data: [ -2.2201337830972428e-02, -1.1445843221826492e-03,
       2.9199201696882579e-04, -7.1705872414221615e-04,
       5.1284674356775366e-04 ]
P2: !!opencv-matrix
   rows: 3
   cols: 4
   dt: f
   data: [ 3.58698700e+02, 0., 3.82646393e+02, -6.46573164e+04, 0.,
       3.58698700e+02, 2.31851974e+02, 0., 0., 0., 1., 0. ]
R2: !!opencv-matrix
   rows: 3
   cols: 3
   dt: f
   data: [ 9.99978602e-01, -4.81223129e-03, -4.42531006e-03,
       4.79184557e-03, 9.99977887e-01, -4.60577523e-03, 4.44737636e-03,
       4.58447170e-03, 9.99979615e-01 ]
