%YAML:1.0
---
Q: !!opencv-matrix
   rows: 4
   cols: 4
   dt: f
   data: [ 1., 0., 0., -3.82357910e+02, 0., 1., 0., -2.31849884e+02, 0.,
       0., 0., 3.58599579e+02, 0., 0., 5.55402460e-03, 0. ]
R: !!opencv-matrix
   rows: 3
   cols: 3
   dt: d
   data: [ 9.9998182173819083e-01, 9.7348182083816601e-03,
       -3.1534297130677139e-03, -9.6827780971626160e-03,
       9.9988934468224866e-01, 9.2344969104584552e-03,
       3.2431078966710931e-03, -9.2033891865883118e-03,
       9.9993094835042085e-01 ]
T: !!opencv-matrix
   rows: 3
   cols: 1
   dt: d
   data: [ -1.8004638735269438e+02, 7.9426772520277333e-01,
       7.3123617755140258e-01 ]
E: !!opencv-matrix
   rows: 0
   cols: 0
   dt: u
   data: []
F: !!opencv-matrix
   rows: 0
   cols: 0
   dt: u
   data: []
K1: !!opencv-matrix
   rows: 3
   cols: 3
   dt: d
   data: [ 3.6627756984521932e+02, 0., 3.8060969928433269e+02, 0.,
       3.6653175179255015e+02, 2.3878059668569790e+02, 0., 0., 1. ]
D1: !!opencv-matrix
   rows: 5
   cols: 1
   dt: d
   data: [ -2.1859934914563901e-02, -9.9468572971318997e-04,
       1.6448003429794193e-03, -3.1164985765511365e-04,
       3.5195408316194161e-04 ]
P1: !!opencv-matrix
   rows: 3
   cols: 4
   dt: f
   data: [ 3.58599579e+02, 0., 3.82357910e+02, 0., 0., 3.58599579e+02,
       2.31849884e+02, 0., 0., 0., 1., 0. ]
R1: !!opencv-matrix
   rows: 3
   cols: 3
   dt: f
   data: [ 9.99959350e-01, 5.34969568e-03, -7.25533674e-03,
       -5.31629147e-03, 9.99975204e-01, 4.61562769e-03, 7.27984915e-03,
       -4.57686884e-03, 9.99963045e-01 ]
K2: !!opencv-matrix
   rows: 3
   cols: 3
   dt: d
   data: [ 3.6687495098581172e+02, 0., 3.7621769200552956e+02, 0.,
       3.6726361788508825e+02, 2.2399932895774910e+02, 0., 0., 1. ]
D2: !!opencv-matrix
   rows: 5
   cols: 1
   dt: d
   data: [ -2.2201337830972428e-02, -1.1445843221826492e-03,
       2.9199201696882579e-04, -7.1705872414221615e-04,
       5.1284674356775366e-04 ]
P2: !!opencv-matrix
   rows: 3
   cols: 4
   dt: f
   data: [ 3.58599579e+02, 0., 3.82357910e+02, -6.45657227e+04, 0.,
       3.58599579e+02, 2.31849884e+02, 0., 0., 0., 1., 0. ]
R2: !!opencv-matrix
   rows: 3
   cols: 3
   dt: f
   data: [ 9.99981999e-01, -4.41138214e-03, -4.06130357e-03,
       4.39266860e-03, 9.99979734e-01, -4.60523553e-03, 4.08153655e-03,
       4.58731316e-03, 9.99981165e-01 ]
