%YAML:1.0
---
Q: !!opencv-matrix
   rows: 4
   cols: 4
   dt: f
   data: [ 1., 0., 0., -3.82444794e+02, 0., 1., 0., -2.31850525e+02, 0.,
       0., 0., 3.58668243e+02, 0., 0., 5.55260433e-03, 0. ]
R: !!opencv-matrix
   rows: 3
   cols: 3
   dt: d
   data: [ 9.9995330482588252e-01, 9.7355814167969408e-03,
       -3.1497724824640148e-03, -9.6826718586246491e-03,
       9.9988910623459359e-01, 9.2344637126934460e-03,
       3.2430686840659540e-03, -9.2037849659690491e-03,
       9.9993100555463155e-01 ]
T: !!opencv-matrix
   rows: 3
   cols: 1
   dt: d
   data: [ -1.8009861116501745e+02, 8.1721904452887617e-01,
       7.5134631115516626e-01 ]
E: !!opencv-matrix
   rows: 0
   cols: 0
   dt: u
   data: []
F: !!opencv-matrix
   rows: 0
   cols: 0
   dt: u
   data: []
K1: !!opencv-matrix
   rows: 3
   cols: 3
   dt: d
   data: [ 3.6627756984521932e+02, 0., 3.8060969928433269e+02, 0.,
       3.6653175179255015e+02, 2.3878059668569790e+02, 0., 0., 1. ]
D1: !!opencv-matrix
   rows: 5
   cols: 1
   dt: d
   data: [ -2.1859934914563901e-02, -9.9468572971318997e-04,
       1.6448003429794193e-03, -3.1164985765511365e-04,
       3.5195408316194161e-04 ]
P1: !!opencv-matrix
   rows: 3
   cols: 4
   dt: f
   data: [ 3.58668243e+02, 0., 3.82444794e+02, 0., 0., 3.58668243e+02,
       2.31850525e+02, 0., 0., 0., 1., 0. ]
R1: !!opencv-matrix
   rows: 3
   cols: 3
   dt: f
   data: [ 9.99959230e-01, 5.22529939e-03, -7.36481929e-03,
       -5.19139506e-03, 9.99975860e-01, 4.61518671e-03, 7.38875708e-03,
       -4.57676500e-03, 9.99962211e-01 ]
K2: !!opencv-matrix
   rows: 3
   cols: 3
   dt: d
   data: [ 3.6687495098581172e+02, 0., 3.7621769200552956e+02, 0.,
       3.6726361788508825e+02, 2.2399932895774910e+02, 0., 0., 1. ]
D2: !!opencv-matrix
   rows: 5
   cols: 1
   dt: d
   data: [ -2.2201337830972428e-02, -1.1445843221826492e-03,
       2.9199201696882579e-04, -7.1705872414221615e-04,
       5.1284674356775366e-04 ]
P2: !!opencv-matrix
   rows: 3
   cols: 4
   dt: f
   data: [ 3.58668243e+02, 0., 3.82444794e+02, -6.45945977e+04, 0.,
       3.58668243e+02, 2.31850525e+02, 0., 0., 0., 1., 0. ]
R2: !!opencv-matrix
   rows: 3
   cols: 3
   dt: f
   data: [ 9.99980986e-01, -4.53753350e-03, -4.17178031e-03,
       4.51831194e-03, 9.99979198e-01, -4.60546929e-03, 4.19259118e-03,
       4.58653225e-03, 9.99980688e-01 ]
