%YAML:1.0
---
Q: !!opencv-matrix
   rows: 4
   cols: 4
   dt: f
   data: [ 1., 0., 0., -3.82540955e+02, 0., 1., 0., -2.31851227e+02, 0.,
       0., 0., 3.58742889e+02, 0., 0., 5.54983737e-03, 0. ]
R: !!opencv-matrix
   rows: 3
   cols: 3
   dt: d
   data: [ 9.9994997902895644e-01, 9.7346720470123799e-03,
       -3.1505682386471045e-03, -9.6825767465493137e-03,
       9.9987733646607346e-01, 9.2343389026495019e-03,
       3.2430448954929680e-03, -9.2036223505821014e-03,
       9.9991930271807361e-01 ]
T: !!opencv-matrix
   rows: 3
   cols: 1
   dt: d
   data: [ -1.8018182800127062e+02, 8.4172856362892012e-01,
       7.7345330176527716e-01 ]
E: !!opencv-matrix
   rows: 0
   cols: 0
   dt: u
   data: []
F: !!opencv-matrix
   rows: 0
   cols: 0
   dt: u
   data: []
K1: !!opencv-matrix
   rows: 3
   cols: 3
   dt: d
   data: [ 3.6627756984521932e+02, 0., 3.8060969928433269e+02, 0.,
       3.6653175179255015e+02, 2.3878059668569790e+02, 0., 0., 1. ]
D1: !!opencv-matrix
   rows: 5
   cols: 1
   dt: d
   data: [ -2.1859934914563901e-02, -9.9468572971318997e-04,
       1.6448003429794193e-03, -3.1164985765511365e-04,
       3.5195408316194161e-04 ]
P1: !!opencv-matrix
   rows: 3
   cols: 4
   dt: f
   data: [ 3.58742889e+02, 0., 3.82540955e+02, 0., 0., 3.58742889e+02,
       2.31851227e+02, 0., 0., 0., 1., 0. ]
R1: !!opencv-matrix
   rows: 3
   cols: 3
   dt: f
   data: [ 9.99958992e-01, 5.09179197e-03, -7.48756342e-03,
       -5.05732791e-03, 9.99976575e-01, 4.61458135e-03, 7.51088466e-03,
       -4.57652519e-03, 9.99961317e-01 ]
K2: !!opencv-matrix
   rows: 3
   cols: 3
   dt: d
   data: [ 3.6687495098581172e+02, 0., 3.7621769200552956e+02, 0.,
       3.6726361788508825e+02, 2.2399932895774910e+02, 0., 0., 1. ]
D2: !!opencv-matrix
   rows: 5
   cols: 1
   dt: d
   data: [ -2.2201337830972428e-02, -1.1445843221826492e-03,
       2.9199201696882579e-04, -7.1705872414221615e-04,
       5.1284674356775366e-04 ]
P2: !!opencv-matrix
   rows: 3
   cols: 4
   dt: f
   data: [ 3.58742889e+02, 0., 3.82540955e+02, -6.46402500e+04, 0.,
       3.58742889e+02, 2.31851227e+02, 0., 0., 0., 1., 0. ]
R2: !!opencv-matrix
   rows: 3
   cols: 3
   dt: f
   data: [ 9.99979854e-01, -4.67145676e-03, -4.29254025e-03,
       4.65168059e-03, 9.99978602e-01, -4.60560760e-03, 4.31396300e-03,
       4.58554737e-03, 9.99980152e-01 ]
