%YAML:1.0
---
R: !!opencv-matrix
   rows: 3
   cols: 3
   dt: d
   data: [ 9.9994786107858491e-01, 9.5962818479623391e-03,
       -3.4909166500324681e-03, -9.6827774839271553e-03,
       9.9962364609421495e-01, -2.5667294160164021e-02,
       3.2432922408809684e-03, 2.5699757664268064e-02,
       9.9966444545729349e-01 ]
T: !!opencv-matrix
   rows: 3
   cols: 1
   dt: d
   data: [ -1.7997624825260075e+02, 7.9388896410685417e-01,
       7.2945572664474645e-01 ]
Q: !!opencv-matrix
   rows: 4
   cols: 4
   dt: d
   data: [ 1., 0., 0., -3.8236141586303711e+02, 0., 1., 0.,
       -2.3181954383850098e+02, 0., 0., 0., 3.5980822895625738e+02, 0.,
       0., 5.5561890400545200e-03, 0. ]
K1: !!opencv-matrix
   rows: 3
   cols: 3
   dt: d
   data: [ 3.6627756984521932e+02, 0., 3.8060969928433269e+02, 0.,
       3.6653175179255015e+02, 2.3878059668569790e+02, 0., 0., 1. ]
K2: !!opencv-matrix
   rows: 3
   cols: 3
   dt: d
   data: [ 3.6687495098581172e+02, 0., 3.7621769200552956e+02, 0.,
       3.6726361788508825e+02, 2.2399932895774910e+02, 0., 0., 1. ]
D1: !!opencv-matrix
   rows: 5
   cols: 1
   dt: d
   data: [ -2.1859934914563901e-02, -9.9468572971318997e-04,
       1.6448003429794193e-03, -3.1164985765511365e-04,
       3.5195408316194161e-04 ]
D2: !!opencv-matrix
   rows: 5
   cols: 1
   dt: d
   data: [ -2.2201337830972428e-02, -1.1445843221826492e-03,
       2.9199201696882579e-04, -7.1705872414221615e-04,
       5.1284674356775366e-04 ]
R1: !!opencv-matrix
   rows: 3
   cols: 3
   dt: d
   data: [ 9.9995948568557635e-01, 5.0826116448056333e-03,
       -7.4292695674330247e-03, -5.1777138593032870e-03,
       9.9990417960998468e-01, -1.2838336250250626e-02,
       7.3633054146000770e-03, 1.2876282745862909e-02,
       9.9988998548641339e-01 ]
R2: !!opencv-matrix
   rows: 3
   cols: 3
   dt: d
   data: [ 9.9998205801123174e-01, -4.4109971613907435e-03,
       -4.0529939135885620e-03, 4.4627359913794584e-03,
       9.9990752177081510e-01, 1.2846473976076370e-02,
       3.9959533396461688e-03, -1.2864330926595592e-02,
       9.9990926655708046e-01 ]
P1: !!opencv-matrix
   rows: 3
   cols: 4
   dt: d
   data: [ 3.5980822895625738e+02, 0., 3.8236141586303711e+02, 0., 0.,
       3.5980822895625738e+02, 2.3181954383850098e+02, 0., 0., 0., 1.,
       0. ]
P2: !!opencv-matrix
   rows: 3
   cols: 4
   dt: d
   data: [ 3.5980822895625738e+02, 0., 3.8236141586303711e+02,
       -6.4758097027009491e+04, 0., 3.5980822895625738e+02,
       2.3181954383850098e+02, 0., 0., 0., 1., 0. ]
