%YAML:1.0
---
R: !!opencv-matrix
   rows: 3
   cols: 3
   dt: d
   data: [ 9.9918661213692284e-01, -2.5290234154821175e-02,
       3.1408887002454290e-02, 2.6110608001911083e-02,
       9.9932115846533498e-01, -2.5989582398940093e-02,
       -3.0730282720944208e-02, 2.6788547924347750e-02,
       9.9916866615401612e-01 ]
T: !!opencv-matrix
   rows: 3
   cols: 1
   dt: d
   data: [ -1.7997624825260075e+02, 7.9388896410685417e-01,
       7.2945572664474645e-01 ]
Q: !!opencv-matrix
   rows: 4
   cols: 4
   dt: d
   data: [ 1., 0., 0., -3.6873771667480469e+02, 0., 1., 0.,
       -2.3175572204589844e+02, 0., 0., 0., 3.6655060536662205e+02, 0.,
       0., 5.5561890400545192e-03, 0. ]
K1: !!opencv-matrix
   rows: 3
   cols: 3
   dt: d
   data: [ 3.6627756984521932e+02, 0., 3.8060969928433269e+02, 0.,
       3.6653175179255015e+02, 2.3878059668569790e+02, 0., 0., 1. ]
K2: !!opencv-matrix
   rows: 3
   cols: 3
   dt: d
   data: [ 3.6687495098581172e+02, 0., 3.7621769200552956e+02, 0.,
       3.6726361788508825e+02, 2.2399932895774910e+02, 0., 0., 1. ]
D1: !!opencv-matrix
   rows: 5
   cols: 1
   dt: d
   data: [ -2.1859934914563901e-02, -9.9468572971318997e-04,
       1.6448003429794193e-03, -3.1164985765511365e-04,
       3.5195408316194161e-04 ]
D2: !!opencv-matrix
   rows: 5
   cols: 1
   dt: d
   data: [ -2.2201337830972428e-02, -1.1445843221826492e-03,
       2.9199201696882579e-04, -7.1705872414221615e-04,
       5.1284674356775366e-04 ]
R1: !!opencv-matrix
   rows: 3
   cols: 3
   dt: d
   data: [ 9.9917806057300296e-01, -2.9806357012720726e-02,
       2.7473338916169661e-02, 3.0167548806126439e-02,
       9.9946254208238527e-01, -1.2827547436923468e-02,
       -2.7076230694143298e-02, 1.3645807262554184e-02,
       9.9954022914315488e-01 ]
R2: !!opencv-matrix
   rows: 3
   cols: 3
   dt: d
   data: [ 9.9998205801123186e-01, -4.4109971613907444e-03,
       -4.0529939135885464e-03, 4.4634701818703562e-03,
       9.9990514103882144e-01, 1.3030209440773070e-02,
       3.9951332339406634e-03, -1.3048066070382240e-02,
       9.9990688910631365e-01 ]
P1: !!opencv-matrix
   rows: 3
   cols: 4
   dt: d
   data: [ 3.6655060536662205e+02, 0., 3.6873771667480469e+02, 0., 0.,
       3.6655060536662205e+02, 2.3175572204589844e+02, 0., 0., 0., 1.,
       0. ]
P2: !!opencv-matrix
   rows: 3
   cols: 4
   dt: d
   data: [ 3.6655060536662205e+02, 0., 3.6873771667480469e+02,
       -6.5971586410066666e+04, 0., 3.6655060536662205e+02,
       2.3175572204589844e+02, 0., 0., 0., 1., 0. ]
