%YAML:1.0
---
Q: !!opencv-matrix
   rows: 4
   cols: 4
   dt: f
   data: [ 1., 0., 0., -4.25382721e+02, 0., 1., 0., -2.33712341e+02, 0.,
       0., 0., 3.70897186e+02, 0., 0., 2.34892825e-03, 0. ]
R: !!opencv-matrix
   rows: 3
   cols: 3
   dt: d
   data: [ 1.0240395615352940e+00, 9.3247598968410565e-03,
       -3.4012225366786752e-03, -9.9066457948271871e-03,
       1.0233067189287732e+00, -4.4176676577478341e-02,
       3.3331653136895590e-03, 4.4216172397560649e-02,
       1.0233008756755244e+00 ]
T: !!opencv-matrix
   rows: 3
   cols: 1
   dt: d
   data: [ -4.2636020181391859e+02, 2.5570680954701420e+01,
       2.5418118316968471e+01 ]
E: !!opencv-matrix
   rows: 0
   cols: 0
   dt: u
   data: []
F: !!opencv-matrix
   rows: 0
   cols: 0
   dt: u
   data: []
K1: !!opencv-matrix
   rows: 3
   cols: 3
   dt: d
   data: [ 3.6627756984521932e+02, 0., 3.8060969928433269e+02, 0.,
       3.6653175179255015e+02, 2.3878059668569790e+02, 0., 0., 1. ]
D1: !!opencv-matrix
   rows: 5
   cols: 1
   dt: d
   data: [ -2.1859934914563901e-02, -9.9468572971318997e-04,
       1.6448003429794193e-03, -3.1164985765511365e-04,
       3.5195408316194161e-04 ]
P1: !!opencv-matrix
   rows: 3
   cols: 4
   dt: f
   data: [ 3.70897186e+02, 0., 4.25382721e+02, 0., 0., 3.70897186e+02,
       2.33712341e+02, 0., 0., 0., 1., 0. ]
R1: !!opencv-matrix
   rows: 3
   cols: 3
   dt: f
   data: [ 9.96780813e-01, -5.30425645e-02, -6.01208210e-02,
       5.17212711e-02, 9.98389125e-01, -2.33254842e-02, 6.12612180e-02,
       2.01408695e-02, 9.97918546e-01 ]
K2: !!opencv-matrix
   rows: 3
   cols: 3
   dt: d
   data: [ 3.6687495098581172e+02, 0., 3.7621769200552956e+02, 0.,
       3.6726361788508825e+02, 2.2399932895774910e+02, 0., 0., 1. ]
D2: !!opencv-matrix
   rows: 5
   cols: 1
   dt: d
   data: [ -2.2201337830972428e-02, -1.1445843221826492e-03,
       2.9199201696882579e-04, -7.1705872414221615e-04,
       5.1284674356775366e-04 ]
P2: !!opencv-matrix
   rows: 3
   cols: 4
   dt: f
   data: [ 3.70897186e+02, 0., 4.25382721e+02, -1.57900609e+05, 0.,
       3.70897186e+02, 2.33712341e+02, 0., 0., 0., 1., 0. ]
R2: !!opencv-matrix
   rows: 3
   cols: 3
   dt: f
   data: [ 9.96443510e-01, -5.97610660e-02, -5.94045110e-02,
       6.10401407e-02, 9.97935832e-01, 1.99537929e-02, 5.80894314e-02,
       -2.35088877e-02, 9.98034537e-01 ]
