%YAML:1.0
---
Q: !!opencv-matrix
   rows: 4
   cols: 4
   dt: f
   data: [ 1., 0., 0., -4.04987488e+02, 0., 1., 0., -2.33224747e+02, 0.,
       0., 0., 3.69081909e+02, 0., 0., 1.85867131e-03, 0. ]
R: !!opencv-matrix
   rows: 3
   cols: 3
   dt: d
   data: [ 1.0230203781042062e+00, -4.3857168429307106e-02,
       4.9814336150336307e-02, 4.6017312104839996e-02,
       1.0232238941558238e+00, -4.4650173050948969e-02,
       -4.7898515195498308e-02, 4.6803646035477736e-02,
       1.0230452123277447e+00 ]
T: !!opencv-matrix
   rows: 3
   cols: 1
   dt: d
   data: [ -5.3845921696034725e+02, 3.2293583366014943e+01,
       3.2101179243955798e+01 ]
E: !!opencv-matrix
   rows: 0
   cols: 0
   dt: u
   data: []
F: !!opencv-matrix
   rows: 0
   cols: 0
   dt: u
   data: []
K1: !!opencv-matrix
   rows: 3
   cols: 3
   dt: d
   data: [ 3.6627756984521932e+02, 0., 3.8060969928433269e+02, 0.,
       3.6653175179255015e+02, 2.3878059668569790e+02, 0., 0., 1. ]
D1: !!opencv-matrix
   rows: 5
   cols: 1
   dt: d
   data: [ -2.1859934914563901e-02, -9.9468572971318997e-04,
       1.6448003429794193e-03, -3.1164985765511365e-04,
       3.5195408316194161e-04 ]
P1: !!opencv-matrix
   rows: 3
   cols: 4
   dt: f
   data: [ 3.69081909e+02, 0., 4.04987488e+02, 0., 0., 3.69081909e+02,
       2.33224747e+02, 0., 0., 0., 1., 0. ]
R1: !!opencv-matrix
   rows: 3
   cols: 3
   dt: f
   data: [ 9.94443476e-01, -1.04952186e-01, -8.19575321e-03,
       1.04757272e-01, 9.94267583e-01, -2.13976875e-02, 1.03945062e-02,
       2.04202272e-02, 9.99737442e-01 ]
K2: !!opencv-matrix
   rows: 3
   cols: 3
   dt: d
   data: [ 3.6687495098581172e+02, 0., 3.7621769200552956e+02, 0.,
       3.6726361788508825e+02, 2.2399932895774910e+02, 0., 0., 1. ]
D2: !!opencv-matrix
   rows: 5
   cols: 1
   dt: d
   data: [ -2.2201337830972428e-02, -1.1445843221826492e-03,
       2.9199201696882579e-04, -7.1705872414221615e-04,
       5.1284674356775366e-04 ]
P2: !!opencv-matrix
   rows: 3
   cols: 4
   dt: f
   data: [ 3.69081909e+02, 0., 4.04987488e+02, -1.98572984e+05, 0.,
       3.69081909e+02, 2.33224747e+02, 0., 0., 0., 1., 0. ]
R2: !!opencv-matrix
   rows: 3
   cols: 3
   dt: f
   data: [ 9.96443570e-01, -5.97607605e-02, -5.94047084e-02,
       6.09925650e-02, 9.97954667e-01, 1.91418547e-02, 5.81392720e-02,
       -2.26970240e-02, 9.98050451e-01 ]
