%YAML:1.0
---
Q: !!opencv-matrix
   rows: 4
   cols: 4
   dt: f
   data: [ 1., 0., 0., -4.04987183e+02, 0., 1., 0., -2.33224701e+02, 0.,
       0., 0., 3.69081970e+02, 0., 0., 2.01512501e-03, 0. ]
R: !!opencv-matrix
   rows: 3
   cols: 3
   dt: d
   data: [ 1.0232168268174473e+00, -4.3836635757679210e-02,
       4.9852138289435306e-02, 4.6024599288845211e-02,
       1.0234039177247314e+00, -4.4659839377984151e-02,
       -4.7907901964277522e-02, 4.6810269811112935e-02,
       1.0232251765090454e+00 ]
T: !!opencv-matrix
   rows: 3
   cols: 1
   dt: d
   data: [ -5.0274115735062213e+02, 3.0151426449984548e+01,
       2.9971785220194718e+01 ]
E: !!opencv-matrix
   rows: 0
   cols: 0
   dt: u
   data: []
F: !!opencv-matrix
   rows: 0
   cols: 0
   dt: u
   data: []
K1: !!opencv-matrix
   rows: 3
   cols: 3
   dt: d
   data: [ 3.6627756984521932e+02, 0., 3.8060969928433269e+02, 0.,
       3.6653175179255015e+02, 2.3878059668569790e+02, 0., 0., 1. ]
D1: !!opencv-matrix
   rows: 5
   cols: 1
   dt: d
   data: [ -2.1859934914563901e-02, -9.9468572971318997e-04,
       1.6448003429794193e-03, -3.1164985765511365e-04,
       3.5195408316194161e-04 ]
P1: !!opencv-matrix
   rows: 3
   cols: 4
   dt: f
   data: [ 3.69081970e+02, 0., 4.04987183e+02, 0., 0., 3.69081970e+02,
       2.33224701e+02, 0., 0., 0., 1., 0. ]
R1: !!opencv-matrix
   rows: 3
   cols: 3
   dt: f
   data: [ 9.94443595e-01, -1.04951285e-01, -8.19494110e-03,
       1.04756385e-01, 9.94267702e-01, -2.13976596e-02, 1.03936763e-02,
       2.04202943e-02, 9.99737442e-01 ]
K2: !!opencv-matrix
   rows: 3
   cols: 3
   dt: d
   data: [ 3.6687495098581172e+02, 0., 3.7621769200552956e+02, 0.,
       3.6726361788508825e+02, 2.2399932895774910e+02, 0., 0., 1. ]
D2: !!opencv-matrix
   rows: 5
   cols: 1
   dt: d
   data: [ -2.2201337830972428e-02, -1.1445843221826492e-03,
       2.9199201696882579e-04, -7.1705872414221615e-04,
       5.1284674356775366e-04 ]
P2: !!opencv-matrix
   rows: 3
   cols: 4
   dt: f
   data: [ 3.69081970e+02, 0., 4.04987183e+02, -1.83155875e+05, 0.,
       3.69081970e+02, 2.33224701e+02, 0., 0., 0., 1., 0. ]
R2: !!opencv-matrix
   rows: 3
   cols: 3
   dt: f
   data: [ 9.96443570e-01, -5.97607605e-02, -5.94047084e-02,
       6.09925650e-02, 9.97954667e-01, 1.91418752e-02, 5.81392720e-02,
       -2.26970427e-02, 9.98050451e-01 ]
