%YAML:1.0
---
Q: !!opencv-matrix
   rows: 4
   cols: 4
   dt: f
   data: [ 1., 0., 0., -4.04983704e+02, 0., 1., 0., -2.33223343e+02, 0.,
       0., 0., 3.69019409e+02, 0., 0., 2.12750281e-03, 0. ]
R: !!opencv-matrix
   rows: 3
   cols: 3
   dt: d
   data: [ 1.0234204596166396e+00, -4.3785361513970784e-02,
       4.9829728755550938e-02, 4.6032659286617469e-02,
       1.0235935386940789e+00, -4.4666361620635253e-02,
       -4.7917570264756792e-02, 4.6815556236975496e-02,
       1.0234202321642638e+00 ]
T: !!opencv-matrix
   rows: 3
   cols: 1
   dt: d
   data: [ -4.6799296205492368e+02, 2.8067436253315190e+01,
       2.7900211492308507e+01 ]
E: !!opencv-matrix
   rows: 0
   cols: 0
   dt: u
   data: []
F: !!opencv-matrix
   rows: 0
   cols: 0
   dt: u
   data: []
K1: !!opencv-matrix
   rows: 3
   cols: 3
   dt: d
   data: [ 3.6627756984521932e+02, 0., 3.8060969928433269e+02, 0.,
       3.6653175179255015e+02, 2.3878059668569790e+02, 0., 0., 1. ]
D1: !!opencv-matrix
   rows: 5
   cols: 1
   dt: d
   data: [ -2.1859934914563901e-02, -9.9468572971318997e-04,
       1.6448003429794193e-03, -3.1164985765511365e-04,
       3.5195408316194161e-04 ]
P1: !!opencv-matrix
   rows: 3
   cols: 4
   dt: f
   data: [ 3.69019409e+02, 0., 4.04983704e+02, 0., 0., 3.69019409e+02,
       2.33223343e+02, 0., 0., 0., 1., 0. ]
R1: !!opencv-matrix
   rows: 3
   cols: 3
   dt: f
   data: [ 9.94466662e-01, -1.04733288e-01, -8.18704907e-03,
       1.04538612e-01, 9.94290650e-01, -2.13960484e-02, 1.03811845e-02,
       2.04217937e-02, 9.99737561e-01 ]
K2: !!opencv-matrix
   rows: 3
   cols: 3
   dt: d
   data: [ 3.6687495098581172e+02, 0., 3.7621769200552956e+02, 0.,
       3.6726361788508825e+02, 2.2399932895774910e+02, 0., 0., 1. ]
D2: !!opencv-matrix
   rows: 5
   cols: 1
   dt: d
   data: [ -2.2201337830972428e-02, -1.1445843221826492e-03,
       2.9199201696882579e-04, -7.1705872414221615e-04,
       5.1284674356775366e-04 ]
P2: !!opencv-matrix
   rows: 3
   cols: 4
   dt: f
   data: [ 3.69019409e+02, 0., 4.04983704e+02, -1.73451922e+05, 0.,
       3.69019409e+02, 2.33223343e+02, 0., 0., 0., 1., 0. ]
R2: !!opencv-matrix
   rows: 3
   cols: 3
   dt: f
   data: [ 9.96443570e-01, -5.97607605e-02, -5.94047084e-02,
       6.09925538e-02, 9.97954667e-01, 1.91416964e-02, 5.81392832e-02,
       -2.26968657e-02, 9.98050451e-01 ]
