%YAML:1.0
---
Q: !!opencv-matrix
   rows: 4
   cols: 4
   dt: f
   data: [ 1., 0., 0., -4.26591278e+02, 0., 1., 0., -2.33684158e+02, 0.,
       0., 0., 3.64742554e+02, 0., 0., 2.46504950e-03, 0. ]
R: !!opencv-matrix
   rows: 3
   cols: 3
   dt: d
   data: [ 1.0225295624093516e+00, 1.0249247564749611e-02,
       -3.4244120946833644e-03, -9.8690655483955024e-03,
       1.0231160379313737e+00, 9.4609980748805323e-03,
       3.3570124819091579e-03, -9.4359859465408154e-03,
       1.0231893128145331e+00 ]
T: !!opencv-matrix
   rows: 3
   cols: 1
   dt: d
   data: [ -4.0720655637654238e+02, 2.4421813843570575e+01,
       2.4275932793021799e+01 ]
E: !!opencv-matrix
   rows: 0
   cols: 0
   dt: u
   data: []
F: !!opencv-matrix
   rows: 0
   cols: 0
   dt: u
   data: []
K1: !!opencv-matrix
   rows: 3
   cols: 3
   dt: d
   data: [ 3.6627756984521932e+02, 0., 3.8060969928433269e+02, 0.,
       3.6653175179255015e+02, 2.3878059668569790e+02, 0., 0., 1. ]
D1: !!opencv-matrix
   rows: 5
   cols: 1
   dt: d
   data: [ -2.1859934914563901e-02, -9.9468572971318997e-04,
       1.6448003429794193e-03, -3.1164985765511365e-04,
       3.5195408316194161e-04 ]
P1: !!opencv-matrix
   rows: 3
   cols: 4
   dt: f
   data: [ 3.64742554e+02, 0., 4.26591278e+02, 0., 0., 3.64742554e+02,
       2.33684158e+02, 0., 0., 0., 1., 0. ]
R1: !!opencv-matrix
   rows: 3
   cols: 3
   dt: f
   data: [ 9.96779501e-01, -4.92575020e-02, -6.32801354e-02,
       4.95369472e-02, 9.98768210e-01, 2.85371579e-03, 6.30616173e-02,
       -5.97923016e-03, 9.97991741e-01 ]
K2: !!opencv-matrix
   rows: 3
   cols: 3
   dt: d
   data: [ 3.6687495098581172e+02, 0., 3.7621769200552956e+02, 0.,
       3.6726361788508825e+02, 2.2399932895774910e+02, 0., 0., 1. ]
D2: !!opencv-matrix
   rows: 5
   cols: 1
   dt: d
   data: [ -2.2201337830972428e-02, -1.1445843221826492e-03,
       2.9199201696882579e-04, -7.1705872414221615e-04,
       5.1284674356775366e-04 ]
P2: !!opencv-matrix
   rows: 3
   cols: 4
   dt: f
   data: [ 3.64742554e+02, 0., 4.26591278e+02, -1.47965609e+05, 0.,
       3.64742554e+02, 2.33684158e+02, 0., 0., 0., 1., 0. ]
R2: !!opencv-matrix
   rows: 3
   cols: 3
   dt: f
   data: [ 9.96443629e-01, -5.97607270e-02, -5.94037548e-02,
       5.94973415e-02, 9.98209238e-01, -6.19429909e-03, 5.96675500e-02,
       2.63790414e-03, 9.98214841e-01 ]
