%YAML:1.0
---
Q: !!opencv-matrix
   rows: 4
   cols: 4
   dt: f
   data: [ 1., 0., 0., -4.25507996e+02, 0., 1., 0., -2.33711639e+02, 0.,
       0., 0., 3.70898682e+02, 0., 0., 2.29125423e-03, 0. ]
R: !!opencv-matrix
   rows: 3
   cols: 3
   dt: d
   data: [ 1.0240972325065283e+00, 9.8070208553776919e-03,
       -3.7809966340005201e-03, -9.9144867540402210e-03,
       1.0231906900335710e+00, -4.4150124175986745e-02,
       3.3242497847810158e-03, 4.4183612676469156e-02,
       1.0232364762119635e+00 ]
T: !!opencv-matrix
   rows: 3
   cols: 1
   dt: d
   data: [ -4.3489000687644710e+02, 2.6082250578851919e+01,
       2.5926635764725898e+01 ]
E: !!opencv-matrix
   rows: 0
   cols: 0
   dt: u
   data: []
F: !!opencv-matrix
   rows: 0
   cols: 0
   dt: u
   data: []
K1: !!opencv-matrix
   rows: 3
   cols: 3
   dt: d
   data: [ 3.6627756984521932e+02, 0., 3.8060969928433269e+02, 0.,
       3.6653175179255015e+02, 2.3878059668569790e+02, 0., 0., 1. ]
D1: !!opencv-matrix
   rows: 5
   cols: 1
   dt: d
   data: [ -2.1859934914563901e-02, -9.9468572971318997e-04,
       1.6448003429794193e-03, -3.1164985765511365e-04,
       3.5195408316194161e-04 ]
P1: !!opencv-matrix
   rows: 3
   cols: 4
   dt: f
   data: [ 3.70898682e+02, 0., 4.25507996e+02, 0., 0., 3.70898682e+02,
       2.33711639e+02, 0., 0., 0., 1., 0. ]
R1: !!opencv-matrix
   rows: 3
   cols: 3
   dt: f
   data: [ 9.96777534e-01, -5.27458601e-02, -6.04356974e-02,
       5.14183156e-02, 9.98404980e-01, -2.33158357e-02, 6.15691170e-02,
       2.01331973e-02, 9.97899771e-01 ]
K2: !!opencv-matrix
   rows: 3
   cols: 3
   dt: d
   data: [ 3.6687495098581172e+02, 0., 3.7621769200552956e+02, 0.,
       3.6726361788508825e+02, 2.2399932895774910e+02, 0., 0., 1. ]
D2: !!opencv-matrix
   rows: 5
   cols: 1
   dt: d
   data: [ -2.2201337830972428e-02, -1.1445843221826492e-03,
       2.9199201696882579e-04, -7.1705872414221615e-04,
       5.1284674356775366e-04 ]
P2: !!opencv-matrix
   rows: 3
   cols: 4
   dt: f
   data: [ 3.70898682e+02, 0., 4.25507996e+02, -1.61875828e+05, 0.,
       3.70898682e+02, 2.33711639e+02, 0., 0., 0., 1., 0. ]
R2: !!opencv-matrix
   rows: 3
   cols: 3
   dt: f
   data: [ 9.96443510e-01, -5.97610660e-02, -5.94045110e-02,
       6.10396378e-02, 9.97936070e-01, 1.99451521e-02, 5.80899604e-02,
       -2.35002469e-02, 9.98034716e-01 ]
