%YAML:1.0
---
Q: !!opencv-matrix
   rows: 4
   cols: 4
   dt: f
   data: [ 1., 0., 0., -3.82966248e+02, 0., 1., 0., -2.32164627e+02, 0.,
       0., 0., 3.61190887e+02, 0., 0., 2.66982685e-03, 0. ]
R: !!opencv-matrix
   rows: 3
   cols: 3
   dt: d
   data: [ 1.0231787793073712e+00, 9.9894203381142039e-03,
       -3.2798884923194486e-03, -9.9038680898038810e-03,
       1.0232142230589882e+00, 9.4530853921266141e-03,
       3.3192216830875525e-03, -9.4184318885805821e-03,
       1.0232603217360385e+00 ]
T: !!opencv-matrix
   rows: 3
   cols: 1
   dt: d
   data: [ -3.7518918822210907e+02, 2.2501662874367501e+01,
       1.5208714471096829e+00 ]
E: !!opencv-matrix
   rows: 0
   cols: 0
   dt: u
   data: []
F: !!opencv-matrix
   rows: 0
   cols: 0
   dt: u
   data: []
K1: !!opencv-matrix
   rows: 3
   cols: 3
   dt: d
   data: [ 3.6627756984521932e+02, 0., 3.8060969928433269e+02, 0.,
       3.6653175179255015e+02, 2.3878059668569790e+02, 0., 0., 1. ]
D1: !!opencv-matrix
   rows: 5
   cols: 1
   dt: d
   data: [ -2.1859934914563901e-02, -9.9468572971318997e-04,
       1.6448003429794193e-03, -3.1164985765511365e-04,
       3.5195408316194161e-04 ]
P1: !!opencv-matrix
   rows: 3
   cols: 4
   dt: f
   data: [ 3.61190887e+02, 0., 3.82966248e+02, 0., 0., 3.61190887e+02,
       2.32164627e+02, 0., 0., 0., 1., 0. ]
R1: !!opencv-matrix
   rows: 3
   cols: 3
   dt: f
   data: [ 9.98714447e-01, -5.00932075e-02, -7.75716081e-03,
       5.01279943e-02, 9.98733282e-01, 4.35673445e-03, 7.52909156e-03,
       -4.73998440e-03, 9.99960423e-01 ]
K2: !!opencv-matrix
   rows: 3
   cols: 3
   dt: d
   data: [ 3.6687495098581172e+02, 0., 3.7621769200552956e+02, 0.,
       3.6726361788508825e+02, 2.2399932895774910e+02, 0., 0., 1. ]
D2: !!opencv-matrix
   rows: 5
   cols: 1
   dt: d
   data: [ -2.2201337830972428e-02, -1.1445843221826492e-03,
       2.9199201696882579e-04, -7.1705872414221615e-04,
       5.1284674356775366e-04 ]
P2: !!opencv-matrix
   rows: 3
   cols: 4
   dt: f
   data: [ 3.61190887e+02, 0., 3.82966248e+02, -1.35286250e+05, 0.,
       3.61190887e+02, 2.32164627e+02, 0., 0., 0., 1., 0. ]
R2: !!opencv-matrix
   rows: 3
   cols: 3
   dt: f
   data: [ 9.98198211e-01, -5.98661080e-02, -4.04630043e-03,
       5.98470718e-02, 9.98196602e-01, -4.67306143e-03, 4.31876164e-03,
       4.42248257e-03, 9.99980867e-01 ]
