%YAML:1.0
---
Q: !!opencv-matrix
   rows: 4
   cols: 4
   dt: f
   data: [ 1., 0., 0., -4.04978394e+02, 0., 1., 0., -2.32958038e+02, 0.,
       0., 0., 3.78314301e+02, 0., 0., 2.27262499e-03, 0. ]
R: !!opencv-matrix
   rows: 3
   cols: 3
   dt: d
   data: [ 1.0243721658393306e+00, 9.6695084907941990e-03,
       4.9440948625962350e-02, -7.6462439317335242e-03,
       1.0238238810983562e+00, -4.4611092754306511e-02,
       -5.0314061829823717e-02, 4.4219154967292666e-02,
       1.0226564948152972e+00 ]
T: !!opencv-matrix
   rows: 3
   cols: 1
   dt: d
   data: [ -4.4055277406251093e+02, 2.6421872390876242e+01,
       2.6264278849022876e+01 ]
E: !!opencv-matrix
   rows: 0
   cols: 0
   dt: u
   data: []
F: !!opencv-matrix
   rows: 0
   cols: 0
   dt: u
   data: []
K1: !!opencv-matrix
   rows: 3
   cols: 3
   dt: d
   data: [ 3.6627756984521932e+02, 0., 3.8060969928433269e+02, 0.,
       3.6653175179255015e+02, 2.3878059668569790e+02, 0., 0., 1. ]
D1: !!opencv-matrix
   rows: 5
   cols: 1
   dt: d
   data: [ -2.1859934914563901e-02, -9.9468572971318997e-04,
       1.6448003429794193e-03, -3.1164985765511365e-04,
       3.5195408316194161e-04 ]
P1: !!opencv-matrix
   rows: 3
   cols: 4
   dt: f
   data: [ 3.78314301e+02, 0., 4.04978394e+02, 0., 0., 3.78314301e+02,
       2.32958038e+02, 0., 0., 0., 1., 0. ]
R1: !!opencv-matrix
   rows: 3
   cols: 3
   dt: f
   data: [ 9.98570144e-01, -5.27899265e-02, -8.41816980e-03,
       5.26009239e-02, 9.98388827e-01, -2.12824568e-02, 9.52810608e-03,
       2.08092239e-02, 9.99738038e-01 ]
K2: !!opencv-matrix
   rows: 3
   cols: 3
   dt: d
   data: [ 3.6687495098581172e+02, 0., 3.7621769200552956e+02, 0.,
       3.6726361788508825e+02, 2.2399932895774910e+02, 0., 0., 1. ]
D2: !!opencv-matrix
   rows: 5
   cols: 1
   dt: d
   data: [ -2.2201337830972428e-02, -1.1445843221826492e-03,
       2.9199201696882579e-04, -7.1705872414221615e-04,
       5.1284674356775366e-04 ]
P2: !!opencv-matrix
   rows: 3
   cols: 4
   dt: f
   data: [ 3.78314301e+02, 0., 4.04978394e+02, -1.66465781e+05, 0.,
       3.78314301e+02, 2.32958038e+02, 0., 0., 0., 1., 0. ]
R2: !!opencv-matrix
   rows: 3
   cols: 3
   dt: f
   data: [ 9.96443510e-01, -5.97610660e-02, -5.94046228e-02,
       6.09995797e-02, 9.97951984e-01, 1.92570537e-02, 5.81321381e-02,
       -2.28122231e-02, 9.98048246e-01 ]
