%YAML:1.0
---
Q: !!opencv-matrix
   rows: 4
   cols: 4
   dt: f
   data: [ 1., 0., 0., -4.04986908e+02, 0., 1., 0., -2.33224701e+02, 0.,
       0., 0., 3.69082031e+02, 0., 0., 2.02999217e-03, 0. ]
R: !!opencv-matrix
   rows: 3
   cols: 3
   dt: d
   data: [ 1.0232653783276116e+00, -4.3829061015991079e-02,
       4.9863922528770852e-02, 4.6026270043749158e-02,
       1.0234470218917340e+00, -4.4662324266828438e-02,
       -4.7910237745747458e-02, 4.6811704197020944e-02,
       1.0232682638088033e+00 ]
T: !!opencv-matrix
   rows: 3
   cols: 1
   dt: d
   data: [ -4.9448224671850926e+02, 2.9656106078608023e+01,
       2.9479415945223408e+01 ]
E: !!opencv-matrix
   rows: 0
   cols: 0
   dt: u
   data: []
F: !!opencv-matrix
   rows: 0
   cols: 0
   dt: u
   data: []
K1: !!opencv-matrix
   rows: 3
   cols: 3
   dt: d
   data: [ 3.6627756984521932e+02, 0., 3.8060969928433269e+02, 0.,
       3.6653175179255015e+02, 2.3878059668569790e+02, 0., 0., 1. ]
D1: !!opencv-matrix
   rows: 5
   cols: 1
   dt: d
   data: [ -2.1859934914563901e-02, -9.9468572971318997e-04,
       1.6448003429794193e-03, -3.1164985765511365e-04,
       3.5195408316194161e-04 ]
P1: !!opencv-matrix
   rows: 3
   cols: 4
   dt: f
   data: [ 3.69082031e+02, 0., 4.04986908e+02, 0., 0., 3.69082031e+02,
       2.33224701e+02, 0., 0., 0., 1., 0. ]
R1: !!opencv-matrix
   rows: 3
   cols: 3
   dt: f
   data: [ 9.94443655e-01, -1.04950629e-01, -8.19429383e-03,
       1.04755744e-01, 9.94267762e-01, -2.13976391e-02, 1.03930179e-02,
       2.04203483e-02, 9.99737442e-01 ]
K2: !!opencv-matrix
   rows: 3
   cols: 3
   dt: d
   data: [ 3.6687495098581172e+02, 0., 3.7621769200552956e+02, 0.,
       3.6726361788508825e+02, 2.2399932895774910e+02, 0., 0., 1. ]
D2: !!opencv-matrix
   rows: 5
   cols: 1
   dt: d
   data: [ -2.2201337830972428e-02, -1.1445843221826492e-03,
       2.9199201696882579e-04, -7.1705872414221615e-04,
       5.1284674356775366e-04 ]
P2: !!opencv-matrix
   rows: 3
   cols: 4
   dt: f
   data: [ 3.69082031e+02, 0., 4.04986908e+02, -1.81814516e+05, 0.,
       3.69082031e+02, 2.33224701e+02, 0., 0., 0., 1., 0. ]
R2: !!opencv-matrix
   rows: 3
   cols: 3
   dt: f
   data: [ 9.96443570e-01, -5.97607605e-02, -5.94047084e-02,
       6.09925650e-02, 9.97954667e-01, 1.91418901e-02, 5.81392720e-02,
       -2.26970594e-02, 9.98050451e-01 ]
