%YAML:1.0
---
Q: !!opencv-matrix
   rows: 4
   cols: 4
   dt: f
   data: [ 1., 0., 0., -3.82358521e+02, 0., 1., 0., -2.31850006e+02, 0.,
       0., 0., 3.58609436e+02, 0., 0., 3.06929043e-03, 0. ]
R: !!opencv-matrix
   rows: 3
   cols: 3
   dt: d
   data: [ 1.0235752265929832e+00, 9.8794978858406171e-03,
       -3.2852662528829483e-03, -9.9116791341964713e-03,
       1.0235555206173474e+00, 9.4533033226999255e-03,
       3.3200298102641296e-03, -9.4210375307735607e-03,
       1.0235983504132911e+00 ]
T: !!opencv-matrix
   rows: 3
   cols: 1
   dt: d
   data: [ -3.2755214855557307e+02, 1.4450084182226757e+00,
       1.3275547301679747e+00 ]
E: !!opencv-matrix
   rows: 0
   cols: 0
   dt: u
   data: []
F: !!opencv-matrix
   rows: 0
   cols: 0
   dt: u
   data: []
K1: !!opencv-matrix
   rows: 3
   cols: 3
   dt: d
   data: [ 3.6627756984521932e+02, 0., 3.8060969928433269e+02, 0.,
       3.6653175179255015e+02, 2.3878059668569790e+02, 0., 0., 1. ]
D1: !!opencv-matrix
   rows: 5
   cols: 1
   dt: d
   data: [ -2.1859934914563901e-02, -9.9468572971318997e-04,
       1.6448003429794193e-03, -3.1164985765511365e-04,
       3.5195408316194161e-04 ]
P1: !!opencv-matrix
   rows: 3
   cols: 4
   dt: f
   data: [ 3.58609436e+02, 0., 3.82358521e+02, 0., 0., 3.58609436e+02,
       2.31850006e+02, 0., 0., 0., 1., 0. ]
R1: !!opencv-matrix
   rows: 3
   cols: 3
   dt: f
   data: [ 9.99959469e-01, 5.31846425e-03, -7.26541225e-03,
       -5.28501393e-03, 9.99975383e-01, 4.61551687e-03, 7.28978077e-03,
       -4.57693171e-03, 9.99962926e-01 ]
K2: !!opencv-matrix
   rows: 3
   cols: 3
   dt: d
   data: [ 3.6687495098581172e+02, 0., 3.7621769200552956e+02, 0.,
       3.6726361788508825e+02, 2.2399932895774910e+02, 0., 0., 1. ]
D2: !!opencv-matrix
   rows: 5
   cols: 1
   dt: d
   data: [ -2.2201337830972428e-02, -1.1445843221826492e-03,
       2.9199201696882579e-04, -7.1705872414221615e-04,
       5.1284674356775366e-04 ]
P2: !!opencv-matrix
   rows: 3
   cols: 4
   dt: f
   data: [ 3.58609436e+02, 0., 3.82358521e+02, -1.16837898e+05, 0.,
       3.58609436e+02, 2.31850006e+02, 0., 0., 0., 1., 0. ]
R2: !!opencv-matrix
   rows: 3
   cols: 3
   dt: f
   data: [ 9.99982059e-01, -4.41145804e-03, -4.05288395e-03,
       4.39278316e-03, 9.99979734e-01, -4.60519316e-03, 4.07311786e-03,
       4.58730711e-03, 9.99981165e-01 ]
