%YAML:1.0
---
Q: !!opencv-matrix
   rows: 4
   cols: 4
   dt: f
   data: [ 1., 0., 0., -4.04891663e+02, 0., 1., 0., -2.32954865e+02, 0.,
       0., 0., 3.78350555e+02, 0., 0., 2.22209934e-03, 0. ]
R: !!opencv-matrix
   rows: 3
   cols: 3
   dt: d
   data: [ 1.0236079575799693e+00, -4.3407329364966087e-02,
       4.9884285524801217e-02, 4.6018008131539348e-02,
       1.0235384905450633e+00, -4.4668311952100727e-02,
       -4.7929163562832028e-02, 4.6791617412407761e-02,
       1.0233844316852589e+00 ]
T: !!opencv-matrix
   rows: 3
   cols: 1
   dt: d
   data: [ -4.6836299809289198e+02, 2.8089628785535169e+01,
       2.7922271602415346e+01 ]
E: !!opencv-matrix
   rows: 0
   cols: 0
   dt: u
   data: []
F: !!opencv-matrix
   rows: 0
   cols: 0
   dt: u
   data: []
K1: !!opencv-matrix
   rows: 3
   cols: 3
   dt: d
   data: [ 3.6627756984521932e+02, 0., 3.8060969928433269e+02, 0.,
       3.6653175179255015e+02, 2.3878059668569790e+02, 0., 0., 1. ]
D1: !!opencv-matrix
   rows: 5
   cols: 1
   dt: d
   data: [ -2.1859934914563901e-02, -9.9468572971318997e-04,
       1.6448003429794193e-03, -3.1164985765511365e-04,
       3.5195408316194161e-04 ]
P1: !!opencv-matrix
   rows: 3
   cols: 4
   dt: f
   data: [ 3.78350555e+02, 0., 4.04891663e+02, 0., 0., 3.78350555e+02,
       2.32954865e+02, 0., 0., 0., 1., 0. ]
R1: !!opencv-matrix
   rows: 3
   cols: 3
   dt: f
   data: [ 9.98573005e-01, -5.27708009e-02, -8.19669105e-03,
       5.25864400e-02, 9.98389602e-01, -2.12794431e-02, 9.30642430e-03,
       2.08180435e-02, 9.99739945e-01 ]
K2: !!opencv-matrix
   rows: 3
   cols: 3
   dt: d
   data: [ 3.6687495098581172e+02, 0., 3.7621769200552956e+02, 0.,
       3.6726361788508825e+02, 2.2399932895774910e+02, 0., 0., 1. ]
D2: !!opencv-matrix
   rows: 5
   cols: 1
   dt: d
   data: [ -2.2201337830972428e-02, -1.1445843221826492e-03,
       2.9199201696882579e-04, -7.1705872414221615e-04,
       5.1284674356775366e-04 ]
P2: !!opencv-matrix
   rows: 3
   cols: 4
   dt: f
   data: [ 3.78350555e+02, 0., 4.04891663e+02, -1.70267172e+05, 0.,
       3.78350555e+02, 2.32954865e+02, 0., 0., 0., 1., 0. ]
R2: !!opencv-matrix
   rows: 3
   cols: 3
   dt: f
   data: [ 9.96443510e-01, -5.97610660e-02, -5.94046228e-02,
       6.09997474e-02, 9.97951925e-01, 1.92599408e-02, 5.81319630e-02,
       -2.28151102e-02, 9.98048186e-01 ]
