%YAML:1.0
---
Q: !!opencv-matrix
   rows: 4
   cols: 4
   dt: f
   data: [ 1., 0., 0., -4.04995056e+02, 0., 1., 0., -2.33225143e+02, 0.,
       0., 0., 3.69066101e+02, 0., 0., 2.12918478e-03, 0. ]
R: !!opencv-matrix
   rows: 3
   cols: 3
   dt: d
   data: [ 1.0233440577483581e+00, -4.3841488369111212e-02,
       4.9812571698790678e-02, 4.6037427628334682e-02,
       1.0235986748284984e+00, -4.4665404895867587e-02,
       -4.7912992732027614e-02, 4.6818978971109218e-02,
       1.0234230343942365e+00 ]
T: !!opencv-matrix
   rows: 3
   cols: 1
   dt: d
   data: [ -4.7009019797414595e+02, 2.8193215994912340e+01,
       2.8025241847740261e+01 ]
E: !!opencv-matrix
   rows: 0
   cols: 0
   dt: u
   data: []
F: !!opencv-matrix
   rows: 0
   cols: 0
   dt: u
   data: []
K1: !!opencv-matrix
   rows: 3
   cols: 3
   dt: d
   data: [ 3.6627756984521932e+02, 0., 3.8060969928433269e+02, 0.,
       3.6653175179255015e+02, 2.3878059668569790e+02, 0., 0., 1. ]
D1: !!opencv-matrix
   rows: 5
   cols: 1
   dt: d
   data: [ -2.1859934914563901e-02, -9.9468572971318997e-04,
       1.6448003429794193e-03, -3.1164985765511365e-04,
       3.5195408316194161e-04 ]
P1: !!opencv-matrix
   rows: 3
   cols: 4
   dt: f
   data: [ 3.69066101e+02, 0., 4.04995056e+02, 0., 0., 3.69066101e+02,
       2.33225143e+02, 0., 0., 0., 1., 0. ]
R1: !!opencv-matrix
   rows: 3
   cols: 3
   dt: f
   data: [ 9.94446039e-01, -1.04926735e-01, -8.21523275e-03,
       1.04731426e-01, 9.94270325e-01, -2.13980321e-02, 1.04133878e-02,
       2.04187948e-02, 9.99737263e-01 ]
K2: !!opencv-matrix
   rows: 3
   cols: 3
   dt: d
   data: [ 3.6687495098581172e+02, 0., 3.7621769200552956e+02, 0.,
       3.6726361788508825e+02, 2.2399932895774910e+02, 0., 0., 1. ]
D2: !!opencv-matrix
   rows: 5
   cols: 1
   dt: d
   data: [ -2.2201337830972428e-02, -1.1445843221826492e-03,
       2.9199201696882579e-04, -7.1705872414221615e-04,
       5.1284674356775366e-04 ]
P2: !!opencv-matrix
   rows: 3
   cols: 4
   dt: f
   data: [ 3.69066101e+02, 0., 4.04995056e+02, -1.73336797e+05, 0.,
       3.69066101e+02, 2.33225143e+02, 0., 0., 0., 1., 0. ]
R2: !!opencv-matrix
   rows: 3
   cols: 3
   dt: f
   data: [ 9.96443570e-01, -5.97607605e-02, -5.94047084e-02,
       6.09925315e-02, 9.97954667e-01, 1.91412978e-02, 5.81393093e-02,
       -2.26964671e-02, 9.98050451e-01 ]
