%YAML:1.0
---
Q: !!opencv-matrix
   rows: 4
   cols: 4
   dt: f
   data: [ 1., 0., 0., -4.04937408e+02, 0., 1., 0., -2.32956573e+02, 0.,
       0., 0., 3.78329803e+02, 0., 0., 2.24568299e-03, 0. ]
R: !!opencv-matrix
   rows: 3
   cols: 3
   dt: d
   data: [ 1.0236490011044961e+00, 9.7621802761707066e-03,
       4.9834745080974727e-02, -7.5967428950931446e-03,
       1.0239350603174664e+00, -4.4639456264423227e-02,
       -5.0269723495902974e-02, 4.4218734904009634e-02,
       1.0227498918736229e+00 ]
T: !!opencv-matrix
   rows: 3
   cols: 1
   dt: d
   data: [ -4.4842440103458335e+02, 2.6893968251943978e+01,
       2.6733559172352273e+01 ]
E: !!opencv-matrix
   rows: 0
   cols: 0
   dt: u
   data: []
F: !!opencv-matrix
   rows: 0
   cols: 0
   dt: u
   data: []
K1: !!opencv-matrix
   rows: 3
   cols: 3
   dt: d
   data: [ 3.6627756984521932e+02, 0., 3.8060969928433269e+02, 0.,
       3.6653175179255015e+02, 2.3878059668569790e+02, 0., 0., 1. ]
D1: !!opencv-matrix
   rows: 5
   cols: 1
   dt: d
   data: [ -2.1859934914563901e-02, -9.9468572971318997e-04,
       1.6448003429794193e-03, -3.1164985765511365e-04,
       3.5195408316194161e-04 ]
P1: !!opencv-matrix
   rows: 3
   cols: 4
   dt: f
   data: [ 3.78329803e+02, 0., 4.04937408e+02, 0., 0., 3.78329803e+02,
       2.32956573e+02, 0., 0., 0., 1., 0. ]
R1: !!opencv-matrix
   rows: 3
   cols: 3
   dt: f
   data: [ 9.98571098e-01, -5.27890101e-02, -8.31346679e-03,
       5.26021980e-02, 9.98388767e-01, -2.12810840e-02, 9.42347944e-03,
       2.08133683e-02, 9.99738991e-01 ]
K2: !!opencv-matrix
   rows: 3
   cols: 3
   dt: d
   data: [ 3.6687495098581172e+02, 0., 3.7621769200552956e+02, 0.,
       3.6726361788508825e+02, 2.2399932895774910e+02, 0., 0., 1. ]
D2: !!opencv-matrix
   rows: 5
   cols: 1
   dt: d
   data: [ -2.2201337830972428e-02, -1.1445843221826492e-03,
       2.9199201696882579e-04, -7.1705872414221615e-04,
       5.1284674356775366e-04 ]
P2: !!opencv-matrix
   rows: 3
   cols: 4
   dt: f
   data: [ 3.78329803e+02, 0., 4.04937408e+02, -1.68469813e+05, 0.,
       3.78329803e+02, 2.32956573e+02, 0., 0., 0., 1., 0. ]
R2: !!opencv-matrix
   rows: 3
   cols: 3
   dt: f
   data: [ 9.96443510e-01, -5.97610660e-02, -5.94046228e-02,
       6.09996580e-02, 9.97951984e-01, 1.92584340e-02, 5.81320561e-02,
       -2.28136033e-02, 9.98048186e-01 ]
