%YAML:1.0
---
Q: !!opencv-matrix
   rows: 4
   cols: 4
   dt: f
   data: [ 1., 0., 0., -3.82968628e+02, 0., 1., 0., -2.32164932e+02, 0.,
       0., 0., 3.61178741e+02, 0., 0., 2.58892635e-03, 0. ]
R: !!opencv-matrix
   rows: 3
   cols: 3
   dt: d
   data: [ 1.0231550688679640e+00, 9.9076309166693365e-03,
       -3.2600991275173810e-03, -9.9066010485462427e-03,
       1.0231364645031857e+00, 9.4511511696865926e-03,
       3.3187149182364677e-03, -9.4173431604729525e-03,
       1.0231776234291505e+00 ]
T: !!opencv-matrix
   rows: 3
   cols: 1
   dt: d
   data: [ -3.8556455957541522e+02, 2.3123917244850059e+01,
       1.5629291938082308e+00 ]
E: !!opencv-matrix
   rows: 0
   cols: 0
   dt: u
   data: []
F: !!opencv-matrix
   rows: 0
   cols: 0
   dt: u
   data: []
K1: !!opencv-matrix
   rows: 3
   cols: 3
   dt: d
   data: [ 3.6627756984521932e+02, 0., 3.8060969928433269e+02, 0.,
       3.6653175179255015e+02, 2.3878059668569790e+02, 0., 0., 1. ]
D1: !!opencv-matrix
   rows: 5
   cols: 1
   dt: d
   data: [ -2.1859934914563901e-02, -9.9468572971318997e-04,
       1.6448003429794193e-03, -3.1164985765511365e-04,
       3.5195408316194161e-04 ]
P1: !!opencv-matrix
   rows: 3
   cols: 4
   dt: f
   data: [ 3.61178741e+02, 0., 3.82968628e+02, 0., 0., 3.61178741e+02,
       2.32164932e+02, 0., 0., 0., 1., 0. ]
R1: !!opencv-matrix
   rows: 3
   cols: 3
   dt: f
   data: [ 9.98711824e-01, -5.01439348e-02, -7.76337041e-03,
       5.01787476e-02, 9.98730779e-01, 4.35636193e-03, 7.53507158e-03,
       -4.74030664e-03, 9.99960363e-01 ]
K2: !!opencv-matrix
   rows: 3
   cols: 3
   dt: d
   data: [ 3.6687495098581172e+02, 0., 3.7621769200552956e+02, 0.,
       3.6726361788508825e+02, 2.2399932895774910e+02, 0., 0., 1. ]
D2: !!opencv-matrix
   rows: 5
   cols: 1
   dt: d
   data: [ -2.2201337830972428e-02, -1.1445843221826492e-03,
       2.9199201696882579e-04, -7.1705872414221615e-04,
       5.1284674356775366e-04 ]
P2: !!opencv-matrix
   rows: 3
   cols: 4
   dt: f
   data: [ 3.61178741e+02, 0., 3.82968628e+02, -1.39509094e+05, 0.,
       3.61178741e+02, 2.32164932e+02, 0., 0., 0., 1., 0. ]
R2: !!opencv-matrix
   rows: 3
   cols: 3
   dt: f
   data: [ 9.98198211e-01, -5.98661155e-02, -4.04630834e-03,
       5.98470792e-02, 9.98196602e-01, -4.67303954e-03, 4.31876816e-03,
       4.42246022e-03, 9.99980867e-01 ]
