%YAML:1.0
---
Q: !!opencv-matrix
   rows: 4
   cols: 4
   dt: f
   data: [ 1., 0., 0., -3.82360168e+02, 0., 1., 0., -2.31850021e+02, 0.,
       0., 0., 3.58611664e+02, 0., 0., 2.88767228e-03, 0. ]
R: !!opencv-matrix
   rows: 3
   cols: 3
   dt: d
   data: [ 1.0233981678474815e+00, 9.8834539244630152e-03,
       -3.2783814268862017e-03, -9.9099849163666407e-03,
       1.0233822931498735e+00, 9.4516757460609818e-03,
       3.3194836210714324e-03, -9.4194661436657976e-03,
       1.0234251148745990e+00 ]
T: !!opencv-matrix
   rows: 3
   cols: 1
   dt: d
   data: [ -3.5049108011341787e+02, 1.5462043636159717e+00,
       1.4205252316599961e+00 ]
E: !!opencv-matrix
   rows: 0
   cols: 0
   dt: u
   data: []
F: !!opencv-matrix
   rows: 0
   cols: 0
   dt: u
   data: []
K1: !!opencv-matrix
   rows: 3
   cols: 3
   dt: d
   data: [ 3.6627756984521932e+02, 0., 3.8060969928433269e+02, 0.,
       3.6653175179255015e+02, 2.3878059668569790e+02, 0., 0., 1. ]
D1: !!opencv-matrix
   rows: 5
   cols: 1
   dt: d
   data: [ -2.1859934914563901e-02, -9.9468572971318997e-04,
       1.6448003429794193e-03, -3.1164985765511365e-04,
       3.5195408316194161e-04 ]
P1: !!opencv-matrix
   rows: 3
   cols: 4
   dt: f
   data: [ 3.58611664e+02, 0., 3.82360168e+02, 0., 0., 3.58611664e+02,
       2.31850021e+02, 0., 0., 0., 1., 0. ]
R1: !!opencv-matrix
   rows: 3
   cols: 3
   dt: f
   data: [ 9.99959469e-01, 5.31305233e-03, -7.26961996e-03,
       -5.27958246e-03, 9.99975383e-01, 4.61549265e-03, 7.29396380e-03,
       -4.57692519e-03, 9.99962926e-01 ]
K2: !!opencv-matrix
   rows: 3
   cols: 3
   dt: d
   data: [ 3.6687495098581172e+02, 0., 3.7621769200552956e+02, 0.,
       3.6726361788508825e+02, 2.2399932895774910e+02, 0., 0., 1. ]
D2: !!opencv-matrix
   rows: 5
   cols: 1
   dt: d
   data: [ -2.2201337830972428e-02, -1.1445843221826492e-03,
       2.9199201696882579e-04, -7.1705872414221615e-04,
       5.1284674356775366e-04 ]
P2: !!opencv-matrix
   rows: 3
   cols: 4
   dt: f
   data: [ 3.58611664e+02, 0., 3.82360168e+02, -1.24187109e+05, 0.,
       3.58611664e+02, 2.31850021e+02, 0., 0., 0., 1., 0. ]
R2: !!opencv-matrix
   rows: 3
   cols: 3
   dt: f
   data: [ 9.99982059e-01, -4.41145804e-03, -4.05288395e-03,
       4.39278316e-03, 9.99979734e-01, -4.60517779e-03, 4.07311739e-03,
       4.58729174e-03, 9.99981165e-01 ]
