%YAML:1.0
---
Q: !!opencv-matrix
   rows: 4
   cols: 4
   dt: f
   data: [ 1., 0., 0., -3.82457764e+02, 0., 1., 0., -2.31850418e+02, 0.,
       0., 0., 3.58701050e+02, 0., 0., 3.14423954e-03, 0. ]
R: !!opencv-matrix
   rows: 3
   cols: 3
   dt: d
   data: [ 1.0242374024782890e+00, 9.6354851997269408e-03,
       -3.6414166596801280e-03, -9.9142071773230239e-03,
       1.0234820200043844e+00, 9.4541867871581666e-03,
       3.3168019287140105e-03, -9.4193650951898376e-03,
       1.0235252177644460e+00 ]
T: !!opencv-matrix
   rows: 3
   cols: 1
   dt: d
   data: [ -3.1992516113785950e+02, 1.4113617131989602e+00,
       1.2966431192767369e+00 ]
E: !!opencv-matrix
   rows: 0
   cols: 0
   dt: u
   data: []
F: !!opencv-matrix
   rows: 0
   cols: 0
   dt: u
   data: []
K1: !!opencv-matrix
   rows: 3
   cols: 3
   dt: d
   data: [ 3.6627756984521932e+02, 0., 3.8060969928433269e+02, 0.,
       3.6653175179255015e+02, 2.3878059668569790e+02, 0., 0., 1. ]
D1: !!opencv-matrix
   rows: 5
   cols: 1
   dt: d
   data: [ -2.1859934914563901e-02, -9.9468572971318997e-04,
       1.6448003429794193e-03, -3.1164985765511365e-04,
       3.5195408316194161e-04 ]
P1: !!opencv-matrix
   rows: 3
   cols: 4
   dt: f
   data: [ 3.58701050e+02, 0., 3.82457764e+02, 0., 0., 3.58701050e+02,
       2.31850418e+02, 0., 0., 0., 1., 0. ]
R1: !!opencv-matrix
   rows: 3
   cols: 3
   dt: f
   data: [ 9.99958456e-01, 5.14746504e-03, -7.51949288e-03,
       -5.11285383e-03, 9.99976277e-01, 4.61489242e-03, 7.54306931e-03,
       -4.57625510e-03, 9.99961078e-01 ]
K2: !!opencv-matrix
   rows: 3
   cols: 3
   dt: d
   data: [ 3.6687495098581172e+02, 0., 3.7621769200552956e+02, 0.,
       3.6726361788508825e+02, 2.2399932895774910e+02, 0., 0., 1. ]
D2: !!opencv-matrix
   rows: 5
   cols: 1
   dt: d
   data: [ -2.2201337830972428e-02, -1.1445843221826492e-03,
       2.9199201696882579e-04, -7.1705872414221615e-04,
       5.1284674356775366e-04 ]
P2: !!opencv-matrix
   rows: 3
   cols: 4
   dt: f
   data: [ 3.58701050e+02, 0., 3.82457764e+02, -1.14081969e+05, 0.,
       3.58701050e+02, 2.31850418e+02, 0., 0., 0., 1., 0. ]
R2: !!opencv-matrix
   rows: 3
   cols: 3
   dt: f
   data: [ 9.99982059e-01, -4.41145804e-03, -4.05288534e-03,
       4.39278595e-03, 9.99979734e-01, -4.60454402e-03, 4.07311600e-03,
       4.58665797e-03, 9.99981165e-01 ]
