%YAML:1.0
---
Q: !!opencv-matrix
   rows: 4
   cols: 4
   dt: f
   data: [ 1., 0., 0., -3.82386810e+02, 0., 1., 0., -2.31851959e+02, 0.,
       0., 0., 3.58676117e+02, 0., 0., 3.16347042e-03, 0. ]
R: !!opencv-matrix
   rows: 3
   cols: 3
   dt: d
   data: [ 1.0248939300787074e+00, 9.5018003598824809e-03,
       -3.9227844703168275e-03, -9.9164967802022799e-03,
       1.0233675290776441e+00, 9.4543668526374698e-03,
       3.3133014082459460e-03, -9.4177686074767893e-03,
       1.0234112789817833e+00 ]
T: !!opencv-matrix
   rows: 3
   cols: 1
   dt: d
   data: [ -3.1664721329928335e+02, 1.3969009635788452e+00,
       1.2833579739019449e+00 ]
E: !!opencv-matrix
   rows: 0
   cols: 0
   dt: u
   data: []
F: !!opencv-matrix
   rows: 0
   cols: 0
   dt: u
   data: []
K1: !!opencv-matrix
   rows: 3
   cols: 3
   dt: d
   data: [ 3.6627756984521932e+02, 0., 3.8060969928433269e+02, 0.,
       3.6653175179255015e+02, 2.3878059668569790e+02, 0., 0., 1. ]
D1: !!opencv-matrix
   rows: 5
   cols: 1
   dt: d
   data: [ -2.1859934914563901e-02, -9.9468572971318997e-04,
       1.6448003429794193e-03, -3.1164985765511365e-04,
       3.5195408316194161e-04 ]
P1: !!opencv-matrix
   rows: 3
   cols: 4
   dt: f
   data: [ 3.58676117e+02, 0., 3.82386810e+02, 0., 0., 3.58676117e+02,
       2.31851959e+02, 0., 0., 0., 1., 0. ]
R1: !!opencv-matrix
   rows: 3
   cols: 3
   dt: f
   data: [ 9.99961257e-01, 4.85527935e-03, -7.33886240e-03,
       -4.82150307e-03, 9.99977708e-01, 4.61307168e-03, 7.36109680e-03,
       -4.57750866e-03, 9.99962449e-01 ]
K2: !!opencv-matrix
   rows: 3
   cols: 3
   dt: d
   data: [ 3.6687495098581172e+02, 0., 3.7621769200552956e+02, 0.,
       3.6726361788508825e+02, 2.2399932895774910e+02, 0., 0., 1. ]
D2: !!opencv-matrix
   rows: 5
   cols: 1
   dt: d
   data: [ -2.2201337830972428e-02, -1.1445843221826492e-03,
       2.9199201696882579e-04, -7.1705872414221615e-04,
       5.1284674356775366e-04 ]
P2: !!opencv-matrix
   rows: 3
   cols: 4
   dt: f
   data: [ 3.58676117e+02, 0., 3.82386810e+02, -1.13380578e+05, 0.,
       3.58676117e+02, 2.31851959e+02, 0., 0., 0., 1., 0. ]
R2: !!opencv-matrix
   rows: 3
   cols: 3
   dt: f
   data: [ 9.99982059e-01, -4.41145943e-03, -4.05289140e-03,
       4.39278875e-03, 9.99979734e-01, -4.60425718e-03, 4.07312065e-03,
       4.58637113e-03, 9.99981165e-01 ]
