%YAML:1.0
---
Q: !!opencv-matrix
   rows: 4
   cols: 4
   dt: f
   data: [ 1., 0., 0., -3.82362518e+02, 0., 1., 0., -2.31850037e+02, 0.,
       0., 0., 3.58614380e+02, 0., 0., 2.94667296e-03, 0. ]
R: !!opencv-matrix
   rows: 3
   cols: 3
   dt: d
   data: [ 1.0234781413302407e+00, 9.8767426928988364e-03,
       -3.2860186212272375e-03, -9.9107765720088670e-03,
       1.0234655686111962e+00, 9.4524770643378397e-03,
       3.3197668829082479e-03, -9.4202018681203044e-03,
       1.0235083905380198e+00 ]
T: !!opencv-matrix
   rows: 3
   cols: 1
   dt: d
   data: [ -3.3935969417620913e+02, 1.4970978427205726e+00,
       1.3754102050665169e+00 ]
E: !!opencv-matrix
   rows: 0
   cols: 0
   dt: u
   data: []
F: !!opencv-matrix
   rows: 0
   cols: 0
   dt: u
   data: []
K1: !!opencv-matrix
   rows: 3
   cols: 3
   dt: d
   data: [ 3.6627756984521932e+02, 0., 3.8060969928433269e+02, 0.,
       3.6653175179255015e+02, 2.3878059668569790e+02, 0., 0., 1. ]
D1: !!opencv-matrix
   rows: 5
   cols: 1
   dt: d
   data: [ -2.1859934914563901e-02, -9.9468572971318997e-04,
       1.6448003429794193e-03, -3.1164985765511365e-04,
       3.5195408316194161e-04 ]
P1: !!opencv-matrix
   rows: 3
   cols: 4
   dt: f
   data: [ 3.58614380e+02, 0., 3.82362518e+02, 0., 0., 3.58614380e+02,
       2.31850037e+02, 0., 0., 0., 1., 0. ]
R1: !!opencv-matrix
   rows: 3
   cols: 3
   dt: f
   data: [ 9.99959469e-01, 5.30698569e-03, -7.27558695e-03,
       -5.27348928e-03, 9.99975443e-01, 4.61546751e-03, 7.29990238e-03,
       -4.57691262e-03, 9.99962866e-01 ]
K2: !!opencv-matrix
   rows: 3
   cols: 3
   dt: d
   data: [ 3.6687495098581172e+02, 0., 3.7621769200552956e+02, 0.,
       3.6726361788508825e+02, 2.2399932895774910e+02, 0., 0., 1. ]
D2: !!opencv-matrix
   rows: 5
   cols: 1
   dt: d
   data: [ -2.2201337830972428e-02, -1.1445843221826492e-03,
       2.9199201696882579e-04, -7.1705872414221615e-04,
       5.1284674356775366e-04 ]
P2: !!opencv-matrix
   rows: 3
   cols: 4
   dt: f
   data: [ 3.58614380e+02, 0., 3.82362518e+02, -1.21701445e+05, 0.,
       3.58614380e+02, 2.31850037e+02, 0., 0., 0., 1., 0. ]
R2: !!opencv-matrix
   rows: 3
   cols: 3
   dt: f
   data: [ 9.99982059e-01, -4.41145804e-03, -4.05288395e-03,
       4.39278316e-03, 9.99979734e-01, -4.60515916e-03, 4.07311739e-03,
       4.58727311e-03, 9.99981165e-01 ]
