%YAML:1.0
---
Q: !!opencv-matrix
   rows: 4
   cols: 4
   dt: f
   data: [ 1., 0., 0., -4.04984711e+02, 0., 1., 0., -2.33224503e+02, 0.,
       0., 0., 3.69082581e+02, 0., 0., 2.06477102e-03, 0. ]
R: !!opencv-matrix
   rows: 3
   cols: 3
   dt: d
   data: [ 1.0232861496673009e+00, -4.3828653003848111e-02,
       4.9866205288613380e-02, 4.6027106197969500e-02,
       1.0234667862820679e+00, -4.4663268992831899e-02,
       -4.7911222243782775e-02, 4.6812536678297254e-02,
       1.0232880216965079e+00 ]
T: !!opencv-matrix
   rows: 3
   cols: 1
   dt: d
   data: [ -4.9086078926097474e+02, 2.9438912585728538e+01,
       2.9263516485950639e+01 ]
E: !!opencv-matrix
   rows: 0
   cols: 0
   dt: u
   data: []
F: !!opencv-matrix
   rows: 0
   cols: 0
   dt: u
   data: []
K1: !!opencv-matrix
   rows: 3
   cols: 3
   dt: d
   data: [ 3.6627756984521932e+02, 0., 3.8060969928433269e+02, 0.,
       3.6653175179255015e+02, 2.3878059668569790e+02, 0., 0., 1. ]
D1: !!opencv-matrix
   rows: 5
   cols: 1
   dt: d
   data: [ -2.1859934914563901e-02, -9.9468572971318997e-04,
       1.6448003429794193e-03, -3.1164985765511365e-04,
       3.5195408316194161e-04 ]
P1: !!opencv-matrix
   rows: 3
   cols: 4
   dt: f
   data: [ 3.69082581e+02, 0., 4.04984711e+02, 0., 0., 3.69082581e+02,
       2.33224503e+02, 0., 0., 0., 1., 0. ]
R1: !!opencv-matrix
   rows: 3
   cols: 3
   dt: f
   data: [ 9.94444370e-01, -1.04944676e-01, -8.18865839e-03,
       1.04749911e-01, 9.94268358e-01, -2.13974528e-02, 1.03872726e-02,
       2.04208158e-02, 9.99737501e-01 ]
K2: !!opencv-matrix
   rows: 3
   cols: 3
   dt: d
   data: [ 3.6687495098581172e+02, 0., 3.7621769200552956e+02, 0.,
       3.6726361788508825e+02, 2.2399932895774910e+02, 0., 0., 1. ]
D2: !!opencv-matrix
   rows: 5
   cols: 1
   dt: d
   data: [ -2.2201337830972428e-02, -1.1445843221826492e-03,
       2.9199201696882579e-04, -7.1705872414221615e-04,
       5.1284674356775366e-04 ]
P2: !!opencv-matrix
   rows: 3
   cols: 4
   dt: f
   data: [ 3.69082581e+02, 0., 4.04984711e+02, -1.78752297e+05, 0.,
       3.69082581e+02, 2.33224503e+02, 0., 0., 0., 1., 0. ]
R2: !!opencv-matrix
   rows: 3
   cols: 3
   dt: f
   data: [ 9.96443570e-01, -5.97607605e-02, -5.94047084e-02,
       6.09925725e-02, 9.97954667e-01, 1.91420279e-02, 5.81392646e-02,
       -2.26971973e-02, 9.98050451e-01 ]
