%YAML:1.0
---
Q: !!opencv-matrix
   rows: 4
   cols: 4
   dt: f
   data: [ 1., 0., 0., -4.05092224e+02, 0., 1., 0., -2.32962372e+02, 0.,
       0., 0., 3.78260284e+02, 0., 0., 2.30618170e-03, 0. ]
R: !!opencv-matrix
   rows: 3
   cols: 3
   dt: d
   data: [ 1.0250184607899384e+00, 9.6455656391277698e-03,
       4.9327692178630880e-02, -7.6920281331683618e-03,
       1.0236915656426877e+00, -4.4598862768228970e-02,
       -5.0353996065741979e-02, 4.4214733617581894e-02,
       1.0225293386682122e+00 ]
T: !!opencv-matrix
   rows: 3
   cols: 1
   dt: d
   data: [ -4.3698164450527656e+02, 2.6207696159521404e+01,
       2.6051380049018842e+01 ]
E: !!opencv-matrix
   rows: 0
   cols: 0
   dt: u
   data: []
F: !!opencv-matrix
   rows: 0
   cols: 0
   dt: u
   data: []
K1: !!opencv-matrix
   rows: 3
   cols: 3
   dt: d
   data: [ 3.6627756984521932e+02, 0., 3.8060969928433269e+02, 0.,
       3.6653175179255015e+02, 2.3878059668569790e+02, 0., 0., 1. ]
D1: !!opencv-matrix
   rows: 5
   cols: 1
   dt: d
   data: [ -2.1859934914563901e-02, -9.9468572971318997e-04,
       1.6448003429794193e-03, -3.1164985765511365e-04,
       3.5195408316194161e-04 ]
P1: !!opencv-matrix
   rows: 3
   cols: 4
   dt: f
   data: [ 3.78260284e+02, 0., 4.05092224e+02, 0., 0., 3.78260284e+02,
       2.32962372e+02, 0., 0., 0., 1., 0. ]
R1: !!opencv-matrix
   rows: 3
   cols: 3
   dt: f
   data: [ 9.98564661e-01, -5.28468490e-02, -8.70874245e-03,
       5.26517518e-02, 9.98386025e-01, -2.12866236e-02, 9.81961749e-03,
       2.07975395e-02, 9.99735475e-01 ]
K2: !!opencv-matrix
   rows: 3
   cols: 3
   dt: d
   data: [ 3.6687495098581172e+02, 0., 3.7621769200552956e+02, 0.,
       3.6726361788508825e+02, 2.2399932895774910e+02, 0., 0., 1. ]
D2: !!opencv-matrix
   rows: 5
   cols: 1
   dt: d
   data: [ -2.2201337830972428e-02, -1.1445843221826492e-03,
       2.9199201696882579e-04, -7.1705872414221615e-04,
       5.1284674356775366e-04 ]
P2: !!opencv-matrix
   rows: 3
   cols: 4
   dt: f
   data: [ 3.78260284e+02, 0., 4.05092224e+02, -1.64020156e+05, 0.,
       3.78260284e+02, 2.32962372e+02, 0., 0., 0., 1., 0. ]
R2: !!opencv-matrix
   rows: 3
   cols: 3
   dt: f
   data: [ 9.96443510e-01, -5.97610660e-02, -5.94046190e-02,
       6.09993599e-02, 9.97952104e-01, 1.92533266e-02, 5.81323653e-02,
       -2.28084959e-02, 9.98048306e-01 ]
