%YAML:1.0
---
Q: !!opencv-matrix
   rows: 4
   cols: 4
   dt: f
   data: [ 1., 0., 0., -4.26526459e+02, 0., 1., 0., -2.33686920e+02, 0.,
       0., 0., 3.64722565e+02, 0., 0., 2.42275721e-03, 0. ]
R: !!opencv-matrix
   rows: 3
   cols: 3
   dt: d
   data: [ 1.0230097711118811e+00, 9.9719472244242744e-03,
       -3.2732689655972005e-03, -9.9048095720912725e-03,
       1.0229945167613057e+00, 9.4506843724711017e-03,
       3.3197050753180956e-03, -9.4182635502611679e-03,
       1.0230422509264345e+00 ]
T: !!opencv-matrix
   rows: 3
   cols: 1
   dt: d
   data: [ -4.1128496662412493e+02, 2.4666412484485090e+01,
       2.4519070375423127e+01 ]
E: !!opencv-matrix
   rows: 0
   cols: 0
   dt: u
   data: []
F: !!opencv-matrix
   rows: 0
   cols: 0
   dt: u
   data: []
K1: !!opencv-matrix
   rows: 3
   cols: 3
   dt: d
   data: [ 3.6627756984521932e+02, 0., 3.8060969928433269e+02, 0.,
       3.6653175179255015e+02, 2.3878059668569790e+02, 0., 0., 1. ]
D1: !!opencv-matrix
   rows: 5
   cols: 1
   dt: d
   data: [ -2.1859934914563901e-02, -9.9468572971318997e-04,
       1.6448003429794193e-03, -3.1164985765511365e-04,
       3.5195408316194161e-04 ]
P1: !!opencv-matrix
   rows: 3
   cols: 4
   dt: f
   data: [ 3.64722565e+02, 0., 4.26526459e+02, 0., 0., 3.64722565e+02,
       2.33686920e+02, 0., 0., 0., 1., 0. ]
R1: !!opencv-matrix
   rows: 3
   cols: 3
   dt: f
   data: [ 9.96776998e-01, -4.95141260e-02, -6.31190613e-02,
       4.97924723e-02, 9.98755515e-01, 2.84358207e-03, 6.28997087e-02,
       -5.97727112e-03, 9.98001933e-01 ]
K2: !!opencv-matrix
   rows: 3
   cols: 3
   dt: d
   data: [ 3.6687495098581172e+02, 0., 3.7621769200552956e+02, 0.,
       3.6726361788508825e+02, 2.2399932895774910e+02, 0., 0., 1. ]
D2: !!opencv-matrix
   rows: 5
   cols: 1
   dt: d
   data: [ -2.2201337830972428e-02, -1.1445843221826492e-03,
       2.9199201696882579e-04, -7.1705872414221615e-04,
       5.1284674356775366e-04 ]
P2: !!opencv-matrix
   rows: 3
   cols: 4
   dt: f
   data: [ 3.64722565e+02, 0., 4.26526459e+02, -1.50540281e+05, 0.,
       3.64722565e+02, 2.33686920e+02, 0., 0., 0., 1., 0. ]
R2: !!opencv-matrix
   rows: 3
   cols: 3
   dt: f
   data: [ 9.96443629e-01, -5.97607270e-02, -5.94037548e-02,
       5.94977029e-02, 9.98209238e-01, -6.18825573e-03, 5.96671924e-02,
       2.63186102e-03, 9.98214841e-01 ]
