%YAML:1.0
---
Q: !!opencv-matrix
   rows: 4
   cols: 4
   dt: f
   data: [ 1., 0., 0., -4.25257233e+02, 0., 1., 0., -2.33707672e+02, 0.,
       0., 0., 3.70943787e+02, 0., 0., 2.35937536e-03, 0. ]
R: !!opencv-matrix
   rows: 3
   cols: 3
   dt: d
   data: [ 1.0240446223806510e+00, 9.1744305853524357e-03,
       -2.8036567664435361e-03, -9.9047437086200573e-03,
       1.0233595762678354e+00, -4.4214415558322305e-02,
       3.3356204405530923e-03, 4.4227051633118915e-02,
       1.0233090594405259e+00 ]
T: !!opencv-matrix
   rows: 3
   cols: 1
   dt: d
   data: [ -4.2305391997226457e+02, 2.5372388802775376e+01,
       2.5221009170379826e+01 ]
E: !!opencv-matrix
   rows: 0
   cols: 0
   dt: u
   data: []
F: !!opencv-matrix
   rows: 0
   cols: 0
   dt: u
   data: []
K1: !!opencv-matrix
   rows: 3
   cols: 3
   dt: d
   data: [ 3.6627756984521932e+02, 0., 3.8060969928433269e+02, 0.,
       3.6653175179255015e+02, 2.3878059668569790e+02, 0., 0., 1. ]
D1: !!opencv-matrix
   rows: 5
   cols: 1
   dt: d
   data: [ -2.1859934914563901e-02, -9.9468572971318997e-04,
       1.6448003429794193e-03, -3.1164985765511365e-04,
       3.5195408316194161e-04 ]
P1: !!opencv-matrix
   rows: 3
   cols: 4
   dt: f
   data: [ 3.70943787e+02, 0., 4.25257233e+02, 0., 0., 3.70943787e+02,
       2.33707672e+02, 0., 0., 0., 1., 0. ]
R1: !!opencv-matrix
   rows: 3
   cols: 3
   dt: f
   data: [ 9.96799231e-01, -5.30511476e-02, -5.98066077e-02,
       5.17364331e-02, 9.98388410e-01, -2.33220141e-02, 6.09474815e-02,
       2.01531854e-02, 9.97937500e-01 ]
K2: !!opencv-matrix
   rows: 3
   cols: 3
   dt: d
   data: [ 3.6687495098581172e+02, 0., 3.7621769200552956e+02, 0.,
       3.6726361788508825e+02, 2.2399932895774910e+02, 0., 0., 1. ]
D2: !!opencv-matrix
   rows: 5
   cols: 1
   dt: d
   data: [ -2.2201337830972428e-02, -1.1445843221826492e-03,
       2.9199201696882579e-04, -7.1705872414221615e-04,
       5.1284674356775366e-04 ]
P2: !!opencv-matrix
   rows: 3
   cols: 4
   dt: f
   data: [ 3.70943787e+02, 0., 4.25257233e+02, -1.57221188e+05, 0.,
       3.70943787e+02, 2.33707672e+02, 0., 0., 0., 1., 0. ]
R2: !!opencv-matrix
   rows: 3
   cols: 3
   dt: f
   data: [ 9.96443510e-01, -5.97610660e-02, -5.94045110e-02,
       6.10403940e-02, 9.97935712e-01, 1.99581161e-02, 5.80891669e-02,
       -2.35132109e-02, 9.98034477e-01 ]
