%YAML:1.0
---
Q: !!opencv-matrix
   rows: 4
   cols: 4
   dt: f
   data: [ 1., 0., 0., -4.04981384e+02, 0., 1., 0., -2.33224243e+02, 0.,
       0., 0., 3.69082458e+02, 0., 0., 3.22410138e-03, 0. ]
R: !!opencv-matrix
   rows: 3
   cols: 3
   dt: d
   data: [ 1.0167218370438265e+00, -4.3516243915889874e-02,
       4.9569114957916202e-02, 4.5733164150054524e-02,
       1.0169118812471127e+00, -4.4378595119720081e-02,
       -4.7603635660121900e-02, 4.6510878628028544e-02,
       1.0167349573649396e+00 ]
T: !!opencv-matrix
   rows: 3
   cols: 1
   dt: d
   data: [ -3.0906090504608750e+02, 1.8535390572415118e+01,
       1.8424684434475139e+01 ]
E: !!opencv-matrix
   rows: 0
   cols: 0
   dt: u
   data: []
F: !!opencv-matrix
   rows: 0
   cols: 0
   dt: u
   data: []
K1: !!opencv-matrix
   rows: 3
   cols: 3
   dt: d
   data: [ 3.6627756984521932e+02, 0., 3.8060969928433269e+02, 0.,
       3.6653175179255015e+02, 2.3878059668569790e+02, 0., 0., 1. ]
D1: !!opencv-matrix
   rows: 5
   cols: 1
   dt: d
   data: [ -2.1859934914563901e-02, -9.9468572971318997e-04,
       1.6448003429794193e-03, -3.1164985765511365e-04,
       3.5195408316194161e-04 ]
P1: !!opencv-matrix
   rows: 3
   cols: 4
   dt: f
   data: [ 3.69082458e+02, 0., 4.04981384e+02, 0., 0., 3.69082458e+02,
       2.33224243e+02, 0., 0., 0., 1., 0. ]
R1: !!opencv-matrix
   rows: 3
   cols: 3
   dt: f
   data: [ 9.94445443e-01, -1.04934953e-01, -8.18184670e-03,
       1.04740329e-01, 9.94269371e-01, -2.13971827e-02, 1.03802718e-02,
       2.04213616e-02, 9.99737561e-01 ]
K2: !!opencv-matrix
   rows: 3
   cols: 3
   dt: d
   data: [ 3.6687495098581172e+02, 0., 3.7621769200552956e+02, 0.,
       3.6726361788508825e+02, 2.2399932895774910e+02, 0., 0., 1. ]
D2: !!opencv-matrix
   rows: 5
   cols: 1
   dt: d
   data: [ -2.2201337830972428e-02, -1.1445843221826492e-03,
       2.9199201696882579e-04, -7.1705872414221615e-04,
       5.1284674356775366e-04 ]
P2: !!opencv-matrix
   rows: 3
   cols: 4
   dt: f
   data: [ 3.69082458e+02, 0., 4.04981384e+02, -1.14476078e+05, 0.,
       3.69082458e+02, 2.33224243e+02, 0., 0., 0., 1., 0. ]
R2: !!opencv-matrix
   rows: 3
   cols: 3
   dt: f
   data: [ 9.96443689e-01, -5.97599782e-02, -5.94030507e-02,
       6.09917641e-02, 9.97954726e-01, 1.91422347e-02, 5.81376143e-02,
       -2.26972569e-02, 9.98050511e-01 ]
