%YAML:1.0
---
Q: !!opencv-matrix
   rows: 4
   cols: 4
   dt: f
   data: [ 1., 0., 0., -4.04983917e+02, 0., 1., 0., -2.32958206e+02, 0.,
       0., 0., 3.78313293e+02, 0., 0., 2.28028698e-03, 0. ]
R: !!opencv-matrix
   rows: 3
   cols: 3
   dt: d
   data: [ 1.0247042634241368e+00, 9.6556031833769391e-03,
       4.9363041922349693e-02, -7.6696498361932012e-03,
       1.0237582768954261e+00, -4.4603719384512484e-02,
       -5.0334557931365514e-02, 4.4217078719007485e-02,
       1.0225946233520737e+00 ]
T: !!opencv-matrix
   rows: 3
   cols: 1
   dt: d
   data: [ -4.3845487477410370e+02, 2.6296052207654196e+01,
       2.6139209078791726e+01 ]
E: !!opencv-matrix
   rows: 0
   cols: 0
   dt: u
   data: []
F: !!opencv-matrix
   rows: 0
   cols: 0
   dt: u
   data: []
K1: !!opencv-matrix
   rows: 3
   cols: 3
   dt: d
   data: [ 3.6627756984521932e+02, 0., 3.8060969928433269e+02, 0.,
       3.6653175179255015e+02, 2.3878059668569790e+02, 0., 0., 1. ]
D1: !!opencv-matrix
   rows: 5
   cols: 1
   dt: d
   data: [ -2.1859934914563901e-02, -9.9468572971318997e-04,
       1.6448003429794193e-03, -3.1164985765511365e-04,
       3.5195408316194161e-04 ]
P1: !!opencv-matrix
   rows: 3
   cols: 4
   dt: f
   data: [ 3.78313293e+02, 0., 4.04983917e+02, 0., 0., 3.78313293e+02,
       2.32958206e+02, 0., 0., 0., 1., 0. ]
R1: !!opencv-matrix
   rows: 3
   cols: 3
   dt: f
   data: [ 9.98570323e-01, -5.27846664e-02, -8.43230728e-03,
       5.25953695e-02, 9.98389065e-01, -2.12826077e-02, 9.54211876e-03,
       2.08086800e-02, 9.99737918e-01 ]
K2: !!opencv-matrix
   rows: 3
   cols: 3
   dt: d
   data: [ 3.6687495098581172e+02, 0., 3.7621769200552956e+02, 0.,
       3.6726361788508825e+02, 2.2399932895774910e+02, 0., 0., 1. ]
D2: !!opencv-matrix
   rows: 5
   cols: 1
   dt: d
   data: [ -2.2201337830972428e-02, -1.1445843221826492e-03,
       2.9199201696882579e-04, -7.1705872414221615e-04,
       5.1284674356775366e-04 ]
P2: !!opencv-matrix
   rows: 3
   cols: 4
   dt: f
   data: [ 3.78313293e+02, 0., 4.04983917e+02, -165906., 0.,
       3.78313293e+02, 2.32958206e+02, 0., 0., 0., 1., 0. ]
R2: !!opencv-matrix
   rows: 3
   cols: 3
   dt: f
   data: [ 9.96443510e-01, -5.97610660e-02, -5.94046228e-02,
       6.09995648e-02, 9.97952044e-01, 1.92568563e-02, 5.81321530e-02,
       -2.28120275e-02, 9.98048246e-01 ]
