%YAML:1.0
---
Q: !!opencv-matrix
   rows: 4
   cols: 4
   dt: f
   data: [ 1., 0., 0., -4.04985321e+02, 0., 1., 0., -2.33224548e+02, 0.,
       0., 0., 3.69082458e+02, 0., 0., 1.96470623e-03, 0. ]
R: !!opencv-matrix
   rows: 3
   cols: 3
   dt: d
   data: [ 1.0231492087953620e+00, -4.3798187046521705e-02,
       4.9883577958964108e-02, 4.6019676218719309e-02,
       1.0233162702351375e+00, -4.4658241134402664e-02,
       -4.7904965431250494e-02, 4.6804282559799792e-02,
       1.0231375072825268e+00 ]
T: !!opencv-matrix
   rows: 3
   cols: 1
   dt: d
   data: [ -5.1855017482926326e+02, 3.1099557353189518e+01,
       3.0914267175538807e+01 ]
E: !!opencv-matrix
   rows: 0
   cols: 0
   dt: u
   data: []
F: !!opencv-matrix
   rows: 0
   cols: 0
   dt: u
   data: []
K1: !!opencv-matrix
   rows: 3
   cols: 3
   dt: d
   data: [ 3.6627756984521932e+02, 0., 3.8060969928433269e+02, 0.,
       3.6653175179255015e+02, 2.3878059668569790e+02, 0., 0., 1. ]
D1: !!opencv-matrix
   rows: 5
   cols: 1
   dt: d
   data: [ -2.1859934914563901e-02, -9.9468572971318997e-04,
       1.6448003429794193e-03, -3.1164985765511365e-04,
       3.5195408316194161e-04 ]
P1: !!opencv-matrix
   rows: 3
   cols: 4
   dt: f
   data: [ 3.69082458e+02, 0., 4.04985321e+02, 0., 0., 3.69082458e+02,
       2.33224548e+02, 0., 0., 0., 1., 0. ]
R1: !!opencv-matrix
   rows: 3
   cols: 3
   dt: f
   data: [ 9.94444132e-01, -1.04946434e-01, -8.19019228e-03,
       1.04751639e-01, 9.94268179e-01, -2.13975050e-02, 1.03888391e-02,
       2.04206873e-02, 9.99737501e-01 ]
K2: !!opencv-matrix
   rows: 3
   cols: 3
   dt: d
   data: [ 3.6687495098581172e+02, 0., 3.7621769200552956e+02, 0.,
       3.6726361788508825e+02, 2.2399932895774910e+02, 0., 0., 1. ]
D2: !!opencv-matrix
   rows: 5
   cols: 1
   dt: d
   data: [ -2.2201337830972428e-02, -1.1445843221826492e-03,
       2.9199201696882579e-04, -7.1705872414221615e-04,
       5.1284674356775366e-04 ]
P2: !!opencv-matrix
   rows: 3
   cols: 4
   dt: f
   data: [ 3.69082458e+02, 0., 4.04985321e+02, -1.87856313e+05, 0.,
       3.69082458e+02, 2.33224548e+02, 0., 0., 0., 1., 0. ]
R2: !!opencv-matrix
   rows: 3
   cols: 3
   dt: f
   data: [ 9.96443570e-01, -5.97607605e-02, -5.94047084e-02,
       6.09925725e-02, 9.97954667e-01, 1.91419907e-02, 5.81392646e-02,
       -2.26971600e-02, 9.98050451e-01 ]
