%YAML:1.0
---
Q: !!opencv-matrix
   rows: 4
   cols: 4
   dt: f
   data: [ 1., 0., 0., -3.82982025e+02, 0., 1., 0., -2.32165375e+02, 0.,
       0., 0., 3.61173920e+02, 0., 0., 2.63528642e-03, 0. ]
R: !!opencv-matrix
   rows: 3
   cols: 3
   dt: d
   data: [ 1.0231184503768491e+00, 9.9002467864084086e-03,
       -3.3164428858295136e-03, -9.9023919004174732e-03,
       1.0231769559729909e+00, 9.4548924227998432e-03,
       3.3191554359491139e-03, -9.4176800671250185e-03,
       1.0232178782845969e+00 ]
T: !!opencv-matrix
   rows: 3
   cols: 1
   dt: d
   data: [ -3.8160960988177931e+02, 2.2886722389586673e+01,
       1.5468973706297322e+00 ]
E: !!opencv-matrix
   rows: 0
   cols: 0
   dt: u
   data: []
F: !!opencv-matrix
   rows: 0
   cols: 0
   dt: u
   data: []
K1: !!opencv-matrix
   rows: 3
   cols: 3
   dt: d
   data: [ 3.6627756984521932e+02, 0., 3.8060969928433269e+02, 0.,
       3.6653175179255015e+02, 2.3878059668569790e+02, 0., 0., 1. ]
D1: !!opencv-matrix
   rows: 5
   cols: 1
   dt: d
   data: [ -2.1859934914563901e-02, -9.9468572971318997e-04,
       1.6448003429794193e-03, -3.1164985765511365e-04,
       3.5195408316194161e-04 ]
P1: !!opencv-matrix
   rows: 3
   cols: 4
   dt: f
   data: [ 3.61173920e+02, 0., 3.82982025e+02, 0., 0., 3.61173920e+02,
       2.32165375e+02, 0., 0., 0., 1., 0. ]
R1: !!opencv-matrix
   rows: 3
   cols: 3
   dt: f
   data: [ 9.98711705e-01, -5.01412116e-02, -7.79763702e-03,
       5.01761846e-02, 9.98730898e-01, 4.35594702e-03, 7.56932842e-03,
       -4.74159094e-03, 9.99960124e-01 ]
K2: !!opencv-matrix
   rows: 3
   cols: 3
   dt: d
   data: [ 3.6687495098581172e+02, 0., 3.7621769200552956e+02, 0.,
       3.6726361788508825e+02, 2.2399932895774910e+02, 0., 0., 1. ]
D2: !!opencv-matrix
   rows: 5
   cols: 1
   dt: d
   data: [ -2.2201337830972428e-02, -1.1445843221826492e-03,
       2.9199201696882579e-04, -7.1705872414221615e-04,
       5.1284674356775366e-04 ]
P2: !!opencv-matrix
   rows: 3
   cols: 4
   dt: f
   data: [ 3.61173920e+02, 0., 3.82982025e+02, -137053., 0.,
       3.61173920e+02, 2.32165375e+02, 0., 0., 0., 1., 0. ]
R2: !!opencv-matrix
   rows: 3
   cols: 3
   dt: f
   data: [ 9.98198211e-01, -5.98661155e-02, -4.04630834e-03,
       5.98470755e-02, 9.98196602e-01, -4.67347447e-03, 4.31879424e-03,
       4.42289421e-03, 9.99980867e-01 ]
