%YAML:1.0
---
Q: !!opencv-matrix
   rows: 4
   cols: 4
   dt: f
   data: [ 1., 0., 0., -3.82429230e+02, 0., 1., 0., -2.31850342e+02, 0.,
       0., 0., 3.58677277e+02, 0., 0., 3.12567502e-03, 0. ]
R: !!opencv-matrix
   rows: 3
   cols: 3
   dt: d
   data: [ 1.0239148293996723e+00, 9.7479227624023557e-03,
       -3.4684577923006100e-03, -9.9130365429205870e-03,
       1.0235294017552157e+00, 9.4538652715107224e-03,
       3.3184586219979443e-03, -9.4202595786530945e-03,
       1.0235723939115240e+00 ]
T: !!opencv-matrix
   rows: 3
   cols: 1
   dt: d
   data: [ -3.2243932025545649e+02, 1.4224530019511132e+00,
       1.3068327768162245e+00 ]
E: !!opencv-matrix
   rows: 0
   cols: 0
   dt: u
   data: []
F: !!opencv-matrix
   rows: 0
   cols: 0
   dt: u
   data: []
K1: !!opencv-matrix
   rows: 3
   cols: 3
   dt: d
   data: [ 3.6627756984521932e+02, 0., 3.8060969928433269e+02, 0.,
       3.6653175179255015e+02, 2.3878059668569790e+02, 0., 0., 1. ]
D1: !!opencv-matrix
   rows: 5
   cols: 1
   dt: d
   data: [ -2.1859934914563901e-02, -9.9468572971318997e-04,
       1.6448003429794193e-03, -3.1164985765511365e-04,
       3.5195408316194161e-04 ]
P1: !!opencv-matrix
   rows: 3
   cols: 4
   dt: f
   data: [ 3.58677277e+02, 0., 3.82429230e+02, 0., 0., 3.58677277e+02,
       2.31850342e+02, 0., 0., 0., 1., 0. ]
R1: !!opencv-matrix
   rows: 3
   cols: 3
   dt: f
   data: [ 9.99958813e-01, 5.18717058e-03, -7.44646508e-03,
       -5.15289325e-03, 9.99976099e-01, 4.61502420e-03, 7.47022545e-03,
       -4.57646325e-03, 9.99961615e-01 ]
K2: !!opencv-matrix
   rows: 3
   cols: 3
   dt: d
   data: [ 3.6687495098581172e+02, 0., 3.7621769200552956e+02, 0.,
       3.6726361788508825e+02, 2.2399932895774910e+02, 0., 0., 1. ]
D2: !!opencv-matrix
   rows: 5
   cols: 1
   dt: d
   data: [ -2.2201337830972428e-02, -1.1445843221826492e-03,
       2.9199201696882579e-04, -7.1705872414221615e-04,
       5.1284674356775366e-04 ]
P2: !!opencv-matrix
   rows: 3
   cols: 4
   dt: f
   data: [ 3.58677277e+02, 0., 3.82429230e+02, -1.14751945e+05, 0.,
       3.58677277e+02, 2.31850342e+02, 0., 0., 0., 1., 0. ]
R2: !!opencv-matrix
   rows: 3
   cols: 3
   dt: f
   data: [ 9.99982059e-01, -4.41145804e-03, -4.05288488e-03,
       4.39278502e-03, 9.99979734e-01, -4.60471353e-03, 4.07311646e-03,
       4.58682748e-03, 9.99981165e-01 ]
