%YAML:1.0
---
Q: !!opencv-matrix
   rows: 4
   cols: 4
   dt: f
   data: [ 1., 0., 0., -4.25319641e+02, 0., 1., 0., -2.33710266e+02, 0.,
       0., 0., 3.70918121e+02, 0., 0., 2.35535833e-03, 0. ]
R: !!opencv-matrix
   rows: 3
   cols: 3
   dt: d
   data: [ 1.0240344965078219e+00, 9.2121857257919815e-03,
       -3.1276258125395120e-03, -9.9050160551643254e-03,
       1.0233398270915042e+00, -4.4194227822558448e-02,
       3.3351246297818144e-03, 4.4224036214780632e-02,
       1.0233109016235837e+00 ]
T: !!opencv-matrix
   rows: 3
   cols: 1
   dt: d
   data: [ -4.2421199414740647e+02, 2.5441843566475775e+01,
       2.5290049585331460e+01 ]
E: !!opencv-matrix
   rows: 0
   cols: 0
   dt: u
   data: []
F: !!opencv-matrix
   rows: 0
   cols: 0
   dt: u
   data: []
K1: !!opencv-matrix
   rows: 3
   cols: 3
   dt: d
   data: [ 3.6627756984521932e+02, 0., 3.8060969928433269e+02, 0.,
       3.6653175179255015e+02, 2.3878059668569790e+02, 0., 0., 1. ]
D1: !!opencv-matrix
   rows: 5
   cols: 1
   dt: d
   data: [ -2.1859934914563901e-02, -9.9468572971318997e-04,
       1.6448003429794193e-03, -3.1164985765511365e-04,
       3.5195408316194161e-04 ]
P1: !!opencv-matrix
   rows: 3
   cols: 4
   dt: f
   data: [ 3.70918121e+02, 0., 4.25319641e+02, 0., 0., 3.70918121e+02,
       2.33710266e+02, 0., 0., 0., 1., 0. ]
R1: !!opencv-matrix
   rows: 3
   cols: 3
   dt: f
   data: [ 9.96789277e-01, -5.30617833e-02, -5.99628016e-02,
       5.17437831e-02, 9.98387992e-01, -2.33244151e-02, 6.11037761e-02,
       2.01468244e-02, 9.97928083e-01 ]
K2: !!opencv-matrix
   rows: 3
   cols: 3
   dt: d
   data: [ 3.6687495098581172e+02, 0., 3.7621769200552956e+02, 0.,
       3.6726361788508825e+02, 2.2399932895774910e+02, 0., 0., 1. ]
D2: !!opencv-matrix
   rows: 5
   cols: 1
   dt: d
   data: [ -2.2201337830972428e-02, -1.1445843221826492e-03,
       2.9199201696882579e-04, -7.1705872414221615e-04,
       5.1284674356775366e-04 ]
P2: !!opencv-matrix
   rows: 3
   cols: 4
   dt: f
   data: [ 3.70918121e+02, 0., 4.25319641e+02, -1.57478438e+05, 0.,
       3.70918121e+02, 2.33710266e+02, 0., 0., 0., 1., 0. ]
R2: !!opencv-matrix
   rows: 3
   cols: 3
   dt: f
   data: [ 9.96443510e-01, -5.97610660e-02, -5.94045110e-02,
       6.10402822e-02, 9.97935772e-01, 1.99561901e-02, 5.80892861e-02,
       -2.35112850e-02, 9.98034477e-01 ]
