%YAML:1.0
---
Q: !!opencv-matrix
   rows: 4
   cols: 4
   dt: f
   data: [ 1., 0., 0., -3.82396729e+02, 0., 1., 0., -2.31850204e+02, 0.,
       0., 0., 3.58647369e+02, 0., 0., 3.10130301e-03, 0. ]
R: !!opencv-matrix
   rows: 3
   cols: 3
   dt: d
   data: [ 1.0235982818619773e+00, 9.9013214127132640e-03,
       -3.2656484359268640e-03, -9.9118432801288767e-03,
       1.0235672679787198e+00, 9.4533259905783887e-03,
       3.3200227831379873e-03, -9.4212345238833695e-03,
       1.0236101143774019e+00 ]
T: !!opencv-matrix
   rows: 3
   cols: 1
   dt: d
   data: [ -3.2580234880436331e+02, 1.4372891120939046e+00,
       1.3204628648621535e+00 ]
E: !!opencv-matrix
   rows: 0
   cols: 0
   dt: u
   data: []
F: !!opencv-matrix
   rows: 0
   cols: 0
   dt: u
   data: []
K1: !!opencv-matrix
   rows: 3
   cols: 3
   dt: d
   data: [ 3.6627756984521932e+02, 0., 3.8060969928433269e+02, 0.,
       3.6653175179255015e+02, 2.3878059668569790e+02, 0., 0., 1. ]
D1: !!opencv-matrix
   rows: 5
   cols: 1
   dt: d
   data: [ -2.1859934914563901e-02, -9.9468572971318997e-04,
       1.6448003429794193e-03, -3.1164985765511365e-04,
       3.5195408316194161e-04 ]
P1: !!opencv-matrix
   rows: 3
   cols: 4
   dt: f
   data: [ 3.58647369e+02, 0., 3.82396729e+02, 0., 0., 3.58647369e+02,
       2.31850204e+02, 0., 0., 0., 1., 0. ]
R1: !!opencv-matrix
   rows: 3
   cols: 3
   dt: f
   data: [ 9.99959171e-01, 5.24280407e-03, -7.36326026e-03,
       -5.20890672e-03, 9.99975801e-01, 4.61522769e-03, 7.38727860e-03,
       -4.57668444e-03, 9.99962211e-01 ]
K2: !!opencv-matrix
   rows: 3
   cols: 3
   dt: d
   data: [ 3.6687495098581172e+02, 0., 3.7621769200552956e+02, 0.,
       3.6726361788508825e+02, 2.2399932895774910e+02, 0., 0., 1. ]
D2: !!opencv-matrix
   rows: 5
   cols: 1
   dt: d
   data: [ -2.2201337830972428e-02, -1.1445843221826492e-03,
       2.9199201696882579e-04, -7.1705872414221615e-04,
       5.1284674356775366e-04 ]
P2: !!opencv-matrix
   rows: 3
   cols: 4
   dt: f
   data: [ 3.58647369e+02, 0., 3.82396729e+02, -1.15644094e+05, 0.,
       3.58647369e+02, 2.31850204e+02, 0., 0., 0., 1., 0. ]
R2: !!opencv-matrix
   rows: 3
   cols: 3
   dt: f
   data: [ 9.99982059e-01, -4.41145804e-03, -4.05288441e-03,
       4.39278409e-03, 9.99979734e-01, -4.60492540e-03, 4.07311693e-03,
       4.58703935e-03, 9.99981165e-01 ]
