%YAML:1.0
---
Q: !!opencv-matrix
   rows: 4
   cols: 4
   dt: f
   data: [ 1., 0., 0., -4.04994873e+02, 0., 1., 0., -2.33225357e+02, 0.,
       0., 0., 3.69080078e+02, 0., 0., 2.08882452e-03, 0. ]
R: !!opencv-matrix
   rows: 3
   cols: 3
   dt: d
   data: [ 1.0233369699497967e+00, -4.3818907586821033e-02,
       4.9879855917082029e-02, 4.6028738349646749e-02,
       1.0235106866834029e+00, -4.4665903634813202e-02,
       -4.7913681399379814e-02, 4.6813881767120390e-02,
       1.0233319290678700e+00 ]
T: !!opencv-matrix
   rows: 3
   cols: 1
   dt: d
   data: [ -4.8259274145454657e+02, 2.8943044221089661e+01,
       2.8770602483042708e+01 ]
E: !!opencv-matrix
   rows: 0
   cols: 0
   dt: u
   data: []
F: !!opencv-matrix
   rows: 0
   cols: 0
   dt: u
   data: []
K1: !!opencv-matrix
   rows: 3
   cols: 3
   dt: d
   data: [ 3.6627756984521932e+02, 0., 3.8060969928433269e+02, 0.,
       3.6653175179255015e+02, 2.3878059668569790e+02, 0., 0., 1. ]
D1: !!opencv-matrix
   rows: 5
   cols: 1
   dt: d
   data: [ -2.1859934914563901e-02, -9.9468572971318997e-04,
       1.6448003429794193e-03, -3.1164985765511365e-04,
       3.5195408316194161e-04 ]
P1: !!opencv-matrix
   rows: 3
   cols: 4
   dt: f
   data: [ 3.69080078e+02, 0., 4.04994873e+02, 0., 0., 3.69080078e+02,
       2.33225357e+02, 0., 0., 0., 1., 0. ]
R1: !!opencv-matrix
   rows: 3
   cols: 3
   dt: f
   data: [ 9.94441271e-01, -1.04972050e-01, -8.21452774e-03,
       1.04776748e-01, 9.94265556e-01, -2.13983078e-02, 1.04136458e-02,
       2.04186682e-02, 9.99737263e-01 ]
K2: !!opencv-matrix
   rows: 3
   cols: 3
   dt: d
   data: [ 3.6687495098581172e+02, 0., 3.7621769200552956e+02, 0.,
       3.6726361788508825e+02, 2.2399932895774910e+02, 0., 0., 1. ]
D2: !!opencv-matrix
   rows: 5
   cols: 1
   dt: d
   data: [ -2.2201337830972428e-02, -1.1445843221826492e-03,
       2.9199201696882579e-04, -7.1705872414221615e-04,
       5.1284674356775366e-04 ]
P2: !!opencv-matrix
   rows: 3
   cols: 4
   dt: f
   data: [ 3.69080078e+02, 0., 4.04994873e+02, -1.76692719e+05, 0.,
       3.69080078e+02, 2.33225357e+02, 0., 0., 0., 1., 0. ]
R2: !!opencv-matrix
   rows: 3
   cols: 3
   dt: f
   data: [ 9.96443570e-01, -5.97607605e-02, -5.94047084e-02,
       6.09925352e-02, 9.97954667e-01, 1.91413965e-02, 5.81393018e-02,
       -2.26965658e-02, 9.98050451e-01 ]
