%YAML:1.0
---
Q: !!opencv-matrix
   rows: 4
   cols: 4
   dt: f
   data: [ 1., 0., 0., -3.82360107e+02, 0., 1., 0., -2.31850021e+02, 0.,
       0., 0., 3.58611572e+02, 0., 0., 2.90789548e-03, 0. ]
R: !!opencv-matrix
   rows: 3
   cols: 3
   dt: d
   data: [ 1.0234308571568873e+00, 9.8886795248925054e-03,
       -3.2736753061148364e-03, -9.9102895182021557e-03,
       1.0234126949431321e+00, 9.4519355384650415e-03,
       3.3195731228034125e-03, -9.4197661577468169e-03,
       1.0234555202292284e+00 ]
T: !!opencv-matrix
   rows: 3
   cols: 1
   dt: d
   data: [ -3.4629346575139687e+02, 1.5276864324229664e+00,
       1.4035124797103939e+00 ]
E: !!opencv-matrix
   rows: 0
   cols: 0
   dt: u
   data: []
F: !!opencv-matrix
   rows: 0
   cols: 0
   dt: u
   data: []
K1: !!opencv-matrix
   rows: 3
   cols: 3
   dt: d
   data: [ 3.6627756984521932e+02, 0., 3.8060969928433269e+02, 0.,
       3.6653175179255015e+02, 2.3878059668569790e+02, 0., 0., 1. ]
D1: !!opencv-matrix
   rows: 5
   cols: 1
   dt: d
   data: [ -2.1859934914563901e-02, -9.9468572971318997e-04,
       1.6448003429794193e-03, -3.1164985765511365e-04,
       3.5195408316194161e-04 ]
P1: !!opencv-matrix
   rows: 3
   cols: 4
   dt: f
   data: [ 3.58611572e+02, 0., 3.82360107e+02, 0., 0., 3.58611572e+02,
       2.31850021e+02, 0., 0., 0., 1., 0. ]
R1: !!opencv-matrix
   rows: 3
   cols: 3
   dt: f
   data: [ 9.99959469e-01, 5.31330612e-03, -7.26940762e-03,
       -5.27983764e-03, 9.99975383e-01, 4.61549405e-03, 7.29375286e-03,
       -4.57692565e-03, 9.99962926e-01 ]
K2: !!opencv-matrix
   rows: 3
   cols: 3
   dt: d
   data: [ 3.6687495098581172e+02, 0., 3.7621769200552956e+02, 0.,
       3.6726361788508825e+02, 2.2399932895774910e+02, 0., 0., 1. ]
D2: !!opencv-matrix
   rows: 5
   cols: 1
   dt: d
   data: [ -2.2201337830972428e-02, -1.1445843221826492e-03,
       2.9199201696882579e-04, -7.1705872414221615e-04,
       5.1284674356775366e-04 ]
P2: !!opencv-matrix
   rows: 3
   cols: 4
   dt: f
   data: [ 3.58611572e+02, 0., 3.82360107e+02, -1.23323406e+05, 0.,
       3.58611572e+02, 2.31850021e+02, 0., 0., 0., 1., 0. ]
R2: !!opencv-matrix
   rows: 3
   cols: 3
   dt: f
   data: [ 9.99982059e-01, -4.41145804e-03, -4.05288395e-03,
       4.39278316e-03, 9.99979734e-01, -4.60517872e-03, 4.07311739e-03,
       4.58729267e-03, 9.99981165e-01 ]
