%YAML:1.0
---
Q: !!opencv-matrix
   rows: 4
   cols: 4
   dt: f
   data: [ 1., 0., 0., -4.25435699e+02, 0., 1., 0., -2.33713318e+02, 0.,
       0., 0., 3.70886292e+02, 0., 0., 2.33709323e-03, 0. ]
R: !!opencv-matrix
   rows: 3
   cols: 3
   dt: d
   data: [ 1.0240595563136059e+00, 9.5169923027908117e-03,
       -3.6223530651152652e-03, -9.9096941115991710e-03,
       1.0232584340628843e+00, -4.4161821190971111e-02,
       3.3296620091609343e-03, 4.4203104890241096e-02,
       1.0232773304241378e+00 ]
T: !!opencv-matrix
   rows: 3
   cols: 1
   dt: d
   data: [ -4.2976457968554791e+02, 2.5774856349462979e+01,
       2.5621075550602320e+01 ]
E: !!opencv-matrix
   rows: 0
   cols: 0
   dt: u
   data: []
F: !!opencv-matrix
   rows: 0
   cols: 0
   dt: u
   data: []
K1: !!opencv-matrix
   rows: 3
   cols: 3
   dt: d
   data: [ 3.6627756984521932e+02, 0., 3.8060969928433269e+02, 0.,
       3.6653175179255015e+02, 2.3878059668569790e+02, 0., 0., 1. ]
D1: !!opencv-matrix
   rows: 5
   cols: 1
   dt: d
   data: [ -2.1859934914563901e-02, -9.9468572971318997e-04,
       1.6448003429794193e-03, -3.1164985765511365e-04,
       3.5195408316194161e-04 ]
P1: !!opencv-matrix
   rows: 3
   cols: 4
   dt: f
   data: [ 3.70886292e+02, 0., 4.25435699e+02, 0., 0., 3.70886292e+02,
       2.33713318e+02, 0., 0., 0., 1., 0. ]
R1: !!opencv-matrix
   rows: 3
   cols: 3
   dt: f
   data: [ 9.96775806e-01, -5.29862083e-02, -6.02536723e-02,
       5.16621955e-02, 9.98392224e-01, -2.33245529e-02, 6.13926761e-02,
       2.01365110e-02, 9.97910559e-01 ]
K2: !!opencv-matrix
   rows: 3
   cols: 3
   dt: d
   data: [ 3.6687495098581172e+02, 0., 3.7621769200552956e+02, 0.,
       3.6726361788508825e+02, 2.2399932895774910e+02, 0., 0., 1. ]
D2: !!opencv-matrix
   rows: 5
   cols: 1
   dt: d
   data: [ -2.2201337830972428e-02, -1.1445843221826492e-03,
       2.9199201696882579e-04, -7.1705872414221615e-04,
       5.1284674356775366e-04 ]
P2: !!opencv-matrix
   rows: 3
   cols: 4
   dt: f
   data: [ 3.70886292e+02, 0., 4.25435699e+02, -1.58695547e+05, 0.,
       3.70886292e+02, 2.33713318e+02, 0., 0., 0., 1., 0. ]
R2: !!opencv-matrix
   rows: 3
   cols: 3
   dt: f
   data: [ 9.96443510e-01, -5.97610660e-02, -5.94045110e-02,
       6.10399880e-02, 9.97935891e-01, 1.99511759e-02, 5.80895916e-02,
       -2.35062707e-02, 9.98034596e-01 ]
