%YAML:1.0
---
Q: !!opencv-matrix
   rows: 4
   cols: 4
   dt: f
   data: [ 1., 0., 0., -4.04998535e+02, 0., 1., 0., -2.33225540e+02, 0.,
       0., 0., 3.69071869e+02, 0., 0., 2.11968576e-03, 0. ]
R: !!opencv-matrix
   rows: 3
   cols: 3
   dt: d
   data: [ 1.0233015480722085e+00, -4.3870465711187218e-02,
       4.9811597690199272e-02, 4.6038743854586166e-02,
       1.0235886904097427e+00, -4.4664867952212632e-02,
       -4.7910608801554726e-02, 4.6820198961158258e-02,
       1.0234113078889613e+00 ]
T: !!opencv-matrix
   rows: 3
   cols: 1
   dt: d
   data: [ -4.7302355639011506e+02, 2.8369141392875822e+01,
       2.8200119069586652e+01 ]
E: !!opencv-matrix
   rows: 0
   cols: 0
   dt: u
   data: []
F: !!opencv-matrix
   rows: 0
   cols: 0
   dt: u
   data: []
K1: !!opencv-matrix
   rows: 3
   cols: 3
   dt: d
   data: [ 3.6627756984521932e+02, 0., 3.8060969928433269e+02, 0.,
       3.6653175179255015e+02, 2.3878059668569790e+02, 0., 0., 1. ]
D1: !!opencv-matrix
   rows: 5
   cols: 1
   dt: d
   data: [ -2.1859934914563901e-02, -9.9468572971318997e-04,
       1.6448003429794193e-03, -3.1164985765511365e-04,
       3.5195408316194161e-04 ]
P1: !!opencv-matrix
   rows: 3
   cols: 4
   dt: f
   data: [ 3.69071869e+02, 0., 4.04998535e+02, 0., 0., 3.69071869e+02,
       2.33225540e+02, 0., 0., 0., 1., 0. ]
R1: !!opencv-matrix
   rows: 3
   cols: 3
   dt: f
   data: [ 9.94442642e-01, -1.04957841e-01, -8.22395831e-03,
       1.04762346e-01, 9.94267046e-01, -2.13984624e-02, 1.04227467e-02,
       2.04179827e-02, 9.99737203e-01 ]
K2: !!opencv-matrix
   rows: 3
   cols: 3
   dt: d
   data: [ 3.6687495098581172e+02, 0., 3.7621769200552956e+02, 0.,
       3.6726361788508825e+02, 2.2399932895774910e+02, 0., 0., 1. ]
D2: !!opencv-matrix
   rows: 5
   cols: 1
   dt: d
   data: [ -2.2201337830972428e-02, -1.1445843221826492e-03,
       2.9199201696882579e-04, -7.1705872414221615e-04,
       5.1284674356775366e-04 ]
P2: !!opencv-matrix
   rows: 3
   cols: 4
   dt: f
   data: [ 3.69071869e+02, 0., 4.04998535e+02, -1.74116313e+05, 0.,
       3.69071869e+02, 2.33225540e+02, 0., 0., 0., 1., 0. ]
R2: !!opencv-matrix
   rows: 3
   cols: 3
   dt: f
   data: [ 9.96443570e-01, -5.97607605e-02, -5.94047084e-02,
       6.09925203e-02, 9.97954667e-01, 1.91411246e-02, 5.81393167e-02,
       -2.26962920e-02, 9.98050451e-01 ]
