%YAML:1.0
---
Q: !!opencv-matrix
   rows: 4
   cols: 4
   dt: f
   data: [ 1., 0., 0., -4.26621185e+02, 0., 1., 0., -2.33679535e+02, 0.,
       0., 0., 3.64784424e+02, 0., 0., 2.48823129e-03, 0. ]
R: !!opencv-matrix
   rows: 3
   cols: 3
   dt: d
   data: [ 1.0215329159570861e+00, 1.0889801450103953e-02,
       -3.5769655838590645e-03, -9.7954648321476896e-03,
       1.0233527290613089e+00, 9.4726345940461636e-03,
       3.4337119547224329e-03, -9.4765445858038515e-03,
       1.0234733147934569e+00 ]
T: !!opencv-matrix
   rows: 3
   cols: 1
   dt: d
   data: [ -4.0205000464280823e+02, 2.4112554715735715e+01,
       2.3968520844465253e+01 ]
E: !!opencv-matrix
   rows: 0
   cols: 0
   dt: u
   data: []
F: !!opencv-matrix
   rows: 0
   cols: 0
   dt: u
   data: []
K1: !!opencv-matrix
   rows: 3
   cols: 3
   dt: d
   data: [ 3.6627756984521932e+02, 0., 3.8060969928433269e+02, 0.,
       3.6653175179255015e+02, 2.3878059668569790e+02, 0., 0., 1. ]
D1: !!opencv-matrix
   rows: 5
   cols: 1
   dt: d
   data: [ -2.1859934914563901e-02, -9.9468572971318997e-04,
       1.6448003429794193e-03, -3.1164985765511365e-04,
       3.5195408316194161e-04 ]
P1: !!opencv-matrix
   rows: 3
   cols: 4
   dt: f
   data: [ 3.64784424e+02, 0., 4.26621185e+02, 0., 0., 3.64784424e+02,
       2.33679535e+02, 0., 0., 0., 1., 0. ]
R1: !!opencv-matrix
   rows: 3
   cols: 3
   dt: f
   data: [ 9.96789336e-01, -4.89621311e-02, -6.33538514e-02,
       4.92422581e-02, 9.98782754e-01, 2.86681973e-03, 6.31363690e-02,
       -5.97730186e-03, 9.97987032e-01 ]
K2: !!opencv-matrix
   rows: 3
   cols: 3
   dt: d
   data: [ 3.6687495098581172e+02, 0., 3.7621769200552956e+02, 0.,
       3.6726361788508825e+02, 2.2399932895774910e+02, 0., 0., 1. ]
D2: !!opencv-matrix
   rows: 5
   cols: 1
   dt: d
   data: [ -2.2201337830972428e-02, -1.1445843221826492e-03,
       2.9199201696882579e-04, -7.1705872414221615e-04,
       5.1284674356775366e-04 ]
P2: !!opencv-matrix
   rows: 3
   cols: 4
   dt: f
   data: [ 3.64784424e+02, 0., 4.26621185e+02, -1.46603906e+05, 0.,
       3.64784424e+02, 2.33679535e+02, 0., 0., 0., 1., 0. ]
R2: !!opencv-matrix
   rows: 3
   cols: 3
   dt: f
   data: [ 9.96443629e-01, -5.97607270e-02, -5.94037510e-02,
       5.94970100e-02, 9.98209238e-01, -6.19987538e-03, 5.96678853e-02,
       2.64348066e-03, 9.98214781e-01 ]
