%YAML:1.0
---
Q: !!opencv-matrix
   rows: 4
   cols: 4
   dt: f
   data: [ 1., 0., 0., -3.82481873e+02, 0., 1., 0., -2.31850464e+02, 0.,
       0., 0., 3.58701660e+02, 0., 0., 3.15803196e-03, 0. ]
R: !!opencv-matrix
   rows: 3
   cols: 3
   dt: d
   data: [ 1.0245642525151244e+00, 9.5556320718922002e-03,
       -3.7936368709839811e-03, -9.9153600976448434e-03,
       1.0234275551363283e+00, 9.4543528238636380e-03,
       3.3150772682186969e-03, -9.4185390770466105e-03,
       1.0234710182897246e+00 ]
T: !!opencv-matrix
   rows: 3
   cols: 1
   dt: d
   data: [ -3.1803622061940536e+02, 1.4030286012743993e+00,
       1.2889874443326672e+00 ]
E: !!opencv-matrix
   rows: 0
   cols: 0
   dt: u
   data: []
F: !!opencv-matrix
   rows: 0
   cols: 0
   dt: u
   data: []
K1: !!opencv-matrix
   rows: 3
   cols: 3
   dt: d
   data: [ 3.6627756984521932e+02, 0., 3.8060969928433269e+02, 0.,
       3.6653175179255015e+02, 2.3878059668569790e+02, 0., 0., 1. ]
D1: !!opencv-matrix
   rows: 5
   cols: 1
   dt: d
   data: [ -2.1859934914563901e-02, -9.9468572971318997e-04,
       1.6448003429794193e-03, -3.1164985765511365e-04,
       3.5195408316194161e-04 ]
P1: !!opencv-matrix
   rows: 3
   cols: 4
   dt: f
   data: [ 3.58701660e+02, 0., 3.82481873e+02, 0., 0., 3.58701660e+02,
       2.31850464e+02, 0., 0., 0., 1., 0. ]
R1: !!opencv-matrix
   rows: 3
   cols: 3
   dt: f
   data: [ 9.99958158e-01, 5.12047764e-03, -7.58121675e-03,
       -5.08558378e-03, 9.99976397e-01, 4.61481605e-03, 7.60466838e-03,
       -4.57606791e-03, 9.99960601e-01 ]
K2: !!opencv-matrix
   rows: 3
   cols: 3
   dt: d
   data: [ 3.6687495098581172e+02, 0., 3.7621769200552956e+02, 0.,
       3.6726361788508825e+02, 2.2399932895774910e+02, 0., 0., 1. ]
D2: !!opencv-matrix
   rows: 5
   cols: 1
   dt: d
   data: [ -2.2201337830972428e-02, -1.1445843221826492e-03,
       2.9199201696882579e-04, -7.1705872414221615e-04,
       5.1284674356775366e-04 ]
P2: !!opencv-matrix
   rows: 3
   cols: 4
   dt: f
   data: [ 3.58701660e+02, 0., 3.82481873e+02, -1.13583922e+05, 0.,
       3.58701660e+02, 2.31850464e+02, 0., 0., 0., 1., 0. ]
R2: !!opencv-matrix
   rows: 3
   cols: 3
   dt: f
   data: [ 9.99982059e-01, -4.41145804e-03, -4.05288581e-03,
       4.39278642e-03, 9.99979734e-01, -4.60441224e-03, 4.07311553e-03,
       4.58652619e-03, 9.99981165e-01 ]
