%YAML:1.0
---
Q: !!opencv-matrix
   rows: 4
   cols: 4
   dt: f
   data: [ 1., 0., 0., -3.82362305e+02, 0., 1., 0., -2.31850037e+02, 0.,
       0., 0., 3.58614014e+02, 0., 0., 3.05289426e-03, 0. ]
R: !!opencv-matrix
   rows: 3
   cols: 3
   dt: d
   data: [ 1.0235530318976012e+00, 9.8692852541319206e-03,
       -3.2946778363747218e-03, -9.9115003811070784e-03,
       1.0235402310193800e+00, 9.4532034382617345e-03,
       3.3200078777542016e-03, -9.4208556019068756e-03,
       1.0235830541169719e+00 ]
T: !!opencv-matrix
   rows: 3
   cols: 1
   dt: d
   data: [ -3.2966256260661885e+02, 1.4543185880327625e+00,
       1.3361081498991785e+00 ]
E: !!opencv-matrix
   rows: 0
   cols: 0
   dt: u
   data: []
F: !!opencv-matrix
   rows: 0
   cols: 0
   dt: u
   data: []
K1: !!opencv-matrix
   rows: 3
   cols: 3
   dt: d
   data: [ 3.6627756984521932e+02, 0., 3.8060969928433269e+02, 0.,
       3.6653175179255015e+02, 2.3878059668569790e+02, 0., 0., 1. ]
D1: !!opencv-matrix
   rows: 5
   cols: 1
   dt: d
   data: [ -2.1859934914563901e-02, -9.9468572971318997e-04,
       1.6448003429794193e-03, -3.1164985765511365e-04,
       3.5195408316194161e-04 ]
P1: !!opencv-matrix
   rows: 3
   cols: 4
   dt: f
   data: [ 3.58614014e+02, 0., 3.82362305e+02, 0., 0., 3.58614014e+02,
       2.31850037e+02, 0., 0., 0., 1., 0. ]
R1: !!opencv-matrix
   rows: 3
   cols: 3
   dt: f
   data: [ 9.99959469e-01, 5.30788908e-03, -7.27505330e-03,
       -5.27439499e-03, 9.99975443e-01, 4.61547170e-03, 7.29937293e-03,
       -4.57691308e-03, 9.99962866e-01 ]
K2: !!opencv-matrix
   rows: 3
   cols: 3
   dt: d
   data: [ 3.6687495098581172e+02, 0., 3.7621769200552956e+02, 0.,
       3.6726361788508825e+02, 2.2399932895774910e+02, 0., 0., 1. ]
D2: !!opencv-matrix
   rows: 5
   cols: 1
   dt: d
   data: [ -2.2201337830972428e-02, -1.1445843221826492e-03,
       2.9199201696882579e-04, -7.1705872414221615e-04,
       5.1284674356775366e-04 ]
P2: !!opencv-matrix
   rows: 3
   cols: 4
   dt: f
   data: [ 3.58614014e+02, 0., 3.82362305e+02, -1.17466906e+05, 0.,
       3.58614014e+02, 2.31850037e+02, 0., 0., 0., 1., 0. ]
R2: !!opencv-matrix
   rows: 3
   cols: 3
   dt: f
   data: [ 9.99982059e-01, -4.41145804e-03, -4.05288395e-03,
       4.39278316e-03, 9.99979734e-01, -4.60516149e-03, 4.07311739e-03,
       4.58727544e-03, 9.99981165e-01 ]
