%YAML:1.0
---
Q: !!opencv-matrix
   rows: 4
   cols: 4
   dt: f
   data: [ 1., 0., 0., -4.26610077e+02, 0., 1., 0., -2.33682007e+02, 0.,
       0., 0., 3.64761444e+02, 0., 0., 2.47840723e-03, 0. ]
R: !!opencv-matrix
   rows: 3
   cols: 3
   dt: d
   data: [ 1.0220362661060736e+00, 1.0559967782634747e-02,
       -3.5230418269584967e-03, -9.8325727630133048e-03,
       1.0232348355144165e+00, 9.4681558369696141e-03,
       3.3950549253287444e-03, -9.4556944916056873e-03,
       1.0233325253432737e+00 ]
T: !!opencv-matrix
   rows: 3
   cols: 1
   dt: d
   data: [ -4.0422862834864526e+02, 2.4243215536238313e+01,
       2.4098401264087943e+01 ]
E: !!opencv-matrix
   rows: 0
   cols: 0
   dt: u
   data: []
F: !!opencv-matrix
   rows: 0
   cols: 0
   dt: u
   data: []
K1: !!opencv-matrix
   rows: 3
   cols: 3
   dt: d
   data: [ 3.6627756984521932e+02, 0., 3.8060969928433269e+02, 0.,
       3.6653175179255015e+02, 2.3878059668569790e+02, 0., 0., 1. ]
D1: !!opencv-matrix
   rows: 5
   cols: 1
   dt: d
   data: [ -2.1859934914563901e-02, -9.9468572971318997e-04,
       1.6448003429794193e-03, -3.1164985765511365e-04,
       3.5195408316194161e-04 ]
P1: !!opencv-matrix
   rows: 3
   cols: 4
   dt: f
   data: [ 3.64761444e+02, 0., 4.26610077e+02, 0., 0., 3.64761444e+02,
       2.33682007e+02, 0., 0., 0., 1., 0. ]
R1: !!opencv-matrix
   rows: 3
   cols: 3
   dt: f
   data: [ 9.96783674e-01, -4.91120890e-02, -6.33265972e-02,
       4.93919179e-02, 9.98775363e-01, 2.86003714e-03, 6.31085783e-02,
       -5.97866066e-03, 9.97988760e-01 ]
K2: !!opencv-matrix
   rows: 3
   cols: 3
   dt: d
   data: [ 3.6687495098581172e+02, 0., 3.7621769200552956e+02, 0.,
       3.6726361788508825e+02, 2.2399932895774910e+02, 0., 0., 1. ]
D2: !!opencv-matrix
   rows: 5
   cols: 1
   dt: d
   data: [ -2.2201337830972428e-02, -1.1445843221826492e-03,
       2.9199201696882579e-04, -7.1705872414221615e-04,
       5.1284674356775366e-04 ]
P2: !!opencv-matrix
   rows: 3
   cols: 4
   dt: f
   data: [ 3.64761444e+02, 0., 4.26610077e+02, -1.47175750e+05, 0.,
       3.64761444e+02, 2.33682007e+02, 0., 0., 0., 1., 0. ]
R2: !!opencv-matrix
   rows: 3
   cols: 3
   dt: f
   data: [ 9.96443629e-01, -5.97607270e-02, -5.94037548e-02,
       5.94971702e-02, 9.98209238e-01, -6.19716989e-03, 5.96677214e-02,
       2.64077494e-03, 9.98214781e-01 ]
