%YAML:1.0
---
Q: !!opencv-matrix
   rows: 4
   cols: 4
   dt: f
   data: [ 1., 0., 0., -4.07699585e+02, 0., 1., 0., -2.33128174e+02, 0.,
       0., 0., 3.79579559e+02, 0., 0., 5.71273314e-03, 0. ]
R: !!opencv-matrix
   rows: 3
   cols: 3
   dt: d
   data: [ 1.0016404752060419e+00, 9.4862998543920815e-03,
       4.8326321613753900e-02, -7.4855422586736428e-03,
       1.0009920350664880e+00, -4.3613982891887657e-02,
       -4.9201831771195831e-02, 4.3231341875552685e-02,
       9.9985473390406465e-01 ]
T: !!opencv-matrix
   rows: 3
   cols: 1
   dt: d
   data: [ -1.7428422913776046e+02, 1.1067393352824029e+01,
       1.1001424084567203e+01 ]
E: !!opencv-matrix
   rows: 0
   cols: 0
   dt: u
   data: []
F: !!opencv-matrix
   rows: 0
   cols: 0
   dt: u
   data: []
K1: !!opencv-matrix
   rows: 3
   cols: 3
   dt: d
   data: [ 3.6627756984521932e+02, 0., 3.8060969928433269e+02, 0.,
       3.6653175179255015e+02, 2.3878059668569790e+02, 0., 0., 1. ]
D1: !!opencv-matrix
   rows: 5
   cols: 1
   dt: d
   data: [ -2.1859934914563901e-02, -9.9468572971318997e-04,
       1.6448003429794193e-03, -3.1164985765511365e-04,
       3.5195408316194161e-04 ]
P1: !!opencv-matrix
   rows: 3
   cols: 4
   dt: f
   data: [ 3.79579559e+02, 0., 4.07699585e+02, 0., 0., 3.79579559e+02,
       2.33128174e+02, 0., 0., 0., 1., 0. ]
R1: !!opencv-matrix
   rows: 3
   cols: 3
   dt: f
   data: [ 9.98337686e-01, -5.64188324e-02, -1.17803421e-02,
       5.61587028e-02, 9.98193443e-01, -2.13542227e-02, 1.29638407e-02,
       2.06571575e-02, 9.99702573e-01 ]
K2: !!opencv-matrix
   rows: 3
   cols: 3
   dt: d
   data: [ 3.6687495098581172e+02, 0., 3.7621769200552956e+02, 0.,
       3.6726361788508825e+02, 2.2399932895774910e+02, 0., 0., 1. ]
D2: !!opencv-matrix
   rows: 5
   cols: 1
   dt: d
   data: [ -2.2201337830972428e-02, -1.1445843221826492e-03,
       2.9199201696882579e-04, -7.1705872414221615e-04,
       5.1284674356775366e-04 ]
P2: !!opencv-matrix
   rows: 3
   cols: 4
   dt: f
   data: [ 3.79579559e+02, 0., 4.07699585e+02, -6.64444766e+04, 0.,
       3.79579559e+02, 2.33128174e+02, 0., 0., 0., 1., 0. ]
R2: !!opencv-matrix
   rows: 3
   cols: 3
   dt: f
   data: [ 9.96015429e-01, -6.32489473e-02, -6.28719404e-02,
       6.45574927e-02, 9.97733057e-01, 1.90019086e-02, 6.15275651e-02,
       -2.29850486e-02, 9.97840703e-01 ]
