%YAML:1.0
---
Q: !!opencv-matrix
   rows: 4
   cols: 4
   dt: f
   data: [ 1., 0., 0., -4.28777222e+02, 0., 1., 0., -2.33895447e+02, 0.,
       0., 0., 3.72583313e+02, 0., 0., 1.20113250e-02, 0. ]
R: !!opencv-matrix
   rows: 3
   cols: 3
   dt: d
   data: [ 1.0199487758811054e+00, 1.4539181877518464e-02,
       -6.1777960583267741e-03, -9.8382868938730102e-03,
       1.0194096090028324e+00, -4.3846873631379915e-02,
       3.3552597503573645e-03, 4.3732613675159647e-02,
       1.0199102003257510e+00 ]
T: !!opencv-matrix
   rows: 3
   cols: 1
   dt: d
   data: [ -8.2267331617865395e+01, 5.2241733393171570e+00,
       5.1930787563555789e+00 ]
E: !!opencv-matrix
   rows: 0
   cols: 0
   dt: u
   data: []
F: !!opencv-matrix
   rows: 0
   cols: 0
   dt: u
   data: []
K1: !!opencv-matrix
   rows: 3
   cols: 3
   dt: d
   data: [ 3.6627756984521932e+02, 0., 3.8060969928433269e+02, 0.,
       3.6653175179255015e+02, 2.3878059668569790e+02, 0., 0., 1. ]
D1: !!opencv-matrix
   rows: 5
   cols: 1
   dt: d
   data: [ -2.1859934914563901e-02, -9.9468572971318997e-04,
       1.6448003429794193e-03, -3.1164985765511365e-04,
       3.5195408316194161e-04 ]
P1: !!opencv-matrix
   rows: 3
   cols: 4
   dt: f
   data: [ 3.72583313e+02, 0., 4.28777222e+02, 0., 0., 3.72583313e+02,
       2.33895447e+02, 0., 0., 0., 1., 0. ]
R1: !!opencv-matrix
   rows: 3
   cols: 3
   dt: f
   data: [ 9.96455014e-01, -5.32764569e-02, -6.51081055e-02,
       5.18509485e-02, 9.98380840e-01, -2.33927425e-02, 6.62489682e-02,
       1.99338980e-02, 9.97604012e-01 ]
K2: !!opencv-matrix
   rows: 3
   cols: 3
   dt: d
   data: [ 3.6687495098581172e+02, 0., 3.7621769200552956e+02, 0.,
       3.6726361788508825e+02, 2.2399932895774910e+02, 0., 0., 1. ]
D2: !!opencv-matrix
   rows: 5
   cols: 1
   dt: d
   data: [ -2.2201337830972428e-02, -1.1445843221826492e-03,
       2.9199201696882579e-04, -7.1705872414221615e-04,
       5.1284674356775366e-04 ]
P2: !!opencv-matrix
   rows: 3
   cols: 4
   dt: f
   data: [ 3.72583313e+02, 0., 4.28777222e+02, -3.10193320e+04, 0.,
       3.72583313e+02, 2.33895447e+02, 0., 0., 0., 1., 0. ]
R2: !!opencv-matrix
   rows: 3
   cols: 3
   dt: f
   data: [ 9.96015310e-01, -6.32493645e-02, -6.28729016e-02,
       6.45990744e-02, 9.97717440e-01, 1.96693558e-02, 6.14853166e-02,
       -2.36525107e-02, 9.97827709e-01 ]
