%YAML:1.0
---
Q: !!opencv-matrix
   rows: 4
   cols: 4
   dt: f
   data: [ 1., 0., 0., -4.13127930e+02, 0., 1., 0., -2.33891739e+02, 0.,
       0., 0., 3.67566101e+02, 0., 0., -5.85519775e+03, 0. ]
R: !!opencv-matrix
   rows: 3
   cols: 3
   dt: d
   data: [ 1.1408839394139643e+00, -6.1184914290583842e-02,
       2.4512064619068071e-02, 5.2670902871428581e-02,
       1.1543189491457864e+00, -4.8328077519327779e-02,
       -5.3213244379128097e-02, 5.3507333382625748e-02,
       1.1553700721128510e+00 ]
T: !!opencv-matrix
   rows: 3
   cols: 1
   dt: d
   data: [ 1.7010796272677952e-04, -1.0802343545923616e-05,
       -1.0736640158381530e-05 ]
E: !!opencv-matrix
   rows: 0
   cols: 0
   dt: u
   data: []
F: !!opencv-matrix
   rows: 0
   cols: 0
   dt: u
   data: []
K1: !!opencv-matrix
   rows: 3
   cols: 3
   dt: d
   data: [ 3.6627756984521932e+02, 0., 3.8060969928433269e+02, 0.,
       3.6653175179255015e+02, 2.3878059668569790e+02, 0., 0., 1. ]
D1: !!opencv-matrix
   rows: 5
   cols: 1
   dt: d
   data: [ -2.1859934914563901e-02, -9.9468572971318997e-04,
       1.6448003429794193e-03, -3.1164985765511365e-04,
       3.5195408316194161e-04 ]
P1: !!opencv-matrix
   rows: 3
   cols: 4
   dt: f
   data: [ 3.67566101e+02, 0., 4.13127930e+02, 0., 0., 3.67566101e+02,
       2.33891739e+02, 0., 0., 0., 1., 0. ]
R1: !!opencv-matrix
   rows: 3
   cols: 3
   dt: f
   data: [ 9.93131697e-01, -1.14212178e-01, -2.53975093e-02,
       1.13666758e-01, 9.93275881e-01, -2.19760425e-02, 2.77366638e-02,
       1.89382527e-02, 9.99435842e-01 ]
K2: !!opencv-matrix
   rows: 3
   cols: 3
   dt: d
   data: [ 3.6687495098581172e+02, 0., 3.7621769200552956e+02, 0.,
       3.6726361788508825e+02, 2.2399932895774910e+02, 0., 0., 1. ]
D2: !!opencv-matrix
   rows: 5
   cols: 1
   dt: d
   data: [ -2.2201337830972428e-02, -1.1445843221826492e-03,
       2.9199201696882579e-04, -7.1705872414221615e-04,
       5.1284674356775366e-04 ]
P2: !!opencv-matrix
   rows: 3
   cols: 4
   dt: f
   data: [ 3.67566101e+02, 0., 4.13127930e+02, 6.27760366e-02, 0.,
       3.67566101e+02, 2.33891739e+02, 0., 0., 0., 1., 0. ]
R2: !!opencv-matrix
   rows: 3
   cols: 3
   dt: f
   data: [ 9.96015787e-01, -6.32498562e-02, -6.28651530e-02,
       6.45260885e-02, 9.97744858e-01, 1.84805393e-02, 6.15544915e-02,
       -2.24633515e-02, 9.97850895e-01 ]
