%YAML:1.0
---
Q: !!opencv-matrix
   rows: 4
   cols: 4
   dt: f
   data: [ 1., 0., 0., -4.28172485e+02, 0., 1., 0., -2.33933197e+02, 0.,
       0., 0., 3.72301971e+02, 0., 0., 5.55844279e-03, 0. ]
R: !!opencv-matrix
   rows: 3
   cols: 3
   dt: d
   data: [ 1.0011445303775026e+00, 9.5538611495231580e-03,
       -3.5157699500086687e-03, -9.6879710161764058e-03,
       1.0003376031112743e+00, -4.3175304452972733e-02,
       3.2550591176127709e-03, 4.3198750938384461e-02,
       1.0003690199451885e+00 ]
T: !!opencv-matrix
   rows: 3
   cols: 1
   dt: d
   data: [ -1.7923215088018230e+02, 1.1381784048528679e+01,
       1.1313867466019573e+01 ]
E: !!opencv-matrix
   rows: 0
   cols: 0
   dt: u
   data: []
F: !!opencv-matrix
   rows: 0
   cols: 0
   dt: u
   data: []
K1: !!opencv-matrix
   rows: 3
   cols: 3
   dt: d
   data: [ 3.6627756984521932e+02, 0., 3.8060969928433269e+02, 0.,
       3.6653175179255015e+02, 2.3878059668569790e+02, 0., 0., 1. ]
D1: !!opencv-matrix
   rows: 5
   cols: 1
   dt: d
   data: [ -2.1859934914563901e-02, -9.9468572971318997e-04,
       1.6448003429794193e-03, -3.1164985765511365e-04,
       3.5195408316194161e-04 ]
P1: !!opencv-matrix
   rows: 3
   cols: 4
   dt: f
   data: [ 3.72301971e+02, 0., 4.28172485e+02, 0., 0., 3.72301971e+02,
       2.33933197e+02, 0., 0., 0., 1., 0. ]
R1: !!opencv-matrix
   rows: 3
   cols: 3
   dt: f
   data: [ 9.96379852e-01, -5.64287491e-02, -6.35848194e-02,
       5.50308898e-02, 9.98207450e-01, -2.35265065e-02, 6.47984073e-02,
       1.99422073e-02, 9.97699082e-01 ]
K2: !!opencv-matrix
   rows: 3
   cols: 3
   dt: d
   data: [ 3.6687495098581172e+02, 0., 3.7621769200552956e+02, 0.,
       3.6726361788508825e+02, 2.2399932895774910e+02, 0., 0., 1. ]
D2: !!opencv-matrix
   rows: 5
   cols: 1
   dt: d
   data: [ -2.2201337830972428e-02, -1.1445843221826492e-03,
       2.9199201696882579e-04, -7.1705872414221615e-04,
       5.1284674356775366e-04 ]
P2: !!opencv-matrix
   rows: 3
   cols: 4
   dt: f
   data: [ 3.72301971e+02, 0., 4.28172485e+02, -6.69795469e+04, 0.,
       3.72301971e+02, 2.33933197e+02, 0., 0., 0., 1., 0. ]
R2: !!opencv-matrix
   rows: 3
   cols: 3
   dt: f
   data: [ 9.96015310e-01, -6.32499829e-02, -6.28725663e-02,
       6.46040887e-02, 9.97715712e-01, 1.97407920e-02, 6.14803396e-02,
       -2.37239543e-02, 9.97826338e-01 ]
