%YAML:1.0
---
Q: !!opencv-matrix
   rows: 4
   cols: 4
   dt: f
   data: [ 1., 0., 0., -4.32751587e+02, 0., 1., 0., -2.34089157e+02, 0.,
       0., 0., 3.63867004e+02, 0., 0., 1.10435765e-02, 0. ]
R: !!opencv-matrix
   rows: 3
   cols: 3
   dt: d
   data: [ 1.0198016561136445e+00, 1.7047146704347805e-02,
       -8.7528632892314405e-03, -9.8188975919070963e-03,
       1.0194369657260007e+00, -4.3691441950076751e-02,
       3.3769350841846893e-03, 4.3582466707593276e-02,
       1.0202592191804081e+00 ]
T: !!opencv-matrix
   rows: 3
   cols: 1
   dt: d
   data: [ -8.0963909757308357e+01, 5.1414028289277152e+00,
       5.1108024805656180e+00 ]
E: !!opencv-matrix
   rows: 0
   cols: 0
   dt: u
   data: []
F: !!opencv-matrix
   rows: 0
   cols: 0
   dt: u
   data: []
K1: !!opencv-matrix
   rows: 3
   cols: 3
   dt: d
   data: [ 3.6627756984521932e+02, 0., 3.8060969928433269e+02, 0.,
       3.6653175179255015e+02, 2.3878059668569790e+02, 0., 0., 1. ]
D1: !!opencv-matrix
   rows: 5
   cols: 1
   dt: d
   data: [ -2.1859934914563901e-02, -9.9468572971318997e-04,
       1.6448003429794193e-03, -3.1164985765511365e-04,
       3.5195408316194161e-04 ]
P1: !!opencv-matrix
   rows: 3
   cols: 4
   dt: f
   data: [ 3.63867004e+02, 0., 4.32751587e+02, 0., 0., 3.63867004e+02,
       2.34089157e+02, 0., 0., 0., 1., 0. ]
R1: !!opencv-matrix
   rows: 3
   cols: 3
   dt: f
   data: [ 9.95611548e-01, -5.57729043e-02, -7.51464814e-02,
       5.61084971e-02, 9.98421907e-01, 2.36043963e-03, 7.48962387e-02,
       -6.56643696e-03, 9.97169733e-01 ]
K2: !!opencv-matrix
   rows: 3
   cols: 3
   dt: d
   data: [ 3.6687495098581172e+02, 0., 3.7621769200552956e+02, 0.,
       3.6726361788508825e+02, 2.2399932895774910e+02, 0., 0., 1. ]
D2: !!opencv-matrix
   rows: 5
   cols: 1
   dt: d
   data: [ -2.2201337830972428e-02, -1.1445843221826492e-03,
       2.9199201696882579e-04, -7.1705872414221615e-04,
       5.1284674356775366e-04 ]
P2: !!opencv-matrix
   rows: 3
   cols: 4
   dt: f
   data: [ 3.63867004e+02, 0., 4.32751587e+02, -3.29482930e+04, 0.,
       3.63867004e+02, 2.34089157e+02, 0., 0., 0., 1., 0. ]
R2: !!opencv-matrix
   rows: 3
   cols: 3
   dt: f
   data: [ 9.96015668e-01, -6.32487908e-02, -6.28677309e-02,
       6.29669651e-02, 9.97994721e-01, -6.45604683e-03, 6.31500036e-02,
       2.47173361e-03, 9.98000979e-01 ]
