%YAML:1.0
---
Q: !!opencv-matrix
   rows: 4
   cols: 4
   dt: f
   data: [ 1., 0., 0., -3.20070251e+02, 0., 1., 0., -2.28565506e+02, 0.,
       0., 0., 3.99587189e+02, 0., 0., -1.54981848e+03, 0. ]
R: !!opencv-matrix
   rows: 3
   cols: 3
   dt: d
   data: [ 1.1214979359733366e+00, -4.3024079791798682e-02,
       4.2512000003628328e-02, 5.1686690625223700e-02,
       1.1327970371796057e+00, -4.8643026799999843e-02,
       -5.2322443257530979e-02, 5.1482098929204446e-02,
       1.1337505356809270e+00 ]
T: !!opencv-matrix
   rows: 3
   cols: 1
   dt: d
   data: [ 6.5882080871397498e-04, -4.1837011017318920e-05,
       -4.1582544192915349e-05 ]
E: !!opencv-matrix
   rows: 0
   cols: 0
   dt: u
   data: []
F: !!opencv-matrix
   rows: 0
   cols: 0
   dt: u
   data: []
K1: !!opencv-matrix
   rows: 3
   cols: 3
   dt: d
   data: [ 3.6627756984521932e+02, 0., 3.8060969928433269e+02, 0.,
       3.6653175179255015e+02, 2.3878059668569790e+02, 0., 0., 1. ]
D1: !!opencv-matrix
   rows: 5
   cols: 1
   dt: d
   data: [ -2.1859934914563901e-02, -9.9468572971318997e-04,
       1.6448003429794193e-03, -3.1164985765511365e-04,
       3.5195408316194161e-04 ]
P1: !!opencv-matrix
   rows: 3
   cols: 4
   dt: f
   data: [ 3.99587189e+02, 0., 3.20070251e+02, 0., 0., 3.99587189e+02,
       2.28565506e+02, 0., 0., 0., 1., 0. ]
R1: !!opencv-matrix
   rows: 3
   cols: 3
   dt: f
   data: [ 9.90078866e-01, -1.08988315e-01, 8.86870399e-02,
       1.10907085e-01, 9.93685544e-01, -1.69883780e-02, -8.62755030e-02,
       2.66558547e-02, 9.95914638e-01 ]
K2: !!opencv-matrix
   rows: 3
   cols: 3
   dt: d
   data: [ 3.6687495098581172e+02, 0., 3.7621769200552956e+02, 0.,
       3.6726361788508825e+02, 2.2399932895774910e+02, 0., 0., 1. ]
D2: !!opencv-matrix
   rows: 5
   cols: 1
   dt: d
   data: [ -2.2201337830972428e-02, -1.1445843221826492e-03,
       2.9199201696882579e-04, -7.1705872414221615e-04,
       5.1284674356775366e-04 ]
P2: !!opencv-matrix
   rows: 3
   cols: 4
   dt: f
   data: [ 3.99587189e+02, 0., 3.20070251e+02, 2.57828385e-01, 0.,
       3.99587189e+02, 2.28565506e+02, 0., 0., 0., 1., 0. ]
R2: !!opencv-matrix
   rows: 3
   cols: 3
   dt: f
   data: [ 9.95782673e-01, -6.97165057e-02, 5.96357733e-02,
       6.83937892e-02, 9.97371078e-01, 2.39432156e-02, -6.11482300e-02,
       -1.97635237e-02, 9.97933030e-01 ]
