%YAML:1.0
---
Q: !!opencv-matrix
   rows: 4
   cols: 4
   dt: f
   data: [ 1., 0., 0., -4.10225983e+02, 0., 1., 0., -2.33624649e+02, 0.,
       0., 0., 3.69342285e+02, 0., 0., -1.84682019e+03, 0. ]
R: !!opencv-matrix
   rows: 3
   cols: 3
   dt: d
   data: [ 1.1266629818151979e+00, -5.1163492171513301e-02,
       3.6994525747179575e-02, 5.2332989925806657e-02,
       1.1422721801010378e+00, -4.8656854496564740e-02,
       -5.2502085512442759e-02, 5.2382414126818919e-02,
       1.1431075342540462e+00 ]
T: !!opencv-matrix
   rows: 3
   cols: 1
   dt: d
   data: [ 4.3426860974006678e-04, -2.7577302317169485e-05,
       -2.7409568024059451e-05 ]
E: !!opencv-matrix
   rows: 0
   cols: 0
   dt: u
   data: []
F: !!opencv-matrix
   rows: 0
   cols: 0
   dt: u
   data: []
K1: !!opencv-matrix
   rows: 3
   cols: 3
   dt: d
   data: [ 3.6627756984521932e+02, 0., 3.8060969928433269e+02, 0.,
       3.6653175179255015e+02, 2.3878059668569790e+02, 0., 0., 1. ]
D1: !!opencv-matrix
   rows: 5
   cols: 1
   dt: d
   data: [ -2.1859934914563901e-02, -9.9468572971318997e-04,
       1.6448003429794193e-03, -3.1164985765511365e-04,
       3.5195408316194161e-04 ]
P1: !!opencv-matrix
   rows: 3
   cols: 4
   dt: f
   data: [ 3.69342285e+02, 0., 4.10225983e+02, 0., 0., 3.69342285e+02,
       2.33624649e+02, 0., 0., 0., 1., 0. ]
R1: !!opencv-matrix
   rows: 3
   cols: 3
   dt: f
   data: [ 9.93926585e-01, -1.08561516e-01, -1.80101078e-02,
       1.08165234e-01, 9.93896365e-01, -2.16875374e-02, 2.02546120e-02,
       1.96077526e-02, 9.99602556e-01 ]
K2: !!opencv-matrix
   rows: 3
   cols: 3
   dt: d
   data: [ 3.6687495098581172e+02, 0., 3.7621769200552956e+02, 0.,
       3.6726361788508825e+02, 2.2399932895774910e+02, 0., 0., 1. ]
D2: !!opencv-matrix
   rows: 5
   cols: 1
   dt: d
   data: [ -2.2201337830972428e-02, -1.1445843221826492e-03,
       2.9199201696882579e-04, -7.1705872414221615e-04,
       5.1284674356775366e-04 ]
P2: !!opencv-matrix
   rows: 3
   cols: 4
   dt: f
   data: [ 3.69342285e+02, 0., 4.10225983e+02, 1.99988216e-01, 0.,
       3.69342285e+02, 2.33624649e+02, 0., 0., 0., 1., 0. ]
R2: !!opencv-matrix
   rows: 3
   cols: 3
   dt: f
   data: [ 9.96015787e-01, -6.32498637e-02, -6.28652573e-02,
       6.45375997e-02, 9.97740686e-01, 1.86670609e-02, 6.15425333e-02,
       -2.26498600e-02, 9.97847438e-01 ]
