%YAML:1.0
---
Q: !!opencv-matrix
   rows: 4
   cols: 4
   dt: f
   data: [ 1., 0., 0., -4.07682526e+02, 0., 1., 0., -2.33439407e+02, 0.,
       0., 0., 3.70127686e+02, 0., 0., 5.57103287e-03, 0. ]
R: !!opencv-matrix
   rows: 3
   cols: 3
   dt: d
   data: [ 1.0007716087212575e+00, -4.2824692496369006e-02,
       4.8812192832964015e-02, 4.5012779179619822e-02,
       1.0009298858377134e+00, -4.3682491116188181e-02,
       -4.6857194463206991e-02, 4.5779427017851849e-02,
       1.0007550269318861e+00 ]
T: !!opencv-matrix
   rows: 3
   cols: 1
   dt: d
   data: [ -1.7890249880680608e+02, 1.1360800463214565e+01,
       1.1292811142676891e+01 ]
E: !!opencv-matrix
   rows: 0
   cols: 0
   dt: u
   data: []
F: !!opencv-matrix
   rows: 0
   cols: 0
   dt: u
   data: []
K1: !!opencv-matrix
   rows: 3
   cols: 3
   dt: d
   data: [ 3.6627756984521932e+02, 0., 3.8060969928433269e+02, 0.,
       3.6653175179255015e+02, 2.3878059668569790e+02, 0., 0., 1. ]
D1: !!opencv-matrix
   rows: 5
   cols: 1
   dt: d
   data: [ -2.1859934914563901e-02, -9.9468572971318997e-04,
       1.6448003429794193e-03, -3.1164985765511365e-04,
       3.5195408316194161e-04 ]
P1: !!opencv-matrix
   rows: 3
   cols: 4
   dt: f
   data: [ 3.70127686e+02, 0., 4.07682526e+02, 0., 0., 3.70127686e+02,
       2.33439407e+02, 0., 0., 0., 1., 0. ]
R1: !!opencv-matrix
   rows: 3
   cols: 3
   dt: f
   data: [ 9.94024217e-01, -1.08552523e-01, -1.15000755e-02,
       1.08288631e-01, 9.93886709e-01, -2.15121098e-02, 1.37649663e-02,
       2.01382302e-02, 9.99702454e-01 ]
K2: !!opencv-matrix
   rows: 3
   cols: 3
   dt: d
   data: [ 3.6687495098581172e+02, 0., 3.7621769200552956e+02, 0.,
       3.6726361788508825e+02, 2.2399932895774910e+02, 0., 0., 1. ]
D2: !!opencv-matrix
   rows: 5
   cols: 1
   dt: d
   data: [ -2.2201337830972428e-02, -1.1445843221826492e-03,
       2.9199201696882579e-04, -7.1705872414221615e-04,
       5.1284674356775366e-04 ]
P2: !!opencv-matrix
   rows: 3
   cols: 4
   dt: f
   data: [ 3.70127686e+02, 0., 4.07682526e+02, -6.64378906e+04, 0.,
       3.70127686e+02, 2.33439407e+02, 0., 0., 0., 1., 0. ]
R2: !!opencv-matrix
   rows: 3
   cols: 3
   dt: f
   data: [ 9.96015429e-01, -6.32497147e-02, -6.28711954e-02,
       6.45484999e-02, 9.97736633e-01, 1.88439880e-02, 6.15370162e-02,
       -2.28271447e-02, 9.97843742e-01 ]
