%YAML:1.0
---
Q: !!opencv-matrix
   rows: 4
   cols: 4
   dt: f
   data: [ 1., 0., 0., -3.82541046e+02, 0., 1., 0., -2.31851273e+02, 0.,
       0., 0., 3.58741119e+02, 0., 0., 5.55498106e-03, 0. ]
R: !!opencv-matrix
   rows: 3
   cols: 3
   dt: d
   data: [ 9.9990522885477395e-01, 9.7842533400348247e-03,
       -3.1496338394303111e-03, -9.6787521144091979e-03,
       9.9993075565632916e-01, 9.2346055044658978e-03,
       3.2436329672493936e-03, -9.2042242543277312e-03,
       9.9997712478414524e-01 ]
T: !!opencv-matrix
   rows: 3
   cols: 1
   dt: d
   data: [ -1.7928786183717304e+02, 1.1385448458264182e+01,
       7.6974964893504161e-01 ]
E: !!opencv-matrix
   rows: 0
   cols: 0
   dt: u
   data: []
F: !!opencv-matrix
   rows: 0
   cols: 0
   dt: u
   data: []
K1: !!opencv-matrix
   rows: 3
   cols: 3
   dt: d
   data: [ 3.6627756984521932e+02, 0., 3.8060969928433269e+02, 0.,
       3.6653175179255015e+02, 2.3878059668569790e+02, 0., 0., 1. ]
D1: !!opencv-matrix
   rows: 5
   cols: 1
   dt: d
   data: [ -2.1859934914563901e-02, -9.9468572971318997e-04,
       1.6448003429794193e-03, -3.1164985765511365e-04,
       3.5195408316194161e-04 ]
P1: !!opencv-matrix
   rows: 3
   cols: 4
   dt: f
   data: [ 3.58741119e+02, 0., 3.82541046e+02, 0., 0., 3.58741119e+02,
       2.31851273e+02, 0., 0., 0., 1., 0. ]
R1: !!opencv-matrix
   rows: 3
   cols: 3
   dt: f
   data: [ 9.99959052e-01, 5.08070318e-03, -7.48771988e-03,
       -5.04623866e-03, 9.99976635e-01, 4.61449288e-03, 7.51098944e-03,
       -4.57651913e-03, 9.99961317e-01 ]
K2: !!opencv-matrix
   rows: 3
   cols: 3
   dt: d
   data: [ 3.6687495098581172e+02, 0., 3.7621769200552956e+02, 0.,
       3.6726361788508825e+02, 2.2399932895774910e+02, 0., 0., 1. ]
D2: !!opencv-matrix
   rows: 5
   cols: 1
   dt: d
   data: [ -2.2201337830972428e-02, -1.1445843221826492e-03,
       2.9199201696882579e-04, -7.1705872414221615e-04,
       5.1284674356775366e-04 ]
P2: !!opencv-matrix
   rows: 3
   cols: 4
   dt: f
   data: [ 3.58741119e+02, 0., 3.82541046e+02, -6.45800781e+04, 0.,
       3.58741119e+02, 2.31851273e+02, 0., 0., 0., 1., 0. ]
R2: !!opencv-matrix
   rows: 3
   cols: 3
   dt: f
   data: [ 9.99979854e-01, -4.67087608e-03, -4.29262174e-03,
       4.65109991e-03, 9.99978602e-01, -4.60555917e-03, 4.31404170e-03,
       4.58550081e-03, 9.99980152e-01 ]
