%YAML:1.0
---
Q: !!opencv-matrix
   rows: 4
   cols: 4
   dt: f
   data: [ 1., 0., 0., -4.30486053e+02, 0., 1., 0., -2.33923737e+02, 0.,
       0., 0., 3.65511108e+02, 0., 0., 6.24425989e-03, 0. ]
R: !!opencv-matrix
   rows: 3
   cols: 3
   dt: d
   data: [ 9.9518742531402316e-01, 1.1048651038671925e-02,
       -1.0304388025726670e-02, -8.9739942648928966e-03,
       1.0073839339920780e+00, 9.7570541657891630e-03,
       4.0450072206204167e-03, -9.3526708693442602e-03,
       1.0079563268845246e+00 ]
T: !!opencv-matrix
   rows: 3
   cols: 1
   dt: d
   data: [ -1.4485254735273347e+02, 9.1983977852290515e+00,
       9.1429814391057356e+00 ]
E: !!opencv-matrix
   rows: 0
   cols: 0
   dt: u
   data: []
F: !!opencv-matrix
   rows: 0
   cols: 0
   dt: u
   data: []
K1: !!opencv-matrix
   rows: 3
   cols: 3
   dt: d
   data: [ 3.6627756984521932e+02, 0., 3.8060969928433269e+02, 0.,
       3.6653175179255015e+02, 2.3878059668569790e+02, 0., 0., 1. ]
D1: !!opencv-matrix
   rows: 5
   cols: 1
   dt: d
   data: [ -2.1859934914563901e-02, -9.9468572971318997e-04,
       1.6448003429794193e-03, -3.1164985765511365e-04,
       3.5195408316194161e-04 ]
P1: !!opencv-matrix
   rows: 3
   cols: 4
   dt: f
   data: [ 3.65511108e+02, 0., 4.30486053e+02, 0., 0., 3.65511108e+02,
       2.33923737e+02, 0., 0., 0., 1., 0. ]
R1: !!opencv-matrix
   rows: 3
   cols: 3
   dt: f
   data: [ 9.96237516e-01, -5.17713502e-02, -6.95020333e-02,
       5.20811416e-02, 9.98639345e-01, 2.65143276e-03, 6.92701936e-02,
       -6.26120204e-03, 9.97578263e-01 ]
K2: !!opencv-matrix
   rows: 3
   cols: 3
   dt: d
   data: [ 3.6687495098581172e+02, 0., 3.7621769200552956e+02, 0.,
       3.6726361788508825e+02, 2.2399932895774910e+02, 0., 0., 1. ]
D2: !!opencv-matrix
   rows: 5
   cols: 1
   dt: d
   data: [ -2.2201337830972428e-02, -1.1445843221826492e-03,
       2.9199201696882579e-04, -7.1705872414221615e-04,
       5.1284674356775366e-04 ]
P2: !!opencv-matrix
   rows: 3
   cols: 4
   dt: f
   data: [ 3.65511108e+02, 0., 4.30486053e+02, -5.85355352e+04, 0.,
       3.65511108e+02, 2.33923737e+02, 0., 0., 0., 1., 0. ]
R2: !!opencv-matrix
   rows: 3
   cols: 3
   dt: f
   data: [ 9.96015668e-01, -6.32487908e-02, -6.28677234e-02,
       6.29674569e-02, 9.97994721e-01, -6.44822605e-03, 6.31495044e-02,
       2.46391352e-03, 9.98001039e-01 ]
