%YAML:1.0
---
Q: !!opencv-matrix
   rows: 4
   cols: 4
   dt: f
   data: [ 1., 0., 0., -4.09994904e+02, 0., 1., 0., -2.33225082e+02, 0.,
       0., 0., 3.78486481e+02, 0., 0., 1.68775190e-02, 0. ]
R: !!opencv-matrix
   rows: 3
   cols: 3
   dt: d
   data: [ 1.0271498825031833e+00, 4.4797644349537395e-03,
       3.3596334017044337e-02, -7.3010037119911235e-03,
       1.0335148571932065e+00, -4.3982256022127839e-02,
       -5.0360951902528379e-02, 4.4956728316560765e-02,
       1.0330316171398388e+00 ]
T: !!opencv-matrix
   rows: 3
   cols: 1
   dt: d
   data: [ -4.6931504619301379e+01, 2.9802392706104950e+00,
       2.9623619352154997e+00 ]
E: !!opencv-matrix
   rows: 0
   cols: 0
   dt: u
   data: []
F: !!opencv-matrix
   rows: 0
   cols: 0
   dt: u
   data: []
K1: !!opencv-matrix
   rows: 3
   cols: 3
   dt: d
   data: [ 3.6627756984521932e+02, 0., 3.8060969928433269e+02, 0.,
       3.6653175179255015e+02, 2.3878059668569790e+02, 0., 0., 1. ]
D1: !!opencv-matrix
   rows: 5
   cols: 1
   dt: d
   data: [ -2.1859934914563901e-02, -9.9468572971318997e-04,
       1.6448003429794193e-03, -3.1164985765511365e-04,
       3.5195408316194161e-04 ]
P1: !!opencv-matrix
   rows: 3
   cols: 4
   dt: f
   data: [ 3.78486481e+02, 0., 4.09994904e+02, 0., 0., 3.78486481e+02,
       2.33225082e+02, 0., 0., 0., 1., 0. ]
R1: !!opencv-matrix
   rows: 3
   cols: 3
   dt: f
   data: [ 9.98180211e-01, -5.76644912e-02, -1.76358111e-02,
       5.72824702e-02, 9.98127580e-01, -2.14501061e-02, 1.88396983e-02,
       2.04008501e-02, 9.99614358e-01 ]
K2: !!opencv-matrix
   rows: 3
   cols: 3
   dt: d
   data: [ 3.6687495098581172e+02, 0., 3.7621769200552956e+02, 0.,
       3.6726361788508825e+02, 2.2399932895774910e+02, 0., 0., 1. ]
D2: !!opencv-matrix
   rows: 5
   cols: 1
   dt: d
   data: [ -2.2201337830972428e-02, -1.1445843221826492e-03,
       2.9199201696882579e-04, -7.1705872414221615e-04,
       5.1284674356775366e-04 ]
P2: !!opencv-matrix
   rows: 3
   cols: 4
   dt: f
   data: [ 3.78486481e+02, 0., 4.09994904e+02, -2.24254805e+04, 0.,
       3.78486481e+02, 2.33225082e+02, 0., 0., 0., 1., 0. ]
R2: !!opencv-matrix
   rows: 3
   cols: 3
   dt: f
   data: [ 9.96015549e-01, -6.32488728e-02, -6.28694817e-02,
       6.45524710e-02, 9.97734904e-01, 1.89226475e-02, 6.15302362e-02,
       -2.29056310e-02, 9.97842371e-01 ]
