%YAML:1.0
---
Q: !!opencv-matrix
   rows: 4
   cols: 4
   dt: f
   data: [ 1., 0., 0., -4.07692719e+02, 0., 1., 0., -2.33439285e+02, 0.,
       0., 0., 3.70147705e+02, 0., 0., 5.61944535e-03, 0. ]
R: !!opencv-matrix
   rows: 3
   cols: 3
   dt: d
   data: [ 1.0008166281768320e+00, -4.2773588102654310e-02,
       4.8776987308644784e-02, 4.5012217559097283e-02,
       1.0009477623418745e+00, -4.3681114212738736e-02,
       -4.6859690906827213e-02, 4.5777112586002318e-02,
       1.0007784899655401e+00 ]
T: !!opencv-matrix
   rows: 3
   cols: 1
   dt: d
   data: [ -1.7696059518209060e+02, 1.1237484286251053e+01,
       1.1170233082218989e+01 ]
E: !!opencv-matrix
   rows: 0
   cols: 0
   dt: u
   data: []
F: !!opencv-matrix
   rows: 0
   cols: 0
   dt: u
   data: []
K1: !!opencv-matrix
   rows: 3
   cols: 3
   dt: d
   data: [ 3.6627756984521932e+02, 0., 3.8060969928433269e+02, 0.,
       3.6653175179255015e+02, 2.3878059668569790e+02, 0., 0., 1. ]
D1: !!opencv-matrix
   rows: 5
   cols: 1
   dt: d
   data: [ -2.1859934914563901e-02, -9.9468572971318997e-04,
       1.6448003429794193e-03, -3.1164985765511365e-04,
       3.5195408316194161e-04 ]
P1: !!opencv-matrix
   rows: 3
   cols: 4
   dt: f
   data: [ 3.70147705e+02, 0., 4.07692719e+02, 0., 0., 3.70147705e+02,
       2.33439285e+02, 0., 0., 0., 1., 0. ]
R1: !!opencv-matrix
   rows: 3
   cols: 3
   dt: f
   data: [ 9.94039237e-01, -1.08411707e-01, -1.15267728e-02,
       1.08147308e-01, 9.93902087e-01, -2.15115659e-02, 1.37885893e-02,
       2.01367512e-02, 9.99702156e-01 ]
K2: !!opencv-matrix
   rows: 3
   cols: 3
   dt: d
   data: [ 3.6687495098581172e+02, 0., 3.7621769200552956e+02, 0.,
       3.6726361788508825e+02, 2.2399932895774910e+02, 0., 0., 1. ]
D2: !!opencv-matrix
   rows: 5
   cols: 1
   dt: d
   data: [ -2.2201337830972428e-02, -1.1445843221826492e-03,
       2.9199201696882579e-04, -7.1705872414221615e-04,
       5.1284674356775366e-04 ]
P2: !!opencv-matrix
   rows: 3
   cols: 4
   dt: f
   data: [ 3.70147705e+02, 0., 4.07692719e+02, -6.58690781e+04, 0.,
       3.70147705e+02, 2.33439285e+02, 0., 0., 0., 1., 0. ]
R2: !!opencv-matrix
   rows: 3
   cols: 3
   dt: f
   data: [ 9.96015429e-01, -6.32497147e-02, -6.28711954e-02,
       6.45484328e-02, 9.97736633e-01, 1.88428983e-02, 6.15370907e-02,
       -2.28260532e-02, 9.97843742e-01 ]
