%YAML:1.0
---
Q: !!opencv-matrix
   rows: 4
   cols: 4
   dt: f
   data: [ 1., 0., 0., -4.07873505e+02, 0., 1., 0., -2.33134811e+02, 0.,
       0., 0., 3.79514557e+02, 0., 0., 5.78887528e-03, 0. ]
R: !!opencv-matrix
   rows: 3
   cols: 3
   dt: d
   data: [ 1.0018538180172090e+00, 9.4538393789266421e-03,
       4.8191514827447261e-02, -7.5031996118857178e-03,
       1.0009207507106015e+00, -4.3602453311888820e-02,
       -4.9216325781858430e-02, 4.3230181277229614e-02,
       9.9978980173169463e-01 ]
T: !!opencv-matrix
   rows: 3
   cols: 1
   dt: d
   data: [ -1.7435007028491046e+02, 1.1071574394086456e+01,
       1.1005580174767875e+01 ]
E: !!opencv-matrix
   rows: 0
   cols: 0
   dt: u
   data: []
F: !!opencv-matrix
   rows: 0
   cols: 0
   dt: u
   data: []
K1: !!opencv-matrix
   rows: 3
   cols: 3
   dt: d
   data: [ 3.6627756984521932e+02, 0., 3.8060969928433269e+02, 0.,
       3.6653175179255015e+02, 2.3878059668569790e+02, 0., 0., 1. ]
D1: !!opencv-matrix
   rows: 5
   cols: 1
   dt: d
   data: [ -2.1859934914563901e-02, -9.9468572971318997e-04,
       1.6448003429794193e-03, -3.1164985765511365e-04,
       3.5195408316194161e-04 ]
P1: !!opencv-matrix
   rows: 3
   cols: 4
   dt: f
   data: [ 3.79514557e+02, 0., 4.07873505e+02, 0., 0., 3.79514557e+02,
       2.33134811e+02, 0., 0., 0., 1., 0. ]
R1: !!opencv-matrix
   rows: 3
   cols: 3
   dt: f
   data: [ 9.98332202e-01, -5.64218014e-02, -1.22245159e-02,
       5.61524183e-02, 9.98193681e-01, -2.13604253e-02, 1.34076281e-02,
       2.06383634e-02, 9.99697089e-01 ]
K2: !!opencv-matrix
   rows: 3
   cols: 3
   dt: d
   data: [ 3.6687495098581172e+02, 0., 3.7621769200552956e+02, 0.,
       3.6726361788508825e+02, 2.2399932895774910e+02, 0., 0., 1. ]
D2: !!opencv-matrix
   rows: 5
   cols: 1
   dt: d
   data: [ -2.2201337830972428e-02, -1.1445843221826492e-03,
       2.9199201696882579e-04, -7.1705872414221615e-04,
       5.1284674356775366e-04 ]
P2: !!opencv-matrix
   rows: 3
   cols: 4
   dt: f
   data: [ 3.79514557e+02, 0., 4.07873505e+02, -6.55592969e+04, 0.,
       3.79514557e+02, 2.33134811e+02, 0., 0., 0., 1., 0. ]
R2: !!opencv-matrix
   rows: 3
   cols: 3
   dt: f
   data: [ 9.96015429e-01, -6.32489473e-02, -6.28719404e-02,
       6.45570979e-02, 9.97733176e-01, 1.89956464e-02, 6.15279637e-02,
       -2.29787864e-02, 9.97840822e-01 ]
