%YAML:1.0
---
Q: !!opencv-matrix
   rows: 4
   cols: 4
   dt: f
   data: [ 1., 0., 0., -3.82541504e+02, 0., 1., 0., -2.31851257e+02, 0.,
       0., 0., 3.58741913e+02, 0., 0., 5.55524230e-03, 0. ]
R: !!opencv-matrix
   rows: 3
   cols: 3
   dt: d
   data: [ 9.9993984771625599e-01, 9.7171145016055303e-03,
       -3.1524510960125188e-03, -9.6827536977334688e-03,
       9.9991253880835740e-01, 9.2347081300130016e-03,
       3.2433301039012509e-03, -9.2037293380195038e-03,
       9.9995443092937697e-01 ]
T: !!opencv-matrix
   rows: 3
   cols: 1
   dt: d
   data: [ -1.8000767501317964e+02, 8.4081064575552511e-01,
       7.7272036350081563e-01 ]
E: !!opencv-matrix
   rows: 0
   cols: 0
   dt: u
   data: []
F: !!opencv-matrix
   rows: 0
   cols: 0
   dt: u
   data: []
K1: !!opencv-matrix
   rows: 3
   cols: 3
   dt: d
   data: [ 3.6627756984521932e+02, 0., 3.8060969928433269e+02, 0.,
       3.6653175179255015e+02, 2.3878059668569790e+02, 0., 0., 1. ]
D1: !!opencv-matrix
   rows: 5
   cols: 1
   dt: d
   data: [ -2.1859934914563901e-02, -9.9468572971318997e-04,
       1.6448003429794193e-03, -3.1164985765511365e-04,
       3.5195408316194161e-04 ]
P1: !!opencv-matrix
   rows: 3
   cols: 4
   dt: f
   data: [ 3.58741913e+02, 0., 3.82541504e+02, 0., 0., 3.58741913e+02,
       2.31851257e+02, 0., 0., 0., 1., 0. ]
R1: !!opencv-matrix
   rows: 3
   cols: 3
   dt: f
   data: [ 9.99959052e-01, 5.08450950e-03, -7.48893060e-03,
       -5.05003938e-03, 9.99976575e-01, 4.61451570e-03, 7.51221785e-03,
       -4.57650749e-03, 9.99961317e-01 ]
K2: !!opencv-matrix
   rows: 3
   cols: 3
   dt: d
   data: [ 3.6687495098581172e+02, 0., 3.7621769200552956e+02, 0.,
       3.6726361788508825e+02, 2.2399932895774910e+02, 0., 0., 1. ]
D2: !!opencv-matrix
   rows: 5
   cols: 1
   dt: d
   data: [ -2.2201337830972428e-02, -1.1445843221826492e-03,
       2.9199201696882579e-04, -7.1705872414221615e-04,
       5.1284674356775366e-04 ]
P2: !!opencv-matrix
   rows: 3
   cols: 4
   dt: f
   data: [ 3.58741913e+02, 0., 3.82541504e+02, -6.45771875e+04, 0.,
       3.58741913e+02, 2.31851257e+02, 0., 0., 0., 1., 0. ]
R2: !!opencv-matrix
   rows: 3
   cols: 3
   dt: f
   data: [ 9.99979854e-01, -4.67087701e-03, -4.29262081e-03,
       4.65110084e-03, 9.99978602e-01, -4.60556475e-03, 4.31404077e-03,
       4.58550639e-03, 9.99980152e-01 ]
