%YAML:1.0
---
Q: !!opencv-matrix
   rows: 4
   cols: 4
   dt: f
   data: [ 1., 0., 0., -4.28718811e+02, 0., 1., 0., -2.33908691e+02, 0.,
       0., 0., 3.72477905e+02, 0., 0., 1.21070575e-02, 0. ]
R: !!opencv-matrix
   rows: 3
   cols: 3
   dt: d
   data: [ 1.0201631143888830e+00, 1.2511021662477664e-02,
       -5.7358470896672403e-03, -9.8449531414341596e-03,
       1.0196673998854575e+00, -4.3880531486307051e-02,
       3.3502937665979876e-03, 4.3866285160948391e-02,
       1.0200111975866866e+00 ]
T: !!opencv-matrix
   rows: 3
   cols: 1
   dt: d
   data: [ -8.1673124624593157e+01, 5.1864397613314770e+00,
       5.1555698810728341e+00 ]
E: !!opencv-matrix
   rows: 0
   cols: 0
   dt: u
   data: []
F: !!opencv-matrix
   rows: 0
   cols: 0
   dt: u
   data: []
K1: !!opencv-matrix
   rows: 3
   cols: 3
   dt: d
   data: [ 3.6627756984521932e+02, 0., 3.8060969928433269e+02, 0.,
       3.6653175179255015e+02, 2.3878059668569790e+02, 0., 0., 1. ]
D1: !!opencv-matrix
   rows: 5
   cols: 1
   dt: d
   data: [ -2.1859934914563901e-02, -9.9468572971318997e-04,
       1.6448003429794193e-03, -3.1164985765511365e-04,
       3.5195408316194161e-04 ]
P1: !!opencv-matrix
   rows: 3
   cols: 4
   dt: f
   data: [ 3.72477905e+02, 0., 4.28718811e+02, 0., 0., 3.72477905e+02,
       2.33908691e+02, 0., 0., 0., 1., 0. ]
R1: !!opencv-matrix
   rows: 3
   cols: 3
   dt: f
   data: [ 9.96422470e-01, -5.40612973e-02, -6.49588108e-02,
       5.26378714e-02, 9.98338759e-01, -2.34292168e-02, 6.61175177e-02,
       1.99261047e-02, 9.97612834e-01 ]
K2: !!opencv-matrix
   rows: 3
   cols: 3
   dt: d
   data: [ 3.6687495098581172e+02, 0., 3.7621769200552956e+02, 0.,
       3.6726361788508825e+02, 2.2399932895774910e+02, 0., 0., 1. ]
D2: !!opencv-matrix
   rows: 5
   cols: 1
   dt: d
   data: [ -2.2201337830972428e-02, -1.1445843221826492e-03,
       2.9199201696882579e-04, -7.1705872414221615e-04,
       5.1284674356775366e-04 ]
P2: !!opencv-matrix
   rows: 3
   cols: 4
   dt: f
   data: [ 3.72477905e+02, 0., 4.28718811e+02, -3.07653535e+04, 0.,
       3.72477905e+02, 2.33908691e+02, 0., 0., 0., 1., 0. ]
R2: !!opencv-matrix
   rows: 3
   cols: 3
   dt: f
   data: [ 9.96015310e-01, -6.32493645e-02, -6.28729016e-02,
       6.45999685e-02, 9.97717083e-01, 1.96838733e-02, 6.14843778e-02,
       -2.36670263e-02, 9.97827411e-01 ]
