%YAML:1.0
---
Q: !!opencv-matrix
   rows: 4
   cols: 4
   dt: f
   data: [ 1., 0., 0., -3.83198669e+02, 0., 1., 0., -2.32193436e+02, 0.,
       0., 0., 3.61814545e+02, 0., 0., 5.57959219e-03, 0. ]
R: !!opencv-matrix
   rows: 3
   cols: 3
   dt: d
   data: [ 9.9992996106738397e-01, 9.7356843584636213e-03,
       -3.1990323008629475e-03, -9.6723550450892332e-03,
       1.0000821294041544e+00, 9.2391677625896299e-03,
       3.2445999168060880e-03, -9.2052357299842232e-03,
       1.0001254716174883e+00 ]
T: !!opencv-matrix
   rows: 3
   cols: 1
   dt: d
   data: [ -1.7885365260549091e+02, 1.1357506410807170e+01,
       7.6819829547620888e-01 ]
E: !!opencv-matrix
   rows: 0
   cols: 0
   dt: u
   data: []
F: !!opencv-matrix
   rows: 0
   cols: 0
   dt: u
   data: []
K1: !!opencv-matrix
   rows: 3
   cols: 3
   dt: d
   data: [ 3.6627756984521932e+02, 0., 3.8060969928433269e+02, 0.,
       3.6653175179255015e+02, 2.3878059668569790e+02, 0., 0., 1. ]
D1: !!opencv-matrix
   rows: 5
   cols: 1
   dt: d
   data: [ -2.1859934914563901e-02, -9.9468572971318997e-04,
       1.6448003429794193e-03, -3.1164985765511365e-04,
       3.5195408316194161e-04 ]
P1: !!opencv-matrix
   rows: 3
   cols: 4
   dt: f
   data: [ 3.61814545e+02, 0., 3.83198669e+02, 0., 0., 3.61814545e+02,
       2.32193436e+02, 0., 0., 0., 1., 0. ]
R1: !!opencv-matrix
   rows: 3
   cols: 3
   dt: f
   data: [ 9.98527765e-01, -5.36427349e-02, -8.04559328e-03,
       5.36787733e-02, 9.98548865e-01, 4.33186116e-03, 7.80154532e-03,
       -4.75736102e-03, 9.99958277e-01 ]
K2: !!opencv-matrix
   rows: 3
   cols: 3
   dt: d
   data: [ 3.6687495098581172e+02, 0., 3.7621769200552956e+02, 0.,
       3.6726361788508825e+02, 2.2399932895774910e+02, 0., 0., 1. ]
D2: !!opencv-matrix
   rows: 5
   cols: 1
   dt: d
   data: [ -2.2201337830972428e-02, -1.1445843221826492e-03,
       2.9199201696882579e-04, -7.1705872414221615e-04,
       5.1284674356775366e-04 ]
P2: !!opencv-matrix
   rows: 3
   cols: 4
   dt: f
   data: [ 3.61814545e+02, 0., 3.83198669e+02, -6.48460586e+04, 0.,
       3.61814545e+02, 2.32193436e+02, 0., 0., 0., 1., 0. ]
R2: !!opencv-matrix
   rows: 3
   cols: 3
   dt: f
   data: [ 9.97980654e-01, -6.33734465e-02, -4.28645266e-03,
       6.33532926e-02, 9.97980177e-01, -4.68449900e-03, 4.57466766e-03,
       4.40347847e-03, 9.99979854e-01 ]
