%YAML:1.0
---
Q: !!opencv-matrix
   rows: 4
   cols: 4
   dt: f
   data: [ 1., 0., 0., -4.13773254e+02, 0., 1., 0., -2.33419769e+02, 0.,
       0., 0., 3.76226563e+02, 0., 0., 1.34985894e-01, 0. ]
R: !!opencv-matrix
   rows: 3
   cols: 3
   dt: d
   data: [ 1.0430070163462155e+00, -1.7846262714789507e-03,
       1.8473790208075234e-02, -7.1974645328915596e-03,
       1.0537319431255929e+00, -4.3824242614242517e-02,
       -5.1084389021579413e-02, 4.6219443055755156e-02,
       1.0538313892550386e+00 ]
T: !!opencv-matrix
   rows: 3
   cols: 1
   dt: d
   data: [ -7.3786642409810801e+00, 4.6855912930444260e-01,
       4.6574840898849135e-01 ]
E: !!opencv-matrix
   rows: 0
   cols: 0
   dt: u
   data: []
F: !!opencv-matrix
   rows: 0
   cols: 0
   dt: u
   data: []
K1: !!opencv-matrix
   rows: 3
   cols: 3
   dt: d
   data: [ 3.6627756984521932e+02, 0., 3.8060969928433269e+02, 0.,
       3.6653175179255015e+02, 2.3878059668569790e+02, 0., 0., 1. ]
D1: !!opencv-matrix
   rows: 5
   cols: 1
   dt: d
   data: [ -2.1859934914563901e-02, -9.9468572971318997e-04,
       1.6448003429794193e-03, -3.1164985765511365e-04,
       3.5195408316194161e-04 ]
P1: !!opencv-matrix
   rows: 3
   cols: 4
   dt: f
   data: [ 3.76226563e+02, 0., 4.13773254e+02, 0., 0., 3.76226563e+02,
       2.33419769e+02, 0., 0., 0., 1., 0. ]
R1: !!opencv-matrix
   rows: 3
   cols: 3
   dt: f
   data: [ 9.97686446e-01, -6.22871816e-02, -2.72411834e-02,
       6.17064163e-02, 9.97859180e-01, -2.16650348e-02, 2.85323188e-02,
       1.99339557e-02, 9.99394059e-01 ]
K2: !!opencv-matrix
   rows: 3
   cols: 3
   dt: d
   data: [ 3.6687495098581172e+02, 0., 3.7621769200552956e+02, 0.,
       3.6726361788508825e+02, 2.2399932895774910e+02, 0., 0., 1. ]
D2: !!opencv-matrix
   rows: 5
   cols: 1
   dt: d
   data: [ -2.2201337830972428e-02, -1.1445843221826492e-03,
       2.9199201696882579e-04, -7.1705872414221615e-04,
       5.1284674356775366e-04 ]
P2: !!opencv-matrix
   rows: 3
   cols: 4
   dt: f
   data: [ 3.76226563e+02, 0., 4.13773254e+02, -2.78715479e+03, 0.,
       3.76226563e+02, 2.33419769e+02, 0., 0., 0., 1., 0. ]
R2: !!opencv-matrix
   rows: 3
   cols: 3
   dt: f
   data: [ 9.96015549e-01, -6.32488728e-02, -6.28694668e-02,
       6.45448640e-02, 9.97737706e-01, 1.87992956e-02, 6.15382008e-02,
       -2.27822922e-02, 9.97844696e-01 ]
