%YAML:1.0
---
Q: !!opencv-matrix
   rows: 4
   cols: 4
   dt: f
   data: [ 1., 0., 0., -3.82347412e+02, 0., 1., 0., -2.31849854e+02, 0.,
       0., 0., 3.58594055e+02, 0., 0., 5.55168511e-03, 0. ]
R: !!opencv-matrix
   rows: 3
   cols: 3
   dt: d
   data: [ 9.9995713111571571e-01, 9.7501117329705806e-03,
       -3.1503891825513455e-03, -9.6826038369236082e-03,
       9.9987304652015763e-01, 9.2343662499893529e-03,
       3.2430125783924988e-03, -9.2035737165725058e-03,
       9.9991534611505006e-01 ]
T: !!opencv-matrix
   rows: 3
   cols: 1
   dt: d
   data: [ -1.8012996874993615e+02, 7.9447611264537088e-01,
       7.2929152800068919e-01 ]
E: !!opencv-matrix
   rows: 0
   cols: 0
   dt: u
   data: []
F: !!opencv-matrix
   rows: 0
   cols: 0
   dt: u
   data: []
K1: !!opencv-matrix
   rows: 3
   cols: 3
   dt: d
   data: [ 3.6627756984521932e+02, 0., 3.8060969928433269e+02, 0.,
       3.6653175179255015e+02, 2.3878059668569790e+02, 0., 0., 1. ]
D1: !!opencv-matrix
   rows: 5
   cols: 1
   dt: d
   data: [ -2.1859934914563901e-02, -9.9468572971318997e-04,
       1.6448003429794193e-03, -3.1164985765511365e-04,
       3.5195408316194161e-04 ]
P1: !!opencv-matrix
   rows: 3
   cols: 4
   dt: f
   data: [ 3.58594055e+02, 0., 3.82347412e+02, 0., 0., 3.58594055e+02,
       2.31849854e+02, 0., 0., 0., 1., 0. ]
R1: !!opencv-matrix
   rows: 3
   cols: 3
   dt: f
   data: [ 9.99959409e-01, 5.35822846e-03, -7.24115083e-03,
       -5.32488851e-03, 9.99975145e-01, 4.61574318e-03, 7.26570282e-03,
       -4.57699737e-03, 9.99963105e-01 ]
K2: !!opencv-matrix
   rows: 3
   cols: 3
   dt: d
   data: [ 3.6687495098581172e+02, 0., 3.7621769200552956e+02, 0.,
       3.6726361788508825e+02, 2.2399932895774910e+02, 0., 0., 1. ]
D2: !!opencv-matrix
   rows: 5
   cols: 1
   dt: d
   data: [ -2.2201337830972428e-02, -1.1445843221826492e-03,
       2.9199201696882579e-04, -7.1705872414221615e-04,
       5.1284674356775366e-04 ]
P2: !!opencv-matrix
   rows: 3
   cols: 4
   dt: f
   data: [ 3.58594055e+02, 0., 3.82347412e+02, -6.45919297e+04, 0.,
       3.58594055e+02, 2.31849854e+02, 0., 0., 0., 1., 0. ]
R2: !!opencv-matrix
   rows: 3
   cols: 3
   dt: f
   data: [ 9.99982059e-01, -4.41049226e-03, -4.04862361e-03,
       4.39183647e-03, 9.99979734e-01, -4.60532820e-03, 4.06885333e-03,
       4.58746450e-03, 9.99981225e-01 ]
