%YAML:1.0
---
Q: !!opencv-matrix
   rows: 4
   cols: 4
   dt: f
   data: [ 1., 0., 0., -3.82530884e+02, 0., 1., 0., -2.31851196e+02, 0.,
       0., 0., 3.58738007e+02, 0., 0., 5.54911699e-03, 0. ]
R: !!opencv-matrix
   rows: 3
   cols: 3
   dt: d
   data: [ 9.9993953012286929e-01, 9.7477238593086865e-03,
       -3.1519962695256251e-03, -9.6825067978678087e-03,
       9.9986170093795168e-01, 9.2342368139082098e-03,
       3.2429760621773603e-03, -9.2032241616489159e-03,
       9.9990432525621809e-01 ]
T: !!opencv-matrix
   rows: 3
   cols: 1
   dt: d
   data: [ -1.8022082945684861e+02, 8.4179258549176383e-01,
       7.7126300961928584e-01 ]
E: !!opencv-matrix
   rows: 0
   cols: 0
   dt: u
   data: []
F: !!opencv-matrix
   rows: 0
   cols: 0
   dt: u
   data: []
K1: !!opencv-matrix
   rows: 3
   cols: 3
   dt: d
   data: [ 3.6627756984521932e+02, 0., 3.8060969928433269e+02, 0.,
       3.6653175179255015e+02, 2.3878059668569790e+02, 0., 0., 1. ]
D1: !!opencv-matrix
   rows: 5
   cols: 1
   dt: d
   data: [ -2.1859934914563901e-02, -9.9468572971318997e-04,
       1.6448003429794193e-03, -3.1164985765511365e-04,
       3.5195408316194161e-04 ]
P1: !!opencv-matrix
   rows: 3
   cols: 4
   dt: f
   data: [ 3.58738007e+02, 0., 3.82530884e+02, 0., 0., 3.58738007e+02,
       2.31851196e+02, 0., 0., 0., 1., 0. ]
R1: !!opencv-matrix
   rows: 3
   cols: 3
   dt: f
   data: [ 9.99959052e-01, 5.09898271e-03, -7.47487694e-03,
       -5.06457733e-03, 9.99976516e-01, 4.61455015e-03, 7.49823079e-03,
       -4.57650423e-03, 9.99961436e-01 ]
K2: !!opencv-matrix
   rows: 3
   cols: 3
   dt: d
   data: [ 3.6687495098581172e+02, 0., 3.7621769200552956e+02, 0.,
       3.6726361788508825e+02, 2.2399932895774910e+02, 0., 0., 1. ]
D2: !!opencv-matrix
   rows: 5
   cols: 1
   dt: d
   data: [ -2.2201337830972428e-02, -1.1445843221826492e-03,
       2.9199201696882579e-04, -7.1705872414221615e-04,
       5.1284674356775366e-04 ]
P2: !!opencv-matrix
   rows: 3
   cols: 4
   dt: f
   data: [ 3.58738007e+02, 0., 3.82530884e+02, -6.46477617e+04, 0.,
       3.58738007e+02, 2.31851196e+02, 0., 0., 0., 1., 0. ]
R2: !!opencv-matrix
   rows: 3
   cols: 3
   dt: f
   data: [ 9.99979913e-01, -4.67080157e-03, -4.27945796e-03,
       4.65108547e-03, 9.99978602e-01, -4.60554939e-03, 4.30087792e-03,
       4.58555296e-03, 9.99980211e-01 ]
