%YAML:1.0
---
Q: !!opencv-matrix
   rows: 4
   cols: 4
   dt: f
   data: [ 1., 0., 0., -3.82639221e+02, 0., 1., 0., -2.31851944e+02, 0.,
       0., 0., 3.58701569e+02, 0., 0., 5.54635422e-03, 0. ]
R: !!opencv-matrix
   rows: 3
   cols: 3
   dt: d
   data: [ 9.9993042797512055e-01, 9.7471743295783446e-03,
       -3.1506509295569141e-03, -9.6824235892447510e-03,
       9.9985115445803785e-01, 9.2341609514677257e-03,
       3.2428219481927560e-03, -9.2029645341279373e-03,
       9.9989344668904778e-01 ]
T: !!opencv-matrix
   rows: 3
   cols: 1
   dt: d
   data: [ -1.8030123537855343e+02, 8.6759338999847690e-01,
       7.9625804532638489e-01 ]
E: !!opencv-matrix
   rows: 0
   cols: 0
   dt: u
   data: []
F: !!opencv-matrix
   rows: 0
   cols: 0
   dt: u
   data: []
K1: !!opencv-matrix
   rows: 3
   cols: 3
   dt: d
   data: [ 3.6627756984521932e+02, 0., 3.8060969928433269e+02, 0.,
       3.6653175179255015e+02, 2.3878059668569790e+02, 0., 0., 1. ]
D1: !!opencv-matrix
   rows: 5
   cols: 1
   dt: d
   data: [ -2.1859934914563901e-02, -9.9468572971318997e-04,
       1.6448003429794193e-03, -3.1164985765511365e-04,
       3.5195408316194161e-04 ]
P1: !!opencv-matrix
   rows: 3
   cols: 4
   dt: f
   data: [ 3.58701569e+02, 0., 3.82639221e+02, 0., 0., 3.58701569e+02,
       2.31851944e+02, 0., 0., 0., 1., 0. ]
R1: !!opencv-matrix
   rows: 3
   cols: 3
   dt: f
   data: [ 9.99958754e-01, 4.95897932e-03, -7.61267822e-03,
       -4.92394576e-03, 9.99977231e-01, 4.61388472e-03, 7.63538526e-03,
       -4.57620993e-03, 9.99960363e-01 ]
K2: !!opencv-matrix
   rows: 3
   cols: 3
   dt: d
   data: [ 3.6687495098581172e+02, 0., 3.7621769200552956e+02, 0.,
       3.6726361788508825e+02, 2.2399932895774910e+02, 0., 0., 1. ]
D2: !!opencv-matrix
   rows: 5
   cols: 1
   dt: d
   data: [ -2.2201337830972428e-02, -1.1445843221826492e-03,
       2.9199201696882579e-04, -7.1705872414221615e-04,
       5.1284674356775366e-04 ]
P2: !!opencv-matrix
   rows: 3
   cols: 4
   dt: f
   data: [ 3.58701569e+02, 0., 3.82639221e+02, -6.46733984e+04, 0.,
       3.58701569e+02, 2.31851944e+02, 0., 0., 0., 1., 0. ]
R2: !!opencv-matrix
   rows: 3
   cols: 3
   dt: f
   data: [ 9.99978662e-01, -4.81180800e-03, -4.41617146e-03,
       4.79146419e-03, 9.99977887e-01, -4.60569933e-03, 4.43823542e-03,
       4.58444096e-03, 9.99979615e-01 ]
