%YAML:1.0
---
Q: !!opencv-matrix
   rows: 4
   cols: 4
   dt: f
   data: [ 1., 0., 0., -3.82531250e+02, 0., 1., 0., -2.31851196e+02, 0.,
       0., 0., 3.58738373e+02, 0., 0., 5.54957893e-03, 0. ]
R: !!opencv-matrix
   rows: 3
   cols: 3
   dt: d
   data: [ 9.9994259039229938e-01, 9.7478101689445016e-03,
       -3.1520816096357587e-03, -9.6825358509812689e-03,
       9.9986464494413230e-01, 9.2342643615892749e-03,
       3.2429851101237117e-03, -9.2032515074153172e-03,
       9.9990726999969359e-01 ]
T: !!opencv-matrix
   rows: 3
   cols: 1
   dt: d
   data: [ -1.8019875451490728e+02, 8.4168947381266634e-01,
       7.7116846742293810e-01 ]
E: !!opencv-matrix
   rows: 0
   cols: 0
   dt: u
   data: []
F: !!opencv-matrix
   rows: 0
   cols: 0
   dt: u
   data: []
K1: !!opencv-matrix
   rows: 3
   cols: 3
   dt: d
   data: [ 3.6627756984521932e+02, 0., 3.8060969928433269e+02, 0.,
       3.6653175179255015e+02, 2.3878059668569790e+02, 0., 0., 1. ]
D1: !!opencv-matrix
   rows: 5
   cols: 1
   dt: d
   data: [ -2.1859934914563901e-02, -9.9468572971318997e-04,
       1.6448003429794193e-03, -3.1164985765511365e-04,
       3.5195408316194161e-04 ]
P1: !!opencv-matrix
   rows: 3
   cols: 4
   dt: f
   data: [ 3.58738373e+02, 0., 3.82531250e+02, 0., 0., 3.58738373e+02,
       2.31851196e+02, 0., 0., 0., 1., 0. ]
R1: !!opencv-matrix
   rows: 3
   cols: 3
   dt: f
   data: [ 9.99959052e-01, 5.09820506e-03, -7.47582084e-03,
       -5.06379548e-03, 9.99976516e-01, 4.61454690e-03, 7.49917096e-03,
       -4.57650190e-03, 9.99961436e-01 ]
K2: !!opencv-matrix
   rows: 3
   cols: 3
   dt: d
   data: [ 3.6687495098581172e+02, 0., 3.7621769200552956e+02, 0.,
       3.6726361788508825e+02, 2.2399932895774910e+02, 0., 0., 1. ]
D2: !!opencv-matrix
   rows: 5
   cols: 1
   dt: d
   data: [ -2.2201337830972428e-02, -1.1445843221826492e-03,
       2.9199201696882579e-04, -7.1705872414221615e-04,
       5.1284674356775366e-04 ]
P2: !!opencv-matrix
   rows: 3
   cols: 4
   dt: f
   data: [ 3.58738373e+02, 0., 3.82531250e+02, -6.46424492e+04, 0.,
       3.58738373e+02, 2.31851196e+02, 0., 0., 0., 1., 0. ]
R2: !!opencv-matrix
   rows: 3
   cols: 3
   dt: f
   data: [ 9.99979913e-01, -4.67080111e-03, -4.27945517e-03,
       4.65108547e-03, 9.99978602e-01, -4.60554659e-03, 4.30087512e-03,
       4.58555017e-03, 9.99980211e-01 ]
