%YAML:1.0
---
Q: !!opencv-matrix
   rows: 4
   cols: 4
   dt: f
   data: [ 1., 0., 0., -3.82640106e+02, 0., 1., 0., -2.31851944e+02, 0.,
       0., 0., 3.58700562e+02, 0., 0., 5.54796215e-03, 0. ]
R: !!opencv-matrix
   rows: 3
   cols: 3
   dt: d
   data: [ 9.9992123730218485e-01, 9.7443294726104520e-03,
       -3.1544055438081963e-03, -9.6824448304051857e-03,
       9.9986460439271818e-01, 9.2343029089909934e-03,
       3.2429651859928032e-03, -9.2030748590569665e-03,
       9.9990689955636458e-01 ]
T: !!opencv-matrix
   rows: 3
   cols: 1
   dt: d
   data: [ -1.8024738323544364e+02, 8.6733423572477708e-01,
       7.9601896821587692e-01 ]
E: !!opencv-matrix
   rows: 0
   cols: 0
   dt: u
   data: []
F: !!opencv-matrix
   rows: 0
   cols: 0
   dt: u
   data: []
K1: !!opencv-matrix
   rows: 3
   cols: 3
   dt: d
   data: [ 3.6627756984521932e+02, 0., 3.8060969928433269e+02, 0.,
       3.6653175179255015e+02, 2.3878059668569790e+02, 0., 0., 1. ]
D1: !!opencv-matrix
   rows: 5
   cols: 1
   dt: d
   data: [ -2.1859934914563901e-02, -9.9468572971318997e-04,
       1.6448003429794193e-03, -3.1164985765511365e-04,
       3.5195408316194161e-04 ]
P1: !!opencv-matrix
   rows: 3
   cols: 4
   dt: f
   data: [ 3.58700562e+02, 0., 3.82640106e+02, 0., 0., 3.58700562e+02,
       2.31851944e+02, 0., 0., 0., 1., 0. ]
R1: !!opencv-matrix
   rows: 3
   cols: 3
   dt: f
   data: [ 9.99958694e-01, 4.95682051e-03, -7.61495437e-03,
       -4.92177671e-03, 9.99977231e-01, 4.61387495e-03, 7.63765117e-03,
       -4.57620528e-03, 9.99960363e-01 ]
K2: !!opencv-matrix
   rows: 3
   cols: 3
   dt: d
   data: [ 3.6687495098581172e+02, 0., 3.7621769200552956e+02, 0.,
       3.6726361788508825e+02, 2.2399932895774910e+02, 0., 0., 1. ]
D2: !!opencv-matrix
   rows: 5
   cols: 1
   dt: d
   data: [ -2.2201337830972428e-02, -1.1445843221826492e-03,
       2.9199201696882579e-04, -7.1705872414221615e-04,
       5.1284674356775366e-04 ]
P2: !!opencv-matrix
   rows: 3
   cols: 4
   dt: f
   data: [ 3.58700562e+02, 0., 3.82640106e+02, -6.46544727e+04, 0.,
       3.58700562e+02, 2.31851944e+02, 0., 0., 0., 1., 0. ]
R2: !!opencv-matrix
   rows: 3
   cols: 3
   dt: f
   data: [ 9.99978662e-01, -4.81180754e-03, -4.41615982e-03,
       4.79146419e-03, 9.99977887e-01, -4.60569235e-03, 4.43822425e-03,
       4.58443398e-03, 9.99979615e-01 ]
