%YAML:1.0
---
Q: !!opencv-matrix
   rows: 4
   cols: 4
   dt: f
   data: [ 1., 0., 0., -3.82639893e+02, 0., 1., 0., -2.31851944e+02, 0.,
       0., 0., 3.58700867e+02, 0., 0., 5.54781221e-03, 0. ]
R: !!opencv-matrix
   rows: 3
   cols: 3
   dt: d
   data: [ 9.9992834240349970e-01, 9.7457809261493489e-03,
       -3.1531651398532183e-03, -9.6824585924133195e-03,
       9.9986040552616895e-01, 9.2342582863808673e-03,
       3.2429018378492174e-03, -9.2030429686479499e-03,
       9.9990270211595567e-01 ]
T: !!opencv-matrix
   rows: 3
   cols: 1
   dt: d
   data: [ -1.8025424839048443e+02, 8.6736728283718156e-01,
       7.9604996884532042e-01 ]
E: !!opencv-matrix
   rows: 0
   cols: 0
   dt: u
   data: []
F: !!opencv-matrix
   rows: 0
   cols: 0
   dt: u
   data: []
K1: !!opencv-matrix
   rows: 3
   cols: 3
   dt: d
   data: [ 3.6627756984521932e+02, 0., 3.8060969928433269e+02, 0.,
       3.6653175179255015e+02, 2.3878059668569790e+02, 0., 0., 1. ]
D1: !!opencv-matrix
   rows: 5
   cols: 1
   dt: d
   data: [ -2.1859934914563901e-02, -9.9468572971318997e-04,
       1.6448003429794193e-03, -3.1164985765511365e-04,
       3.5195408316194161e-04 ]
P1: !!opencv-matrix
   rows: 3
   cols: 4
   dt: f
   data: [ 3.58700867e+02, 0., 3.82639893e+02, 0., 0., 3.58700867e+02,
       2.31851944e+02, 0., 0., 0., 1., 0. ]
R1: !!opencv-matrix
   rows: 3
   cols: 3
   dt: f
   data: [ 9.99958694e-01, 4.95754275e-03, -7.61441886e-03,
       -4.92250128e-03, 9.99977231e-01, 4.61387867e-03, 7.63711939e-03,
       -4.57620621e-03, 9.99960363e-01 ]
K2: !!opencv-matrix
   rows: 3
   cols: 3
   dt: d
   data: [ 3.6687495098581172e+02, 0., 3.7621769200552956e+02, 0.,
       3.6726361788508825e+02, 2.2399932895774910e+02, 0., 0., 1. ]
D2: !!opencv-matrix
   rows: 5
   cols: 1
   dt: d
   data: [ -2.2201337830972428e-02, -1.1445843221826492e-03,
       2.9199201696882579e-04, -7.1705872414221615e-04,
       5.1284674356775366e-04 ]
P2: !!opencv-matrix
   rows: 3
   cols: 4
   dt: f
   data: [ 3.58700867e+02, 0., 3.82639893e+02, -6.46562695e+04, 0.,
       3.58700867e+02, 2.31851944e+02, 0., 0., 0., 1., 0. ]
R2: !!opencv-matrix
   rows: 3
   cols: 3
   dt: f
   data: [ 9.99978662e-01, -4.81180754e-03, -4.41616401e-03,
       4.79146419e-03, 9.99977887e-01, -4.60569421e-03, 4.43822797e-03,
       4.58443630e-03, 9.99979615e-01 ]
