%YAML:1.0
---
Q: !!opencv-matrix
   rows: 4
   cols: 4
   dt: f
   data: [ 1., 0., 0., -3.82347931e+02, 0., 1., 0., -2.31849854e+02, 0.,
       0., 0., 3.58594330e+02, 0., 0., 5.55565068e-03, 0. ]
R: !!opencv-matrix
   rows: 3
   cols: 3
   dt: d
   data: [ 9.9997510738355055e-01, 9.7503216257700843e-03,
       -3.1527754653586878e-03, -9.6827782226106725e-03,
       9.9989108234323476e-01, 9.2345430942610291e-03,
       3.2430713419471851e-03, -9.2037398709121261e-03,
       9.9993339221616850e-01 ]
T: !!opencv-matrix
   rows: 3
   cols: 1
   dt: d
   data: [ -1.8001054322776068e+02, 7.9394938470670828e-01,
       7.2880827015715588e-01 ]
E: !!opencv-matrix
   rows: 0
   cols: 0
   dt: u
   data: []
F: !!opencv-matrix
   rows: 0
   cols: 0
   dt: u
   data: []
K1: !!opencv-matrix
   rows: 3
   cols: 3
   dt: d
   data: [ 3.6627756984521932e+02, 0., 3.8060969928433269e+02, 0.,
       3.6653175179255015e+02, 2.3878059668569790e+02, 0., 0., 1. ]
D1: !!opencv-matrix
   rows: 5
   cols: 1
   dt: d
   data: [ -2.1859934914563901e-02, -9.9468572971318997e-04,
       1.6448003429794193e-03, -3.1164985765511365e-04,
       3.5195408316194161e-04 ]
P1: !!opencv-matrix
   rows: 3
   cols: 4
   dt: f
   data: [ 3.58594330e+02, 0., 3.82347931e+02, 0., 0., 3.58594330e+02,
       2.31849854e+02, 0., 0., 0., 1., 0. ]
R1: !!opencv-matrix
   rows: 3
   cols: 3
   dt: f
   data: [ 9.99959409e-01, 5.35814790e-03, -7.24244816e-03,
       -5.32480143e-03, 9.99975145e-01, 4.61574411e-03, 7.26700015e-03,
       -4.57699224e-03, 9.99963105e-01 ]
K2: !!opencv-matrix
   rows: 3
   cols: 3
   dt: d
   data: [ 3.6687495098581172e+02, 0., 3.7621769200552956e+02, 0.,
       3.6726361788508825e+02, 2.2399932895774910e+02, 0., 0., 1. ]
D2: !!opencv-matrix
   rows: 5
   cols: 1
   dt: d
   data: [ -2.2201337830972428e-02, -1.1445843221826492e-03,
       2.9199201696882579e-04, -7.1705872414221615e-04,
       5.1284674356775366e-04 ]
P2: !!opencv-matrix
   rows: 3
   cols: 4
   dt: f
   data: [ 3.58594330e+02, 0., 3.82347931e+02, -6.45458750e+04, 0.,
       3.58594330e+02, 2.31849854e+02, 0., 0., 0., 1., 0. ]
R2: !!opencv-matrix
   rows: 3
   cols: 3
   dt: f
   data: [ 9.99982059e-01, -4.41049226e-03, -4.04862361e-03,
       4.39183647e-03, 9.99979734e-01, -4.60532587e-03, 4.06885333e-03,
       4.58746264e-03, 9.99981225e-01 ]
