%YAML:1.0
---
Q: !!opencv-matrix
   rows: 4
   cols: 4
   dt: f
   data: [ 1., 0., 0., -3.82432739e+02, 0., 1., 0., -2.31850494e+02, 0.,
       0., 0., 3.58662903e+02, 0., 0., 5.54990815e-03, 0. ]
R: !!opencv-matrix
   rows: 3
   cols: 3
   dt: d
   data: [ 9.9994493734437362e-01, 9.7487276376211646e-03,
       -3.1512614607821701e-03, -9.6825461301443330e-03,
       9.9986614943169416e-01, 9.2343008519586330e-03,
       3.2428216303796490e-03, -9.2031337593677341e-03,
       9.9990886197858353e-01 ]
T: !!opencv-matrix
   rows: 3
   cols: 1
   dt: d
   data: [ -1.8018611410417824e+02, 8.1748492198571854e-01,
       7.4880519818488911e-01 ]
E: !!opencv-matrix
   rows: 0
   cols: 0
   dt: u
   data: []
F: !!opencv-matrix
   rows: 0
   cols: 0
   dt: u
   data: []
K1: !!opencv-matrix
   rows: 3
   cols: 3
   dt: d
   data: [ 3.6627756984521932e+02, 0., 3.8060969928433269e+02, 0.,
       3.6653175179255015e+02, 2.3878059668569790e+02, 0., 0., 1. ]
D1: !!opencv-matrix
   rows: 5
   cols: 1
   dt: d
   data: [ -2.1859934914563901e-02, -9.9468572971318997e-04,
       1.6448003429794193e-03, -3.1164985765511365e-04,
       3.5195408316194161e-04 ]
P1: !!opencv-matrix
   rows: 3
   cols: 4
   dt: f
   data: [ 3.58662903e+02, 0., 3.82432739e+02, 0., 0., 3.58662903e+02,
       2.31850494e+02, 0., 0., 0., 1., 0. ]
R1: !!opencv-matrix
   rows: 3
   cols: 3
   dt: f
   data: [ 9.99959290e-01, 5.23224566e-03, -7.35010626e-03,
       -5.19840932e-03, 9.99975860e-01, 4.61510802e-03, 7.37407617e-03,
       -4.57671145e-03, 9.99962330e-01 ]
K2: !!opencv-matrix
   rows: 3
   cols: 3
   dt: d
   data: [ 3.6687495098581172e+02, 0., 3.7621769200552956e+02, 0.,
       3.6726361788508825e+02, 2.2399932895774910e+02, 0., 0., 1. ]
D2: !!opencv-matrix
   rows: 5
   cols: 1
   dt: d
   data: [ -2.2201337830972428e-02, -1.1445843221826492e-03,
       2.9199201696882579e-04, -7.1705872414221615e-04,
       5.1284674356775366e-04 ]
P2: !!opencv-matrix
   rows: 3
   cols: 4
   dt: f
   data: [ 3.58662903e+02, 0., 3.82432739e+02, -6.46250195e+04, 0.,
       3.58662903e+02, 2.31850494e+02, 0., 0., 0., 1., 0. ]
R2: !!opencv-matrix
   rows: 3
   cols: 3
   dt: f
   data: [ 9.99981046e-01, -4.53680614e-03, -4.15565399e-03,
       4.51765861e-03, 9.99979198e-01, -4.60536545e-03, 4.17646114e-03,
       4.58650431e-03, 9.99980748e-01 ]
