%YAML:1.0
---
Q: !!opencv-matrix
   rows: 4
   cols: 4
   dt: f
   data: [ 1., 0., 0., -3.82347443e+02, 0., 1., 0., -2.31849854e+02, 0.,
       0., 0., 3.58594086e+02, 0., 0., 5.55265089e-03, 0. ]
R: !!opencv-matrix
   rows: 3
   cols: 3
   dt: d
   data: [ 9.9996186105695983e-01, 9.7501580978359530e-03,
       -3.1504532048579805e-03, -9.6826495751072463e-03,
       9.9987776432484599e-01, 9.2344100382452578e-03,
       3.2430278331886855e-03, -9.2036171443537693e-03,
       9.9992006431856251e-01 ]
T: !!opencv-matrix
   rows: 3
   cols: 1
   dt: d
   data: [ -1.8009883992883078e+02, 7.9433881688776165e-01,
       7.2916550225818466e-01 ]
E: !!opencv-matrix
   rows: 0
   cols: 0
   dt: u
   data: []
F: !!opencv-matrix
   rows: 0
   cols: 0
   dt: u
   data: []
K1: !!opencv-matrix
   rows: 3
   cols: 3
   dt: d
   data: [ 3.6627756984521932e+02, 0., 3.8060969928433269e+02, 0.,
       3.6653175179255015e+02, 2.3878059668569790e+02, 0., 0., 1. ]
D1: !!opencv-matrix
   rows: 5
   cols: 1
   dt: d
   data: [ -2.1859934914563901e-02, -9.9468572971318997e-04,
       1.6448003429794193e-03, -3.1164985765511365e-04,
       3.5195408316194161e-04 ]
P1: !!opencv-matrix
   rows: 3
   cols: 4
   dt: f
   data: [ 3.58594086e+02, 0., 3.82347443e+02, 0., 0., 3.58594086e+02,
       2.31849854e+02, 0., 0., 0., 1., 0. ]
R1: !!opencv-matrix
   rows: 3
   cols: 3
   dt: f
   data: [ 9.99959409e-01, 5.35822846e-03, -7.24117830e-03,
       -5.32488804e-03, 9.99975145e-01, 4.61574318e-03, 7.26573076e-03,
       -4.57699737e-03, 9.99963105e-01 ]
K2: !!opencv-matrix
   rows: 3
   cols: 3
   dt: d
   data: [ 3.6687495098581172e+02, 0., 3.7621769200552956e+02, 0.,
       3.6726361788508825e+02, 2.2399932895774910e+02, 0., 0., 1. ]
D2: !!opencv-matrix
   rows: 5
   cols: 1
   dt: d
   data: [ -2.2201337830972428e-02, -1.1445843221826492e-03,
       2.9199201696882579e-04, -7.1705872414221615e-04,
       5.1284674356775366e-04 ]
P2: !!opencv-matrix
   rows: 3
   cols: 4
   dt: f
   data: [ 3.58594086e+02, 0., 3.82347443e+02, -6.45806992e+04, 0.,
       3.58594086e+02, 2.31849854e+02, 0., 0., 0., 1., 0. ]
R2: !!opencv-matrix
   rows: 3
   cols: 3
   dt: f
   data: [ 9.99982059e-01, -4.41049226e-03, -4.04862361e-03,
       4.39183647e-03, 9.99979734e-01, -4.60532773e-03, 4.06885333e-03,
       4.58746450e-03, 9.99981225e-01 ]
