%YAML:1.0
---
Q: !!opencv-matrix
   rows: 4
   cols: 4
   dt: f
   data: [ 1., 0., 0., -3.82958710e+02, 0., 1., 0., -2.32164429e+02, 0.,
       0., 0., 3.61190491e+02, 0., 0., 5.37337037e-03, 0. ]
R: !!opencv-matrix
   rows: 3
   cols: 3
   dt: d
   data: [ 9.9964111675989553e-01, 9.7747594387398908e-03,
       -3.1343841834502425e-03, -9.6803262816286487e-03,
       9.9958885227624816e-01, 9.2306562569498731e-03,
       3.2418292136651887e-03, -9.2010752663215147e-03,
       9.9963467470647294e-01 ]
T: !!opencv-matrix
   rows: 3
   cols: 1
   dt: d
   data: [ -1.8581458180206923e+02, 1.1144043356307284e+01,
       7.5285612362561971e-01 ]
E: !!opencv-matrix
   rows: 0
   cols: 0
   dt: u
   data: []
F: !!opencv-matrix
   rows: 0
   cols: 0
   dt: u
   data: []
K1: !!opencv-matrix
   rows: 3
   cols: 3
   dt: d
   data: [ 3.6627756984521932e+02, 0., 3.8060969928433269e+02, 0.,
       3.6653175179255015e+02, 2.3878059668569790e+02, 0., 0., 1. ]
D1: !!opencv-matrix
   rows: 5
   cols: 1
   dt: d
   data: [ -2.1859934914563901e-02, -9.9468572971318997e-04,
       1.6448003429794193e-03, -3.1164985765511365e-04,
       3.5195408316194161e-04 ]
P1: !!opencv-matrix
   rows: 3
   cols: 4
   dt: f
   data: [ 3.61190491e+02, 0., 3.82958710e+02, 0., 0., 3.61190491e+02,
       2.32164429e+02, 0., 0., 0., 1., 0. ]
R1: !!opencv-matrix
   rows: 3
   cols: 3
   dt: f
   data: [ 9.98713970e-01, -5.01050502e-02, -7.73989176e-03,
       5.01397587e-02, 9.98732686e-01, 4.35692910e-03, 7.51177920e-03,
       -4.73940233e-03, 9.99960542e-01 ]
K2: !!opencv-matrix
   rows: 3
   cols: 3
   dt: d
   data: [ 3.6687495098581172e+02, 0., 3.7621769200552956e+02, 0.,
       3.6726361788508825e+02, 2.2399932895774910e+02, 0., 0., 1. ]
D2: !!opencv-matrix
   rows: 5
   cols: 1
   dt: d
   data: [ -2.2201337830972428e-02, -1.1445843221826492e-03,
       2.9199201696882579e-04, -7.1705872414221615e-04,
       5.1284674356775366e-04 ]
P2: !!opencv-matrix
   rows: 3
   cols: 4
   dt: f
   data: [ 3.61190491e+02, 0., 3.82958710e+02, -6.72186094e+04, 0.,
       3.61190491e+02, 2.32164429e+02, 0., 0., 0., 1., 0. ]
R2: !!opencv-matrix
   rows: 3
   cols: 3
   dt: f
   data: [ 9.98198211e-01, -5.98659329e-02, -4.04434372e-03,
       5.98469041e-02, 9.98196602e-01, -4.67280950e-03, 4.31679236e-03,
       4.42234846e-03, 9.99980927e-01 ]
