%YAML:1.0
---
Q: !!opencv-matrix
   rows: 4
   cols: 4
   dt: f
   data: [ 1., 0., 0., -3.82955994e+02, 0., 1., 0., -2.32164291e+02, 0.,
       0., 0., 3.61193634e+02, 0., 0., 5.37171913e-03, 0. ]
R: !!opencv-matrix
   rows: 3
   cols: 3
   dt: d
   data: [ 9.9963851010783122e-01, 9.7740202208980685e-03,
       -3.1275755324550003e-03, -9.6802971614654513e-03,
       9.9958636578982940e-01, 9.2302250114618505e-03,
       3.2418212778292984e-03, -9.2010489586637281e-03,
       9.9963211758353243e-01 ]
T: !!opencv-matrix
   rows: 3
   cols: 1
   dt: d
   data: [ -1.8584287174901741e+02, 1.1145740112112211e+01,
       7.5297110247126597e-01 ]
E: !!opencv-matrix
   rows: 0
   cols: 0
   dt: u
   data: []
F: !!opencv-matrix
   rows: 0
   cols: 0
   dt: u
   data: []
K1: !!opencv-matrix
   rows: 3
   cols: 3
   dt: d
   data: [ 3.6627756984521932e+02, 0., 3.8060969928433269e+02, 0.,
       3.6653175179255015e+02, 2.3878059668569790e+02, 0., 0., 1. ]
D1: !!opencv-matrix
   rows: 5
   cols: 1
   dt: d
   data: [ -2.1859934914563901e-02, -9.9468572971318997e-04,
       1.6448003429794193e-03, -3.1164985765511365e-04,
       3.5195408316194161e-04 ]
P1: !!opencv-matrix
   rows: 3
   cols: 4
   dt: f
   data: [ 3.61193634e+02, 0., 3.82955994e+02, 0., 0., 3.61193634e+02,
       2.32164291e+02, 0., 0., 0., 1., 0. ]
R1: !!opencv-matrix
   rows: 3
   cols: 3
   dt: f
   data: [ 9.98714507e-01, -5.00957780e-02, -7.73290219e-03,
       5.01304492e-02, 9.98733163e-01, 4.35706973e-03, 7.50483479e-03,
       -4.73912247e-03, 9.99960601e-01 ]
K2: !!opencv-matrix
   rows: 3
   cols: 3
   dt: d
   data: [ 3.6687495098581172e+02, 0., 3.7621769200552956e+02, 0.,
       3.6726361788508825e+02, 2.2399932895774910e+02, 0., 0., 1. ]
D2: !!opencv-matrix
   rows: 5
   cols: 1
   dt: d
   data: [ -2.2201337830972428e-02, -1.1445843221826492e-03,
       2.9199201696882579e-04, -7.1705872414221615e-04,
       5.1284674356775366e-04 ]
P2: !!opencv-matrix
   rows: 3
   cols: 4
   dt: f
   data: [ 3.61193634e+02, 0., 3.82955994e+02, -6.72398594e+04, 0.,
       3.61193634e+02, 2.32164291e+02, 0., 0., 0., 1., 0. ]
R2: !!opencv-matrix
   rows: 3
   cols: 3
   dt: f
   data: [ 9.98198211e-01, -5.98659404e-02, -4.04435443e-03,
       5.98469116e-02, 9.98196602e-01, -4.67273965e-03, 4.31679888e-03,
       4.42227814e-03, 9.99980927e-01 ]
