%YAML:1.0
---
Q: !!opencv-matrix
   rows: 4
   cols: 4
   dt: f
   data: [ 1., 0., 0., -3.82657013e+02, 0., 1., 0., -2.32002258e+02, 0.,
       0., 0., 3.57432220e+02, 0., 0., 5.35473367e-03, 0. ]
R: !!opencv-matrix
   rows: 3
   cols: 3
   dt: d
   data: [ 9.9977119268956494e-01, 9.8733290185874893e-03,
       -3.0852862551397865e-03, -9.6875103198714556e-03,
       9.9944188731520867e-01, 9.2282579817224170e-03,
       3.2404155504814347e-03, -9.2000871318555326e-03,
       9.9948858511723637e-01 ]
T: !!opencv-matrix
   rows: 3
   cols: 1
   dt: d
   data: [ -1.8678411018152886e+02, 6.0130656837494190e+00,
       7.5793076107129542e-01 ]
E: !!opencv-matrix
   rows: 0
   cols: 0
   dt: u
   data: []
F: !!opencv-matrix
   rows: 0
   cols: 0
   dt: u
   data: []
K1: !!opencv-matrix
   rows: 3
   cols: 3
   dt: d
   data: [ 3.6627756984521932e+02, 0., 3.8060969928433269e+02, 0.,
       3.6653175179255015e+02, 2.3878059668569790e+02, 0., 0., 1. ]
D1: !!opencv-matrix
   rows: 5
   cols: 1
   dt: d
   data: [ -2.1859934914563901e-02, -9.9468572971318997e-04,
       1.6448003429794193e-03, -3.1164985765511365e-04,
       3.5195408316194161e-04 ]
P1: !!opencv-matrix
   rows: 3
   cols: 4
   dt: f
   data: [ 3.57432220e+02, 0., 3.82657013e+02, 0., 0., 3.57432220e+02,
       2.32002258e+02, 0., 0., 0., 1., 0. ]
R1: !!opencv-matrix
   rows: 3
   cols: 3
   dt: f
   data: [ 9.99723017e-01, -2.23130919e-02, -7.48660835e-03,
       2.23471001e-02, 9.99740183e-01, 4.49015899e-03, 7.38447392e-03,
       -4.65621939e-03, 9.99961913e-01 ]
K2: !!opencv-matrix
   rows: 3
   cols: 3
   dt: d
   data: [ 3.6687495098581172e+02, 0., 3.7621769200552956e+02, 0.,
       3.6726361788508825e+02, 2.2399932895774910e+02, 0., 0., 1. ]
D2: !!opencv-matrix
   rows: 5
   cols: 1
   dt: d
   data: [ -2.2201337830972428e-02, -1.1445843221826492e-03,
       2.9199201696882579e-04, -7.1705872414221615e-04,
       5.1284674356775366e-04 ]
P2: !!opencv-matrix
   rows: 3
   cols: 4
   dt: f
   data: [ 3.57432220e+02, 0., 3.82657013e+02, -6.67506953e+04, 0.,
       3.57432220e+02, 2.32002258e+02, 0., 0., 0., 1., 0. ]
R2: !!opencv-matrix
   rows: 3
   cols: 3
   dt: f
   data: [ 9.99473989e-01, -3.21756713e-02, -4.05567233e-03,
       3.21567841e-02, 9.99472082e-01, -4.63933311e-03, 4.20280499e-03,
       4.50647576e-03, 9.99980986e-01 ]
