%YAML:1.0
---
Q: !!opencv-matrix
   rows: 4
   cols: 4
   dt: f
   data: [ 1., 0., 0., -3.83235504e+02, 0., 1., 0., -2.32333893e+02, 0.,
       0., 0., 3.66905975e+02, 0., 0., 5.39846020e-03, 0. ]
R: !!opencv-matrix
   rows: 3
   cols: 3
   dt: d
   data: [ 9.9959448599354783e-01, 9.7292155917225575e-03,
       -3.1213272653600539e-03, -9.6638127399960947e-03,
       9.9975442723489749e-01, 9.2304990264039516e-03,
       3.2434107246399617e-03, -9.2026175378289686e-03,
       9.9979805693878465e-01 ]
T: !!opencv-matrix
   rows: 3
   cols: 1
   dt: d
   data: [ -1.8437368349166448e+02, 1.6179626334841004e+01,
       7.4651853887557373e-01 ]
E: !!opencv-matrix
   rows: 0
   cols: 0
   dt: u
   data: []
F: !!opencv-matrix
   rows: 0
   cols: 0
   dt: u
   data: []
K1: !!opencv-matrix
   rows: 3
   cols: 3
   dt: d
   data: [ 3.6627756984521932e+02, 0., 3.8060969928433269e+02, 0.,
       3.6653175179255015e+02, 2.3878059668569790e+02, 0., 0., 1. ]
D1: !!opencv-matrix
   rows: 5
   cols: 1
   dt: d
   data: [ -2.1859934914563901e-02, -9.9468572971318997e-04,
       1.6448003429794193e-03, -3.1164985765511365e-04,
       3.5195408316194161e-04 ]
P1: !!opencv-matrix
   rows: 3
   cols: 4
   dt: f
   data: [ 3.66905975e+02, 0., 3.83235504e+02, 0., 0., 3.66905975e+02,
       2.32333893e+02, 0., 0., 0., 1., 0. ]
R1: !!opencv-matrix
   rows: 3
   cols: 3
   dt: f
   data: [ 9.96944547e-01, -7.77079538e-02, -7.93914776e-03,
       7.77431056e-02, 9.96964514e-01, 4.21867985e-03, 7.58722378e-03,
       -4.82300390e-03, 9.99959588e-01 ]
K2: !!opencv-matrix
   rows: 3
   cols: 3
   dt: d
   data: [ 3.6687495098581172e+02, 0., 3.7621769200552956e+02, 0.,
       3.6726361788508825e+02, 2.2399932895774910e+02, 0., 0., 1. ]
D2: !!opencv-matrix
   rows: 5
   cols: 1
   dt: d
   data: [ -2.2201337830972428e-02, -1.1445843221826492e-03,
       2.9199201696882579e-04, -7.1705872414221615e-04,
       5.1284674356775366e-04 ]
P2: !!opencv-matrix
   rows: 3
   cols: 4
   dt: f
   data: [ 3.66905975e+02, 0., 3.83235504e+02, -6.79649375e+04, 0.,
       3.66905975e+02, 2.32333893e+02, 0., 0., 0., 1., 0. ]
R2: !!opencv-matrix
   rows: 3
   cols: 3
   dt: f
   data: [ 9.96163547e-01, -8.74178857e-02, -4.03350405e-03,
       8.73987228e-02, 9.96162295e-01, -4.70524514e-03, 4.42934735e-03,
       4.33467049e-03, 9.99980807e-01 ]
