%YAML:1.0
---
Q: !!opencv-matrix
   rows: 4
   cols: 4
   dt: f
   data: [ 1., 0., 0., -3.82657043e+02, 0., 1., 0., -2.32002670e+02, 0.,
       0., 0., 3.57408905e+02, 0., 0., 5.35127101e-03, 0. ]
R: !!opencv-matrix
   rows: 3
   cols: 3
   dt: d
   data: [ 9.9956894240237726e-01, 9.7489965152704298e-03,
       -3.1303110540571197e-03, -9.6795907002412401e-03,
       9.9950848139606185e-01, 9.2302800511015973e-03,
       3.2416950487491182e-03, -9.2001628433742849e-03,
       9.9955134650129829e-01 ]
T: !!opencv-matrix
   rows: 3
   cols: 1
   dt: d
   data: [ -1.8681006706332181e+02, 6.0138966084907626e+00,
       7.5802139385531597e-01 ]
E: !!opencv-matrix
   rows: 0
   cols: 0
   dt: u
   data: []
F: !!opencv-matrix
   rows: 0
   cols: 0
   dt: u
   data: []
K1: !!opencv-matrix
   rows: 3
   cols: 3
   dt: d
   data: [ 3.6627756984521932e+02, 0., 3.8060969928433269e+02, 0.,
       3.6653175179255015e+02, 2.3878059668569790e+02, 0., 0., 1. ]
D1: !!opencv-matrix
   rows: 5
   cols: 1
   dt: d
   data: [ -2.1859934914563901e-02, -9.9468572971318997e-04,
       1.6448003429794193e-03, -3.1164985765511365e-04,
       3.5195408316194161e-04 ]
P1: !!opencv-matrix
   rows: 3
   cols: 4
   dt: f
   data: [ 3.57408905e+02, 0., 3.82657043e+02, 0., 0., 3.57408905e+02,
       2.32002670e+02, 0., 0., 0., 1., 0. ]
R1: !!opencv-matrix
   rows: 3
   cols: 3
   dt: f
   data: [ 9.99720871e-01, -2.24083178e-02, -7.48707308e-03,
       2.24423259e-02, 9.99738038e-01, 4.48962534e-03, 7.38450699e-03,
       -4.65639960e-03, 9.99961913e-01 ]
K2: !!opencv-matrix
   rows: 3
   cols: 3
   dt: d
   data: [ 3.6687495098581172e+02, 0., 3.7621769200552956e+02, 0.,
       3.6726361788508825e+02, 2.2399932895774910e+02, 0., 0., 1. ]
D2: !!opencv-matrix
   rows: 5
   cols: 1
   dt: d
   data: [ -2.2201337830972428e-02, -1.1445843221826492e-03,
       2.9199201696882579e-04, -7.1705872414221615e-04,
       5.1284674356775366e-04 ]
P2: !!opencv-matrix
   rows: 3
   cols: 4
   dt: f
   data: [ 3.57408905e+02, 0., 3.82657043e+02, -6.67895313e+04, 0.,
       3.57408905e+02, 2.32002670e+02, 0., 0., 0., 1., 0. ]
R2: !!opencv-matrix
   rows: 3
   cols: 3
   dt: f
   data: [ 9.99473989e-01, -3.21756415e-02, -4.05558059e-03,
       3.21567543e-02, 9.99472082e-01, -4.63915756e-03, 4.20270767e-03,
       4.50630300e-03, 9.99980986e-01 ]
