%YAML:1.0
---
Q: !!opencv-matrix
   rows: 4
   cols: 4
   dt: f
   data: [ 1., 0., 0., -3.82659912e+02, 0., 1., 0., -2.32002716e+02, 0.,
       0., 0., 3.57407837e+02, 0., 0., 5.34919929e-03, 0. ]
R: !!opencv-matrix
   rows: 3
   cols: 3
   dt: d
   data: [ 9.9956501241225182e-01, 9.7496660454681593e-03,
       -3.1329780793780166e-03, -9.6795748555833089e-03,
       9.9950354166351185e-01, 9.2303209971544894e-03,
       3.2416751192890568e-03, -9.2001205053747499e-03,
       9.9954644049509711e-01 ]
T: !!opencv-matrix
   rows: 3
   cols: 1
   dt: d
   data: [ -1.8685745251796425e+02, 6.0154220806463732e+00,
       7.5821383805652209e-01 ]
E: !!opencv-matrix
   rows: 0
   cols: 0
   dt: u
   data: []
F: !!opencv-matrix
   rows: 0
   cols: 0
   dt: u
   data: []
K1: !!opencv-matrix
   rows: 3
   cols: 3
   dt: d
   data: [ 3.6627756984521932e+02, 0., 3.8060969928433269e+02, 0.,
       3.6653175179255015e+02, 2.3878059668569790e+02, 0., 0., 1. ]
D1: !!opencv-matrix
   rows: 5
   cols: 1
   dt: d
   data: [ -2.1859934914563901e-02, -9.9468572971318997e-04,
       1.6448003429794193e-03, -3.1164985765511365e-04,
       3.5195408316194161e-04 ]
P1: !!opencv-matrix
   rows: 3
   cols: 4
   dt: f
   data: [ 3.57407837e+02, 0., 3.82659912e+02, 0., 0., 3.57407837e+02,
       2.32002716e+02, 0., 0., 0., 1., 0. ]
R1: !!opencv-matrix
   rows: 3
   cols: 3
   dt: f
   data: [ 9.99720812e-01, -2.24073641e-02, -7.49444962e-03,
       2.24414077e-02, 9.99738097e-01, 4.48958948e-03, 7.39188679e-03,
       -4.65652207e-03, 9.99961853e-01 ]
K2: !!opencv-matrix
   rows: 3
   cols: 3
   dt: d
   data: [ 3.6687495098581172e+02, 0., 3.7621769200552956e+02, 0.,
       3.6726361788508825e+02, 2.2399932895774910e+02, 0., 0., 1. ]
D2: !!opencv-matrix
   rows: 5
   cols: 1
   dt: d
   data: [ -2.2201337830972428e-02, -1.1445843221826492e-03,
       2.9199201696882579e-04, -7.1705872414221615e-04,
       5.1284674356775366e-04 ]
P2: !!opencv-matrix
   rows: 3
   cols: 4
   dt: f
   data: [ 3.57407837e+02, 0., 3.82659912e+02, -6.68152031e+04, 0.,
       3.57407837e+02, 2.32002716e+02, 0., 0., 0., 1., 0. ]
R2: !!opencv-matrix
   rows: 3
   cols: 3
   dt: f
   data: [ 9.99473989e-01, -3.21756378e-02, -4.05557826e-03,
       3.21567543e-02, 9.99472082e-01, -4.63920087e-03, 4.20270627e-03,
       4.50634630e-03, 9.99980986e-01 ]
