%YAML:1.0
---
Q: !!opencv-matrix
   rows: 4
   cols: 4
   dt: f
   data: [ 1., 0., 0., -3.82956024e+02, 0., 1., 0., -2.32164307e+02, 0.,
       0., 0., 3.61193604e+02, 0., 0., 5.36935404e-03, 0. ]
R: !!opencv-matrix
   rows: 3
   cols: 3
   dt: d
   data: [ 9.9962996287856420e-01, 9.7739339858940542e-03,
       -3.1278948020855620e-03, -9.6802028849548635e-03,
       9.9957804808597162e-01, 9.2301689125220895e-03,
       3.2417952342367693e-03, -9.2009723834062078e-03,
       9.9962380060605782e-01 ]
T: !!opencv-matrix
   rows: 3
   cols: 1
   dt: d
   data: [ -1.8592865755306335e+02, 1.1150885024655713e+01,
       7.5331867470448155e-01 ]
E: !!opencv-matrix
   rows: 0
   cols: 0
   dt: u
   data: []
F: !!opencv-matrix
   rows: 0
   cols: 0
   dt: u
   data: []
K1: !!opencv-matrix
   rows: 3
   cols: 3
   dt: d
   data: [ 3.6627756984521932e+02, 0., 3.8060969928433269e+02, 0.,
       3.6653175179255015e+02, 2.3878059668569790e+02, 0., 0., 1. ]
D1: !!opencv-matrix
   rows: 5
   cols: 1
   dt: d
   data: [ -2.1859934914563901e-02, -9.9468572971318997e-04,
       1.6448003429794193e-03, -3.1164985765511365e-04,
       3.5195408316194161e-04 ]
P1: !!opencv-matrix
   rows: 3
   cols: 4
   dt: f
   data: [ 3.61193604e+02, 0., 3.82956024e+02, 0., 0., 3.61193604e+02,
       2.32164307e+02, 0., 0., 0., 1., 0. ]
R1: !!opencv-matrix
   rows: 3
   cols: 3
   dt: f
   data: [ 9.98714447e-01, -5.00959195e-02, -7.73298740e-03,
       5.01305945e-02, 9.98733163e-01, 4.35706787e-03, 7.50491954e-03,
       -4.73912619e-03, 9.99960601e-01 ]
K2: !!opencv-matrix
   rows: 3
   cols: 3
   dt: d
   data: [ 3.6687495098581172e+02, 0., 3.7621769200552956e+02, 0.,
       3.6726361788508825e+02, 2.2399932895774910e+02, 0., 0., 1. ]
D2: !!opencv-matrix
   rows: 5
   cols: 1
   dt: d
   data: [ -2.2201337830972428e-02, -1.1445843221826492e-03,
       2.9199201696882579e-04, -7.1705872414221615e-04,
       5.1284674356775366e-04 ]
P2: !!opencv-matrix
   rows: 3
   cols: 4
   dt: f
   data: [ 3.61193604e+02, 0., 3.82956024e+02, -6.72694688e+04, 0.,
       3.61193604e+02, 2.32164307e+02, 0., 0., 0., 1., 0. ]
R2: !!opencv-matrix
   rows: 3
   cols: 3
   dt: f
   data: [ 9.98198211e-01, -5.98659404e-02, -4.04435443e-03,
       5.98469116e-02, 9.98196602e-01, -4.67274012e-03, 4.31679888e-03,
       4.42227907e-03, 9.99980927e-01 ]
