%YAML:1.0
---
Q: !!opencv-matrix
   rows: 4
   cols: 4
   dt: f
   data: [ 1., 0., 0., -3.83249786e+02, 0., 1., 0., -2.32334427e+02, 0.,
       0., 0., 3.66909393e+02, 0., 0., 5.40204765e-03, 0. ]
R: !!opencv-matrix
   rows: 3
   cols: 3
   dt: d
   data: [ 9.9973538677233253e-01, 9.7980225894764260e-03,
       -3.1312903569000383e-03, -9.6808883684319433e-03,
       9.9968800193315799e-01, 9.2308319030619829e-03,
       3.2423974518371560e-03, -9.2023364832394764e-03,
       9.9973775613401417e-01 ]
T: !!opencv-matrix
   rows: 3
   cols: 1
   dt: d
   data: [ -1.8448052660685738e+02, 1.6189006275685117e+01,
       7.4696097928153093e-01 ]
E: !!opencv-matrix
   rows: 0
   cols: 0
   dt: u
   data: []
F: !!opencv-matrix
   rows: 0
   cols: 0
   dt: u
   data: []
K1: !!opencv-matrix
   rows: 3
   cols: 3
   dt: d
   data: [ 3.6627756984521932e+02, 0., 3.8060969928433269e+02, 0.,
       3.6653175179255015e+02, 2.3878059668569790e+02, 0., 0., 1. ]
D1: !!opencv-matrix
   rows: 5
   cols: 1
   dt: d
   data: [ -2.1859934914563901e-02, -9.9468572971318997e-04,
       1.6448003429794193e-03, -3.1164985765511365e-04,
       3.5195408316194161e-04 ]
P1: !!opencv-matrix
   rows: 3
   cols: 4
   dt: f
   data: [ 3.66909393e+02, 0., 3.83249786e+02, 0., 0., 3.66909393e+02,
       2.32334427e+02, 0., 0., 0., 1., 0. ]
R1: !!opencv-matrix
   rows: 3
   cols: 3
   dt: f
   data: [ 9.96947646e-01, -7.76643977e-02, -7.97563046e-03,
       7.76997209e-02, 9.96967912e-01, 4.21822956e-03, 7.62384105e-03,
       -4.82505839e-03, 9.99959290e-01 ]
K2: !!opencv-matrix
   rows: 3
   cols: 3
   dt: d
   data: [ 3.6687495098581172e+02, 0., 3.7621769200552956e+02, 0.,
       3.6726361788508825e+02, 2.2399932895774910e+02, 0., 0., 1. ]
D2: !!opencv-matrix
   rows: 5
   cols: 1
   dt: d
   data: [ -2.2201337830972428e-02, -1.1445843221826492e-03,
       2.9199201696882579e-04, -7.1705872414221615e-04,
       5.1284674356775366e-04 ]
P2: !!opencv-matrix
   rows: 3
   cols: 4
   dt: f
   data: [ 3.66909393e+02, 0., 3.83249786e+02, -6.79204297e+04, 0.,
       3.66909393e+02, 2.32334427e+02, 0., 0., 0., 1., 0. ]
R2: !!opencv-matrix
   rows: 3
   cols: 3
   dt: f
   data: [ 9.96163547e-01, -8.74178857e-02, -4.03345423e-03,
       8.73987153e-02, 9.96162295e-01, -4.70604282e-03, 4.42936737e-03,
       4.33546957e-03, 9.99980807e-01 ]
