%YAML:1.0
---
Q: !!opencv-matrix
   rows: 4
   cols: 4
   dt: f
   data: [ 1., 0., 0., -3.82649933e+02, 0., 1., 0., -2.32002380e+02, 0.,
       0., 0., 3.57422028e+02, 0., 0., 5.34970220e-03, 0. ]
R: !!opencv-matrix
   rows: 3
   cols: 3
   dt: d
   data: [ 9.9963357985093881e-01, 9.7831874633374123e-03,
       -3.0949326498946692e-03, -9.6821556108427510e-03,
       9.9948587188030202e-01, 9.2289443006616876e-03,
       3.2412750987423447e-03, -9.2001019665527706e-03,
       9.9952969810245251e-01 ]
T: !!opencv-matrix
   rows: 3
   cols: 1
   dt: d
   data: [ -1.8681969186860681e+02, 6.0142083090390797e+00,
       7.5806693731290253e-01 ]
E: !!opencv-matrix
   rows: 0
   cols: 0
   dt: u
   data: []
F: !!opencv-matrix
   rows: 0
   cols: 0
   dt: u
   data: []
K1: !!opencv-matrix
   rows: 3
   cols: 3
   dt: d
   data: [ 3.6627756984521932e+02, 0., 3.8060969928433269e+02, 0.,
       3.6653175179255015e+02, 2.3878059668569790e+02, 0., 0., 1. ]
D1: !!opencv-matrix
   rows: 5
   cols: 1
   dt: d
   data: [ -2.1859934914563901e-02, -9.9468572971318997e-04,
       1.6448003429794193e-03, -3.1164985765511365e-04,
       3.5195408316194161e-04 ]
P1: !!opencv-matrix
   rows: 3
   cols: 4
   dt: f
   data: [ 3.57422028e+02, 0., 3.82649933e+02, 0., 0., 3.57422028e+02,
       2.32002380e+02, 0., 0., 0., 1., 0. ]
R1: !!opencv-matrix
   rows: 3
   cols: 3
   dt: f
   data: [ 9.99721885e-01, -2.23676730e-02, -7.46869110e-03,
       2.24015974e-02, 9.99738991e-01, 4.48995456e-03, 7.36631127e-03,
       -4.65601683e-03, 9.99962032e-01 ]
K2: !!opencv-matrix
   rows: 3
   cols: 3
   dt: d
   data: [ 3.6687495098581172e+02, 0., 3.7621769200552956e+02, 0.,
       3.6726361788508825e+02, 2.2399932895774910e+02, 0., 0., 1. ]
D2: !!opencv-matrix
   rows: 5
   cols: 1
   dt: d
   data: [ -2.2201337830972428e-02, -1.1445843221826492e-03,
       2.9199201696882579e-04, -7.1705872414221615e-04,
       5.1284674356775366e-04 ]
P2: !!opencv-matrix
   rows: 3
   cols: 4
   dt: f
   data: [ 3.57422028e+02, 0., 3.82649933e+02, -6.68115703e+04, 0.,
       3.57422028e+02, 2.32002380e+02, 0., 0., 0., 1., 0. ]
R2: !!opencv-matrix
   rows: 3
   cols: 3
   dt: f
   data: [ 9.99473989e-01, -3.21756564e-02, -4.05563693e-03,
       3.21567692e-02, 9.99472082e-01, -4.63913055e-03, 4.20276262e-03,
       4.50627413e-03, 9.99980986e-01 ]
