%YAML:1.0
---
Q: !!opencv-matrix
   rows: 4
   cols: 4
   dt: f
   data: [ 1., 0., 0., -3.83250763e+02, 0., 1., 0., -2.32334518e+02, 0.,
       0., 0., 3.66906982e+02, 0., 0., 5.40355174e-03, 0. ]
R: !!opencv-matrix
   rows: 3
   cols: 3
   dt: d
   data: [ 9.9970450445195425e-01, 9.7813352348197300e-03,
       -3.1396678223942378e-03, -9.6766466427410502e-03,
       9.9970909981746392e-01, 9.2317430282763697e-03,
       3.2426664916487460e-03, -9.2024506220105533e-03,
       9.9975740809780578e-01 ]
T: !!opencv-matrix
   rows: 3
   cols: 1
   dt: d
   data: [ -1.8440480267949698e+02, 1.6182360137085826e+01,
       7.4665279283899699e-01 ]
E: !!opencv-matrix
   rows: 0
   cols: 0
   dt: u
   data: []
F: !!opencv-matrix
   rows: 0
   cols: 0
   dt: u
   data: []
K1: !!opencv-matrix
   rows: 3
   cols: 3
   dt: d
   data: [ 3.6627756984521932e+02, 0., 3.8060969928433269e+02, 0.,
       3.6653175179255015e+02, 2.3878059668569790e+02, 0., 0., 1. ]
D1: !!opencv-matrix
   rows: 5
   cols: 1
   dt: d
   data: [ -2.1859934914563901e-02, -9.9468572971318997e-04,
       1.6448003429794193e-03, -3.1164985765511365e-04,
       3.5195408316194161e-04 ]
P1: !!opencv-matrix
   rows: 3
   cols: 4
   dt: f
   data: [ 3.66906982e+02, 0., 3.83250763e+02, 0., 0., 3.66906982e+02,
       2.32334518e+02, 0., 0., 0., 1., 0. ]
R1: !!opencv-matrix
   rows: 3
   cols: 3
   dt: f
   data: [ 9.96946812e-01, -7.76746795e-02, -7.97815714e-03,
       7.77100101e-02, 9.96967077e-01, 4.21811966e-03, 7.62631930e-03,
       -4.82522370e-03, 9.99959290e-01 ]
K2: !!opencv-matrix
   rows: 3
   cols: 3
   dt: d
   data: [ 3.6687495098581172e+02, 0., 3.7621769200552956e+02, 0.,
       3.6726361788508825e+02, 2.2399932895774910e+02, 0., 0., 1. ]
D2: !!opencv-matrix
   rows: 5
   cols: 1
   dt: d
   data: [ -2.2201337830972428e-02, -1.1445843221826492e-03,
       2.9199201696882579e-04, -7.1705872414221615e-04,
       5.1284674356775366e-04 ]
P2: !!opencv-matrix
   rows: 3
   cols: 4
   dt: f
   data: [ 3.66906982e+02, 0., 3.83250763e+02, -6.79010781e+04, 0.,
       3.66906982e+02, 2.32334518e+02, 0., 0., 0., 1., 0. ]
R2: !!opencv-matrix
   rows: 3
   cols: 3
   dt: f
   data: [ 9.96163547e-01, -8.74178782e-02, -4.03344259e-03,
       8.73987153e-02, 9.96162295e-01, -4.70607122e-03, 4.42935806e-03,
       4.33549890e-03, 9.99980807e-01 ]
