%YAML:1.0
---
Q: !!opencv-matrix
   rows: 4
   cols: 4
   dt: f
   data: [ 1., 0., 0., -3.82650482e+02, 0., 1., 0., -2.32002289e+02, 0.,
       0., 0., 3.57427979e+02, 0., 0., 5.35095856e-03, 0. ]
R: !!opencv-matrix
   rows: 3
   cols: 3
   dt: d
   data: [ 9.9969918375002509e-01, 9.8247624107544642e-03,
       -3.0819797160941071e-03, -9.6847751882462099e-03,
       9.9946197811798454e-01, 9.2283210107094293e-03,
       3.2408436136050984e-03, -9.2000618155403321e-03,
       9.9950709501685886e-01 ]
T: !!opencv-matrix
   rows: 3
   cols: 1
   dt: d
   data: [ -1.8682797439540695e+02, 6.0144764591865361e+00,
       7.5810517273081213e-01 ]
E: !!opencv-matrix
   rows: 0
   cols: 0
   dt: u
   data: []
F: !!opencv-matrix
   rows: 0
   cols: 0
   dt: u
   data: []
K1: !!opencv-matrix
   rows: 3
   cols: 3
   dt: d
   data: [ 3.6627756984521932e+02, 0., 3.8060969928433269e+02, 0.,
       3.6653175179255015e+02, 2.3878059668569790e+02, 0., 0., 1. ]
D1: !!opencv-matrix
   rows: 5
   cols: 1
   dt: d
   data: [ -2.1859934914563901e-02, -9.9468572971318997e-04,
       1.6448003429794193e-03, -3.1164985765511365e-04,
       3.5195408316194161e-04 ]
P1: !!opencv-matrix
   rows: 3
   cols: 4
   dt: f
   data: [ 3.57427979e+02, 0., 3.82650482e+02, 0., 0., 3.57427979e+02,
       2.32002289e+02, 0., 0., 0., 1., 0. ]
R1: !!opencv-matrix
   rows: 3
   cols: 3
   dt: f
   data: [ 9.99722481e-01, -2.23422833e-02, -7.47005874e-03,
       2.23762151e-02, 9.99739528e-01, 4.49008867e-03, 7.36779440e-03,
       -4.65599401e-03, 9.99962032e-01 ]
K2: !!opencv-matrix
   rows: 3
   cols: 3
   dt: d
   data: [ 3.6687495098581172e+02, 0., 3.7621769200552956e+02, 0.,
       3.6726361788508825e+02, 2.2399932895774910e+02, 0., 0., 1. ]
D2: !!opencv-matrix
   rows: 5
   cols: 1
   dt: d
   data: [ -2.2201337830972428e-02, -1.1445843221826492e-03,
       2.9199201696882579e-04, -7.1705872414221615e-04,
       5.1284674356775366e-04 ]
P2: !!opencv-matrix
   rows: 3
   cols: 4
   dt: f
   data: [ 3.57427979e+02, 0., 3.82650482e+02, -66797., 0.,
       3.57427979e+02, 2.32002289e+02, 0., 0., 0., 1., 0. ]
R2: !!opencv-matrix
   rows: 3
   cols: 3
   dt: f
   data: [ 9.99473989e-01, -3.21756639e-02, -4.05565603e-03,
       3.21567766e-02, 9.99472082e-01, -4.63918550e-03, 4.20278357e-03,
       4.50632861e-03, 9.99980986e-01 ]
