%YAML:1.0
---
Q: !!opencv-matrix
   rows: 4
   cols: 4
   dt: f
   data: [ 1., 0., 0., -3.82955780e+02, 0., 1., 0., -2.32164291e+02, 0.,
       0., 0., 3.61193695e+02, 0., 0., 5.37119480e-03, 0. ]
R: !!opencv-matrix
   rows: 3
   cols: 3
   dt: d
   data: [ 9.9963616242658415e-01, 9.7739454680195615e-03,
       -3.1275938981769240e-03, -9.6802696100564255e-03,
       9.9958411716799422e-01, 9.2302057432796930e-03,
       3.2418143650871064e-03, -9.2010280233250086e-03,
       9.9962986580311752e-01 ]
T: !!opencv-matrix
   rows: 3
   cols: 1
   dt: d
   data: [ -1.8586619267110248e+02, 1.1147138757220882e+01,
       7.5306557813828123e-01 ]
E: !!opencv-matrix
   rows: 0
   cols: 0
   dt: u
   data: []
F: !!opencv-matrix
   rows: 0
   cols: 0
   dt: u
   data: []
K1: !!opencv-matrix
   rows: 3
   cols: 3
   dt: d
   data: [ 3.6627756984521932e+02, 0., 3.8060969928433269e+02, 0.,
       3.6653175179255015e+02, 2.3878059668569790e+02, 0., 0., 1. ]
D1: !!opencv-matrix
   rows: 5
   cols: 1
   dt: d
   data: [ -2.1859934914563901e-02, -9.9468572971318997e-04,
       1.6448003429794193e-03, -3.1164985765511365e-04,
       3.5195408316194161e-04 ]
P1: !!opencv-matrix
   rows: 3
   cols: 4
   dt: f
   data: [ 3.61193695e+02, 0., 3.82955780e+02, 0., 0., 3.61193695e+02,
       2.32164291e+02, 0., 0., 0., 1., 0. ]
R1: !!opencv-matrix
   rows: 3
   cols: 3
   dt: f
   data: [ 9.98714507e-01, -5.00959195e-02, -7.73231033e-03,
       5.01305908e-02, 9.98733163e-01, 4.35707672e-03, 7.50424294e-03,
       -4.73910058e-03, 9.99960601e-01 ]
K2: !!opencv-matrix
   rows: 3
   cols: 3
   dt: d
   data: [ 3.6687495098581172e+02, 0., 3.7621769200552956e+02, 0.,
       3.6726361788508825e+02, 2.2399932895774910e+02, 0., 0., 1. ]
D2: !!opencv-matrix
   rows: 5
   cols: 1
   dt: d
   data: [ -2.2201337830972428e-02, -1.1445843221826492e-03,
       2.9199201696882579e-04, -7.1705872414221615e-04,
       5.1284674356775366e-04 ]
P2: !!opencv-matrix
   rows: 3
   cols: 4
   dt: f
   data: [ 3.61193695e+02, 0., 3.82955780e+02, -6.72464375e+04, 0.,
       3.61193695e+02, 2.32164291e+02, 0., 0., 0., 1., 0. ]
R2: !!opencv-matrix
   rows: 3
   cols: 3
   dt: f
   data: [ 9.98198211e-01, -5.98659404e-02, -4.04435443e-03,
       5.98469116e-02, 9.98196602e-01, -4.67273174e-03, 4.31679841e-03,
       4.42227069e-03, 9.99980927e-01 ]
