%YAML:1.0
---
Q: !!opencv-matrix
   rows: 4
   cols: 4
   dt: f
   data: [ 1., 0., 0., -3.82959930e+02, 0., 1., 0., -2.32164520e+02, 0.,
       0., 0., 3.61187958e+02, 0., 0., 5.37430355e-03, 0. ]
R: !!opencv-matrix
   rows: 3
   cols: 3
   dt: d
   data: [ 9.9961090737475466e-01, 9.7582139043160734e-03,
       -3.1424376670403831e-03, -9.6777227745554594e-03,
       9.9960559476885702e-01, 9.2312818632200398e-03,
       3.2420671831697684e-03, -9.2011542000638782e-03,
       9.9965044950416759e-01 ]
T: !!opencv-matrix
   rows: 3
   cols: 1
   dt: d
   data: [ -1.8576761458791188e+02, 1.1141225591929761e+01,
       7.5266417056465051e-01 ]
E: !!opencv-matrix
   rows: 0
   cols: 0
   dt: u
   data: []
F: !!opencv-matrix
   rows: 0
   cols: 0
   dt: u
   data: []
K1: !!opencv-matrix
   rows: 3
   cols: 3
   dt: d
   data: [ 3.6627756984521932e+02, 0., 3.8060969928433269e+02, 0.,
       3.6653175179255015e+02, 2.3878059668569790e+02, 0., 0., 1. ]
D1: !!opencv-matrix
   rows: 5
   cols: 1
   dt: d
   data: [ -2.1859934914563901e-02, -9.9468572971318997e-04,
       1.6448003429794193e-03, -3.1164985765511365e-04,
       3.5195408316194161e-04 ]
P1: !!opencv-matrix
   rows: 3
   cols: 4
   dt: f
   data: [ 3.61187958e+02, 0., 3.82959930e+02, 0., 0., 3.61187958e+02,
       2.32164520e+02, 0., 0., 0., 1., 0. ]
R1: !!opencv-matrix
   rows: 3
   cols: 3
   dt: f
   data: [ 9.98713493e-01, -5.01142852e-02, -7.74300750e-03,
       5.01490049e-02, 9.98732269e-01, 4.35683737e-03, 7.51485163e-03,
       -4.73953597e-03, 9.99960542e-01 ]
K2: !!opencv-matrix
   rows: 3
   cols: 3
   dt: d
   data: [ 3.6687495098581172e+02, 0., 3.7621769200552956e+02, 0.,
       3.6726361788508825e+02, 2.2399932895774910e+02, 0., 0., 1. ]
D2: !!opencv-matrix
   rows: 5
   cols: 1
   dt: d
   data: [ -2.2201337830972428e-02, -1.1445843221826492e-03,
       2.9199201696882579e-04, -7.1705872414221615e-04,
       5.1284674356775366e-04 ]
P2: !!opencv-matrix
   rows: 3
   cols: 4
   dt: f
   data: [ 3.61187958e+02, 0., 3.82959930e+02, -6.72064688e+04, 0.,
       3.61187958e+02, 2.32164520e+02, 0., 0., 0., 1., 0. ]
R2: !!opencv-matrix
   rows: 3
   cols: 3
   dt: f
   data: [ 9.98198211e-01, -5.98659292e-02, -4.04433254e-03,
       5.98469004e-02, 9.98196602e-01, -4.67283046e-03, 4.31678258e-03,
       4.42237034e-03, 9.99980927e-01 ]
