%YAML:1.0
---
Q: !!opencv-matrix
   rows: 4
   cols: 4
   dt: f
   data: [ 1., 0., 0., -4.04136017e+02, 0., 1., 0., -2.31822678e+02, 0.,
       0., 0., 3.56544983e+02, 0., 0., 5.49510634e-03, 0. ]
R: !!opencv-matrix
   rows: 3
   cols: 3
   dt: d
   data: [ 1.0121637005624622e+00, 1.0829554440962921e-02,
       -4.1081910272518186e-03, -9.7239862832848370e-03,
       9.9749843786002856e-01, 9.2167466284870034e-03,
       2.7699301424882862e-03, -9.2176585241861061e-03,
       9.9757638845821750e-01 ]
T: !!opencv-matrix
   rows: 3
   cols: 1
   dt: d
   data: [ -1.8165757422433413e+02, 8.0119267344736067e-01,
       5.7809853812438208e+00 ]
E: !!opencv-matrix
   rows: 0
   cols: 0
   dt: u
   data: []
F: !!opencv-matrix
   rows: 0
   cols: 0
   dt: u
   data: []
K1: !!opencv-matrix
   rows: 3
   cols: 3
   dt: d
   data: [ 3.6627756984521932e+02, 0., 3.8060969928433269e+02, 0.,
       3.6653175179255015e+02, 2.3878059668569790e+02, 0., 0., 1. ]
D1: !!opencv-matrix
   rows: 5
   cols: 1
   dt: d
   data: [ -2.1859934914563901e-02, -9.9468572971318997e-04,
       1.6448003429794193e-03, -3.1164985765511365e-04,
       3.5195408316194161e-04 ]
P1: !!opencv-matrix
   rows: 3
   cols: 4
   dt: f
   data: [ 3.56544983e+02, 0., 4.04136017e+02, 0., 0., 3.56544983e+02,
       2.31822678e+02, 0., 0., 0., 1., 0. ]
R1: !!opencv-matrix
   rows: 3
   cols: 3
   dt: f
   data: [ 9.99364316e-01, 6.13393774e-03, -3.51188928e-02,
       -5.97465364e-03, 9.99971390e-01, 4.63872263e-03, 3.51463407e-02,
       -4.42595035e-03, 9.99372363e-01 ]
K2: !!opencv-matrix
   rows: 3
   cols: 3
   dt: d
   data: [ 3.6687495098581172e+02, 0., 3.7621769200552956e+02, 0.,
       3.6726361788508825e+02, 2.2399932895774910e+02, 0., 0., 1. ]
D2: !!opencv-matrix
   rows: 5
   cols: 1
   dt: d
   data: [ -2.2201337830972428e-02, -1.1445843221826492e-03,
       2.9199201696882579e-04, -7.1705872414221615e-04,
       5.1284674356775366e-04 ]
P2: !!opencv-matrix
   rows: 3
   cols: 4
   dt: f
   data: [ 3.56544983e+02, 0., 4.04136017e+02, -6.48840938e+04, 0.,
       3.56544983e+02, 2.31822678e+02, 0., 0., 0., 1., 0. ]
R2: !!opencv-matrix
   rows: 3
   cols: 3
   dt: f
   data: [ 9.99484301e-01, -4.40818071e-03, -3.18071246e-02,
       4.26393328e-03, 9.99980330e-01, -4.60147066e-03, 3.18267830e-02,
       4.46347427e-03, 9.99483407e-01 ]
