%YAML:1.0
---
Q: !!opencv-matrix
   rows: 4
   cols: 4
   dt: f
   data: [ 1., 0., 0., -4.48235504e+02, 0., 1., 0., -2.31720428e+02, 0.,
       0., 0., 3.55440582e+02, 0., 0., 5.90362027e-03, 0. ]
R: !!opencv-matrix
   rows: 3
   cols: 3
   dt: d
   data: [ 1.0030584379515641e+00, 9.7421531201190951e-03,
       -3.2953654232893760e-03, -9.7130384921551606e-03,
       1.0030454557832256e+00, 9.2642552736288651e-03,
       3.2556086211504697e-03, -9.2324141650402102e-03,
       1.0030990862061731e+00 ]
T: !!opencv-matrix
   rows: 3
   cols: 1
   dt: d
   data: [ -1.6876316000557881e+02, 7.4437074208786325e-01,
       1.4749078825242108e+01 ]
E: !!opencv-matrix
   rows: 0
   cols: 0
   dt: u
   data: []
F: !!opencv-matrix
   rows: 0
   cols: 0
   dt: u
   data: []
K1: !!opencv-matrix
   rows: 3
   cols: 3
   dt: d
   data: [ 3.6627756984521932e+02, 0., 3.8060969928433269e+02, 0.,
       3.6653175179255015e+02, 2.3878059668569790e+02, 0., 0., 1. ]
D1: !!opencv-matrix
   rows: 5
   cols: 1
   dt: d
   data: [ -2.1859934914563901e-02, -9.9468572971318997e-04,
       1.6448003429794193e-03, -3.1164985765511365e-04,
       3.5195408316194161e-04 ]
P1: !!opencv-matrix
   rows: 3
   cols: 4
   dt: f
   data: [ 3.55440582e+02, 0., 4.48235504e+02, 0., 0., 3.55440582e+02,
       2.31720428e+02, 0., 0., 0., 1., 0. ]
R1: !!opencv-matrix
   rows: 3
   cols: 3
   dt: f
   data: [ 9.95887220e-01, 6.05717162e-03, -9.03988630e-02,
       -5.65986848e-03, 9.99973178e-01, 4.65070456e-03, 9.04246122e-02,
       -4.11993172e-03, 9.95894790e-01 ]
K2: !!opencv-matrix
   rows: 3
   cols: 3
   dt: d
   data: [ 3.6687495098581172e+02, 0., 3.7621769200552956e+02, 0.,
       3.6726361788508825e+02, 2.2399932895774910e+02, 0., 0., 1. ]
D2: !!opencv-matrix
   rows: 5
   cols: 1
   dt: d
   data: [ -2.2201337830972428e-02, -1.1445843221826492e-03,
       2.9199201696882579e-04, -7.1705872414221615e-04,
       5.1284674356775366e-04 ]
P2: !!opencv-matrix
   rows: 3
   cols: 4
   dt: f
   data: [ 3.55440582e+02, 0., 4.48235504e+02, -6.02072227e+04, 0.,
       3.55440582e+02, 2.31720428e+02, 0., 0., 0., 1., 0. ]
R2: !!opencv-matrix
   rows: 3
   cols: 3
   dt: f
   data: [ 9.96193171e-01, -4.39392915e-03, -8.70622173e-02,
       4.01133392e-03, 9.99981523e-01, -4.56896843e-03, 8.70806873e-02,
       4.20233980e-03, 9.96192396e-01 ]
