%YAML:1.0
---
Q: !!opencv-matrix
   rows: 4
   cols: 4
   dt: f
   data: [ 1., 0., 0., -4.48177277e+02, 0., 1., 0., -2.31719727e+02, 0.,
       0., 0., 3.55464752e+02, 0., 0., 5.88159170e-03, 0. ]
R: !!opencv-matrix
   rows: 3
   cols: 3
   dt: d
   data: [ 1.0029594912850341e+00, 9.7616170964601682e-03,
       -3.1912645928033902e-03, -9.7121629892188942e-03,
       1.0029619572739465e+00, 9.2630279431898735e-03,
       3.2566925096298577e-03, -9.2334181685856578e-03,
       1.0030066090385261e+00 ]
T: !!opencv-matrix
   rows: 3
   cols: 1
   dt: d
   data: [ -1.6950308583688661e+02, 7.4763054731032896e-01,
       1.4813706187372784e+01 ]
E: !!opencv-matrix
   rows: 0
   cols: 0
   dt: u
   data: []
F: !!opencv-matrix
   rows: 0
   cols: 0
   dt: u
   data: []
K1: !!opencv-matrix
   rows: 3
   cols: 3
   dt: d
   data: [ 3.6627756984521932e+02, 0., 3.8060969928433269e+02, 0.,
       3.6653175179255015e+02, 2.3878059668569790e+02, 0., 0., 1. ]
D1: !!opencv-matrix
   rows: 5
   cols: 1
   dt: d
   data: [ -2.1859934914563901e-02, -9.9468572971318997e-04,
       1.6448003429794193e-03, -3.1164985765511365e-04,
       3.5195408316194161e-04 ]
P1: !!opencv-matrix
   rows: 3
   cols: 4
   dt: f
   data: [ 3.55464752e+02, 0., 4.48177277e+02, 0., 0., 3.55464752e+02,
       2.31719727e+02, 0., 0., 0., 1., 0. ]
R1: !!opencv-matrix
   rows: 3
   cols: 3
   dt: f
   data: [ 9.95899916e-01, 6.09292556e-03, -9.02564526e-02,
       -5.69615606e-03, 9.99972939e-01, 4.65295836e-03, 9.02823582e-02,
       -4.11976594e-03, 9.95907664e-01 ]
K2: !!opencv-matrix
   rows: 3
   cols: 3
   dt: d
   data: [ 3.6687495098581172e+02, 0., 3.7621769200552956e+02, 0.,
       3.6726361788508825e+02, 2.2399932895774910e+02, 0., 0., 1. ]
D2: !!opencv-matrix
   rows: 5
   cols: 1
   dt: d
   data: [ -2.2201337830972428e-02, -1.1445843221826492e-03,
       2.9199201696882579e-04, -7.1705872414221615e-04,
       5.1284674356775366e-04 ]
P2: !!opencv-matrix
   rows: 3
   cols: 4
   dt: f
   data: [ 3.55464752e+02, 0., 4.48177277e+02, -6.04368320e+04, 0.,
       3.55464752e+02, 2.31719727e+02, 0., 0., 0., 1., 0. ]
R2: !!opencv-matrix
   rows: 3
   cols: 3
   dt: f
   data: [ 9.96193171e-01, -4.39392915e-03, -8.70622098e-02,
       4.01124358e-03, 9.99981523e-01, -4.56999708e-03, 8.70806873e-02,
       4.20337217e-03, 9.96192396e-01 ]
