%YAML:1.0
---
Q: !!opencv-matrix
   rows: 4
   cols: 4
   dt: f
   data: [ 1., 0., 0., -4.48511475e+02, 0., 1., 0., -2.31711700e+02, 0.,
       0., 0., 3.55582397e+02, 0., 0., 5.89435501e-03, 0. ]
R: !!opencv-matrix
   rows: 3
   cols: 3
   dt: d
   data: [ 1.0008313341825910e+00, 9.9640833568418290e-03,
       -4.1921990788723346e-03, -9.7067682546676023e-03,
       1.0037181815766194e+00, 9.2744243752414801e-03,
       3.5113057695340725e-03, -9.2574383282712728e-03,
       1.0038509937225215e+00 ]
T: !!opencv-matrix
   rows: 3
   cols: 1
   dt: d
   data: [ -1.6835600908534417e+02, 7.4257101626160449e-01,
       1.4713457057655534e+01 ]
E: !!opencv-matrix
   rows: 0
   cols: 0
   dt: u
   data: []
F: !!opencv-matrix
   rows: 0
   cols: 0
   dt: u
   data: []
K1: !!opencv-matrix
   rows: 3
   cols: 3
   dt: d
   data: [ 3.6627756984521932e+02, 0., 3.8060969928433269e+02, 0.,
       3.6653175179255015e+02, 2.3878059668569790e+02, 0., 0., 1. ]
D1: !!opencv-matrix
   rows: 5
   cols: 1
   dt: d
   data: [ -2.1859934914563901e-02, -9.9468572971318997e-04,
       1.6448003429794193e-03, -3.1164985765511365e-04,
       3.5195408316194161e-04 ]
P1: !!opencv-matrix
   rows: 3
   cols: 4
   dt: f
   data: [ 3.55582397e+02, 0., 4.48511475e+02, 0., 0., 3.55582397e+02,
       2.31711700e+02, 0., 0., 0., 1., 0. ]
R1: !!opencv-matrix
   rows: 3
   cols: 3
   dt: f
   data: [ 9.95824039e-01, 6.34478638e-03, -9.10725147e-02,
       -5.94401825e-03, 9.99971449e-01, 4.67109960e-03, 9.10995528e-02,
       -4.11025668e-03, 9.95833337e-01 ]
K2: !!opencv-matrix
   rows: 3
   cols: 3
   dt: d
   data: [ 3.6687495098581172e+02, 0., 3.7621769200552956e+02, 0.,
       3.6726361788508825e+02, 2.2399932895774910e+02, 0., 0., 1. ]
D2: !!opencv-matrix
   rows: 5
   cols: 1
   dt: d
   data: [ -2.2201337830972428e-02, -1.1445843221826492e-03,
       2.9199201696882579e-04, -7.1705872414221615e-04,
       5.1284674356775366e-04 ]
P2: !!opencv-matrix
   rows: 3
   cols: 4
   dt: f
   data: [ 3.55582397e+02, 0., 4.48511475e+02, -6.03259219e+04, 0.,
       3.55582397e+02, 2.31711700e+02, 0., 0., 0., 1., 0. ]
R2: !!opencv-matrix
   rows: 3
   cols: 3
   dt: f
   data: [ 9.96193171e-01, -4.39392729e-03, -8.70622024e-02,
       4.01085801e-03, 9.99981523e-01, -4.57438827e-03, 8.70806873e-02,
       4.20778012e-03, 9.96192396e-01 ]
