%YAML:1.0
---
Q: !!opencv-matrix
   rows: 4
   cols: 4
   dt: f
   data: [ 1., 0., 0., -4.04077759e+02, 0., 1., 0., -2.31824280e+02, 0.,
       0., 0., 3.56480499e+02, 0., 0., 5.49409445e-03, 0. ]
R: !!opencv-matrix
   rows: 3
   cols: 3
   dt: d
   data: [ 1.0156606753310733e+00, 1.0875198553420095e-02,
       -4.0595429291571169e-03, -9.7334561941479891e-03,
       9.9636916575748213e-01, 9.2061206542570339e-03,
       2.6190503804639628e-03, -9.2090673734543400e-03,
       9.9644588301590087e-01 ]
T: !!opencv-matrix
   rows: 3
   cols: 1
   dt: d
   data: [ -1.8188625828250298e+02, 8.0220117903831856e-01,
       5.7882639240200033e+00 ]
E: !!opencv-matrix
   rows: 0
   cols: 0
   dt: u
   data: []
F: !!opencv-matrix
   rows: 0
   cols: 0
   dt: u
   data: []
K1: !!opencv-matrix
   rows: 3
   cols: 3
   dt: d
   data: [ 3.6627756984521932e+02, 0., 3.8060969928433269e+02, 0.,
       3.6653175179255015e+02, 2.3878059668569790e+02, 0., 0., 1. ]
D1: !!opencv-matrix
   rows: 5
   cols: 1
   dt: d
   data: [ -2.1859934914563901e-02, -9.9468572971318997e-04,
       1.6448003429794193e-03, -3.1164985765511365e-04,
       3.5195408316194161e-04 ]
P1: !!opencv-matrix
   rows: 3
   cols: 4
   dt: f
   data: [ 3.56480499e+02, 0., 4.04077759e+02, 0., 0., 3.56480499e+02,
       2.31824280e+02, 0., 0., 0., 1., 0. ]
R1: !!opencv-matrix
   rows: 3
   cols: 3
   dt: f
   data: [ 9.99370217e-01, 6.01736223e-03, -3.49713713e-02,
       -5.85877663e-03, 9.99972105e-01, 4.63543739e-03, 3.49982902e-02,
       -4.42762859e-03, 9.99377549e-01 ]
K2: !!opencv-matrix
   rows: 3
   cols: 3
   dt: d
   data: [ 3.6687495098581172e+02, 0., 3.7621769200552956e+02, 0.,
       3.6726361788508825e+02, 2.2399932895774910e+02, 0., 0., 1. ]
D2: !!opencv-matrix
   rows: 5
   cols: 1
   dt: d
   data: [ -2.2201337830972428e-02, -1.1445843221826492e-03,
       2.9199201696882579e-04, -7.1705872414221615e-04,
       5.1284674356775366e-04 ]
P2: !!opencv-matrix
   rows: 3
   cols: 4
   dt: f
   data: [ 3.56480499e+02, 0., 4.04077759e+02, -6.48843047e+04, 0.,
       3.56480499e+02, 2.31824280e+02, 0., 0., 0., 1., 0. ]
R2: !!opencv-matrix
   rows: 3
   cols: 3
   dt: f
   data: [ 9.99484301e-01, -4.40817699e-03, -3.18070836e-02,
       4.26395517e-03, 9.99980330e-01, -4.60066041e-03, 3.18267383e-02,
       4.46266402e-03, 9.99483466e-01 ]
