%YAML:1.0
---
Q: !!opencv-matrix
   rows: 4
   cols: 4
   dt: f
   data: [ 1., 0., 0., -4.26018982e+02, 0., 1., 0., -2.31785843e+02, 0.,
       0., 0., 3.55982208e+02, 0., 0., 5.72675141e-03, 0. ]
R: !!opencv-matrix
   rows: 3
   cols: 3
   dt: d
   data: [ 1.0021522420287254e+00, 9.7422499042859375e-03,
       -3.2305620175724753e-03, -9.7041649605613921e-03,
       1.0021218485186625e+00, 9.2554775338224964e-03,
       3.2505632167959334e-03, -9.2244527958052335e-03,
       1.0021682468043829e+00 ]
T: !!opencv-matrix
   rows: 3
   cols: 1
   dt: d
   data: [ -1.7451043964275405e+02, 7.6963840350096213e-01,
       1.0402816907588784e+01 ]
E: !!opencv-matrix
   rows: 0
   cols: 0
   dt: u
   data: []
F: !!opencv-matrix
   rows: 0
   cols: 0
   dt: u
   data: []
K1: !!opencv-matrix
   rows: 3
   cols: 3
   dt: d
   data: [ 3.6627756984521932e+02, 0., 3.8060969928433269e+02, 0.,
       3.6653175179255015e+02, 2.3878059668569790e+02, 0., 0., 1. ]
D1: !!opencv-matrix
   rows: 5
   cols: 1
   dt: d
   data: [ -2.1859934914563901e-02, -9.9468572971318997e-04,
       1.6448003429794193e-03, -3.1164985765511365e-04,
       3.5195408316194161e-04 ]
P1: !!opencv-matrix
   rows: 3
   cols: 4
   dt: f
   data: [ 3.55982208e+02, 0., 4.26018982e+02, 0., 0., 3.55982208e+02,
       2.31785843e+02, 0., 0., 0., 1., 0. ]
R1: !!opencv-matrix
   rows: 3
   cols: 3
   dt: f
   data: [ 9.98012006e-01, 5.84135205e-03, -6.27525970e-02,
       -5.56128938e-03, 9.99973774e-01, 4.63670306e-03, 6.27780408e-02,
       -4.27850010e-03, 9.98018324e-01 ]
K2: !!opencv-matrix
   rows: 3
   cols: 3
   dt: d
   data: [ 3.6687495098581172e+02, 0., 3.7621769200552956e+02, 0.,
       3.6726361788508825e+02, 2.2399932895774910e+02, 0., 0., 1. ]
D2: !!opencv-matrix
   rows: 5
   cols: 1
   dt: d
   data: [ -2.2201337830972428e-02, -1.1445843221826492e-03,
       2.9199201696882579e-04, -7.1705872414221615e-04,
       5.1284674356775366e-04 ]
P2: !!opencv-matrix
   rows: 3
   cols: 4
   dt: f
   data: [ 3.55982208e+02, 0., 4.26018982e+02, -6.21612813e+04, 0.,
       3.55982208e+02, 2.31785843e+02, 0., 0., 0., 1., 0. ]
R2: !!opencv-matrix
   rows: 3
   cols: 3
   dt: f
   data: [ 9.98218298e-01, -4.40242747e-03, -5.95053621e-02,
       4.13688226e-03, 9.99980927e-01, -4.58499929e-03, 5.95244095e-02,
       4.33066348e-03, 9.98217463e-01 ]
