%YAML:1.0
---
Q: !!opencv-matrix
   rows: 4
   cols: 4
   dt: f
   data: [ 1., 0., 0., -4.04096161e+02, 0., 1., 0., -2.31829041e+02, 0.,
       0., 0., 3.56244080e+02, 0., 0., 5.52106276e-03, 0. ]
R: !!opencv-matrix
   rows: 3
   cols: 3
   dt: d
   data: [ 1.0011785039283392e+00, 9.7432724112875430e-03,
       -3.1798546600114537e-03, -9.6946636854069491e-03,
       1.0011307051952230e+00, 9.2461022957671286e-03,
       3.2467213844574799e-03, -9.2153557154358526e-03,
       1.0011739586251447e+00 ]
T: !!opencv-matrix
   rows: 3
   cols: 1
   dt: d
   data: [ -1.8111735192788402e+02, 7.9880930519823556e-01,
       5.7637841554204430e+00 ]
E: !!opencv-matrix
   rows: 0
   cols: 0
   dt: u
   data: []
F: !!opencv-matrix
   rows: 0
   cols: 0
   dt: u
   data: []
K1: !!opencv-matrix
   rows: 3
   cols: 3
   dt: d
   data: [ 3.6627756984521932e+02, 0., 3.8060969928433269e+02, 0.,
       3.6653175179255015e+02, 2.3878059668569790e+02, 0., 0., 1. ]
D1: !!opencv-matrix
   rows: 5
   cols: 1
   dt: d
   data: [ -2.1859934914563901e-02, -9.9468572971318997e-04,
       1.6448003429794193e-03, -3.1164985765511365e-04,
       3.5195408316194161e-04 ]
P1: !!opencv-matrix
   rows: 3
   cols: 4
   dt: f
   data: [ 3.56244080e+02, 0., 4.04096161e+02, 0., 0., 3.56244080e+02,
       2.31829041e+02, 0., 0., 0., 1., 0. ]
R1: !!opencv-matrix
   rows: 3
   cols: 3
   dt: f
   data: [ 9.99370933e-01, 5.59947034e-03, -3.50190662e-02,
       -5.44080371e-03, 9.99974489e-01, 4.62453160e-03, 3.50440703e-02,
       -4.43109078e-03, 9.99375939e-01 ]
K2: !!opencv-matrix
   rows: 3
   cols: 3
   dt: d
   data: [ 3.6687495098581172e+02, 0., 3.7621769200552956e+02, 0.,
       3.6726361788508825e+02, 2.2399932895774910e+02, 0., 0., 1. ]
D2: !!opencv-matrix
   rows: 5
   cols: 1
   dt: d
   data: [ -2.2201337830972428e-02, -1.1445843221826492e-03,
       2.9199201696882579e-04, -7.1705872414221615e-04,
       5.1284674356775366e-04 ]
P2: !!opencv-matrix
   rows: 3
   cols: 4
   dt: f
   data: [ 3.56244080e+02, 0., 4.04096161e+02, -6.45245508e+04, 0.,
       3.56244080e+02, 2.31829041e+02, 0., 0., 0., 1., 0. ]
R2: !!opencv-matrix
   rows: 3
   cols: 3
   dt: f
   data: [ 9.99484301e-01, -4.40818071e-03, -3.18071023e-02,
       4.26407764e-03, 9.99980330e-01, -4.59693884e-03, 3.18267420e-02,
       4.45894059e-03, 9.99483466e-01 ]
