%YAML:1.0
---
Q: !!opencv-matrix
   rows: 4
   cols: 4
   dt: f
   data: [ 1., 0., 0., -4.25997833e+02, 0., 1., 0., -2.31785736e+02, 0.,
       0., 0., 3.55988770e+02, 0., 0., 5.70680853e-03, 0. ]
R: !!opencv-matrix
   rows: 3
   cols: 3
   dt: d
   data: [ 1.0020971970994224e+00, 9.7544315548624798e-03,
       -3.1774944477174316e-03, -9.7036862584018793e-03,
       1.0020769878043785e+00, 9.2548307633964853e-03,
       3.2510267114497023e-03, -9.2247923908867109e-03,
       1.0021202894021062e+00 ]
T: !!opencv-matrix
   rows: 3
   cols: 1
   dt: d
   data: [ -1.7491708088233815e+02, 7.7143003404127397e-01,
       1.0427039780489082e+01 ]
E: !!opencv-matrix
   rows: 0
   cols: 0
   dt: u
   data: []
F: !!opencv-matrix
   rows: 0
   cols: 0
   dt: u
   data: []
K1: !!opencv-matrix
   rows: 3
   cols: 3
   dt: d
   data: [ 3.6627756984521932e+02, 0., 3.8060969928433269e+02, 0.,
       3.6653175179255015e+02, 2.3878059668569790e+02, 0., 0., 1. ]
D1: !!opencv-matrix
   rows: 5
   cols: 1
   dt: d
   data: [ -2.1859934914563901e-02, -9.9468572971318997e-04,
       1.6448003429794193e-03, -3.1164985765511365e-04,
       3.5195408316194161e-04 ]
P1: !!opencv-matrix
   rows: 3
   cols: 4
   dt: f
   data: [ 3.55988770e+02, 0., 4.25997833e+02, 0., 0., 3.55988770e+02,
       2.31785736e+02, 0., 0., 0., 1., 0. ]
R1: !!opencv-matrix
   rows: 3
   cols: 3
   dt: f
   data: [ 9.98015285e-01, 5.85122220e-03, -6.26999363e-02,
       -5.57138026e-03, 9.99973714e-01, 4.63710306e-03, 6.27254173e-02,
       -4.27857414e-03, 9.98021662e-01 ]
K2: !!opencv-matrix
   rows: 3
   cols: 3
   dt: d
   data: [ 3.6687495098581172e+02, 0., 3.7621769200552956e+02, 0.,
       3.6726361788508825e+02, 2.2399932895774910e+02, 0., 0., 1. ]
D2: !!opencv-matrix
   rows: 5
   cols: 1
   dt: d
   data: [ -2.2201337830972428e-02, -1.1445843221826492e-03,
       2.9199201696882579e-04, -7.1705872414221615e-04,
       5.1284674356775366e-04 ]
P2: !!opencv-matrix
   rows: 3
   cols: 4
   dt: f
   data: [ 3.55988770e+02, 0., 4.25997833e+02, -6.23796563e+04, 0.,
       3.55988770e+02, 2.31785736e+02, 0., 0., 0., 1., 0. ]
R2: !!opencv-matrix
   rows: 3
   cols: 3
   dt: f
   data: [ 9.98218298e-01, -4.40240372e-03, -5.95051199e-02,
       4.13684547e-03, 9.99980927e-01, -4.58523165e-03, 5.95241711e-02,
       4.33089864e-03, 9.98217463e-01 ]
