%YAML:1.0
---
Q: !!opencv-matrix
   rows: 4
   cols: 4
   dt: f
   data: [ 1., 0., 0., -4.25999542e+02, 0., 1., 0., -2.31785751e+02, 0.,
       0., 0., 3.55988098e+02, 0., 0., 5.71254082e-03, 0. ]
R: !!opencv-matrix
   rows: 3
   cols: 3
   dt: d
   data: [ 1.0021097975743534e+00, 9.7540264379061322e-03,
       -3.1797053640606919e-03, -9.7037955839987203e-03,
       1.0020871871624193e+00, 9.2549345239479261e-03,
       3.2509166110018619e-03, -9.2248561886854475e-03,
       1.0021306165838548e+00 ]
T: !!opencv-matrix
   rows: 3
   cols: 1
   dt: d
   data: [ -1.7482949180944621e+02, 7.7104384134132498e-01,
       1.0421819479649658e+01 ]
E: !!opencv-matrix
   rows: 0
   cols: 0
   dt: u
   data: []
F: !!opencv-matrix
   rows: 0
   cols: 0
   dt: u
   data: []
K1: !!opencv-matrix
   rows: 3
   cols: 3
   dt: d
   data: [ 3.6627756984521932e+02, 0., 3.8060969928433269e+02, 0.,
       3.6653175179255015e+02, 2.3878059668569790e+02, 0., 0., 1. ]
D1: !!opencv-matrix
   rows: 5
   cols: 1
   dt: d
   data: [ -2.1859934914563901e-02, -9.9468572971318997e-04,
       1.6448003429794193e-03, -3.1164985765511365e-04,
       3.5195408316194161e-04 ]
P1: !!opencv-matrix
   rows: 3
   cols: 4
   dt: f
   data: [ 3.55988098e+02, 0., 4.25999542e+02, 0., 0., 3.55988098e+02,
       2.31785751e+02, 0., 0., 0., 1., 0. ]
R1: !!opencv-matrix
   rows: 3
   cols: 3
   dt: f
   data: [ 9.98014987e-01, 5.85016329e-03, -6.27042055e-02,
       -5.57030365e-03, 9.99973714e-01, 4.63705836e-03, 6.27296865e-02,
       -4.27857228e-03, 9.98021364e-01 ]
K2: !!opencv-matrix
   rows: 3
   cols: 3
   dt: d
   data: [ 3.6687495098581172e+02, 0., 3.7621769200552956e+02, 0.,
       3.6726361788508825e+02, 2.2399932895774910e+02, 0., 0., 1. ]
D2: !!opencv-matrix
   rows: 5
   cols: 1
   dt: d
   data: [ -2.2201337830972428e-02, -1.1445843221826492e-03,
       2.9199201696882579e-04, -7.1705872414221615e-04,
       5.1284674356775366e-04 ]
P2: !!opencv-matrix
   rows: 3
   cols: 4
   dt: f
   data: [ 3.55988098e+02, 0., 4.25999542e+02, -6.23169453e+04, 0.,
       3.55988098e+02, 2.31785751e+02, 0., 0., 0., 1., 0. ]
R2: !!opencv-matrix
   rows: 3
   cols: 3
   dt: f
   data: [ 9.98218298e-01, -4.40240558e-03, -5.95051385e-02,
       4.13684873e-03, 9.99980927e-01, -4.58520884e-03, 5.95241897e-02,
       4.33087535e-03, 9.98217463e-01 ]
