%YAML:1.0
---
Q: !!opencv-matrix
   rows: 4
   cols: 4
   dt: f
   data: [ 1., 0., 0., -4.26002472e+02, 0., 1., 0., -2.31785767e+02, 0.,
       0., 0., 3.55986969e+02, 0., 0., 5.71581349e-03, 0. ]
R: !!opencv-matrix
   rows: 3
   cols: 3
   dt: d
   data: [ 1.0021222168253878e+00, 9.7525445189336202e-03,
       -3.1864118312727517e-03, -9.7039026985351554e-03,
       1.0020971285243627e+00, 9.2550556522976724e-03,
       3.2508009233901472e-03, -9.2248535442906524e-03,
       1.0021409486944954e+00 ]
T: !!opencv-matrix
   rows: 3
   cols: 1
   dt: d
   data: [ -1.7474156449235966e+02, 7.7065629772311117e-01,
       1.0416580408096861e+01 ]
E: !!opencv-matrix
   rows: 0
   cols: 0
   dt: u
   data: []
F: !!opencv-matrix
   rows: 0
   cols: 0
   dt: u
   data: []
K1: !!opencv-matrix
   rows: 3
   cols: 3
   dt: d
   data: [ 3.6627756984521932e+02, 0., 3.8060969928433269e+02, 0.,
       3.6653175179255015e+02, 2.3878059668569790e+02, 0., 0., 1. ]
D1: !!opencv-matrix
   rows: 5
   cols: 1
   dt: d
   data: [ -2.1859934914563901e-02, -9.9468572971318997e-04,
       1.6448003429794193e-03, -3.1164985765511365e-04,
       3.5195408316194161e-04 ]
P1: !!opencv-matrix
   rows: 3
   cols: 4
   dt: f
   data: [ 3.55986969e+02, 0., 4.26002472e+02, 0., 0., 3.55986969e+02,
       2.31785767e+02, 0., 0., 0., 1., 0. ]
R1: !!opencv-matrix
   rows: 3
   cols: 3
   dt: f
   data: [ 9.98014569e-01, 5.84839145e-03, -6.27115220e-02,
       -5.56850154e-03, 9.99973774e-01, 4.63698385e-03, 6.27369955e-02,
       -4.27856855e-03, 9.98020947e-01 ]
K2: !!opencv-matrix
   rows: 3
   cols: 3
   dt: d
   data: [ 3.6687495098581172e+02, 0., 3.7621769200552956e+02, 0.,
       3.6726361788508825e+02, 2.2399932895774910e+02, 0., 0., 1. ]
D2: !!opencv-matrix
   rows: 5
   cols: 1
   dt: d
   data: [ -2.2201337830972428e-02, -1.1445843221826492e-03,
       2.9199201696882579e-04, -7.1705872414221615e-04,
       5.1284674356775366e-04 ]
P2: !!opencv-matrix
   rows: 3
   cols: 4
   dt: f
   data: [ 3.55986969e+02, 0., 4.26002472e+02, -6.22810703e+04, 0.,
       3.55986969e+02, 2.31785767e+02, 0., 0., 0., 1., 0. ]
R2: !!opencv-matrix
   rows: 3
   cols: 3
   dt: f
   data: [ 9.98218298e-01, -4.40240838e-03, -5.95051683e-02,
       4.13685385e-03, 9.99980927e-01, -4.58517019e-03, 5.95242195e-02,
       4.33083670e-03, 9.98217463e-01 ]
