%YAML:1.0
---
Q: !!opencv-matrix
   rows: 4
   cols: 4
   dt: f
   data: [ 1., 0., 0., -4.48186768e+02, 0., 1., 0., -2.31719833e+02, 0.,
       0., 0., 3.55460968e+02, 0., 0., 5.89556526e-03, 0. ]
R: !!opencv-matrix
   rows: 3
   cols: 3
   dt: d
   data: [ 1.0030124322699798e+00, 9.7574976894821662e-03,
       -3.2111053733021905e-03, -9.7126339478333951e-03,
       1.0030070356423006e+00, 9.2635307843765159e-03,
       3.2561504786086399e-03, -9.2334346502834716e-03,
       1.0030533888805158e+00 ]
T: !!opencv-matrix
   rows: 3
   cols: 1
   dt: d
   data: [ -1.6912676305583329e+02, 7.4597138715288669e-01,
       1.4780824496296660e+01 ]
E: !!opencv-matrix
   rows: 0
   cols: 0
   dt: u
   data: []
F: !!opencv-matrix
   rows: 0
   cols: 0
   dt: u
   data: []
K1: !!opencv-matrix
   rows: 3
   cols: 3
   dt: d
   data: [ 3.6627756984521932e+02, 0., 3.8060969928433269e+02, 0.,
       3.6653175179255015e+02, 2.3878059668569790e+02, 0., 0., 1. ]
D1: !!opencv-matrix
   rows: 5
   cols: 1
   dt: d
   data: [ -2.1859934914563901e-02, -9.9468572971318997e-04,
       1.6448003429794193e-03, -3.1164985765511365e-04,
       3.5195408316194161e-04 ]
P1: !!opencv-matrix
   rows: 3
   cols: 4
   dt: f
   data: [ 3.55460968e+02, 0., 4.48186768e+02, 0., 0., 3.55460968e+02,
       2.31719833e+02, 0., 0., 0., 1., 0. ]
R1: !!opencv-matrix
   rows: 3
   cols: 3
   dt: f
   data: [ 9.95897830e-01, 6.08736463e-03, -9.02795792e-02,
       -5.69050806e-03, 9.99972999e-01, 4.65260958e-03, 9.03054625e-02,
       -4.11978690e-03, 9.95905578e-01 ]
K2: !!opencv-matrix
   rows: 3
   cols: 3
   dt: d
   data: [ 3.6687495098581172e+02, 0., 3.7621769200552956e+02, 0.,
       3.6726361788508825e+02, 2.2399932895774910e+02, 0., 0., 1. ]
D2: !!opencv-matrix
   rows: 5
   cols: 1
   dt: d
   data: [ -2.2201337830972428e-02, -1.1445843221826492e-03,
       2.9199201696882579e-04, -7.1705872414221615e-04,
       5.1284674356775366e-04 ]
P2: !!opencv-matrix
   rows: 3
   cols: 4
   dt: f
   data: [ 3.55460968e+02, 0., 4.48186768e+02, -6.02929414e+04, 0.,
       3.55460968e+02, 2.31719833e+02, 0., 0., 0., 1., 0. ]
R2: !!opencv-matrix
   rows: 3
   cols: 3
   dt: f
   data: [ 9.96193171e-01, -4.39393800e-03, -8.70622993e-02,
       4.01126640e-03, 9.99981523e-01, -4.56983596e-03, 8.70807692e-02,
       4.20320919e-03, 9.96192396e-01 ]
