%YAML:1.0
---
Q: !!opencv-matrix
   rows: 4
   cols: 4
   dt: f
   data: [ 1., 0., 0., -4.48433258e+02, 0., 1., 0., -2.31715866e+02, 0.,
       0., 0., 3.55506226e+02, 0., 0., 5.91718219e-03, 0. ]
R: !!opencv-matrix
   rows: 3
   cols: 3
   dt: d
   data: [ 1.0030644681139227e+00, 9.6341920053844166e-03,
       -3.7430912008231615e-03, -9.7129690878334386e-03,
       1.0030275872392538e+00, 9.2660618873288900e-03,
       3.2534154528433539e-03, -9.2228252478138949e-03,
       1.0031198854203749e+00 ]
T: !!opencv-matrix
   rows: 3
   cols: 1
   dt: d
   data: [ -1.6856923398044296e+02, 7.4351166469625574e-01,
       1.4732093690899443e+01 ]
E: !!opencv-matrix
   rows: 0
   cols: 0
   dt: u
   data: []
F: !!opencv-matrix
   rows: 0
   cols: 0
   dt: u
   data: []
K1: !!opencv-matrix
   rows: 3
   cols: 3
   dt: d
   data: [ 3.6627756984521932e+02, 0., 3.8060969928433269e+02, 0.,
       3.6653175179255015e+02, 2.3878059668569790e+02, 0., 0., 1. ]
D1: !!opencv-matrix
   rows: 5
   cols: 1
   dt: d
   data: [ -2.1859934914563901e-02, -9.9468572971318997e-04,
       1.6448003429794193e-03, -3.1164985765511365e-04,
       3.5195408316194161e-04 ]
P1: !!opencv-matrix
   rows: 3
   cols: 4
   dt: f
   data: [ 3.55506226e+02, 0., 4.48433258e+02, 0., 0., 3.55506226e+02,
       2.31715866e+02, 0., 0., 0., 1., 0. ]
R1: !!opencv-matrix
   rows: 3
   cols: 3
   dt: f
   data: [ 9.95842397e-01, 6.19920669e-03, -9.08817723e-02,
       -5.79955243e-03, 9.99972343e-01, 4.66094026e-03, 9.09081548e-02,
       -4.11448814e-03, 9.95850801e-01 ]
K2: !!opencv-matrix
   rows: 3
   cols: 3
   dt: d
   data: [ 3.6687495098581172e+02, 0., 3.7621769200552956e+02, 0.,
       3.6726361788508825e+02, 2.2399932895774910e+02, 0., 0., 1. ]
D2: !!opencv-matrix
   rows: 5
   cols: 1
   dt: d
   data: [ -2.2201337830972428e-02, -1.1445843221826492e-03,
       2.9199201696882579e-04, -7.1705872414221615e-04,
       5.1284674356775366e-04 ]
P2: !!opencv-matrix
   rows: 3
   cols: 4
   dt: f
   data: [ 3.55506226e+02, 0., 4.48433258e+02, -6.00803242e+04, 0.,
       3.55506226e+02, 2.31715866e+02, 0., 0., 0., 1., 0. ]
R2: !!opencv-matrix
   rows: 3
   cols: 3
   dt: f
   data: [ 9.96193171e-01, -4.39392822e-03, -8.70622098e-02,
       4.01111925e-03, 9.99981523e-01, -4.57140943e-03, 8.70806798e-02,
       4.20479011e-03, 9.96192396e-01 ]
