%YAML:1.0
---
Q: !!opencv-matrix
   rows: 4
   cols: 4
   dt: f
   data: [ 1., 0., 0., -4.04092285e+02, 0., 1., 0., -2.31829041e+02, 0.,
       0., 0., 3.56245453e+02, 0., 0., 5.51843503e-03, 0. ]
R: !!opencv-matrix
   rows: 3
   cols: 3
   dt: d
   data: [ 1.0011700794741627e+00, 9.7455932641941634e-03,
       -3.1697468357425596e-03, -9.6945903491661781e-03,
       1.0011238214192417e+00, 9.2459944183903055e-03,
       3.2467481628968156e-03, -9.2153684116366551e-03,
       1.0011667649747398e+00 ]
T: !!opencv-matrix
   rows: 3
   cols: 1
   dt: d
   data: [ -1.8118192264548100e+02, 7.9909374304048542e-01,
       5.7658355723897419e+00 ]
E: !!opencv-matrix
   rows: 0
   cols: 0
   dt: u
   data: []
F: !!opencv-matrix
   rows: 0
   cols: 0
   dt: u
   data: []
K1: !!opencv-matrix
   rows: 3
   cols: 3
   dt: d
   data: [ 3.6627756984521932e+02, 0., 3.8060969928433269e+02, 0.,
       3.6653175179255015e+02, 2.3878059668569790e+02, 0., 0., 1. ]
D1: !!opencv-matrix
   rows: 5
   cols: 1
   dt: d
   data: [ -2.1859934914563901e-02, -9.9468572971318997e-04,
       1.6448003429794193e-03, -3.1164985765511365e-04,
       3.5195408316194161e-04 ]
P1: !!opencv-matrix
   rows: 3
   cols: 4
   dt: f
   data: [ 3.56245453e+02, 0., 4.04092285e+02, 0., 0., 3.56245453e+02,
       2.31829041e+02, 0., 0., 0., 1., 0. ]
R1: !!opencv-matrix
   rows: 3
   cols: 3
   dt: f
   data: [ 9.99371290e-01, 5.60176512e-03, -3.50092761e-02,
       -5.44314133e-03, 9.99974489e-01, 4.62457957e-03, 3.50342877e-02,
       -4.43111174e-03, 9.99376297e-01 ]
K2: !!opencv-matrix
   rows: 3
   cols: 3
   dt: d
   data: [ 3.6687495098581172e+02, 0., 3.7621769200552956e+02, 0.,
       3.6726361788508825e+02, 2.2399932895774910e+02, 0., 0., 1. ]
D2: !!opencv-matrix
   rows: 5
   cols: 1
   dt: d
   data: [ -2.2201337830972428e-02, -1.1445843221826492e-03,
       2.9199201696882579e-04, -7.1705872414221615e-04,
       5.1284674356775366e-04 ]
P2: !!opencv-matrix
   rows: 3
   cols: 4
   dt: f
   data: [ 3.56245453e+02, 0., 4.04092285e+02, -6.45555273e+04, 0.,
       3.56245453e+02, 2.31829041e+02, 0., 0., 0., 1., 0. ]
R2: !!opencv-matrix
   rows: 3
   cols: 3
   dt: f
   data: [ 9.99484301e-01, -4.40817699e-03, -3.18070687e-02,
       4.26407298e-03, 9.99980330e-01, -4.59697284e-03, 3.18267047e-02,
       4.45897458e-03, 9.99483466e-01 ]
