%YAML:1.0
---
Q: !!opencv-matrix
   rows: 4
   cols: 4
   dt: f
   data: [ 1., 0., 0., -4.04189545e+02, 0., 1., 0., -2.31823853e+02, 0.,
       0., 0., 3.56476288e+02, 0., 0., 5.50854485e-03, 0. ]
R: !!opencv-matrix
   rows: 3
   cols: 3
   dt: d
   data: [ 1.0052177448821240e+00, 1.0231394608289828e-02,
       -3.7826945774457909e-03, -9.7053562936288383e-03,
       9.9977780993114618e-01, 9.2363054798145442e-03,
       3.0708128792512573e-03, -9.2188748609491038e-03,
       9.9984253602124484e-01 ]
T: !!opencv-matrix
   rows: 3
   cols: 1
   dt: d
   data: [ -1.8125683702867886e+02, 7.9942479471167271e-01,
       5.7682262929899428e+00 ]
E: !!opencv-matrix
   rows: 0
   cols: 0
   dt: u
   data: []
F: !!opencv-matrix
   rows: 0
   cols: 0
   dt: u
   data: []
K1: !!opencv-matrix
   rows: 3
   cols: 3
   dt: d
   data: [ 3.6627756984521932e+02, 0., 3.8060969928433269e+02, 0.,
       3.6653175179255015e+02, 2.3878059668569790e+02, 0., 0., 1. ]
D1: !!opencv-matrix
   rows: 5
   cols: 1
   dt: d
   data: [ -2.1859934914563901e-02, -9.9468572971318997e-04,
       1.6448003429794193e-03, -3.1164985765511365e-04,
       3.5195408316194161e-04 ]
P1: !!opencv-matrix
   rows: 3
   cols: 4
   dt: f
   data: [ 3.56476288e+02, 0., 4.04189545e+02, 0., 0., 3.56476288e+02,
       2.31823853e+02, 0., 0., 0., 1., 0. ]
R1: !!opencv-matrix
   rows: 3
   cols: 3
   dt: f
   data: [ 9.99360263e-01, 6.01470517e-03, -3.52549925e-02,
       -5.85484831e-03, 9.99972105e-01, 4.63578571e-03, 3.52818929e-02,
       -4.42640716e-03, 9.99367595e-01 ]
K2: !!opencv-matrix
   rows: 3
   cols: 3
   dt: d
   data: [ 3.6687495098581172e+02, 0., 3.7621769200552956e+02, 0.,
       3.6726361788508825e+02, 2.2399932895774910e+02, 0., 0., 1. ]
D2: !!opencv-matrix
   rows: 5
   cols: 1
   dt: d
   data: [ -2.2201337830972428e-02, -1.1445843221826492e-03,
       2.9199201696882579e-04, -7.1705872414221615e-04,
       5.1284674356775366e-04 ]
P2: !!opencv-matrix
   rows: 3
   cols: 4
   dt: f
   data: [ 3.56476288e+02, 0., 4.04189545e+02, -6.47133281e+04, 0.,
       3.56476288e+02, 2.31823853e+02, 0., 0., 0., 1., 0. ]
R2: !!opencv-matrix
   rows: 3
   cols: 3
   dt: f
   data: [ 9.99484301e-01, -4.40818071e-03, -3.18071097e-02,
       4.26397286e-03, 9.99980330e-01, -4.60023526e-03, 3.18267643e-02,
       4.46223840e-03, 9.99483466e-01 ]
