%YAML:1.0
---
Q: !!opencv-matrix
   rows: 4
   cols: 4
   dt: f
   data: [ 1., 0., 0., -4.04089355e+02, 0., 1., 0., -2.31829025e+02, 0.,
       0., 0., 3.56246552e+02, 0., 0., 5.51477168e-03, 0. ]
R: !!opencv-matrix
   rows: 3
   cols: 3
   dt: d
   data: [ 1.0011549582664683e+00, 9.7470120081792240e-03,
       -3.1631031619066036e-03, -9.6944592483532935e-03,
       1.0011115913732649e+00, 9.2458524594482526e-03,
       3.2468005304120092e-03, -9.2153048269005781e-03,
       1.0011543316212523e+00 ]
T: !!opencv-matrix
   rows: 3
   cols: 1
   dt: d
   data: [ -1.8129229476164187e+02, 7.9958028275028914e-01,
       5.7693454886072608e+00 ]
E: !!opencv-matrix
   rows: 0
   cols: 0
   dt: u
   data: []
F: !!opencv-matrix
   rows: 0
   cols: 0
   dt: u
   data: []
K1: !!opencv-matrix
   rows: 3
   cols: 3
   dt: d
   data: [ 3.6627756984521932e+02, 0., 3.8060969928433269e+02, 0.,
       3.6653175179255015e+02, 2.3878059668569790e+02, 0., 0., 1. ]
D1: !!opencv-matrix
   rows: 5
   cols: 1
   dt: d
   data: [ -2.1859934914563901e-02, -9.9468572971318997e-04,
       1.6448003429794193e-03, -3.1164985765511365e-04,
       3.5195408316194161e-04 ]
P1: !!opencv-matrix
   rows: 3
   cols: 4
   dt: f
   data: [ 3.56246552e+02, 0., 4.04089355e+02, 0., 0., 3.56246552e+02,
       2.31829025e+02, 0., 0., 0., 1., 0. ]
R1: !!opencv-matrix
   rows: 3
   cols: 3
   dt: f
   data: [ 9.99371529e-01, 5.60353184e-03, -3.50018777e-02,
       -5.44494065e-03, 9.99974489e-01, 4.62461682e-03, 3.50269005e-02,
       -4.43112710e-03, 9.99376535e-01 ]
K2: !!opencv-matrix
   rows: 3
   cols: 3
   dt: d
   data: [ 3.6687495098581172e+02, 0., 3.7621769200552956e+02, 0.,
       3.6726361788508825e+02, 2.2399932895774910e+02, 0., 0., 1. ]
D2: !!opencv-matrix
   rows: 5
   cols: 1
   dt: d
   data: [ -2.2201337830972428e-02, -1.1445843221826492e-03,
       2.9199201696882579e-04, -7.1705872414221615e-04,
       5.1284674356775366e-04 ]
P2: !!opencv-matrix
   rows: 3
   cols: 4
   dt: f
   data: [ 3.56246552e+02, 0., 4.04089355e+02, -6.45986016e+04, 0.,
       3.56246552e+02, 2.31829025e+02, 0., 0., 0., 1., 0. ]
R2: !!opencv-matrix
   rows: 3
   cols: 3
   dt: f
   data: [ 9.99484301e-01, -4.40817419e-03, -3.18070389e-02,
       4.26406972e-03, 9.99980330e-01, -4.59699845e-03, 3.18266787e-02,
       4.45900066e-03, 9.99483466e-01 ]
