%YAML:1.0
---
Q: !!opencv-matrix
   rows: 4
   cols: 4
   dt: f
   data: [ 1., 0., 0., -4.28308990e+02, 0., 1., 0., -2.33849716e+02, 0.,
       0., 0., 3.72997986e+02, 0., 0., 5.45024592e-03, 0. ]
R: !!opencv-matrix
   rows: 3
   cols: 3
   dt: d
   data: [ 1.0064358874647672e+00, 1.7044027368160748e-02,
       -3.7050781927922844e-03, -9.8311416983515535e-03,
       1.0034438606527079e+00, -4.3318610232332230e-02,
       3.1591058958022919e-03, 4.2882203671533559e-02,
       1.0039598235374771e+00 ]
T: !!opencv-matrix
   rows: 3
   cols: 1
   dt: d
   data: [ -1.8461573065753240e+02, 1.1723707891888871e+01,
       1.1654804913697525e+01 ]
E: !!opencv-matrix
   rows: 0
   cols: 0
   dt: u
   data: []
F: !!opencv-matrix
   rows: 0
   cols: 0
   dt: u
   data: []
K1: !!opencv-matrix
   rows: 3
   cols: 3
   dt: d
   data: [ 3.6627756984521932e+02, 0., 3.8060969928433269e+02, 0.,
       3.6653175179255015e+02, 2.3878059668569790e+02, 0., 0., 1. ]
D1: !!opencv-matrix
   rows: 5
   cols: 1
   dt: d
   data: [ -2.1859934914563901e-02, -9.9468572971318997e-04,
       1.6448003429794193e-03, -3.1164985765511365e-04,
       3.5195408316194161e-04 ]
P1: !!opencv-matrix
   rows: 3
   cols: 4
   dt: f
   data: [ 3.72997986e+02, 0., 4.28308990e+02, 0., 0., 3.72997986e+02,
       2.33849716e+02, 0., 0., 0., 1., 0. ]
R1: !!opencv-matrix
   rows: 3
   cols: 3
   dt: f
   data: [ 9.96605277e-01, -5.18598706e-02, -6.39407411e-02,
       5.04604541e-02, 9.98453975e-01, -2.33111940e-02, 6.50507957e-02,
       2.00055819e-02, 9.97681379e-01 ]
K2: !!opencv-matrix
   rows: 3
   cols: 3
   dt: d
   data: [ 3.6687495098581172e+02, 0., 3.7621769200552956e+02, 0.,
       3.6726361788508825e+02, 2.2399932895774910e+02, 0., 0., 1. ]
D2: !!opencv-matrix
   rows: 5
   cols: 1
   dt: d
   data: [ -2.2201337830972428e-02, -1.1445843221826492e-03,
       2.9199201696882579e-04, -7.1705872414221615e-04,
       5.1284674356775366e-04 ]
P2: !!opencv-matrix
   rows: 3
   cols: 4
   dt: f
   data: [ 3.72997986e+02, 0., 4.28308990e+02, -6.84369063e+04, 0.,
       3.72997986e+02, 2.33849716e+02, 0., 0., 0., 1., 0. ]
R2: !!opencv-matrix
   rows: 3
   cols: 3
   dt: f
   data: [ 9.96014953e-01, -6.32502213e-02, -6.28782734e-02,
       6.45996854e-02, 9.97717500e-01, 1.96634065e-02, 6.14910387e-02,
       -2.36469638e-02, 9.97827470e-01 ]
