%YAML:1.0
---
Q: !!opencv-matrix
   rows: 4
   cols: 4
   dt: f
   data: [ 1., 0., 0., -4.13237213e+02, 0., 1., 0., -2.33368820e+02, 0.,
       0., 0., 3.76972717e+02, 0., 0., 2.19500754e-02, 0. ]
R: !!opencv-matrix
   rows: 3
   cols: 3
   dt: d
   data: [ 1.0368840432941591e+00, 6.6478024110388440e-03,
       1.8101474896916048e-02, -7.8964264016766293e-03,
       1.0337825681019743e+00, -4.3014725067616617e-02,
       -5.0969514993136129e-02, 4.4837316650734371e-02,
       1.0344154530164367e+00 ]
T: !!opencv-matrix
   rows: 3
   cols: 1
   dt: d
   data: [ -2.8817640285213390e+01, 1.8299974013391813e+00,
       1.8193731334085743e+00 ]
E: !!opencv-matrix
   rows: 0
   cols: 0
   dt: u
   data: []
F: !!opencv-matrix
   rows: 0
   cols: 0
   dt: u
   data: []
K1: !!opencv-matrix
   rows: 3
   cols: 3
   dt: d
   data: [ 3.6627756984521932e+02, 0., 3.8060969928433269e+02, 0.,
       3.6653175179255015e+02, 2.3878059668569790e+02, 0., 0., 1. ]
D1: !!opencv-matrix
   rows: 5
   cols: 1
   dt: d
   data: [ -2.1859934914563901e-02, -9.9468572971318997e-04,
       1.6448003429794193e-03, -3.1164985765511365e-04,
       3.5195408316194161e-04 ]
P1: !!opencv-matrix
   rows: 3
   cols: 4
   dt: f
   data: [ 3.76972717e+02, 0., 4.13237213e+02, 0., 0., 3.76972717e+02,
       2.33368820e+02, 0., 0., 0., 1., 0. ]
R1: !!opencv-matrix
   rows: 3
   cols: 3
   dt: f
   data: [ 9.97901797e-01, -5.93497194e-02, -2.58772839e-02,
       5.87977096e-02, 9.98036325e-01, -2.15955246e-02, 2.71081571e-02,
       2.00286862e-02, 9.99431849e-01 ]
K2: !!opencv-matrix
   rows: 3
   cols: 3
   dt: d
   data: [ 3.6687495098581172e+02, 0., 3.7621769200552956e+02, 0.,
       3.6726361788508825e+02, 2.2399932895774910e+02, 0., 0., 1. ]
D2: !!opencv-matrix
   rows: 5
   cols: 1
   dt: d
   data: [ -2.2201337830972428e-02, -1.1445843221826492e-03,
       2.9199201696882579e-04, -7.1705872414221615e-04,
       5.1284674356775366e-04 ]
P2: !!opencv-matrix
   rows: 3
   cols: 4
   dt: f
   data: [ 3.76972717e+02, 0., 4.13237213e+02, -1.71740957e+04, 0.,
       3.76972717e+02, 2.33368820e+02, 0., 0., 0., 1., 0. ]
R2: !!opencv-matrix
   rows: 3
   cols: 3
   dt: f
   data: [ 9.96014714e-01, -6.32496029e-02, -6.28824010e-02,
       6.45465702e-02, 9.97737408e-01, 1.88103337e-02, 6.15503751e-02,
       -2.27942131e-02, 9.97843683e-01 ]
