%YAML:1.0
---
Q: !!opencv-matrix
   rows: 4
   cols: 4
   dt: f
   data: [ 1., 0., 0., -4.28144135e+02, 0., 1., 0., -2.33932434e+02, 0.,
       0., 0., 3.72308563e+02, 0., 0., 5.52016916e-03, 0. ]
R: !!opencv-matrix
   rows: 3
   cols: 3
   dt: d
   data: [ 1.0010263348833000e+00, 9.5038217501332515e-03,
       -3.3671140414429021e-03, -9.6831900818515667e-03,
       1.0002898985375961e+00, -4.3182505043770934e-02,
       3.2591447141593309e-03, 4.3199520513311274e-02,
       1.0003089210645149e+00 ]
T: !!opencv-matrix
   rows: 3
   cols: 1
   dt: d
   data: [ -1.8045592817263355e+02, 1.1459346397304914e+01,
       1.1390935135723520e+01 ]
E: !!opencv-matrix
   rows: 0
   cols: 0
   dt: u
   data: []
F: !!opencv-matrix
   rows: 0
   cols: 0
   dt: u
   data: []
K1: !!opencv-matrix
   rows: 3
   cols: 3
   dt: d
   data: [ 3.6627756984521932e+02, 0., 3.8060969928433269e+02, 0.,
       3.6653175179255015e+02, 2.3878059668569790e+02, 0., 0., 1. ]
D1: !!opencv-matrix
   rows: 5
   cols: 1
   dt: d
   data: [ -2.1859934914563901e-02, -9.9468572971318997e-04,
       1.6448003429794193e-03, -3.1164985765511365e-04,
       3.5195408316194161e-04 ]
P1: !!opencv-matrix
   rows: 3
   cols: 4
   dt: f
   data: [ 3.72308563e+02, 0., 4.28144135e+02, 0., 0., 3.72308563e+02,
       2.33932434e+02, 0., 0., 0., 1., 0. ]
R1: !!opencv-matrix
   rows: 3
   cols: 3
   dt: f
   data: [ 9.96383131e-01, -5.64494506e-02, -6.35149255e-02,
       5.50530292e-02, 9.98206198e-01, -2.35265382e-02, 6.47290498e-02,
       1.99447554e-02, 9.97703552e-01 ]
K2: !!opencv-matrix
   rows: 3
   cols: 3
   dt: d
   data: [ 3.6687495098581172e+02, 0., 3.7621769200552956e+02, 0.,
       3.6726361788508825e+02, 2.2399932895774910e+02, 0., 0., 1. ]
D2: !!opencv-matrix
   rows: 5
   cols: 1
   dt: d
   data: [ -2.2201337830972428e-02, -1.1445843221826492e-03,
       2.9199201696882579e-04, -7.1705872414221615e-04,
       5.1284674356775366e-04 ]
P2: !!opencv-matrix
   rows: 3
   cols: 4
   dt: f
   data: [ 3.72308563e+02, 0., 4.28144135e+02, -6.74451406e+04, 0.,
       3.72308563e+02, 2.33932434e+02, 0., 0., 0., 1., 0. ]
R2: !!opencv-matrix
   rows: 3
   cols: 3
   dt: f
   data: [ 9.96015429e-01, -6.32491559e-02, -6.28715679e-02,
       6.46033138e-02, 9.97715712e-01, 1.97421219e-02, 6.14792779e-02,
       -2.37251688e-02, 9.97826338e-01 ]
