%YAML:1.0
---
Q: !!opencv-matrix
   rows: 4
   cols: 4
   dt: f
   data: [ 1., 0., 0., -4.07683502e+02, 0., 1., 0., -2.33439392e+02, 0.,
       0., 0., 3.70129395e+02, 0., 0., 5.53793181e-03, 0. ]
R: !!opencv-matrix
   rows: 3
   cols: 3
   dt: d
   data: [ 1.0007899207354338e+00, -4.2812294410920902e-02,
       4.8817768987891808e-02, 4.5012797027513159e-02,
       1.0009398409159551e+00, -4.3683283387666846e-02,
       -4.6858169246864569e-02, 4.5778900074361507e-02,
       1.0007654793072773e+00 ]
T: !!opencv-matrix
   rows: 3
   cols: 1
   dt: d
   data: [ -1.8002756261967565e+02, 1.1432213922913380e+01,
       1.1364105165754406e+01 ]
E: !!opencv-matrix
   rows: 0
   cols: 0
   dt: u
   data: []
F: !!opencv-matrix
   rows: 0
   cols: 0
   dt: u
   data: []
K1: !!opencv-matrix
   rows: 3
   cols: 3
   dt: d
   data: [ 3.6627756984521932e+02, 0., 3.8060969928433269e+02, 0.,
       3.6653175179255015e+02, 2.3878059668569790e+02, 0., 0., 1. ]
D1: !!opencv-matrix
   rows: 5
   cols: 1
   dt: d
   data: [ -2.1859934914563901e-02, -9.9468572971318997e-04,
       1.6448003429794193e-03, -3.1164985765511365e-04,
       3.5195408316194161e-04 ]
P1: !!opencv-matrix
   rows: 3
   cols: 4
   dt: f
   data: [ 3.70129395e+02, 0., 4.07683502e+02, 0., 0., 3.70129395e+02,
       2.33439392e+02, 0., 0., 0., 1., 0. ]
R1: !!opencv-matrix
   rows: 3
   cols: 3
   dt: f
   data: [ 9.94025230e-01, -1.08542927e-01, -1.15011027e-02,
       1.08279020e-01, 9.93887782e-01, -2.15120278e-02, 1.37657840e-02,
       2.01381706e-02, 9.99702454e-01 ]
K2: !!opencv-matrix
   rows: 3
   cols: 3
   dt: d
   data: [ 3.6687495098581172e+02, 0., 3.7621769200552956e+02, 0.,
       3.6726361788508825e+02, 2.2399932895774910e+02, 0., 0., 1. ]
D2: !!opencv-matrix
   rows: 5
   cols: 1
   dt: d
   data: [ -2.2201337830972428e-02, -1.1445843221826492e-03,
       2.9199201696882579e-04, -7.1705872414221615e-04,
       5.1284674356775366e-04 ]
P2: !!opencv-matrix
   rows: 3
   cols: 4
   dt: f
   data: [ 3.70129395e+02, 0., 4.07683502e+02, -6.68353125e+04, 0.,
       3.70129395e+02, 2.33439392e+02, 0., 0., 0., 1., 0. ]
R2: !!opencv-matrix
   rows: 3
   cols: 3
   dt: f
   data: [ 9.96015310e-01, -6.32495359e-02, -6.28727227e-02,
       6.45483509e-02, 9.97736633e-01, 1.88438669e-02, 6.15385510e-02,
       -2.28271112e-02, 9.97843623e-01 ]
