%YAML:1.0
---
Q: !!opencv-matrix
   rows: 4
   cols: 4
   dt: f
   data: [ 1., 0., 0., -3.82540894e+02, 0., 1., 0., -2.31851257e+02, 0.,
       0., 0., 3.58742096e+02, 0., 0., 5.55652380e-03, 0. ]
R: !!opencv-matrix
   rows: 3
   cols: 3
   dt: d
   data: [ 9.9994101940680291e-01, 9.7167296369994292e-03,
       -3.1516859850003226e-03, -9.6827787519548607e-03,
       9.9991359825104553e-01, 9.2347377945814213e-03,
       3.2432967520436822e-03, -9.2039242432544882e-03,
       9.9995561321866833e-01 ]
T: !!opencv-matrix
   rows: 3
   cols: 1
   dt: d
   data: [ -1.7996638530235271e+02, 8.4053615177745800e-01,
       7.7244410702700717e-01 ]
E: !!opencv-matrix
   rows: 0
   cols: 0
   dt: u
   data: []
F: !!opencv-matrix
   rows: 0
   cols: 0
   dt: u
   data: []
K1: !!opencv-matrix
   rows: 3
   cols: 3
   dt: d
   data: [ 3.6627756984521932e+02, 0., 3.8060969928433269e+02, 0.,
       3.6653175179255015e+02, 2.3878059668569790e+02, 0., 0., 1. ]
D1: !!opencv-matrix
   rows: 5
   cols: 1
   dt: d
   data: [ -2.1859934914563901e-02, -9.9468572971318997e-04,
       1.6448003429794193e-03, -3.1164985765511365e-04,
       3.5195408316194161e-04 ]
P1: !!opencv-matrix
   rows: 3
   cols: 4
   dt: f
   data: [ 3.58742096e+02, 0., 3.82540894e+02, 0., 0., 3.58742096e+02,
       2.31851257e+02, 0., 0., 0., 1., 0. ]
R1: !!opencv-matrix
   rows: 3
   cols: 3
   dt: f
   data: [ 9.99959052e-01, 5.08470647e-03, -7.48787262e-03,
       -5.05024102e-03, 9.99976575e-01, 4.61456785e-03, 7.51116127e-03,
       -4.57656337e-03, 9.99961317e-01 ]
K2: !!opencv-matrix
   rows: 3
   cols: 3
   dt: d
   data: [ 3.6687495098581172e+02, 0., 3.7621769200552956e+02, 0.,
       3.6726361788508825e+02, 2.2399932895774910e+02, 0., 0., 1. ]
D2: !!opencv-matrix
   rows: 5
   cols: 1
   dt: d
   data: [ -2.2201337830972428e-02, -1.1445843221826492e-03,
       2.9199201696882579e-04, -7.1705872414221615e-04,
       5.1284674356775366e-04 ]
P2: !!opencv-matrix
   rows: 3
   cols: 4
   dt: f
   data: [ 3.58742096e+02, 0., 3.82540894e+02, -6.45623281e+04, 0.,
       3.58742096e+02, 2.31851257e+02, 0., 0., 0., 1., 0. ]
R2: !!opencv-matrix
   rows: 3
   cols: 3
   dt: f
   data: [ 9.99979854e-01, -4.67042346e-03, -4.29207133e-03,
       4.65064961e-03, 9.99978602e-01, -4.60561644e-03, 4.31348942e-03,
       4.58556274e-03, 9.99980211e-01 ]
