%YAML:1.0
---
Q: !!opencv-matrix
   rows: 4
   cols: 4
   dt: f
   data: [ 1., 0., 0., -3.83181641e+02, 0., 1., 0., -2.32192795e+02, 0.,
       0., 0., 3.61822510e+02, 0., 0., 5.56683401e-03, 0. ]
R: !!opencv-matrix
   rows: 3
   cols: 3
   dt: d
   data: [ 9.9993865421620565e-01, 9.7200367413364241e-03,
       -3.1385232838419637e-03, -9.6810670566141611e-03,
       9.9993118105839462e-01, 9.2339072399291820e-03,
       3.2434380473899838e-03, -9.2038828434128361e-03,
       9.9997349644490130e-01 ]
T: !!opencv-matrix
   rows: 3
   cols: 1
   dt: d
   data: [ -1.7927671280979214e+02, 1.1384557692753990e+01,
       7.6942804959316280e-01 ]
E: !!opencv-matrix
   rows: 0
   cols: 0
   dt: u
   data: []
F: !!opencv-matrix
   rows: 0
   cols: 0
   dt: u
   data: []
K1: !!opencv-matrix
   rows: 3
   cols: 3
   dt: d
   data: [ 3.6627756984521932e+02, 0., 3.8060969928433269e+02, 0.,
       3.6653175179255015e+02, 2.3878059668569790e+02, 0., 0., 1. ]
D1: !!opencv-matrix
   rows: 5
   cols: 1
   dt: d
   data: [ -2.1859934914563901e-02, -9.9468572971318997e-04,
       1.6448003429794193e-03, -3.1164985765511365e-04,
       3.5195408316194161e-04 ]
P1: !!opencv-matrix
   rows: 3
   cols: 4
   dt: f
   data: [ 3.61822510e+02, 0., 3.83181641e+02, 0., 0., 3.61822510e+02,
       2.32192795e+02, 0., 0., 0., 1., 0. ]
R1: !!opencv-matrix
   rows: 3
   cols: 3
   dt: f
   data: [ 9.98528600e-01, -5.36335297e-02, -8.00526328e-03,
       5.36693782e-02, 9.98549342e-01, 4.33252566e-03, 7.76128145e-03,
       -4.75578848e-03, 9.99958575e-01 ]
K2: !!opencv-matrix
   rows: 3
   cols: 3
   dt: d
   data: [ 3.6687495098581172e+02, 0., 3.7621769200552956e+02, 0.,
       3.6726361788508825e+02, 2.2399932895774910e+02, 0., 0., 1. ]
D2: !!opencv-matrix
   rows: 5
   cols: 1
   dt: d
   data: [ -2.2201337830972428e-02, -1.1445843221826492e-03,
       2.9199201696882579e-04, -7.1705872414221615e-04,
       5.1284674356775366e-04 ]
P2: !!opencv-matrix
   rows: 3
   cols: 4
   dt: f
   data: [ 3.61822510e+02, 0., 3.83181641e+02, -6.49961016e+04, 0.,
       3.61822510e+02, 2.32192795e+02, 0., 0., 0., 1., 0. ]
R2: !!opencv-matrix
   rows: 3
   cols: 3
   dt: f
   data: [ 9.97980654e-01, -6.33744821e-02, -4.28318419e-03,
       6.33543432e-02, 9.97980118e-01, -4.68394253e-03, 4.57137497e-03,
       4.40312549e-03, 9.99979854e-01 ]
