%YAML:1.0
---
Q: !!opencv-matrix
   rows: 4
   cols: 4
   dt: f
   data: [ 1., 0., 0., -4.07647064e+02, 0., 1., 0., -2.33125946e+02, 0.,
       0., 0., 3.79606750e+02, 0., 0., 5.64655196e-03, 0. ]
R: !!opencv-matrix
   rows: 3
   cols: 3
   dt: d
   data: [ 1.0012312798943526e+00, 9.5800643967607554e-03,
       4.8613668098800043e-02, -7.4512156966495867e-03,
       1.0011356023958211e+00, -4.3638270735593808e-02,
       -4.9174006817097222e-02, 4.3231914106496190e-02,
       9.9998637619098751e-01 ]
T: !!opencv-matrix
   rows: 3
   cols: 1
   dt: d
   data: [ -1.7640188858992130e+02, 1.1201903417229341e+01,
       1.1135102365883540e+01 ]
E: !!opencv-matrix
   rows: 0
   cols: 0
   dt: u
   data: []
F: !!opencv-matrix
   rows: 0
   cols: 0
   dt: u
   data: []
K1: !!opencv-matrix
   rows: 3
   cols: 3
   dt: d
   data: [ 3.6627756984521932e+02, 0., 3.8060969928433269e+02, 0.,
       3.6653175179255015e+02, 2.3878059668569790e+02, 0., 0., 1. ]
D1: !!opencv-matrix
   rows: 5
   cols: 1
   dt: d
   data: [ -2.1859934914563901e-02, -9.9468572971318997e-04,
       1.6448003429794193e-03, -3.1164985765511365e-04,
       3.5195408316194161e-04 ]
P1: !!opencv-matrix
   rows: 3
   cols: 4
   dt: f
   data: [ 3.79606750e+02, 0., 4.07647064e+02, 0., 0., 3.79606750e+02,
       2.33125946e+02, 0., 0., 0., 1., 0. ]
R1: !!opencv-matrix
   rows: 3
   cols: 3
   dt: f
   data: [ 9.98341441e-01, -5.63799329e-02, -1.16464077e-02,
       5.61226048e-02, 9.98195529e-01, -2.13519949e-02, 1.28292171e-02,
       2.06629541e-02, 9.99704182e-01 ]
K2: !!opencv-matrix
   rows: 3
   cols: 3
   dt: d
   data: [ 3.6687495098581172e+02, 0., 3.7621769200552956e+02, 0.,
       3.6726361788508825e+02, 2.2399932895774910e+02, 0., 0., 1. ]
D2: !!opencv-matrix
   rows: 5
   cols: 1
   dt: d
   data: [ -2.2201337830972428e-02, -1.1445843221826492e-03,
       2.9199201696882579e-04, -7.1705872414221615e-04,
       5.1284674356775366e-04 ]
P2: !!opencv-matrix
   rows: 3
   cols: 4
   dt: f
   data: [ 3.79606750e+02, 0., 4.07647064e+02, -6.72280625e+04, 0.,
       3.79606750e+02, 2.33125946e+02, 0., 0., 0., 1., 0. ]
R2: !!opencv-matrix
   rows: 3
   cols: 3
   dt: f
   data: [ 9.96015370e-01, -6.32491410e-02, -6.28719628e-02,
       6.45577908e-02, 9.97732997e-01, 1.90036669e-02, 6.15274683e-02,
       -2.29868200e-02, 9.97840643e-01 ]
