%YAML:1.0
---
Q: !!opencv-matrix
   rows: 4
   cols: 4
   dt: f
   data: [ 1., 0., 0., -4.07682800e+02, 0., 1., 0., -2.33439362e+02, 0.,
       0., 0., 3.70129150e+02, 0., 0., 5.53257111e-03, 0. ]
R: !!opencv-matrix
   rows: 3
   cols: 3
   dt: d
   data: [ 1.0007766173986177e+00, -4.2819514971793801e-02,
       4.8819425439124355e-02, 4.5012959181218636e-02,
       1.0009340224342125e+00, -4.3683133303850354e-02,
       -4.6857432087585756e-02, 4.5779084370704846e-02,
       1.0007590628564560e+00 ]
T: !!opencv-matrix
   rows: 3
   cols: 1
   dt: d
   data: [ -1.8045360846324397e+02, 1.1459268710772808e+01,
       1.1390998890456842e+01 ]
E: !!opencv-matrix
   rows: 0
   cols: 0
   dt: u
   data: []
F: !!opencv-matrix
   rows: 0
   cols: 0
   dt: u
   data: []
K1: !!opencv-matrix
   rows: 3
   cols: 3
   dt: d
   data: [ 3.6627756984521932e+02, 0., 3.8060969928433269e+02, 0.,
       3.6653175179255015e+02, 2.3878059668569790e+02, 0., 0., 1. ]
D1: !!opencv-matrix
   rows: 5
   cols: 1
   dt: d
   data: [ -2.1859934914563901e-02, -9.9468572971318997e-04,
       1.6448003429794193e-03, -3.1164985765511365e-04,
       3.5195408316194161e-04 ]
P1: !!opencv-matrix
   rows: 3
   cols: 4
   dt: f
   data: [ 3.70129150e+02, 0., 4.07682800e+02, 0., 0., 3.70129150e+02,
       2.33439362e+02, 0., 0., 0., 1., 0. ]
R1: !!opencv-matrix
   rows: 3
   cols: 3
   dt: f
   data: [ 9.94024932e-01, -1.08545758e-01, -1.14992568e-02,
       1.08281888e-01, 9.93887424e-01, -2.15120036e-02, 1.37640042e-02,
       2.01383065e-02, 9.99702454e-01 ]
K2: !!opencv-matrix
   rows: 3
   cols: 3
   dt: d
   data: [ 3.6687495098581172e+02, 0., 3.7621769200552956e+02, 0.,
       3.6726361788508825e+02, 2.2399932895774910e+02, 0., 0., 1. ]
D2: !!opencv-matrix
   rows: 5
   cols: 1
   dt: d
   data: [ -2.2201337830972428e-02, -1.1445843221826492e-03,
       2.9199201696882579e-04, -7.1705872414221615e-04,
       5.1284674356775366e-04 ]
P2: !!opencv-matrix
   rows: 3
   cols: 4
   dt: f
   data: [ 3.70129150e+02, 0., 4.07682800e+02, -6.69000234e+04, 0.,
       3.70129150e+02, 2.33439362e+02, 0., 0., 0., 1., 0. ]
R2: !!opencv-matrix
   rows: 3
   cols: 3
   dt: f
   data: [ 9.96015310e-01, -6.32495359e-02, -6.28727227e-02,
       6.45483583e-02, 9.97736633e-01, 1.88439246e-02, 6.15385473e-02,
       -2.28271689e-02, 9.97843623e-01 ]
