%YAML:1.0
---
Q: !!opencv-matrix
   rows: 4
   cols: 4
   dt: f
   data: [ 1., 0., 0., -4.29320251e+02, 0., 1., 0., -2.33904297e+02, 0.,
       0., 0., 3.65824463e+02, 0., 0., 5.43227606e-03, 0. ]
R: !!opencv-matrix
   rows: 3
   cols: 3
   dt: d
   data: [ 1.0002380132804043e+00, 1.0123979026727140e-02,
       -3.1095687233146413e-03, -9.6877015870479675e-03,
       1.0001351895850159e+00, 9.2341056029053761e-03,
       3.2420989843187807e-03, -9.2321835008175382e-03,
       1.0001997401358440e+00 ]
T: !!opencv-matrix
   rows: 3
   cols: 1
   dt: d
   data: [ -1.8335124283554308e+02, 1.1643438810514695e+01,
       1.1576081469038579e+01 ]
E: !!opencv-matrix
   rows: 0
   cols: 0
   dt: u
   data: []
F: !!opencv-matrix
   rows: 0
   cols: 0
   dt: u
   data: []
K1: !!opencv-matrix
   rows: 3
   cols: 3
   dt: d
   data: [ 3.6627756984521932e+02, 0., 3.8060969928433269e+02, 0.,
       3.6653175179255015e+02, 2.3878059668569790e+02, 0., 0., 1. ]
D1: !!opencv-matrix
   rows: 5
   cols: 1
   dt: d
   data: [ -2.1859934914563901e-02, -9.9468572971318997e-04,
       1.6448003429794193e-03, -3.1164985765511365e-04,
       3.5195408316194161e-04 ]
P1: !!opencv-matrix
   rows: 3
   cols: 4
   dt: f
   data: [ 3.65824463e+02, 0., 4.29320251e+02, 0., 0., 3.65824463e+02,
       2.33904297e+02, 0., 0., 0., 1., 0. ]
R1: !!opencv-matrix
   rows: 3
   cols: 3
   dt: f
   data: [ 9.96383548e-01, -5.27865812e-02, -6.65840060e-02,
       5.30796275e-02, 9.98586774e-01, 2.63853604e-03, 6.63506314e-02,
       -6.16324833e-03, 9.97777343e-01 ]
K2: !!opencv-matrix
   rows: 3
   cols: 3
   dt: d
   data: [ 3.6687495098581172e+02, 0., 3.7621769200552956e+02, 0.,
       3.6726361788508825e+02, 2.2399932895774910e+02, 0., 0., 1. ]
D2: !!opencv-matrix
   rows: 5
   cols: 1
   dt: d
   data: [ -2.2201337830972428e-02, -1.1445843221826492e-03,
       2.9199201696882579e-04, -7.1705872414221615e-04,
       5.1284674356775366e-04 ]
P2: !!opencv-matrix
   rows: 3
   cols: 4
   dt: f
   data: [ 3.65824463e+02, 0., 4.29320251e+02, -6.73427656e+04, 0.,
       3.65824463e+02, 2.33904297e+02, 0., 0., 0., 1., 0. ]
R2: !!opencv-matrix
   rows: 3
   cols: 3
   dt: f
   data: [ 9.96014535e-01, -6.32503703e-02, -6.28844649e-02,
       6.29724786e-02, 9.97994781e-01, -6.39322074e-03, 6.31627440e-02,
       2.40774988e-03, 9.98000324e-01 ]
