%YAML:1.0
---
Q: !!opencv-matrix
   rows: 4
   cols: 4
   dt: f
   data: [ 1., 0., 0., -4.29417419e+02, 0., 1., 0., -2.33901978e+02, 0.,
       0., 0., 3.65829712e+02, 0., 0., 5.50033012e-03, 0. ]
R: !!opencv-matrix
   rows: 3
   cols: 3
   dt: d
   data: [ 9.9948836516799910e-01, 1.0280422002157005e-02,
       -3.3860847153897073e-03, -9.6432410404691422e-03,
       1.0000672213885424e+00, 9.2511880401872464e-03,
       3.2850527441408302e-03, -9.2412986741590725e-03,
       1.0001597659244275e+00 ]
T: !!opencv-matrix
   rows: 3
   cols: 1
   dt: d
   data: [ -1.8106683769047913e+02, 1.1498210307299269e+01,
       1.1429624093467336e+01 ]
E: !!opencv-matrix
   rows: 0
   cols: 0
   dt: u
   data: []
F: !!opencv-matrix
   rows: 0
   cols: 0
   dt: u
   data: []
K1: !!opencv-matrix
   rows: 3
   cols: 3
   dt: d
   data: [ 3.6627756984521932e+02, 0., 3.8060969928433269e+02, 0.,
       3.6653175179255015e+02, 2.3878059668569790e+02, 0., 0., 1. ]
D1: !!opencv-matrix
   rows: 5
   cols: 1
   dt: d
   data: [ -2.1859934914563901e-02, -9.9468572971318997e-04,
       1.6448003429794193e-03, -3.1164985765511365e-04,
       3.5195408316194161e-04 ]
P1: !!opencv-matrix
   rows: 3
   cols: 4
   dt: f
   data: [ 3.65829712e+02, 0., 4.29417419e+02, 0., 0., 3.65829712e+02,
       2.33901978e+02, 0., 0., 0., 1., 0. ]
R1: !!opencv-matrix
   rows: 3
   cols: 3
   dt: f
   data: [ 9.96381581e-01, -5.25025986e-02, -6.68374300e-02,
       5.27973138e-02, 9.98601735e-01, 2.64948164e-03, 6.66048676e-02,
       -6.16873149e-03, 9.97760355e-01 ]
K2: !!opencv-matrix
   rows: 3
   cols: 3
   dt: d
   data: [ 3.6687495098581172e+02, 0., 3.7621769200552956e+02, 0.,
       3.6726361788508825e+02, 2.2399932895774910e+02, 0., 0., 1. ]
D2: !!opencv-matrix
   rows: 5
   cols: 1
   dt: d
   data: [ -2.2201337830972428e-02, -1.1445843221826492e-03,
       2.9199201696882579e-04, -7.1705872414221615e-04,
       5.1284674356775366e-04 ]
P2: !!opencv-matrix
   rows: 3
   cols: 4
   dt: f
   data: [ 3.65829712e+02, 0., 4.29417419e+02, -6.65105000e+04, 0.,
       3.65829712e+02, 2.33901978e+02, 0., 0., 0., 1., 0. ]
R2: !!opencv-matrix
   rows: 3
   cols: 3
   dt: f
   data: [ 9.96015370e-01, -6.32495359e-02, -6.28722608e-02,
       6.29711822e-02, 9.97994840e-01, -6.40102522e-03, 6.31510541e-02,
       2.41637905e-03, 9.98001039e-01 ]
