%YAML:1.0
---
Q: !!opencv-matrix
   rows: 4
   cols: 4
   dt: f
   data: [ 1., 0., 0., -3.83181885e+02, 0., 1., 0., -2.32193130e+02, 0.,
       0., 0., 3.61814453e+02, 0., 0., 5.56319533e-03, 0. ]
R: !!opencv-matrix
   rows: 3
   cols: 3
   dt: d
   data: [ 9.9972930118542591e-01, 9.6421155488432744e-03,
       -3.1007645107765827e-03, -9.6599386692728453e-03,
       1.0000816604450400e+00, 9.2327488873860299e-03,
       3.2455197616540364e-03, -9.2054895719783075e-03,
       1.0001182499756640e+00 ]
T: !!opencv-matrix
   rows: 3
   cols: 1
   dt: d
   data: [ -1.7934835014990355e+02, 1.1389375394644640e+01,
       7.7225090674695274e-01 ]
E: !!opencv-matrix
   rows: 0
   cols: 0
   dt: u
   data: []
F: !!opencv-matrix
   rows: 0
   cols: 0
   dt: u
   data: []
K1: !!opencv-matrix
   rows: 3
   cols: 3
   dt: d
   data: [ 3.6627756984521932e+02, 0., 3.8060969928433269e+02, 0.,
       3.6653175179255015e+02, 2.3878059668569790e+02, 0., 0., 1. ]
D1: !!opencv-matrix
   rows: 5
   cols: 1
   dt: d
   data: [ -2.1859934914563901e-02, -9.9468572971318997e-04,
       1.6448003429794193e-03, -3.1164985765511365e-04,
       3.5195408316194161e-04 ]
P1: !!opencv-matrix
   rows: 3
   cols: 4
   dt: f
   data: [ 3.61814453e+02, 0., 3.83181885e+02, 0., 0., 3.61814453e+02,
       2.32193130e+02, 0., 0., 0., 1., 0. ]
R1: !!opencv-matrix
   rows: 3
   cols: 3
   dt: f
   data: [ 9.98525262e-01, -5.36979809e-02, -7.99220707e-03,
       5.37337661e-02, 9.98545885e-01, 4.33222856e-03, 7.74795376e-03,
       -4.75529069e-03, 9.99958694e-01 ]
K2: !!opencv-matrix
   rows: 3
   cols: 3
   dt: d
   data: [ 3.6687495098581172e+02, 0., 3.7621769200552956e+02, 0.,
       3.6726361788508825e+02, 2.2399932895774910e+02, 0., 0., 1. ]
D2: !!opencv-matrix
   rows: 5
   cols: 1
   dt: d
   data: [ -2.2201337830972428e-02, -1.1445843221826492e-03,
       2.9199201696882579e-04, -7.1705872414221615e-04,
       5.1284674356775366e-04 ]
P2: !!opencv-matrix
   rows: 3
   cols: 4
   dt: f
   data: [ 3.61814453e+02, 0., 3.83181885e+02, -6.50371602e+04, 0.,
       3.61814453e+02, 2.32193130e+02, 0., 0., 0., 1., 0. ]
R2: !!opencv-matrix
   rows: 3
   cols: 3
   dt: f
   data: [ 9.97980475e-01, -6.33759648e-02, -4.29714704e-03,
       6.33557662e-02, 9.97979999e-01, -4.68399469e-03, 4.58531966e-03,
       4.40228591e-03, 9.99979794e-01 ]
