%YAML:1.0
---
Q: !!opencv-matrix
   rows: 4
   cols: 4
   dt: f
   data: [ 1., 0., 0., -3.83183868e+02, 0., 1., 0., -2.32192871e+02, 0.,
       0., 0., 3.61821594e+02, 0., 0., 5.56650665e-03, 0. ]
R: !!opencv-matrix
   rows: 3
   cols: 3
   dt: d
   data: [ 9.9995654533663680e-01, 9.7197004732703426e-03,
       -3.1503871029970815e-03, -9.6826434649762583e-03,
       9.9992301860308908e-01, 9.2345869956307874e-03,
       3.2432994218274968e-03, -9.2038066887942995e-03,
       9.9996536917255174e-01 ]
T: !!opencv-matrix
   rows: 3
   cols: 1
   dt: d
   data: [ -1.7929226688289634e+02, 1.1385544690942622e+01,
       7.6949308983966336e-01 ]
E: !!opencv-matrix
   rows: 0
   cols: 0
   dt: u
   data: []
F: !!opencv-matrix
   rows: 0
   cols: 0
   dt: u
   data: []
K1: !!opencv-matrix
   rows: 3
   cols: 3
   dt: d
   data: [ 3.6627756984521932e+02, 0., 3.8060969928433269e+02, 0.,
       3.6653175179255015e+02, 2.3878059668569790e+02, 0., 0., 1. ]
D1: !!opencv-matrix
   rows: 5
   cols: 1
   dt: d
   data: [ -2.1859934914563901e-02, -9.9468572971318997e-04,
       1.6448003429794193e-03, -3.1164985765511365e-04,
       3.5195408316194161e-04 ]
P1: !!opencv-matrix
   rows: 3
   cols: 4
   dt: f
   data: [ 3.61821594e+02, 0., 3.83183868e+02, 0., 0., 3.61821594e+02,
       2.32192871e+02, 0., 0., 0., 1., 0. ]
R1: !!opencv-matrix
   rows: 3
   cols: 3
   dt: f
   data: [ 9.98528540e-01, -5.36336489e-02, -8.01099651e-03,
       5.36695234e-02, 9.98549342e-01, 4.33244836e-03, 7.76701001e-03,
       -4.75601945e-03, 9.99958515e-01 ]
K2: !!opencv-matrix
   rows: 3
   cols: 3
   dt: d
   data: [ 3.6687495098581172e+02, 0., 3.7621769200552956e+02, 0.,
       3.6726361788508825e+02, 2.2399932895774910e+02, 0., 0., 1. ]
D2: !!opencv-matrix
   rows: 5
   cols: 1
   dt: d
   data: [ -2.2201337830972428e-02, -1.1445843221826492e-03,
       2.9199201696882579e-04, -7.1705872414221615e-04,
       5.1284674356775366e-04 ]
P2: !!opencv-matrix
   rows: 3
   cols: 4
   dt: f
   data: [ 3.61821594e+02, 0., 3.83183868e+02, -6.49997578e+04, 0.,
       3.61821594e+02, 2.32192871e+02, 0., 0., 0., 1., 0. ]
R2: !!opencv-matrix
   rows: 3
   cols: 3
   dt: f
   data: [ 9.97980654e-01, -6.33744746e-02, -4.28317441e-03,
       6.33543357e-02, 9.97980118e-01, -4.68401937e-03, 4.57136985e-03,
       4.40320279e-03, 9.99979854e-01 ]
