%YAML:1.0
---
Q: !!opencv-matrix
   rows: 4
   cols: 4
   dt: f
   data: [ 1., 0., 0., -4.29571320e+02, 0., 1., 0., -2.33903015e+02, 0.,
       0., 0., 3.65809082e+02, 0., 0., 5.44199767e-03, 0. ]
R: !!opencv-matrix
   rows: 3
   cols: 3
   dt: d
   data: [ 9.9421788883382034e-01, 1.1235122757900437e-02,
       -3.3695203119258939e-03, -9.1914843400913871e-03,
       1.0021825038882035e+00, 9.2697369082050517e-03,
       3.7626897470470311e-03, -9.3205222035686562e-03,
       1.0023323879616592e+00 ]
T: !!opencv-matrix
   rows: 3
   cols: 1
   dt: d
   data: [ -1.8358548701284894e+02, 1.1658314593143755e+01,
       1.1590874759863727e+01 ]
E: !!opencv-matrix
   rows: 0
   cols: 0
   dt: u
   data: []
F: !!opencv-matrix
   rows: 0
   cols: 0
   dt: u
   data: []
K1: !!opencv-matrix
   rows: 3
   cols: 3
   dt: d
   data: [ 3.6627756984521932e+02, 0., 3.8060969928433269e+02, 0.,
       3.6653175179255015e+02, 2.3878059668569790e+02, 0., 0., 1. ]
D1: !!opencv-matrix
   rows: 5
   cols: 1
   dt: d
   data: [ -2.1859934914563901e-02, -9.9468572971318997e-04,
       1.6448003429794193e-03, -3.1164985765511365e-04,
       3.5195408316194161e-04 ]
P1: !!opencv-matrix
   rows: 3
   cols: 4
   dt: f
   data: [ 3.65809082e+02, 0., 4.29571320e+02, 0., 0., 3.65809082e+02,
       2.33903015e+02, 0., 0., 0., 1., 0. ]
R1: !!opencv-matrix
   rows: 3
   cols: 3
   dt: f
   data: [ 9.96367931e-01, -5.22874482e-02, -6.72082528e-02,
       5.25843650e-02, 9.98612940e-01, 2.65521719e-03, 6.69761971e-02,
       -6.17967639e-03, 9.97735441e-01 ]
K2: !!opencv-matrix
   rows: 3
   cols: 3
   dt: d
   data: [ 3.6687495098581172e+02, 0., 3.7621769200552956e+02, 0.,
       3.6726361788508825e+02, 2.2399932895774910e+02, 0., 0., 1. ]
D2: !!opencv-matrix
   rows: 5
   cols: 1
   dt: d
   data: [ -2.2201337830972428e-02, -1.1445843221826492e-03,
       2.9199201696882579e-04, -7.1705872414221615e-04,
       5.1284674356775366e-04 ]
P2: !!opencv-matrix
   rows: 3
   cols: 4
   dt: f
   data: [ 3.65809082e+02, 0., 4.29571320e+02, -6.72196328e+04, 0.,
       3.65809082e+02, 2.33903015e+02, 0., 0., 0., 1., 0. ]
R2: !!opencv-matrix
   rows: 3
   cols: 3
   dt: f
   data: [ 9.96014535e-01, -6.32503703e-02, -6.28844723e-02,
       6.29714355e-02, 9.97994721e-01, -6.40979176e-03, 6.31637946e-02,
       2.42432021e-03, 9.98000205e-01 ]
