%YAML:1.0
---
Q: !!opencv-matrix
   rows: 4
   cols: 4
   dt: f
   data: [ 1., 0., 0., -3.83186707e+02, 0., 1., 0., -2.32193237e+02, 0.,
       0., 0., 3.61815521e+02, 0., 0., 5.56448102e-03, 0. ]
R: !!opencv-matrix
   rows: 3
   cols: 3
   dt: d
   data: [ 9.9980470480439720e-01, 9.6752489220292611e-03,
       -3.1192122898657608e-03, -9.6660691740833304e-03,
       1.0000546072467920e+00, 9.2336950479218142e-03,
       3.2450065478859353e-03, -9.2054031539497844e-03,
       1.0000933944858506e+00 ]
T: !!opencv-matrix
   rows: 3
   cols: 1
   dt: d
   data: [ -1.7933776025892564e+02, 1.1388703236247213e+01,
       7.7220706208870804e-01 ]
E: !!opencv-matrix
   rows: 0
   cols: 0
   dt: u
   data: []
F: !!opencv-matrix
   rows: 0
   cols: 0
   dt: u
   data: []
K1: !!opencv-matrix
   rows: 3
   cols: 3
   dt: d
   data: [ 3.6627756984521932e+02, 0., 3.8060969928433269e+02, 0.,
       3.6653175179255015e+02, 2.3878059668569790e+02, 0., 0., 1. ]
D1: !!opencv-matrix
   rows: 5
   cols: 1
   dt: d
   data: [ -2.1859934914563901e-02, -9.9468572971318997e-04,
       1.6448003429794193e-03, -3.1164985765511365e-04,
       3.5195408316194161e-04 ]
P1: !!opencv-matrix
   rows: 3
   cols: 4
   dt: f
   data: [ 3.61815521e+02, 0., 3.83186707e+02, 0., 0., 3.61815521e+02,
       2.32193237e+02, 0., 0., 0., 1., 0. ]
R1: !!opencv-matrix
   rows: 3
   cols: 3
   dt: f
   data: [ 9.98525858e-01, -5.36842830e-02, -8.00442789e-03,
       5.37201278e-02, 9.98546660e-01, 4.33214614e-03, 7.76022673e-03,
       -4.75575915e-03, 9.99958575e-01 ]
K2: !!opencv-matrix
   rows: 3
   cols: 3
   dt: d
   data: [ 3.6687495098581172e+02, 0., 3.7621769200552956e+02, 0.,
       3.6726361788508825e+02, 2.2399932895774910e+02, 0., 0., 1. ]
D2: !!opencv-matrix
   rows: 5
   cols: 1
   dt: d
   data: [ -2.2201337830972428e-02, -1.1445843221826492e-03,
       2.9199201696882579e-04, -7.1705872414221615e-04,
       5.1284674356775366e-04 ]
P2: !!opencv-matrix
   rows: 3
   cols: 4
   dt: f
   data: [ 3.61815521e+02, 0., 3.83186707e+02, -6.50223281e+04, 0.,
       3.61815521e+02, 2.32193237e+02, 0., 0., 0., 1., 0. ]
R2: !!opencv-matrix
   rows: 3
   cols: 3
   dt: f
   data: [ 9.97980475e-01, -6.33759648e-02, -4.29717544e-03,
       6.33557662e-02, 9.97979999e-01, -4.68418794e-03, 4.58536018e-03,
       4.40247729e-03, 9.99979794e-01 ]
