%YAML:1.0
---
Q: !!opencv-matrix
   rows: 4
   cols: 4
   dt: f
   data: [ 1., 0., 0., -3.82550842e+02, 0., 1., 0., -2.31851227e+02, 0.,
       0., 0., 3.58742706e+02, 0., 0., 5.55607118e-03, 0. ]
R: !!opencv-matrix
   rows: 3
   cols: 3
   dt: d
   data: [ 9.9991928761108206e-01, 9.7370516798370600e-03,
       -3.1481188437613083e-03, -9.6826621859443050e-03,
       9.9991910081009350e-01, 9.2347116050024349e-03,
       3.2437784708357941e-03, -9.2044885515147369e-03,
       9.9996056114429910e-01 ]
T: !!opencv-matrix
   rows: 3
   cols: 1
   dt: d
   data: [ -1.7998750991313506e+02, 8.4078783355364328e-01,
       7.7495379232700834e-01 ]
E: !!opencv-matrix
   rows: 0
   cols: 0
   dt: u
   data: []
F: !!opencv-matrix
   rows: 0
   cols: 0
   dt: u
   data: []
K1: !!opencv-matrix
   rows: 3
   cols: 3
   dt: d
   data: [ 3.6627756984521932e+02, 0., 3.8060969928433269e+02, 0.,
       3.6653175179255015e+02, 2.3878059668569790e+02, 0., 0., 1. ]
D1: !!opencv-matrix
   rows: 5
   cols: 1
   dt: d
   data: [ -2.1859934914563901e-02, -9.9468572971318997e-04,
       1.6448003429794193e-03, -3.1164985765511365e-04,
       3.5195408316194161e-04 ]
P1: !!opencv-matrix
   rows: 3
   cols: 4
   dt: f
   data: [ 3.58742706e+02, 0., 3.82550842e+02, 0., 0., 3.58742706e+02,
       2.31851227e+02, 0., 0., 0., 1., 0. ]
R1: !!opencv-matrix
   rows: 3
   cols: 3
   dt: f
   data: [ 9.99958932e-01, 5.09269442e-03, -7.49987923e-03,
       -5.05817309e-03, 9.99976575e-01, 4.61470615e-03, 7.52320467e-03,
       -4.57658060e-03, 9.99961257e-01 ]
K2: !!opencv-matrix
   rows: 3
   cols: 3
   dt: d
   data: [ 3.6687495098581172e+02, 0., 3.7621769200552956e+02, 0.,
       3.6726361788508825e+02, 2.2399932895774910e+02, 0., 0., 1. ]
D2: !!opencv-matrix
   rows: 5
   cols: 1
   dt: d
   data: [ -2.2201337830972428e-02, -1.1445843221826492e-03,
       2.9199201696882579e-04, -7.1705872414221615e-04,
       5.1284674356775366e-04 ]
P2: !!opencv-matrix
   rows: 3
   cols: 4
   dt: f
   data: [ 3.58742706e+02, 0., 3.82550842e+02, -6.45676953e+04, 0.,
       3.58742706e+02, 2.31851227e+02, 0., 0., 0., 1., 0. ]
R2: !!opencv-matrix
   rows: 3
   cols: 3
   dt: f
   data: [ 9.99979794e-01, -4.67127189e-03, -4.30549914e-03,
       4.65143565e-03, 9.99978602e-01, -4.60572727e-03, 4.32692142e-03,
       4.58560744e-03, 9.99980152e-01 ]
