%YAML:1.0
---
Q: !!opencv-matrix
   rows: 4
   cols: 4
   dt: f
   data: [ 1., 0., 0., -3.83179047e+02, 0., 1., 0., -2.32192688e+02, 0.,
       0., 0., 3.61824036e+02, 0., 0., 5.56658627e-03, 0. ]
R: !!opencv-matrix
   rows: 3
   cols: 3
   dt: d
   data: [ 9.9992231401438347e-01, 9.7230091719913442e-03,
       -3.1270417896907157e-03, -9.6796375048624535e-03,
       9.9993827660885404e-01, 9.2332436084393652e-03,
       3.2435632770917880e-03, -9.2039620313007792e-03,
       9.9998072628177370e-01 ]
T: !!opencv-matrix
   rows: 3
   cols: 1
   dt: d
   data: [ -1.7927048922248301e+02, 1.1384163284643407e+01,
       7.6940323321932425e-01 ]
E: !!opencv-matrix
   rows: 0
   cols: 0
   dt: u
   data: []
F: !!opencv-matrix
   rows: 0
   cols: 0
   dt: u
   data: []
K1: !!opencv-matrix
   rows: 3
   cols: 3
   dt: d
   data: [ 3.6627756984521932e+02, 0., 3.8060969928433269e+02, 0.,
       3.6653175179255015e+02, 2.3878059668569790e+02, 0., 0., 1. ]
D1: !!opencv-matrix
   rows: 5
   cols: 1
   dt: d
   data: [ -2.1859934914563901e-02, -9.9468572971318997e-04,
       1.6448003429794193e-03, -3.1164985765511365e-04,
       3.5195408316194161e-04 ]
P1: !!opencv-matrix
   rows: 3
   cols: 4
   dt: f
   data: [ 3.61824036e+02, 0., 3.83179047e+02, 0., 0., 3.61824036e+02,
       2.32192688e+02, 0., 0., 0., 1., 0. ]
R1: !!opencv-matrix
   rows: 3
   cols: 3
   dt: f
   data: [ 9.98528779e-01, -5.36313169e-02, -7.99866766e-03,
       5.36671355e-02, 9.98549461e-01, 4.33262810e-03, 7.75470072e-03,
       -4.75551933e-03, 9.99958634e-01 ]
K2: !!opencv-matrix
   rows: 3
   cols: 3
   dt: d
   data: [ 3.6687495098581172e+02, 0., 3.7621769200552956e+02, 0.,
       3.6726361788508825e+02, 2.2399932895774910e+02, 0., 0., 1. ]
D2: !!opencv-matrix
   rows: 5
   cols: 1
   dt: d
   data: [ -2.2201337830972428e-02, -1.1445843221826492e-03,
       2.9199201696882579e-04, -7.1705872414221615e-04,
       5.1284674356775366e-04 ]
P2: !!opencv-matrix
   rows: 3
   cols: 4
   dt: f
   data: [ 3.61824036e+02, 0., 3.83179047e+02, -6.49992656e+04, 0.,
       3.61824036e+02, 2.32192688e+02, 0., 0., 0., 1., 0. ]
R2: !!opencv-matrix
   rows: 3
   cols: 3
   dt: f
   data: [ 9.97980654e-01, -6.33744746e-02, -4.28316835e-03,
       6.33543357e-02, 9.97980118e-01, -4.68385825e-03, 4.57135355e-03,
       4.40304261e-03, 9.99979854e-01 ]
