%YAML:1.0
---
Q: !!opencv-matrix
   rows: 4
   cols: 4
   dt: f
   data: [ 1., 0., 0., -4.28201874e+02, 0., 1., 0., -2.33933914e+02, 0.,
       0., 0., 3.72294006e+02, 0., 0., 5.51772350e-03, 0. ]
R: !!opencv-matrix
   rows: 3
   cols: 3
   dt: d
   data: [ 1.0010738580265208e+00, 9.5517737768866604e-03,
       -3.5152344432169544e-03, -9.6878225481548605e-03,
       1.0002568616146543e+00, -4.3171798704763946e-02,
       3.2541538208337791e-03, 4.3195181185382819e-02,
       1.0002883028797773e+00 ]
T: !!opencv-matrix
   rows: 3
   cols: 1
   dt: d
   data: [ -1.8051201474824279e+02, 1.1462908033599058e+01,
       1.1394475538251443e+01 ]
E: !!opencv-matrix
   rows: 0
   cols: 0
   dt: u
   data: []
F: !!opencv-matrix
   rows: 0
   cols: 0
   dt: u
   data: []
K1: !!opencv-matrix
   rows: 3
   cols: 3
   dt: d
   data: [ 3.6627756984521932e+02, 0., 3.8060969928433269e+02, 0.,
       3.6653175179255015e+02, 2.3878059668569790e+02, 0., 0., 1. ]
D1: !!opencv-matrix
   rows: 5
   cols: 1
   dt: d
   data: [ -2.1859934914563901e-02, -9.9468572971318997e-04,
       1.6448003429794193e-03, -3.1164985765511365e-04,
       3.5195408316194161e-04 ]
P1: !!opencv-matrix
   rows: 3
   cols: 4
   dt: f
   data: [ 3.72294006e+02, 0., 4.28201874e+02, 0., 0., 3.72294006e+02,
       2.33933914e+02, 0., 0., 0., 1., 0. ]
R1: !!opencv-matrix
   rows: 3
   cols: 3
   dt: f
   data: [ 9.96376455e-01, -5.64041920e-02, -6.36593550e-02,
       5.50048128e-02, 9.98208880e-01, -2.35262457e-02, 6.48723170e-02,
       1.99394263e-02, 9.97694314e-01 ]
K2: !!opencv-matrix
   rows: 3
   cols: 3
   dt: d
   data: [ 3.6687495098581172e+02, 0., 3.7621769200552956e+02, 0.,
       3.6726361788508825e+02, 2.2399932895774910e+02, 0., 0., 1. ]
D2: !!opencv-matrix
   rows: 5
   cols: 1
   dt: d
   data: [ -2.2201337830972428e-02, -1.1445843221826492e-03,
       2.9199201696882579e-04, -7.1705872414221615e-04,
       5.1284674356775366e-04 ]
P2: !!opencv-matrix
   rows: 3
   cols: 4
   dt: f
   data: [ 3.72294006e+02, 0., 4.28201874e+02, -6.74723906e+04, 0.,
       3.72294006e+02, 2.33933914e+02, 0., 0., 0., 1., 0. ]
R2: !!opencv-matrix
   rows: 3
   cols: 3
   dt: f
   data: [ 9.96015429e-01, -6.32491559e-02, -6.28715679e-02,
       6.46031424e-02, 9.97715771e-01, 1.97393466e-02, 6.14794567e-02,
       -2.37223934e-02, 9.97826397e-01 ]
