%YAML:1.0
---
Q: !!opencv-matrix
   rows: 4
   cols: 4
   dt: f
   data: [ 1., 0., 0., -4.07682434e+02, 0., 1., 0., -2.33439362e+02, 0.,
       0., 0., 3.70128601e+02, 0., 0., 5.49152587e-03, 0. ]
R: !!opencv-matrix
   rows: 3
   cols: 3
   dt: d
   data: [ 1.0007573707075990e+00, -4.2818038403654536e-02,
       4.8819457160439492e-02, 4.5012042161183138e-02,
       1.0009142592506834e+00, -4.3682335625200915e-02,
       -4.6856538668147034e-02, 4.5778142389176893e-02,
       1.0007392806384918e+00 ]
T: !!opencv-matrix
   rows: 3
   cols: 1
   dt: d
   data: [ -1.8147055509992541e+02, 1.1523847373669877e+01,
       1.1455192672173670e+01 ]
E: !!opencv-matrix
   rows: 0
   cols: 0
   dt: u
   data: []
F: !!opencv-matrix
   rows: 0
   cols: 0
   dt: u
   data: []
K1: !!opencv-matrix
   rows: 3
   cols: 3
   dt: d
   data: [ 3.6627756984521932e+02, 0., 3.8060969928433269e+02, 0.,
       3.6653175179255015e+02, 2.3878059668569790e+02, 0., 0., 1. ]
D1: !!opencv-matrix
   rows: 5
   cols: 1
   dt: d
   data: [ -2.1859934914563901e-02, -9.9468572971318997e-04,
       1.6448003429794193e-03, -3.1164985765511365e-04,
       3.5195408316194161e-04 ]
P1: !!opencv-matrix
   rows: 3
   cols: 4
   dt: f
   data: [ 3.70128601e+02, 0., 4.07682434e+02, 0., 0., 3.70128601e+02,
       2.33439362e+02, 0., 0., 0., 1., 0. ]
R1: !!opencv-matrix
   rows: 3
   cols: 3
   dt: f
   data: [ 9.94024515e-01, -1.08549893e-01, -1.14983190e-02,
       1.08286038e-01, 9.93887007e-01, -2.15120148e-02, 1.37631567e-02,
       2.01383624e-02, 9.99702454e-01 ]
K2: !!opencv-matrix
   rows: 3
   cols: 3
   dt: d
   data: [ 3.6687495098581172e+02, 0., 3.7621769200552956e+02, 0.,
       3.6726361788508825e+02, 2.2399932895774910e+02, 0., 0., 1. ]
D2: !!opencv-matrix
   rows: 5
   cols: 1
   dt: d
   data: [ -2.2201337830972428e-02, -1.1445843221826492e-03,
       2.9199201696882579e-04, -7.1705872414221615e-04,
       5.1284674356775366e-04 ]
P2: !!opencv-matrix
   rows: 3
   cols: 4
   dt: f
   data: [ 3.70128601e+02, 0., 4.07682434e+02, -6.73999531e+04, 0.,
       3.70128601e+02, 2.33439362e+02, 0., 0., 0., 1., 0. ]
R2: !!opencv-matrix
   rows: 3
   cols: 3
   dt: f
   data: [ 9.96015310e-01, -6.32495359e-02, -6.28727227e-02,
       6.45483583e-02, 9.97736633e-01, 1.88439600e-02, 6.15385473e-02,
       -2.28272043e-02, 9.97843623e-01 ]
