%YAML:1.0
---
Q: !!opencv-matrix
   rows: 4
   cols: 4
   dt: f
   data: [ 1., 0., 0., -4.29488770e+02, 0., 1., 0., -2.33892548e+02, 0.,
       0., 0., 3.65906982e+02, 0., 0., 5.48418984e-03, 0. ]
R: !!opencv-matrix
   rows: 3
   cols: 3
   dt: d
   data: [ 9.9828811680057672e-01, 1.1648717235218516e-02,
       -3.7503356063123424e-03, -9.5389151059881543e-03,
       1.0005028827837972e+00, 9.2790373406733857e-03,
       3.3954771984213809e-03, -9.3321573220547967e-03,
       1.0007049061961966e+00 ]
T: !!opencv-matrix
   rows: 3
   cols: 1
   dt: d
   data: [ -1.8141334857715245e+02, 1.1520214735866015e+01,
       1.1451497375750941e+01 ]
E: !!opencv-matrix
   rows: 0
   cols: 0
   dt: u
   data: []
F: !!opencv-matrix
   rows: 0
   cols: 0
   dt: u
   data: []
K1: !!opencv-matrix
   rows: 3
   cols: 3
   dt: d
   data: [ 3.6627756984521932e+02, 0., 3.8060969928433269e+02, 0.,
       3.6653175179255015e+02, 2.3878059668569790e+02, 0., 0., 1. ]
D1: !!opencv-matrix
   rows: 5
   cols: 1
   dt: d
   data: [ -2.1859934914563901e-02, -9.9468572971318997e-04,
       1.6448003429794193e-03, -3.1164985765511365e-04,
       3.5195408316194161e-04 ]
P1: !!opencv-matrix
   rows: 3
   cols: 4
   dt: f
   data: [ 3.65906982e+02, 0., 4.29488770e+02, 0., 0., 3.65906982e+02,
       2.33892548e+02, 0., 0., 0., 1., 0. ]
R1: !!opencv-matrix
   rows: 3
   cols: 3
   dt: f
   data: [ 9.96401012e-01, -5.19060642e-02, -6.70130625e-02,
       5.22023775e-02, 9.98632967e-01, 2.67709326e-03, 6.67824894e-02,
       -6.16569957e-03, 9.97748494e-01 ]
K2: !!opencv-matrix
   rows: 3
   cols: 3
   dt: d
   data: [ 3.6687495098581172e+02, 0., 3.7621769200552956e+02, 0.,
       3.6726361788508825e+02, 2.2399932895774910e+02, 0., 0., 1. ]
D2: !!opencv-matrix
   rows: 5
   cols: 1
   dt: d
   data: [ -2.2201337830972428e-02, -1.1445843221826492e-03,
       2.9199201696882579e-04, -7.1705872414221615e-04,
       5.1284674356775366e-04 ]
P2: !!opencv-matrix
   rows: 3
   cols: 4
   dt: f
   data: [ 3.65906982e+02, 0., 4.29488770e+02, -6.67203359e+04, 0.,
       3.65906982e+02, 2.33892548e+02, 0., 0., 0., 1., 0. ]
R2: !!opencv-matrix
   rows: 3
   cols: 3
   dt: f
   data: [ 9.96015370e-01, -6.32495359e-02, -6.28722608e-02,
       6.29704073e-02, 9.97994781e-01, -6.41329261e-03, 6.31518215e-02,
       2.42864597e-03, 9.98000979e-01 ]
