%YAML:1.0
---
Q: !!opencv-matrix
   rows: 4
   cols: 4
   dt: f
   data: [ 1., 0., 0., -3.82347870e+02, 0., 1., 0., -2.31849854e+02, 0.,
       0., 0., 3.58594269e+02, 0., 0., 5.55513054e-03, 0. ]
R: !!opencv-matrix
   rows: 3
   cols: 3
   dt: d
   data: [ 9.9997402173162653e-01, 9.7503508766747897e-03,
       -3.1516030495403256e-03, -9.6827669779658305e-03,
       9.9988985756804716e-01, 9.2345266313799065e-03,
       3.2430667967899163e-03, -9.2037287633696639e-03,
       9.9993216287120967e-01 ]
T: !!opencv-matrix
   rows: 3
   cols: 1
   dt: d
   data: [ -1.8001869449093564e+02, 7.9398533328258258e-01,
       7.2884114856206006e-01 ]
E: !!opencv-matrix
   rows: 0
   cols: 0
   dt: u
   data: []
F: !!opencv-matrix
   rows: 0
   cols: 0
   dt: u
   data: []
K1: !!opencv-matrix
   rows: 3
   cols: 3
   dt: d
   data: [ 3.6627756984521932e+02, 0., 3.8060969928433269e+02, 0.,
       3.6653175179255015e+02, 2.3878059668569790e+02, 0., 0., 1. ]
D1: !!opencv-matrix
   rows: 5
   cols: 1
   dt: d
   data: [ -2.1859934914563901e-02, -9.9468572971318997e-04,
       1.6448003429794193e-03, -3.1164985765511365e-04,
       3.5195408316194161e-04 ]
P1: !!opencv-matrix
   rows: 3
   cols: 4
   dt: f
   data: [ 3.58594269e+02, 0., 3.82347870e+02, 0., 0., 3.58594269e+02,
       2.31849854e+02, 0., 0., 0., 1., 0. ]
R1: !!opencv-matrix
   rows: 3
   cols: 3
   dt: f
   data: [ 9.99959409e-01, 5.35824522e-03, -7.24231126e-03,
       -5.32489968e-03, 9.99975145e-01, 4.61574458e-03, 7.26686371e-03,
       -4.57699271e-03, 9.99963105e-01 ]
K2: !!opencv-matrix
   rows: 3
   cols: 3
   dt: d
   data: [ 3.6687495098581172e+02, 0., 3.7621769200552956e+02, 0.,
       3.6726361788508825e+02, 2.2399932895774910e+02, 0., 0., 1. ]
D2: !!opencv-matrix
   rows: 5
   cols: 1
   dt: d
   data: [ -2.2201337830972428e-02, -1.1445843221826492e-03,
       2.9199201696882579e-04, -7.1705872414221615e-04,
       5.1284674356775366e-04 ]
P2: !!opencv-matrix
   rows: 3
   cols: 4
   dt: f
   data: [ 3.58594269e+02, 0., 3.82347870e+02, -6.45519063e+04, 0.,
       3.58594269e+02, 2.31849854e+02, 0., 0., 0., 1., 0. ]
R2: !!opencv-matrix
   rows: 3
   cols: 3
   dt: f
   data: [ 9.99982059e-01, -4.41049272e-03, -4.04862501e-03,
       4.39183647e-03, 9.99979734e-01, -4.60532634e-03, 4.06885473e-03,
       4.58746310e-03, 9.99981225e-01 ]
