%YAML:1.0
---
Q: !!opencv-matrix
   rows: 4
   cols: 4
   dt: f
   data: [ 1., 0., 0., -3.82432526e+02, 0., 1., 0., -2.31850494e+02, 0.,
       0., 0., 3.58662781e+02, 0., 0., 5.54953143e-03, 0. ]
R: !!opencv-matrix
   rows: 3
   cols: 3
   dt: d
   data: [ 9.9990728456036704e-01, 9.7401776685597588e-03,
       -3.1535458022704053e-03, -9.6824628787359947e-03,
       9.9988301680884850e-01, 9.2344402912515541e-03,
       3.2432735818756146e-03, -9.2033864603289894e-03,
       9.9992561289774740e-01 ]
T: !!opencv-matrix
   rows: 3
   cols: 1
   dt: d
   data: [ -1.8018131793657548e+02, 8.4160796353063583e-01,
       7.7109083924738819e-01 ]
E: !!opencv-matrix
   rows: 0
   cols: 0
   dt: u
   data: []
F: !!opencv-matrix
   rows: 0
   cols: 0
   dt: u
   data: []
K1: !!opencv-matrix
   rows: 3
   cols: 3
   dt: d
   data: [ 3.6627756984521932e+02, 0., 3.8060969928433269e+02, 0.,
       3.6653175179255015e+02, 2.3878059668569790e+02, 0., 0., 1. ]
D1: !!opencv-matrix
   rows: 5
   cols: 1
   dt: d
   data: [ -2.1859934914563901e-02, -9.9468572971318997e-04,
       1.6448003429794193e-03, -3.1164985765511365e-04,
       3.5195408316194161e-04 ]
P1: !!opencv-matrix
   rows: 3
   cols: 4
   dt: f
   data: [ 3.58662781e+02, 0., 3.82432526e+02, 0., 0., 3.58662781e+02,
       2.31850494e+02, 0., 0., 0., 1., 0. ]
R1: !!opencv-matrix
   rows: 3
   cols: 3
   dt: f
   data: [ 9.99959290e-01, 5.23226196e-03, -7.34949019e-03,
       -5.19842841e-03, 9.99975860e-01, 4.61510755e-03, 7.37346010e-03,
       -4.57671378e-03, 9.99962330e-01 ]
K2: !!opencv-matrix
   rows: 3
   cols: 3
   dt: d
   data: [ 3.6687495098581172e+02, 0., 3.7621769200552956e+02, 0.,
       3.6726361788508825e+02, 2.2399932895774910e+02, 0., 0., 1. ]
D2: !!opencv-matrix
   rows: 5
   cols: 1
   dt: d
   data: [ -2.2201337830972428e-02, -1.1445843221826492e-03,
       2.9199201696882579e-04, -7.1705872414221615e-04,
       5.1284674356775366e-04 ]
P2: !!opencv-matrix
   rows: 3
   cols: 4
   dt: f
   data: [ 3.58662781e+02, 0., 3.82432526e+02, -6.46293828e+04, 0.,
       3.58662781e+02, 2.31850494e+02, 0., 0., 0., 1., 0. ]
R2: !!opencv-matrix
   rows: 3
   cols: 3
   dt: f
   data: [ 9.99981046e-01, -4.53680614e-03, -4.15565306e-03,
       4.51765861e-03, 9.99979198e-01, -4.60536638e-03, 4.17646021e-03,
       4.58650524e-03, 9.99980748e-01 ]
