%YAML:1.0
---
Q: !!opencv-matrix
   rows: 4
   cols: 4
   dt: f
   data: [ 1., 0., 0., -3.82531464e+02, 0., 1., 0., -2.31851196e+02, 0.,
       0., 0., 3.58738678e+02, 0., 0., 5.54977870e-03, 0. ]
R: !!opencv-matrix
   rows: 3
   cols: 3
   dt: d
   data: [ 9.9993607273408847e-01, 9.7462626427962575e-03,
       -3.1531929919584841e-03, -9.6825272177151027e-03,
       9.9986900232132159e-01, 9.2343096667508815e-03,
       3.2430456215104173e-03, -9.2032846648637551e-03,
       9.9991162496046659e-01 ]
T: !!opencv-matrix
   rows: 3
   cols: 1
   dt: d
   data: [ -1.8019023476879963e+02, 8.4164966881547032e-01,
       7.7113147418049832e-01 ]
E: !!opencv-matrix
   rows: 0
   cols: 0
   dt: u
   data: []
F: !!opencv-matrix
   rows: 0
   cols: 0
   dt: u
   data: []
K1: !!opencv-matrix
   rows: 3
   cols: 3
   dt: d
   data: [ 3.6627756984521932e+02, 0., 3.8060969928433269e+02, 0.,
       3.6653175179255015e+02, 2.3878059668569790e+02, 0., 0., 1. ]
D1: !!opencv-matrix
   rows: 5
   cols: 1
   dt: d
   data: [ -2.1859934914563901e-02, -9.9468572971318997e-04,
       1.6448003429794193e-03, -3.1164985765511365e-04,
       3.5195408316194161e-04 ]
P1: !!opencv-matrix
   rows: 3
   cols: 4
   dt: f
   data: [ 3.58738678e+02, 0., 3.82531464e+02, 0., 0., 3.58738678e+02,
       2.31851196e+02, 0., 0., 0., 1., 0. ]
R1: !!opencv-matrix
   rows: 3
   cols: 3
   dt: f
   data: [ 9.99959052e-01, 5.09743439e-03, -7.47631537e-03,
       -5.06302202e-03, 9.99976516e-01, 4.61454317e-03, 7.49966223e-03,
       -4.57650144e-03, 9.99961376e-01 ]
K2: !!opencv-matrix
   rows: 3
   cols: 3
   dt: d
   data: [ 3.6687495098581172e+02, 0., 3.7621769200552956e+02, 0.,
       3.6726361788508825e+02, 2.2399932895774910e+02, 0., 0., 1. ]
D2: !!opencv-matrix
   rows: 5
   cols: 1
   dt: d
   data: [ -2.2201337830972428e-02, -1.1445843221826492e-03,
       2.9199201696882579e-04, -7.1705872414221615e-04,
       5.1284674356775366e-04 ]
P2: !!opencv-matrix
   rows: 3
   cols: 4
   dt: f
   data: [ 3.58738678e+02, 0., 3.82531464e+02, -6.46401797e+04, 0.,
       3.58738678e+02, 2.31851196e+02, 0., 0., 0., 1., 0. ]
R2: !!opencv-matrix
   rows: 3
   cols: 3
   dt: f
   data: [ 9.99979913e-01, -4.67080111e-03, -4.27945191e-03,
       4.65108547e-03, 9.99978602e-01, -4.60554473e-03, 4.30087186e-03,
       4.58554830e-03, 9.99980211e-01 ]
