%YAML:1.0
---
Q: !!opencv-matrix
   rows: 4
   cols: 4
   dt: f
   data: [ 1., 0., 0., -3.82432983e+02, 0., 1., 0., -2.31850510e+02, 0.,
       0., 0., 3.58663910e+02, 0., 0., 5.55094751e-03, 0. ]
R: !!opencv-matrix
   rows: 3
   cols: 3
   dt: d
   data: [ 9.9992358847380247e-01, 9.7431297664449870e-03,
       -3.1539191120645194e-03, -9.6825395031872701e-03,
       9.9988370410866301e-01, 9.2344745584943353e-03,
       3.2430397113715490e-03, -9.2032708978969837e-03,
       9.9992640251122644e-01 ]
T: !!opencv-matrix
   rows: 3
   cols: 1
   dt: d
   data: [ -1.8014414236455457e+02, 8.1729446153828722e-01,
       7.4862888776335945e-01 ]
E: !!opencv-matrix
   rows: 0
   cols: 0
   dt: u
   data: []
F: !!opencv-matrix
   rows: 0
   cols: 0
   dt: u
   data: []
K1: !!opencv-matrix
   rows: 3
   cols: 3
   dt: d
   data: [ 3.6627756984521932e+02, 0., 3.8060969928433269e+02, 0.,
       3.6653175179255015e+02, 2.3878059668569790e+02, 0., 0., 1. ]
D1: !!opencv-matrix
   rows: 5
   cols: 1
   dt: d
   data: [ -2.1859934914563901e-02, -9.9468572971318997e-04,
       1.6448003429794193e-03, -3.1164985765511365e-04,
       3.5195408316194161e-04 ]
P1: !!opencv-matrix
   rows: 3
   cols: 4
   dt: f
   data: [ 3.58663910e+02, 0., 3.82432983e+02, 0., 0., 3.58663910e+02,
       2.31850510e+02, 0., 0., 0., 1., 0. ]
R1: !!opencv-matrix
   rows: 3
   cols: 3
   dt: f
   data: [ 9.99959290e-01, 5.22890314e-03, -7.35068414e-03,
       -5.19506400e-03, 9.99975860e-01, 4.61509032e-03, 7.37463869e-03,
       -4.57671518e-03, 9.99962330e-01 ]
K2: !!opencv-matrix
   rows: 3
   cols: 3
   dt: d
   data: [ 3.6687495098581172e+02, 0., 3.7621769200552956e+02, 0.,
       3.6726361788508825e+02, 2.2399932895774910e+02, 0., 0., 1. ]
D2: !!opencv-matrix
   rows: 5
   cols: 1
   dt: d
   data: [ -2.2201337830972428e-02, -1.1445843221826492e-03,
       2.9199201696882579e-04, -7.1705872414221615e-04,
       5.1284674356775366e-04 ]
P2: !!opencv-matrix
   rows: 3
   cols: 4
   dt: f
   data: [ 3.58663910e+02, 0., 3.82432983e+02, -6.46130977e+04, 0.,
       3.58663910e+02, 2.31850510e+02, 0., 0., 0., 1., 0. ]
R2: !!opencv-matrix
   rows: 3
   cols: 3
   dt: f
   data: [ 9.99981046e-01, -4.53680567e-03, -4.15564096e-03,
       4.51765861e-03, 9.99979198e-01, -4.60535847e-03, 4.17644763e-03,
       4.58649732e-03, 9.99980748e-01 ]
