%YAML:1.0
---
Q: !!opencv-matrix
   rows: 4
   cols: 4
   dt: f
   data: [ 1., 0., 0., -3.82531372e+02, 0., 1., 0., -2.31851212e+02, 0.,
       0., 0., 3.58739258e+02, 0., 0., 5.54985367e-03, 0. ]
R: !!opencv-matrix
   rows: 3
   cols: 3
   dt: d
   data: [ 9.9991480309422121e-01, 9.7415334024912852e-03,
       -3.1546537917477801e-03, -9.6824844512954297e-03,
       9.9988030921446225e-01, 9.2344205541597807e-03,
       3.2432211999727299e-03, -9.2033675890688532e-03,
       9.9992291628260821e-01 ]
T: !!opencv-matrix
   rows: 3
   cols: 1
   dt: d
   data: [ -1.8017829361505903e+02, 8.4159385467925996e-01,
       7.7107847815243691e-01 ]
E: !!opencv-matrix
   rows: 0
   cols: 0
   dt: u
   data: []
F: !!opencv-matrix
   rows: 0
   cols: 0
   dt: u
   data: []
K1: !!opencv-matrix
   rows: 3
   cols: 3
   dt: d
   data: [ 3.6627756984521932e+02, 0., 3.8060969928433269e+02, 0.,
       3.6653175179255015e+02, 2.3878059668569790e+02, 0., 0., 1. ]
D1: !!opencv-matrix
   rows: 5
   cols: 1
   dt: d
   data: [ -2.1859934914563901e-02, -9.9468572971318997e-04,
       1.6448003429794193e-03, -3.1164985765511365e-04,
       3.5195408316194161e-04 ]
P1: !!opencv-matrix
   rows: 3
   cols: 4
   dt: f
   data: [ 3.58739258e+02, 0., 3.82531372e+02, 0., 0., 3.58739258e+02,
       2.31851212e+02, 0., 0., 0., 1., 0. ]
R1: !!opencv-matrix
   rows: 3
   cols: 3
   dt: f
   data: [ 9.99959052e-01, 5.09520387e-03, -7.47612119e-03,
       -5.06079243e-03, 9.99976575e-01, 4.61453060e-03, 7.49945780e-03,
       -4.57650656e-03, 9.99961436e-01 ]
K2: !!opencv-matrix
   rows: 3
   cols: 3
   dt: d
   data: [ 3.6687495098581172e+02, 0., 3.7621769200552956e+02, 0.,
       3.6726361788508825e+02, 2.2399932895774910e+02, 0., 0., 1. ]
D2: !!opencv-matrix
   rows: 5
   cols: 1
   dt: d
   data: [ -2.2201337830972428e-02, -1.1445843221826492e-03,
       2.9199201696882579e-04, -7.1705872414221615e-04,
       5.1284674356775366e-04 ]
P2: !!opencv-matrix
   rows: 3
   cols: 4
   dt: f
   data: [ 3.58739258e+02, 0., 3.82531372e+02, -6.46394063e+04, 0.,
       3.58739258e+02, 2.31851212e+02, 0., 0., 0., 1., 0. ]
R2: !!opencv-matrix
   rows: 3
   cols: 3
   dt: f
   data: [ 9.99979913e-01, -4.67080111e-03, -4.27944120e-03,
       4.65108501e-03, 9.99978602e-01, -4.60554054e-03, 4.30086115e-03,
       4.58554411e-03, 9.99980211e-01 ]
