%YAML:1.0
---
Q: !!opencv-matrix
   rows: 4
   cols: 4
   dt: f
   data: [ 1., 0., 0., -3.82433167e+02, 0., 1., 0., -2.31850510e+02, 0.,
       0., 0., 3.58663849e+02, 0., 0., 5.55100525e-03, 0. ]
R: !!opencv-matrix
   rows: 3
   cols: 3
   dt: d
   data: [ 9.9993011423060918e-01, 9.7445559073735966e-03,
       -3.1539855739266104e-03, -9.6825528590816657e-03,
       9.9988054090836942e-01, 9.2344457482201950e-03,
       3.2429893250507887e-03, -9.2032479551021739e-03,
       9.9992324596967186e-01 ]
T: !!opencv-matrix
   rows: 3
   cols: 1
   dt: d
   data: [ -1.8014591999647328e+02, 8.1730253809716036e-01,
       7.4863681861794651e-01 ]
E: !!opencv-matrix
   rows: 0
   cols: 0
   dt: u
   data: []
F: !!opencv-matrix
   rows: 0
   cols: 0
   dt: u
   data: []
K1: !!opencv-matrix
   rows: 3
   cols: 3
   dt: d
   data: [ 3.6627756984521932e+02, 0., 3.8060969928433269e+02, 0.,
       3.6653175179255015e+02, 2.3878059668569790e+02, 0., 0., 1. ]
D1: !!opencv-matrix
   rows: 5
   cols: 1
   dt: d
   data: [ -2.1859934914563901e-02, -9.9468572971318997e-04,
       1.6448003429794193e-03, -3.1164985765511365e-04,
       3.5195408316194161e-04 ]
P1: !!opencv-matrix
   rows: 3
   cols: 4
   dt: f
   data: [ 3.58663849e+02, 0., 3.82433167e+02, 0., 0., 3.58663849e+02,
       2.31850510e+02, 0., 0., 0., 1., 0. ]
R1: !!opencv-matrix
   rows: 3
   cols: 3
   dt: f
   data: [ 9.99959290e-01, 5.22948895e-03, -7.35113770e-03,
       -5.19564794e-03, 9.99975860e-01, 4.61509405e-03, 7.37509457e-03,
       -4.57671238e-03, 9.99962330e-01 ]
K2: !!opencv-matrix
   rows: 3
   cols: 3
   dt: d
   data: [ 3.6687495098581172e+02, 0., 3.7621769200552956e+02, 0.,
       3.6726361788508825e+02, 2.2399932895774910e+02, 0., 0., 1. ]
D2: !!opencv-matrix
   rows: 5
   cols: 1
   dt: d
   data: [ -2.2201337830972428e-02, -1.1445843221826492e-03,
       2.9199201696882579e-04, -7.1705872414221615e-04,
       5.1284674356775366e-04 ]
P2: !!opencv-matrix
   rows: 3
   cols: 4
   dt: f
   data: [ 3.58663849e+02, 0., 3.82433167e+02, -6.46124102e+04, 0.,
       3.58663849e+02, 2.31850510e+02, 0., 0., 0., 1., 0. ]
R2: !!opencv-matrix
   rows: 3
   cols: 3
   dt: f
   data: [ 9.99981046e-01, -4.53680567e-03, -4.15564282e-03,
       4.51765861e-03, 9.99979198e-01, -4.60535893e-03, 4.17644996e-03,
       4.58649779e-03, 9.99980748e-01 ]
