%YAML:1.0
---
Q: !!opencv-matrix
   rows: 4
   cols: 4
   dt: f
   data: [ 1., 0., 0., -3.82347473e+02, 0., 1., 0., -2.31849854e+02, 0.,
       0., 0., 3.58594086e+02, 0., 0., 5.55441761e-03, 0. ]
R: !!opencv-matrix
   rows: 3
   cols: 3
   dt: d
   data: [ 9.9997054963373733e-01, 9.7502505168280216e-03,
       -3.1505744132319254e-03, -9.6827335563723239e-03,
       9.9988642362662827e-01, 9.2344904260731314e-03,
       3.2430558042521179e-03, -9.2036968835110949e-03,
       9.9992872439948866e-01 ]
T: !!opencv-matrix
   rows: 3
   cols: 1
   dt: d
   data: [ -1.8004170340154184e+02, 7.9408681242960710e-01,
       7.2893418420517320e-01 ]
E: !!opencv-matrix
   rows: 0
   cols: 0
   dt: u
   data: []
F: !!opencv-matrix
   rows: 0
   cols: 0
   dt: u
   data: []
K1: !!opencv-matrix
   rows: 3
   cols: 3
   dt: d
   data: [ 3.6627756984521932e+02, 0., 3.8060969928433269e+02, 0.,
       3.6653175179255015e+02, 2.3878059668569790e+02, 0., 0., 1. ]
D1: !!opencv-matrix
   rows: 5
   cols: 1
   dt: d
   data: [ -2.1859934914563901e-02, -9.9468572971318997e-04,
       1.6448003429794193e-03, -3.1164985765511365e-04,
       3.5195408316194161e-04 ]
P1: !!opencv-matrix
   rows: 3
   cols: 4
   dt: f
   data: [ 3.58594086e+02, 0., 3.82347473e+02, 0., 0., 3.58594086e+02,
       2.31849854e+02, 0., 0., 0., 1., 0. ]
R1: !!opencv-matrix
   rows: 3
   cols: 3
   dt: f
   data: [ 9.99959409e-01, 5.35823964e-03, -7.24125467e-03,
       -5.32489875e-03, 9.99975145e-01, 4.61574318e-03, 7.26580713e-03,
       -4.57699690e-03, 9.99963105e-01 ]
K2: !!opencv-matrix
   rows: 3
   cols: 3
   dt: d
   data: [ 3.6687495098581172e+02, 0., 3.7621769200552956e+02, 0.,
       3.6726361788508825e+02, 2.2399932895774910e+02, 0., 0., 1. ]
D2: !!opencv-matrix
   rows: 5
   cols: 1
   dt: d
   data: [ -2.2201337830972428e-02, -1.1445843221826492e-03,
       2.9199201696882579e-04, -7.1705872414221615e-04,
       5.1284674356775366e-04 ]
P2: !!opencv-matrix
   rows: 3
   cols: 4
   dt: f
   data: [ 3.58594086e+02, 0., 3.82347473e+02, -6.45601563e+04, 0.,
       3.58594086e+02, 2.31849854e+02, 0., 0., 0., 1., 0. ]
R2: !!opencv-matrix
   rows: 3
   cols: 3
   dt: f
   data: [ 9.99982059e-01, -4.41049272e-03, -4.04862361e-03,
       4.39183647e-03, 9.99979734e-01, -4.60532773e-03, 4.06885380e-03,
       4.58746450e-03, 9.99981225e-01 ]
