%YAML:1.0
---
Q: !!opencv-matrix
   rows: 4
   cols: 4
   dt: f
   data: [ 1., 0., 0., -3.82644073e+02, 0., 1., 0., -2.31851959e+02, 0.,
       0., 0., 3.58699188e+02, 0., 0., 5.55048790e-03, 0. ]
R: !!opencv-matrix
   rows: 3
   cols: 3
   dt: d
   data: [ 9.9993751284964549e-01, 9.7359056904391204e-03,
       -3.1511756821648168e-03, -9.6826347341318498e-03,
       9.9988351713582480e-01, 9.2344393215555241e-03,
       3.2432736138446293e-03, -9.2034041989192301e-03,
       9.9992551712187128e-01 ]
T: !!opencv-matrix
   rows: 3
   cols: 1
   dt: d
   data: [ -1.8016788797821076e+02, 8.6700416031636796e-01,
       7.9674928628855413e-01 ]
E: !!opencv-matrix
   rows: 0
   cols: 0
   dt: u
   data: []
F: !!opencv-matrix
   rows: 0
   cols: 0
   dt: u
   data: []
K1: !!opencv-matrix
   rows: 3
   cols: 3
   dt: d
   data: [ 3.6627756984521932e+02, 0., 3.8060969928433269e+02, 0.,
       3.6653175179255015e+02, 2.3878059668569790e+02, 0., 0., 1. ]
D1: !!opencv-matrix
   rows: 5
   cols: 1
   dt: d
   data: [ -2.1859934914563901e-02, -9.9468572971318997e-04,
       1.6448003429794193e-03, -3.1164985765511365e-04,
       3.5195408316194161e-04 ]
P1: !!opencv-matrix
   rows: 3
   cols: 4
   dt: f
   data: [ 3.58699188e+02, 0., 3.82644073e+02, 0., 0., 3.58699188e+02,
       2.31851959e+02, 0., 0., 0., 1., 0. ]
R1: !!opencv-matrix
   rows: 3
   cols: 3
   dt: f
   data: [ 9.99958694e-01, 4.95353760e-03, -7.61913043e-03,
       -4.91847424e-03, 9.99977231e-01, 4.61389823e-03, 7.64181186e-03,
       -4.57623322e-03, 9.99960303e-01 ]
K2: !!opencv-matrix
   rows: 3
   cols: 3
   dt: d
   data: [ 3.6687495098581172e+02, 0., 3.7621769200552956e+02, 0.,
       3.6726361788508825e+02, 2.2399932895774910e+02, 0., 0., 1. ]
D2: !!opencv-matrix
   rows: 5
   cols: 1
   dt: d
   data: [ -2.2201337830972428e-02, -1.1445843221826492e-03,
       2.9199201696882579e-04, -7.1705872414221615e-04,
       5.1284674356775366e-04 ]
P2: !!opencv-matrix
   rows: 3
   cols: 4
   dt: f
   data: [ 3.58699188e+02, 0., 3.82644073e+02, -6.46248047e+04, 0.,
       3.58699188e+02, 2.31851959e+02, 0., 0., 0., 1., 0. ]
R2: !!opencv-matrix
   rows: 3
   cols: 3
   dt: f
   data: [ 9.99978662e-01, -4.81209811e-03, -4.42216406e-03,
       4.79172682e-03, 9.99977887e-01, -4.60573239e-03, 4.44422942e-03,
       4.58444422e-03, 9.99979615e-01 ]
