%YAML:1.0
---
Q: !!opencv-matrix
   rows: 4
   cols: 4
   dt: f
   data: [ 1., 0., 0., -3.82644409e+02, 0., 1., 0., -2.31851959e+02, 0.,
       0., 0., 3.58699280e+02, 0., 0., 5.55092562e-03, 0. ]
R: !!opencv-matrix
   rows: 3
   cols: 3
   dt: d
   data: [ 9.9992136245104857e-01, 9.7379097703450979e-03,
       -3.1521177650810071e-03, -9.6825925604819615e-03,
       9.9989080591975710e-01, 9.2345111666497486e-03,
       3.2434011515854702e-03, -9.2034801259608997e-03,
       9.9993281974234538e-01 ]
T: !!opencv-matrix
   rows: 3
   cols: 1
   dt: d
   data: [ -1.8015361390638904e+02, 8.6693536203553745e-01,
       7.9668551895145834e-01 ]
E: !!opencv-matrix
   rows: 0
   cols: 0
   dt: u
   data: []
F: !!opencv-matrix
   rows: 0
   cols: 0
   dt: u
   data: []
K1: !!opencv-matrix
   rows: 3
   cols: 3
   dt: d
   data: [ 3.6627756984521932e+02, 0., 3.8060969928433269e+02, 0.,
       3.6653175179255015e+02, 2.3878059668569790e+02, 0., 0., 1. ]
D1: !!opencv-matrix
   rows: 5
   cols: 1
   dt: d
   data: [ -2.1859934914563901e-02, -9.9468572971318997e-04,
       1.6448003429794193e-03, -3.1164985765511365e-04,
       3.5195408316194161e-04 ]
P1: !!opencv-matrix
   rows: 3
   cols: 4
   dt: f
   data: [ 3.58699280e+02, 0., 3.82644409e+02, 0., 0., 3.58699280e+02,
       2.31851959e+02, 0., 0., 0., 1., 0. ]
R1: !!opencv-matrix
   rows: 3
   cols: 3
   dt: f
   data: [ 9.99958694e-01, 4.95446846e-03, -7.61997607e-03,
       -4.91940137e-03, 9.99977231e-01, 4.61390428e-03, 7.64266215e-03,
       -4.57622809e-03, 9.99960303e-01 ]
K2: !!opencv-matrix
   rows: 3
   cols: 3
   dt: d
   data: [ 3.6687495098581172e+02, 0., 3.7621769200552956e+02, 0.,
       3.6726361788508825e+02, 2.2399932895774910e+02, 0., 0., 1. ]
D2: !!opencv-matrix
   rows: 5
   cols: 1
   dt: d
   data: [ -2.2201337830972428e-02, -1.1445843221826492e-03,
       2.9199201696882579e-04, -7.1705872414221615e-04,
       5.1284674356775366e-04 ]
P2: !!opencv-matrix
   rows: 3
   cols: 4
   dt: f
   data: [ 3.58699280e+02, 0., 3.82644409e+02, -6.46197227e+04, 0.,
       3.58699280e+02, 2.31851959e+02, 0., 0., 0., 1., 0. ]
R2: !!opencv-matrix
   rows: 3
   cols: 3
   dt: f
   data: [ 9.99978662e-01, -4.81209764e-03, -4.42215987e-03,
       4.79172636e-03, 9.99977887e-01, -4.60573332e-03, 4.44422569e-03,
       4.58444515e-03, 9.99979615e-01 ]
