%YAML:1.0
---
Q: !!opencv-matrix
   rows: 4
   cols: 4
   dt: f
   data: [ 1., 0., 0., -3.82539185e+02, 0., 1., 0., -2.31851227e+02, 0.,
       0., 0., 3.58742493e+02, 0., 0., 5.55165205e-03, 0. ]
R: !!opencv-matrix
   rows: 3
   cols: 3
   dt: d
   data: [ 9.9991356283593080e-01, 9.7387330440192026e-03,
       -3.1530953426509400e-03, -9.6825723703031358e-03,
       9.9989436319675584e-01, 9.2345487191729195e-03,
       3.2434630575500964e-03, -9.2035165269931940e-03,
       9.9993638533487295e-01 ]
T: !!opencv-matrix
   rows: 3
   cols: 1
   dt: d
   data: [ -1.8014628989398835e+02, 8.6690004449934321e-01,
       7.9665274779723727e-01 ]
E: !!opencv-matrix
   rows: 0
   cols: 0
   dt: u
   data: []
F: !!opencv-matrix
   rows: 0
   cols: 0
   dt: u
   data: []
K1: !!opencv-matrix
   rows: 3
   cols: 3
   dt: d
   data: [ 3.6627756984521932e+02, 0., 3.8060969928433269e+02, 0.,
       3.6653175179255015e+02, 2.3878059668569790e+02, 0., 0., 1. ]
D1: !!opencv-matrix
   rows: 5
   cols: 1
   dt: d
   data: [ -2.1859934914563901e-02, -9.9468572971318997e-04,
       1.6448003429794193e-03, -3.1164985765511365e-04,
       3.5195408316194161e-04 ]
P1: !!opencv-matrix
   rows: 3
   cols: 4
   dt: f
   data: [ 3.58742493e+02, 0., 3.82539185e+02, 0., 0., 3.58742493e+02,
       2.31851227e+02, 0., 0., 0., 1., 0. ]
R1: !!opencv-matrix
   rows: 3
   cols: 3
   dt: f
   data: [ 9.99958992e-01, 5.09152329e-03, -7.48557225e-03,
       -5.05706947e-03, 9.99976575e-01, 4.61446913e-03, 7.50889163e-03,
       -4.57642507e-03, 9.99961317e-01 ]
K2: !!opencv-matrix
   rows: 3
   cols: 3
   dt: d
   data: [ 3.6687495098581172e+02, 0., 3.7621769200552956e+02, 0.,
       3.6726361788508825e+02, 2.2399932895774910e+02, 0., 0., 1. ]
D2: !!opencv-matrix
   rows: 5
   cols: 1
   dt: d
   data: [ -2.2201337830972428e-02, -1.1445843221826492e-03,
       2.9199201696882579e-04, -7.1705872414221615e-04,
       5.1284674356775366e-04 ]
P2: !!opencv-matrix
   rows: 3
   cols: 4
   dt: f
   data: [ 3.58742493e+02, 0., 3.82539185e+02, -6.46190508e+04, 0.,
       3.58742493e+02, 2.31851227e+02, 0., 0., 0., 1., 0. ]
R2: !!opencv-matrix
   rows: 3
   cols: 3
   dt: f
   data: [ 9.99979913e-01, -4.67145024e-03, -4.28996189e-03,
       4.65168618e-03, 9.99978602e-01, -4.60549491e-03, 4.31138463e-03,
       4.58544679e-03, 9.99980211e-01 ]
