%YAML:1.0
---
R: !!opencv-matrix
   rows: 3
   cols: 3
   dt: d
   data: [ 9.9789909251439113e-01, -4.2750696192514939e-02,
       4.8680377299376146e-02, 4.4881661743347623e-02,
       9.9804230012197226e-01, -4.3556900789640543e-02,
       -4.6722987897929377e-02, 4.5650247998210804e-02,
       9.9786422786849693e-01 ]
T: !!opencv-matrix
   rows: 3
   cols: 1
   dt: d
   data: [ -1.7997624825260075e+02, 1.0793888964106854e+01,
       1.0729455726644746e+01 ]
Q: !!opencv-matrix
   rows: 4
   cols: 4
   dt: d
   data: [ 1., 0., 0., -4.0498401260375977e+02, 0., 1., 0.,
       -2.3238954544067383e+02, 0., 0., 0., 3.6899493867670998e+02, 0.,
       0., 5.5365283082875107e-03, 0. ]
K1: !!opencv-matrix
   rows: 3
   cols: 3
   dt: d
   data: [ 3.6627756984521932e+02, 0., 3.8060969928433269e+02, 0.,
       3.6653175179255015e+02, 2.3878059668569790e+02, 0., 0., 1. ]
K2: !!opencv-matrix
   rows: 3
   cols: 3
   dt: d
   data: [ 3.6687495098581172e+02, 0., 3.7621769200552956e+02, 0.,
       3.6726361788508825e+02, 2.2399932895774910e+02, 0., 0., 1. ]
D1: !!opencv-matrix
   rows: 5
   cols: 1
   dt: d
   data: [ -2.1859934914563901e-02, -9.9468572971318997e-04,
       1.6448003429794193e-03, -3.1164985765511365e-04,
       3.5195408316194161e-04 ]
D2: !!opencv-matrix
   rows: 5
   cols: 1
   dt: d
   data: [ -2.2201337830972428e-02, -1.1445843221826492e-03,
       2.9199201696882579e-04, -7.1705872414221615e-04,
       5.1284674356775366e-04 ]
R1: !!opencv-matrix
   rows: 3
   cols: 3
   dt: d
   data: [ 9.9444352856131091e-01, -1.0495414005663731e-01,
       -8.1668223625230088e-03, 1.0477433379774115e-01,
       9.9429514767088090e-01, -1.9987453449118724e-02,
       1.0217997835620954e-02, 1.9020720362618700e-02,
       9.9976687518496954e-01 ]
R2: !!opencv-matrix
   rows: 3
   cols: 3
   dt: d
   data: [ 9.9644359326990473e-01, -5.9760671806289793e-02,
       -5.9403935363086212e-02, 6.1074406056640017e-02,
       9.9792165391737775e-01, 2.0549685341484866e-02,
       5.8052410425316961e-02, -2.4104662371962623e-02,
       9.9802248616739309e-01 ]
P1: !!opencv-matrix
   rows: 3
   cols: 4
   dt: d
   data: [ 3.6899493867670998e+02, 0., 4.0498401260375977e+02, 0., 0.,
       3.6899493867670998e+02, 2.3238954544067383e+02, 0., 0., 0., 1.,
       0. ]
P2: !!opencv-matrix
   rows: 3
   cols: 4
   dt: d
   data: [ 3.6899493867670998e+02, 0., 4.0498401260375977e+02,
       -6.6647349770499568e+04, 0., 3.6899493867670998e+02,
       2.3238954544067383e+02, 0., 0., 0., 1., 0. ]
