%YAML:1.0
---
R: !!opencv-matrix
   rows: 3
   cols: 3
   dt: d
   data: [ 9.9876890505494476e-01, 9.5338953915412115e-03,
       4.8680377299376146e-02, -7.4133451620191767e-03,
       9.9902344252130049e-01, -4.3556900789640543e-02,
       -4.9048105048566694e-02, 4.3142393669718553e-02,
       9.9786422786849693e-01 ]
T: !!opencv-matrix
   rows: 3
   cols: 1
   dt: d
   data: [ -1.7997624825260075e+02, 1.0793888964106854e+01,
       1.0729455726644746e+01 ]
Q: !!opencv-matrix
   rows: 4
   cols: 4
   dt: d
   data: [ 1., 0., 0., -4.0488692474365234e+02, 0., 1., 0.,
       -2.3237939834594727e+02, 0., 0., 0., 3.7825642904127932e+02, 0.,
       0., 5.5365283082875107e-03, 0. ]
K1: !!opencv-matrix
   rows: 3
   cols: 3
   dt: d
   data: [ 3.6627756984521932e+02, 0., 3.8060969928433269e+02, 0.,
       3.6653175179255015e+02, 2.3878059668569790e+02, 0., 0., 1. ]
K2: !!opencv-matrix
   rows: 3
   cols: 3
   dt: d
   data: [ 3.6687495098581172e+02, 0., 3.7621769200552956e+02, 0.,
       3.6726361788508825e+02, 2.2399932895774910e+02, 0., 0., 1. ]
D1: !!opencv-matrix
   rows: 5
   cols: 1
   dt: d
   data: [ -2.1859934914563901e-02, -9.9468572971318997e-04,
       1.6448003429794193e-03, -3.1164985765511365e-04,
       3.5195408316194161e-04 ]
D2: !!opencv-matrix
   rows: 5
   cols: 1
   dt: d
   data: [ -2.2201337830972428e-02, -1.1445843221826492e-03,
       2.9199201696882579e-04, -7.1705872414221615e-04,
       5.1284674356775366e-04 ]
R1: !!opencv-matrix
   rows: 3
   cols: 3
   dt: d
   data: [ 9.9857355354839861e-01, -5.2765151058463640e-02,
       -8.1668223625246325e-03, 5.2590261382122194e-02,
       9.9840935075281068e-01, -2.0323206860900868e-02,
       9.2261888926895921e-03, 1.9864721571882439e-02,
       9.9976010636321544e-01 ]
R2: !!opencv-matrix
   rows: 3
   cols: 3
   dt: d
   data: [ 9.9644359326990473e-01, -5.9760671806289717e-02,
       -5.9403935363086177e-02, 6.1054906707267029e-02,
       9.9792969277971078e-01, 2.0214515466837439e-02,
       5.8072917942253541e-02, -2.3769526159623317e-02,
       9.9802933114604353e-01 ]
P1: !!opencv-matrix
   rows: 3
   cols: 4
   dt: d
   data: [ 3.7825642904127932e+02, 0., 4.0488692474365234e+02, 0., 0.,
       3.7825642904127932e+02, 2.3237939834594727e+02, 0., 0., 0., 1.,
       0. ]
P2: !!opencv-matrix
   rows: 3
   cols: 4
   dt: d
   data: [ 3.7825642904127932e+02, 0., 4.0488692474365234e+02,
       -6.8320147207605769e+04, 0., 3.7825642904127932e+02,
       2.3237939834594727e+02, 0., 0., 0., 1., 0. ]
