%YAML:1.0
---
Q: !!opencv-matrix
   rows: 4
   cols: 4
   dt: f
   data: [ 1., 0., 0., -3.82539154e+02, 0., 1., 0., -2.31851212e+02, 0.,
       0., 0., 3.58741943e+02, 0., 0., 5.55367209e-03, 0. ]
R: !!opencv-matrix
   rows: 3
   cols: 3
   dt: d
   data: [ 9.9994129907236928e-01, 9.7370686384882880e-03,
       -3.1511662963319273e-03, -9.6827085323516627e-03,
       9.9989815193728382e-01, 9.2345463594594168e-03,
       3.2433136937290285e-03, -9.2033659256089487e-03,
       9.9994023019637268e-01 ]
T: !!opencv-matrix
   rows: 3
   cols: 1
   dt: d
   data: [ -1.8006368710180840e+02, 8.4117533998668337e-01,
       7.7248100691653043e-01 ]
E: !!opencv-matrix
   rows: 0
   cols: 0
   dt: u
   data: []
F: !!opencv-matrix
   rows: 0
   cols: 0
   dt: u
   data: []
K1: !!opencv-matrix
   rows: 3
   cols: 3
   dt: d
   data: [ 3.6627756984521932e+02, 0., 3.8060969928433269e+02, 0.,
       3.6653175179255015e+02, 2.3878059668569790e+02, 0., 0., 1. ]
D1: !!opencv-matrix
   rows: 5
   cols: 1
   dt: d
   data: [ -2.1859934914563901e-02, -9.9468572971318997e-04,
       1.6448003429794193e-03, -3.1164985765511365e-04,
       3.5195408316194161e-04 ]
P1: !!opencv-matrix
   rows: 3
   cols: 4
   dt: f
   data: [ 3.58741943e+02, 0., 3.82539154e+02, 0., 0., 3.58741943e+02,
       2.31851212e+02, 0., 0., 0., 1., 0. ]
R1: !!opencv-matrix
   rows: 3
   cols: 3
   dt: f
   data: [ 9.99958992e-01, 5.09344414e-03, -7.48550659e-03,
       -5.05899079e-03, 9.99976575e-01, 4.61447984e-03, 7.50883482e-03,
       -4.57642181e-03, 9.99961317e-01 ]
K2: !!opencv-matrix
   rows: 3
   cols: 3
   dt: d
   data: [ 3.6687495098581172e+02, 0., 3.7621769200552956e+02, 0.,
       3.6726361788508825e+02, 2.2399932895774910e+02, 0., 0., 1. ]
D2: !!opencv-matrix
   rows: 5
   cols: 1
   dt: d
   data: [ -2.2201337830972428e-02, -1.1445843221826492e-03,
       2.9199201696882579e-04, -7.1705872414221615e-04,
       5.1284674356775366e-04 ]
P2: !!opencv-matrix
   rows: 3
   cols: 4
   dt: f
   data: [ 3.58741943e+02, 0., 3.82539154e+02, -6.45954531e+04, 0.,
       3.58741943e+02, 2.31851212e+02, 0., 0., 0., 1., 0. ]
R2: !!opencv-matrix
   rows: 3
   cols: 3
   dt: f
   data: [ 9.99979913e-01, -4.67144931e-03, -4.28995537e-03,
       4.65168525e-03, 9.99978602e-01, -4.60549863e-03, 4.31137765e-03,
       4.58545052e-03, 9.99980211e-01 ]
