%YAML:1.0
---
Q: !!opencv-matrix
   rows: 4
   cols: 4
   dt: f
   data: [ 1., 0., 0., -3.82644043e+02, 0., 1., 0., -2.31851974e+02, 0.,
       0., 0., 3.58698761e+02, 0., 0., 5.54872490e-03, 0. ]
R: !!opencv-matrix
   rows: 3
   cols: 3
   dt: d
   data: [ 9.9994886953449935e-01, 9.7338231315467257e-03,
       -3.1507473953359794e-03, -9.6826301619777032e-03,
       9.9987136768583595e-01, 9.2343251282797252e-03,
       3.2431299926257056e-03, -9.2032833784202791e-03,
       9.9991335579666552e-01 ]
T: !!opencv-matrix
   rows: 3
   cols: 1
   dt: d
   data: [ -1.8022551004810023e+02, 8.6728156912643517e-01,
       7.9700485084275241e-01 ]
E: !!opencv-matrix
   rows: 0
   cols: 0
   dt: u
   data: []
F: !!opencv-matrix
   rows: 0
   cols: 0
   dt: u
   data: []
K1: !!opencv-matrix
   rows: 3
   cols: 3
   dt: d
   data: [ 3.6627756984521932e+02, 0., 3.8060969928433269e+02, 0.,
       3.6653175179255015e+02, 2.3878059668569790e+02, 0., 0., 1. ]
D1: !!opencv-matrix
   rows: 5
   cols: 1
   dt: d
   data: [ -2.1859934914563901e-02, -9.9468572971318997e-04,
       1.6448003429794193e-03, -3.1164985765511365e-04,
       3.5195408316194161e-04 ]
P1: !!opencv-matrix
   rows: 3
   cols: 4
   dt: f
   data: [ 3.58698761e+02, 0., 3.82644043e+02, 0., 0., 3.58698761e+02,
       2.31851974e+02, 0., 0., 0., 1., 0. ]
R1: !!opencv-matrix
   rows: 3
   cols: 3
   dt: f
   data: [ 9.99958694e-01, 4.95191477e-03, -7.61905219e-03,
       -4.91685187e-03, 9.99977291e-01, 4.61388845e-03, 7.64172664e-03,
       -4.57623648e-03, 9.99960303e-01 ]
K2: !!opencv-matrix
   rows: 3
   cols: 3
   dt: d
   data: [ 3.6687495098581172e+02, 0., 3.7621769200552956e+02, 0.,
       3.6726361788508825e+02, 2.2399932895774910e+02, 0., 0., 1. ]
D2: !!opencv-matrix
   rows: 5
   cols: 1
   dt: d
   data: [ -2.2201337830972428e-02, -1.1445843221826492e-03,
       2.9199201696882579e-04, -7.1705872414221615e-04,
       5.1284674356775366e-04 ]
P2: !!opencv-matrix
   rows: 3
   cols: 4
   dt: f
   data: [ 3.58698761e+02, 0., 3.82644043e+02, -6.46452578e+04, 0.,
       3.58698761e+02, 2.31851974e+02, 0., 0., 0., 1., 0. ]
R2: !!opencv-matrix
   rows: 3
   cols: 3
   dt: f
   data: [ 9.99978662e-01, -4.81209951e-03, -4.42217011e-03,
       4.79172822e-03, 9.99977887e-01, -4.60572960e-03, 4.44423547e-03,
       4.58444143e-03, 9.99979615e-01 ]
