%YAML:1.0
---
Q: !!opencv-matrix
   rows: 4
   cols: 4
   dt: f
   data: [ 1., 0., 0., -3.82644226e+02, 0., 1., 0., -2.31851959e+02, 0.,
       0., 0., 3.58699249e+02, 0., 0., 5.55069977e-03, 0. ]
R: !!opencv-matrix
   rows: 3
   cols: 3
   dt: d
   data: [ 9.9992946946192052e-01, 9.7369166791592271e-03,
       -3.1515494524541506e-03, -9.6826139532437579e-03,
       9.9988719287983796e-01, 9.2344750656426881e-03,
       3.2433374841019480e-03, -9.2034424907440418e-03,
       9.9992919939829972e-01 ]
T: !!opencv-matrix
   rows: 3
   cols: 1
   dt: d
   data: [ -1.8016050173066159e+02, 8.6696856107912745e-01,
       7.9671629302009717e-01 ]
E: !!opencv-matrix
   rows: 0
   cols: 0
   dt: u
   data: []
F: !!opencv-matrix
   rows: 0
   cols: 0
   dt: u
   data: []
K1: !!opencv-matrix
   rows: 3
   cols: 3
   dt: d
   data: [ 3.6627756984521932e+02, 0., 3.8060969928433269e+02, 0.,
       3.6653175179255015e+02, 2.3878059668569790e+02, 0., 0., 1. ]
D1: !!opencv-matrix
   rows: 5
   cols: 1
   dt: d
   data: [ -2.1859934914563901e-02, -9.9468572971318997e-04,
       1.6448003429794193e-03, -3.1164985765511365e-04,
       3.5195408316194161e-04 ]
P1: !!opencv-matrix
   rows: 3
   cols: 4
   dt: f
   data: [ 3.58699249e+02, 0., 3.82644226e+02, 0., 0., 3.58699249e+02,
       2.31851959e+02, 0., 0., 0., 1., 0. ]
R1: !!opencv-matrix
   rows: 3
   cols: 3
   dt: f
   data: [ 9.99958694e-01, 4.95404564e-03, -7.61945173e-03,
       -4.91898088e-03, 9.99977231e-01, 4.61390149e-03, 7.64213596e-03,
       -4.57623089e-03, 9.99960303e-01 ]
K2: !!opencv-matrix
   rows: 3
   cols: 3
   dt: d
   data: [ 3.6687495098581172e+02, 0., 3.7621769200552956e+02, 0.,
       3.6726361788508825e+02, 2.2399932895774910e+02, 0., 0., 1. ]
D2: !!opencv-matrix
   rows: 5
   cols: 1
   dt: d
   data: [ -2.2201337830972428e-02, -1.1445843221826492e-03,
       2.9199201696882579e-04, -7.1705872414221615e-04,
       5.1284674356775366e-04 ]
P2: !!opencv-matrix
   rows: 3
   cols: 4
   dt: f
   data: [ 3.58699249e+02, 0., 3.82644226e+02, -6.46223477e+04, 0.,
       3.58699249e+02, 2.31851959e+02, 0., 0., 0., 1., 0. ]
R2: !!opencv-matrix
   rows: 3
   cols: 3
   dt: f
   data: [ 9.99978662e-01, -4.81209811e-03, -4.42216219e-03,
       4.79172682e-03, 9.99977887e-01, -4.60573332e-03, 4.44422755e-03,
       4.58444515e-03, 9.99979615e-01 ]
