%YAML:1.0
---
Q: !!opencv-matrix
   rows: 4
   cols: 4
   dt: f
   data: [ 1., 0., 0., -3.82441101e+02, 0., 1., 0., -2.31850525e+02, 0.,
       0., 0., 3.58667297e+02, 0., 0., 5.55453729e-03, 0. ]
R: !!opencv-matrix
   rows: 3
   cols: 3
   dt: d
   data: [ 9.9996994422110363e-01, 9.7347979580639007e-03,
       -3.1517499546068889e-03, -9.6828048831029603e-03,
       9.9989091288125476e-01, 9.2345122208590674e-03,
       3.2431037542143288e-03, -9.2035436047045727e-03,
       9.9993303614570883e-01 ]
T: !!opencv-matrix
   rows: 3
   cols: 1
   dt: d
   data: [ -1.8005027321817946e+02, 8.1692089411478575e-01,
       7.5018251879000541e-01 ]
E: !!opencv-matrix
   rows: 0
   cols: 0
   dt: u
   data: []
F: !!opencv-matrix
   rows: 0
   cols: 0
   dt: u
   data: []
K1: !!opencv-matrix
   rows: 3
   cols: 3
   dt: d
   data: [ 3.6627756984521932e+02, 0., 3.8060969928433269e+02, 0.,
       3.6653175179255015e+02, 2.3878059668569790e+02, 0., 0., 1. ]
D1: !!opencv-matrix
   rows: 5
   cols: 1
   dt: d
   data: [ -2.1859934914563901e-02, -9.9468572971318997e-04,
       1.6448003429794193e-03, -3.1164985765511365e-04,
       3.5195408316194161e-04 ]
P1: !!opencv-matrix
   rows: 3
   cols: 4
   dt: f
   data: [ 3.58667297e+02, 0., 3.82441101e+02, 0., 0., 3.58667297e+02,
       2.31850525e+02, 0., 0., 0., 1., 0. ]
R1: !!opencv-matrix
   rows: 3
   cols: 3
   dt: f
   data: [ 9.99959230e-01, 5.22500882e-03, -7.36070471e-03,
       -5.19112404e-03, 9.99975860e-01, 4.61512711e-03, 7.38464110e-03,
       -4.57672868e-03, 9.99962270e-01 ]
K2: !!opencv-matrix
   rows: 3
   cols: 3
   dt: d
   data: [ 3.6687495098581172e+02, 0., 3.7621769200552956e+02, 0.,
       3.6726361788508825e+02, 2.2399932895774910e+02, 0., 0., 1. ]
D2: !!opencv-matrix
   rows: 5
   cols: 1
   dt: d
   data: [ -2.2201337830972428e-02, -1.1445843221826492e-03,
       2.9199201696882579e-04, -7.1705872414221615e-04,
       5.1284674356775366e-04 ]
P2: !!opencv-matrix
   rows: 3
   cols: 4
   dt: f
   data: [ 3.58667297e+02, 0., 3.82441101e+02, -6.45719492e+04, 0.,
       3.58667297e+02, 2.31850525e+02, 0., 0., 0., 1., 0. ]
R2: !!opencv-matrix
   rows: 3
   cols: 3
   dt: f
   data: [ 9.99981046e-01, -4.53709625e-03, -4.16643778e-03,
       4.51789936e-03, 9.99979198e-01, -4.60540829e-03, 4.18724632e-03,
       4.58649732e-03, 9.99980688e-01 ]
