%YAML:1.0
---
Q: !!opencv-matrix
   rows: 4
   cols: 4
   dt: f
   data: [ 1., 0., 0., -3.71458801e+02, 0., 1., 0., -2.31797104e+02, 0.,
       0., 0., 3.52523773e+02, 0., 0., -1.78554438e+06, 0. ]
R: !!opencv-matrix
   rows: 3
   cols: 3
   dt: d
   data: [ 3.4560368849154813e+01, 5.2029541381008126e-01,
       -1.4988598412084448e+00, -3.3376417645589723e-01,
       3.4116460766648579e+01, 3.2573690964242358e-01,
       1.8459197029222363e-01, -5.2286773742855598e-02,
       3.4183948929036454e+01 ]
T: !!opencv-matrix
   rows: 3
   cols: 1
   dt: d
   data: [ 5.5989097020698329e-07, -6.9329670432811760e-09,
       1.1563818312235651e-08 ]
E: !!opencv-matrix
   rows: 0
   cols: 0
   dt: u
   data: []
F: !!opencv-matrix
   rows: 0
   cols: 0
   dt: u
   data: []
K1: !!opencv-matrix
   rows: 3
   cols: 3
   dt: d
   data: [ 3.6627756984521932e+02, 0., 3.8060969928433269e+02, 0.,
       3.6653175179255015e+02, 2.3878059668569790e+02, 0., 0., 1. ]
D1: !!opencv-matrix
   rows: 5
   cols: 1
   dt: d
   data: [ -2.1859934914563901e-02, -9.9468572971318997e-04,
       1.6448003429794193e-03, -3.1164985765511365e-04,
       3.5195408316194161e-04 ]
P1: !!opencv-matrix
   rows: 3
   cols: 4
   dt: f
   data: [ 3.52523773e+02, 0., 3.71458801e+02, 0., 0., 3.52523773e+02,
       2.31797104e+02, 0., 0., 0., 1., 0. ]
R1: !!opencv-matrix
   rows: 3
   cols: 3
   dt: f
   data: [ 9.99992430e-01, 3.57177646e-06, -3.89825064e-03,
       6.99834936e-06, 9.99996305e-01, 2.71148793e-03, 3.89824598e-03,
       -2.71149469e-03, 9.99988735e-01 ]
K2: !!opencv-matrix
   rows: 3
   cols: 3
   dt: d
   data: [ 3.6687495098581172e+02, 0., 3.7621769200552956e+02, 0.,
       3.6726361788508825e+02, 2.2399932895774910e+02, 0., 0., 1. ]
D2: !!opencv-matrix
   rows: 5
   cols: 1
   dt: d
   data: [ -2.2201337830972428e-02, -1.1445843221826492e-03,
       2.9199201696882579e-04, -7.1705872414221615e-04,
       5.1284674356775366e-04 ]
P2: !!opencv-matrix
   rows: 3
   cols: 4
   dt: f
   data: [ 3.52523773e+02, 0., 3.71458801e+02, 1.97432106e-04, 0.,
       3.52523773e+02, 2.31797104e+02, 0., 0., 0., 1., 0. ]
R2: !!opencv-matrix
   rows: 3
   cols: 3
   dt: f
   data: [ 9.99710202e-01, -1.23791201e-02, 2.06477102e-02,
       1.24350647e-02, 9.99919355e-01, -2.58329650e-03, -2.06140671e-02,
       2.83930358e-03, 9.99783456e-01 ]
