%YAML:1.0
---
Q: !!opencv-matrix
   rows: 4
   cols: 4
   dt: f
   data: [ 1., 0., 0., -4.53232147e+02, 0., 1., 0., -2.31670380e+02, 0.,
       0., 0., 3.55173370e+02, 0., 0., -1.33903288e+06, 0. ]
R: !!opencv-matrix
   rows: 3
   cols: 3
   dt: d
   data: [ 3.7458924152909574e+01, 4.1519164125581903e-01,
       -1.5378295158791031e+00, -3.6203308986185140e-01,
       3.6985979670765438e+01, 3.4796108330381054e-01,
       8.4597706399559894e-03, -3.7322239922957540e-01,
       3.7116315943060854e+01 ]
T: !!opencv-matrix
   rows: 3
   cols: 1
   dt: d
   data: [ 7.1676069587387288e-07, -1.9263698224903131e-09,
       -5.9164758543002068e-08 ]
E: !!opencv-matrix
   rows: 0
   cols: 0
   dt: u
   data: []
F: !!opencv-matrix
   rows: 0
   cols: 0
   dt: u
   data: []
K1: !!opencv-matrix
   rows: 3
   cols: 3
   dt: d
   data: [ 3.6627756984521932e+02, 0., 3.8060969928433269e+02, 0.,
       3.6653175179255015e+02, 2.3878059668569790e+02, 0., 0., 1. ]
D1: !!opencv-matrix
   rows: 5
   cols: 1
   dt: d
   data: [ -2.1859934914563901e-02, -9.9468572971318997e-04,
       1.6448003429794193e-03, -3.1164985765511365e-04,
       3.5195408316194161e-04 ]
P1: !!opencv-matrix
   rows: 3
   cols: 4
   dt: f
   data: [ 3.55173370e+02, 0., 4.53232147e+02, 0., 0., 3.55173370e+02,
       2.31670380e+02, 0., 0., 0., 1., 0. ]
R1: !!opencv-matrix
   rows: 3
   cols: 3
   dt: f
   data: [ 9.94432330e-01, 6.42922567e-03, -1.05181068e-01,
       -5.96048310e-03, 9.99970853e-01, 4.77026217e-03, 1.05208673e-01,
       -4.11677267e-03, 9.94441628e-01 ]
K2: !!opencv-matrix
   rows: 3
   cols: 3
   dt: d
   data: [ 3.6687495098581172e+02, 0., 3.7621769200552956e+02, 0.,
       3.6726361788508825e+02, 2.2399932895774910e+02, 0., 0., 1. ]
D2: !!opencv-matrix
   rows: 5
   cols: 1
   dt: d
   data: [ -2.2201337830972428e-02, -1.1445843221826492e-03,
       2.9199201696882579e-04, -7.1705872414221615e-04,
       5.1284674356775366e-04 ]
P2: !!opencv-matrix
   rows: 3
   cols: 4
   dt: f
   data: [ 3.55173370e+02, 0., 4.53232147e+02, 2.65246199e-04, 0.,
       3.55173370e+02, 2.31670380e+02, 0., 0., 0., 1., 0. ]
R2: !!opencv-matrix
   rows: 3
   cols: 3
   dt: f
   data: [ 9.96428132e-01, -3.66949663e-03, -8.43656585e-02,
       3.29372147e-03, 9.99984026e-01, -4.59288154e-03, 8.43811631e-02,
       4.29859897e-03, 9.96424258e-01 ]
