%YAML:1.0
---
Q: !!opencv-matrix
   rows: 4
   cols: 4
   dt: f
   data: [ 1., 0., 0., -6.86455505e+02, 0., 1., 0., -2.33661469e+02, 0.,
       0., 0., 2.99453094e+02, 0., 0., -1625357., 0. ]
R: !!opencv-matrix
   rows: 3
   cols: 3
   dt: d
   data: [ 3.7118717620164048e+01, 3.3202774917118627e-01,
       -1.4979467519459817e+00, -3.5787330010697244e-01,
       3.6669068417497741e+01, 3.4480557083355795e-01,
       4.8959226868354612e-02, -3.4808290787334684e-01,
       3.6793539101537846e+01 ]
T: !!opencv-matrix
   rows: 3
   cols: 1
   dt: d
   data: [ 7.4138576991071156e-07, -2.7302714004812574e-09,
       -6.2771619464099207e-08 ]
E: !!opencv-matrix
   rows: 0
   cols: 0
   dt: u
   data: []
F: !!opencv-matrix
   rows: 0
   cols: 0
   dt: u
   data: []
K1: !!opencv-matrix
   rows: 3
   cols: 3
   dt: d
   data: [ 3.6627756984521932e+02, 0., 3.8060969928433269e+02, 0.,
       3.6653175179255015e+02, 2.3878059668569790e+02, 0., 0., 1. ]
D1: !!opencv-matrix
   rows: 5
   cols: 1
   dt: d
   data: [ -2.1859934914563901e-02, -9.9468572971318997e-04,
       1.6448003429794193e-03, -3.1164985765511365e-04,
       3.5195408316194161e-04 ]
P1: !!opencv-matrix
   rows: 3
   cols: 4
   dt: f
   data: [ 2.99453094e+02, 0., 6.86455505e+02, 0., 0., 2.99453094e+02,
       2.33661469e+02, 0., 0., 0., 1., 0. ]
R1: !!opencv-matrix
   rows: 3
   cols: 3
   dt: f
   data: [ 9.40713167e-01, -1.04152998e-02, -3.39043140e-01,
       1.14687970e-02, 9.99933600e-01, 1.10381295e-03, 3.39009136e-01,
       -4.92678815e-03, 9.40770209e-01 ]
K2: !!opencv-matrix
   rows: 3
   cols: 3
   dt: d
   data: [ 3.6687495098581172e+02, 0., 3.7621769200552956e+02, 0.,
       3.6726361788508825e+02, 2.2399932895774910e+02, 0., 0., 1. ]
D2: !!opencv-matrix
   rows: 5
   cols: 1
   dt: d
   data: [ -2.2201337830972428e-02, -1.1445843221826492e-03,
       2.9199201696882579e-04, -7.1705872414221615e-04,
       5.1284674356775366e-04 ]
P2: !!opencv-matrix
   rows: 3
   cols: 4
   dt: f
   data: [ 2.99453094e+02, 0., 6.86455505e+02, 1.84238364e-04, 0.,
       2.99453094e+02, 2.33661469e+02, 0., 0., 0., 1., 0. ]
R2: !!opencv-matrix
   rows: 3
   cols: 3
   dt: f
   data: [ 9.52111602e-01, -2.15748679e-02, -3.04988623e-01,
       2.06298102e-02, 9.99767184e-01, -6.32143300e-03, 3.05054009e-01,
       -2.73147976e-04, 9.52335000e-01 ]
