%YAML:1.0
---
Q: !!opencv-matrix
   rows: 4
   cols: 4
   dt: f
   data: [ 1., 0., 0., -3.93327637e+02, 0., 1., 0., -2.31837769e+02, 0.,
       0., 0., 3.55558990e+02, 0., 0., -1.74178203e+04, 0. ]
R: !!opencv-matrix
   rows: 3
   cols: 3
   dt: d
   data: [ 3.3505401506407480e+01, 3.7300546357106190e-01,
       -1.3968591961585219e+00, -3.2620320629984328e-01,
       3.3048451941424936e+01, 3.1174218852257807e-01,
       -3.3780365620246687e-02, -3.1937082227829805e-01,
       3.3077674369232732e+01 ]
T: !!opencv-matrix
   rows: 3
   cols: 1
   dt: d
   data: [ 6.1990179463205761e-07, -1.1242043778097198e-09,
       9.8842256368261679e-10 ]
E: !!opencv-matrix
   rows: 0
   cols: 0
   dt: u
   data: []
F: !!opencv-matrix
   rows: 0
   cols: 0
   dt: u
   data: []
K1: !!opencv-matrix
   rows: 3
   cols: 3
   dt: d
   data: [ 3.6627756984521932e+02, 0., 3.8060969928433269e+02, 0.,
       3.6653175179255015e+02, 2.3878059668569790e+02, 0., 0., 1. ]
D1: !!opencv-matrix
   rows: 5
   cols: 1
   dt: d
   data: [ -2.1859934914563901e-02, -9.9468572971318997e-04,
       1.6448003429794193e-03, -3.1164985765511365e-04,
       3.5195408316194161e-04 ]
P1: !!opencv-matrix
   rows: 3
   cols: 4
   dt: f
   data: [ 3.55558990e+02, 0., 3.93327637e+02, 0., 0., 3.55558990e+02,
       2.31837769e+02, 0., 0., 0., 1., 0. ]
R1: !!opencv-matrix
   rows: 3
   cols: 3
   dt: f
   data: [ 9.99534667e-01, 3.93569889e-03, -3.02490517e-02,
       -3.79787013e-03, 9.99982178e-01, 4.61256551e-03, 3.02666668e-02,
       -4.49553737e-03, 9.99531746e-01 ]
K2: !!opencv-matrix
   rows: 3
   cols: 3
   dt: d
   data: [ 3.6687495098581172e+02, 0., 3.7621769200552956e+02, 0.,
       3.6726361788508825e+02, 2.2399932895774910e+02, 0., 0., 1. ]
D2: !!opencv-matrix
   rows: 5
   cols: 1
   dt: d
   data: [ -2.2201337830972428e-02, -1.1445843221826492e-03,
       2.9199201696882579e-04, -7.1705872414221615e-04,
       5.1284674356775366e-04 ]
P2: !!opencv-matrix
   rows: 3
   cols: 4
   dt: f
   data: [ 3.55558990e+02, 0., 3.93327637e+02, 2.04135180e-02, 0.,
       3.55558990e+02, 2.31837769e+02, 0., 0., 0., 1., 0. ]
R2: !!opencv-matrix
   rows: 3
   cols: 3
   dt: f
   data: [ 9.99949038e-01, -4.42754896e-03, -9.07295756e-03,
       4.38617915e-03, 9.99979913e-01, -4.57453774e-03, 9.09302849e-03,
       4.53450903e-03, 9.99948382e-01 ]
