%YAML:1.0
---
Q: !!opencv-matrix
   rows: 4
   cols: 4
   dt: f
   data: [ 1., 0., 0., -4.48387451e+02, 0., 1., 0., -2.31719452e+02, 0.,
       0., 0., 3.55437500e+02, 0., 0., -1.51924780e+03, 0. ]
R: !!opencv-matrix
   rows: 3
   cols: 3
   dt: d
   data: [ 3.7624427789452064e+01, 3.6565684684391286e-01,
       -1.4777503919737062e-01, -3.6428867340691212e-01,
       3.7615388457658369e+01, 3.4752735229105414e-01,
       1.2134016481144105e-01, -3.4625210584941807e-01,
       3.7619505173023725e+01 ]
T: !!opencv-matrix
   rows: 3
   cols: 1
   dt: d
   data: [ 2.4252349042207001e-02, -1.0697061511045391e-04,
       -2.1196971835729184e-03 ]
E: !!opencv-matrix
   rows: 0
   cols: 0
   dt: u
   data: []
F: !!opencv-matrix
   rows: 0
   cols: 0
   dt: u
   data: []
K1: !!opencv-matrix
   rows: 3
   cols: 3
   dt: d
   data: [ 3.6627756984521932e+02, 0., 3.8060969928433269e+02, 0.,
       3.6653175179255015e+02, 2.3878059668569790e+02, 0., 0., 1. ]
D1: !!opencv-matrix
   rows: 5
   cols: 1
   dt: d
   data: [ -2.1859934914563901e-02, -9.9468572971318997e-04,
       1.6448003429794193e-03, -3.1164985765511365e-04,
       3.5195408316194161e-04 ]
P1: !!opencv-matrix
   rows: 3
   cols: 4
   dt: f
   data: [ 3.55437500e+02, 0., 4.48387451e+02, 0., 0., 3.55437500e+02,
       2.31719452e+02, 0., 0., 0., 1., 0. ]
R1: !!opencv-matrix
   rows: 3
   cols: 3
   dt: f
   data: [ 9.95853961e-01, 6.07062690e-03, -9.07634944e-02,
       -5.67174423e-03, 9.99973118e-01, 4.65203077e-03, 9.07892883e-02,
       -4.11795639e-03, 9.95861590e-01 ]
K2: !!opencv-matrix
   rows: 3
   cols: 3
   dt: d
   data: [ 3.6687495098581172e+02, 0., 3.7621769200552956e+02, 0.,
       3.6726361788508825e+02, 2.2399932895774910e+02, 0., 0., 1. ]
D2: !!opencv-matrix
   rows: 5
   cols: 1
   dt: d
   data: [ -2.2201337830972428e-02, -1.1445843221826492e-03,
       2.9199201696882579e-04, -7.1705872414221615e-04,
       5.1284674356775366e-04 ]
P2: !!opencv-matrix
   rows: 3
   cols: 4
   dt: f
   data: [ 3.55437500e+02, 0., 4.48387451e+02, 2.33956248e-01, 0.,
       3.55437500e+02, 2.31719452e+02, 0., 0., 0., 1., 0. ]
R2: !!opencv-matrix
   rows: 3
   cols: 3
   dt: f
   data: [ 9.96192575e-01, -4.39393846e-03, -8.70689526e-02,
       4.01133904e-03, 9.99981523e-01, -4.56869463e-03, 8.70874152e-02,
       4.20203665e-03, 9.96191800e-01 ]
