%YAML:1.0
---
Q: !!opencv-matrix
   rows: 4
   cols: 4
   dt: f
   data: [ 1., 0., 0., -4.17206604e+02, 0., 1., 0., -2.31786285e+02, 0.,
       0., 0., 3.56322571e+02, 0., 0., -1.03993891e+05, 0. ]
R: !!opencv-matrix
   rows: 3
   cols: 3
   dt: d
   data: [ 3.4560368849154813e+01, 5.2029541381008126e-01,
       -1.4988598412084448e+00, -3.3376417645589723e-01,
       3.4116460766648579e+01, 3.2573690964242358e-01,
       1.8459197029222363e-01, -5.2286773742855598e-02,
       3.4183948929036454e+01 ]
T: !!opencv-matrix
   rows: 3
   cols: 1
   dt: d
   data: [ 5.5989097020698329e-07, -6.9329670432811760e-09,
       1.1563818312235651e-08 ]
E: !!opencv-matrix
   rows: 0
   cols: 0
   dt: u
   data: []
F: !!opencv-matrix
   rows: 0
   cols: 0
   dt: u
   data: []
K1: !!opencv-matrix
   rows: 3
   cols: 3
   dt: d
   data: [ 3.6627756984521932e+02, 0., 3.8060969928433269e+02, 0.,
       3.6653175179255015e+02, 2.3878059668569790e+02, 0., 0., 1. ]
D1: !!opencv-matrix
   rows: 5
   cols: 1
   dt: d
   data: [ -2.1859934914563901e-02, -9.9468572971318997e-04,
       1.6448003429794193e-03, -3.1164985765511365e-04,
       3.5195408316194161e-04 ]
P1: !!opencv-matrix
   rows: 3
   cols: 4
   dt: f
   data: [ 3.56322571e+02, 0., 4.17206604e+02, 0., 0., 3.56322571e+02,
       2.31786285e+02, 0., 0., 0., 1., 0. ]
R1: !!opencv-matrix
   rows: 3
   cols: 3
   dt: f
   data: [ 9.98302221e-01, 6.28898479e-03, -5.79056777e-02,
       -6.02876861e-03, 9.99970913e-01, 4.66739899e-03, 5.79333492e-02,
       -4.31037508e-03, 9.98311162e-01 ]
K2: !!opencv-matrix
   rows: 3
   cols: 3
   dt: d
   data: [ 3.6687495098581172e+02, 0., 3.7621769200552956e+02, 0.,
       3.6726361788508825e+02, 2.2399932895774910e+02, 0., 0., 1. ]
D2: !!opencv-matrix
   rows: 5
   cols: 1
   dt: d
   data: [ -2.2201337830972428e-02, -1.1445843221826492e-03,
       2.9199201696882579e-04, -7.1705872414221615e-04,
       5.1284674356775366e-04 ]
P2: !!opencv-matrix
   rows: 3
   cols: 4
   dt: f
   data: [ 3.56322571e+02, 0., 4.17206604e+02, 3.42637999e-03, 0.,
       3.56322571e+02, 2.31786285e+02, 0., 0., 0., 1., 0. ]
R2: !!opencv-matrix
   rows: 3
   cols: 3
   dt: f
   data: [ 9.99103665e-01, -4.43184376e-03, -4.20984030e-02,
       4.24270146e-03, 9.99980509e-01, -4.58114548e-03, 4.21178862e-02,
       4.39842837e-03, 9.99102950e-01 ]
