%YAML:1.0
---
Q: !!opencv-matrix
   rows: 4
   cols: 4
   dt: f
   data: [ 1., 0., 0., -3.84668976e+02, 0., 1., 0., -2.31804276e+02, 0.,
       0., 0., 3.58508514e+02, 0., 0., -1613154., 0. ]
R: !!opencv-matrix
   rows: 3
   cols: 3
   dt: d
   data: [ 3.3397572739174521e+01, 3.4042631770690496e-01,
       -2.0902626956042900e-01, -3.2550760557383596e-01,
       3.3796137001584221e+01, 3.1257830926645863e-01,
       1.2235145811552868e-01, -3.1146178778891870e-01,
       3.3800871684667456e+01 ]
T: !!opencv-matrix
   rows: 3
   cols: 1
   dt: d
   data: [ 1.9525268995176828e-05, -8.6121292310956470e-08,
       -6.2154179824733087e-07 ]
E: !!opencv-matrix
   rows: 0
   cols: 0
   dt: u
   data: []
F: !!opencv-matrix
   rows: 0
   cols: 0
   dt: u
   data: []
K1: !!opencv-matrix
   rows: 3
   cols: 3
   dt: d
   data: [ 3.6627756984521932e+02, 0., 3.8060969928433269e+02, 0.,
       3.6653175179255015e+02, 2.3878059668569790e+02, 0., 0., 1. ]
D1: !!opencv-matrix
   rows: 5
   cols: 1
   dt: d
   data: [ -2.1859934914563901e-02, -9.9468572971318997e-04,
       1.6448003429794193e-03, -3.1164985765511365e-04,
       3.5195408316194161e-04 ]
P1: !!opencv-matrix
   rows: 3
   cols: 4
   dt: f
   data: [ 3.58508514e+02, 0., 3.84668976e+02, 0., 0., 3.58508514e+02,
       2.31804276e+02, 0., 0., 0., 1., 0. ]
R1: !!opencv-matrix
   rows: 3
   cols: 3
   dt: f
   data: [ 9.99784887e-01, 8.66843387e-03, -1.88423544e-02,
       -8.57952330e-03, 9.99951720e-01, 4.79438296e-03, 1.88830048e-02,
       -4.63169301e-03, 9.99810994e-01 ]
K2: !!opencv-matrix
   rows: 3
   cols: 3
   dt: d
   data: [ 3.6687495098581172e+02, 0., 3.7621769200552956e+02, 0.,
       3.6726361788508825e+02, 2.2399932895774910e+02, 0., 0., 1. ]
D2: !!opencv-matrix
   rows: 5
   cols: 1
   dt: d
   data: [ -2.2201337830972428e-02, -1.1445843221826492e-03,
       2.9199201696882579e-04, -7.1705872414221615e-04,
       5.1284674356775366e-04 ]
P2: !!opencv-matrix
   rows: 3
   cols: 4
   dt: f
   data: [ 3.58508514e+02, 0., 3.84668976e+02, 2.22240720e-04, 0.,
       3.58508514e+02, 2.31804276e+02, 0., 0., 0., 1., 0. ]
R2: !!opencv-matrix
   rows: 3
   cols: 3
   dt: f
   data: [ 9.99997079e-01, -1.81351486e-03, 1.59447780e-03,
       1.82100991e-03, 9.99987245e-01, -4.71184310e-03, -1.58591254e-03,
       4.71473299e-03, 9.99987602e-01 ]
