%YAML:1.0
---
Q: !!opencv-matrix
   rows: 4
   cols: 4
   dt: f
   data: [ 1., 0., 0., -4.28789581e+02, 0., 1., 0., -2.31689804e+02, 0.,
       0., 0., 3.57069305e+02, 0., 0., -1.48758638e+06, 0. ]
R: !!opencv-matrix
   rows: 3
   cols: 3
   dt: d
   data: [ 3.5434067983450703e+01, 4.3237603702985578e-01,
       -1.4732832701835308e+00, -3.4409542388894632e-01,
       3.4937964012187713e+01, 3.2936912696107240e-01,
       -3.9983760425013386e-02, -3.4017191257035134e-01,
       3.5026479282099118e+01 ]
T: !!opencv-matrix
   rows: 3
   cols: 1
   dt: d
   data: [ 6.4739858104872089e-07, -1.5175877361843072e-09,
       -3.2269052394917636e-08 ]
E: !!opencv-matrix
   rows: 0
   cols: 0
   dt: u
   data: []
F: !!opencv-matrix
   rows: 0
   cols: 0
   dt: u
   data: []
K1: !!opencv-matrix
   rows: 3
   cols: 3
   dt: d
   data: [ 3.6627756984521932e+02, 0., 3.8060969928433269e+02, 0.,
       3.6653175179255015e+02, 2.3878059668569790e+02, 0., 0., 1. ]
D1: !!opencv-matrix
   rows: 5
   cols: 1
   dt: d
   data: [ -2.1859934914563901e-02, -9.9468572971318997e-04,
       1.6448003429794193e-03, -3.1164985765511365e-04,
       3.5195408316194161e-04 ]
P1: !!opencv-matrix
   rows: 3
   cols: 4
   dt: f
   data: [ 3.57069305e+02, 0., 4.28789581e+02, 0., 0., 3.57069305e+02,
       2.31689804e+02, 0., 0., 0., 1., 0. ]
R1: !!opencv-matrix
   rows: 3
   cols: 3
   dt: f
   data: [ 9.97151315e-01, 8.25636182e-03, -7.49742314e-02,
       -7.90733192e-03, 9.99956489e-01, 4.95098718e-03, 7.50118494e-02,
       -4.34403727e-03, 9.97173190e-01 ]
K2: !!opencv-matrix
   rows: 3
   cols: 3
   dt: d
   data: [ 3.6687495098581172e+02, 0., 3.7621769200552956e+02, 0.,
       3.6726361788508825e+02, 2.2399932895774910e+02, 0., 0., 1. ]
D2: !!opencv-matrix
   rows: 5
   cols: 1
   dt: d
   data: [ -2.2201337830972428e-02, -1.1445843221826492e-03,
       2.9199201696882579e-04, -7.1705872414221615e-04,
       5.1284674356775366e-04 ]
P2: !!opencv-matrix
   rows: 3
   cols: 4
   dt: f
   data: [ 3.57069305e+02, 0., 4.28789581e+02, 2.40032663e-04, 0.,
       3.57069305e+02, 2.31689804e+02, 0., 0., 0., 1., 0. ]
R2: !!opencv-matrix
   rows: 3
   cols: 3
   dt: f
   data: [ 9.98529851e-01, -2.67162686e-03, -5.41390553e-02,
       2.41971388e-03, 9.99985933e-01, -4.71808482e-03, 5.41508980e-02,
       4.58014710e-03, 9.98522282e-01 ]
