%YAML:1.0
---
Q: !!opencv-matrix
   rows: 4
   cols: 4
   dt: f
   data: [ 1., 0., 0., -7.31404358e+02, 0., 1., 0., -2.38054657e+02, 0.,
       0., 0., 2.77511108e+02, 0., 0., -2.22133475e+06, 0. ]
R: !!opencv-matrix
   rows: 3
   cols: 3
   dt: d
   data: [ 3.6925290332446863e+01, 3.7382786382551181e-01,
       -1.6978857974656028e+00, -3.1618556885612242e-01,
       3.6564095318080788e+01, 3.4182553201321092e-01,
       1.2869676499733718e+00, -1.4054657396367037e-01,
       3.6644548350485714e+01 ]
T: !!opencv-matrix
   rows: 3
   cols: 1
   dt: d
   data: [ 4.9931982780248712e-07, -1.7447562136696028e-08,
       -1.8699909322608870e-07 ]
E: !!opencv-matrix
   rows: 0
   cols: 0
   dt: u
   data: []
F: !!opencv-matrix
   rows: 0
   cols: 0
   dt: u
   data: []
K1: !!opencv-matrix
   rows: 3
   cols: 3
   dt: d
   data: [ 3.6627756984521932e+02, 0., 3.8060969928433269e+02, 0.,
       3.6653175179255015e+02, 2.3878059668569790e+02, 0., 0., 1. ]
D1: !!opencv-matrix
   rows: 5
   cols: 1
   dt: d
   data: [ -2.1859934914563901e-02, -9.9468572971318997e-04,
       1.6448003429794193e-03, -3.1164985765511365e-04,
       3.5195408316194161e-04 ]
P1: !!opencv-matrix
   rows: 3
   cols: 4
   dt: f
   data: [ 2.77511108e+02, 0., 7.31404358e+02, 0., 0., 2.77511108e+02,
       2.38054657e+02, 0., 0., 0., 1., 0. ]
R1: !!opencv-matrix
   rows: 3
   cols: 3
   dt: f
   data: [ 9.28015947e-01, -2.88367700e-02, -3.71422738e-01,
       2.93145496e-02, 9.99560714e-01, -4.36089141e-03, 3.71385336e-01,
       -6.84111333e-03, 9.28453624e-01 ]
K2: !!opencv-matrix
   rows: 3
   cols: 3
   dt: d
   data: [ 3.6687495098581172e+02, 0., 3.7621769200552956e+02, 0.,
       3.6726361788508825e+02, 2.2399932895774910e+02, 0., 0., 1. ]
D2: !!opencv-matrix
   rows: 5
   cols: 1
   dt: d
   data: [ -2.2201337830972428e-02, -1.1445843221826492e-03,
       2.9199201696882579e-04, -7.1705872414221615e-04,
       5.1284674356775366e-04 ]
P2: !!opencv-matrix
   rows: 3
   cols: 4
   dt: f
   data: [ 2.77511108e+02, 0., 7.31404358e+02, 1.24929895e-04, 0.,
       2.77511108e+02, 2.38054657e+02, 0., 0., 0., 1., 0. ]
R2: !!opencv-matrix
   rows: 3
   cols: 3
   dt: f
   data: [ 9.42462325e-01, -3.99250947e-02, -3.31919849e-01,
       3.94996665e-02, 9.99187291e-01, -8.03115685e-03, 3.31970751e-01,
       -5.54166082e-03, 9.43273425e-01 ]
