%YAML:1.0
---
Q: !!opencv-matrix
   rows: 4
   cols: 4
   dt: f
   data: [ 1., 0., 0., -7.26156433e+02, 0., 1., 0., -2.39079010e+02, 0.,
       0., 0., 2.85062134e+02, 0., 0., -2476268., 0. ]
R: !!opencv-matrix
   rows: 3
   cols: 3
   dt: d
   data: [ 3.6650817506523715e+01, 4.0108587689810121e-01,
       -1.7189801040280850e+00, -3.1714531785331201e-01,
       3.6205497617403580e+01, 3.4226260349937865e-01,
       1.3481537404496042e+00, -2.9223630677751231e-02,
       3.6296848033257668e+01 ]
T: !!opencv-matrix
   rows: 3
   cols: 1
   dt: d
   data: [ 4.2427746562724373e-07, -1.7973469862458637e-08,
       -1.4942360550405551e-07 ]
E: !!opencv-matrix
   rows: 0
   cols: 0
   dt: u
   data: []
F: !!opencv-matrix
   rows: 0
   cols: 0
   dt: u
   data: []
K1: !!opencv-matrix
   rows: 3
   cols: 3
   dt: d
   data: [ 3.6627756984521932e+02, 0., 3.8060969928433269e+02, 0.,
       3.6653175179255015e+02, 2.3878059668569790e+02, 0., 0., 1. ]
D1: !!opencv-matrix
   rows: 5
   cols: 1
   dt: d
   data: [ -2.1859934914563901e-02, -9.9468572971318997e-04,
       1.6448003429794193e-03, -3.1164985765511365e-04,
       3.5195408316194161e-04 ]
P1: !!opencv-matrix
   rows: 3
   cols: 4
   dt: f
   data: [ 2.85062134e+02, 0., 7.26156433e+02, 0., 0., 2.85062134e+02,
       2.39079010e+02, 0., 0., 0., 1., 0. ]
R1: !!opencv-matrix
   rows: 3
   cols: 3
   dt: f
   data: [ 9.28993344e-01, -3.35596874e-02, -3.68571758e-01,
       3.38031314e-02, 9.99411702e-01, -5.79821598e-03, 3.68549496e-01,
       -7.07237562e-03, 9.29581225e-01 ]
K2: !!opencv-matrix
   rows: 3
   cols: 3
   dt: d
   data: [ 3.6687495098581172e+02, 0., 3.7621769200552956e+02, 0.,
       3.6726361788508825e+02, 2.2399932895774910e+02, 0., 0., 1. ]
D2: !!opencv-matrix
   rows: 5
   cols: 1
   dt: d
   data: [ -2.2201337830972428e-02, -1.1445843221826492e-03,
       2.9199201696882579e-04, -7.1705872414221615e-04,
       5.1284674356775366e-04 ]
P2: !!opencv-matrix
   rows: 3
   cols: 4
   dt: f
   data: [ 2.85062134e+02, 0., 7.26156433e+02, 1.15117640e-04, 0.,
       2.85062134e+02, 2.39079010e+02, 0., 0., 0., 1., 0. ]
R2: !!opencv-matrix
   rows: 3
   cols: 3
   dt: f
   data: [ 9.43633378e-01, -4.45600487e-02, -3.27979386e-01,
       4.43442166e-02, 9.98983145e-01, -8.14092532e-03, 3.28008652e-01,
       -6.86193956e-03, 9.44649816e-01 ]
