%YAML:1.0
---
Q: !!opencv-matrix
   rows: 4
   cols: 4
   dt: f
   data: [ 1., 0., 0., -4.51983307e+02, 0., 1., 0., -2.31647644e+02, 0.,
       0., 0., 3.56284973e+02, 0., 0., -5.58936992e+04, 0. ]
R: !!opencv-matrix
   rows: 3
   cols: 3
   dt: d
   data: [ 3.7821239796192572e+01, 5.1378761091411806e-01,
       -8.6043591004639974e-01, -3.6376691436748787e-01,
       3.7351136599035563e+01, 3.4823999959860585e-01,
       8.0244793468752351e-02, -3.5699673691105438e-01,
       3.7418267336178083e+01 ]
T: !!opencv-matrix
   rows: 3
   cols: 1
   dt: d
   data: [ 1.7822985781374549e-05, -7.8612398832297437e-08,
       -1.5577614575786188e-06 ]
E: !!opencv-matrix
   rows: 0
   cols: 0
   dt: u
   data: []
F: !!opencv-matrix
   rows: 0
   cols: 0
   dt: u
   data: []
K1: !!opencv-matrix
   rows: 3
   cols: 3
   dt: d
   data: [ 3.6627756984521932e+02, 0., 3.8060969928433269e+02, 0.,
       3.6653175179255015e+02, 2.3878059668569790e+02, 0., 0., 1. ]
D1: !!opencv-matrix
   rows: 5
   cols: 1
   dt: d
   data: [ -2.1859934914563901e-02, -9.9468572971318997e-04,
       1.6448003429794193e-03, -3.1164985765511365e-04,
       3.5195408316194161e-04 ]
P1: !!opencv-matrix
   rows: 3
   cols: 4
   dt: f
   data: [ 3.56284973e+02, 0., 4.51983307e+02, 0., 0., 3.56284973e+02,
       2.31647644e+02, 0., 0., 0., 1., 0. ]
R1: !!opencv-matrix
   rows: 3
   cols: 3
   dt: f
   data: [ 9.95004296e-01, 8.05360731e-03, -9.95067880e-02,
       -7.61310291e-03, 9.99959469e-01, 4.80581634e-03, 9.95414630e-02,
       -4.02425230e-03, 9.95025277e-01 ]
K2: !!opencv-matrix
   rows: 3
   cols: 3
   dt: d
   data: [ 3.6687495098581172e+02, 0., 3.7621769200552956e+02, 0.,
       3.6726361788508825e+02, 2.2399932895774910e+02, 0., 0., 1. ]
D2: !!opencv-matrix
   rows: 5
   cols: 1
   dt: d
   data: [ -2.2201337830972428e-02, -1.1445843221826492e-03,
       2.9199201696882579e-04, -7.1705872414221615e-04,
       5.1284674356775366e-04 ]
P2: !!opencv-matrix
   rows: 3
   cols: 4
   dt: f
   data: [ 3.56284973e+02, 0., 4.51983307e+02, 6.37433166e-03, 0.,
       3.56284973e+02, 2.31647644e+02, 0., 0., 0., 1., 0. ]
R2: !!opencv-matrix
   rows: 3
   cols: 3
   dt: f
   data: [ 9.96192575e-01, -4.39393753e-03, -8.70690495e-02,
       4.00863402e-03, 9.99981403e-01, -4.59961966e-03, 8.70876387e-02,
       4.23307903e-03, 9.96191680e-01 ]
