%YAML:1.0
---
Q: !!opencv-matrix
   rows: 4
   cols: 4
   dt: f
   data: [ 1., 0., 0., -4.02643250e+02, 0., 1., 0., -2.31757782e+02, 0.,
       0., 0., 3.58092590e+02, 0., 0., -1.60991463e+06, 0. ]
R: !!opencv-matrix
   rows: 3
   cols: 3
   dt: d
   data: [ 3.4161772922815068e+01, 3.9254094895218899e-01,
       -1.6237043406136953e+00, -2.9611280138327095e-01,
       3.3705393331699121e+01, 3.2121804065908061e-01,
       1.3428446784207508e+00, 4.8076522161394318e-02,
       3.3707718557220964e+01 ]
T: !!opencv-matrix
   rows: 3
   cols: 1
   dt: d
   data: [ 3.5683746674623277e-07, -1.7073661713807339e-08,
       -1.1306700796898804e-07 ]
E: !!opencv-matrix
   rows: 0
   cols: 0
   dt: u
   data: []
F: !!opencv-matrix
   rows: 0
   cols: 0
   dt: u
   data: []
K1: !!opencv-matrix
   rows: 3
   cols: 3
   dt: d
   data: [ 3.6627756984521932e+02, 0., 3.8060969928433269e+02, 0.,
       3.6653175179255015e+02, 2.3878059668569790e+02, 0., 0., 1. ]
D1: !!opencv-matrix
   rows: 5
   cols: 1
   dt: d
   data: [ -2.1859934914563901e-02, -9.9468572971318997e-04,
       1.6448003429794193e-03, -3.1164985765511365e-04,
       3.5195408316194161e-04 ]
P1: !!opencv-matrix
   rows: 3
   cols: 4
   dt: f
   data: [ 3.58092590e+02, 0., 4.02643250e+02, 0., 0., 3.58092590e+02,
       2.31757782e+02, 0., 0., 0., 1., 0. ]
R1: !!opencv-matrix
   rows: 3
   cols: 3
   dt: f
   data: [ 9.99088705e-01, 8.98514222e-03, -4.17260192e-02,
       -8.79388582e-03, 9.99949992e-01, 4.76490986e-03, 4.17667441e-02,
       -4.39363346e-03, 9.99117732e-01 ]
K2: !!opencv-matrix
   rows: 3
   cols: 3
   dt: d
   data: [ 3.6687495098581172e+02, 0., 3.7621769200552956e+02, 0.,
       3.6726361788508825e+02, 2.2399932895774910e+02, 0., 0., 1. ]
D2: !!opencv-matrix
   rows: 5
   cols: 1
   dt: d
   data: [ -2.2201337830972428e-02, -1.1445843221826492e-03,
       2.9199201696882579e-04, -7.1705872414221615e-04,
       5.1284674356775366e-04 ]
P2: !!opencv-matrix
   rows: 3
   cols: 4
   dt: f
   data: [ 3.58092590e+02, 0., 4.02643250e+02, 2.22429560e-04, 0.,
       3.58092590e+02, 2.31757782e+02, 0., 0., 0., 1., 0. ]
R2: !!opencv-matrix
   rows: 3
   cols: 3
   dt: f
   data: [ 9.99768615e-01, -2.44789827e-03, -2.13702377e-02,
       2.34998460e-03, 9.99986649e-01, -4.60569328e-03, 2.13812273e-02,
       4.55440767e-03, 9.99761045e-01 ]
