%YAML:1.0
---
Q: !!opencv-matrix
   rows: 4
   cols: 4
   dt: f
   data: [ 1., 0., 0., -4.27431854e+02, 0., 1., 0., -2.31779221e+02, 0.,
       0., 0., 3.55942230e+02, 0., 0., -5.22815313e+04, 0. ]
R: !!opencv-matrix
   rows: 3
   cols: 3
   dt: d
   data: [ 3.5928729524879948e+01, 4.5368818885214734e-01,
       -1.4994116548755767e+00, -3.4917360804183095e-01,
       3.5393617380250404e+01, 3.3391026708769017e-01,
       -5.7011645166952729e-02, -3.3670420591692768e-01,
       3.5483155373938210e+01 ]
T: !!opencv-matrix
   rows: 3
   cols: 1
   dt: d
   data: [ 6.4217433481830491e-07, -1.5759815271304405e-09,
       -3.2081156630891915e-08 ]
E: !!opencv-matrix
   rows: 0
   cols: 0
   dt: u
   data: []
F: !!opencv-matrix
   rows: 0
   cols: 0
   dt: u
   data: []
K1: !!opencv-matrix
   rows: 3
   cols: 3
   dt: d
   data: [ 3.6627756984521932e+02, 0., 3.8060969928433269e+02, 0.,
       3.6653175179255015e+02, 2.3878059668569790e+02, 0., 0., 1. ]
D1: !!opencv-matrix
   rows: 5
   cols: 1
   dt: d
   data: [ -2.1859934914563901e-02, -9.9468572971318997e-04,
       1.6448003429794193e-03, -3.1164985765511365e-04,
       3.5195408316194161e-04 ]
P1: !!opencv-matrix
   rows: 3
   cols: 4
   dt: f
   data: [ 3.55942230e+02, 0., 4.27431854e+02, 0., 0., 3.55942230e+02,
       2.31779221e+02, 0., 0., 0., 1., 0. ]
R1: !!opencv-matrix
   rows: 3
   cols: 3
   dt: f
   data: [ 9.97784078e-01, 5.89499855e-03, -6.62739575e-02,
       -5.59950061e-03, 9.99973536e-01, 4.64361161e-03, 6.62995800e-02,
       -4.26222058e-03, 9.97790635e-01 ]
K2: !!opencv-matrix
   rows: 3
   cols: 3
   dt: d
   data: [ 3.6687495098581172e+02, 0., 3.7621769200552956e+02, 0.,
       3.6726361788508825e+02, 2.2399932895774910e+02, 0., 0., 1. ]
D2: !!opencv-matrix
   rows: 5
   cols: 1
   dt: d
   data: [ -2.2201337830972428e-02, -1.1445843221826492e-03,
       2.9199201696882579e-04, -7.1705872414221615e-04,
       5.1284674356775366e-04 ]
P2: !!opencv-matrix
   rows: 3
   cols: 4
   dt: f
   data: [ 3.55942230e+02, 0., 4.27431854e+02, 6.80818316e-03, 0.,
       3.55942230e+02, 2.31779221e+02, 0., 0., 0., 1., 0. ]
R2: !!opencv-matrix
   rows: 3
   cols: 3
   dt: f
   data: [ 9.98217881e-01, -4.40254714e-03, -5.95120043e-02,
       4.13723616e-03, 9.99980927e-01, -4.58058855e-03, 5.95310368e-02,
       4.32621036e-03, 9.98217106e-01 ]
