%YAML:1.0
---
Q: !!opencv-matrix
   rows: 4
   cols: 4
   dt: f
   data: [ 1., 0., 0., -6.87825806e+02, 0., 1., 0., -2.38660919e+02, 0.,
       0., 0., 3.12896637e+02, 0., 0., -2.66872050e+06, 0. ]
R: !!opencv-matrix
   rows: 3
   cols: 3
   dt: d
   data: [ 3.4147159703042085e+01, 3.7613326859399793e-01,
       -1.6012647027042370e+00, -2.9406199071874439e-01,
       3.3730426210679745e+01, 3.1860201384717096e-01,
       1.2842285860751033e+00, -3.0372200647922006e-02,
       3.3728876417406909e+01 ]
T: !!opencv-matrix
   rows: 3
   cols: 1
   dt: d
   data: [ 3.9463652649047601e-07, -1.6960298518136278e-08,
       -1.1841457310807851e-07 ]
E: !!opencv-matrix
   rows: 0
   cols: 0
   dt: u
   data: []
F: !!opencv-matrix
   rows: 0
   cols: 0
   dt: u
   data: []
K1: !!opencv-matrix
   rows: 3
   cols: 3
   dt: d
   data: [ 3.6627756984521932e+02, 0., 3.8060969928433269e+02, 0.,
       3.6653175179255015e+02, 2.3878059668569790e+02, 0., 0., 1. ]
D1: !!opencv-matrix
   rows: 5
   cols: 1
   dt: d
   data: [ -2.1859934914563901e-02, -9.9468572971318997e-04,
       1.6448003429794193e-03, -3.1164985765511365e-04,
       3.5195408316194161e-04 ]
P1: !!opencv-matrix
   rows: 3
   cols: 4
   dt: f
   data: [ 3.12896637e+02, 0., 6.87825806e+02, 0., 0., 3.12896637e+02,
       2.38660919e+02, 0., 0., 0., 1., 0. ]
R1: !!opencv-matrix
   rows: 3
   cols: 3
   dt: f
   data: [ 9.38611448e-01, -3.45624350e-02, -3.43240470e-01,
       3.48133333e-02, 9.99379039e-01, -5.43288048e-03, 3.43215138e-01,
       -6.84998138e-03, 9.39231873e-01 ]
K2: !!opencv-matrix
   rows: 3
   cols: 3
   dt: d
   data: [ 3.6687495098581172e+02, 0., 3.7621769200552956e+02, 0.,
       3.6726361788508825e+02, 2.2399932895774910e+02, 0., 0., 1. ]
D2: !!opencv-matrix
   rows: 5
   cols: 1
   dt: d
   data: [ -2.2201337830972428e-02, -1.1445843221826492e-03,
       2.9199201696882579e-04, -7.1705872414221615e-04,
       5.1284674356775366e-04 ]
P2: !!opencv-matrix
   rows: 3
   cols: 4
   dt: f
   data: [ 3.12896637e+02, 0., 6.87825806e+02, 1.17245938e-04, 0.,
       3.12896637e+02, 2.38660919e+02, 0., 0., 0., 1., 0. ]
R2: !!opencv-matrix
   rows: 3
   cols: 3
   dt: f
   data: [ 9.52299476e-01, -4.55648303e-02, -3.01744252e-01,
       4.53450233e-02, 9.98941422e-01, -7.73687381e-03, 3.01777363e-01,
       -6.31477870e-03, 9.53357518e-01 ]
