%YAML:1.0
---
Q: !!opencv-matrix
   rows: 4
   cols: 4
   dt: f
   data: [ 1., 0., 0., -5.90255920e+02, 0., 1., 0., -1.07570633e+02, 0.,
       0., 0., -3.87211370e+00, 0., 0., 9.31296953e+04, 0. ]
R: !!opencv-matrix
   rows: 3
   cols: 3
   dt: d
   data: [ 3.3181014749933006e+01, 2.2596846326337056e-01,
       -1.2949580235197773e+00, -3.1889157337691909e-01,
       3.2719473764640846e+01, 3.0743350563094496e-01,
       1.0164278321444477e-01, -3.0025432817338699e-01,
       3.2732075161018685e+01 ]
T: !!opencv-matrix
   rows: 3
   cols: 1
   dt: d
   data: [ 5.7409538532129872e-05, -2.5419650381684406e-07,
       -5.2090082842652884e-07 ]
E: !!opencv-matrix
   rows: 0
   cols: 0
   dt: u
   data: []
F: !!opencv-matrix
   rows: 0
   cols: 0
   dt: u
   data: []
K1: !!opencv-matrix
   rows: 3
   cols: 3
   dt: d
   data: [ 3.6627756984521932e+02, 0., 3.8060969928433269e+02, 0.,
       3.6653175179255015e+02, 2.3878059668569790e+02, 0., 0., 1. ]
D1: !!opencv-matrix
   rows: 5
   cols: 1
   dt: d
   data: [ -2.1859934914563901e-02, -9.9468572971318997e-04,
       1.6448003429794193e-03, -3.1164985765511365e-04,
       3.5195408316194161e-04 ]
P1: !!opencv-matrix
   rows: 3
   cols: 4
   dt: f
   data: [ -3.87211370e+00, 0., 5.90255920e+02, 0., 0., -3.87211370e+00,
       1.07570633e+02, 0., 0., 0., 1., 0. ]
R1: !!opencv-matrix
   rows: 3
   cols: 3
   dt: f
   data: [ 2.79523492e-01, 1.88241810e-01, 9.41505015e-01,
       -2.03930572e-01, 9.69858706e-01, -1.33365795e-01, -9.38231826e-01,
       -1.54722780e-01, 3.09486538e-01 ]
K2: !!opencv-matrix
   rows: 3
   cols: 3
   dt: d
   data: [ 3.6687495098581172e+02, 0., 3.7621769200552956e+02, 0.,
       3.6726361788508825e+02, 2.2399932895774910e+02, 0., 0., 1. ]
D2: !!opencv-matrix
   rows: 5
   cols: 1
   dt: d
   data: [ -2.2201337830972428e-02, -1.1445843221826492e-03,
       2.9199201696882579e-04, -7.1705872414221615e-04,
       5.1284674356775366e-04 ]
P2: !!opencv-matrix
   rows: 3
   cols: 4
   dt: f
   data: [ -3.87211370e+00, 0., 5.90255920e+02, 4.15776485e-05, 0.,
       -3.87211370e+00, 1.07570633e+02, 0., 0., 0., 1., 0. ]
R2: !!opencv-matrix
   rows: 3
   cols: 3
   dt: f
   data: [ 2.25729227e-01, 2.07665935e-01, 9.51798916e-01,
       -1.91404074e-01, 9.67426419e-01, -1.65682077e-01, -9.55201983e-01,
       -1.44778892e-01, 2.58124530e-01 ]
