%YAML:1.0
---
Q: !!opencv-matrix
   rows: 4
   cols: 4
   dt: f
   data: [ 1., 0., 0., -4.48821472e+02, 0., 1., 0., -2.31711578e+02, 0.,
       0., 0., 3.55534729e+02, 0., 0., -1.57400354e+03, 0. ]
R: !!opencv-matrix
   rows: 3
   cols: 3
   dt: d
   data: [ 3.5897758777245649e+01, 3.6571606887589297e-01,
       -1.9247379850695798e-01, -3.4972299392000511e-01,
       3.6297274717043173e+01, 3.3556987632126428e-01,
       1.5277404125559579e-01, -3.3524481235293974e-01,
       3.6305663659293501e+01 ]
T: !!opencv-matrix
   rows: 3
   cols: 1
   dt: d
   data: [ 6.3290366057735191e-04, -2.7915578481836720e-06,
       -5.5316742653745768e-05 ]
E: !!opencv-matrix
   rows: 0
   cols: 0
   dt: u
   data: []
F: !!opencv-matrix
   rows: 0
   cols: 0
   dt: u
   data: []
K1: !!opencv-matrix
   rows: 3
   cols: 3
   dt: d
   data: [ 3.6627756984521932e+02, 0., 3.8060969928433269e+02, 0.,
       3.6653175179255015e+02, 2.3878059668569790e+02, 0., 0., 1. ]
D1: !!opencv-matrix
   rows: 5
   cols: 1
   dt: d
   data: [ -2.1859934914563901e-02, -9.9468572971318997e-04,
       1.6448003429794193e-03, -3.1164985765511365e-04,
       3.5195408316194161e-04 ]
P1: !!opencv-matrix
   rows: 3
   cols: 4
   dt: f
   data: [ 3.55534729e+02, 0., 4.48821472e+02, 0., 0., 3.55534729e+02,
       2.31711578e+02, 0., 0., 0., 1., 0. ]
R1: !!opencv-matrix
   rows: 3
   cols: 3
   dt: f
   data: [ 9.95755434e-01, 6.29915996e-03, -9.18230936e-02,
       -5.89528773e-03, 9.99971747e-01, 4.66894964e-03, 9.18499082e-02,
       -4.10780823e-03, 9.95764375e-01 ]
K2: !!opencv-matrix
   rows: 3
   cols: 3
   dt: d
   data: [ 3.6687495098581172e+02, 0., 3.7621769200552956e+02, 0.,
       3.6726361788508825e+02, 2.2399932895774910e+02, 0., 0., 1. ]
D2: !!opencv-matrix
   rows: 5
   cols: 1
   dt: d
   data: [ -2.2201337830972428e-02, -1.1445843221826492e-03,
       2.9199201696882579e-04, -7.1705872414221615e-04,
       5.1284674356775366e-04 ]
P2: !!opencv-matrix
   rows: 3
   cols: 4
   dt: f
   data: [ 3.55534729e+02, 0., 4.48821472e+02, 2.25879237e-01, 0.,
       3.55534729e+02, 2.31711578e+02, 0., 0., 0., 1., 0. ]
R2: !!opencv-matrix
   rows: 3
   cols: 3
   dt: f
   data: [ 9.96192634e-01, -4.39392217e-03, -8.70687515e-02,
       4.01101820e-03, 9.99981523e-01, -4.57218103e-03, 8.70872289e-02,
       4.20553843e-03, 9.96191800e-01 ]
