%YAML:1.0
---
Q: !!opencv-matrix
   rows: 4
   cols: 4
   dt: f
   data: [ 1., 0., 0., -5.08291443e+02, 0., 1., 0., -2.31856445e+02, 0.,
       0., 0., 3.49186798e+02, 0., 0., -1.26639150e+06, 0. ]
R: !!opencv-matrix
   rows: 3
   cols: 3
   dt: d
   data: [ 3.4635040701368908e+01, 3.7701848756390460e-01,
       -1.0060246678783669e+00, -3.3178207537016496e-01,
       3.3944279192608469e+01, 3.1745056132791716e-01,
       8.0565463079007443e-02, -3.1431687680638737e-01,
       3.3985082217513444e+01 ]
T: !!opencv-matrix
   rows: 3
   cols: 1
   dt: d
   data: [ 9.6073301819239787e-06, -4.2616385078828840e-08,
       -4.0481611764425775e-07 ]
E: !!opencv-matrix
   rows: 0
   cols: 0
   dt: u
   data: []
F: !!opencv-matrix
   rows: 0
   cols: 0
   dt: u
   data: []
K1: !!opencv-matrix
   rows: 3
   cols: 3
   dt: d
   data: [ 3.6627756984521932e+02, 0., 3.8060969928433269e+02, 0.,
       3.6653175179255015e+02, 2.3878059668569790e+02, 0., 0., 1. ]
D1: !!opencv-matrix
   rows: 5
   cols: 1
   dt: d
   data: [ -2.1859934914563901e-02, -9.9468572971318997e-04,
       1.6448003429794193e-03, -3.1164985765511365e-04,
       3.5195408316194161e-04 ]
P1: !!opencv-matrix
   rows: 3
   cols: 4
   dt: f
   data: [ 3.49186798e+02, 0., 5.08291443e+02, 0., 0., 3.49186798e+02,
       2.31856445e+02, 0., 0., 0., 1., 0. ]
R1: !!opencv-matrix
   rows: 3
   cols: 3
   dt: f
   data: [ 9.84986842e-01, 1.29397004e-03, -1.72624454e-01,
       -5.51699079e-04, 9.99990404e-01, 4.34782729e-03, 1.72628418e-01,
       -4.18731570e-03, 9.84978139e-01 ]
K2: !!opencv-matrix
   rows: 3
   cols: 3
   dt: d
   data: [ 3.6687495098581172e+02, 0., 3.7621769200552956e+02, 0.,
       3.6726361788508825e+02, 2.2399932895774910e+02, 0., 0., 1. ]
D2: !!opencv-matrix
   rows: 5
   cols: 1
   dt: d
   data: [ -2.2201337830972428e-02, -1.1445843221826492e-03,
       2.9199201696882579e-04, -7.1705872414221615e-04,
       5.1284674356775366e-04 ]
P2: !!opencv-matrix
   rows: 3
   cols: 4
   dt: f
   data: [ 3.49186798e+02, 0., 5.08291443e+02, 2.75733677e-04, 0.,
       3.49186798e+02, 2.31856445e+02, 0., 0., 0., 1., 0. ]
R2: !!opencv-matrix
   rows: 3
   cols: 3
   dt: f
   data: [ 9.89262283e-01, -8.15034099e-03, -1.45923719e-01,
       7.52349105e-03, 9.99959946e-01, -4.84711630e-03, 1.45957381e-01,
       3.69721348e-03, 9.89283979e-01 ]
