%YAML:1.0
---
R: !!opencv-matrix
   rows: 3
   cols: 3
   dt: d
   data: [ 9.9994786107858491e-01, 9.7122672864599323e-03,
       -3.1538846712214478e-03, -9.6827774839271553e-03,
       9.9991047802584609e-01, 9.2347038025383243e-03,
       3.2432922408809684e-03, -9.2036839515610668e-03,
       9.9995238549500942e-01 ]
T: !!opencv-matrix
   rows: 3
   cols: 1
   dt: d
   data: [ -1.7997624825260075e+02, 7.9388896410685417e-01,
       7.2945572664474645e-01 ]
Q: !!opencv-matrix
   rows: 4
   cols: 4
   dt: d
   data: [ 1., 0., 0., -3.8230790328979492e+02, 0., 1., 0.,
       -2.3182242012023926e+02, 0., 0., 0., 3.5855711150880023e+02, 0.,
       0., 5.5561890400545192e-03, 0. ]
K1: !!opencv-matrix
   rows: 3
   cols: 3
   dt: d
   data: [ 3.6627756984521932e+02, 0., 3.8060969928433269e+02, 0.,
       3.6653175179255015e+02, 2.3878059668569790e+02, 0., 0., 1. ]
K2: !!opencv-matrix
   rows: 3
   cols: 3
   dt: d
   data: [ 3.6687495098581172e+02, 0., 3.7621769200552956e+02, 0.,
       3.6726361788508825e+02, 2.2399932895774910e+02, 0., 0., 1. ]
D1: !!opencv-matrix
   rows: 5
   cols: 1
   dt: d
   data: [ -2.1859934914563901e-02, -9.9468572971318997e-04,
       1.6448003429794193e-03, -3.1164985765511365e-04,
       3.5195408316194161e-04 ]
D2: !!opencv-matrix
   rows: 5
   cols: 1
   dt: d
   data: [ -2.2201337830972428e-02, -1.1445843221826492e-03,
       2.9199201696882579e-04, -7.1705872414221615e-04,
       5.1284674356775366e-04 ]
R1: !!opencv-matrix
   rows: 3
   cols: 3
   dt: d
   data: [ 9.9995948568557647e-01, 5.3387932238794164e-03,
       -7.2473632688033855e-03, -5.3054345848399876e-03,
       9.9997527992958157e-01, 4.6143139924932804e-03,
       7.2718189817489662e-03, -4.5756766349901454e-03,
       9.9996309123488591e-01 ]
R2: !!opencv-matrix
   rows: 3
   cols: 3
   dt: d
   data: [ 9.9998205801123186e-01, -4.4109971613907530e-03,
       -4.0529939135885863e-03, 4.3923162191451849e-03,
       9.9997974333393036e-01, -4.6065692264418406e-03,
       4.0732313772258400e-03, 4.5886845445257535e-03,
       9.9998117620298155e-01 ]
P1: !!opencv-matrix
   rows: 3
   cols: 4
   dt: d
   data: [ 3.5855711150880023e+02, 0., 3.8230790328979492e+02, 0., 0.,
       3.5855711150880023e+02, 2.3182242012023926e+02, 0., 0., 0., 1.,
       0. ]
P2: !!opencv-matrix
   rows: 3
   cols: 4
   dt: d
   data: [ 3.5855711150880023e+02, 0., 3.8230790328979492e+02,
       -6.4532921562597148e+04, 0., 3.5855711150880023e+02,
       2.3182242012023926e+02, 0., 0., 0., 1., 0. ]
