%YAML:1.0
---
R: !!opencv-matrix
   rows: 3
   cols: 3
   dt: d
   data: [ 9.9994786107858491e-01, 9.7122672864599323e-03,
       -3.1538846712214478e-03, -9.6827774839271553e-03,
       9.9991047802584609e-01, 9.2347038025383243e-03,
       3.2432922408809684e-03, -9.2036839515610668e-03,
       9.9995238549500942e-01 ]
T: !!opencv-matrix
   rows: 3
   cols: 1
   dt: d
   data: [ -1.7997624825260075e+02, 7.9388896410685417e-01,
       1.0729455726644748e+01 ]
Q: !!opencv-matrix
   rows: 4
   cols: 4
   dt: d
   data: [ 1., 0., 0., -4.2601280212402344e+02, 0., 1., 0.,
       -2.3176675033569336e+02, 0., 0., 0., 3.5598603780067816e+02, 0.,
       0., 5.5463875064737473e-03, 0. ]
K1: !!opencv-matrix
   rows: 3
   cols: 3
   dt: d
   data: [ 3.6627756984521932e+02, 0., 3.8060969928433269e+02, 0.,
       3.6653175179255015e+02, 2.3878059668569790e+02, 0., 0., 1. ]
K2: !!opencv-matrix
   rows: 3
   cols: 3
   dt: d
   data: [ 3.6687495098581172e+02, 0., 3.7621769200552956e+02, 0.,
       3.6726361788508825e+02, 2.2399932895774910e+02, 0., 0., 1. ]
D1: !!opencv-matrix
   rows: 5
   cols: 1
   dt: d
   data: [ -2.1859934914563901e-02, -9.9468572971318997e-04,
       1.6448003429794193e-03, -3.1164985765511365e-04,
       3.5195408316194161e-04 ]
D2: !!opencv-matrix
   rows: 5
   cols: 1
   dt: d
   data: [ -2.2201337830972428e-02, -1.1445843221826492e-03,
       2.9199201696882579e-04, -7.1705872414221615e-04,
       5.1284674356775366e-04 ]
R1: !!opencv-matrix
   rows: 3
   cols: 3
   dt: d
   data: [ 9.9801559670821383e-01, 5.8398471696237070e-03,
       -6.2695812557009095e-02, -5.5614071402077985e-03,
       9.9997388721482350e-01, 4.6147198286045832e-03,
       6.2721124653253968e-02, -4.2568854237703627e-03,
       9.9802201350908082e-01 ]
R2: !!opencv-matrix
   rows: 3
   cols: 3
   dt: d
   data: [ 9.9821801477024263e-01, -4.4032158320496543e-03,
       -5.9509719193525670e-02, 4.1363422035320466e-03,
       9.9998083301692275e-01, -4.6069807853504566e-03,
       5.9528864102476924e-02, 4.3526186506166499e-03,
       9.9821709514992341e-01 ]
P1: !!opencv-matrix
   rows: 3
   cols: 4
   dt: d
   data: [ 3.5598603780067816e+02, 0., 4.2601280212402344e+02, 0., 0.,
       3.5598603780067816e+02, 2.3176675033569336e+02, 0., 0., 0., 1.,
       0. ]
P2: !!opencv-matrix
   rows: 3
   cols: 4
   dt: d
   data: [ 3.5598603780067816e+02, 0., 4.2601280212402344e+02,
       -6.4183405394082365e+04, 0., 3.5598603780067816e+02,
       2.3176675033569336e+02, 0., 0., 0., 1., 0. ]
