%YAML:1.0
---
Q: !!opencv-matrix
   rows: 4
   cols: 4
   dt: f
   data: [ 1., 0., 0., -4.14250061e+02, 0., 1., 0., -2.33920609e+02, 0.,
       0., 0., 3.68073273e+02, 0., 0., 2.43096802e+02, 0. ]
R: !!opencv-matrix
   rows: 3
   cols: 3
   dt: d
   data: [ 1.1036984844121212e+00, -4.8261112004878585e-02,
       1.6510687813211172e-02, 4.9194803491498081e-02,
       1.0998243363649063e+00, -4.5637835568937045e-02,
       -5.1743593569260685e-02, 5.0374903342542091e-02,
       1.1018987382661547e+00 ]
T: !!opencv-matrix
   rows: 3
   cols: 1
   dt: d
   data: [ -2.2547139432166925e-03, 1.4317988219614972e-04,
       1.4231598125516822e-04 ]
E: !!opencv-matrix
   rows: 0
   cols: 0
   dt: u
   data: []
F: !!opencv-matrix
   rows: 0
   cols: 0
   dt: u
   data: []
K1: !!opencv-matrix
   rows: 3
   cols: 3
   dt: d
   data: [ 3.6627756984521932e+02, 0., 3.8060969928433269e+02, 0.,
       3.6653175179255015e+02, 2.3878059668569790e+02, 0., 0., 1. ]
D1: !!opencv-matrix
   rows: 5
   cols: 1
   dt: d
   data: [ -2.1859934914563901e-02, -9.9468572971318997e-04,
       1.6448003429794193e-03, -3.1164985765511365e-04,
       3.5195408316194161e-04 ]
P1: !!opencv-matrix
   rows: 3
   cols: 4
   dt: f
   data: [ 3.68073273e+02, 0., 4.14250061e+02, 0., 0., 3.68073273e+02,
       2.33920609e+02, 0., 0., 0., 1., 0. ]
R1: !!opencv-matrix
   rows: 3
   cols: 3
   dt: f
   data: [ 9.93671596e-01, -1.08707309e-01, -2.82755531e-02,
       1.08106889e-01, 9.93896604e-01, -2.19652336e-02, 3.04907579e-02,
       1.87694468e-02, 9.99358833e-01 ]
K2: !!opencv-matrix
   rows: 3
   cols: 3
   dt: d
   data: [ 3.6687495098581172e+02, 0., 3.7621769200552956e+02, 0.,
       3.6726361788508825e+02, 2.2399932895774910e+02, 0., 0., 1. ]
D2: !!opencv-matrix
   rows: 5
   cols: 1
   dt: d
   data: [ -2.2201337830972428e-02, -1.1445843221826492e-03,
       2.9199201696882579e-04, -7.1705872414221615e-04,
       5.1284674356775366e-04 ]
P2: !!opencv-matrix
   rows: 3
   cols: 4
   dt: f
   data: [ 3.68073273e+02, 0., 4.14250061e+02, -1.51410174e+00, 0.,
       3.68073273e+02, 2.33920609e+02, 0., 0., 0., 1., 0. ]
R2: !!opencv-matrix
   rows: 3
   cols: 3
   dt: f
   data: [ 9.96015608e-01, -6.32494465e-02, -6.28678128e-02,
       6.45200163e-02, 9.97747004e-01, 1.83878262e-02, 6.15631565e-02,
       -2.23707948e-02, 9.97852445e-01 ]
