%YAML:1.0
---
Q: !!opencv-matrix
   rows: 4
   cols: 4
   dt: f
   data: [ 1., 0., 0., -4.11090942e+02, 0., 1., 0., -2.33256378e+02, 0.,
       0., 0., 3.78357422e+02, 0., 0., 9.84040555e-03, 0. ]
R: !!opencv-matrix
   rows: 3
   cols: 3
   dt: d
   data: [ 1.0265561424301475e+00, 9.7782094209180499e-03,
       2.1328264760093914e-02, -7.7153290263794342e-03,
       1.0251113480388083e+00, -4.2876647147368406e-02,
       -5.0436425351117614e-02, 4.4269073989036407e-02,
       1.0257283546993989e+00 ]
T: !!opencv-matrix
   rows: 3
   cols: 1
   dt: d
   data: [ -5.0667599913505555e+01, 3.2174639453938059e+00,
       3.1984266916597761e+00 ]
E: !!opencv-matrix
   rows: 0
   cols: 0
   dt: u
   data: []
F: !!opencv-matrix
   rows: 0
   cols: 0
   dt: u
   data: []
K1: !!opencv-matrix
   rows: 3
   cols: 3
   dt: d
   data: [ 3.6627756984521932e+02, 0., 3.8060969928433269e+02, 0.,
       3.6653175179255015e+02, 2.3878059668569790e+02, 0., 0., 1. ]
D1: !!opencv-matrix
   rows: 5
   cols: 1
   dt: d
   data: [ -2.1859934914563901e-02, -9.9468572971318997e-04,
       1.6448003429794193e-03, -3.1164985765511365e-04,
       3.5195408316194161e-04 ]
P1: !!opencv-matrix
   rows: 3
   cols: 4
   dt: f
   data: [ 3.78357422e+02, 0., 4.11090942e+02, 0., 0., 3.78357422e+02,
       2.33256378e+02, 0., 0., 0., 1., 0. ]
R1: !!opencv-matrix
   rows: 3
   cols: 3
   dt: f
   data: [ 9.98209119e-01, -5.62232770e-02, -2.04329733e-02,
       5.57839312e-02, 9.98211980e-01, -2.14713179e-02, 2.16036271e-02,
       2.02930346e-02, 9.99560654e-01 ]
K2: !!opencv-matrix
   rows: 3
   cols: 3
   dt: d
   data: [ 3.6687495098581172e+02, 0., 3.7621769200552956e+02, 0.,
       3.6726361788508825e+02, 2.2399932895774910e+02, 0., 0., 1. ]
D2: !!opencv-matrix
   rows: 5
   cols: 1
   dt: d
   data: [ -2.2201337830972428e-02, -1.1445843221826492e-03,
       2.9199201696882579e-04, -7.1705872414221615e-04,
       5.1284674356775366e-04 ]
P2: !!opencv-matrix
   rows: 3
   cols: 4
   dt: f
   data: [ 3.78357422e+02, 0., 4.11090942e+02, -3.84493750e+04, 0.,
       3.78357422e+02, 2.33256378e+02, 0., 0., 0., 1., 0. ]
R2: !!opencv-matrix
   rows: 3
   cols: 3
   dt: f
   data: [ 9.96015310e-01, -6.32483736e-02, -6.28741458e-02,
       6.45493865e-02, 9.97735918e-01, 1.88790783e-02, 6.15377203e-02,
       -2.28623394e-02, 9.97842908e-01 ]
