%YAML:1.0
---
Q: !!opencv-matrix
   rows: 4
   cols: 4
   dt: f
   data: [ 1., 0., 0., -4.28251892e+02, 0., 1., 0., -2.33895905e+02, 0.,
       0., 0., 3.72607819e+02, 0., 0., 5.31761022e-03, 0. ]
R: !!opencv-matrix
   rows: 3
   cols: 3
   dt: d
   data: [ 1.0057880961629178e+00, 1.1844277362994088e-02,
       -3.7966721023723919e-03, -9.7556471306460887e-03,
       1.0044117795800735e+00, -4.3340429415575268e-02,
       3.2422336483093239e-03, 4.3238611974332271e-02,
       1.0046033203175091e+00 ]
T: !!opencv-matrix
   rows: 3
   cols: 1
   dt: d
   data: [ -1.8742778641912724e+02, 1.1902228379190943e+01,
       1.1830046078695368e+01 ]
E: !!opencv-matrix
   rows: 0
   cols: 0
   dt: u
   data: []
F: !!opencv-matrix
   rows: 0
   cols: 0
   dt: u
   data: []
K1: !!opencv-matrix
   rows: 3
   cols: 3
   dt: d
   data: [ 3.6627756984521932e+02, 0., 3.8060969928433269e+02, 0.,
       3.6653175179255015e+02, 2.3878059668569790e+02, 0., 0., 1. ]
D1: !!opencv-matrix
   rows: 5
   cols: 1
   dt: d
   data: [ -2.1859934914563901e-02, -9.9468572971318997e-04,
       1.6448003429794193e-03, -3.1164985765511365e-04,
       3.5195408316194161e-04 ]
P1: !!opencv-matrix
   rows: 3
   cols: 4
   dt: f
   data: [ 3.72607819e+02, 0., 4.28251892e+02, 0., 0., 3.72607819e+02,
       2.33895905e+02, 0., 0., 0., 1., 0. ]
R1: !!opencv-matrix
   rows: 3
   cols: 3
   dt: f
   data: [ 9.96482015e-01, -5.43450192e-02, -6.37986660e-02,
       5.29453829e-02, 9.98322546e-01, -2.34289728e-02, 6.49648905e-02,
       1.99687053e-02, 9.97687757e-01 ]
K2: !!opencv-matrix
   rows: 3
   cols: 3
   dt: d
   data: [ 3.6687495098581172e+02, 0., 3.7621769200552956e+02, 0.,
       3.6726361788508825e+02, 2.2399932895774910e+02, 0., 0., 1. ]
D2: !!opencv-matrix
   rows: 5
   cols: 1
   dt: d
   data: [ -2.2201337830972428e-02, -1.1445843221826492e-03,
       2.9199201696882579e-04, -7.1705872414221615e-04,
       5.1284674356775366e-04 ]
P2: !!opencv-matrix
   rows: 3
   cols: 4
   dt: f
   data: [ 3.72607819e+02, 0., 4.28251892e+02, -7.00705391e+04, 0.,
       3.72607819e+02, 2.33895905e+02, 0., 0., 0., 1., 0. ]
R2: !!opencv-matrix
   rows: 3
   cols: 3
   dt: f
   data: [ 9.96015668e-01, -6.32499903e-02, -6.28664047e-02,
       6.46017343e-02, 9.97716546e-01, 1.97049193e-02, 6.14765212e-02,
       -2.36876886e-02, 9.97827411e-01 ]
