%YAML:1.0
---
Q: !!opencv-matrix
   rows: 4
   cols: 4
   dt: f
   data: [ 1., 0., 0., -4.14190125e+02, 0., 1., 0., -2.33381134e+02, 0.,
       0., 0., 3.77101318e+02, 0., 0., 8.51015225e-02, 0. ]
R: !!opencv-matrix
   rows: 3
   cols: 3
   dt: d
   data: [ 1.0424482203547236e+00, 8.5036625040008987e-03,
       1.5483445399750953e-02, -7.9870376521608555e-03,
       1.0383540243220835e+00, -4.3038288232887495e-02,
       -5.1255290209399514e-02, 4.4925492073755423e-02,
       1.0392762792197825e+00 ]
T: !!opencv-matrix
   rows: 3
   cols: 1
   dt: d
   data: [ -6.5760190713685622e+00, 4.1758647150431510e-01,
       4.1511567468318639e-01 ]
E: !!opencv-matrix
   rows: 0
   cols: 0
   dt: u
   data: []
F: !!opencv-matrix
   rows: 0
   cols: 0
   dt: u
   data: []
K1: !!opencv-matrix
   rows: 3
   cols: 3
   dt: d
   data: [ 3.6627756984521932e+02, 0., 3.8060969928433269e+02, 0.,
       3.6653175179255015e+02, 2.3878059668569790e+02, 0., 0., 1. ]
D1: !!opencv-matrix
   rows: 5
   cols: 1
   dt: d
   data: [ -2.1859934914563901e-02, -9.9468572971318997e-04,
       1.6448003429794193e-03, -3.1164985765511365e-04,
       3.5195408316194161e-04 ]
P1: !!opencv-matrix
   rows: 3
   cols: 4
   dt: f
   data: [ 3.77101318e+02, 0., 4.14190125e+02, 0., 0., 3.77101318e+02,
       2.33381134e+02, 0., 0., 0., 1., 0. ]
R1: !!opencv-matrix
   rows: 3
   cols: 3
   dt: f
   data: [ 9.97987211e-01, -5.67399524e-02, -2.83221267e-02,
       5.61388247e-02, 9.98189569e-01, -2.15874370e-02, 2.94957217e-02,
       1.99540146e-02, 9.99365747e-01 ]
K2: !!opencv-matrix
   rows: 3
   cols: 3
   dt: d
   data: [ 3.6687495098581172e+02, 0., 3.7621769200552956e+02, 0.,
       3.6726361788508825e+02, 2.2399932895774910e+02, 0., 0., 1. ]
D2: !!opencv-matrix
   rows: 5
   cols: 1
   dt: d
   data: [ -2.2201337830972428e-02, -1.1445843221826492e-03,
       2.9199201696882579e-04, -7.1705872414221615e-04,
       5.1284674356775366e-04 ]
P2: !!opencv-matrix
   rows: 3
   cols: 4
   dt: f
   data: [ 3.77101318e+02, 0., 4.14190125e+02, -4.43119385e+03, 0.,
       3.77101318e+02, 2.33381134e+02, 0., 0., 0., 1., 0. ]
R2: !!opencv-matrix
   rows: 3
   cols: 3
   dt: f
   data: [ 9.96015310e-01, -6.32483736e-02, -6.28741458e-02,
       6.45425916e-02, 9.97738421e-01, 1.87688358e-02, 6.15448505e-02,
       -2.27521081e-02, 9.97844994e-01 ]
