%YAML:1.0
---
Q: !!opencv-matrix
   rows: 4
   cols: 4
   dt: f
   data: [ 1., 0., 0., -4.29294861e+02, 0., 1., 0., -2.33899246e+02, 0.,
       0., 0., 3.65865875e+02, 0., 0., 5.28131053e-03, 0. ]
R: !!opencv-matrix
   rows: 3
   cols: 3
   dt: d
   data: [ 9.9999949276048639e-01, 1.0128945601739280e-02,
       -2.9997462916464979e-03, -9.6814892474902589e-03,
       9.9996832279527637e-01, 9.2256601172687382e-03,
       3.2455578218983797e-03, -9.2306905420388267e-03,
       1.0000270733145227e+00 ]
T: !!opencv-matrix
   rows: 3
   cols: 1
   dt: d
   data: [ -1.8753029414714504e+02, 1.1908687261453768e+01,
       1.1836870568697217e+01 ]
E: !!opencv-matrix
   rows: 0
   cols: 0
   dt: u
   data: []
F: !!opencv-matrix
   rows: 0
   cols: 0
   dt: u
   data: []
K1: !!opencv-matrix
   rows: 3
   cols: 3
   dt: d
   data: [ 3.6627756984521932e+02, 0., 3.8060969928433269e+02, 0.,
       3.6653175179255015e+02, 2.3878059668569790e+02, 0., 0., 1. ]
D1: !!opencv-matrix
   rows: 5
   cols: 1
   dt: d
   data: [ -2.1859934914563901e-02, -9.9468572971318997e-04,
       1.6448003429794193e-03, -3.1164985765511365e-04,
       3.5195408316194161e-04 ]
P1: !!opencv-matrix
   rows: 3
   cols: 4
   dt: f
   data: [ 3.65865875e+02, 0., 4.29294861e+02, 0., 0., 3.65865875e+02,
       2.33899246e+02, 0., 0., 0., 1., 0. ]
R1: !!opencv-matrix
   rows: 3
   cols: 3
   dt: f
   data: [ 9.96397734e-01, -5.25783300e-02, -6.65359199e-02,
       5.28713651e-02, 9.98597801e-01, 2.64976313e-03, 6.63033053e-02,
       -6.15806319e-03, 9.97780502e-01 ]
K2: !!opencv-matrix
   rows: 3
   cols: 3
   dt: d
   data: [ 3.6687495098581172e+02, 0., 3.7621769200552956e+02, 0.,
       3.6726361788508825e+02, 2.2399932895774910e+02, 0., 0., 1. ]
D2: !!opencv-matrix
   rows: 5
   cols: 1
   dt: d
   data: [ -2.2201337830972428e-02, -1.1445843221826492e-03,
       2.9199201696882579e-04, -7.1705872414221615e-04,
       5.1284674356775366e-04 ]
P2: !!opencv-matrix
   rows: 3
   cols: 4
   dt: f
   data: [ 3.65865875e+02, 0., 4.29294861e+02, -6.92755859e+04, 0.,
       3.65865875e+02, 2.33899246e+02, 0., 0., 0., 1., 0. ]
R2: !!opencv-matrix
   rows: 3
   cols: 3
   dt: f
   data: [ 9.96015608e-01, -6.32497147e-02, -6.28682822e-02,
       6.29717112e-02, 9.97994840e-01, -6.39569480e-03, 6.31467476e-02,
       2.41128844e-03, 9.98001337e-01 ]
