%YAML:1.0
---
Q: !!opencv-matrix
   rows: 4
   cols: 4
   dt: f
   data: [ 1., 0., 0., -4.14302704e+02, 0., 1., 0., -2.33928741e+02, 0.,
       0., 0., 3.67993958e+02, 0., 0., 1.60846291e+01, 0. ]
R: !!opencv-matrix
   rows: 3
   cols: 3
   dt: d
   data: [ 1.0855912720241900e+00, -4.7725854153492918e-02,
       1.6150332446745543e-02, 4.8330448189133457e-02,
       1.0812704105968411e+00, -4.4862013949547745e-02,
       -5.0903295251021864e-02, 4.9541923628433286e-02,
       1.0832971712812458e+00 ]
T: !!opencv-matrix
   rows: 3
   cols: 1
   dt: d
   data: [ -3.3831527966474956e-02, 2.1483852545148285e-03,
       2.1354225951346361e-03 ]
E: !!opencv-matrix
   rows: 0
   cols: 0
   dt: u
   data: []
F: !!opencv-matrix
   rows: 0
   cols: 0
   dt: u
   data: []
K1: !!opencv-matrix
   rows: 3
   cols: 3
   dt: d
   data: [ 3.6627756984521932e+02, 0., 3.8060969928433269e+02, 0.,
       3.6653175179255015e+02, 2.3878059668569790e+02, 0., 0., 1. ]
D1: !!opencv-matrix
   rows: 5
   cols: 1
   dt: d
   data: [ -2.1859934914563901e-02, -9.9468572971318997e-04,
       1.6448003429794193e-03, -3.1164985765511365e-04,
       3.5195408316194161e-04 ]
P1: !!opencv-matrix
   rows: 3
   cols: 4
   dt: f
   data: [ 3.67993958e+02, 0., 4.14302704e+02, 0., 0., 3.67993958e+02,
       2.33928741e+02, 0., 0., 0., 1., 0. ]
R1: !!opencv-matrix
   rows: 3
   cols: 3
   dt: f
   data: [ 9.93623316e-01, -1.09113172e-01, -2.84082163e-02,
       1.08510032e-01, 9.93852437e-01, -2.19758842e-02, 3.06314323e-02,
       1.87531747e-02, 9.99354780e-01 ]
K2: !!opencv-matrix
   rows: 3
   cols: 3
   dt: d
   data: [ 3.6687495098581172e+02, 0., 3.7621769200552956e+02, 0.,
       3.6726361788508825e+02, 2.2399932895774910e+02, 0., 0., 1. ]
D2: !!opencv-matrix
   rows: 5
   cols: 1
   dt: d
   data: [ -2.2201337830972428e-02, -1.1445843221826492e-03,
       2.9199201696882579e-04, -7.1705872414221615e-04,
       5.1284674356775366e-04 ]
P2: !!opencv-matrix
   rows: 3
   cols: 4
   dt: f
   data: [ 3.67993958e+02, 0., 4.14302704e+02, -2.28786106e+01, 0.,
       3.67993958e+02, 2.33928741e+02, 0., 0., 0., 1., 0. ]
R2: !!opencv-matrix
   rows: 3
   cols: 3
   dt: f
   data: [ 9.96015608e-01, -6.32494465e-02, -6.28678128e-02,
       6.45198599e-02, 9.97747064e-01, 1.83852613e-02, 6.15633205e-02,
       -2.23682299e-02, 9.97852504e-01 ]
