%YAML:1.0
---
Q: !!opencv-matrix
   rows: 4
   cols: 4
   dt: f
   data: [ 1., 0., 0., -3.82538849e+02, 0., 1., 0., -2.31851212e+02, 0.,
       0., 0., 3.58741333e+02, 0., 0., 5.55635011e-03, 0. ]
R: !!opencv-matrix
   rows: 3
   cols: 3
   dt: d
   data: [ 9.9993306845864494e-01, 9.7410127590748553e-03,
       -3.1541968794967499e-03, -9.6827208873798889e-03,
       9.9991477774751270e-01, 9.2347211846718243e-03,
       3.2431448319924232e-03, -9.2038767308061185e-03,
       9.9995696180819826e-01 ]
T: !!opencv-matrix
   rows: 3
   cols: 1
   dt: d
   data: [ -1.7997172973504794e+02, 8.4070200385714910e-01,
       7.7190895503188151e-01 ]
E: !!opencv-matrix
   rows: 0
   cols: 0
   dt: u
   data: []
F: !!opencv-matrix
   rows: 0
   cols: 0
   dt: u
   data: []
K1: !!opencv-matrix
   rows: 3
   cols: 3
   dt: d
   data: [ 3.6627756984521932e+02, 0., 3.8060969928433269e+02, 0.,
       3.6653175179255015e+02, 2.3878059668569790e+02, 0., 0., 1. ]
D1: !!opencv-matrix
   rows: 5
   cols: 1
   dt: d
   data: [ -2.1859934914563901e-02, -9.9468572971318997e-04,
       1.6448003429794193e-03, -3.1164985765511365e-04,
       3.5195408316194161e-04 ]
P1: !!opencv-matrix
   rows: 3
   cols: 4
   dt: f
   data: [ 3.58741333e+02, 0., 3.82538849e+02, 0., 0., 3.58741333e+02,
       2.31851212e+02, 0., 0., 0., 1., 0. ]
R1: !!opencv-matrix
   rows: 3
   cols: 3
   dt: f
   data: [ 9.99958992e-01, 5.09570958e-03, -7.48575013e-03,
       -5.06125391e-03, 9.99976516e-01, 4.61458042e-03, 7.50908908e-03,
       -4.57650376e-03, 9.99961317e-01 ]
K2: !!opencv-matrix
   rows: 3
   cols: 3
   dt: d
   data: [ 3.6687495098581172e+02, 0., 3.7621769200552956e+02, 0.,
       3.6726361788508825e+02, 2.2399932895774910e+02, 0., 0., 1. ]
D2: !!opencv-matrix
   rows: 5
   cols: 1
   dt: d
   data: [ -2.2201337830972428e-02, -1.1445843221826492e-03,
       2.9199201696882579e-04, -7.1705872414221615e-04,
       5.1284674356775366e-04 ]
P2: !!opencv-matrix
   rows: 3
   cols: 4
   dt: f
   data: [ 3.58741333e+02, 0., 3.82538849e+02, -6.45642031e+04, 0.,
       3.58741333e+02, 2.31851212e+02, 0., 0., 0., 1., 0. ]
R2: !!opencv-matrix
   rows: 3
   cols: 3
   dt: f
   data: [ 9.99979913e-01, -4.67120623e-03, -4.28896910e-03,
       4.65144636e-03, 9.99978602e-01, -4.60558757e-03, 4.31039091e-03,
       4.58554504e-03, 9.99980211e-01 ]
