%YAML:1.0
---
Q: !!opencv-matrix
   rows: 4
   cols: 4
   dt: f
   data: [ 1., 0., 0., -3.82352783e+02, 0., 1., 0., -2.31849869e+02, 0.,
       0., 0., 3.58597504e+02, 0., 0., 5.55600552e-03, 0. ]
R: !!opencv-matrix
   rows: 3
   cols: 3
   dt: d
   data: [ 9.9998182660198720e-01, 9.7386649635303919e-03,
       -3.1544879444034926e-03, -9.6828888886521993e-03,
       9.9990003568560848e-01, 9.2346124592780632e-03,
       3.2432376287284364e-03, -9.2038372694506834e-03,
       9.9994201274367533e-01 ]
T: !!opencv-matrix
   rows: 3
   cols: 1
   dt: d
   data: [ -1.7998219815217831e+02, 7.9391201208172602e-01,
       7.2974624301280755e-01 ]
E: !!opencv-matrix
   rows: 0
   cols: 0
   dt: u
   data: []
F: !!opencv-matrix
   rows: 0
   cols: 0
   dt: u
   data: []
K1: !!opencv-matrix
   rows: 3
   cols: 3
   dt: d
   data: [ 3.6627756984521932e+02, 0., 3.8060969928433269e+02, 0.,
       3.6653175179255015e+02, 2.3878059668569790e+02, 0., 0., 1. ]
D1: !!opencv-matrix
   rows: 5
   cols: 1
   dt: d
   data: [ -2.1859934914563901e-02, -9.9468572971318997e-04,
       1.6448003429794193e-03, -3.1164985765511365e-04,
       3.5195408316194161e-04 ]
P1: !!opencv-matrix
   rows: 3
   cols: 4
   dt: f
   data: [ 3.58597504e+02, 0., 3.82352783e+02, 0., 0., 3.58597504e+02,
       2.31849869e+02, 0., 0., 0., 1., 0. ]
R1: !!opencv-matrix
   rows: 3
   cols: 3
   dt: f
   data: [ 9.99959409e-01, 5.35196392e-03, -7.24907871e-03,
       -5.31858765e-03, 9.99975204e-01, 4.61572502e-03, 7.27360230e-03,
       -4.57698246e-03, 9.99963045e-01 ]
K2: !!opencv-matrix
   rows: 3
   cols: 3
   dt: d
   data: [ 3.6687495098581172e+02, 0., 3.7621769200552956e+02, 0.,
       3.6726361788508825e+02, 2.2399932895774910e+02, 0., 0., 1. ]
D2: !!opencv-matrix
   rows: 5
   cols: 1
   dt: d
   data: [ -2.2201337830972428e-02, -1.1445843221826492e-03,
       2.9199201696882579e-04, -7.1705872414221615e-04,
       5.1284674356775366e-04 ]
P2: !!opencv-matrix
   rows: 3
   cols: 4
   dt: f
   data: [ 3.58597504e+02, 0., 3.82352783e+02, -6.45423242e+04, 0.,
       3.58597504e+02, 2.31849869e+02, 0., 0., 0., 1., 0. ]
R2: !!opencv-matrix
   rows: 3
   cols: 3
   dt: f
   data: [ 9.99982059e-01, -4.41097934e-03, -4.05447418e-03,
       4.39229654e-03, 9.99979734e-01, -4.60532540e-03, 4.07470576e-03,
       4.58743423e-03, 9.99981165e-01 ]
