%YAML:1.0
---
Q: !!opencv-matrix
   rows: 4
   cols: 4
   dt: f
   data: [ 1., 0., 0., -4.14109161e+02, 0., 1., 0., -2.33908371e+02, 0.,
       0., 0., 3.68145477e+02, 0., 0., 1.29852796e+00, 0. ]
R: !!opencv-matrix
   rows: 3
   cols: 3
   dt: d
   data: [ 1.0680188272882822e+00, -4.6569614144836617e-02,
       1.6060192945091839e-02, 4.7658676079838660e-02,
       1.0647600276201703e+00, -4.4188036265164765e-02,
       -5.0062715186461743e-02, 4.8759635074638485e-02,
       1.0667732646244612e+00 ]
T: !!opencv-matrix
   rows: 3
   cols: 1
   dt: d
   data: [ -3.9170564744302927e-01, 2.4874272244241050e-02,
       2.4724188958320559e-02 ]
E: !!opencv-matrix
   rows: 0
   cols: 0
   dt: u
   data: []
F: !!opencv-matrix
   rows: 0
   cols: 0
   dt: u
   data: []
K1: !!opencv-matrix
   rows: 3
   cols: 3
   dt: d
   data: [ 3.6627756984521932e+02, 0., 3.8060969928433269e+02, 0.,
       3.6653175179255015e+02, 2.3878059668569790e+02, 0., 0., 1. ]
D1: !!opencv-matrix
   rows: 5
   cols: 1
   dt: d
   data: [ -2.1859934914563901e-02, -9.9468572971318997e-04,
       1.6448003429794193e-03, -3.1164985765511365e-04,
       3.5195408316194161e-04 ]
P1: !!opencv-matrix
   rows: 3
   cols: 4
   dt: f
   data: [ 3.68145477e+02, 0., 4.14109161e+02, 0., 0., 3.68145477e+02,
       2.33908371e+02, 0., 0., 0., 1., 0. ]
R1: !!opencv-matrix
   rows: 3
   cols: 3
   dt: f
   data: [ 9.93701637e-01, -1.08525053e-01, -2.79172212e-02,
       1.07931718e-01, 9.93915915e-01, -2.19524875e-02, 3.01297642e-02,
       1.88010689e-02, 9.99369144e-01 ]
K2: !!opencv-matrix
   rows: 3
   cols: 3
   dt: d
   data: [ 3.6687495098581172e+02, 0., 3.7621769200552956e+02, 0.,
       3.6726361788508825e+02, 2.2399932895774910e+02, 0., 0., 1. ]
D2: !!opencv-matrix
   rows: 5
   cols: 1
   dt: d
   data: [ -2.2201337830972428e-02, -1.1445843221826492e-03,
       2.9199201696882579e-04, -7.1705872414221615e-04,
       5.1284674356775366e-04 ]
P2: !!opencv-matrix
   rows: 3
   cols: 4
   dt: f
   data: [ 3.68145477e+02, 0., 4.14109161e+02, -2.83509857e+02, 0.,
       3.68145477e+02, 2.33908371e+02, 0., 0., 0., 1., 0. ]
R2: !!opencv-matrix
   rows: 3
   cols: 3
   dt: f
   data: [ 9.96015608e-01, -6.32494465e-02, -6.28678128e-02,
       6.45205900e-02, 9.97746766e-01, 1.83971170e-02, 6.15625530e-02,
       -2.23800838e-02, 9.97852266e-01 ]
