%YAML:1.0
---
Q: !!opencv-matrix
   rows: 4
   cols: 4
   dt: f
   data: [ 1., 0., 0., -3.83181396e+02, 0., 1., 0., -2.32192566e+02, 0.,
       0., 0., 3.61829346e+02, 0., 0., 5.56617556e-03, 0. ]
R: !!opencv-matrix
   rows: 3
   cols: 3
   dt: d
   data: [ 9.8752487822460921e-01, 1.3090353962128176e-02,
       -3.6469285789981843e-03, -8.6518936503998788e-03,
       1.0041942982378376e+00, 9.3066151071354852e-03,
       4.3257117740543244e-03, -9.4555130551862761e-03,
       1.0044785429816305e+00 ]
T: !!opencv-matrix
   rows: 3
   cols: 1
   dt: d
   data: [ -1.8416357876876370e+02, 1.1694891712388532e+01,
       1.1624363339644423e+01 ]
E: !!opencv-matrix
   rows: 0
   cols: 0
   dt: u
   data: []
F: !!opencv-matrix
   rows: 0
   cols: 0
   dt: u
   data: []
K1: !!opencv-matrix
   rows: 3
   cols: 3
   dt: d
   data: [ 3.6627756984521932e+02, 0., 3.8060969928433269e+02, 0.,
       3.6653175179255015e+02, 2.3878059668569790e+02, 0., 0., 1. ]
D1: !!opencv-matrix
   rows: 5
   cols: 1
   dt: d
   data: [ -2.1859934914563901e-02, -9.9468572971318997e-04,
       1.6448003429794193e-03, -3.1164985765511365e-04,
       3.5195408316194161e-04 ]
P1: !!opencv-matrix
   rows: 3
   cols: 4
   dt: f
   data: [ 3.61829346e+02, 0., 3.83181396e+02, 0., 0., 3.61829346e+02,
       2.32192566e+02, 0., 0., 0., 1., 0. ]
R1: !!opencv-matrix
   rows: 3
   cols: 3
   dt: f
   data: [ 9.98530865e-01, -5.35904244e-02, -8.01131502e-03,
       5.36263064e-02, 9.98551667e-01, 4.33287118e-03, 7.76751200e-03,
       -4.75612283e-03, 9.99958515e-01 ]
K2: !!opencv-matrix
   rows: 3
   cols: 3
   dt: d
   data: [ 3.6687495098581172e+02, 0., 3.7621769200552956e+02, 0.,
       3.6726361788508825e+02, 2.2399932895774910e+02, 0., 0., 1. ]
D2: !!opencv-matrix
   rows: 5
   cols: 1
   dt: d
   data: [ -2.2201337830972428e-02, -1.1445843221826492e-03,
       2.9199201696882579e-04, -7.1705872414221615e-04,
       5.1284674356775366e-04 ]
P2: !!opencv-matrix
   rows: 3
   cols: 4
   dt: f
   data: [ 3.61829346e+02, 0., 3.83181396e+02, -6.50050195e+04, 0.,
       3.61829346e+02, 2.32192566e+02, 0., 0., 0., 1., 0. ]
R2: !!opencv-matrix
   rows: 3
   cols: 3
   dt: f
   data: [ 9.97980654e-01, -6.33746013e-02, -4.27638320e-03,
       6.33544996e-02, 9.97980118e-01, -4.68406454e-03, 4.56459587e-03,
       4.40367777e-03, 9.99979913e-01 ]
