%YAML:1.0
---
Q: !!opencv-matrix
   rows: 4
   cols: 4
   dt: f
   data: [ 1., 0., 0., -4.28245148e+02, 0., 1., 0., -2.33913681e+02, 0.,
       0., 0., 3.72459442e+02, 0., 0., 5.31413034e-03, 0. ]
R: !!opencv-matrix
   rows: 3
   cols: 3
   dt: d
   data: [ 1.0143240673269291e+00, 1.0782784288024341e-02,
       3.6555699672486133e-02, -7.7190670910859708e-03,
       1.0111178182948555e+00, -4.3279726348128815e-02,
       -4.9859355985539297e-02, 4.3596090167721840e-02,
       1.0108191436988319e+00 ]
T: !!opencv-matrix
   rows: 3
   cols: 1
   dt: d
   data: [ -1.3285911936281866e+02, 8.4367410537045409e+00,
       8.3868234269737467e+00 ]
E: !!opencv-matrix
   rows: 0
   cols: 0
   dt: u
   data: []
F: !!opencv-matrix
   rows: 0
   cols: 0
   dt: u
   data: []
K1: !!opencv-matrix
   rows: 3
   cols: 3
   dt: d
   data: [ 3.6627756984521932e+02, 0., 3.8060969928433269e+02, 0.,
       3.6653175179255015e+02, 2.3878059668569790e+02, 0., 0., 1. ]
D1: !!opencv-matrix
   rows: 5
   cols: 1
   dt: d
   data: [ -2.1859934914563901e-02, -9.9468572971318997e-04,
       1.6448003429794193e-03, -3.1164985765511365e-04,
       3.5195408316194161e-04 ]
P1: !!opencv-matrix
   rows: 3
   cols: 4
   dt: f
   data: [ 3.72459442e+02, 0., 4.28245148e+02, 0., 0., 3.72459442e+02,
       2.33913681e+02, 0., 0., 0., 1., 0. ]
R1: !!opencv-matrix
   rows: 3
   cols: 3
   dt: f
   data: [ 9.96432304e-01, -5.52723855e-02, -6.37775809e-02,
       5.38719967e-02, 9.98271942e-01, -2.34732851e-02, 6.49647862e-02,
       1.99537147e-02, 9.97688055e-01 ]
K2: !!opencv-matrix
   rows: 3
   cols: 3
   dt: d
   data: [ 3.6687495098581172e+02, 0., 3.7621769200552956e+02, 0.,
       3.6726361788508825e+02, 2.2399932895774910e+02, 0., 0., 1. ]
D2: !!opencv-matrix
   rows: 5
   cols: 1
   dt: d
   data: [ -2.2201337830972428e-02, -1.1445843221826492e-03,
       2.9199201696882579e-04, -7.1705872414221615e-04,
       5.1284674356775366e-04 ]
P2: !!opencv-matrix
   rows: 3
   cols: 4
   dt: f
   data: [ 3.72459442e+02, 0., 4.28245148e+02, -7.00885000e+04, 0.,
       3.72459442e+02, 2.33913681e+02, 0., 0., 0., 1., 0. ]
R2: !!opencv-matrix
   rows: 3
   cols: 3
   dt: f
   data: [ 9.96015668e-01, -6.32499903e-02, -6.28664047e-02,
       6.46026582e-02, 9.97716188e-01, 1.97198503e-02, 6.14755526e-02,
       -2.37026177e-02, 9.97827113e-01 ]
