%YAML:1.0
---
Q: !!opencv-matrix
   rows: 4
   cols: 4
   dt: f
   data: [ 1., 0., 0., -3.82538879e+02, 0., 1., 0., -2.31851212e+02, 0.,
       0., 0., 3.58741486e+02, 0., 0., 5.55631658e-03, 0. ]
R: !!opencv-matrix
   rows: 3
   cols: 3
   dt: d
   data: [ 9.9994849758415261e-01, 9.7399530685437739e-03,
       -3.1543325636828050e-03, -9.6827703469210945e-03,
       9.9991026957598850e-01, 9.2346802039802584e-03,
       3.2430446547847360e-03, -9.2038306990911405e-03,
       9.9995244927229188e-01 ]
T: !!opencv-matrix
   rows: 3
   cols: 1
   dt: d
   data: [ -1.7997363380774289e+02, 8.4071092086398325e-01,
       7.7191737818290518e-01 ]
E: !!opencv-matrix
   rows: 0
   cols: 0
   dt: u
   data: []
F: !!opencv-matrix
   rows: 0
   cols: 0
   dt: u
   data: []
K1: !!opencv-matrix
   rows: 3
   cols: 3
   dt: d
   data: [ 3.6627756984521932e+02, 0., 3.8060969928433269e+02, 0.,
       3.6653175179255015e+02, 2.3878059668569790e+02, 0., 0., 1. ]
D1: !!opencv-matrix
   rows: 5
   cols: 1
   dt: d
   data: [ -2.1859934914563901e-02, -9.9468572971318997e-04,
       1.6448003429794193e-03, -3.1164985765511365e-04,
       3.5195408316194161e-04 ]
P1: !!opencv-matrix
   rows: 3
   cols: 4
   dt: f
   data: [ 3.58741486e+02, 0., 3.82538879e+02, 0., 0., 3.58741486e+02,
       2.31851212e+02, 0., 0., 0., 1., 0. ]
R1: !!opencv-matrix
   rows: 3
   cols: 3
   dt: f
   data: [ 9.99958992e-01, 5.09515218e-03, -7.48582277e-03,
       -5.06069604e-03, 9.99976575e-01, 4.61457716e-03, 7.50915939e-03,
       -4.57650470e-03, 9.99961317e-01 ]
K2: !!opencv-matrix
   rows: 3
   cols: 3
   dt: d
   data: [ 3.6687495098581172e+02, 0., 3.7621769200552956e+02, 0.,
       3.6726361788508825e+02, 2.2399932895774910e+02, 0., 0., 1. ]
D2: !!opencv-matrix
   rows: 5
   cols: 1
   dt: d
   data: [ -2.2201337830972428e-02, -1.1445843221826492e-03,
       2.9199201696882579e-04, -7.1705872414221615e-04,
       5.1284674356775366e-04 ]
P2: !!opencv-matrix
   rows: 3
   cols: 4
   dt: f
   data: [ 3.58741486e+02, 0., 3.82538879e+02, -6.45646250e+04, 0.,
       3.58741486e+02, 2.31851212e+02, 0., 0., 0., 1., 0. ]
R2: !!opencv-matrix
   rows: 3
   cols: 3
   dt: f
   data: [ 9.99979913e-01, -4.67120623e-03, -4.28897049e-03,
       4.65144683e-03, 9.99978602e-01, -4.60558617e-03, 4.31039231e-03,
       4.58554365e-03, 9.99980211e-01 ]
