%YAML:1.0
---
Q: !!opencv-matrix
   rows: 4
   cols: 4
   dt: f
   data: [ 1., 0., 0., -4.14307648e+02, 0., 1., 0., -2.33929749e+02, 0.,
       0., 0., 3.67982727e+02, 0., 0., 8.35455132e+00, 0. ]
R: !!opencv-matrix
   rows: 3
   cols: 3
   dt: d
   data: [ 1.0819954682677710e+00, -4.7952099411363698e-02,
       1.5993566617062221e-02, 4.8097454450823050e-02,
       1.0770429536568444e+00, -4.4679605243063185e-02,
       -5.0745642159806086e-02, 4.9373155761052487e-02,
       1.0790413356001505e+00 ]
T: !!opencv-matrix
   rows: 3
   cols: 1
   dt: d
   data: [ -6.1923445962304334e-02, 3.9322911559296148e-03,
       3.9085649872982690e-03 ]
E: !!opencv-matrix
   rows: 0
   cols: 0
   dt: u
   data: []
F: !!opencv-matrix
   rows: 0
   cols: 0
   dt: u
   data: []
K1: !!opencv-matrix
   rows: 3
   cols: 3
   dt: d
   data: [ 3.6627756984521932e+02, 0., 3.8060969928433269e+02, 0.,
       3.6653175179255015e+02, 2.3878059668569790e+02, 0., 0., 1. ]
D1: !!opencv-matrix
   rows: 5
   cols: 1
   dt: d
   data: [ -2.1859934914563901e-02, -9.9468572971318997e-04,
       1.6448003429794193e-03, -3.1164985765511365e-04,
       3.5195408316194161e-04 ]
P1: !!opencv-matrix
   rows: 3
   cols: 4
   dt: f
   data: [ 3.67982727e+02, 0., 4.14307648e+02, 0., 0., 3.67982727e+02,
       2.33929749e+02, 0., 0., 0., 1., 0. ]
R1: !!opencv-matrix
   rows: 3
   cols: 3
   dt: f
   data: [ 9.93616104e-01, -1.09175622e-01, -2.84206029e-02,
       1.08572215e-01, 9.93845582e-01, -2.19773110e-02, 3.06450762e-02,
       1.87513214e-02, 9.99354422e-01 ]
K2: !!opencv-matrix
   rows: 3
   cols: 3
   dt: d
   data: [ 3.6687495098581172e+02, 0., 3.7621769200552956e+02, 0.,
       3.6726361788508825e+02, 2.2399932895774910e+02, 0., 0., 1. ]
D2: !!opencv-matrix
   rows: 5
   cols: 1
   dt: d
   data: [ -2.2201337830972428e-02, -1.1445843221826492e-03,
       2.9199201696882579e-04, -7.1705872414221615e-04,
       5.1284674356775366e-04 ]
P2: !!opencv-matrix
   rows: 3
   cols: 4
   dt: f
   data: [ 3.67982727e+02, 0., 4.14307648e+02, -4.40457802e+01, 0.,
       3.67982727e+02, 2.33929749e+02, 0., 0., 0., 1., 0. ]
R2: !!opencv-matrix
   rows: 3
   cols: 3
   dt: f
   data: [ 9.96015608e-01, -6.32494465e-02, -6.28678128e-02,
       6.45198449e-02, 9.97747064e-01, 1.83850843e-02, 6.15633316e-02,
       -2.23680530e-02, 9.97852504e-01 ]
