%YAML:1.0
---
Q: !!opencv-matrix
   rows: 4
   cols: 4
   dt: f
   data: [ 1., 0., 0., -4.14265808e+02, 0., 1., 0., -2.33922852e+02, 0.,
       0., 0., 3.68052307e+02, 0., 0., 2.54276562e+00, 0. ]
R: !!opencv-matrix
   rows: 3
   cols: 3
   dt: d
   data: [ 1.0732843786314861e+00, -4.7538536253119767e-02,
       1.5877475873784200e-02, 4.7719942267011345e-02,
       1.0684593429702980e+00, -4.4324329489069607e-02,
       -5.0335631583840273e-02, 4.8977774915797349e-02,
       1.0704430862680425e+00 ]
T: !!opencv-matrix
   rows: 3
   cols: 1
   dt: d
   data: [ -2.1462896328389178e-01, 1.3629467175347167e-02,
       1.3547231393773666e-02 ]
E: !!opencv-matrix
   rows: 0
   cols: 0
   dt: u
   data: []
F: !!opencv-matrix
   rows: 0
   cols: 0
   dt: u
   data: []
K1: !!opencv-matrix
   rows: 3
   cols: 3
   dt: d
   data: [ 3.6627756984521932e+02, 0., 3.8060969928433269e+02, 0.,
       3.6653175179255015e+02, 2.3878059668569790e+02, 0., 0., 1. ]
D1: !!opencv-matrix
   rows: 5
   cols: 1
   dt: d
   data: [ -2.1859934914563901e-02, -9.9468572971318997e-04,
       1.6448003429794193e-03, -3.1164985765511365e-04,
       3.5195408316194161e-04 ]
P1: !!opencv-matrix
   rows: 3
   cols: 4
   dt: f
   data: [ 3.68052307e+02, 0., 4.14265808e+02, 0., 0., 3.68052307e+02,
       2.33922852e+02, 0., 0., 0., 1., 0. ]
R1: !!opencv-matrix
   rows: 3
   cols: 3
   dt: f
   data: [ 9.93659139e-01, -1.08810753e-01, -2.83153635e-02,
       1.08209521e-01, 9.93885338e-01, -2.19681039e-02, 3.05325910e-02,
       1.87648144e-02, 9.99357641e-01 ]
K2: !!opencv-matrix
   rows: 3
   cols: 3
   dt: d
   data: [ 3.6687495098581172e+02, 0., 3.7621769200552956e+02, 0.,
       3.6726361788508825e+02, 2.2399932895774910e+02, 0., 0., 1. ]
D2: !!opencv-matrix
   rows: 5
   cols: 1
   dt: d
   data: [ -2.2201337830972428e-02, -1.1445843221826492e-03,
       2.9199201696882579e-04, -7.1705872414221615e-04,
       5.1284674356775366e-04 ]
P2: !!opencv-matrix
   rows: 3
   cols: 4
   dt: f
   data: [ 3.68052307e+02, 0., 4.14265808e+02, -1.44744888e+02, 0.,
       3.68052307e+02, 2.33922852e+02, 0., 0., 0., 1., 0. ]
R2: !!opencv-matrix
   rows: 3
   cols: 3
   dt: f
   data: [ 9.96015608e-01, -6.32494465e-02, -6.28678128e-02,
       6.45199642e-02, 9.97747004e-01, 1.83870103e-02, 6.15632087e-02,
       -2.23699789e-02, 9.97852445e-01 ]
