%YAML:1.0
---
Q: !!opencv-matrix
   rows: 4
   cols: 4
   dt: f
   data: [ 1., 0., 0., -4.14275330e+02, 0., 1., 0., -2.33924057e+02, 0.,
       0., 0., 3.68041870e+02, 0., 0., 1.95329805e+04, 0. ]
R: !!opencv-matrix
   rows: 3
   cols: 3
   dt: d
   data: [ 1.1346701359510354e+00, -4.9208014545938553e-02,
       1.7173662867155867e-02, 5.0685671069425578e-02,
       1.1316762892989967e+00, -4.6972450137079964e-02,
       -5.3179023289793258e-02, 5.1806590255934135e-02,
       1.1338278900509997e+00 ]
T: !!opencv-matrix
   rows: 3
   cols: 1
   dt: d
   data: [ -1.9063835556569501e-05, 1.2106004566159459e-06,
       1.2032960863544932e-06 ]
E: !!opencv-matrix
   rows: 0
   cols: 0
   dt: u
   data: []
F: !!opencv-matrix
   rows: 0
   cols: 0
   dt: u
   data: []
K1: !!opencv-matrix
   rows: 3
   cols: 3
   dt: d
   data: [ 3.6627756984521932e+02, 0., 3.8060969928433269e+02, 0.,
       3.6653175179255015e+02, 2.3878059668569790e+02, 0., 0., 1. ]
D1: !!opencv-matrix
   rows: 5
   cols: 1
   dt: d
   data: [ -2.1859934914563901e-02, -9.9468572971318997e-04,
       1.6448003429794193e-03, -3.1164985765511365e-04,
       3.5195408316194161e-04 ]
P1: !!opencv-matrix
   rows: 3
   cols: 4
   dt: f
   data: [ 3.68041870e+02, 0., 4.14275330e+02, 0., 0., 3.68041870e+02,
       2.33924057e+02, 0., 0., 0., 1., 0. ]
R1: !!opencv-matrix
   rows: 3
   cols: 3
   dt: f
   data: [ 9.93653178e-01, -1.08858943e-01, -2.83393804e-02,
       1.08257227e-01, 9.93880153e-01, -2.19695903e-02, 3.05575337e-02,
       1.87622104e-02, 9.99356925e-01 ]
K2: !!opencv-matrix
   rows: 3
   cols: 3
   dt: d
   data: [ 3.6687495098581172e+02, 0., 3.7621769200552956e+02, 0.,
       3.6726361788508825e+02, 2.2399932895774910e+02, 0., 0., 1. ]
D2: !!opencv-matrix
   rows: 5
   cols: 1
   dt: d
   data: [ -2.2201337830972428e-02, -1.1445843221826492e-03,
       2.9199201696882579e-04, -7.1705872414221615e-04,
       5.1284674356775366e-04 ]
P2: !!opencv-matrix
   rows: 3
   cols: 4
   dt: f
   data: [ 3.68041870e+02, 0., 4.14275330e+02, -1.88420750e-02, 0.,
       3.68041870e+02, 2.33924057e+02, 0., 0., 0., 1., 0. ]
R2: !!opencv-matrix
   rows: 3
   cols: 3
   dt: f
   data: [ 9.96015608e-01, -6.32494465e-02, -6.28678128e-02,
       6.45199344e-02, 9.97747004e-01, 1.83864795e-02, 6.15632422e-02,
       -2.23694481e-02, 9.97852504e-01 ]
