%YAML:1.0
---
Q: !!opencv-matrix
   rows: 4
   cols: 4
   dt: f
   data: [ 1., 0., 0., -4.13214081e+02, 0., 1., 0., -2.33842270e+02, 0.,
       0., 0., 3.68431274e+02, 0., 0., 5.78108788e-01, 0. ]
R: !!opencv-matrix
   rows: 3
   cols: 3
   dt: d
   data: [ 1.0624747910809500e+00, -4.5576044016434350e-02,
       1.6913525740418312e-02, 4.7634750517749513e-02,
       1.0612398784854757e+00, -4.4101676524988996e-02,
       -4.9769267859361137e-02, 4.8547738608841755e-02,
       1.0632428641932965e+00 ]
T: !!opencv-matrix
   rows: 3
   cols: 1
   dt: d
   data: [ -7.6703438547542102e-01, 4.8708570451733713e-02,
       4.8414678761623607e-02 ]
E: !!opencv-matrix
   rows: 0
   cols: 0
   dt: u
   data: []
F: !!opencv-matrix
   rows: 0
   cols: 0
   dt: u
   data: []
K1: !!opencv-matrix
   rows: 3
   cols: 3
   dt: d
   data: [ 3.6627756984521932e+02, 0., 3.8060969928433269e+02, 0.,
       3.6653175179255015e+02, 2.3878059668569790e+02, 0., 0., 1. ]
D1: !!opencv-matrix
   rows: 5
   cols: 1
   dt: d
   data: [ -2.1859934914563901e-02, -9.9468572971318997e-04,
       1.6448003429794193e-03, -3.1164985765511365e-04,
       3.5195408316194161e-04 ]
P1: !!opencv-matrix
   rows: 3
   cols: 4
   dt: f
   data: [ 3.68431274e+02, 0., 4.13214081e+02, 0., 0., 3.68431274e+02,
       2.33842270e+02, 0., 0., 0., 1., 0. ]
R1: !!opencv-matrix
   rows: 3
   cols: 3
   dt: f
   data: [ 9.93768334e-01, -1.08477399e-01, -2.56358497e-02,
       1.07928984e-01, 9.93917584e-01, -2.18907241e-02, 2.78545711e-02,
       1.89874563e-02, 9.99431610e-01 ]
K2: !!opencv-matrix
   rows: 3
   cols: 3
   dt: d
   data: [ 3.6687495098581172e+02, 0., 3.7621769200552956e+02, 0.,
       3.6726361788508825e+02, 2.2399932895774910e+02, 0., 0., 1. ]
D2: !!opencv-matrix
   rows: 5
   cols: 1
   dt: d
   data: [ -2.2201337830972428e-02, -1.1445843221826492e-03,
       2.9199201696882579e-04, -7.1705872414221615e-04,
       5.1284674356775366e-04 ]
P2: !!opencv-matrix
   rows: 3
   cols: 4
   dt: f
   data: [ 3.68431274e+02, 0., 4.13214081e+02, -6.37304443e+02, 0.,
       3.68431274e+02, 2.33842270e+02, 0., 0., 0., 1., 0. ]
R2: !!opencv-matrix
   rows: 3
   cols: 3
   dt: f
   data: [ 9.96015608e-01, -6.32494465e-02, -6.28678128e-02,
       6.45244122e-02, 9.97745395e-01, 1.84591282e-02, 6.15585446e-02,
       -2.24420894e-02, 9.97851133e-01 ]
