%YAML:1.0
---
Q: !!opencv-matrix
   rows: 4
   cols: 4
   dt: f
   data: [ 1., 0., 0., -4.28275665e+02, 0., 1., 0., -2.33918106e+02, 0.,
       0., 0., 3.72424011e+02, 0., 0., 8.31560697e-03, 0. ]
R: !!opencv-matrix
   rows: 3
   cols: 3
   dt: d
   data: [ 1.0114426085852370e+00, 9.8407549634250083e-03,
       -4.0749310158844946e-03, -9.7959761975408392e-03,
       1.0104599625948150e+00, -4.3579501515113771e-02,
       3.2786076675161905e-03, 4.3624439966921821e-02,
       1.0105368645639394e+00 ]
T: !!opencv-matrix
   rows: 3
   cols: 1
   dt: d
   data: [ -1.1904208444388007e+02, 7.5596252731641895e+00,
       7.5144598448223139e+00 ]
E: !!opencv-matrix
   rows: 0
   cols: 0
   dt: u
   data: []
F: !!opencv-matrix
   rows: 0
   cols: 0
   dt: u
   data: []
K1: !!opencv-matrix
   rows: 3
   cols: 3
   dt: d
   data: [ 3.6627756984521932e+02, 0., 3.8060969928433269e+02, 0.,
       3.6653175179255015e+02, 2.3878059668569790e+02, 0., 0., 1. ]
D1: !!opencv-matrix
   rows: 5
   cols: 1
   dt: d
   data: [ -2.1859934914563901e-02, -9.9468572971318997e-04,
       1.6448003429794193e-03, -3.1164985765511365e-04,
       3.5195408316194161e-04 ]
P1: !!opencv-matrix
   rows: 3
   cols: 4
   dt: f
   data: [ 3.72424011e+02, 0., 4.28275665e+02, 0., 0., 3.72424011e+02,
       2.33918106e+02, 0., 0., 0., 1., 0. ]
R1: !!opencv-matrix
   rows: 3
   cols: 3
   dt: f
   data: [ 9.96418774e-01, -5.54371700e-02, -6.38466775e-02,
       5.40351197e-02, 9.98262882e-01, -2.34822351e-02, 6.50375560e-02,
       1.99481752e-02, 9.97683406e-01 ]
K2: !!opencv-matrix
   rows: 3
   cols: 3
   dt: d
   data: [ 3.6687495098581172e+02, 0., 3.7621769200552956e+02, 0.,
       3.6726361788508825e+02, 2.2399932895774910e+02, 0., 0., 1. ]
D2: !!opencv-matrix
   rows: 5
   cols: 1
   dt: d
   data: [ -2.2201337830972428e-02, -1.1445843221826492e-03,
       2.9199201696882579e-04, -7.1705872414221615e-04,
       5.1284674356775366e-04 ]
P2: !!opencv-matrix
   rows: 3
   cols: 4
   dt: f
   data: [ 3.72424011e+02, 0., 4.28275665e+02, -4.47861484e+04, 0.,
       3.72424011e+02, 2.33918106e+02, 0., 0., 0., 1., 0. ]
R2: !!opencv-matrix
   rows: 3
   cols: 3
   dt: f
   data: [ 9.96015251e-01, -6.32507578e-02, -6.28728569e-02,
       6.46036714e-02, 9.97716129e-01, 1.97213944e-02, 6.14818707e-02,
       -2.37046257e-02, 9.97826695e-01 ]
