%YAML:1.0
---
Q: !!opencv-matrix
   rows: 4
   cols: 4
   dt: f
   data: [ 1., 0., 0., -4.28731110e+02, 0., 1., 0., -2.33889999e+02, 0.,
       0., 0., 3.72631958e+02, 0., 0., 8.66205059e-03, 0. ]
R: !!opencv-matrix
   rows: 3
   cols: 3
   dt: d
   data: [ 1.0127424091071211e+00, 1.6022318645978764e-02,
       -4.7381858479039413e-03, -9.8934031026936889e-03,
       1.0097909376592753e+00, -4.3525395136358030e-02,
       3.1782035299565753e-03, 4.3222134265360063e-02,
       1.0103024803483547e+00 ]
T: !!opencv-matrix
   rows: 3
   cols: 1
   dt: d
   data: [ -1.1851137338499443e+02, 7.5259231526273886e+00,
       7.4809585790440112e+00 ]
E: !!opencv-matrix
   rows: 0
   cols: 0
   dt: u
   data: []
F: !!opencv-matrix
   rows: 0
   cols: 0
   dt: u
   data: []
K1: !!opencv-matrix
   rows: 3
   cols: 3
   dt: d
   data: [ 3.6627756984521932e+02, 0., 3.8060969928433269e+02, 0.,
       3.6653175179255015e+02, 2.3878059668569790e+02, 0., 0., 1. ]
D1: !!opencv-matrix
   rows: 5
   cols: 1
   dt: d
   data: [ -2.1859934914563901e-02, -9.9468572971318997e-04,
       1.6448003429794193e-03, -3.1164985765511365e-04,
       3.5195408316194161e-04 ]
P1: !!opencv-matrix
   rows: 3
   cols: 4
   dt: f
   data: [ 3.72631958e+02, 0., 4.28731110e+02, 0., 0., 3.72631958e+02,
       2.33889999e+02, 0., 0., 0., 1., 0. ]
R1: !!opencv-matrix
   rows: 3
   cols: 3
   dt: f
   data: [ 9.96472359e-01, -5.30904680e-02, -6.49939924e-02,
       5.16675748e-02, 9.98390555e-01, -2.33823713e-02, 6.61307722e-02,
       1.99418049e-02, 9.97611642e-01 ]
K2: !!opencv-matrix
   rows: 3
   cols: 3
   dt: d
   data: [ 3.6687495098581172e+02, 0., 3.7621769200552956e+02, 0.,
       3.6726361788508825e+02, 2.2399932895774910e+02, 0., 0., 1. ]
D2: !!opencv-matrix
   rows: 5
   cols: 1
   dt: d
   data: [ -2.2201337830972428e-02, -1.1445843221826492e-03,
       2.9199201696882579e-04, -7.1705872414221615e-04,
       5.1284674356775366e-04 ]
P2: !!opencv-matrix
   rows: 3
   cols: 4
   dt: f
   data: [ 3.72631958e+02, 0., 4.28731110e+02, -4.30189063e+04, 0.,
       3.72631958e+02, 2.33889999e+02, 0., 0., 0., 1., 0. ]
R2: !!opencv-matrix
   rows: 3
   cols: 3
   dt: f
   data: [ 9.96015251e-01, -6.32507578e-02, -6.28728122e-02,
       6.46003783e-02, 9.97717381e-01, 1.96679905e-02, 6.14852831e-02,
       -2.36512255e-02, 9.97827709e-01 ]
