%YAML:1.0
---
Q: !!opencv-matrix
   rows: 4
   cols: 4
   dt: f
   data: [ 1., 0., 0., -4.14008057e+02, 0., 1., 0., -2.33931839e+02, 0.,
       0., 0., 3.67713440e+02, 0., 0., 3.39204335e+00, 0. ]
R: !!opencv-matrix
   rows: 3
   cols: 3
   dt: d
   data: [ 1.0717763435156462e+00, -5.2020901076267244e-02,
       1.7419510375860359e-02, 4.7794457223747533e-02,
       1.0685488549770581e+00, -4.4414321445931070e-02,
       -5.0243292490082789e-02, 4.9252419473447419e-02,
       1.0701493926986445e+00 ]
T: !!opencv-matrix
   rows: 3
   cols: 1
   dt: d
   data: [ -1.6263076474536736e-01, 1.0327458353386582e-02,
       1.0266826303986691e-02 ]
E: !!opencv-matrix
   rows: 0
   cols: 0
   dt: u
   data: []
F: !!opencv-matrix
   rows: 0
   cols: 0
   dt: u
   data: []
K1: !!opencv-matrix
   rows: 3
   cols: 3
   dt: d
   data: [ 3.6627756984521932e+02, 0., 3.8060969928433269e+02, 0.,
       3.6653175179255015e+02, 2.3878059668569790e+02, 0., 0., 1. ]
D1: !!opencv-matrix
   rows: 5
   cols: 1
   dt: d
   data: [ -2.1859934914563901e-02, -9.9468572971318997e-04,
       1.6448003429794193e-03, -3.1164985765511365e-04,
       3.5195408316194161e-04 ]
P1: !!opencv-matrix
   rows: 3
   cols: 4
   dt: f
   data: [ 3.67713440e+02, 0., 4.14008057e+02, 0., 0., 3.67713440e+02,
       2.33931839e+02, 0., 0., 0., 1., 0. ]
R1: !!opencv-matrix
   rows: 3
   cols: 3
   dt: f
   data: [ 9.93375421e-01, -1.11541115e-01, -2.76381876e-02,
       1.10952333e-01, 9.93582249e-01, -2.19967999e-02, 2.99143605e-02,
       1.87845584e-02, 9.99375939e-01 ]
K2: !!opencv-matrix
   rows: 3
   cols: 3
   dt: d
   data: [ 3.6687495098581172e+02, 0., 3.7621769200552956e+02, 0.,
       3.6726361788508825e+02, 2.2399932895774910e+02, 0., 0., 1. ]
D2: !!opencv-matrix
   rows: 5
   cols: 1
   dt: d
   data: [ -2.2201337830972428e-02, -1.1445843221826492e-03,
       2.9199201696882579e-04, -7.1705872414221615e-04,
       5.1284674356775366e-04 ]
P2: !!opencv-matrix
   rows: 3
   cols: 4
   dt: f
   data: [ 3.67713440e+02, 0., 4.14008057e+02, -1.08404701e+02, 0.,
       3.67713440e+02, 2.33931839e+02, 0., 0., 0., 1., 0. ]
R2: !!opencv-matrix
   rows: 3
   cols: 3
   dt: f
   data: [ 9.96015012e-01, -6.32494316e-02, -6.28780946e-02,
       6.45217448e-02, 9.97746408e-01, 1.84123609e-02, 6.15718253e-02,
       -2.23959927e-02, 9.97851372e-01 ]
