%YAML:1.0
---
Q: !!opencv-matrix
   rows: 4
   cols: 4
   dt: f
   data: [ 1., 0., 0., -4.28033661e+02, 0., 1., 0., -2.33932724e+02, 0.,
       0., 0., 3.72310944e+02, 0., 0., 5.48137724e-03, 0. ]
R: !!opencv-matrix
   rows: 3
   cols: 3
   dt: d
   data: [ 1.0011013997077232e+00, 9.0624938560850046e-03,
       -2.8251858643267326e-03, -9.6769160412204496e-03,
       1.0005233771611153e+00, -4.3225831121639559e-02,
       3.2679936528321853e-03, 4.3236392225836667e-02,
       1.0004799410490457e+00 ]
T: !!opencv-matrix
   rows: 3
   cols: 1
   dt: d
   data: [ -1.8173143217278479e+02, 1.1540397315523307e+01,
       1.1471722255960204e+01 ]
E: !!opencv-matrix
   rows: 0
   cols: 0
   dt: u
   data: []
F: !!opencv-matrix
   rows: 0
   cols: 0
   dt: u
   data: []
K1: !!opencv-matrix
   rows: 3
   cols: 3
   dt: d
   data: [ 3.6627756984521932e+02, 0., 3.8060969928433269e+02, 0.,
       3.6653175179255015e+02, 2.3878059668569790e+02, 0., 0., 1. ]
D1: !!opencv-matrix
   rows: 5
   cols: 1
   dt: d
   data: [ -2.1859934914563901e-02, -9.9468572971318997e-04,
       1.6448003429794193e-03, -3.1164985765511365e-04,
       3.5195408316194161e-04 ]
P1: !!opencv-matrix
   rows: 3
   cols: 4
   dt: f
   data: [ 3.72310944e+02, 0., 4.28033661e+02, 0., 0., 3.72310944e+02,
       2.33932724e+02, 0., 0., 0., 1., 0. ]
R1: !!opencv-matrix
   rows: 3
   cols: 3
   dt: f
   data: [ 9.96386766e-01, -5.66975176e-02, -6.32363930e-02,
       5.53065911e-02, 9.98192012e-01, -2.35347934e-02, 6.44564256e-02,
       1.99523661e-02, 9.97721016e-01 ]
K2: !!opencv-matrix
   rows: 3
   cols: 3
   dt: d
   data: [ 3.6687495098581172e+02, 0., 3.7621769200552956e+02, 0.,
       3.6726361788508825e+02, 2.2399932895774910e+02, 0., 0., 1. ]
D2: !!opencv-matrix
   rows: 5
   cols: 1
   dt: d
   data: [ -2.2201337830972428e-02, -1.1445843221826492e-03,
       2.9199201696882579e-04, -7.1705872414221615e-04,
       5.1284674356775366e-04 ]
P2: !!opencv-matrix
   rows: 3
   cols: 4
   dt: f
   data: [ 3.72310944e+02, 0., 4.28033661e+02, -6.79228828e+04, 0.,
       3.72310944e+02, 2.33932724e+02, 0., 0., 0., 1., 0. ]
R2: !!opencv-matrix
   rows: 3
   cols: 3
   dt: f
   data: [ 9.96015310e-01, -6.32494465e-02, -6.28730506e-02,
       6.46041185e-02, 9.97715533e-01, 1.97499767e-02, 6.14802465e-02,
       -2.37331372e-02, 9.97826099e-01 ]
