%YAML:1.0
---
Q: !!opencv-matrix
   rows: 4
   cols: 4
   dt: f
   data: [ 1., 0., 0., -4.14024933e+02, 0., 1., 0., -2.33931091e+02, 0.,
       0., 0., 3.67738312e+02, 0., 0., 1.97475090e+01, 0. ]
R: !!opencv-matrix
   rows: 3
   cols: 3
   dt: d
   data: [ 1.0857811859723856e+00, -5.7804859654976976e-02,
       1.9904602416181957e-02, 4.8522369440595292e-02,
       1.0837862395534099e+00, -4.5176682637794098e-02,
       -5.0884276006008311e-02, 5.0259245327819571e-02,
       1.0849464057236122e+00 ]
T: !!opencv-matrix
   rows: 3
   cols: 1
   dt: d
   data: [ -1.8201568724056712e-02, 1.1558449181390874e-03,
       1.1490590039502982e-03 ]
E: !!opencv-matrix
   rows: 0
   cols: 0
   dt: u
   data: []
F: !!opencv-matrix
   rows: 0
   cols: 0
   dt: u
   data: []
K1: !!opencv-matrix
   rows: 3
   cols: 3
   dt: d
   data: [ 3.6627756984521932e+02, 0., 3.8060969928433269e+02, 0.,
       3.6653175179255015e+02, 2.3878059668569790e+02, 0., 0., 1. ]
D1: !!opencv-matrix
   rows: 5
   cols: 1
   dt: d
   data: [ -2.1859934914563901e-02, -9.9468572971318997e-04,
       1.6448003429794193e-03, -3.1164985765511365e-04,
       3.5195408316194161e-04 ]
P1: !!opencv-matrix
   rows: 3
   cols: 4
   dt: f
   data: [ 3.67738312e+02, 0., 4.14024933e+02, 0., 0., 3.67738312e+02,
       2.33931091e+02, 0., 0., 0., 1., 0. ]
R1: !!opencv-matrix
   rows: 3
   cols: 3
   dt: f
   data: [ 9.93396044e-01, -1.11346178e-01, -2.76818946e-02,
       1.10756598e-01, 9.93604124e-01, -2.19946951e-02, 2.99538709e-02,
       1.87834911e-02, 9.99374807e-01 ]
K2: !!opencv-matrix
   rows: 3
   cols: 3
   dt: d
   data: [ 3.6687495098581172e+02, 0., 3.7621769200552956e+02, 0.,
       3.6726361788508825e+02, 2.2399932895774910e+02, 0., 0., 1. ]
D2: !!opencv-matrix
   rows: 5
   cols: 1
   dt: d
   data: [ -2.2201337830972428e-02, -1.1445843221826492e-03,
       2.9199201696882579e-04, -7.1705872414221615e-04,
       5.1284674356775366e-04 ]
P2: !!opencv-matrix
   rows: 3
   cols: 4
   dt: f
   data: [ 3.67738312e+02, 0., 4.14024933e+02, -1.86220093e+01, 0.,
       3.67738312e+02, 2.33931091e+02, 0., 0., 0., 1., 0. ]
R2: !!opencv-matrix
   rows: 3
   cols: 3
   dt: f
   data: [ 9.96015012e-01, -6.32494316e-02, -6.28780946e-02,
       6.45216405e-02, 9.97746468e-01, 1.84106678e-02, 6.15719333e-02,
       -2.23942995e-02, 9.97851372e-01 ]
