%YAML:1.0
---
Q: !!opencv-matrix
   rows: 4
   cols: 4
   dt: f
   data: [ 1., 0., 0., -4.09798676e+02, 0., 1., 0., -2.33223602e+02, 0.,
       0., 0., 3.78397858e+02, 0., 0., 1.20015573e-02, 0. ]
R: !!opencv-matrix
   rows: 3
   cols: 3
   dt: d
   data: [ 1.0229405933388296e+00, 2.7456893472092240e-03,
       3.2336311404157998e-02, -7.6919970797099616e-03,
       1.0218756118030696e+00, -4.3426646855910606e-02,
       -5.0259601724303410e-02, 4.4551785984327047e-02,
       1.0213462658992452e+00 ]
T: !!opencv-matrix
   rows: 3
   cols: 1
   dt: d
   data: [ -6.2287380883496873e+01, 3.9553970370365654e+00,
       3.9321523204011370e+00 ]
E: !!opencv-matrix
   rows: 0
   cols: 0
   dt: u
   data: []
F: !!opencv-matrix
   rows: 0
   cols: 0
   dt: u
   data: []
K1: !!opencv-matrix
   rows: 3
   cols: 3
   dt: d
   data: [ 3.6627756984521932e+02, 0., 3.8060969928433269e+02, 0.,
       3.6653175179255015e+02, 2.3878059668569790e+02, 0., 0., 1. ]
D1: !!opencv-matrix
   rows: 5
   cols: 1
   dt: d
   data: [ -2.1859934914563901e-02, -9.9468572971318997e-04,
       1.6448003429794193e-03, -3.1164985765511365e-04,
       3.5195408316194161e-04 ]
P1: !!opencv-matrix
   rows: 3
   cols: 4
   dt: f
   data: [ 3.78397858e+02, 0., 4.09798676e+02, 0., 0., 3.78397858e+02,
       2.33223602e+02, 0., 0., 0., 1., 0. ]
R1: !!opencv-matrix
   rows: 3
   cols: 3
   dt: f
   data: [ 9.98139381e-01, -5.85203916e-02, -1.71228014e-02,
       5.81487454e-02, 9.98077393e-01, -2.14527026e-02, 1.83453020e-02,
       2.04171166e-02, 9.99623239e-01 ]
K2: !!opencv-matrix
   rows: 3
   cols: 3
   dt: d
   data: [ 3.6687495098581172e+02, 0., 3.7621769200552956e+02, 0.,
       3.6726361788508825e+02, 2.2399932895774910e+02, 0., 0., 1. ]
D2: !!opencv-matrix
   rows: 5
   cols: 1
   dt: d
   data: [ -2.2201337830972428e-02, -1.1445843221826492e-03,
       2.9199201696882579e-04, -7.1705872414221615e-04,
       5.1284674356775366e-04 ]
P2: !!opencv-matrix
   rows: 3
   cols: 4
   dt: f
   data: [ 3.78397858e+02, 0., 4.09798676e+02, -3.15290625e+04, 0.,
       3.78397858e+02, 2.33223602e+02, 0., 0., 0., 1., 0. ]
R2: !!opencv-matrix
   rows: 3
   cols: 3
   dt: f
   data: [ 9.96015012e-01, -6.32493272e-02, -6.28776252e-02,
       6.45536855e-02, 9.97734606e-01, 1.89320073e-02, 6.15377463e-02,
       -2.29155459e-02, 9.97841656e-01 ]
