%YAML:1.0
---
Q: !!opencv-matrix
   rows: 4
   cols: 4
   dt: f
   data: [ 1., 0., 0., -4.30327423e+02, 0., 1., 0., -2.33955841e+02, 0.,
       0., 0., 3.65256714e+02, 0., 0., 6.30276604e-03, 0. ]
R: !!opencv-matrix
   rows: 3
   cols: 3
   dt: d
   data: [ 9.9557632511832284e-01, 8.2710151132817690e-03,
       -8.7180460626574332e-03, -9.1155544935210952e-03,
       1.0053857775620216e+00, 9.6366319245138783e-03,
       3.8764710285280010e-03, -9.1589707845394878e-03,
       1.0056830482534314e+00 ]
T: !!opencv-matrix
   rows: 3
   cols: 1
   dt: d
   data: [ -1.4803075943432023e+02, 9.4003957459196918e+00,
       9.3450003756061211e+00 ]
E: !!opencv-matrix
   rows: 0
   cols: 0
   dt: u
   data: []
F: !!opencv-matrix
   rows: 0
   cols: 0
   dt: u
   data: []
K1: !!opencv-matrix
   rows: 3
   cols: 3
   dt: d
   data: [ 3.6627756984521932e+02, 0., 3.8060969928433269e+02, 0.,
       3.6653175179255015e+02, 2.3878059668569790e+02, 0., 0., 1. ]
D1: !!opencv-matrix
   rows: 5
   cols: 1
   dt: d
   data: [ -2.1859934914563901e-02, -9.9468572971318997e-04,
       1.6448003429794193e-03, -3.1164985765511365e-04,
       3.5195408316194161e-04 ]
P1: !!opencv-matrix
   rows: 3
   cols: 4
   dt: f
   data: [ 3.65256714e+02, 0., 4.30327423e+02, 0., 0., 3.65256714e+02,
       2.33955841e+02, 0., 0., 0., 1., 0. ]
R1: !!opencv-matrix
   rows: 3
   cols: 3
   dt: f
   data: [ 9.96168494e-01, -5.35991490e-02, -6.91049546e-02,
       5.39046861e-02, 9.98542786e-01, 2.56281532e-03, 6.88668862e-02,
       -6.27807667e-03, 9.97606099e-01 ]
K2: !!opencv-matrix
   rows: 3
   cols: 3
   dt: d
   data: [ 3.6687495098581172e+02, 0., 3.7621769200552956e+02, 0.,
       3.6726361788508825e+02, 2.2399932895774910e+02, 0., 0., 1. ]
D2: !!opencv-matrix
   rows: 5
   cols: 1
   dt: d
   data: [ -2.2201337830972428e-02, -1.1445843221826492e-03,
       2.9199201696882579e-04, -7.1705872414221615e-04,
       5.1284674356775366e-04 ]
P2: !!opencv-matrix
   rows: 3
   cols: 4
   dt: f
   data: [ 3.65256714e+02, 0., 4.30327423e+02, -5.79518125e+04, 0.,
       3.65256714e+02, 2.33955841e+02, 0., 0., 0., 1., 0. ]
R2: !!opencv-matrix
   rows: 3
   cols: 3
   dt: f
   data: [ 9.96015012e-01, -6.32499307e-02, -6.28771856e-02,
       6.29708171e-02, 9.97994781e-01, -6.41276734e-03, 6.31567091e-02,
       2.42778473e-03, 9.98000681e-01 ]
