%YAML:1.0
---
Q: !!opencv-matrix
   rows: 4
   cols: 4
   dt: f
   data: [ 1., 0., 0., -4.30175171e+02, 0., 1., 0., -2.33943863e+02, 0.,
       0., 0., 3.65377777e+02, 0., 0., 6.03185175e-03, 0. ]
R: !!opencv-matrix
   rows: 3
   cols: 3
   dt: d
   data: [ 9.9308161841207154e-01, 9.1790851140680467e-03,
       -7.3734522097095327e-03, -8.9628091931667001e-03,
       1.0052225886734796e+00, 9.5502934052342121e-03,
       4.0269582224297653e-03, -9.2153894541795768e-03,
       1.0054927242845435e+00 ]
T: !!opencv-matrix
   rows: 3
   cols: 1
   dt: d
   data: [ -1.5802824110619818e+02, 1.0035265547772596e+01,
       9.9761262441690288e+00 ]
E: !!opencv-matrix
   rows: 0
   cols: 0
   dt: u
   data: []
F: !!opencv-matrix
   rows: 0
   cols: 0
   dt: u
   data: []
K1: !!opencv-matrix
   rows: 3
   cols: 3
   dt: d
   data: [ 3.6627756984521932e+02, 0., 3.8060969928433269e+02, 0.,
       3.6653175179255015e+02, 2.3878059668569790e+02, 0., 0., 1. ]
D1: !!opencv-matrix
   rows: 5
   cols: 1
   dt: d
   data: [ -2.1859934914563901e-02, -9.9468572971318997e-04,
       1.6448003429794193e-03, -3.1164985765511365e-04,
       3.5195408316194161e-04 ]
P1: !!opencv-matrix
   rows: 3
   cols: 4
   dt: f
   data: [ 3.65377777e+02, 0., 4.30175171e+02, 0., 0., 3.65377777e+02,
       2.33943863e+02, 0., 0., 0., 1., 0. ]
R1: !!opencv-matrix
   rows: 3
   cols: 3
   dt: f
   data: [ 9.96212244e-01, -5.32742403e-02, -6.87244534e-02,
       5.35781160e-02, 9.98560309e-01, 2.58471933e-03, 6.84878081e-02,
       -6.25705533e-03, 9.97632325e-01 ]
K2: !!opencv-matrix
   rows: 3
   cols: 3
   dt: d
   data: [ 3.6687495098581172e+02, 0., 3.7621769200552956e+02, 0.,
       3.6726361788508825e+02, 2.2399932895774910e+02, 0., 0., 1. ]
D2: !!opencv-matrix
   rows: 5
   cols: 1
   dt: d
   data: [ -2.2201337830972428e-02, -1.1445843221826492e-03,
       2.9199201696882579e-04, -7.1705872414221615e-04,
       5.1284674356775366e-04 ]
P2: !!opencv-matrix
   rows: 3
   cols: 4
   dt: f
   data: [ 3.65377777e+02, 0., 4.30175171e+02, -6.05747266e+04, 0.,
       3.65377777e+02, 2.33943863e+02, 0., 0., 0., 1., 0. ]
R2: !!opencv-matrix
   rows: 3
   cols: 3
   dt: f
   data: [ 9.96015012e-01, -6.32499307e-02, -6.28771707e-02,
       6.29707947e-02, 9.97994781e-01, -6.41315989e-03, 6.31567240e-02,
       2.42817798e-03, 9.98000681e-01 ]
