%YAML:1.0
---
Q: !!opencv-matrix
   rows: 4
   cols: 4
   dt: f
   data: [ 1., 0., 0., -4.12270721e+02, 0., 1., 0., -2.33815247e+02, 0.,
       0., 0., 3.68004089e+02, 0., 0., 3.12313527e-01, 0. ]
R: !!opencv-matrix
   rows: 3
   cols: 3
   dt: d
   data: [ 1.0564497418414438e+00, -5.6640437782462860e-02,
       2.1033691717199730e-02, 4.7284152458781037e-02,
       1.0552011895745006e+00, -4.4089247867824442e-02,
       -4.9498770470684857e-02, 4.8955400737621828e-02,
       1.0562033328923166e+00 ]
T: !!opencv-matrix
   rows: 3
   cols: 1
   dt: d
   data: [ -1.6863505253265849e+00, 1.0708745572631716e-01,
       1.0645875011968273e-01 ]
E: !!opencv-matrix
   rows: 0
   cols: 0
   dt: u
   data: []
F: !!opencv-matrix
   rows: 0
   cols: 0
   dt: u
   data: []
K1: !!opencv-matrix
   rows: 3
   cols: 3
   dt: d
   data: [ 3.6627756984521932e+02, 0., 3.8060969928433269e+02, 0.,
       3.6653175179255015e+02, 2.3878059668569790e+02, 0., 0., 1. ]
D1: !!opencv-matrix
   rows: 5
   cols: 1
   dt: d
   data: [ -2.1859934914563901e-02, -9.9468572971318997e-04,
       1.6448003429794193e-03, -3.1164985765511365e-04,
       3.5195408316194161e-04 ]
P1: !!opencv-matrix
   rows: 3
   cols: 4
   dt: f
   data: [ 3.68004089e+02, 0., 4.12270721e+02, 0., 0., 3.68004089e+02,
       2.33815247e+02, 0., 0., 0., 1., 0. ]
R1: !!opencv-matrix
   rows: 3
   cols: 3
   dt: f
   data: [ 9.93313730e-01, -1.13090940e-01, -2.32013371e-02,
       1.12589411e-01, 9.93400335e-01, -2.18944009e-02, 2.55242735e-02,
       1.91357844e-02, 9.99491036e-01 ]
K2: !!opencv-matrix
   rows: 3
   cols: 3
   dt: d
   data: [ 3.6687495098581172e+02, 0., 3.7621769200552956e+02, 0.,
       3.6726361788508825e+02, 2.2399932895774910e+02, 0., 0., 1. ]
D2: !!opencv-matrix
   rows: 5
   cols: 1
   dt: d
   data: [ -2.2201337830972428e-02, -1.1445843221826492e-03,
       2.9199201696882579e-04, -7.1705872414221615e-04,
       5.1284674356775366e-04 ]
P2: !!opencv-matrix
   rows: 3
   cols: 4
   dt: f
   data: [ 3.68004089e+02, 0., 4.12270721e+02, -1.17831616e+03, 0.,
       3.68004089e+02, 2.33815247e+02, 0., 0., 0., 1., 0. ]
R2: !!opencv-matrix
   rows: 3
   cols: 3
   dt: f
   data: [ 9.96015012e-01, -6.32494316e-02, -6.28781021e-02,
       6.45294487e-02, 9.97743607e-01, 1.85371805e-02, 6.15637563e-02,
       -2.25207992e-02, 9.97849047e-01 ]
