%YAML:1.0
---
Q: !!opencv-matrix
   rows: 4
   cols: 4
   dt: f
   data: [ 1., 0., 0., -3.82541901e+02, 0., 1., 0., -2.31851227e+02, 0.,
       0., 0., 3.58743500e+02, 0., 0., 5.55685908e-03, 0. ]
R: !!opencv-matrix
   rows: 3
   cols: 3
   dt: d
   data: [ 9.9993493197332284e-01, 9.7338820615382668e-03,
       -3.1532190565880789e-03, -9.6827366072961552e-03,
       9.9991624311767957e-01, 9.2347198078372005e-03,
       3.2436959739448397e-03, -9.2039637069324127e-03,
       9.9995822917751576e-01 ]
T: !!opencv-matrix
   rows: 3
   cols: 1
   dt: d
   data: [ -1.7996172622851850e+02, 8.4065979919154055e-01,
       7.7253691824653659e-01 ]
E: !!opencv-matrix
   rows: 0
   cols: 0
   dt: u
   data: []
F: !!opencv-matrix
   rows: 0
   cols: 0
   dt: u
   data: []
K1: !!opencv-matrix
   rows: 3
   cols: 3
   dt: d
   data: [ 3.6627756984521932e+02, 0., 3.8060969928433269e+02, 0.,
       3.6653175179255015e+02, 2.3878059668569790e+02, 0., 0., 1. ]
D1: !!opencv-matrix
   rows: 5
   cols: 1
   dt: d
   data: [ -2.1859934914563901e-02, -9.9468572971318997e-04,
       1.6448003429794193e-03, -3.1164985765511365e-04,
       3.5195408316194161e-04 ]
P1: !!opencv-matrix
   rows: 3
   cols: 4
   dt: f
   data: [ 3.58743500e+02, 0., 3.82541901e+02, 0., 0., 3.58743500e+02,
       2.31851227e+02, 0., 0., 0., 1., 0. ]
R1: !!opencv-matrix
   rows: 3
   cols: 3
   dt: f
   data: [ 9.99958992e-01, 5.09099243e-03, -7.48979021e-03,
       -5.05651860e-03, 9.99976575e-01, 4.61457903e-03, 7.51310773e-03,
       -4.57651773e-03, 9.99961317e-01 ]
K2: !!opencv-matrix
   rows: 3
   cols: 3
   dt: d
   data: [ 3.6687495098581172e+02, 0., 3.7621769200552956e+02, 0.,
       3.6726361788508825e+02, 2.2399932895774910e+02, 0., 0., 1. ]
D2: !!opencv-matrix
   rows: 5
   cols: 1
   dt: d
   data: [ -2.2201337830972428e-02, -1.1445843221826492e-03,
       2.9199201696882579e-04, -7.1705872414221615e-04,
       5.1284674356775366e-04 ]
P2: !!opencv-matrix
   rows: 3
   cols: 4
   dt: f
   data: [ 3.58743500e+02, 0., 3.82541901e+02, -6.45586836e+04, 0.,
       3.58743500e+02, 2.31851227e+02, 0., 0., 0., 1., 0. ]
R2: !!opencv-matrix
   rows: 3
   cols: 3
   dt: f
   data: [ 9.99979854e-01, -4.67123091e-03, -4.29269439e-03,
       4.65145381e-03, 9.99978602e-01, -4.60560247e-03, 4.31411620e-03,
       4.58554272e-03, 9.99980152e-01 ]
