%YAML:1.0
---
Q: !!opencv-matrix
   rows: 4
   cols: 4
   dt: f
   data: [ 1., 0., 0., -3.83184052e+02, 0., 1., 0., -2.32192856e+02, 0.,
       0., 0., 3.61822113e+02, 0., 0., 5.56450756e-03, 0. ]
R: !!opencv-matrix
   rows: 3
   cols: 3
   dt: d
   data: [ 9.9995380437933112e-01, 9.7148297391090356e-03,
       -3.1504318388220131e-03, -9.6826342042128540e-03,
       9.9992070869386784e-01, 9.2345874864229859e-03,
       3.2433365219031469e-03, -9.2038392141263747e-03,
       9.9996275509076193e-01 ]
T: !!opencv-matrix
   rows: 3
   cols: 1
   dt: d
   data: [ -1.7934908534238147e+02, 1.1389069703339972e+01,
       7.6972842426613186e-01 ]
E: !!opencv-matrix
   rows: 0
   cols: 0
   dt: u
   data: []
F: !!opencv-matrix
   rows: 0
   cols: 0
   dt: u
   data: []
K1: !!opencv-matrix
   rows: 3
   cols: 3
   dt: d
   data: [ 3.6627756984521932e+02, 0., 3.8060969928433269e+02, 0.,
       3.6653175179255015e+02, 2.3878059668569790e+02, 0., 0., 1. ]
D1: !!opencv-matrix
   rows: 5
   cols: 1
   dt: d
   data: [ -2.1859934914563901e-02, -9.9468572971318997e-04,
       1.6448003429794193e-03, -3.1164985765511365e-04,
       3.5195408316194161e-04 ]
P1: !!opencv-matrix
   rows: 3
   cols: 4
   dt: f
   data: [ 3.61822113e+02, 0., 3.83184052e+02, 0., 0., 3.61822113e+02,
       2.32192856e+02, 0., 0., 0., 1., 0. ]
R1: !!opencv-matrix
   rows: 3
   cols: 3
   dt: f
   data: [ 9.98528719e-01, -5.36299236e-02, -8.01152363e-03,
       5.36658019e-02, 9.98549581e-01, 4.33248794e-03, 7.76755204e-03,
       -4.75605857e-03, 9.99958515e-01 ]
K2: !!opencv-matrix
   rows: 3
   cols: 3
   dt: d
   data: [ 3.6687495098581172e+02, 0., 3.7621769200552956e+02, 0.,
       3.6726361788508825e+02, 2.2399932895774910e+02, 0., 0., 1. ]
D2: !!opencv-matrix
   rows: 5
   cols: 1
   dt: d
   data: [ -2.2201337830972428e-02, -1.1445843221826492e-03,
       2.9199201696882579e-04, -7.1705872414221615e-04,
       5.1284674356775366e-04 ]
P2: !!opencv-matrix
   rows: 3
   cols: 4
   dt: f
   data: [ 3.61822113e+02, 0., 3.83184052e+02, -6.50232031e+04, 0.,
       3.61822113e+02, 2.32192856e+02, 0., 0., 0., 1., 0. ]
R2: !!opencv-matrix
   rows: 3
   cols: 3
   dt: f
   data: [ 9.97980654e-01, -6.33740127e-02, -4.28312086e-03,
       6.33538738e-02, 9.97980118e-01, -4.68405569e-03, 4.57131676e-03,
       4.40324470e-03, 9.99979854e-01 ]
