%YAML:1.0
---
Q: !!opencv-matrix
   rows: 4
   cols: 4
   dt: f
   data: [ 1., 0., 0., -3.83182251e+02, 0., 1., 0., -2.32192749e+02, 0.,
       0., 0., 3.61824921e+02, 0., 0., 5.56462491e-03, 0. ]
R: !!opencv-matrix
   rows: 3
   cols: 3
   dt: d
   data: [ 9.9993841525281746e-01, 9.7362527934221881e-03,
       -3.1407505443940701e-03, -9.6814480254398746e-03,
       9.9992323436406272e-01, 9.2340079271319569e-03,
       3.2434316692496147e-03, -9.2039669213982902e-03,
       9.9996659769810969e-01 ]
T: !!opencv-matrix
   rows: 3
   cols: 1
   dt: d
   data: [ -1.7934575103995286e+02, 1.1388857649895877e+01,
       7.6971365152740001e-01 ]
E: !!opencv-matrix
   rows: 0
   cols: 0
   dt: u
   data: []
F: !!opencv-matrix
   rows: 0
   cols: 0
   dt: u
   data: []
K1: !!opencv-matrix
   rows: 3
   cols: 3
   dt: d
   data: [ 3.6627756984521932e+02, 0., 3.8060969928433269e+02, 0.,
       3.6653175179255015e+02, 2.3878059668569790e+02, 0., 0., 1. ]
D1: !!opencv-matrix
   rows: 5
   cols: 1
   dt: d
   data: [ -2.1859934914563901e-02, -9.9468572971318997e-04,
       1.6448003429794193e-03, -3.1164985765511365e-04,
       3.5195408316194161e-04 ]
P1: !!opencv-matrix
   rows: 3
   cols: 4
   dt: f
   data: [ 3.61824921e+02, 0., 3.83182251e+02, 0., 0., 3.61824921e+02,
       2.32192749e+02, 0., 0., 0., 1., 0. ]
R1: !!opencv-matrix
   rows: 3
   cols: 3
   dt: f
   data: [ 9.98529315e-01, -5.36202900e-02, -8.00686702e-03,
       5.36561459e-02, 9.98550057e-01, 4.33260808e-03, 7.76294153e-03,
       -4.75585414e-03, 9.99958575e-01 ]
K2: !!opencv-matrix
   rows: 3
   cols: 3
   dt: d
   data: [ 3.6687495098581172e+02, 0., 3.7621769200552956e+02, 0.,
       3.6726361788508825e+02, 2.2399932895774910e+02, 0., 0., 1. ]
D2: !!opencv-matrix
   rows: 5
   cols: 1
   dt: d
   data: [ -2.2201337830972428e-02, -1.1445843221826492e-03,
       2.9199201696882579e-04, -7.1705872414221615e-04,
       5.1284674356775366e-04 ]
P2: !!opencv-matrix
   rows: 3
   cols: 4
   dt: f
   data: [ 3.61824921e+02, 0., 3.83182251e+02, -6.50223359e+04, 0.,
       3.61824921e+02, 2.32192749e+02, 0., 0., 0., 1., 0. ]
R2: !!opencv-matrix
   rows: 3
   cols: 3
   dt: f
   data: [ 9.97980654e-01, -6.33740127e-02, -4.28311899e-03,
       6.33538738e-02, 9.97980118e-01, -4.68401285e-03, 4.57131257e-03,
       4.40320186e-03, 9.99979854e-01 ]
