%YAML:1.0
---
Q: !!opencv-matrix
   rows: 4
   cols: 4
   dt: f
   data: [ 1., 0., 0., -4.09557159e+02, 0., 1., 0., -2.33208023e+02, 0.,
       0., 0., 3.78649628e+02, 0., 0., 1.08738672e-02, 0. ]
R: !!opencv-matrix
   rows: 3
   cols: 3
   dt: d
   data: [ 1.0183536774616544e+00, 5.2726087238103873e-03,
       3.8103898139525194e-02, -7.6694607551874485e-03,
       1.0169188632752251e+00, -4.3598745845517442e-02,
       -5.0037224258975874e-02, 4.4182377373220713e-02,
       1.0161796023641425e+00 ]
T: !!opencv-matrix
   rows: 3
   cols: 1
   dt: d
   data: [ -8.2990482014226558e+01, 5.2700932706504879e+00,
       5.2391222029781508e+00 ]
E: !!opencv-matrix
   rows: 0
   cols: 0
   dt: u
   data: []
F: !!opencv-matrix
   rows: 0
   cols: 0
   dt: u
   data: []
K1: !!opencv-matrix
   rows: 3
   cols: 3
   dt: d
   data: [ 3.6627756984521932e+02, 0., 3.8060969928433269e+02, 0.,
       3.6653175179255015e+02, 2.3878059668569790e+02, 0., 0., 1. ]
D1: !!opencv-matrix
   rows: 5
   cols: 1
   dt: d
   data: [ -2.1859934914563901e-02, -9.9468572971318997e-04,
       1.6448003429794193e-03, -3.1164985765511365e-04,
       3.5195408316194161e-04 ]
P1: !!opencv-matrix
   rows: 3
   cols: 4
   dt: f
   data: [ 3.78649628e+02, 0., 4.09557159e+02, 0., 0., 3.78649628e+02,
       2.33208023e+02, 0., 0., 0., 1., 0. ]
R1: !!opencv-matrix
   rows: 3
   cols: 3
   dt: f
   data: [ 9.98198807e-01, -5.76759540e-02, -1.65105890e-02,
       5.73172159e-02, 9.98125911e-01, -2.14340538e-02, 1.77158751e-02,
       2.04491057e-02, 9.99633908e-01 ]
K2: !!opencv-matrix
   rows: 3
   cols: 3
   dt: d
   data: [ 3.6687495098581172e+02, 0., 3.7621769200552956e+02, 0.,
       3.6726361788508825e+02, 2.2399932895774910e+02, 0., 0., 1. ]
D2: !!opencv-matrix
   rows: 5
   cols: 1
   dt: d
   data: [ -2.2201337830972428e-02, -1.1445843221826492e-03,
       2.9199201696882579e-04, -7.1705872414221615e-04,
       5.1284674356775366e-04 ]
P2: !!opencv-matrix
   rows: 3
   cols: 4
   dt: f
   data: [ 3.78649628e+02, 0., 4.09557159e+02, -3.48219844e+04, 0.,
       3.78649628e+02, 2.33208023e+02, 0., 0., 0., 1., 0. ]
R2: !!opencv-matrix
   rows: 3
   cols: 3
   dt: f
   data: [ 9.96015012e-01, -6.32493272e-02, -6.28776774e-02,
       6.45540804e-02, 9.97734487e-01, 1.89383607e-02, 6.15373850e-02,
       -2.29219031e-02, 9.97841537e-01 ]
