%YAML:1.0
---
Q: !!opencv-matrix
   rows: 4
   cols: 4
   dt: f
   data: [ 1., 0., 0., -3.83189941e+02, 0., 1., 0., -2.32193146e+02, 0.,
       0., 0., 3.61815887e+02, 0., 0., 5.57729881e-03, 0. ]
R: !!opencv-matrix
   rows: 3
   cols: 3
   dt: d
   data: [ 9.9997438558593865e-01, 9.7424178410229281e-03,
       -3.1653571230583055e-03, -9.6789703315267837e-03,
       1.0000098834650790e+00, 9.2363321052070166e-03,
       3.2443813179549312e-03, -9.2049314685870073e-03,
       1.0000537254997739e+00 ]
T: !!opencv-matrix
   rows: 3
   cols: 1
   dt: d
   data: [ -1.7897227413770531e+02, 1.1365180412171519e+01,
       7.6812281233846669e-01 ]
E: !!opencv-matrix
   rows: 0
   cols: 0
   dt: u
   data: []
F: !!opencv-matrix
   rows: 0
   cols: 0
   dt: u
   data: []
K1: !!opencv-matrix
   rows: 3
   cols: 3
   dt: d
   data: [ 3.6627756984521932e+02, 0., 3.8060969928433269e+02, 0.,
       3.6653175179255015e+02, 2.3878059668569790e+02, 0., 0., 1. ]
D1: !!opencv-matrix
   rows: 5
   cols: 1
   dt: d
   data: [ -2.1859934914563901e-02, -9.9468572971318997e-04,
       1.6448003429794193e-03, -3.1164985765511365e-04,
       3.5195408316194161e-04 ]
P1: !!opencv-matrix
   rows: 3
   cols: 4
   dt: f
   data: [ 3.61815887e+02, 0., 3.83189941e+02, 0., 0., 3.61815887e+02,
       2.32193146e+02, 0., 0., 0., 1., 0. ]
R1: !!opencv-matrix
   rows: 3
   cols: 3
   dt: f
   data: [ 9.98527646e-01, -5.36481924e-02, -8.02657008e-03,
       5.36841415e-02, 9.98548567e-01, 4.33219876e-03, 7.78250489e-03,
       -4.75671934e-03, 9.99958396e-01 ]
K2: !!opencv-matrix
   rows: 3
   cols: 3
   dt: d
   data: [ 3.6687495098581172e+02, 0., 3.7621769200552956e+02, 0.,
       3.6726361788508825e+02, 2.2399932895774910e+02, 0., 0., 1. ]
D2: !!opencv-matrix
   rows: 5
   cols: 1
   dt: d
   data: [ -2.2201337830972428e-02, -1.1445843221826492e-03,
       2.9199201696882579e-04, -7.1705872414221615e-04,
       5.1284674356775366e-04 ]
P2: !!opencv-matrix
   rows: 3
   cols: 4
   dt: f
   data: [ 3.61815887e+02, 0., 3.83189941e+02, -6.48729609e+04, 0.,
       3.61815887e+02, 2.32193146e+02, 0., 0., 0., 1., 0. ]
R2: !!opencv-matrix
   rows: 3
   cols: 3
   dt: f
   data: [ 9.97980654e-01, -6.33742288e-02, -4.28318698e-03,
       6.33540899e-02, 9.97980118e-01, -4.68424521e-03, 4.57139593e-03,
       4.40342864e-03, 9.99979854e-01 ]
