%YAML:1.0
---
Q: !!opencv-matrix
   rows: 4
   cols: 4
   dt: f
   data: [ 1., 0., 0., -4.30562439e+02, 0., 1., 0., -2.33972137e+02, 0.,
       0., 0., 3.65090271e+02, 0., 0., 6.72843261e-03, 0. ]
R: !!opencv-matrix
   rows: 3
   cols: 3
   dt: d
   data: [ 9.9939149044073405e-01, 7.1985936574840972e-03,
       -1.0611825060596441e-02, -9.3572169359815958e-03,
       1.0054652553839418e+00, 9.7569952286026516e-03,
       3.6363798051679578e-03, -9.0913687323252064e-03,
       1.0058139665608516e+00 ]
T: !!opencv-matrix
   rows: 3
   cols: 1
   dt: d
   data: [ -1.3474325163483101e+02, 8.5565993827144329e+00,
       8.5061791469123946e+00 ]
E: !!opencv-matrix
   rows: 0
   cols: 0
   dt: u
   data: []
F: !!opencv-matrix
   rows: 0
   cols: 0
   dt: u
   data: []
K1: !!opencv-matrix
   rows: 3
   cols: 3
   dt: d
   data: [ 3.6627756984521932e+02, 0., 3.8060969928433269e+02, 0.,
       3.6653175179255015e+02, 2.3878059668569790e+02, 0., 0., 1. ]
D1: !!opencv-matrix
   rows: 5
   cols: 1
   dt: d
   data: [ -2.1859934914563901e-02, -9.9468572971318997e-04,
       1.6448003429794193e-03, -3.1164985765511365e-04,
       3.5195408316194161e-04 ]
P1: !!opencv-matrix
   rows: 3
   cols: 4
   dt: f
   data: [ 3.65090271e+02, 0., 4.30562439e+02, 0., 0., 3.65090271e+02,
       2.33972137e+02, 0., 0., 0., 1., 0. ]
R1: !!opencv-matrix
   rows: 3
   cols: 3
   dt: f
   data: [ 9.96106625e-01, -5.39873019e-02, -6.96915984e-02,
       5.42955250e-02, 9.98521686e-01, 2.53461557e-03, 6.94517419e-02,
       -6.30868971e-03, 9.97565389e-01 ]
K2: !!opencv-matrix
   rows: 3
   cols: 3
   dt: d
   data: [ 3.6687495098581172e+02, 0., 3.7621769200552956e+02, 0.,
       3.6726361788508825e+02, 2.2399932895774910e+02, 0., 0., 1. ]
D2: !!opencv-matrix
   rows: 5
   cols: 1
   dt: d
   data: [ -2.2201337830972428e-02, -1.1445843221826492e-03,
       2.9199201696882579e-04, -7.1705872414221615e-04,
       5.1284674356775366e-04 ]
P2: !!opencv-matrix
   rows: 3
   cols: 4
   dt: f
   data: [ 3.65090271e+02, 0., 4.30562439e+02, -5.42608164e+04, 0.,
       3.65090271e+02, 2.33972137e+02, 0., 0., 0., 1., 0. ]
R2: !!opencv-matrix
   rows: 3
   cols: 3
   dt: f
   data: [ 9.96015012e-01, -6.32499307e-02, -6.28772080e-02,
       6.29707426e-02, 9.97994781e-01, -6.41404325e-03, 6.31568134e-02,
       2.42905901e-03, 9.98000681e-01 ]
