%YAML:1.0
---
Q: !!opencv-matrix
   rows: 4
   cols: 4
   dt: f
   data: [ 1., 0., 0., -4.13740753e+02, 0., 1., 0., -2.33930664e+02, 0.,
       0., 0., 3.67507019e+02, 0., 0., 1.05540144e+00, 0. ]
R: !!opencv-matrix
   rows: 3
   cols: 3
   dt: d
   data: [ 1.0645928934109539e+00, -5.3938751844205504e-02,
       1.7867507378871130e-02, 4.7526061121983210e-02,
       1.0620085399235335e+00, -4.4171918884633017e-02,
       -4.9898734250082934e-02, 4.9086004120990137e-02,
       1.0634214600855887e+00 ]
T: !!opencv-matrix
   rows: 3
   cols: 1
   dt: d
   data: [ -5.1635176509030944e-01, 3.2789622295739208e-02,
       3.2597115879261326e-02 ]
E: !!opencv-matrix
   rows: 0
   cols: 0
   dt: u
   data: []
F: !!opencv-matrix
   rows: 0
   cols: 0
   dt: u
   data: []
K1: !!opencv-matrix
   rows: 3
   cols: 3
   dt: d
   data: [ 3.6627756984521932e+02, 0., 3.8060969928433269e+02, 0.,
       3.6653175179255015e+02, 2.3878059668569790e+02, 0., 0., 1. ]
D1: !!opencv-matrix
   rows: 5
   cols: 1
   dt: d
   data: [ -2.1859934914563901e-02, -9.9468572971318997e-04,
       1.6448003429794193e-03, -3.1164985765511365e-04,
       3.5195408316194161e-04 ]
P1: !!opencv-matrix
   rows: 3
   cols: 4
   dt: f
   data: [ 3.67507019e+02, 0., 4.13740753e+02, 0., 0., 3.67507019e+02,
       2.33930664e+02, 0., 0., 0., 1., 0. ]
R1: !!opencv-matrix
   rows: 3
   cols: 3
   dt: f
   data: [ 9.93182123e-01, -1.13414802e-01, -2.69500092e-02,
       1.12838991e-01, 9.93369520e-01, -2.20087748e-02, 2.92674378e-02,
       1.88177116e-02, 9.99394476e-01 ]
K2: !!opencv-matrix
   rows: 3
   cols: 3
   dt: d
   data: [ 3.6687495098581172e+02, 0., 3.7621769200552956e+02, 0.,
       3.6726361788508825e+02, 2.2399932895774910e+02, 0., 0., 1. ]
D2: !!opencv-matrix
   rows: 5
   cols: 1
   dt: d
   data: [ -2.2201337830972428e-02, -1.1445843221826492e-03,
       2.9199201696882579e-04, -7.1705872414221615e-04,
       5.1284674356775366e-04 ]
P2: !!opencv-matrix
   rows: 3
   cols: 4
   dt: f
   data: [ 3.67507019e+02, 0., 4.13740753e+02, -3.48215363e+02, 0.,
       3.67507019e+02, 2.33930664e+02, 0., 0., 0., 1., 0. ]
R2: !!opencv-matrix
   rows: 3
   cols: 3
   dt: f
   data: [ 9.96015012e-01, -6.32494316e-02, -6.28780946e-02,
       6.45232052e-02, 9.97745872e-01, 1.84359308e-02, 6.15703017e-02,
       -2.24195607e-02, 9.97850895e-01 ]
