%YAML:1.0
---
Q: !!opencv-matrix
   rows: 4
   cols: 4
   dt: f
   data: [ 1., 0., 0., -3.83180206e+02, 0., 1., 0., -2.32192627e+02, 0.,
       0., 0., 3.61827820e+02, 0., 0., 5.56442887e-03, 0. ]
R: !!opencv-matrix
   rows: 3
   cols: 3
   dt: d
   data: [ 9.9992586770327230e-01, 9.7553468220218063e-03,
       -3.1314965452761256e-03, -9.6804762548600987e-03,
       9.9992527577197887e-01, 9.2334497440859538e-03,
       3.2435099303650041e-03, -9.2040788517812906e-03,
       9.9996981025083287e-01 ]
T: !!opencv-matrix
   rows: 3
   cols: 1
   dt: d
   data: [ -1.7934174591950392e+02, 1.1388603149596806e+01,
       7.6969629678016960e-01 ]
E: !!opencv-matrix
   rows: 0
   cols: 0
   dt: u
   data: []
F: !!opencv-matrix
   rows: 0
   cols: 0
   dt: u
   data: []
K1: !!opencv-matrix
   rows: 3
   cols: 3
   dt: d
   data: [ 3.6627756984521932e+02, 0., 3.8060969928433269e+02, 0.,
       3.6653175179255015e+02, 2.3878059668569790e+02, 0., 0., 1. ]
D1: !!opencv-matrix
   rows: 5
   cols: 1
   dt: d
   data: [ -2.1859934914563901e-02, -9.9468572971318997e-04,
       1.6448003429794193e-03, -3.1164985765511365e-04,
       3.5195408316194161e-04 ]
P1: !!opencv-matrix
   rows: 3
   cols: 4
   dt: f
   data: [ 3.61827820e+02, 0., 3.83180206e+02, 0., 0., 3.61827820e+02,
       2.32192627e+02, 0., 0., 0., 1., 0. ]
R1: !!opencv-matrix
   rows: 3
   cols: 3
   dt: f
   data: [ 9.98529851e-01, -5.36107756e-02, -8.00161716e-03,
       5.36466092e-02, 9.98550594e-01, 4.33273567e-03, 7.75773777e-03,
       -4.75562550e-03, 9.99958575e-01 ]
K2: !!opencv-matrix
   rows: 3
   cols: 3
   dt: d
   data: [ 3.6687495098581172e+02, 0., 3.7621769200552956e+02, 0.,
       3.6726361788508825e+02, 2.2399932895774910e+02, 0., 0., 1. ]
D2: !!opencv-matrix
   rows: 5
   cols: 1
   dt: d
   data: [ -2.2201337830972428e-02, -1.1445843221826492e-03,
       2.9199201696882579e-04, -7.1705872414221615e-04,
       5.1284674356775366e-04 ]
P2: !!opencv-matrix
   rows: 3
   cols: 4
   dt: f
   data: [ 3.61827820e+02, 0., 3.83180206e+02, -6.50251445e+04, 0.,
       3.61827820e+02, 2.32192627e+02, 0., 0., 0., 1., 0. ]
R2: !!opencv-matrix
   rows: 3
   cols: 3
   dt: f
   data: [ 9.97980654e-01, -6.33740127e-02, -4.28312318e-03,
       6.33538812e-02, 9.97980118e-01, -4.68396163e-03, 4.57131350e-03,
       4.40315064e-03, 9.99979854e-01 ]
