%YAML:1.0
---
Q: !!opencv-matrix
   rows: 4
   cols: 4
   dt: f
   data: [ 1., 0., 0., -4.07696259e+02, 0., 1., 0., -2.33439255e+02, 0.,
       0., 0., 3.70153229e+02, 0., 0., 5.46395592e-03, 0. ]
R: !!opencv-matrix
   rows: 3
   cols: 3
   dt: d
   data: [ 1.0009270722849697e+00, -4.2808040312270840e-02,
       4.8806425254405844e-02, 4.5014096503612808e-02,
       1.0010315084121828e+00, -4.3686249759993807e-02,
       -4.6865276718900582e-02, 4.5782734471388822e-02,
       1.0008587058355369e+00 ]
T: !!opencv-matrix
   rows: 3
   cols: 1
   dt: d
   data: [ -1.8190594565168649e+02, 1.1551291703188491e+01,
       1.1482186377881897e+01 ]
E: !!opencv-matrix
   rows: 0
   cols: 0
   dt: u
   data: []
F: !!opencv-matrix
   rows: 0
   cols: 0
   dt: u
   data: []
K1: !!opencv-matrix
   rows: 3
   cols: 3
   dt: d
   data: [ 3.6627756984521932e+02, 0., 3.8060969928433269e+02, 0.,
       3.6653175179255015e+02, 2.3878059668569790e+02, 0., 0., 1. ]
D1: !!opencv-matrix
   rows: 5
   cols: 1
   dt: d
   data: [ -2.1859934914563901e-02, -9.9468572971318997e-04,
       1.6448003429794193e-03, -3.1164985765511365e-04,
       3.5195408316194161e-04 ]
P1: !!opencv-matrix
   rows: 3
   cols: 4
   dt: f
   data: [ 3.70153229e+02, 0., 4.07696259e+02, 0., 0., 3.70153229e+02,
       2.33439255e+02, 0., 0., 0., 1., 0. ]
R1: !!opencv-matrix
   rows: 3
   cols: 3
   dt: f
   data: [ 9.94044244e-01, -1.08364969e-01, -1.15372799e-02,
       1.08100370e-01, 9.93907213e-01, -2.15114020e-02, 1.37980683e-02,
       2.01361012e-02, 9.99702036e-01 ]
K2: !!opencv-matrix
   rows: 3
   cols: 3
   dt: d
   data: [ 3.6687495098581172e+02, 0., 3.7621769200552956e+02, 0.,
       3.6726361788508825e+02, 2.2399932895774910e+02, 0., 0., 1. ]
D2: !!opencv-matrix
   rows: 5
   cols: 1
   dt: d
   data: [ -2.2201337830972428e-02, -1.1445843221826492e-03,
       2.9199201696882579e-04, -7.1705872414221615e-04,
       5.1284674356775366e-04 ]
P2: !!opencv-matrix
   rows: 3
   cols: 4
   dt: f
   data: [ 3.70153229e+02, 0., 4.07696259e+02, -6.77445547e+04, 0.,
       3.70153229e+02, 2.33439255e+02, 0., 0., 0., 1., 0. ]
R2: !!opencv-matrix
   rows: 3
   cols: 3
   dt: f
   data: [ 9.96015549e-01, -6.32484332e-02, -6.28700480e-02,
       6.45470992e-02, 9.97736752e-01, 1.88425407e-02, 6.15359992e-02,
       -2.28255447e-02, 9.97843862e-01 ]
