%YAML:1.0
---
Q: !!opencv-matrix
   rows: 4
   cols: 4
   dt: f
   data: [ 1., 0., 0., -4.28192261e+02, 0., 1., 0., -2.33934662e+02, 0.,
       0., 0., 3.72288940e+02, 0., 0., 5.48027037e-03, 0. ]
R: !!opencv-matrix
   rows: 3
   cols: 3
   dt: d
   data: [ 1.0025926549755042e+00, 9.4549554435602364e-03,
       4.7809099125485685e-02, -7.5442926847242939e-03,
       1.0010258708616675e+00, -4.3582413658594880e-02,
       -4.9261617799453192e-02, 4.3234819559616541e-02,
       9.9991933284402712e-01 ]
T: !!opencv-matrix
   rows: 3
   cols: 1
   dt: d
   data: [ -1.7730503822140560e+02, 1.1259257892658741e+01,
       1.1191761835748885e+01 ]
E: !!opencv-matrix
   rows: 0
   cols: 0
   dt: u
   data: []
F: !!opencv-matrix
   rows: 0
   cols: 0
   dt: u
   data: []
K1: !!opencv-matrix
   rows: 3
   cols: 3
   dt: d
   data: [ 3.6627756984521932e+02, 0., 3.8060969928433269e+02, 0.,
       3.6653175179255015e+02, 2.3878059668569790e+02, 0., 0., 1. ]
D1: !!opencv-matrix
   rows: 5
   cols: 1
   dt: d
   data: [ -2.1859934914563901e-02, -9.9468572971318997e-04,
       1.6448003429794193e-03, -3.1164985765511365e-04,
       3.5195408316194161e-04 ]
P1: !!opencv-matrix
   rows: 3
   cols: 4
   dt: f
   data: [ 3.72288940e+02, 0., 4.28192261e+02, 0., 0., 3.72288940e+02,
       2.33934662e+02, 0., 0., 0., 1., 0. ]
R1: !!opencv-matrix
   rows: 3
   cols: 3
   dt: f
   data: [ 9.96374786e-01, -5.64626604e-02, -6.36335462e-02,
       5.50637431e-02, 9.98205602e-01, -2.35287417e-02, 6.48478568e-02,
       1.99395437e-02, 9.97695923e-01 ]
K2: !!opencv-matrix
   rows: 3
   cols: 3
   dt: d
   data: [ 3.6687495098581172e+02, 0., 3.7621769200552956e+02, 0.,
       3.6726361788508825e+02, 2.2399932895774910e+02, 0., 0., 1. ]
D2: !!opencv-matrix
   rows: 5
   cols: 1
   dt: d
   data: [ -2.2201337830972428e-02, -1.1445843221826492e-03,
       2.9199201696882579e-04, -7.1705872414221615e-04,
       5.1284674356775366e-04 ]
P2: !!opencv-matrix
   rows: 3
   cols: 4
   dt: f
   data: [ 3.72288940e+02, 0., 4.28192261e+02, -6.79325859e+04, 0.,
       3.72288940e+02, 2.33934662e+02, 0., 0., 0., 1., 0. ]
R2: !!opencv-matrix
   rows: 3
   cols: 3
   dt: f
   data: [ 9.96015310e-01, -6.32494465e-02, -6.28730580e-02,
       6.46035448e-02, 9.97715712e-01, 1.97406039e-02, 6.14808574e-02,
       -2.37237662e-02, 9.97826278e-01 ]
