%YAML:1.0
---
Q: !!opencv-matrix
   rows: 4
   cols: 4
   dt: f
   data: [ 1., 0., 0., -4.13855713e+02, 0., 1., 0., -2.33934235e+02, 0.,
       0., 0., 3.67550842e+02, 0., 0., 1.57812531e+02, 0. ]
R: !!opencv-matrix
   rows: 3
   cols: 3
   dt: d
   data: [ 1.0963877026457574e+00, -5.3245286798749139e-02,
       1.7823375389572932e-02, 4.8888155035781054e-02,
       1.0930529317304947e+00, -4.5433033602845951e-02,
       -5.1397609972058597e-02, 5.0383779681423366e-02,
       1.0946878878817370e+00 ]
T: !!opencv-matrix
   rows: 3
   cols: 1
   dt: d
   data: [ -3.4356778476340808e-03, 2.1817409481317154e-04,
       2.1689320439057498e-04 ]
E: !!opencv-matrix
   rows: 0
   cols: 0
   dt: u
   data: []
F: !!opencv-matrix
   rows: 0
   cols: 0
   dt: u
   data: []
K1: !!opencv-matrix
   rows: 3
   cols: 3
   dt: d
   data: [ 3.6627756984521932e+02, 0., 3.8060969928433269e+02, 0.,
       3.6653175179255015e+02, 2.3878059668569790e+02, 0., 0., 1. ]
D1: !!opencv-matrix
   rows: 5
   cols: 1
   dt: d
   data: [ -2.1859934914563901e-02, -9.9468572971318997e-04,
       1.6448003429794193e-03, -3.1164985765511365e-04,
       3.5195408316194161e-04 ]
P1: !!opencv-matrix
   rows: 3
   cols: 4
   dt: f
   data: [ 3.67550842e+02, 0., 4.13855713e+02, 0., 0., 3.67550842e+02,
       2.33934235e+02, 0., 0., 0., 1., 0. ]
R1: !!opencv-matrix
   rows: 3
   cols: 3
   dt: f
   data: [ 9.93232608e-01, -1.12901159e-01, -2.72449926e-02,
       1.12319700e-01, 9.93428349e-01, -2.20086966e-02, 2.95507554e-02,
       1.87996067e-02, 9.99386489e-01 ]
K2: !!opencv-matrix
   rows: 3
   cols: 3
   dt: d
   data: [ 3.6687495098581172e+02, 0., 3.7621769200552956e+02, 0.,
       3.6726361788508825e+02, 2.2399932895774910e+02, 0., 0., 1. ]
D2: !!opencv-matrix
   rows: 5
   cols: 1
   dt: d
   data: [ -2.2201337830972428e-02, -1.1445843221826492e-03,
       2.9199201696882579e-04, -7.1705872414221615e-04,
       5.1284674356775366e-04 ]
P2: !!opencv-matrix
   rows: 3
   cols: 4
   dt: f
   data: [ 3.67550842e+02, 0., 4.13855713e+02, -2.32903457e+00, 0.,
       3.67550842e+02, 2.33934235e+02, 0., 0., 0., 1., 0. ]
R2: !!opencv-matrix
   rows: 3
   cols: 3
   dt: f
   data: [ 9.96015012e-01, -6.32494316e-02, -6.28780946e-02,
       6.45226240e-02, 9.97746110e-01, 1.84265748e-02, 6.15709051e-02,
       -2.24102046e-02, 9.97851074e-01 ]
