%YAML:1.0
---
Q: !!opencv-matrix
   rows: 4
   cols: 4
   dt: f
   data: [ 1., 0., 0., -4.29370331e+02, 0., 1., 0., -2.33903946e+02, 0.,
       0., 0., 3.65818298e+02, 0., 0., 5.46619622e-03, 0. ]
R: !!opencv-matrix
   rows: 3
   cols: 3
   dt: d
   data: [ 9.9936840291216578e-01, 1.0369179972262475e-02,
       -3.3483336580063350e-03, -9.6392231777680335e-03,
       9.9999488618259402e-01, 9.2481671553155346e-03,
       3.2881829516418926e-03, -9.2463986453410977e-03,
       1.0000906773841363e+00 ]
T: !!opencv-matrix
   rows: 3
   cols: 1
   dt: d
   data: [ -1.8221358360168139e+02, 1.1571147866357798e+01,
       1.1502410922360866e+01 ]
E: !!opencv-matrix
   rows: 0
   cols: 0
   dt: u
   data: []
F: !!opencv-matrix
   rows: 0
   cols: 0
   dt: u
   data: []
K1: !!opencv-matrix
   rows: 3
   cols: 3
   dt: d
   data: [ 3.6627756984521932e+02, 0., 3.8060969928433269e+02, 0.,
       3.6653175179255015e+02, 2.3878059668569790e+02, 0., 0., 1. ]
D1: !!opencv-matrix
   rows: 5
   cols: 1
   dt: d
   data: [ -2.1859934914563901e-02, -9.9468572971318997e-04,
       1.6448003429794193e-03, -3.1164985765511365e-04,
       3.5195408316194161e-04 ]
P1: !!opencv-matrix
   rows: 3
   cols: 4
   dt: f
   data: [ 3.65818298e+02, 0., 4.29370331e+02, 0., 0., 3.65818298e+02,
       2.33903946e+02, 0., 0., 0., 1., 0. ]
R1: !!opencv-matrix
   rows: 3
   cols: 3
   dt: f
   data: [ 9.96380031e-01, -5.26822880e-02, -6.67184964e-02,
       5.29761724e-02, 9.98592257e-01, 2.64206133e-03, 6.64853901e-02,
       -6.16698759e-03, 9.97768342e-01 ]
K2: !!opencv-matrix
   rows: 3
   cols: 3
   dt: d
   data: [ 3.6687495098581172e+02, 0., 3.7621769200552956e+02, 0.,
       3.6726361788508825e+02, 2.2399932895774910e+02, 0., 0., 1. ]
D2: !!opencv-matrix
   rows: 5
   cols: 1
   dt: d
   data: [ -2.2201337830972428e-02, -1.1445843221826492e-03,
       2.9199201696882579e-04, -7.1705872414221615e-04,
       5.1284674356775366e-04 ]
P2: !!opencv-matrix
   rows: 3
   cols: 4
   dt: f
   data: [ 3.65818298e+02, 0., 4.29370331e+02, -6.69237422e+04, 0.,
       3.65818298e+02, 2.33903946e+02, 0., 0., 0., 1., 0. ]
R2: !!opencv-matrix
   rows: 3
   cols: 3
   dt: f
   data: [ 9.96015191e-01, -6.32501617e-02, -6.28744364e-02,
       6.29720911e-02, 9.97994781e-01, -6.39653392e-03, 6.31529391e-02,
       2.41171033e-03, 9.98000920e-01 ]
