%YAML:1.0
---
Q: !!opencv-matrix
   rows: 4
   cols: 4
   dt: f
   data: [ 1., 0., 0., -3.82353607e+02, 0., 1., 0., -2.31849960e+02, 0.,
       0., 0., 3.58603302e+02, 0., 0., 3.76081350e-03, 0. ]
R: !!opencv-matrix
   rows: 3
   cols: 3
   dt: d
   data: [ 1.0108874235480423e+00, 9.8059924412304544e-03,
       -3.1977255893006168e-03, -9.7886627416496706e-03,
       1.0108474427695842e+00, 9.3357369504937730e-03,
       3.2788868312677009e-03, -9.3043466680615347e-03,
       1.0108897619673913e+00 ]
T: !!opencv-matrix
   rows: 3
   cols: 1
   dt: d
   data: [ -2.6589514354448198e+02, 1.1729047782819462e+00,
       1.0777709479558482e+00 ]
E: !!opencv-matrix
   rows: 0
   cols: 0
   dt: u
   data: []
F: !!opencv-matrix
   rows: 0
   cols: 0
   dt: u
   data: []
K1: !!opencv-matrix
   rows: 3
   cols: 3
   dt: d
   data: [ 3.6627756984521932e+02, 0., 3.8060969928433269e+02, 0.,
       3.6653175179255015e+02, 2.3878059668569790e+02, 0., 0., 1. ]
D1: !!opencv-matrix
   rows: 5
   cols: 1
   dt: d
   data: [ -2.1859934914563901e-02, -9.9468572971318997e-04,
       1.6448003429794193e-03, -3.1164985765511365e-04,
       3.5195408316194161e-04 ]
P1: !!opencv-matrix
   rows: 3
   cols: 4
   dt: f
   data: [ 3.58603302e+02, 0., 3.82353607e+02, 0., 0., 3.58603302e+02,
       2.31849960e+02, 0., 0., 0., 1., 0. ]
R1: !!opencv-matrix
   rows: 3
   cols: 3
   dt: f
   data: [ 9.99959469e-01, 5.33250906e-03, -7.25234300e-03,
       -5.29911835e-03, 9.99975324e-01, 4.61559603e-03, 7.27677671e-03,
       -4.57697827e-03, 9.99963045e-01 ]
K2: !!opencv-matrix
   rows: 3
   cols: 3
   dt: d
   data: [ 3.6687495098581172e+02, 0., 3.7621769200552956e+02, 0.,
       3.6726361788508825e+02, 2.2399932895774910e+02, 0., 0., 1. ]
D2: !!opencv-matrix
   rows: 5
   cols: 1
   dt: d
   data: [ -2.2201337830972428e-02, -1.1445843221826492e-03,
       2.9199201696882579e-04, -7.1705872414221615e-04,
       5.1284674356775366e-04 ]
P2: !!opencv-matrix
   rows: 3
   cols: 4
   dt: f
   data: [ 3.58603302e+02, 0., 3.82353607e+02, -9.53525859e+04, 0.,
       3.58603302e+02, 2.31849960e+02, 0., 0., 0., 1., 0. ]
R2: !!opencv-matrix
   rows: 3
   cols: 3
   dt: f
   data: [ 9.99982059e-01, -4.41107620e-03, -4.05329559e-03,
       4.39239899e-03, 9.99979734e-01, -4.60525602e-03, 4.07352764e-03,
       4.58736997e-03, 9.99981165e-01 ]
