%YAML:1.0
---
Q: !!opencv-matrix
   rows: 4
   cols: 4
   dt: f
   data: [ 1., 0., 0., -3.82327515e+02, 0., 1., 0., -2.31848877e+02, 0.,
       0., 0., 3.59859070e+02, 0., 0., 3.59783112e-03, 0. ]
R: !!opencv-matrix
   rows: 3
   cols: 3
   dt: d
   data: [ 1.0112858597765106e+00, 9.4758488748070968e-03,
       -3.2754104630128783e-03, -9.7935891018260772e-03,
       1.0111509752076220e+00, -2.5964431318154204e-02,
       3.2815350053826747e-03, 2.5997054898014519e-02,
       1.0111901250564328e+00 ]
T: !!opencv-matrix
   rows: 3
   cols: 1
   dt: d
   data: [ -2.7874439202194856e+02, 1.2297796499683014e+00,
       1.1298603607867255e+00 ]
E: !!opencv-matrix
   rows: 0
   cols: 0
   dt: u
   data: []
F: !!opencv-matrix
   rows: 0
   cols: 0
   dt: u
   data: []
K1: !!opencv-matrix
   rows: 3
   cols: 3
   dt: d
   data: [ 3.6627756984521932e+02, 0., 3.8060969928433269e+02, 0.,
       3.6653175179255015e+02, 2.3878059668569790e+02, 0., 0., 1. ]
D1: !!opencv-matrix
   rows: 5
   cols: 1
   dt: d
   data: [ -2.1859934914563901e-02, -9.9468572971318997e-04,
       1.6448003429794193e-03, -3.1164985765511365e-04,
       3.5195408316194161e-04 ]
P1: !!opencv-matrix
   rows: 3
   cols: 4
   dt: f
   data: [ 3.59859070e+02, 0., 3.82327515e+02, 0., 0., 3.59859070e+02,
       2.31848877e+02, 0., 0., 0., 1., 0. ]
R1: !!opencv-matrix
   rows: 3
   cols: 3
   dt: f
   data: [ 9.99961734e-01, 4.92899586e-03, -7.22944969e-03,
       -5.02153439e-03, 9.99904990e-01, -1.28384745e-02, 7.16548180e-03,
       1.28742857e-02, 9.99891460e-01 ]
K2: !!opencv-matrix
   rows: 3
   cols: 3
   dt: d
   data: [ 3.6687495098581172e+02, 0., 3.7621769200552956e+02, 0.,
       3.6726361788508825e+02, 2.2399932895774910e+02, 0., 0., 1. ]
D2: !!opencv-matrix
   rows: 5
   cols: 1
   dt: d
   data: [ -2.2201337830972428e-02, -1.1445843221826492e-03,
       2.9199201696882579e-04, -7.1705872414221615e-04,
       5.1284674356775366e-04 ]
P2: !!opencv-matrix
   rows: 3
   cols: 4
   dt: f
   data: [ 3.59859070e+02, 0., 3.82327515e+02, -1.00021117e+05, 0.,
       3.59859070e+02, 2.31848877e+02, 0., 0., 0., 1., 0. ]
R2: !!opencv-matrix
   rows: 3
   cols: 3
   dt: f
   data: [ 9.99982059e-01, -4.41177515e-03, -4.05331934e-03,
       4.46352223e-03, 9.99907494e-01, 1.28475148e-02, 3.99626419e-03,
       -1.28653767e-02, 9.99909222e-01 ]
