%YAML:1.0
---
Q: !!opencv-matrix
   rows: 4
   cols: 4
   dt: f
   data: [ 1., 0., 0., -3.82354645e+02, 0., 1., 0., -2.31849976e+02, 0.,
       0., 0., 3.58604523e+02, 0., 0., 3.74167552e-03, 0. ]
R: !!opencv-matrix
   rows: 3
   cols: 3
   dt: d
   data: [ 1.0108683211174609e+00, 9.8003634531418204e-03,
       -3.2030659871035028e-03, -9.7884882465945552e-03,
       1.0108303526266227e+00, 9.3356026871371529e-03,
       3.2788393739426641e-03, -9.3041669966196817e-03,
       1.0108726688760437e+00 ]
T: !!opencv-matrix
   rows: 3
   cols: 1
   dt: d
   data: [ -2.6725515603916040e+02, 1.1789040045816155e+00,
       1.0832835794001430e+00 ]
E: !!opencv-matrix
   rows: 0
   cols: 0
   dt: u
   data: []
F: !!opencv-matrix
   rows: 0
   cols: 0
   dt: u
   data: []
K1: !!opencv-matrix
   rows: 3
   cols: 3
   dt: d
   data: [ 3.6627756984521932e+02, 0., 3.8060969928433269e+02, 0.,
       3.6653175179255015e+02, 2.3878059668569790e+02, 0., 0., 1. ]
D1: !!opencv-matrix
   rows: 5
   cols: 1
   dt: d
   data: [ -2.1859934914563901e-02, -9.9468572971318997e-04,
       1.6448003429794193e-03, -3.1164985765511365e-04,
       3.5195408316194161e-04 ]
P1: !!opencv-matrix
   rows: 3
   cols: 4
   dt: f
   data: [ 3.58604523e+02, 0., 3.82354645e+02, 0., 0., 3.58604523e+02,
       2.31849976e+02, 0., 0., 0., 1., 0. ]
R1: !!opencv-matrix
   rows: 3
   cols: 3
   dt: f
   data: [ 9.99959469e-01, 5.32981241e-03, -7.25501822e-03,
       -5.29640960e-03, 9.99975324e-01, 4.61558485e-03, 7.27943936e-03,
       -4.57697222e-03, 9.99963045e-01 ]
K2: !!opencv-matrix
   rows: 3
   cols: 3
   dt: d
   data: [ 3.6687495098581172e+02, 0., 3.7621769200552956e+02, 0.,
       3.6726361788508825e+02, 2.2399932895774910e+02, 0., 0., 1. ]
D2: !!opencv-matrix
   rows: 5
   cols: 1
   dt: d
   data: [ -2.2201337830972428e-02, -1.1445843221826492e-03,
       2.9199201696882579e-04, -7.1705872414221615e-04,
       5.1284674356775366e-04 ]
P2: !!opencv-matrix
   rows: 3
   cols: 4
   dt: f
   data: [ 3.58604523e+02, 0., 3.82354645e+02, -9.58406250e+04, 0.,
       3.58604523e+02, 2.31849976e+02, 0., 0., 0., 1., 0. ]
R2: !!opencv-matrix
   rows: 3
   cols: 3
   dt: f
   data: [ 9.99982059e-01, -4.41107620e-03, -4.05329559e-03,
       4.39239945e-03, 9.99979734e-01, -4.60524764e-03, 4.07352764e-03,
       4.58736159e-03, 9.99981165e-01 ]
