%YAML:1.0
---
Q: !!opencv-matrix
   rows: 4
   cols: 4
   dt: f
   data: [ 1., 0., 0., -3.82353577e+02, 0., 1., 0., -2.31849960e+02, 0.,
       0., 0., 3.58603516e+02, 0., 0., 3.70541099e-03, 0. ]
R: !!opencv-matrix
   rows: 3
   cols: 3
   dt: d
   data: [ 1.0108136848978373e+00, 9.8011989514449113e-03,
       -3.2005625082472764e-03, -9.7879673154046814e-03,
       1.0107772535497341e+00, 9.3351020403557479e-03,
       3.2786734019688906e-03, -9.3036837751702302e-03,
       1.0108195640670870e+00 ]
T: !!opencv-matrix
   rows: 3
   cols: 1
   dt: d
   data: [ -2.7144809722084727e+02, 1.1973997194547956e+00,
       1.1002791144319970e+00 ]
E: !!opencv-matrix
   rows: 0
   cols: 0
   dt: u
   data: []
F: !!opencv-matrix
   rows: 0
   cols: 0
   dt: u
   data: []
K1: !!opencv-matrix
   rows: 3
   cols: 3
   dt: d
   data: [ 3.6627756984521932e+02, 0., 3.8060969928433269e+02, 0.,
       3.6653175179255015e+02, 2.3878059668569790e+02, 0., 0., 1. ]
D1: !!opencv-matrix
   rows: 5
   cols: 1
   dt: d
   data: [ -2.1859934914563901e-02, -9.9468572971318997e-04,
       1.6448003429794193e-03, -3.1164985765511365e-04,
       3.5195408316194161e-04 ]
P1: !!opencv-matrix
   rows: 3
   cols: 4
   dt: f
   data: [ 3.58603516e+02, 0., 3.82353577e+02, 0., 0., 3.58603516e+02,
       2.31849960e+02, 0., 0., 0., 1., 0. ]
R1: !!opencv-matrix
   rows: 3
   cols: 3
   dt: f
   data: [ 9.99959469e-01, 5.33175515e-03, -7.25229643e-03,
       -5.29836444e-03, 9.99975324e-01, 4.61559184e-03, 7.27672689e-03,
       -4.57697967e-03, 9.99963045e-01 ]
K2: !!opencv-matrix
   rows: 3
   cols: 3
   dt: d
   data: [ 3.6687495098581172e+02, 0., 3.7621769200552956e+02, 0.,
       3.6726361788508825e+02, 2.2399932895774910e+02, 0., 0., 1. ]
D2: !!opencv-matrix
   rows: 5
   cols: 1
   dt: d
   data: [ -2.2201337830972428e-02, -1.1445843221826492e-03,
       2.9199201696882579e-04, -7.1705872414221615e-04,
       5.1284674356775366e-04 ]
P2: !!opencv-matrix
   rows: 3
   cols: 4
   dt: f
   data: [ 3.58603516e+02, 0., 3.82353577e+02, -9.67783359e+04, 0.,
       3.58603516e+02, 2.31849960e+02, 0., 0., 0., 1., 0. ]
R2: !!opencv-matrix
   rows: 3
   cols: 3
   dt: f
   data: [ 9.99982059e-01, -4.41107620e-03, -4.05329559e-03,
       4.39239899e-03, 9.99979734e-01, -4.60525509e-03, 4.07352764e-03,
       4.58736857e-03, 9.99981165e-01 ]
