%YAML:1.0
---
Q: !!opencv-matrix
   rows: 4
   cols: 4
   dt: f
   data: [ 1., 0., 0., -3.68796173e+02, 0., 1., 0., -2.31740677e+02, 0.,
       0., 0., 3.66539795e+02, 0., 0., 3.18221864e-03, 0. ]
R: !!opencv-matrix
   rows: 3
   cols: 3
   dt: d
   data: [ 1.0109368605124471e+00, -2.5608508293670711e-02,
       3.1767573751127647e-02, 2.6417688682113371e-02,
       1.0110736226584629e+00, -2.6295226726996704e-02,
       -3.1091639766031569e-02, 2.7103642562008458e-02,
       1.0109192040780779e+00 ]
T: !!opencv-matrix
   rows: 3
   cols: 1
   dt: d
   data: [ -3.1540002389169837e+02, 1.3914604237322958e+00,
       1.2787344965561973e+00 ]
E: !!opencv-matrix
   rows: 0
   cols: 0
   dt: u
   data: []
F: !!opencv-matrix
   rows: 0
   cols: 0
   dt: u
   data: []
K1: !!opencv-matrix
   rows: 3
   cols: 3
   dt: d
   data: [ 3.6627756984521932e+02, 0., 3.8060969928433269e+02, 0.,
       3.6653175179255015e+02, 2.3878059668569790e+02, 0., 0., 1. ]
D1: !!opencv-matrix
   rows: 5
   cols: 1
   dt: d
   data: [ -2.1859934914563901e-02, -9.9468572971318997e-04,
       1.6448003429794193e-03, -3.1164985765511365e-04,
       3.5195408316194161e-04 ]
P1: !!opencv-matrix
   rows: 3
   cols: 4
   dt: f
   data: [ 3.66539795e+02, 0., 3.68796173e+02, 0., 0., 3.66539795e+02,
       2.31740677e+02, 0., 0., 0., 1., 0. ]
R1: !!opencv-matrix
   rows: 3
   cols: 3
   dt: f
   data: [ 9.99177933e-01, -2.98172198e-02, 2.74669267e-02,
       3.01756114e-02, 9.99463558e-01, -1.27273044e-02, -2.70727016e-02,
       1.35456724e-02, 9.99541700e-01 ]
K2: !!opencv-matrix
   rows: 3
   cols: 3
   dt: d
   data: [ 3.6687495098581172e+02, 0., 3.7621769200552956e+02, 0.,
       3.6726361788508825e+02, 2.2399932895774910e+02, 0., 0., 1. ]
D2: !!opencv-matrix
   rows: 5
   cols: 1
   dt: d
   data: [ -2.2201337830972428e-02, -1.1445843221826492e-03,
       2.9199201696882579e-04, -7.1705872414221615e-04,
       5.1284674356775366e-04 ]
P2: !!opencv-matrix
   rows: 3
   cols: 4
   dt: f
   data: [ 3.66539795e+02, 0., 3.68796173e+02, -1.15183727e+05, 0.,
       3.66539795e+02, 2.31740677e+02, 0., 0., 0., 1., 0. ]
R2: !!opencv-matrix
   rows: 3
   cols: 3
   dt: f
   data: [ 9.99982059e-01, -4.41165315e-03, -4.05425299e-03,
       4.46454203e-03, 9.99903858e-01, 1.31301982e-02, 3.99593730e-03,
       -1.31480629e-02, 9.99905586e-01 ]
