%YAML:1.0
---
Q: !!opencv-matrix
   rows: 4
   cols: 4
   dt: f
   data: [ 1., 0., 0., -3.68796509e+02, 0., 1., 0., -2.31740677e+02, 0.,
       0., 0., 3.66539551e+02, 0., 0., 3.21538700e-03, 0. ]
R: !!opencv-matrix
   rows: 3
   cols: 3
   dt: d
   data: [ 1.0109865357773202e+00, -2.5610764075947159e-02,
       3.1767708512794653e-02, 2.6418992331971560e-02,
       1.0111234904739719e+00, -2.6296517219651542e-02,
       -3.1093172386621099e-02, 2.7104983266152842e-02,
       1.0109690657034789e+00 ]
T: !!opencv-matrix
   rows: 3
   cols: 1
   dt: d
   data: [ -3.1099896261089378e+02, 1.3720441201526656e+00,
       1.2608911595100254e+00 ]
E: !!opencv-matrix
   rows: 0
   cols: 0
   dt: u
   data: []
F: !!opencv-matrix
   rows: 0
   cols: 0
   dt: u
   data: []
K1: !!opencv-matrix
   rows: 3
   cols: 3
   dt: d
   data: [ 3.6627756984521932e+02, 0., 3.8060969928433269e+02, 0.,
       3.6653175179255015e+02, 2.3878059668569790e+02, 0., 0., 1. ]
D1: !!opencv-matrix
   rows: 5
   cols: 1
   dt: d
   data: [ -2.1859934914563901e-02, -9.9468572971318997e-04,
       1.6448003429794193e-03, -3.1164985765511365e-04,
       3.5195408316194161e-04 ]
P1: !!opencv-matrix
   rows: 3
   cols: 4
   dt: f
   data: [ 3.66539551e+02, 0., 3.68796509e+02, 0., 0., 3.66539551e+02,
       2.31740677e+02, 0., 0., 0., 1., 0. ]
R1: !!opencv-matrix
   rows: 3
   cols: 3
   dt: f
   data: [ 9.99177933e-01, -2.98178513e-02, 2.74660923e-02,
       3.01762316e-02, 9.99463558e-01, -1.27272978e-02, -2.70718578e-02,
       1.35456584e-02, 9.99541700e-01 ]
K2: !!opencv-matrix
   rows: 3
   cols: 3
   dt: d
   data: [ 3.6687495098581172e+02, 0., 3.7621769200552956e+02, 0.,
       3.6726361788508825e+02, 2.2399932895774910e+02, 0., 0., 1. ]
D2: !!opencv-matrix
   rows: 5
   cols: 1
   dt: d
   data: [ -2.2201337830972428e-02, -1.1445843221826492e-03,
       2.9199201696882579e-04, -7.1705872414221615e-04,
       5.1284674356775366e-04 ]
P2: !!opencv-matrix
   rows: 3
   cols: 4
   dt: f
   data: [ 3.66539551e+02, 0., 3.68796509e+02, -1.13995461e+05, 0.,
       3.66539551e+02, 2.31740677e+02, 0., 0., 0., 1., 0. ]
R2: !!opencv-matrix
   rows: 3
   cols: 3
   dt: f
   data: [ 9.99982059e-01, -4.41165315e-03, -4.05425299e-03,
       4.46454203e-03, 9.99903858e-01, 1.31301871e-02, 3.99593730e-03,
       -1.31480517e-02, 9.99905586e-01 ]
