%YAML:1.0
---
Q: !!opencv-matrix
   rows: 4
   cols: 4
   dt: f
   data: [ 1., 0., 0., -3.68778992e+02, 0., 1., 0., -2.31740997e+02, 0.,
       0., 0., 3.66540070e+02, 0., 0., 3.27129266e-03, 0. ]
R: !!opencv-matrix
   rows: 3
   cols: 3
   dt: d
   data: [ 1.0109936358412090e+00, -2.5485642012117529e-02,
       3.1776234472586588e-02, 2.6421384437234182e-02,
       1.0112022835362968e+00, -2.6298607610008250e-02,
       -3.1095319710785538e-02, 2.7106595056746768e-02,
       1.0110483830613997e+00 ]
T: !!opencv-matrix
   rows: 3
   cols: 1
   dt: d
   data: [ -3.0554892073957711e+02, 1.3479999921532140e+00,
       1.2387949043246336e+00 ]
E: !!opencv-matrix
   rows: 0
   cols: 0
   dt: u
   data: []
F: !!opencv-matrix
   rows: 0
   cols: 0
   dt: u
   data: []
K1: !!opencv-matrix
   rows: 3
   cols: 3
   dt: d
   data: [ 3.6627756984521932e+02, 0., 3.8060969928433269e+02, 0.,
       3.6653175179255015e+02, 2.3878059668569790e+02, 0., 0., 1. ]
D1: !!opencv-matrix
   rows: 5
   cols: 1
   dt: d
   data: [ -2.1859934914563901e-02, -9.9468572971318997e-04,
       1.6448003429794193e-03, -3.1164985765511365e-04,
       3.5195408316194161e-04 ]
P1: !!opencv-matrix
   rows: 3
   cols: 4
   dt: f
   data: [ 3.66540070e+02, 0., 3.68778992e+02, 0., 0., 3.66540070e+02,
       2.31740997e+02, 0., 0., 0., 1., 0. ]
R1: !!opencv-matrix
   rows: 3
   cols: 3
   dt: f
   data: [ 9.99181151e-01, -2.96686385e-02, 2.75103580e-02,
       3.00276522e-02, 9.99468029e-01, -1.27300248e-02, -2.71180402e-02,
       1.35456724e-02, 9.99540448e-01 ]
K2: !!opencv-matrix
   rows: 3
   cols: 3
   dt: d
   data: [ 3.6687495098581172e+02, 0., 3.7621769200552956e+02, 0.,
       3.6726361788508825e+02, 2.2399932895774910e+02, 0., 0., 1. ]
D2: !!opencv-matrix
   rows: 5
   cols: 1
   dt: d
   data: [ -2.2201337830972428e-02, -1.1445843221826492e-03,
       2.9199201696882579e-04, -7.1705872414221615e-04,
       5.1284674356775366e-04 ]
P2: !!opencv-matrix
   rows: 3
   cols: 4
   dt: f
   data: [ 3.66540070e+02, 0., 3.68778992e+02, -1.12047469e+05, 0.,
       3.66540070e+02, 2.31740997e+02, 0., 0., 0., 1., 0. ]
R2: !!opencv-matrix
   rows: 3
   cols: 3
   dt: f
   data: [ 9.99982059e-01, -4.41165315e-03, -4.05424973e-03,
       4.46454715e-03, 9.99903798e-01, 1.31315477e-02, 3.99592752e-03,
       -1.31494123e-02, 9.99905586e-01 ]
