%YAML:1.0
---
Q: !!opencv-matrix
   rows: 4
   cols: 4
   dt: f
   data: [ 1., 0., 0., -3.68778320e+02, 0., 1., 0., -2.31896271e+02, 0.,
       0., 0., 3.53876617e+02, 0., 0., 3.40228761e-03, 0. ]
R: !!opencv-matrix
   rows: 3
   cols: 3
   dt: d
   data: [ 1.0111568329606124e+00, 9.6840928620791789e-03,
       3.1753698523068176e-02, -8.8838282827271228e-03,
       1.0113140354875780e+00, -2.6293464593580937e-02,
       -3.2016565348259939e-02, 2.6000414722742476e-02,
       1.0108536128811574e+00 ]
T: !!opencv-matrix
   rows: 3
   cols: 1
   dt: d
   data: [ -2.9513460217264003e+02, 1.3020386290037034e+00,
       1.1964653194683958e+00 ]
E: !!opencv-matrix
   rows: 0
   cols: 0
   dt: u
   data: []
F: !!opencv-matrix
   rows: 0
   cols: 0
   dt: u
   data: []
K1: !!opencv-matrix
   rows: 3
   cols: 3
   dt: d
   data: [ 3.6627756984521932e+02, 0., 3.8060969928433269e+02, 0.,
       3.6653175179255015e+02, 2.3878059668569790e+02, 0., 0., 1. ]
D1: !!opencv-matrix
   rows: 5
   cols: 1
   dt: d
   data: [ -2.1859934914563901e-02, -9.9468572971318997e-04,
       1.6448003429794193e-03, -3.1164985765511365e-04,
       3.5195408316194161e-04 ]
P1: !!opencv-matrix
   rows: 3
   cols: 4
   dt: f
   data: [ 3.53876617e+02, 0., 3.68778320e+02, 0., 0., 3.53876617e+02,
       2.31896271e+02, 0., 0., 0., 1., 0. ]
R1: !!opencv-matrix
   rows: 3
   cols: 3
   dt: f
   data: [ 9.99611557e-01, 5.06509654e-03, 2.74068899e-02,
       -4.71108593e-03, 9.99904811e-01, -1.29660424e-02, -2.74699554e-02,
       1.28318891e-02, 9.99540269e-01 ]
K2: !!opencv-matrix
   rows: 3
   cols: 3
   dt: d
   data: [ 3.6687495098581172e+02, 0., 3.7621769200552956e+02, 0.,
       3.6726361788508825e+02, 2.2399932895774910e+02, 0., 0., 1. ]
D2: !!opencv-matrix
   rows: 5
   cols: 1
   dt: d
   data: [ -2.2201337830972428e-02, -1.1445843221826492e-03,
       2.9199201696882579e-04, -7.1705872414221615e-04,
       5.1284674356775366e-04 ]
P2: !!opencv-matrix
   rows: 3
   cols: 4
   dt: f
   data: [ 3.53876617e+02, 0., 3.68778320e+02, -1.04011375e+05, 0.,
       3.53876617e+02, 2.31896271e+02, 0., 0., 0., 1., 0. ]
R2: !!opencv-matrix
   rows: 3
   cols: 3
   dt: f
   data: [ 9.99982059e-01, -4.41159820e-03, -4.05389210e-03,
       4.46352735e-03, 9.99906957e-01, 1.28912292e-02, 3.99664417e-03,
       -1.29090929e-02, 9.99908686e-01 ]
