%YAML:1.0
---
Q: !!opencv-matrix
   rows: 4
   cols: 4
   dt: f
   data: [ 1., 0., 0., -3.68796234e+02, 0., 1., 0., -2.31740662e+02, 0.,
       0., 0., 3.66539764e+02, 0., 0., 3.17051983e-03, 0. ]
R: !!opencv-matrix
   rows: 3
   cols: 3
   dt: d
   data: [ 1.0109055244229708e+00, -2.5605997793717011e-02,
       3.1768693292274351e-02, 2.6416853319194505e-02,
       1.0110417348032397e+00, -2.6294406965782599e-02,
       -3.1090661599138841e-02, 2.7102781047566148e-02,
       1.0108873200049824e+00 ]
T: !!opencv-matrix
   rows: 3
   cols: 1
   dt: d
   data: [ -3.1825240227718695e+02, 1.4040443533865650e+00,
       1.2902989689449114e+00 ]
E: !!opencv-matrix
   rows: 0
   cols: 0
   dt: u
   data: []
F: !!opencv-matrix
   rows: 0
   cols: 0
   dt: u
   data: []
K1: !!opencv-matrix
   rows: 3
   cols: 3
   dt: d
   data: [ 3.6627756984521932e+02, 0., 3.8060969928433269e+02, 0.,
       3.6653175179255015e+02, 2.3878059668569790e+02, 0., 0., 1. ]
D1: !!opencv-matrix
   rows: 5
   cols: 1
   dt: d
   data: [ -2.1859934914563901e-02, -9.9468572971318997e-04,
       1.6448003429794193e-03, -3.1164985765511365e-04,
       3.5195408316194161e-04 ]
P1: !!opencv-matrix
   rows: 3
   cols: 4
   dt: f
   data: [ 3.66539764e+02, 0., 3.68796234e+02, 0., 0., 3.66539764e+02,
       2.31740662e+02, 0., 0., 0., 1., 0. ]
R1: !!opencv-matrix
   rows: 3
   cols: 3
   dt: f
   data: [ 9.99177933e-01, -2.98173577e-02, 2.74667982e-02,
       3.01757492e-02, 9.99463558e-01, -1.27273025e-02, -2.70725694e-02,
       1.35456705e-02, 9.99541700e-01 ]
K2: !!opencv-matrix
   rows: 3
   cols: 3
   dt: d
   data: [ 3.6687495098581172e+02, 0., 3.7621769200552956e+02, 0.,
       3.6726361788508825e+02, 2.2399932895774910e+02, 0., 0., 1. ]
D2: !!opencv-matrix
   rows: 5
   cols: 1
   dt: d
   data: [ -2.2201337830972428e-02, -1.1445843221826492e-03,
       2.9199201696882579e-04, -7.1705872414221615e-04,
       5.1284674356775366e-04 ]
P2: !!opencv-matrix
   rows: 3
   cols: 4
   dt: f
   data: [ 3.66539764e+02, 0., 3.68796234e+02, -1.15608727e+05, 0.,
       3.66539764e+02, 2.31740662e+02, 0., 0., 0., 1., 0. ]
R2: !!opencv-matrix
   rows: 3
   cols: 3
   dt: f
   data: [ 9.99982059e-01, -4.41165315e-03, -4.05425299e-03,
       4.46454203e-03, 9.99903858e-01, 1.31301964e-02, 3.99593730e-03,
       -1.31480610e-02, 9.99905586e-01 ]
