%YAML:1.0
---
Q: !!opencv-matrix
   rows: 4
   cols: 4
   dt: f
   data: [ 1., 0., 0., -3.68755005e+02, 0., 1., 0., -2.31896408e+02, 0.,
       0., 0., 3.53864410e+02, 0., 0., 3.31249926e-03, 0. ]
R: !!opencv-matrix
   rows: 3
   cols: 3
   dt: d
   data: [ 1.0110576883042814e+00, 9.6879992141327437e-03,
       3.1760257661917472e-02, -8.8829922423476343e-03,
       1.0112228629686071e+00, -2.6291136282489972e-02,
       -3.2013647179758957e-02, 2.5998051887005703e-02,
       1.0107624647520608e+00 ]
T: !!opencv-matrix
   rows: 3
   cols: 1
   dt: d
   data: [ -3.0295821178880050e+02, 1.3365538700805946e+00,
       1.2281819582124502e+00 ]
E: !!opencv-matrix
   rows: 0
   cols: 0
   dt: u
   data: []
F: !!opencv-matrix
   rows: 0
   cols: 0
   dt: u
   data: []
K1: !!opencv-matrix
   rows: 3
   cols: 3
   dt: d
   data: [ 3.6627756984521932e+02, 0., 3.8060969928433269e+02, 0.,
       3.6653175179255015e+02, 2.3878059668569790e+02, 0., 0., 1. ]
D1: !!opencv-matrix
   rows: 5
   cols: 1
   dt: d
   data: [ -2.1859934914563901e-02, -9.9468572971318997e-04,
       1.6448003429794193e-03, -3.1164985765511365e-04,
       3.5195408316194161e-04 ]
P1: !!opencv-matrix
   rows: 3
   cols: 4
   dt: f
   data: [ 3.53864410e+02, 0., 3.68755005e+02, 0., 0., 3.53864410e+02,
       2.31896408e+02, 0., 0., 0., 1., 0. ]
R1: !!opencv-matrix
   rows: 3
   cols: 3
   dt: f
   data: [ 9.99609828e-01, 5.07263560e-03, 2.74664164e-02,
       -4.71785665e-03, 9.99904811e-01, -1.29662547e-02, -2.75295731e-02,
       1.28316134e-02, 9.99538600e-01 ]
K2: !!opencv-matrix
   rows: 3
   cols: 3
   dt: d
   data: [ 3.6687495098581172e+02, 0., 3.7621769200552956e+02, 0.,
       3.6726361788508825e+02, 2.2399932895774910e+02, 0., 0., 1. ]
D2: !!opencv-matrix
   rows: 5
   cols: 1
   dt: d
   data: [ -2.2201337830972428e-02, -1.1445843221826492e-03,
       2.9199201696882579e-04, -7.1705872414221615e-04,
       5.1284674356775366e-04 ]
P2: !!opencv-matrix
   rows: 3
   cols: 4
   dt: f
   data: [ 3.53864410e+02, 0., 3.68755005e+02, -1.06827023e+05, 0.,
       3.53864410e+02, 2.31896408e+02, 0., 0., 0., 1., 0. ]
R2: !!opencv-matrix
   rows: 3
   cols: 3
   dt: f
   data: [ 9.99982059e-01, -4.41159820e-03, -4.05389210e-03,
       4.46352735e-03, 9.99906957e-01, 1.28912022e-02, 3.99664417e-03,
       -1.29090659e-02, 9.99908686e-01 ]
