%YAML:1.0
---
Q: !!opencv-matrix
   rows: 4
   cols: 4
   dt: f
   data: [ 1., 0., 0., -3.82327881e+02, 0., 1., 0., -2.31849228e+02, 0.,
       0., 0., 3.58541473e+02, 0., 0., 3.80450813e-03, 0. ]
R: !!opencv-matrix
   rows: 3
   cols: 3
   dt: d
   data: [ 1.0104562579214957e+00, 1.0146134451478241e-02,
       -3.5051302525965201e-03, -9.7877016831722126e-03,
       1.0110244072515060e+00, 9.3387386180062600e-03,
       3.2819367453407544e-03, -9.3073609822326309e-03,
       1.0110694704269108e+00 ]
T: !!opencv-matrix
   rows: 3
   cols: 1
   dt: d
   data: [ -2.6200096506664971e+02, 1.1557269709488038e+00,
       1.0619864581982428e+00 ]
E: !!opencv-matrix
   rows: 0
   cols: 0
   dt: u
   data: []
F: !!opencv-matrix
   rows: 0
   cols: 0
   dt: u
   data: []
K1: !!opencv-matrix
   rows: 3
   cols: 3
   dt: d
   data: [ 3.6627756984521932e+02, 0., 3.8060969928433269e+02, 0.,
       3.6653175179255015e+02, 2.3878059668569790e+02, 0., 0., 1. ]
D1: !!opencv-matrix
   rows: 5
   cols: 1
   dt: d
   data: [ -2.1859934914563901e-02, -9.9468572971318997e-04,
       1.6448003429794193e-03, -3.1164985765511365e-04,
       3.5195408316194161e-04 ]
P1: !!opencv-matrix
   rows: 3
   cols: 4
   dt: f
   data: [ 3.58541473e+02, 0., 3.82327881e+02, 0., 0., 3.58541473e+02,
       2.31849228e+02, 0., 0., 0., 1., 0. ]
R1: !!opencv-matrix
   rows: 3
   cols: 3
   dt: f
   data: [ 9.99958932e-01, 5.51715447e-03, -7.18611944e-03,
       -5.48406318e-03, 9.99974310e-01, 4.61650826e-03, 7.21140485e-03,
       -4.57690982e-03, 9.99963522e-01 ]
K2: !!opencv-matrix
   rows: 3
   cols: 3
   dt: d
   data: [ 3.6687495098581172e+02, 0., 3.7621769200552956e+02, 0.,
       3.6726361788508825e+02, 2.2399932895774910e+02, 0., 0., 1. ]
D2: !!opencv-matrix
   rows: 5
   cols: 1
   dt: d
   data: [ -2.2201337830972428e-02, -1.1445843221826492e-03,
       2.9199201696882579e-04, -7.1705872414221615e-04,
       5.1284674356775366e-04 ]
P2: !!opencv-matrix
   rows: 3
   cols: 4
   dt: f
   data: [ 3.58541473e+02, 0., 3.82327881e+02, -9.42412188e+04, 0.,
       3.58541473e+02, 2.31849228e+02, 0., 0., 0., 1., 0. ]
R2: !!opencv-matrix
   rows: 3
   cols: 3
   dt: f
   data: [ 9.99982059e-01, -4.41107666e-03, -4.05329652e-03,
       4.39239806e-03, 9.99979734e-01, -4.60567884e-03, 4.07353044e-03,
       4.58779233e-03, 9.99981165e-01 ]
