%YAML:1.0
---
Q: !!opencv-matrix
   rows: 4
   cols: 4
   dt: f
   data: [ 1., 0., 0., -3.68794861e+02, 0., 1., 0., -2.31740921e+02, 0.,
       0., 0., 3.66534393e+02, 0., 0., 3.27273970e-03, 0. ]
R: !!opencv-matrix
   rows: 3
   cols: 3
   dt: d
   data: [ 1.0109903206065414e+00, -2.5514885722686856e-02,
       3.1754485819827857e-02, 2.6421125082910439e-02,
       1.0111934422145608e+00, -2.6298279584833481e-02,
       -3.1095066759098400e-02, 2.7106474048576069e-02,
       1.0110395001245576e+00 ]
T: !!opencv-matrix
   rows: 3
   cols: 1
   dt: d
   data: [ -3.0626581318647942e+02, 1.3511627309563039e+00,
       1.2417014238710093e+00 ]
E: !!opencv-matrix
   rows: 0
   cols: 0
   dt: u
   data: []
F: !!opencv-matrix
   rows: 0
   cols: 0
   dt: u
   data: []
K1: !!opencv-matrix
   rows: 3
   cols: 3
   dt: d
   data: [ 3.6627756984521932e+02, 0., 3.8060969928433269e+02, 0.,
       3.6653175179255015e+02, 2.3878059668569790e+02, 0., 0., 1. ]
D1: !!opencv-matrix
   rows: 5
   cols: 1
   dt: d
   data: [ -2.1859934914563901e-02, -9.9468572971318997e-04,
       1.6448003429794193e-03, -3.1164985765511365e-04,
       3.5195408316194161e-04 ]
P1: !!opencv-matrix
   rows: 3
   cols: 4
   dt: f
   data: [ 3.66534393e+02, 0., 3.68794861e+02, 0., 0., 3.66534393e+02,
       2.31740921e+02, 0., 0., 0., 1., 0. ]
R1: !!opencv-matrix
   rows: 3
   cols: 3
   dt: f
   data: [ 9.99179661e-01, -2.97561456e-02, 2.74701025e-02,
       3.01145967e-02, 9.99465406e-01, -1.27285356e-02, -2.70766653e-02,
       1.35453446e-02, 9.99541581e-01 ]
K2: !!opencv-matrix
   rows: 3
   cols: 3
   dt: d
   data: [ 3.6687495098581172e+02, 0., 3.7621769200552956e+02, 0.,
       3.6726361788508825e+02, 2.2399932895774910e+02, 0., 0., 1. ]
D2: !!opencv-matrix
   rows: 5
   cols: 1
   dt: d
   data: [ -2.2201337830972428e-02, -1.1445843221826492e-03,
       2.9199201696882579e-04, -7.1705872414221615e-04,
       5.1284674356775366e-04 ]
P2: !!opencv-matrix
   rows: 3
   cols: 4
   dt: f
   data: [ 3.66534393e+02, 0., 3.68794861e+02, -1.11996195e+05, 0.,
       3.66534393e+02, 2.31740921e+02, 0., 0., 0., 1., 0. ]
R2: !!opencv-matrix
   rows: 3
   cols: 3
   dt: f
   data: [ 9.99982059e-01, -4.41165315e-03, -4.05425299e-03,
       4.46454389e-03, 9.99903798e-01, 1.31306443e-02, 3.99593543e-03,
       -1.31485090e-02, 9.99905586e-01 ]
