%YAML:1.0
---
Q: !!opencv-matrix
   rows: 4
   cols: 4
   dt: f
   data: [ 1., 0., 0., -3.82387238e+02, 0., 1., 0., -2.31849487e+02, 0.,
       0., 0., 3.58597321e+02, 0., 0., 3.79502890e-03, 0. ]
R: !!opencv-matrix
   rows: 3
   cols: 3
   dt: d
   data: [ 1.0107889767337579e+00, 9.8815820462400759e-03,
       -3.2867733441309956e-03, -9.7884803105784957e-03,
       1.0108948767058519e+00, 9.3365702256994892e-03,
       3.2796344262937382e-03, -9.3050908384603916e-03,
       1.0109378896243055e+00 ]
T: !!opencv-matrix
   rows: 3
   cols: 1
   dt: d
   data: [ -2.6456741452879118e+02, 1.1670479645806686e+00,
       1.0723891870523412e+00 ]
E: !!opencv-matrix
   rows: 0
   cols: 0
   dt: u
   data: []
F: !!opencv-matrix
   rows: 0
   cols: 0
   dt: u
   data: []
K1: !!opencv-matrix
   rows: 3
   cols: 3
   dt: d
   data: [ 3.6627756984521932e+02, 0., 3.8060969928433269e+02, 0.,
       3.6653175179255015e+02, 2.3878059668569790e+02, 0., 0., 1. ]
D1: !!opencv-matrix
   rows: 5
   cols: 1
   dt: d
   data: [ -2.1859934914563901e-02, -9.9468572971318997e-04,
       1.6448003429794193e-03, -3.1164985765511365e-04,
       3.5195408316194161e-04 ]
P1: !!opencv-matrix
   rows: 3
   cols: 4
   dt: f
   data: [ 3.58597321e+02, 0., 3.82387238e+02, 0., 0., 3.58597321e+02,
       2.31849487e+02, 0., 0., 0., 1., 0. ]
R1: !!opencv-matrix
   rows: 3
   cols: 3
   dt: f
   data: [ 9.99958456e-01, 5.41081466e-03, -7.33816205e-03,
       -5.37702860e-03, 9.99974906e-01, 4.61613713e-03, 7.36295478e-03,
       -4.57648793e-03, 9.99962449e-01 ]
K2: !!opencv-matrix
   rows: 3
   cols: 3
   dt: d
   data: [ 3.6687495098581172e+02, 0., 3.7621769200552956e+02, 0.,
       3.6726361788508825e+02, 2.2399932895774910e+02, 0., 0., 1. ]
D2: !!opencv-matrix
   rows: 5
   cols: 1
   dt: d
   data: [ -2.2201337830972428e-02, -1.1445843221826492e-03,
       2.9199201696882579e-04, -7.1705872414221615e-04,
       5.1284674356775366e-04 ]
P2: !!opencv-matrix
   rows: 3
   cols: 4
   dt: f
   data: [ 3.58597321e+02, 0., 3.82387238e+02, -9.44913359e+04, 0.,
       3.58597321e+02, 2.31849487e+02, 0., 0., 0., 1., 0. ]
R2: !!opencv-matrix
   rows: 3
   cols: 3
   dt: f
   data: [ 9.99982059e-01, -4.41107620e-03, -4.05329559e-03,
       4.39239899e-03, 9.99979734e-01, -4.60528303e-03, 4.07352764e-03,
       4.58739651e-03, 9.99981165e-01 ]
