%YAML:1.0
---
Q: !!opencv-matrix
   rows: 4
   cols: 4
   dt: f
   data: [ 1., 0., 0., -3.82353668e+02, 0., 1., 0., -2.31849960e+02, 0.,
       0., 0., 3.58603577e+02, 0., 0., 3.66081391e-03, 0. ]
R: !!opencv-matrix
   rows: 3
   cols: 3
   dt: d
   data: [ 1.0111025827401166e+00, 9.2577753379328703e-03,
       -2.8101297389092859e-03, -9.7932808322984156e-03,
       1.0112468226157001e+00, -2.5968921795487283e-02,
       3.2829704665495603e-03, 2.6000381874428415e-02,
       1.0112831229045676e+00 ]
T: !!opencv-matrix
   rows: 3
   cols: 1
   dt: d
   data: [ -2.7677096082085490e+02, 1.2210731460106414e+00,
       1.1218612306672380e+00 ]
E: !!opencv-matrix
   rows: 0
   cols: 0
   dt: u
   data: []
F: !!opencv-matrix
   rows: 0
   cols: 0
   dt: u
   data: []
K1: !!opencv-matrix
   rows: 3
   cols: 3
   dt: d
   data: [ 3.6627756984521932e+02, 0., 3.8060969928433269e+02, 0.,
       3.6653175179255015e+02, 2.3878059668569790e+02, 0., 0., 1. ]
D1: !!opencv-matrix
   rows: 5
   cols: 1
   dt: d
   data: [ -2.1859934914563901e-02, -9.9468572971318997e-04,
       1.6448003429794193e-03, -3.1164985765511365e-04,
       3.5195408316194161e-04 ]
P1: !!opencv-matrix
   rows: 3
   cols: 4
   dt: f
   data: [ 3.58603577e+02, 0., 3.82353668e+02, 0., 0., 3.58603577e+02,
       2.31849960e+02, 0., 0., 0., 1., 0. ]
R1: !!opencv-matrix
   rows: 3
   cols: 3
   dt: f
   data: [ 9.99959469e-01, 5.33160055e-03, -7.25249527e-03,
       -5.29820891e-03, 9.99975324e-01, 4.61559137e-03, 7.27692479e-03,
       -4.57697921e-03, 9.99963045e-01 ]
K2: !!opencv-matrix
   rows: 3
   cols: 3
   dt: d
   data: [ 3.6687495098581172e+02, 0., 3.7621769200552956e+02, 0.,
       3.6726361788508825e+02, 2.2399932895774910e+02, 0., 0., 1. ]
D2: !!opencv-matrix
   rows: 5
   cols: 1
   dt: d
   data: [ -2.2201337830972428e-02, -1.1445843221826492e-03,
       2.9199201696882579e-04, -7.1705872414221615e-04,
       5.1284674356775366e-04 ]
P2: !!opencv-matrix
   rows: 3
   cols: 4
   dt: f
   data: [ 3.58603577e+02, 0., 3.82353668e+02, -9.79573359e+04, 0.,
       3.58603577e+02, 2.31849960e+02, 0., 0., 0., 1., 0. ]
R2: !!opencv-matrix
   rows: 3
   cols: 3
   dt: f
   data: [ 9.99982059e-01, -4.41107620e-03, -4.05329559e-03,
       4.39239899e-03, 9.99979734e-01, -4.60525416e-03, 4.07352764e-03,
       4.58736811e-03, 9.99981165e-01 ]
