%YAML:1.0
---
Q: !!opencv-matrix
   rows: 4
   cols: 4
   dt: f
   data: [ 1., 0., 0., -3.68757019e+02, 0., 1., 0., -2.31896393e+02, 0.,
       0., 0., 3.53865967e+02, 0., 0., 3.38822370e-03, 0. ]
R: !!opencv-matrix
   rows: 3
   cols: 3
   dt: d
   data: [ 1.0111377251154885e+00, 9.6917098059300742e-03,
       3.1765163228466002e-02, -8.8836737956752548e-03,
       1.0112979522169623e+00, -2.6293100132669871e-02,
       -3.2016044852705358e-02, 2.5999970608900455e-02,
       1.0108375226782600e+00 ]
T: !!opencv-matrix
   rows: 3
   cols: 1
   dt: d
   data: [ -2.9650092728504416e+02, 1.3080664145633951e+00,
       1.2020043535496996e+00 ]
E: !!opencv-matrix
   rows: 0
   cols: 0
   dt: u
   data: []
F: !!opencv-matrix
   rows: 0
   cols: 0
   dt: u
   data: []
K1: !!opencv-matrix
   rows: 3
   cols: 3
   dt: d
   data: [ 3.6627756984521932e+02, 0., 3.8060969928433269e+02, 0.,
       3.6653175179255015e+02, 2.3878059668569790e+02, 0., 0., 1. ]
D1: !!opencv-matrix
   rows: 5
   cols: 1
   dt: d
   data: [ -2.1859934914563901e-02, -9.9468572971318997e-04,
       1.6448003429794193e-03, -3.1164985765511365e-04,
       3.5195408316194161e-04 ]
P1: !!opencv-matrix
   rows: 3
   cols: 4
   dt: f
   data: [ 3.53865967e+02, 0., 3.68757019e+02, 0., 0., 3.53865967e+02,
       2.31896393e+02, 0., 0., 0., 1., 0. ]
R1: !!opencv-matrix
   rows: 3
   cols: 3
   dt: f
   data: [ 9.99610007e-01, 5.06990263e-03, 2.74612233e-02,
       -4.71519120e-03, 9.99904811e-01, -1.29661933e-02, -2.75243465e-02,
       1.28316516e-02, 9.99538779e-01 ]
K2: !!opencv-matrix
   rows: 3
   cols: 3
   dt: d
   data: [ 3.6687495098581172e+02, 0., 3.7621769200552956e+02, 0.,
       3.6726361788508825e+02, 2.2399932895774910e+02, 0., 0., 1. ]
D2: !!opencv-matrix
   rows: 5
   cols: 1
   dt: d
   data: [ -2.2201337830972428e-02, -1.1445843221826492e-03,
       2.9199201696882579e-04, -7.1705872414221615e-04,
       5.1284674356775366e-04 ]
P2: !!opencv-matrix
   rows: 3
   cols: 4
   dt: f
   data: [ 3.53865967e+02, 0., 3.68757019e+02, -1.04439969e+05, 0.,
       3.53865967e+02, 2.31896393e+02, 0., 0., 0., 1., 0. ]
R2: !!opencv-matrix
   rows: 3
   cols: 3
   dt: f
   data: [ 9.99982059e-01, -4.41159820e-03, -4.05389210e-03,
       4.46352735e-03, 9.99906957e-01, 1.28911911e-02, 3.99664417e-03,
       -1.29090538e-02, 9.99908686e-01 ]
