%YAML:1.0
---
Q: !!opencv-matrix
   rows: 4
   cols: 4
   dt: f
   data: [ 1., 0., 0., -3.68799072e+02, 0., 1., 0., -2.31740936e+02, 0.,
       0., 0., 3.66531921e+02, 0., 0., 3.26507888e-03, 0. ]
R: !!opencv-matrix
   rows: 3
   cols: 3
   dt: d
   data: [ 1.0109891951201739e+00, -2.5544065087302073e-02,
       3.1745028949325904e-02, 2.6420712333558766e-02,
       1.0111798946227490e+00, -2.6297884036696390e-02,
       -3.1094697033980403e-02, 2.7106227096349370e-02,
       1.0110258609601672e+00 ]
T: !!opencv-matrix
   rows: 3
   cols: 1
   dt: d
   data: [ -3.0722276869927907e+02, 1.3553845633791710e+00,
       1.2455812363861125e+00 ]
E: !!opencv-matrix
   rows: 0
   cols: 0
   dt: u
   data: []
F: !!opencv-matrix
   rows: 0
   cols: 0
   dt: u
   data: []
K1: !!opencv-matrix
   rows: 3
   cols: 3
   dt: d
   data: [ 3.6627756984521932e+02, 0., 3.8060969928433269e+02, 0.,
       3.6653175179255015e+02, 2.3878059668569790e+02, 0., 0., 1. ]
D1: !!opencv-matrix
   rows: 5
   cols: 1
   dt: d
   data: [ -2.1859934914563901e-02, -9.9468572971318997e-04,
       1.6448003429794193e-03, -3.1164985765511365e-04,
       3.5195408316194161e-04 ]
P1: !!opencv-matrix
   rows: 3
   cols: 4
   dt: f
   data: [ 3.66531921e+02, 0., 3.68799072e+02, 0., 0., 3.66531921e+02,
       2.31740936e+02, 0., 0., 0., 1., 0. ]
R1: !!opencv-matrix
   rows: 3
   cols: 3
   dt: f
   data: [ 9.99179482e-01, -2.97706202e-02, 2.74594147e-02,
       3.01289260e-02, 9.99464989e-01, -1.27283204e-02, -2.70657931e-02,
       1.35452002e-02, 9.99541879e-01 ]
K2: !!opencv-matrix
   rows: 3
   cols: 3
   dt: d
   data: [ 3.6687495098581172e+02, 0., 3.7621769200552956e+02, 0.,
       3.6726361788508825e+02, 2.2399932895774910e+02, 0., 0., 1. ]
D2: !!opencv-matrix
   rows: 5
   cols: 1
   dt: d
   data: [ -2.2201337830972428e-02, -1.1445843221826492e-03,
       2.9199201696882579e-04, -7.1705872414221615e-04,
       5.1284674356775366e-04 ]
P2: !!opencv-matrix
   rows: 3
   cols: 4
   dt: f
   data: [ 3.66531921e+02, 0., 3.68799072e+02, -1.12258211e+05, 0.,
       3.66531921e+02, 2.31740936e+02, 0., 0., 0., 1., 0. ]
R2: !!opencv-matrix
   rows: 3
   cols: 3
   dt: f
   data: [ 9.99982059e-01, -4.41165315e-03, -4.05425299e-03,
       4.46454296e-03, 9.99903798e-01, 1.31304646e-02, 3.99593636e-03,
       -1.31483292e-02, 9.99905586e-01 ]
