%YAML:1.0
---
Q: !!opencv-matrix
   rows: 4
   cols: 4
   dt: f
   data: [ 1., 0., 0., -3.82267059e+02, 0., 1., 0., -2.31849350e+02, 0.,
       0., 0., 3.59850555e+02, 0., 0., 3.61303100e-03, 0. ]
R: !!opencv-matrix
   rows: 3
   cols: 3
   dt: d
   data: [ 1.0111654335940885e+00, 9.3314424595353964e-03,
       -2.9629659171440505e-03, -9.7933961091358403e-03,
       1.0112157721954800e+00, -2.5967458129627134e-02,
       3.2824914417329287e-03, 2.5999292177233544e-02,
       1.0112530174758558e+00 ]
T: !!opencv-matrix
   rows: 3
   cols: 1
   dt: d
   data: [ -2.7733460733089032e+02, 1.2235598807034593e+00,
       1.1241459354504861e+00 ]
E: !!opencv-matrix
   rows: 0
   cols: 0
   dt: u
   data: []
F: !!opencv-matrix
   rows: 0
   cols: 0
   dt: u
   data: []
K1: !!opencv-matrix
   rows: 3
   cols: 3
   dt: d
   data: [ 3.6627756984521932e+02, 0., 3.8060969928433269e+02, 0.,
       3.6653175179255015e+02, 2.3878059668569790e+02, 0., 0., 1. ]
D1: !!opencv-matrix
   rows: 5
   cols: 1
   dt: d
   data: [ -2.1859934914563901e-02, -9.9468572971318997e-04,
       1.6448003429794193e-03, -3.1164985765511365e-04,
       3.5195408316194161e-04 ]
P1: !!opencv-matrix
   rows: 3
   cols: 4
   dt: f
   data: [ 3.59850555e+02, 0., 3.82267059e+02, 0., 0., 3.59850555e+02,
       2.31849350e+02, 0., 0., 0., 1., 0. ]
R1: !!opencv-matrix
   rows: 3
   cols: 3
   dt: f
   data: [ 9.99963164e-01, 4.86052502e-03, -7.07473187e-03,
       -4.95107984e-03, 9.99905348e-01, -1.28390407e-02, 7.01165758e-03,
       1.28735946e-02, 9.99892533e-01 ]
K2: !!opencv-matrix
   rows: 3
   cols: 3
   dt: d
   data: [ 3.6687495098581172e+02, 0., 3.7621769200552956e+02, 0.,
       3.6726361788508825e+02, 2.2399932895774910e+02, 0., 0., 1. ]
D2: !!opencv-matrix
   rows: 5
   cols: 1
   dt: d
   data: [ -2.2201337830972428e-02, -1.1445843221826492e-03,
       2.9199201696882579e-04, -7.1705872414221615e-04,
       5.1284674356775366e-04 ]
P2: !!opencv-matrix
   rows: 3
   cols: 4
   dt: f
   data: [ 3.59850555e+02, 0., 3.82267059e+02, -9.95979766e+04, 0.,
       3.59850555e+02, 2.31849350e+02, 0., 0., 0., 1., 0. ]
R2: !!opencv-matrix
   rows: 3
   cols: 3
   dt: f
   data: [ 9.99982059e-01, -4.41177515e-03, -4.05331934e-03,
       4.46352176e-03, 9.99907494e-01, 1.28474478e-02, 3.99626419e-03,
       -1.28653096e-02, 9.99909282e-01 ]
