%YAML:1.0
---
Q: !!opencv-matrix
   rows: 4
   cols: 4
   dt: f
   data: [ 1., 0., 0., -3.82414001e+02, 0., 1., 0., -2.31848999e+02, 0.,
       0., 0., 3.58584869e+02, 0., 0., 3.81671125e-03, 0. ]
R: !!opencv-matrix
   rows: 3
   cols: 3
   dt: d
   data: [ 1.0105737052647952e+00, 1.0050216929404956e-02,
       -3.4463872198212484e-03, -9.7879993872946932e-03,
       1.0109830300354985e+00, 9.3380940448210496e-03,
       3.2811556750612378e-03, -9.3065891019475707e-03,
       1.0110274325740691e+00 ]
T: !!opencv-matrix
   rows: 3
   cols: 1
   dt: d
   data: [ -2.6263531366633157e+02, 1.1585251769619263e+00,
       1.0645576955418801e+00 ]
E: !!opencv-matrix
   rows: 0
   cols: 0
   dt: u
   data: []
F: !!opencv-matrix
   rows: 0
   cols: 0
   dt: u
   data: []
K1: !!opencv-matrix
   rows: 3
   cols: 3
   dt: d
   data: [ 3.6627756984521932e+02, 0., 3.8060969928433269e+02, 0.,
       3.6653175179255015e+02, 2.3878059668569790e+02, 0., 0., 1. ]
D1: !!opencv-matrix
   rows: 5
   cols: 1
   dt: d
   data: [ -2.1859934914563901e-02, -9.9468572971318997e-04,
       1.6448003429794193e-03, -3.1164985765511365e-04,
       3.5195408316194161e-04 ]
P1: !!opencv-matrix
   rows: 3
   cols: 4
   dt: f
   data: [ 3.58584869e+02, 0., 3.82414001e+02, 0., 0., 3.58584869e+02,
       2.31848999e+02, 0., 0., 0., 1., 0. ]
R1: !!opencv-matrix
   rows: 3
   cols: 3
   dt: f
   data: [ 9.99957442e-01, 5.50150452e-03, -7.40629667e-03,
       -5.46740368e-03, 9.99974370e-01, 4.61672898e-03, 7.43150618e-03,
       -4.57603950e-03, 9.99961913e-01 ]
K2: !!opencv-matrix
   rows: 3
   cols: 3
   dt: d
   data: [ 3.6687495098581172e+02, 0., 3.7621769200552956e+02, 0.,
       3.6726361788508825e+02, 2.2399932895774910e+02, 0., 0., 1. ]
D2: !!opencv-matrix
   rows: 5
   cols: 1
   dt: d
   data: [ -2.2201337830972428e-02, -1.1445843221826492e-03,
       2.9199201696882579e-04, -7.1705872414221615e-04,
       5.1284674356775366e-04 ]
P2: !!opencv-matrix
   rows: 3
   cols: 4
   dt: f
   data: [ 3.58584869e+02, 0., 3.82414001e+02, -9.39512656e+04, 0.,
       3.58584869e+02, 2.31848999e+02, 0., 0., 0., 1., 0. ]
R2: !!opencv-matrix
   rows: 3
   cols: 3
   dt: f
   data: [ 9.99982059e-01, -4.41107620e-03, -4.05329559e-03,
       4.39239899e-03, 9.99979734e-01, -4.60535567e-03, 4.07352811e-03,
       4.58746962e-03, 9.99981165e-01 ]
