%YAML:1.0
---
Q: !!opencv-matrix
   rows: 4
   cols: 4
   dt: f
   data: [ 1., 0., 0., -3.68800903e+02, 0., 1., 0., -2.31740906e+02, 0.,
       0., 0., 3.66531738e+02, 0., 0., 3.25490860e-03, 0. ]
R: !!opencv-matrix
   rows: 3
   cols: 3
   dt: d
   data: [ 1.0109910188575144e+00, -2.5575195195904787e-02,
       3.1748934021596141e-02, 2.6420107927652505e-02,
       1.0111605066377300e+00, -2.6297396115381448e-02,
       -3.1094183095748310e-02, 2.7105831843315685e-02,
       1.0110063181175355e+00 ]
T: !!opencv-matrix
   rows: 3
   cols: 1
   dt: d
   data: [ -3.0847666077183106e+02, 1.3609164000244642e+00,
       1.2506649255550470e+00 ]
E: !!opencv-matrix
   rows: 0
   cols: 0
   dt: u
   data: []
F: !!opencv-matrix
   rows: 0
   cols: 0
   dt: u
   data: []
K1: !!opencv-matrix
   rows: 3
   cols: 3
   dt: d
   data: [ 3.6627756984521932e+02, 0., 3.8060969928433269e+02, 0.,
       3.6653175179255015e+02, 2.3878059668569790e+02, 0., 0., 1. ]
D1: !!opencv-matrix
   rows: 5
   cols: 1
   dt: d
   data: [ -2.1859934914563901e-02, -9.9468572971318997e-04,
       1.6448003429794193e-03, -3.1164985765511365e-04,
       3.5195408316194161e-04 ]
P1: !!opencv-matrix
   rows: 3
   cols: 4
   dt: f
   data: [ 3.66531738e+02, 0., 3.68800903e+02, 0., 0., 3.66531738e+02,
       2.31740906e+02, 0., 0., 0., 1., 0. ]
R1: !!opencv-matrix
   rows: 3
   cols: 3
   dt: f
   data: [ 9.99179184e-01, -2.97850166e-02, 2.74547748e-02,
       3.01432554e-02, 9.99464571e-01, -1.27280606e-02, -2.70609688e-02,
       1.35451900e-02, 9.99541998e-01 ]
K2: !!opencv-matrix
   rows: 3
   cols: 3
   dt: d
   data: [ 3.6687495098581172e+02, 0., 3.7621769200552956e+02, 0.,
       3.6726361788508825e+02, 2.2399932895774910e+02, 0., 0., 1. ]
D2: !!opencv-matrix
   rows: 5
   cols: 1
   dt: d
   data: [ -2.2201337830972428e-02, -1.1445843221826492e-03,
       2.9199201696882579e-04, -7.1705872414221615e-04,
       5.1284674356775366e-04 ]
P2: !!opencv-matrix
   rows: 3
   cols: 4
   dt: f
   data: [ 3.66531738e+02, 0., 3.68800903e+02, -1.12608922e+05, 0.,
       3.66531738e+02, 2.31740906e+02, 0., 0., 0., 1., 0. ]
R2: !!opencv-matrix
   rows: 3
   cols: 3
   dt: f
   data: [ 9.99982059e-01, -4.41165315e-03, -4.05425299e-03,
       4.46454249e-03, 9.99903798e-01, 1.31303305e-02, 3.99593683e-03,
       -1.31481951e-02, 9.99905586e-01 ]
