%YAML:1.0
---
Q: !!opencv-matrix
   rows: 4
   cols: 4
   dt: f
   data: [ 1., 0., 0., -3.68755127e+02, 0., 1., 0., -2.31896408e+02, 0.,
       0., 0., 3.53864502e+02, 0., 0., 3.36176436e-03, 0. ]
R: !!opencv-matrix
   rows: 3
   cols: 3
   dt: d
   data: [ 1.0111112434676890e+00, 9.6872962407446618e-03,
       3.1760044400020476e-02, -8.8834583047485548e-03,
       1.0112754113269800e+00, -2.6292494145974545e-02,
       -3.2015314743492111e-02, 2.5999407633653260e-02,
       1.0108149914207900e+00 ]
T: !!opencv-matrix
   rows: 3
   cols: 1
   dt: d
   data: [ -2.9848127138110738e+02, 1.3168030536138611e+00,
       1.2100325988394067e+00 ]
E: !!opencv-matrix
   rows: 0
   cols: 0
   dt: u
   data: []
F: !!opencv-matrix
   rows: 0
   cols: 0
   dt: u
   data: []
K1: !!opencv-matrix
   rows: 3
   cols: 3
   dt: d
   data: [ 3.6627756984521932e+02, 0., 3.8060969928433269e+02, 0.,
       3.6653175179255015e+02, 2.3878059668569790e+02, 0., 0., 1. ]
D1: !!opencv-matrix
   rows: 5
   cols: 1
   dt: d
   data: [ -2.1859934914563901e-02, -9.9468572971318997e-04,
       1.6448003429794193e-03, -3.1164985765511365e-04,
       3.5195408316194161e-04 ]
P1: !!opencv-matrix
   rows: 3
   cols: 4
   dt: f
   data: [ 3.53864502e+02, 0., 3.68755127e+02, 0., 0., 3.53864502e+02,
       2.31896408e+02, 0., 0., 0., 1., 0. ]
R1: !!opencv-matrix
   rows: 3
   cols: 3
   dt: f
   data: [ 9.99609888e-01, 5.07262209e-03, 2.74660494e-02,
       -4.71784826e-03, 9.99904811e-01, -1.29662538e-02, -2.75292080e-02,
       1.28316144e-02, 9.99538660e-01 ]
K2: !!opencv-matrix
   rows: 3
   cols: 3
   dt: d
   data: [ 3.6687495098581172e+02, 0., 3.7621769200552956e+02, 0.,
       3.6726361788508825e+02, 2.2399932895774910e+02, 0., 0., 1. ]
D2: !!opencv-matrix
   rows: 5
   cols: 1
   dt: d
   data: [ -2.2201337830972428e-02, -1.1445843221826492e-03,
       2.9199201696882579e-04, -7.1705872414221615e-04,
       5.1284674356775366e-04 ]
P2: !!opencv-matrix
   rows: 3
   cols: 4
   dt: f
   data: [ 3.53864502e+02, 0., 3.68755127e+02, -1.05261539e+05, 0.,
       3.53864502e+02, 2.31896408e+02, 0., 0., 0., 1., 0. ]
R2: !!opencv-matrix
   rows: 3
   cols: 3
   dt: f
   data: [ 9.99982059e-01, -4.41159820e-03, -4.05389210e-03,
       4.46352735e-03, 9.99906957e-01, 1.28912032e-02, 3.99664417e-03,
       -1.29090659e-02, 9.99908686e-01 ]
