%YAML:1.0
---
Q: !!opencv-matrix
   rows: 4
   cols: 4
   dt: f
   data: [ 1., 0., 0., -3.82407410e+02, 0., 1., 0., -2.31848007e+02, 0.,
       0., 0., 3.59856018e+02, 0., 0., 3.51455109e-03, 0. ]
R: !!opencv-matrix
   rows: 3
   cols: 3
   dt: d
   data: [ 1.0113254972031809e+00, 9.6872329449615695e-03,
       -3.5452739964172936e-03, -9.7929696717391299e-03,
       1.0109994042008648e+00, -2.5959370620154631e-02,
       3.2802748324011729e-03, 2.5992319545569863e-02,
       1.0110405828784521e+00 ]
T: !!opencv-matrix
   rows: 3
   cols: 1
   dt: d
   data: [ -2.8675874767137816e+02, 1.2651378247134761e+00,
       1.1623457040026326e+00 ]
E: !!opencv-matrix
   rows: 0
   cols: 0
   dt: u
   data: []
F: !!opencv-matrix
   rows: 0
   cols: 0
   dt: u
   data: []
K1: !!opencv-matrix
   rows: 3
   cols: 3
   dt: d
   data: [ 3.6627756984521932e+02, 0., 3.8060969928433269e+02, 0.,
       3.6653175179255015e+02, 2.3878059668569790e+02, 0., 0., 1. ]
D1: !!opencv-matrix
   rows: 5
   cols: 1
   dt: d
   data: [ -2.1859934914563901e-02, -9.9468572971318997e-04,
       1.6448003429794193e-03, -3.1164985765511365e-04,
       3.5195408316194161e-04 ]
P1: !!opencv-matrix
   rows: 3
   cols: 4
   dt: f
   data: [ 3.59856018e+02, 0., 3.82407410e+02, 0., 0., 3.59856018e+02,
       2.31848007e+02, 0., 0., 0., 1., 0. ]
R1: !!opencv-matrix
   rows: 3
   cols: 3
   dt: f
   data: [ 9.99959469e-01, 5.07498486e-03, -7.43406219e-03,
       -5.17014274e-03, 9.99904215e-01, -1.28374007e-02, 7.36820046e-03,
       1.28753157e-02, 9.99889970e-01 ]
K2: !!opencv-matrix
   rows: 3
   cols: 3
   dt: d
   data: [ 3.6687495098581172e+02, 0., 3.7621769200552956e+02, 0.,
       3.6726361788508825e+02, 2.2399932895774910e+02, 0., 0., 1. ]
D2: !!opencv-matrix
   rows: 5
   cols: 1
   dt: d
   data: [ -2.2201337830972428e-02, -1.1445843221826492e-03,
       2.9199201696882579e-04, -7.1705872414221615e-04,
       5.1284674356775366e-04 ]
P2: !!opencv-matrix
   rows: 3
   cols: 4
   dt: f
   data: [ 3.59856018e+02, 0., 3.82407410e+02, -1.02390320e+05, 0.,
       3.59856018e+02, 2.31848007e+02, 0., 0., 0., 1., 0. ]
R2: !!opencv-matrix
   rows: 3
   cols: 3
   dt: f
   data: [ 9.99982059e-01, -4.41177515e-03, -4.05331934e-03,
       4.46352223e-03, 9.99907494e-01, 1.28474999e-02, 3.99626419e-03,
       -1.28653618e-02, 9.99909282e-01 ]
