%YAML:1.0
---
Q: !!opencv-matrix
   rows: 4
   cols: 4
   dt: f
   data: [ 1., 0., 0., -3.82383148e+02, 0., 1., 0., -2.31848343e+02, 0.,
       0., 0., 3.59860748e+02, 0., 0., 3.57375899e-03, 0. ]
R: !!opencv-matrix
   rows: 3
   cols: 3
   dt: d
   data: [ 1.0113916466679012e+00, 9.6924192313150980e-03,
       -3.5354050542988347e-03, -9.7936499472379718e-03,
       1.0110730470203197e+00, -2.5961306729907145e-02,
       3.2805443869189880e-03, 2.5994195215030710e-02,
       1.0111142074156492e+00 ]
T: !!opencv-matrix
   rows: 3
   cols: 1
   dt: d
   data: [ -2.8123083669680364e+02, 1.2407494866690365e+00,
       1.1399389119280117e+00 ]
E: !!opencv-matrix
   rows: 0
   cols: 0
   dt: u
   data: []
F: !!opencv-matrix
   rows: 0
   cols: 0
   dt: u
   data: []
K1: !!opencv-matrix
   rows: 3
   cols: 3
   dt: d
   data: [ 3.6627756984521932e+02, 0., 3.8060969928433269e+02, 0.,
       3.6653175179255015e+02, 2.3878059668569790e+02, 0., 0., 1. ]
D1: !!opencv-matrix
   rows: 5
   cols: 1
   dt: d
   data: [ -2.1859934914563901e-02, -9.9468572971318997e-04,
       1.6448003429794193e-03, -3.1164985765511365e-04,
       3.5195408316194161e-04 ]
P1: !!opencv-matrix
   rows: 3
   cols: 4
   dt: f
   data: [ 3.59860748e+02, 0., 3.82383148e+02, 0., 0., 3.59860748e+02,
       2.31848343e+02, 0., 0., 0., 1., 0. ]
R1: !!opencv-matrix
   rows: 3
   cols: 3
   dt: f
   data: [ 9.99960244e-01, 5.01592597e-03, -7.37193041e-03,
       -5.11028944e-03, 9.99904513e-01, -1.28378114e-02, 7.30683329e-03,
       1.28749739e-02, 9.99890387e-01 ]
K2: !!opencv-matrix
   rows: 3
   cols: 3
   dt: d
   data: [ 3.6687495098581172e+02, 0., 3.7621769200552956e+02, 0.,
       3.6726361788508825e+02, 2.2399932895774910e+02, 0., 0., 1. ]
D2: !!opencv-matrix
   rows: 5
   cols: 1
   dt: d
   data: [ -2.2201337830972428e-02, -1.1445843221826492e-03,
       2.9199201696882579e-04, -7.1705872414221615e-04,
       5.1284674356775366e-04 ]
P2: !!opencv-matrix
   rows: 3
   cols: 4
   dt: f
   data: [ 3.59860748e+02, 0., 3.82383148e+02, -1.00695305e+05, 0.,
       3.59860748e+02, 2.31848343e+02, 0., 0., 0., 1., 0. ]
R2: !!opencv-matrix
   rows: 3
   cols: 3
   dt: f
   data: [ 9.99982059e-01, -4.41177515e-03, -4.05331934e-03,
       4.46352223e-03, 9.99907494e-01, 1.28475316e-02, 3.99626419e-03,
       -1.28653934e-02, 9.99909222e-01 ]
