%YAML:1.0
---
Q: !!opencv-matrix
   rows: 4
   cols: 4
   dt: f
   data: [ 1., 0., 0., -3.68953674e+02, 0., 1., 0., -2.31895187e+02, 0.,
       0., 0., 3.53974243e+02, 0., 0., 3.46315023e-03, 0. ]
R: !!opencv-matrix
   rows: 3
   cols: 3
   dt: d
   data: [ 1.0120594675722014e+00, 9.6744676173963848e-03,
       3.1399176135411620e-02, -8.8869770900353601e-03,
       1.0111235282818964e+00, -2.6286972997353244e-02,
       -3.2014964684533950e-02, 2.5995547608696372e-02,
       1.0106645709832862e+00 ]
T: !!opencv-matrix
   rows: 3
   cols: 1
   dt: d
   data: [ -2.9163191979009451e+02, 1.2865859159924280e+00,
       1.1822655449362525e+00 ]
E: !!opencv-matrix
   rows: 0
   cols: 0
   dt: u
   data: []
F: !!opencv-matrix
   rows: 0
   cols: 0
   dt: u
   data: []
K1: !!opencv-matrix
   rows: 3
   cols: 3
   dt: d
   data: [ 3.6627756984521932e+02, 0., 3.8060969928433269e+02, 0.,
       3.6653175179255015e+02, 2.3878059668569790e+02, 0., 0., 1. ]
D1: !!opencv-matrix
   rows: 5
   cols: 1
   dt: d
   data: [ -2.1859934914563901e-02, -9.9468572971318997e-04,
       1.6448003429794193e-03, -3.1164985765511365e-04,
       3.5195408316194161e-04 ]
P1: !!opencv-matrix
   rows: 3
   cols: 4
   dt: f
   data: [ 3.53974243e+02, 0., 3.68953674e+02, 0., 0., 3.53974243e+02,
       2.31895187e+02, 0., 0., 0., 1., 0. ]
R1: !!opencv-matrix
   rows: 3
   cols: 3
   dt: f
   data: [ 9.99624133e-01, 4.98257251e-03, 2.69596577e-02,
       -4.63433936e-03, 9.99905229e-01, -1.29639348e-02, -2.70216968e-02,
       1.28341215e-02, 9.99552429e-01 ]
K2: !!opencv-matrix
   rows: 3
   cols: 3
   dt: d
   data: [ 3.6687495098581172e+02, 0., 3.7621769200552956e+02, 0.,
       3.6726361788508825e+02, 2.2399932895774910e+02, 0., 0., 1. ]
D2: !!opencv-matrix
   rows: 5
   cols: 1
   dt: d
   data: [ -2.2201337830972428e-02, -1.1445843221826492e-03,
       2.9199201696882579e-04, -7.1705872414221615e-04,
       5.1284674356775366e-04 ]
P2: !!opencv-matrix
   rows: 3
   cols: 4
   dt: f
   data: [ 3.53974243e+02, 0., 3.68953674e+02, -1.02211633e+05, 0.,
       3.53974243e+02, 2.31895187e+02, 0., 0., 0., 1., 0. ]
R2: !!opencv-matrix
   rows: 3
   cols: 3
   dt: f
   data: [ 9.99982059e-01, -4.41159820e-03, -4.05389257e-03,
       4.46352735e-03, 9.99906957e-01, 1.28912507e-02, 3.99664417e-03,
       -1.29091144e-02, 9.99908686e-01 ]
