%YAML:1.0
---
Q: !!opencv-matrix
   rows: 4
   cols: 4
   dt: f
   data: [ 1., 0., 0., -3.68795593e+02, 0., 1., 0., -2.31740662e+02, 0.,
       0., 0., 3.66540222e+02, 0., 0., 3.13166319e-03, 0. ]
R: !!opencv-matrix
   rows: 3
   cols: 3
   dt: d
   data: [ 1.0108545114306187e+00, -2.5602773212712582e-02,
       3.1769508598627025e-02, 2.6415505672374322e-02,
       1.0109902285140164e+00, -2.6293078398574858e-02,
       -3.1089079892230646e-02, 2.7101392724900138e-02,
       1.0108358201622296e+00 ]
T: !!opencv-matrix
   rows: 3
   cols: 1
   dt: d
   data: [ -3.2292770217712933e+02, 1.4246706042024169e+00,
       1.3092544826021424e+00 ]
E: !!opencv-matrix
   rows: 0
   cols: 0
   dt: u
   data: []
F: !!opencv-matrix
   rows: 0
   cols: 0
   dt: u
   data: []
K1: !!opencv-matrix
   rows: 3
   cols: 3
   dt: d
   data: [ 3.6627756984521932e+02, 0., 3.8060969928433269e+02, 0.,
       3.6653175179255015e+02, 2.3878059668569790e+02, 0., 0., 1. ]
D1: !!opencv-matrix
   rows: 5
   cols: 1
   dt: d
   data: [ -2.1859934914563901e-02, -9.9468572971318997e-04,
       1.6448003429794193e-03, -3.1164985765511365e-04,
       3.5195408316194161e-04 ]
P1: !!opencv-matrix
   rows: 3
   cols: 4
   dt: f
   data: [ 3.66540222e+02, 0., 3.68795593e+02, 0., 0., 3.66540222e+02,
       2.31740662e+02, 0., 0., 0., 1., 0. ]
R1: !!opencv-matrix
   rows: 3
   cols: 3
   dt: f
   data: [ 9.99177933e-01, -2.98160408e-02, 2.74684224e-02,
       3.01744528e-02, 9.99463618e-01, -1.27273165e-02, -2.70742103e-02,
       1.35456985e-02, 9.99541640e-01 ]
K2: !!opencv-matrix
   rows: 3
   cols: 3
   dt: d
   data: [ 3.6687495098581172e+02, 0., 3.7621769200552956e+02, 0.,
       3.6726361788508825e+02, 2.2399932895774910e+02, 0., 0., 1. ]
D2: !!opencv-matrix
   rows: 5
   cols: 1
   dt: d
   data: [ -2.2201337830972428e-02, -1.1445843221826492e-03,
       2.9199201696882579e-04, -7.1705872414221615e-04,
       5.1284674356775366e-04 ]
P2: !!opencv-matrix
   rows: 3
   cols: 4
   dt: f
   data: [ 3.66540222e+02, 0., 3.68795593e+02, -1.17043313e+05, 0.,
       3.66540222e+02, 2.31740662e+02, 0., 0., 0., 1., 0. ]
R2: !!opencv-matrix
   rows: 3
   cols: 3
   dt: f
   data: [ 9.99982059e-01, -4.41165315e-03, -4.05425299e-03,
       4.46454203e-03, 9.99903858e-01, 1.31302169e-02, 3.99593730e-03,
       -1.31480815e-02, 9.99905586e-01 ]
