%YAML:1.0
---
Q: !!opencv-matrix
   rows: 4
   cols: 4
   dt: f
   data: [ 1., 0., 0., -3.82356598e+02, 0., 1., 0., -2.31848633e+02, 0.,
       0., 0., 3.59861603e+02, 0., 0., 3.58745176e-03, 0. ]
R: !!opencv-matrix
   rows: 3
   cols: 3
   dt: d
   data: [ 1.0113408100804502e+00, 9.5727514920714279e-03,
       -3.4136082002121978e-03, -9.7936400205603895e-03,
       1.0111142273972922e+00, -2.5962888493952573e-02,
       3.2810471690180969e-03, 2.5995726964742564e-02,
       1.0111543655066875e+00 ]
T: !!opencv-matrix
   rows: 3
   cols: 1
   dt: d
   data: [ -2.7981238920252804e+02, 1.2344915003926324e+00,
       1.1341893799968605e+00 ]
E: !!opencv-matrix
   rows: 0
   cols: 0
   dt: u
   data: []
F: !!opencv-matrix
   rows: 0
   cols: 0
   dt: u
   data: []
K1: !!opencv-matrix
   rows: 3
   cols: 3
   dt: d
   data: [ 3.6627756984521932e+02, 0., 3.8060969928433269e+02, 0.,
       3.6653175179255015e+02, 2.3878059668569790e+02, 0., 0., 1. ]
D1: !!opencv-matrix
   rows: 5
   cols: 1
   dt: d
   data: [ -2.1859934914563901e-02, -9.9468572971318997e-04,
       1.6448003429794193e-03, -3.1164985765511365e-04,
       3.5195408316194161e-04 ]
P1: !!opencv-matrix
   rows: 3
   cols: 4
   dt: f
   data: [ 3.59861603e+02, 0., 3.82356598e+02, 0., 0., 3.59861603e+02,
       2.31848633e+02, 0., 0., 0., 1., 0. ]
R1: !!opencv-matrix
   rows: 3
   cols: 3
   dt: f
   data: [ 9.99960959e-01, 4.96808160e-03, -7.30388891e-03,
       -5.06157428e-03, 9.99904752e-01, -1.28381643e-02, 7.23941205e-03,
       1.28746331e-02, 9.99890924e-01 ]
K2: !!opencv-matrix
   rows: 3
   cols: 3
   dt: d
   data: [ 3.6687495098581172e+02, 0., 3.7621769200552956e+02, 0.,
       3.6726361788508825e+02, 2.2399932895774910e+02, 0., 0., 1. ]
D2: !!opencv-matrix
   rows: 5
   cols: 1
   dt: d
   data: [ -2.2201337830972428e-02, -1.1445843221826492e-03,
       2.9199201696882579e-04, -7.1705872414221615e-04,
       5.1284674356775366e-04 ]
P2: !!opencv-matrix
   rows: 3
   cols: 4
   dt: f
   data: [ 3.59861603e+02, 0., 3.82356598e+02, -1.00311203e+05, 0.,
       3.59861603e+02, 2.31848633e+02, 0., 0., 0., 1., 0. ]
R2: !!opencv-matrix
   rows: 3
   cols: 3
   dt: f
   data: [ 9.99982059e-01, -4.41177515e-03, -4.05331934e-03,
       4.46352223e-03, 9.99907494e-01, 1.28475353e-02, 3.99626419e-03,
       -1.28653971e-02, 9.99909222e-01 ]
