%YAML:1.0
---
Q: !!opencv-matrix
   rows: 4
   cols: 4
   dt: f
   data: [ 1., 0., 0., -3.68795837e+02, 0., 1., 0., -2.31740662e+02, 0.,
       0., 0., 3.66540039e+02, 0., 0., 3.14210379e-03, 0. ]
R: !!opencv-matrix
   rows: 3
   cols: 3
   dt: d
   data: [ 1.0108937955342812e+00, -2.5604754384004062e-02,
       3.1769507547293900e-02, 2.6416541939936453e-02,
       1.0110298403365932e+00, -2.6294102972151887e-02,
       -3.1090296606805019e-02, 2.7102458486330569e-02,
       1.0108754266954649e+00 ]
T: !!opencv-matrix
   rows: 3
   cols: 1
   dt: d
   data: [ -3.1931341416986658e+02, 1.4087252534399002e+00,
       1.2946006562748198e+00 ]
E: !!opencv-matrix
   rows: 0
   cols: 0
   dt: u
   data: []
F: !!opencv-matrix
   rows: 0
   cols: 0
   dt: u
   data: []
K1: !!opencv-matrix
   rows: 3
   cols: 3
   dt: d
   data: [ 3.6627756984521932e+02, 0., 3.8060969928433269e+02, 0.,
       3.6653175179255015e+02, 2.3878059668569790e+02, 0., 0., 1. ]
D1: !!opencv-matrix
   rows: 5
   cols: 1
   dt: d
   data: [ -2.1859934914563901e-02, -9.9468572971318997e-04,
       1.6448003429794193e-03, -3.1164985765511365e-04,
       3.5195408316194161e-04 ]
P1: !!opencv-matrix
   rows: 3
   cols: 4
   dt: f
   data: [ 3.66540039e+02, 0., 3.68795837e+02, 0., 0., 3.66540039e+02,
       2.31740662e+02, 0., 0., 0., 1., 0. ]
R1: !!opencv-matrix
   rows: 3
   cols: 3
   dt: f
   data: [ 9.99177933e-01, -2.98165083e-02, 2.74678376e-02,
       3.01749129e-02, 9.99463618e-01, -1.27273118e-02, -2.70736199e-02,
       1.35456882e-02, 9.99541640e-01 ]
K2: !!opencv-matrix
   rows: 3
   cols: 3
   dt: d
   data: [ 3.6687495098581172e+02, 0., 3.7621769200552956e+02, 0.,
       3.6726361788508825e+02, 2.2399932895774910e+02, 0., 0., 1. ]
D2: !!opencv-matrix
   rows: 5
   cols: 1
   dt: d
   data: [ -2.2201337830972428e-02, -1.1445843221826492e-03,
       2.9199201696882579e-04, -7.1705872414221615e-04,
       5.1284674356775366e-04 ]
P2: !!opencv-matrix
   rows: 3
   cols: 4
   dt: f
   data: [ 3.66540039e+02, 0., 3.68795837e+02, -1.16654344e+05, 0.,
       3.66540039e+02, 2.31740662e+02, 0., 0., 0., 1., 0. ]
R2: !!opencv-matrix
   rows: 3
   cols: 3
   dt: f
   data: [ 9.99982059e-01, -4.41165315e-03, -4.05425299e-03,
       4.46454203e-03, 9.99903858e-01, 1.31302094e-02, 3.99593730e-03,
       -1.31480740e-02, 9.99905586e-01 ]
