%YAML:1.0
---
Q: !!opencv-matrix
   rows: 4
   cols: 4
   dt: f
   data: [ 1., 0., 0., -3.68800171e+02, 0., 1., 0., -2.31740814e+02, 0.,
       0., 0., 3.66534119e+02, 0., 0., 3.24167823e-03, 0. ]
R: !!opencv-matrix
   rows: 3
   cols: 3
   dt: d
   data: [ 1.0109969253432742e+00, -2.5606687058626117e-02,
       3.1772996831204041e-02, 2.6419234989611070e-02,
       1.0111329180092499e+00, -2.6296784920223696e-02,
       -3.1093466707809939e-02, 2.7105218999017248e-02,
       1.0109784906009649e+00 ]
T: !!opencv-matrix
   rows: 3
   cols: 1
   dt: d
   data: [ -3.1014499441444474e+02, 1.3682766413877891e+00,
       1.2574288945745133e+00 ]
E: !!opencv-matrix
   rows: 0
   cols: 0
   dt: u
   data: []
F: !!opencv-matrix
   rows: 0
   cols: 0
   dt: u
   data: []
K1: !!opencv-matrix
   rows: 3
   cols: 3
   dt: d
   data: [ 3.6627756984521932e+02, 0., 3.8060969928433269e+02, 0.,
       3.6653175179255015e+02, 2.3878059668569790e+02, 0., 0., 1. ]
D1: !!opencv-matrix
   rows: 5
   cols: 1
   dt: d
   data: [ -2.1859934914563901e-02, -9.9468572971318997e-04,
       1.6448003429794193e-03, -3.1164985765511365e-04,
       3.5195408316194161e-04 ]
P1: !!opencv-matrix
   rows: 3
   cols: 4
   dt: f
   data: [ 3.66534119e+02, 0., 3.68800171e+02, 0., 0., 3.66534119e+02,
       2.31740814e+02, 0., 0., 0., 1., 0. ]
R1: !!opencv-matrix
   rows: 3
   cols: 3
   dt: f
   data: [ 9.99178708e-01, -2.98003145e-02, 2.74567027e-02,
       3.01585756e-02, 9.99464095e-01, -1.27277318e-02, -2.70626973e-02,
       1.35453334e-02, 9.99541938e-01 ]
K2: !!opencv-matrix
   rows: 3
   cols: 3
   dt: d
   data: [ 3.6687495098581172e+02, 0., 3.7621769200552956e+02, 0.,
       3.6726361788508825e+02, 2.2399932895774910e+02, 0., 0., 1. ]
D2: !!opencv-matrix
   rows: 5
   cols: 1
   dt: d
   data: [ -2.2201337830972428e-02, -1.1445843221826492e-03,
       2.9199201696882579e-04, -7.1705872414221615e-04,
       5.1284674356775366e-04 ]
P2: !!opencv-matrix
   rows: 3
   cols: 4
   dt: f
   data: [ 3.66534119e+02, 0., 3.68800171e+02, -1.13069250e+05, 0.,
       3.66534119e+02, 2.31740814e+02, 0., 0., 0., 1., 0. ]
R2: !!opencv-matrix
   rows: 3
   cols: 3
   dt: f
   data: [ 9.99982059e-01, -4.41165315e-03, -4.05425299e-03,
       4.46454203e-03, 9.99903798e-01, 1.31302392e-02, 3.99593730e-03,
       -1.31481038e-02, 9.99905586e-01 ]
