%YAML:1.0
---
Q: !!opencv-matrix
   rows: 4
   cols: 4
   dt: f
   data: [ 1., 0., 0., -3.68754852e+02, 0., 1., 0., -2.31896408e+02, 0.,
       0., 0., 3.53864288e+02, 0., 0., 3.26676480e-03, 0. ]
R: !!opencv-matrix
   rows: 3
   cols: 3
   dt: d
   data: [ 1.0110041974819468e+00, -2.5308810841220209e-02,
       3.1857875350230498e-02, 2.6421151368258750e-02,
       1.0111954076631982e+00, -2.6298810062152244e-02,
       -3.1095200332521361e-02, 2.7105715859771989e-02,
       1.0110419555952650e+00 ]
T: !!opencv-matrix
   rows: 3
   cols: 1
   dt: d
   data: [ -3.0568406663226301e+02, 1.3485962439553565e+00,
       1.2393417351888758e+00 ]
E: !!opencv-matrix
   rows: 0
   cols: 0
   dt: u
   data: []
F: !!opencv-matrix
   rows: 0
   cols: 0
   dt: u
   data: []
K1: !!opencv-matrix
   rows: 3
   cols: 3
   dt: d
   data: [ 3.6627756984521932e+02, 0., 3.8060969928433269e+02, 0.,
       3.6653175179255015e+02, 2.3878059668569790e+02, 0., 0., 1. ]
D1: !!opencv-matrix
   rows: 5
   cols: 1
   dt: d
   data: [ -2.1859934914563901e-02, -9.9468572971318997e-04,
       1.6448003429794193e-03, -3.1164985765511365e-04,
       3.5195408316194161e-04 ]
P1: !!opencv-matrix
   rows: 3
   cols: 4
   dt: f
   data: [ 3.53864288e+02, 0., 3.68754852e+02, 0., 0., 3.53864288e+02,
       2.31896408e+02, 0., 0., 0., 1., 0. ]
R1: !!opencv-matrix
   rows: 3
   cols: 3
   dt: f
   data: [ 9.99609828e-01, 5.07293595e-03, 2.74667852e-02,
       -4.71815234e-03, 9.99904811e-01, -1.29662612e-02, -2.75299475e-02,
       1.28316097e-02, 9.99538600e-01 ]
K2: !!opencv-matrix
   rows: 3
   cols: 3
   dt: d
   data: [ 3.6687495098581172e+02, 0., 3.7621769200552956e+02, 0.,
       3.6726361788508825e+02, 2.2399932895774910e+02, 0., 0., 1. ]
D2: !!opencv-matrix
   rows: 5
   cols: 1
   dt: d
   data: [ -2.2201337830972428e-02, -1.1445843221826492e-03,
       2.9199201696882579e-04, -7.1705872414221615e-04,
       5.1284674356775366e-04 ]
P2: !!opencv-matrix
   rows: 3
   cols: 4
   dt: f
   data: [ 3.53864288e+02, 0., 3.68754852e+02, -1.08322547e+05, 0.,
       3.53864288e+02, 2.31896408e+02, 0., 0., 0., 1., 0. ]
R2: !!opencv-matrix
   rows: 3
   cols: 3
   dt: f
   data: [ 9.99982059e-01, -4.41159820e-03, -4.05389210e-03,
       4.46352735e-03, 9.99906957e-01, 1.28912041e-02, 3.99664417e-03,
       -1.29090678e-02, 9.99908686e-01 ]
