%YAML:1.0
---
Q: !!opencv-matrix
   rows: 4
   cols: 4
   dt: f
   data: [ 1., 0., 0., -3.82296448e+02, 0., 1., 0., -2.31849121e+02, 0.,
       0., 0., 3.59853943e+02, 0., 0., 3.60568799e-03, 0. ]
R: !!opencv-matrix
   rows: 3
   cols: 3
   dt: d
   data: [ 1.0112272636092592e+00, 9.3966336347512339e-03,
       -3.1242606321440652e-03, -9.7935056049377224e-03,
       1.0111845170834588e+00, -2.5965950925215680e-02,
       3.2820147892888220e-03, 2.5998230602563323e-02,
       1.0112227042550976e+00 ]
T: !!opencv-matrix
   rows: 3
   cols: 1
   dt: d
   data: [ -2.7794023881118238e+02, 1.2262318408083210e+00,
       1.1266008048168406e+00 ]
E: !!opencv-matrix
   rows: 0
   cols: 0
   dt: u
   data: []
F: !!opencv-matrix
   rows: 0
   cols: 0
   dt: u
   data: []
K1: !!opencv-matrix
   rows: 3
   cols: 3
   dt: d
   data: [ 3.6627756984521932e+02, 0., 3.8060969928433269e+02, 0.,
       3.6653175179255015e+02, 2.3878059668569790e+02, 0., 0., 1. ]
D1: !!opencv-matrix
   rows: 5
   cols: 1
   dt: d
   data: [ -2.1859934914563901e-02, -9.9468572971318997e-04,
       1.6448003429794193e-03, -3.1164985765511365e-04,
       3.5195408316194161e-04 ]
P1: !!opencv-matrix
   rows: 3
   cols: 4
   dt: f
   data: [ 3.59853943e+02, 0., 3.82296448e+02, 0., 0., 3.59853943e+02,
       2.31849121e+02, 0., 0., 0., 1., 0. ]
R1: !!opencv-matrix
   rows: 3
   cols: 3
   dt: f
   data: [ 9.99962449e-01, 4.89685452e-03, -7.14999950e-03,
       -4.98837419e-03, 9.99905109e-01, -1.28387501e-02, 7.08645163e-03,
       1.28739346e-02, 9.99891996e-01 ]
K2: !!opencv-matrix
   rows: 3
   cols: 3
   dt: d
   data: [ 3.6687495098581172e+02, 0., 3.7621769200552956e+02, 0.,
       3.6726361788508825e+02, 2.2399932895774910e+02, 0., 0., 1. ]
D2: !!opencv-matrix
   rows: 5
   cols: 1
   dt: d
   data: [ -2.2201337830972428e-02, -1.1445843221826492e-03,
       2.9199201696882579e-04, -7.1705872414221615e-04,
       5.1284674356775366e-04 ]
P2: !!opencv-matrix
   rows: 3
   cols: 4
   dt: f
   data: [ 3.59853943e+02, 0., 3.82296448e+02, -9.98017422e+04, 0.,
       3.59853943e+02, 2.31849121e+02, 0., 0., 0., 1., 0. ]
R2: !!opencv-matrix
   rows: 3
   cols: 3
   dt: f
   data: [ 9.99982059e-01, -4.41177515e-03, -4.05331934e-03,
       4.46352223e-03, 9.99907494e-01, 1.28474748e-02, 3.99626419e-03,
       -1.28653357e-02, 9.99909282e-01 ]
