%YAML:1.0
---
Q: !!opencv-matrix
   rows: 4
   cols: 4
   dt: f
   data: [ 1., 0., 0., -4.09705750e+02, 0., 1., 0., -2.33203064e+02, 0.,
       0., 0., 3.78881409e+02, 0., 0., 8.16119649e-03, 0. ]
R: !!opencv-matrix
   rows: 3
   cols: 3
   dt: d
   data: [ 1.0165896059527280e+00, 8.2581580088839871e-03,
       3.7192329369234604e-02, -7.6674963451079650e-03,
       1.0147654531058967e+00, -4.3461321218668102e-02,
       -4.9953819720041606e-02, 4.3908340430657090e-02,
       1.0142708648291361e+00 ]
T: !!opencv-matrix
   rows: 3
   cols: 1
   dt: d
   data: [ -1.0998509663152086e+02, 6.9842330010119724e+00,
       6.9427234437883172e+00 ]
E: !!opencv-matrix
   rows: 0
   cols: 0
   dt: u
   data: []
F: !!opencv-matrix
   rows: 0
   cols: 0
   dt: u
   data: []
K1: !!opencv-matrix
   rows: 3
   cols: 3
   dt: d
   data: [ 3.6627756984521932e+02, 0., 3.8060969928433269e+02, 0.,
       3.6653175179255015e+02, 2.3878059668569790e+02, 0., 0., 1. ]
D1: !!opencv-matrix
   rows: 5
   cols: 1
   dt: d
   data: [ -2.1859934914563901e-02, -9.9468572971318997e-04,
       1.6448003429794193e-03, -3.1164985765511365e-04,
       3.5195408316194161e-04 ]
P1: !!opencv-matrix
   rows: 3
   cols: 4
   dt: f
   data: [ 3.78881409e+02, 0., 4.09705750e+02, 0., 0., 3.78881409e+02,
       2.33203064e+02, 0., 0., 0., 1., 0. ]
R1: !!opencv-matrix
   rows: 3
   cols: 3
   dt: f
   data: [ 9.98277545e-01, -5.61806522e-02, -1.69019736e-02,
       5.58142178e-02, 9.98211324e-01, -2.14225296e-02, 1.80752724e-02,
       2.04422604e-02, 9.99627650e-01 ]
K2: !!opencv-matrix
   rows: 3
   cols: 3
   dt: d
   data: [ 3.6687495098581172e+02, 0., 3.7621769200552956e+02, 0.,
       3.6726361788508825e+02, 2.2399932895774910e+02, 0., 0., 1. ]
D2: !!opencv-matrix
   rows: 5
   cols: 1
   dt: d
   data: [ -2.2201337830972428e-02, -1.1445843221826492e-03,
       2.9199201696882579e-04, -7.1705872414221615e-04,
       5.1284674356775366e-04 ]
P2: !!opencv-matrix
   rows: 3
   cols: 4
   dt: f
   data: [ 3.78881409e+02, 0., 4.09705750e+02, -4.64247383e+04, 0.,
       3.78881409e+02, 2.33203064e+02, 0., 0., 0., 1., 0. ]
R2: !!opencv-matrix
   rows: 3
   cols: 3
   dt: f
   data: [ 9.96015370e-01, -6.32485971e-02, -6.28727078e-02,
       6.45526573e-02, 9.97734785e-01, 1.89289544e-02, 6.15330562e-02,
       -2.29121298e-02, 9.97842014e-01 ]
