%YAML:1.0
---
Q: !!opencv-matrix
   rows: 4
   cols: 4
   dt: f
   data: [ 1., 0., 0., -4.11137756e+02, 0., 1., 0., -2.33269058e+02, 0.,
       0., 0., 3.78084320e+02, 0., 0., 1.21677965e-02, 0. ]
R: !!opencv-matrix
   rows: 3
   cols: 3
   dt: d
   data: [ 1.0288674353958502e+00, 6.0371984905573176e-03,
       2.3744912627197176e-02, -7.7175104012860551e-03,
       1.0279287338823315e+00, -4.3134536729473046e-02,
       -5.0546491171714371e-02, 4.4618397267263625e-02,
       1.0281590113747312e+00 ]
T: !!opencv-matrix
   rows: 3
   cols: 1
   dt: d
   data: [ -4.8191855552825324e+01, 3.0602614194632811e+00,
       3.0420732936248900e+00 ]
E: !!opencv-matrix
   rows: 0
   cols: 0
   dt: u
   data: []
F: !!opencv-matrix
   rows: 0
   cols: 0
   dt: u
   data: []
K1: !!opencv-matrix
   rows: 3
   cols: 3
   dt: d
   data: [ 3.6627756984521932e+02, 0., 3.8060969928433269e+02, 0.,
       3.6653175179255015e+02, 2.3878059668569790e+02, 0., 0., 1. ]
D1: !!opencv-matrix
   rows: 5
   cols: 1
   dt: d
   data: [ -2.1859934914563901e-02, -9.9468572971318997e-04,
       1.6448003429794193e-03, -3.1164985765511365e-04,
       3.5195408316194161e-04 ]
P1: !!opencv-matrix
   rows: 3
   cols: 4
   dt: f
   data: [ 3.78084320e+02, 0., 4.11137756e+02, 0., 0., 3.78084320e+02,
       2.33269058e+02, 0., 0., 0., 1., 0. ]
R1: !!opencv-matrix
   rows: 3
   cols: 3
   dt: f
   data: [ 9.98130679e-01, -5.75581826e-02, -2.05474589e-02,
       5.71160950e-02, 9.98136222e-01, -2.14906987e-02, 2.17461288e-02,
       2.02769358e-02, 9.99557853e-01 ]
K2: !!opencv-matrix
   rows: 3
   cols: 3
   dt: d
   data: [ 3.6687495098581172e+02, 0., 3.7621769200552956e+02, 0.,
       3.6726361788508825e+02, 2.2399932895774910e+02, 0., 0., 1. ]
D2: !!opencv-matrix
   rows: 5
   cols: 1
   dt: d
   data: [ -2.2201337830972428e-02, -1.1445843221826492e-03,
       2.9199201696882579e-04, -7.1705872414221615e-04,
       5.1284674356775366e-04 ]
P2: !!opencv-matrix
   rows: 3
   cols: 4
   dt: f
   data: [ 3.78084320e+02, 0., 4.11137756e+02, -3.10725371e+04, 0.,
       3.78084320e+02, 2.33269058e+02, 0., 0., 0., 1., 0. ]
R2: !!opencv-matrix
   rows: 3
   cols: 3
   dt: f
   data: [ 9.96015370e-01, -6.32486045e-02, -6.28726929e-02,
       6.45497143e-02, 9.97735858e-01, 1.88811701e-02, 6.15361333e-02,
       -2.28643492e-02, 9.97842908e-01 ]
