%YAML:1.0
---
Q: !!opencv-matrix
   rows: 4
   cols: 4
   dt: f
   data: [ 1., 0., 0., -4.29972046e+02, 0., 1., 0., -2.33905731e+02, 0.,
       0., 0., 3.65733704e+02, 0., 0., 5.67517849e-03, 0. ]
R: !!opencv-matrix
   rows: 3
   cols: 3
   dt: d
   data: [ 9.9218751927203930e-01, 1.2224112586718870e-02,
       -5.8046643828449443e-03, -8.9357986680495861e-03,
       1.0044767589215622e+00, 9.4457411562115234e-03,
       4.0465692885623093e-03, -9.4028310091690444e-03,
       1.0048417522016806e+00 ]
T: !!opencv-matrix
   rows: 3
   cols: 1
   dt: d
   data: [ -1.7207984137316080e+02, 1.0927331169654138e+01,
       1.0862646789071306e+01 ]
E: !!opencv-matrix
   rows: 0
   cols: 0
   dt: u
   data: []
F: !!opencv-matrix
   rows: 0
   cols: 0
   dt: u
   data: []
K1: !!opencv-matrix
   rows: 3
   cols: 3
   dt: d
   data: [ 3.6627756984521932e+02, 0., 3.8060969928433269e+02, 0.,
       3.6653175179255015e+02, 2.3878059668569790e+02, 0., 0., 1. ]
D1: !!opencv-matrix
   rows: 5
   cols: 1
   dt: d
   data: [ -2.1859934914563901e-02, -9.9468572971318997e-04,
       1.6448003429794193e-03, -3.1164985765511365e-04,
       3.5195408316194161e-04 ]
P1: !!opencv-matrix
   rows: 3
   cols: 4
   dt: f
   data: [ 3.65733704e+02, 0., 4.29972046e+02, 0., 0., 3.65733704e+02,
       2.33905731e+02, 0., 0., 0., 1., 0. ]
R1: !!opencv-matrix
   rows: 3
   cols: 3
   dt: f
   data: [ 9.96327817e-01, -5.17445654e-02, -6.82153776e-02,
       5.20474762e-02, 9.98641014e-01, 2.66951742e-03, 6.79845363e-02,
       -6.21015253e-03, 9.97667074e-01 ]
K2: !!opencv-matrix
   rows: 3
   cols: 3
   dt: d
   data: [ 3.6687495098581172e+02, 0., 3.7621769200552956e+02, 0.,
       3.6726361788508825e+02, 2.2399932895774910e+02, 0., 0., 1. ]
D2: !!opencv-matrix
   rows: 5
   cols: 1
   dt: d
   data: [ -2.2201337830972428e-02, -1.1445843221826492e-03,
       2.9199201696882579e-04, -7.1705872414221615e-04,
       5.1284674356775366e-04 ]
P2: !!opencv-matrix
   rows: 3
   cols: 4
   dt: f
   data: [ 3.65733704e+02, 0., 4.29972046e+02, -6.44444414e+04, 0.,
       3.65733704e+02, 2.33905731e+02, 0., 0., 0., 1., 0. ]
R2: !!opencv-matrix
   rows: 3
   cols: 3
   dt: f
   data: [ 9.96015310e-01, -6.32484853e-02, -6.28740713e-02,
       6.29681721e-02, 9.97994781e-01, -6.43183431e-03, 6.31547943e-02,
       2.44714040e-03, 9.98000741e-01 ]
