%YAML:1.0
---
Q: !!opencv-matrix
   rows: 4
   cols: 4
   dt: f
   data: [ 1., 0., 0., -3.82542755e+02, 0., 1., 0., -2.31851212e+02, 0.,
       0., 0., 3.58742859e+02, 0., 0., 5.55703416e-03, 0. ]
R: !!opencv-matrix
   rows: 3
   cols: 3
   dt: d
   data: [ 9.9995039721792978e-01, 9.7367879365393151e-03,
       -3.1550949028970108e-03, -9.6828018199343127e-03,
       9.9991266176608762e-01, 9.2347383770204610e-03,
       3.2433207920543098e-03, -9.2036547110012096e-03,
       9.9995458106416080e-01 ]
T: !!opencv-matrix
   rows: 3
   cols: 1
   dt: d
   data: [ -1.7995432758473797e+02, 8.4048290036974349e-01,
       7.7262010209290499e-01 ]
E: !!opencv-matrix
   rows: 0
   cols: 0
   dt: u
   data: []
F: !!opencv-matrix
   rows: 0
   cols: 0
   dt: u
   data: []
K1: !!opencv-matrix
   rows: 3
   cols: 3
   dt: d
   data: [ 3.6627756984521932e+02, 0., 3.8060969928433269e+02, 0.,
       3.6653175179255015e+02, 2.3878059668569790e+02, 0., 0., 1. ]
D1: !!opencv-matrix
   rows: 5
   cols: 1
   dt: d
   data: [ -2.1859934914563901e-02, -9.9468572971318997e-04,
       1.6448003429794193e-03, -3.1164985765511365e-04,
       3.5195408316194161e-04 ]
P1: !!opencv-matrix
   rows: 3
   cols: 4
   dt: f
   data: [ 3.58742859e+02, 0., 3.82542755e+02, 0., 0., 3.58742859e+02,
       2.31851212e+02, 0., 0., 0., 1., 0. ]
R1: !!opencv-matrix
   rows: 3
   cols: 3
   dt: f
   data: [ 9.99958992e-01, 5.09425206e-03, -7.49140233e-03,
       -5.05977077e-03, 9.99976575e-01, 4.61453618e-03, 7.51473429e-03,
       -4.57644230e-03, 9.99961317e-01 ]
K2: !!opencv-matrix
   rows: 3
   cols: 3
   dt: d
   data: [ 3.6687495098581172e+02, 0., 3.7621769200552956e+02, 0.,
       3.6726361788508825e+02, 2.2399932895774910e+02, 0., 0., 1. ]
D2: !!opencv-matrix
   rows: 5
   cols: 1
   dt: d
   data: [ -2.2201337830972428e-02, -1.1445843221826492e-03,
       2.9199201696882579e-04, -7.1705872414221615e-04,
       5.1284674356775366e-04 ]
P2: !!opencv-matrix
   rows: 3
   cols: 4
   dt: f
   data: [ 3.58742859e+02, 0., 3.82542755e+02, -6.45565313e+04, 0.,
       3.58742859e+02, 2.31851212e+02, 0., 0., 0., 1., 0. ]
R2: !!opencv-matrix
   rows: 3
   cols: 3
   dt: f
   data: [ 9.99979854e-01, -4.67044022e-03, -4.29333653e-03,
       4.65066079e-03, 9.99978602e-01, -4.60554287e-03, 4.31475416e-03,
       4.58548358e-03, 9.99980152e-01 ]
