%YAML:1.0
---
Q: !!opencv-matrix
   rows: 4
   cols: 4
   dt: f
   data: [ 1., 0., 0., -4.13392059e+02, 0., 1., 0., -2.33874496e+02, 0.,
       0., 0., 3.68073395e+02, 0., 0., 4.56369209e+00, 0. ]
R: !!opencv-matrix
   rows: 3
   cols: 3
   dt: d
   data: [ 1.0837381467245588e+00, -5.0623445932606113e-02,
       2.1232885881290919e-02, 4.8604776219288895e-02,
       1.0828951864262504e+00, -4.5243322652338810e-02,
       -5.0762658679801370e-02, 4.9787606191854558e-02,
       1.0844251568934722e+00 ]
T: !!opencv-matrix
   rows: 3
   cols: 1
   dt: d
   data: [ -2.1824773546350687e-01, 1.3859280085302829e-02,
       1.3776381049195024e-02 ]
E: !!opencv-matrix
   rows: 0
   cols: 0
   dt: u
   data: []
F: !!opencv-matrix
   rows: 0
   cols: 0
   dt: u
   data: []
K1: !!opencv-matrix
   rows: 3
   cols: 3
   dt: d
   data: [ 3.6627756984521932e+02, 0., 3.8060969928433269e+02, 0.,
       3.6653175179255015e+02, 2.3878059668569790e+02, 0., 0., 1. ]
D1: !!opencv-matrix
   rows: 5
   cols: 1
   dt: d
   data: [ -2.1859934914563901e-02, -9.9468572971318997e-04,
       1.6448003429794193e-03, -3.1164985765511365e-04,
       3.5195408316194161e-04 ]
P1: !!opencv-matrix
   rows: 3
   cols: 4
   dt: f
   data: [ 3.68073395e+02, 0., 4.13392059e+02, 0., 0., 3.68073395e+02,
       2.33874496e+02, 0., 0., 0., 1., 0. ]
R1: !!opencv-matrix
   rows: 3
   cols: 3
   dt: f
   data: [ 9.93542314e-01, -1.10424258e-01, -2.60789730e-02,
       1.09866507e-01, 9.93704319e-01, -2.19345111e-02, 2.83368900e-02,
       1.89276598e-02, 9.99419212e-01 ]
K2: !!opencv-matrix
   rows: 3
   cols: 3
   dt: d
   data: [ 3.6687495098581172e+02, 0., 3.7621769200552956e+02, 0.,
       3.6726361788508825e+02, 2.2399932895774910e+02, 0., 0., 1. ]
D2: !!opencv-matrix
   rows: 5
   cols: 1
   dt: d
   data: [ -2.2201337830972428e-02, -1.1445843221826492e-03,
       2.9199201696882579e-04, -7.1705872414221615e-04,
       5.1284674356775366e-04 ]
P2: !!opencv-matrix
   rows: 3
   cols: 4
   dt: f
   data: [ 3.68073395e+02, 0., 4.13392059e+02, -8.06525574e+01, 0.,
       3.68073395e+02, 2.33874496e+02, 0., 0., 0., 1., 0. ]
R2: !!opencv-matrix
   rows: 3
   cols: 3
   dt: f
   data: [ 9.96015429e-01, -6.32494837e-02, -6.28711581e-02,
       6.45240992e-02, 9.97745514e-01, 1.84521656e-02, 6.15623295e-02,
       -2.24353466e-02, 9.97851074e-01 ]
