%YAML:1.0
---
Q: !!opencv-matrix
   rows: 4
   cols: 4
   dt: f
   data: [ 1., 0., 0., -3.82542145e+02, 0., 1., 0., -2.31851212e+02, 0.,
       0., 0., 3.58742828e+02, 0., 0., 5.55659551e-03, 0. ]
R: !!opencv-matrix
   rows: 3
   cols: 3
   dt: d
   data: [ 9.9996352173435421e-01, 9.7359705300193427e-03,
       -3.1534685099520675e-03, -9.6828342496180775e-03,
       9.9990690730013787e-01, 9.2346776839700422e-03,
       3.2432210968048130e-03, -9.2035983230948949e-03,
       9.9994881585722617e-01 ]
T: !!opencv-matrix
   rows: 3
   cols: 1
   dt: d
   data: [ -1.7996269109363877e+02, 8.4052198290346769e-01,
       7.7265609035050475e-01 ]
E: !!opencv-matrix
   rows: 0
   cols: 0
   dt: u
   data: []
F: !!opencv-matrix
   rows: 0
   cols: 0
   dt: u
   data: []
K1: !!opencv-matrix
   rows: 3
   cols: 3
   dt: d
   data: [ 3.6627756984521932e+02, 0., 3.8060969928433269e+02, 0.,
       3.6653175179255015e+02, 2.3878059668569790e+02, 0., 0., 1. ]
D1: !!opencv-matrix
   rows: 5
   cols: 1
   dt: d
   data: [ -2.1859934914563901e-02, -9.9468572971318997e-04,
       1.6448003429794193e-03, -3.1164985765511365e-04,
       3.5195408316194161e-04 ]
P1: !!opencv-matrix
   rows: 3
   cols: 4
   dt: f
   data: [ 3.58742828e+02, 0., 3.82542145e+02, 0., 0., 3.58742828e+02,
       2.31851212e+02, 0., 0., 0., 1., 0. ]
R1: !!opencv-matrix
   rows: 3
   cols: 3
   dt: f
   data: [ 9.99958992e-01, 5.09338360e-03, -7.48982141e-03,
       -5.05890977e-03, 9.99976575e-01, 4.61452920e-03, 7.51314918e-03,
       -4.57644975e-03, 9.99961317e-01 ]
K2: !!opencv-matrix
   rows: 3
   cols: 3
   dt: d
   data: [ 3.6687495098581172e+02, 0., 3.7621769200552956e+02, 0.,
       3.6726361788508825e+02, 2.2399932895774910e+02, 0., 0., 1. ]
D2: !!opencv-matrix
   rows: 5
   cols: 1
   dt: d
   data: [ -2.2201337830972428e-02, -1.1445843221826492e-03,
       2.9199201696882579e-04, -7.1705872414221615e-04,
       5.1284674356775366e-04 ]
P2: !!opencv-matrix
   rows: 3
   cols: 4
   dt: f
   data: [ 3.58742828e+02, 0., 3.82542145e+02, -6.45616211e+04, 0.,
       3.58742828e+02, 2.31851212e+02, 0., 0., 0., 1., 0. ]
R2: !!opencv-matrix
   rows: 3
   cols: 3
   dt: f
   data: [ 9.99979854e-01, -4.67044069e-03, -4.29333746e-03,
       4.65066126e-03, 9.99978602e-01, -4.60554333e-03, 4.31475509e-03,
       4.58548404e-03, 9.99980152e-01 ]
