%YAML:1.0
---
Q: !!opencv-matrix
   rows: 4
   cols: 4
   dt: f
   data: [ 1., 0., 0., -3.83190094e+02, 0., 1., 0., -2.32192917e+02, 0.,
       0., 0., 3.61828857e+02, 0., 0., 5.57313859e-03, 0. ]
R: !!opencv-matrix
   rows: 3
   cols: 3
   dt: d
   data: [ 1.0000566470374996e+00, 9.7951810507412810e-03,
       -3.1608603196785299e-03, -9.6848768334472559e-03,
       9.9999427455698586e-01, 9.2359659766476001e-03,
       3.2433055384907248e-03, -9.2047202769814877e-03,
       1.0000412376376080e+00 ]
T: !!opencv-matrix
   rows: 3
   cols: 1
   dt: d
   data: [ -1.7906977505657497e+02, 1.1371299814239775e+01,
       7.6924832971533685e-01 ]
E: !!opencv-matrix
   rows: 0
   cols: 0
   dt: u
   data: []
F: !!opencv-matrix
   rows: 0
   cols: 0
   dt: u
   data: []
K1: !!opencv-matrix
   rows: 3
   cols: 3
   dt: d
   data: [ 3.6627756984521932e+02, 0., 3.8060969928433269e+02, 0.,
       3.6653175179255015e+02, 2.3878059668569790e+02, 0., 0., 1. ]
D1: !!opencv-matrix
   rows: 5
   cols: 1
   dt: d
   data: [ -2.1859934914563901e-02, -9.9468572971318997e-04,
       1.6448003429794193e-03, -3.1164985765511365e-04,
       3.5195408316194161e-04 ]
P1: !!opencv-matrix
   rows: 3
   cols: 4
   dt: f
   data: [ 3.61828857e+02, 0., 3.83190094e+02, 0., 0., 3.61828857e+02,
       2.32192917e+02, 0., 0., 0., 1., 0. ]
R1: !!opencv-matrix
   rows: 3
   cols: 3
   dt: f
   data: [ 9.98530567e-01, -5.35945371e-02, -8.02287180e-03,
       5.36304675e-02, 9.98551428e-01, 4.33244184e-03, 7.77905528e-03,
       -4.75634588e-03, 9.99958456e-01 ]
K2: !!opencv-matrix
   rows: 3
   cols: 3
   dt: d
   data: [ 3.6687495098581172e+02, 0., 3.7621769200552956e+02, 0.,
       3.6726361788508825e+02, 2.2399932895774910e+02, 0., 0., 1. ]
D2: !!opencv-matrix
   rows: 5
   cols: 1
   dt: d
   data: [ -2.2201337830972428e-02, -1.1445843221826492e-03,
       2.9199201696882579e-04, -7.1705872414221615e-04,
       5.1284674356775366e-04 ]
P2: !!opencv-matrix
   rows: 3
   cols: 4
   dt: f
   data: [ 3.61828857e+02, 0., 3.83190094e+02, -6.49237188e+04, 0.,
       3.61828857e+02, 2.32192917e+02, 0., 0., 0., 1., 0. ]
R2: !!opencv-matrix
   rows: 3
   cols: 3
   dt: f
   data: [ 9.97980654e-01, -6.33738264e-02, -4.28712741e-03,
       6.33536726e-02, 9.97980118e-01, -4.68430109e-03, 4.57533030e-03,
       4.40323679e-03, 9.99979854e-01 ]
