%YAML:1.0
---
Q: !!opencv-matrix
   rows: 4
   cols: 4
   dt: f
   data: [ 1., 0., 0., -4.08973877e+02, 0., 1., 0., -2.33535477e+02, 0.,
       0., 0., 3.69679413e+02, 0., 0., 4.82423827e-02, 0. ]
R: !!opencv-matrix
   rows: 3
   cols: 3
   dt: d
   data: [ 1.0337680087496637e+00, -4.5311887603727806e-02,
       4.1734603913474326e-02, 4.6374363587551509e-02,
       1.0328732983206519e+00, -4.4525279976137450e-02,
       -4.8420431055730837e-02, 4.7308256002969146e-02,
       1.0331664253351529e+00 ]
T: !!opencv-matrix
   rows: 3
   cols: 1
   dt: d
   data: [ -1.9017043767152163e+01, 1.2076301024023115e+00,
       1.2004069275842948e+00 ]
E: !!opencv-matrix
   rows: 0
   cols: 0
   dt: u
   data: []
F: !!opencv-matrix
   rows: 0
   cols: 0
   dt: u
   data: []
K1: !!opencv-matrix
   rows: 3
   cols: 3
   dt: d
   data: [ 3.6627756984521932e+02, 0., 3.8060969928433269e+02, 0.,
       3.6653175179255015e+02, 2.3878059668569790e+02, 0., 0., 1. ]
D1: !!opencv-matrix
   rows: 5
   cols: 1
   dt: d
   data: [ -2.1859934914563901e-02, -9.9468572971318997e-04,
       1.6448003429794193e-03, -3.1164985765511365e-04,
       3.5195408316194161e-04 ]
P1: !!opencv-matrix
   rows: 3
   cols: 4
   dt: f
   data: [ 3.69679413e+02, 0., 4.08973877e+02, 0., 0., 3.69679413e+02,
       2.33535477e+02, 0., 0., 0., 1., 0. ]
R1: !!opencv-matrix
   rows: 3
   cols: 3
   dt: f
   data: [ 9.93945599e-01, -1.08871579e-01, -1.48020964e-02,
       1.08540162e-01, 9.93857265e-01, -2.16045938e-02, 1.70632973e-02,
       1.98671687e-02, 9.99657035e-01 ]
K2: !!opencv-matrix
   rows: 3
   cols: 3
   dt: d
   data: [ 3.6687495098581172e+02, 0., 3.7621769200552956e+02, 0.,
       3.6726361788508825e+02, 2.2399932895774910e+02, 0., 0., 1. ]
D2: !!opencv-matrix
   rows: 5
   cols: 1
   dt: d
   data: [ -2.2201337830972428e-02, -1.1445843221826492e-03,
       2.9199201696882579e-04, -7.1705872414221615e-04,
       5.1284674356775366e-04 ]
P2: !!opencv-matrix
   rows: 3
   cols: 4
   dt: f
   data: [ 3.69679413e+02, 0., 4.08973877e+02, -7.66295947e+03, 0.,
       3.69679413e+02, 2.33535477e+02, 0., 0., 0., 1., 0. ]
R2: !!opencv-matrix
   rows: 3
   cols: 3
   dt: f
   data: [ 9.96015429e-01, -6.32494837e-02, -6.28711656e-02,
       6.45427853e-02, 9.97738659e-01, 1.87550671e-02, 6.15427457e-02,
       -2.27382164e-02, 9.97845411e-01 ]
