%YAML:1.0
---
Q: !!opencv-matrix
   rows: 4
   cols: 4
   dt: f
   data: [ 1., 0., 0., -4.09120392e+02, 0., 1., 0., -2.33541809e+02, 0.,
       0., 0., 3.69735321e+02, 0., 0., 4.74178344e-02, 0. ]
R: !!opencv-matrix
   rows: 3
   cols: 3
   dt: d
   data: [ 1.0317578365232707e+00, -4.4900022841124737e-02,
       4.3456474851584610e-02, 4.6284556916727795e-02,
       1.0308476970927871e+00, -4.4553334541873379e-02,
       -4.8326221868060154e-02, 4.7195974915960989e-02,
       1.0310470209935350e+00 ]
T: !!opencv-matrix
   rows: 3
   cols: 1
   dt: d
   data: [ -2.0646066686345407e+01, 1.3110771567538502e+00,
       1.3032351057489333e+00 ]
E: !!opencv-matrix
   rows: 0
   cols: 0
   dt: u
   data: []
F: !!opencv-matrix
   rows: 0
   cols: 0
   dt: u
   data: []
K1: !!opencv-matrix
   rows: 3
   cols: 3
   dt: d
   data: [ 3.6627756984521932e+02, 0., 3.8060969928433269e+02, 0.,
       3.6653175179255015e+02, 2.3878059668569790e+02, 0., 0., 1. ]
D1: !!opencv-matrix
   rows: 5
   cols: 1
   dt: d
   data: [ -2.1859934914563901e-02, -9.9468572971318997e-04,
       1.6448003429794193e-03, -3.1164985765511365e-04,
       3.5195408316194161e-04 ]
P1: !!opencv-matrix
   rows: 3
   cols: 4
   dt: f
   data: [ 3.69735321e+02, 0., 4.09120392e+02, 0., 0., 3.69735321e+02,
       2.33541809e+02, 0., 0., 0., 1., 0. ]
R1: !!opencv-matrix
   rows: 3
   cols: 3
   dt: f
   data: [ 9.94007826e-01, -1.08250096e-01, -1.51793528e-02,
       1.07911177e-01, 9.93925691e-01, -2.16080919e-02, 1.74262263e-02,
       1.98405907e-02, 9.99651253e-01 ]
K2: !!opencv-matrix
   rows: 3
   cols: 3
   dt: d
   data: [ 3.6687495098581172e+02, 0., 3.7621769200552956e+02, 0.,
       3.6726361788508825e+02, 2.2399932895774910e+02, 0., 0., 1. ]
D2: !!opencv-matrix
   rows: 5
   cols: 1
   dt: d
   data: [ -2.2201337830972428e-02, -1.1445843221826492e-03,
       2.9199201696882579e-04, -7.1705872414221615e-04,
       5.1284674356775366e-04 ]
P2: !!opencv-matrix
   rows: 3
   cols: 4
   dt: f
   data: [ 3.69735321e+02, 0., 4.09120392e+02, -7.79738965e+03, 0.,
       3.69735321e+02, 2.33541809e+02, 0., 0., 0., 1., 0. ]
R2: !!opencv-matrix
   rows: 3
   cols: 3
   dt: f
   data: [ 9.96015429e-01, -6.32494837e-02, -6.28711581e-02,
       6.45420551e-02, 9.97738957e-01, 1.87431984e-02, 6.15435094e-02,
       -2.27263477e-02, 9.97845650e-01 ]
