%YAML:1.0
---
Q: !!opencv-matrix
   rows: 4
   cols: 4
   dt: f
   data: [ 1., 0., 0., -4.30020111e+02, 0., 1., 0., -2.33914185e+02, 0.,
       0., 0., 3.65653412e+02, 0., 0., 5.78809995e-03, 0. ]
R: !!opencv-matrix
   rows: 3
   cols: 3
   dt: d
   data: [ 9.9337424444133116e-01, 1.1471472340879736e-02,
       -5.8840407165930272e-03, -9.0145569661228189e-03,
       1.0044613504228148e+00, 9.4502109655318512e-03,
       3.9674645751217067e-03, -9.3547776597443979e-03,
       1.0047836093398388e+00 ]
T: !!opencv-matrix
   rows: 3
   cols: 1
   dt: d
   data: [ -1.6905146751737880e+02, 1.0735024856987078e+01,
       1.0671479424869450e+01 ]
E: !!opencv-matrix
   rows: 0
   cols: 0
   dt: u
   data: []
F: !!opencv-matrix
   rows: 0
   cols: 0
   dt: u
   data: []
K1: !!opencv-matrix
   rows: 3
   cols: 3
   dt: d
   data: [ 3.6627756984521932e+02, 0., 3.8060969928433269e+02, 0.,
       3.6653175179255015e+02, 2.3878059668569790e+02, 0., 0., 1. ]
D1: !!opencv-matrix
   rows: 5
   cols: 1
   dt: d
   data: [ -2.1859934914563901e-02, -9.9468572971318997e-04,
       1.6448003429794193e-03, -3.1164985765511365e-04,
       3.5195408316194161e-04 ]
P1: !!opencv-matrix
   rows: 3
   cols: 4
   dt: f
   data: [ 3.65653412e+02, 0., 4.30020111e+02, 0., 0., 3.65653412e+02,
       2.33914185e+02, 0., 0., 0., 1., 0. ]
R1: !!opencv-matrix
   rows: 3
   cols: 3
   dt: f
   data: [ 9.96302009e-01, -5.20808734e-02, -6.83364719e-02,
       5.23840487e-02, 9.98623490e-01, 2.65082810e-03, 6.81043491e-02,
       -6.22076634e-03, 9.97658789e-01 ]
K2: !!opencv-matrix
   rows: 3
   cols: 3
   dt: d
   data: [ 3.6687495098581172e+02, 0., 3.7621769200552956e+02, 0.,
       3.6726361788508825e+02, 2.2399932895774910e+02, 0., 0., 1. ]
D2: !!opencv-matrix
   rows: 5
   cols: 1
   dt: d
   data: [ -2.2201337830972428e-02, -1.1445843221826492e-03,
       2.9199201696882579e-04, -7.1705872414221615e-04,
       5.1284674356775366e-04 ]
P2: !!opencv-matrix
   rows: 3
   cols: 4
   dt: f
   data: [ 3.65653412e+02, 0., 4.30020111e+02, -6.31733047e+04, 0.,
       3.65653412e+02, 2.33914185e+02, 0., 0., 0., 1., 0. ]
R2: !!opencv-matrix
   rows: 3
   cols: 3
   dt: f
   data: [ 9.96015310e-01, -6.32484853e-02, -6.28740862e-02,
       6.29684255e-02, 9.97994840e-01, -6.42782636e-03, 6.31545633e-02,
       2.44313129e-03, 9.98000741e-01 ]
