%YAML:1.0
---
Q: !!opencv-matrix
   rows: 4
   cols: 4
   dt: f
   data: [ 1., 0., 0., -4.11527130e+02, 0., 1., 0., -2.33729797e+02, 0.,
       0., 0., 3.68754028e+02, 0., 0., 9.99827832e-02, 0. ]
R: !!opencv-matrix
   rows: 3
   cols: 3
   dt: d
   data: [ 1.0526715912467961e+00, -4.8965996255470705e-02,
       2.3530327248032418e-02, 4.7226549443894240e-02,
       1.0519783796033313e+00, -4.4136555895992600e-02,
       -4.9305224221718999e-02, 4.8353353481710451e-02,
       1.0532949310392918e+00 ]
T: !!opencv-matrix
   rows: 3
   cols: 1
   dt: d
   data: [ -5.8545159502548527e+00, 3.7177648673117475e-01,
       3.6955271040046028e-01 ]
E: !!opencv-matrix
   rows: 0
   cols: 0
   dt: u
   data: []
F: !!opencv-matrix
   rows: 0
   cols: 0
   dt: u
   data: []
K1: !!opencv-matrix
   rows: 3
   cols: 3
   dt: d
   data: [ 3.6627756984521932e+02, 0., 3.8060969928433269e+02, 0.,
       3.6653175179255015e+02, 2.3878059668569790e+02, 0., 0., 1. ]
D1: !!opencv-matrix
   rows: 5
   cols: 1
   dt: d
   data: [ -2.1859934914563901e-02, -9.9468572971318997e-04,
       1.6448003429794193e-03, -3.1164985765511365e-04,
       3.5195408316194161e-04 ]
P1: !!opencv-matrix
   rows: 3
   cols: 4
   dt: f
   data: [ 3.68754028e+02, 0., 4.11527130e+02, 0., 0., 3.68754028e+02,
       2.33729797e+02, 0., 0., 0., 1., 0. ]
R1: !!opencv-matrix
   rows: 3
   cols: 3
   dt: f
   data: [ 9.93730724e-01, -1.09747618e-01, -2.13229712e-02,
       1.09284505e-01, 9.93771553e-01, -2.17931606e-02, 2.35819109e-02,
       1.93262640e-02, 9.99535084e-01 ]
K2: !!opencv-matrix
   rows: 3
   cols: 3
   dt: d
   data: [ 3.6687495098581172e+02, 0., 3.7621769200552956e+02, 0.,
       3.6726361788508825e+02, 2.2399932895774910e+02, 0., 0., 1. ]
D2: !!opencv-matrix
   rows: 5
   cols: 1
   dt: d
   data: [ -2.2201337830972428e-02, -1.1445843221826492e-03,
       2.9199201696882579e-04, -7.1705872414221615e-04,
       5.1284674356775366e-04 ]
P2: !!opencv-matrix
   rows: 3
   cols: 4
   dt: f
   data: [ 3.68754028e+02, 0., 4.11527130e+02, -3.68817529e+03, 0.,
       3.68754028e+02, 2.33729797e+02, 0., 0., 0., 1., 0. ]
R2: !!opencv-matrix
   rows: 3
   cols: 3
   dt: f
   data: [ 9.96015429e-01, -6.32494837e-02, -6.28711581e-02,
       6.45319819e-02, 9.97742653e-01, 1.85799077e-02, 6.15540668e-02,
       -2.25630738e-02, 9.97848690e-01 ]
