%YAML:1.0
---
Q: !!opencv-matrix
   rows: 4
   cols: 4
   dt: f
   data: [ 1., 0., 0., -4.28269531e+02, 0., 1., 0., -2.33915878e+02, 0.,
       0., 0., 3.72442352e+02, 0., 0., 6.18677028e-03, 0. ]
R: !!opencv-matrix
   rows: 3
   cols: 3
   dt: d
   data: [ 1.0081691218050974e+00, 9.9871494423989706e-03,
       -3.8288848106060201e-03, -9.7635364192323777e-03,
       1.0071923034563188e+00, -4.3453762668290895e-02,
       3.2685458060769503e-03, 4.3472733681827289e-02,
       1.0072654576952271e+00 ]
T: !!opencv-matrix
   rows: 3
   cols: 1
   dt: d
   data: [ -1.6094615367910757e+02, 1.0220377644510465e+01,
       1.0159893935814894e+01 ]
E: !!opencv-matrix
   rows: 0
   cols: 0
   dt: u
   data: []
F: !!opencv-matrix
   rows: 0
   cols: 0
   dt: u
   data: []
K1: !!opencv-matrix
   rows: 3
   cols: 3
   dt: d
   data: [ 3.6627756984521932e+02, 0., 3.8060969928433269e+02, 0.,
       3.6653175179255015e+02, 2.3878059668569790e+02, 0., 0., 1. ]
D1: !!opencv-matrix
   rows: 5
   cols: 1
   dt: d
   data: [ -2.1859934914563901e-02, -9.9468572971318997e-04,
       1.6448003429794193e-03, -3.1164985765511365e-04,
       3.5195408316194161e-04 ]
P1: !!opencv-matrix
   rows: 3
   cols: 4
   dt: f
   data: [ 3.72442352e+02, 0., 4.28269531e+02, 0., 0., 3.72442352e+02,
       2.33915878e+02, 0., 0., 0., 1., 0. ]
R1: !!opencv-matrix
   rows: 3
   cols: 3
   dt: f
   data: [ 9.96425390e-01, -5.53367808e-02, -6.38301745e-02,
       5.39352000e-02, 9.98268425e-01, -2.34772619e-02, 6.50188029e-02,
       1.99506469e-02, 9.97684598e-01 ]
K2: !!opencv-matrix
   rows: 3
   cols: 3
   dt: d
   data: [ 3.6687495098581172e+02, 0., 3.7621769200552956e+02, 0.,
       3.6726361788508825e+02, 2.2399932895774910e+02, 0., 0., 1. ]
D2: !!opencv-matrix
   rows: 5
   cols: 1
   dt: d
   data: [ -2.2201337830972428e-02, -1.1445843221826492e-03,
       2.9199201696882579e-04, -7.1705872414221615e-04,
       5.1284674356775366e-04 ]
P2: !!opencv-matrix
   rows: 3
   cols: 4
   dt: f
   data: [ 3.72442352e+02, 0., 4.28269531e+02, -6.01998047e+04, 0.,
       3.72442352e+02, 2.33915878e+02, 0., 0., 0., 1., 0. ]
R2: !!opencv-matrix
   rows: 3
   cols: 3
   dt: f
   data: [ 9.96015251e-01, -6.32488057e-02, -6.28745034e-02,
       6.46016747e-02, 9.97716248e-01, 1.97201148e-02, 6.14836402e-02,
       -2.37033330e-02, 9.97826576e-01 ]
