%YAML:1.0
---
Q: !!opencv-matrix
   rows: 4
   cols: 4
   dt: f
   data: [ 1., 0., 0., -4.30017883e+02, 0., 1., 0., -2.33921097e+02, 0.,
       0., 0., 3.65592865e+02, 0., 0., 5.89178735e-03, 0. ]
R: !!opencv-matrix
   rows: 3
   cols: 3
   dt: d
   data: [ 9.9517010762262337e-01, 1.0764710044637634e-02,
       -5.9560631398269644e-03, -9.1409085673483017e-03,
       1.0042773361325608e+00, 9.4527176385449749e-03,
       3.8389171375338145e-03, -9.3081977371580488e-03,
       1.0045594380092440e+00 ]
T: !!opencv-matrix
   rows: 3
   cols: 1
   dt: d
   data: [ -1.6564763800246402e+02, 1.0518876530529431e+01,
       1.0456611006245559e+01 ]
E: !!opencv-matrix
   rows: 0
   cols: 0
   dt: u
   data: []
F: !!opencv-matrix
   rows: 0
   cols: 0
   dt: u
   data: []
K1: !!opencv-matrix
   rows: 3
   cols: 3
   dt: d
   data: [ 3.6627756984521932e+02, 0., 3.8060969928433269e+02, 0.,
       3.6653175179255015e+02, 2.3878059668569790e+02, 0., 0., 1. ]
D1: !!opencv-matrix
   rows: 5
   cols: 1
   dt: d
   data: [ -2.1859934914563901e-02, -9.9468572971318997e-04,
       1.6448003429794193e-03, -3.1164985765511365e-04,
       3.5195408316194161e-04 ]
P1: !!opencv-matrix
   rows: 3
   cols: 4
   dt: f
   data: [ 3.65592865e+02, 0., 4.30017883e+02, 0., 0., 3.65592865e+02,
       2.33921097e+02, 0., 0., 0., 1., 0. ]
R1: !!opencv-matrix
   rows: 3
   cols: 3
   dt: f
   data: [ 9.96284246e-01, -5.24249226e-02, -6.83322772e-02,
       5.27276807e-02, 9.98605430e-01, 2.63337581e-03, 6.80989251e-02,
       -6.22659316e-03, 9.97659147e-01 ]
K2: !!opencv-matrix
   rows: 3
   cols: 3
   dt: d
   data: [ 3.6687495098581172e+02, 0., 3.7621769200552956e+02, 0.,
       3.6726361788508825e+02, 2.2399932895774910e+02, 0., 0., 1. ]
D2: !!opencv-matrix
   rows: 5
   cols: 1
   dt: d
   data: [ -2.2201337830972428e-02, -1.1445843221826492e-03,
       2.9199201696882579e-04, -7.1705872414221615e-04,
       5.1284674356775366e-04 ]
P2: !!opencv-matrix
   rows: 3
   cols: 4
   dt: f
   data: [ 3.65592865e+02, 0., 4.30017883e+02, -6.20512656e+04, 0.,
       3.65592865e+02, 2.33921097e+02, 0., 0., 0., 1., 0. ]
R2: !!opencv-matrix
   rows: 3
   cols: 3
   dt: f
   data: [ 9.96015310e-01, -6.32484853e-02, -6.28740862e-02,
       6.29687905e-02, 9.97994840e-01, -6.42203400e-03, 6.31541982e-02,
       2.43733847e-03, 9.98000801e-01 ]
