%YAML:1.0
---
Q: !!opencv-matrix
   rows: 4
   cols: 4
   dt: f
   data: [ 1., 0., 0., -4.29948303e+02, 0., 1., 0., -2.33928802e+02, 0.,
       0., 0., 3.65532867e+02, 0., 0., 6.13608351e-03, 0. ]
R: !!opencv-matrix
   rows: 3
   cols: 3
   dt: d
   data: [ 1.0026387018615099e+00, 9.9059261852304219e-03,
       -5.0886094919102573e-03, -9.7227385819981457e-03,
       1.0023320782537348e+00, 9.3795754840039110e-03,
       3.2348102661024780e-03, -9.2368161889867309e-03,
       1.0025064345698718e+00 ]
T: !!opencv-matrix
   rows: 3
   cols: 1
   dt: d
   data: [ -1.6170001421916200e+02, 1.0268196428783021e+01,
       1.0207414766465920e+01 ]
E: !!opencv-matrix
   rows: 0
   cols: 0
   dt: u
   data: []
F: !!opencv-matrix
   rows: 0
   cols: 0
   dt: u
   data: []
K1: !!opencv-matrix
   rows: 3
   cols: 3
   dt: d
   data: [ 3.6627756984521932e+02, 0., 3.8060969928433269e+02, 0.,
       3.6653175179255015e+02, 2.3878059668569790e+02, 0., 0., 1. ]
D1: !!opencv-matrix
   rows: 5
   cols: 1
   dt: d
   data: [ -2.1859934914563901e-02, -9.9468572971318997e-04,
       1.6448003429794193e-03, -3.1164985765511365e-04,
       3.5195408316194161e-04 ]
P1: !!opencv-matrix
   rows: 3
   cols: 4
   dt: f
   data: [ 3.65532867e+02, 0., 4.29948303e+02, 0., 0., 3.65532867e+02,
       2.33928802e+02, 0., 0., 0., 1., 0. ]
R1: !!opencv-matrix
   rows: 3
   cols: 3
   dt: f
   data: [ 9.96269584e-01, -5.29241860e-02, -6.81609362e-02,
       5.32254577e-02, 9.98579085e-01, 2.61029904e-03, 6.79259375e-02,
       -6.22845860e-03, 9.97670949e-01 ]
K2: !!opencv-matrix
   rows: 3
   cols: 3
   dt: d
   data: [ 3.6687495098581172e+02, 0., 3.7621769200552956e+02, 0.,
       3.6726361788508825e+02, 2.2399932895774910e+02, 0., 0., 1. ]
D2: !!opencv-matrix
   rows: 5
   cols: 1
   dt: d
   data: [ -2.2201337830972428e-02, -1.1445843221826492e-03,
       2.9199201696882579e-04, -7.1705872414221615e-04,
       5.1284674356775366e-04 ]
P2: !!opencv-matrix
   rows: 3
   cols: 4
   dt: f
   data: [ 3.65532867e+02, 0., 4.29948303e+02, -5.95710391e+04, 0.,
       3.65532867e+02, 2.33928802e+02, 0., 0., 0., 1., 0. ]
R2: !!opencv-matrix
   rows: 3
   cols: 3
   dt: f
   data: [ 9.96015310e-01, -6.32484853e-02, -6.28740937e-02,
       6.29694611e-02, 9.97994840e-01, -6.41144533e-03, 6.31535351e-02,
       2.42674979e-03, 9.98000860e-01 ]
