%YAML:1.0
---
Q: !!opencv-matrix
   rows: 4
   cols: 4
   dt: f
   data: [ 1., 0., 0., -3.82445435e+02, 0., 1., 0., -2.31850540e+02, 0.,
       0., 0., 3.58668976e+02, 0., 0., 5.55377919e-03, 0. ]
R: !!opencv-matrix
   rows: 3
   cols: 3
   dt: d
   data: [ 9.9996797695700790e-01, 9.7329005649821939e-03,
       -3.1500607105972365e-03, -9.6827943651459341e-03,
       9.9989235530575393e-01, 9.2344922780322799e-03,
       3.2429834105287621e-03, -9.2034288190210607e-03,
       9.9993420919720022e-01 ]
T: !!opencv-matrix
   rows: 3
   cols: 1
   dt: d
   data: [ -1.8005415349743083e+02, 8.1705432357689878e-01,
       7.5126687564096162e-01 ]
E: !!opencv-matrix
   rows: 0
   cols: 0
   dt: u
   data: []
F: !!opencv-matrix
   rows: 0
   cols: 0
   dt: u
   data: []
K1: !!opencv-matrix
   rows: 3
   cols: 3
   dt: d
   data: [ 3.6627756984521932e+02, 0., 3.8060969928433269e+02, 0.,
       3.6653175179255015e+02, 2.3878059668569790e+02, 0., 0., 1. ]
D1: !!opencv-matrix
   rows: 5
   cols: 1
   dt: d
   data: [ -2.1859934914563901e-02, -9.9468572971318997e-04,
       1.6448003429794193e-03, -3.1164985765511365e-04,
       3.5195408316194161e-04 ]
P1: !!opencv-matrix
   rows: 3
   cols: 4
   dt: f
   data: [ 3.58668976e+02, 0., 3.82445435e+02, 0., 0., 3.58668976e+02,
       2.31850540e+02, 0., 0., 0., 1., 0. ]
R1: !!opencv-matrix
   rows: 3
   cols: 3
   dt: f
   data: [ 9.99959230e-01, 5.22346376e-03, -7.36583164e-03,
       -5.18955570e-03, 9.99975860e-01, 4.61508287e-03, 7.38976058e-03,
       -4.57666954e-03, 9.99962211e-01 ]
K2: !!opencv-matrix
   rows: 3
   cols: 3
   dt: d
   data: [ 3.6687495098581172e+02, 0., 3.7621769200552956e+02, 0.,
       3.6726361788508825e+02, 2.2399932895774910e+02, 0., 0., 1. ]
D2: !!opencv-matrix
   rows: 5
   cols: 1
   dt: d
   data: [ -2.2201337830972428e-02, -1.1445843221826492e-03,
       2.9199201696882579e-04, -7.1705872414221615e-04,
       5.1284674356775366e-04 ]
P2: !!opencv-matrix
   rows: 3
   cols: 4
   dt: f
   data: [ 3.58668976e+02, 0., 3.82445435e+02, -6.45810664e+04, 0.,
       3.58668976e+02, 2.31850540e+02, 0., 0., 0., 1., 0. ]
R2: !!opencv-matrix
   rows: 3
   cols: 3
   dt: f
   data: [ 9.99980986e-01, -4.53773933e-03, -4.17237030e-03,
       4.51851543e-03, 9.99979198e-01, -4.60537151e-03, 4.19318164e-03,
       4.58643120e-03, 9.99980688e-01 ]
