%YAML:1.0
---
Q: !!opencv-matrix
   rows: 4
   cols: 4
   dt: f
   data: [ 1., 0., 0., -3.82445801e+02, 0., 1., 0., -2.31850525e+02, 0.,
       0., 0., 3.58668671e+02, 0., 0., 5.55601390e-03, 0. ]
R: !!opencv-matrix
   rows: 3
   cols: 3
   dt: d
   data: [ 9.9995278450704794e-01, 9.7354098133876528e-03,
       -3.1512714042600254e-03, -9.6828020730346312e-03,
       9.9990723847490048e-01, 9.2346351159052487e-03,
       3.2431570266576218e-03, -9.2035755719694252e-03,
       9.9994910863990538e-01 ]
T: !!opencv-matrix
   rows: 3
   cols: 1
   dt: d
   data: [ -1.7998770278951005e+02, 8.1675278020275577e-01,
       7.5098930961012667e-01 ]
E: !!opencv-matrix
   rows: 0
   cols: 0
   dt: u
   data: []
F: !!opencv-matrix
   rows: 0
   cols: 0
   dt: u
   data: []
K1: !!opencv-matrix
   rows: 3
   cols: 3
   dt: d
   data: [ 3.6627756984521932e+02, 0., 3.8060969928433269e+02, 0.,
       3.6653175179255015e+02, 2.3878059668569790e+02, 0., 0., 1. ]
D1: !!opencv-matrix
   rows: 5
   cols: 1
   dt: d
   data: [ -2.1859934914563901e-02, -9.9468572971318997e-04,
       1.6448003429794193e-03, -3.1164985765511365e-04,
       3.5195408316194161e-04 ]
P1: !!opencv-matrix
   rows: 3
   cols: 4
   dt: f
   data: [ 3.58668671e+02, 0., 3.82445801e+02, 0., 0., 3.58668671e+02,
       2.31850525e+02, 0., 0., 0., 1., 0. ]
R1: !!opencv-matrix
   rows: 3
   cols: 3
   dt: f
   data: [ 9.99959230e-01, 5.22514386e-03, -7.36677181e-03,
       -5.19123161e-03, 9.99975860e-01, 4.61509358e-03, 7.39070866e-03,
       -4.57666256e-03, 9.99962211e-01 ]
K2: !!opencv-matrix
   rows: 3
   cols: 3
   dt: d
   data: [ 3.6687495098581172e+02, 0., 3.7621769200552956e+02, 0.,
       3.6726361788508825e+02, 2.2399932895774910e+02, 0., 0., 1. ]
D2: !!opencv-matrix
   rows: 5
   cols: 1
   dt: d
   data: [ -2.2201337830972428e-02, -1.1445843221826492e-03,
       2.9199201696882579e-04, -7.1705872414221615e-04,
       5.1284674356775366e-04 ]
P2: !!opencv-matrix
   rows: 3
   cols: 4
   dt: f
   data: [ 3.58668671e+02, 0., 3.82445801e+02, -6.45550352e+04, 0.,
       3.58668671e+02, 2.31850525e+02, 0., 0., 0., 1., 0. ]
R2: !!opencv-matrix
   rows: 3
   cols: 3
   dt: f
   data: [ 9.99980986e-01, -4.53773933e-03, -4.17236798e-03,
       4.51851543e-03, 9.99979198e-01, -4.60537337e-03, 4.19317931e-03,
       4.58643259e-03, 9.99980688e-01 ]
