%YAML:1.0
---
Q: !!opencv-matrix
   rows: 4
   cols: 4
   dt: f
   data: [ 1., 0., 0., -3.82445709e+02, 0., 1., 0., -2.31850525e+02, 0.,
       0., 0., 3.58668762e+02, 0., 0., 5.55582950e-03, 0. ]
R: !!opencv-matrix
   rows: 3
   cols: 3
   dt: d
   data: [ 9.9995962998625465e-01, 9.7345877616125970e-03,
       -3.1508857475608686e-03, -9.6828168334269233e-03,
       9.9990407435458439e-01, 9.2346041546947297e-03,
       3.2431050487672025e-03, -9.2035431802264880e-03,
       9.9994593921082964e-01 ]
T: !!opencv-matrix
   rows: 3
   cols: 1
   dt: d
   data: [ -1.7999464394019665e+02, 8.1678427691307987e-01,
       7.5101835732686295e-01 ]
E: !!opencv-matrix
   rows: 0
   cols: 0
   dt: u
   data: []
F: !!opencv-matrix
   rows: 0
   cols: 0
   dt: u
   data: []
K1: !!opencv-matrix
   rows: 3
   cols: 3
   dt: d
   data: [ 3.6627756984521932e+02, 0., 3.8060969928433269e+02, 0.,
       3.6653175179255015e+02, 2.3878059668569790e+02, 0., 0., 1. ]
D1: !!opencv-matrix
   rows: 5
   cols: 1
   dt: d
   data: [ -2.1859934914563901e-02, -9.9468572971318997e-04,
       1.6448003429794193e-03, -3.1164985765511365e-04,
       3.5195408316194161e-04 ]
P1: !!opencv-matrix
   rows: 3
   cols: 4
   dt: f
   data: [ 3.58668762e+02, 0., 3.82445709e+02, 0., 0., 3.58668762e+02,
       2.31850525e+02, 0., 0., 0., 1., 0. ]
R1: !!opencv-matrix
   rows: 3
   cols: 3
   dt: f
   data: [ 9.99959230e-01, 5.22472477e-03, -7.36652222e-03,
       -5.19081298e-03, 9.99975860e-01, 4.61509079e-03, 7.39045721e-03,
       -4.57666442e-03, 9.99962211e-01 ]
K2: !!opencv-matrix
   rows: 3
   cols: 3
   dt: d
   data: [ 3.6687495098581172e+02, 0., 3.7621769200552956e+02, 0.,
       3.6726361788508825e+02, 2.2399932895774910e+02, 0., 0., 1. ]
D2: !!opencv-matrix
   rows: 5
   cols: 1
   dt: d
   data: [ -2.2201337830972428e-02, -1.1445843221826492e-03,
       2.9199201696882579e-04, -7.1705872414221615e-04,
       5.1284674356775366e-04 ]
P2: !!opencv-matrix
   rows: 3
   cols: 4
   dt: f
   data: [ 3.58668762e+02, 0., 3.82445709e+02, -6.45571914e+04, 0.,
       3.58668762e+02, 2.31850525e+02, 0., 0., 0., 1., 0. ]
R2: !!opencv-matrix
   rows: 3
   cols: 3
   dt: f
   data: [ 9.99980986e-01, -4.53773933e-03, -4.17236844e-03,
       4.51851543e-03, 9.99979198e-01, -4.60537290e-03, 4.19317978e-03,
       4.58643259e-03, 9.99980688e-01 ]
