%YAML:1.0
---
Q: !!opencv-matrix
   rows: 4
   cols: 4
   dt: f
   data: [ 1., 0., 0., -3.82538452e+02, 0., 1., 0., -2.31851227e+02, 0.,
       0., 0., 3.58742188e+02, 0., 0., 5.54983411e-03, 0. ]
R: !!opencv-matrix
   rows: 3
   cols: 3
   dt: d
   data: [ 9.9995080180637130e-01, 9.7325805011015346e-03,
       -3.1501460919333571e-03, -9.6826669817112743e-03,
       9.9987868360895693e-01, 9.2343817809670894e-03,
       3.2429640531142397e-03, -9.2032922301019619e-03,
       9.9992076533005092e-01 ]
T: !!opencv-matrix
   rows: 3
   cols: 1
   dt: d
   data: [ -1.8018194550729027e+02, 8.4160901706189561e-01,
       7.7289881178129927e-01 ]
E: !!opencv-matrix
   rows: 0
   cols: 0
   dt: u
   data: []
F: !!opencv-matrix
   rows: 0
   cols: 0
   dt: u
   data: []
K1: !!opencv-matrix
   rows: 3
   cols: 3
   dt: d
   data: [ 3.6627756984521932e+02, 0., 3.8060969928433269e+02, 0.,
       3.6653175179255015e+02, 2.3878059668569790e+02, 0., 0., 1. ]
D1: !!opencv-matrix
   rows: 5
   cols: 1
   dt: d
   data: [ -2.1859934914563901e-02, -9.9468572971318997e-04,
       1.6448003429794193e-03, -3.1164985765511365e-04,
       3.5195408316194161e-04 ]
P1: !!opencv-matrix
   rows: 3
   cols: 4
   dt: f
   data: [ 3.58742188e+02, 0., 3.82538452e+02, 0., 0., 3.58742188e+02,
       2.31851227e+02, 0., 0., 0., 1., 0. ]
R1: !!opencv-matrix
   rows: 3
   cols: 3
   dt: f
   data: [ 9.99959052e-01, 5.09141805e-03, -7.48422276e-03,
       -5.05696982e-03, 9.99976575e-01, 4.61450266e-03, 7.50754215e-03,
       -4.57646605e-03, 9.99961317e-01 ]
K2: !!opencv-matrix
   rows: 3
   cols: 3
   dt: d
   data: [ 3.6687495098581172e+02, 0., 3.7621769200552956e+02, 0.,
       3.6726361788508825e+02, 2.2399932895774910e+02, 0., 0., 1. ]
D2: !!opencv-matrix
   rows: 5
   cols: 1
   dt: d
   data: [ -2.2201337830972428e-02, -1.1445843221826492e-03,
       2.9199201696882579e-04, -7.1705872414221615e-04,
       5.1284674356775366e-04 ]
P2: !!opencv-matrix
   rows: 3
   cols: 4
   dt: f
   data: [ 3.58742188e+02, 0., 3.82538452e+02, -6.46401680e+04, 0.,
       3.58742188e+02, 2.31851227e+02, 0., 0., 0., 1., 0. ]
R2: !!opencv-matrix
   rows: 3
   cols: 3
   dt: f
   data: [ 9.99979913e-01, -4.67079040e-03, -4.28945990e-03,
       4.65102866e-03, 9.99978602e-01, -4.60552983e-03, 4.31087986e-03,
       4.58548684e-03, 9.99980211e-01 ]
