%YAML:1.0
---
Q: !!opencv-matrix
   rows: 4
   cols: 4
   dt: f
   data: [ 1., 0., 0., -4.48288879e+02, 0., 1., 0., -2.31718933e+02, 0.,
       0., 0., 3.55464020e+02, 0., 0., 7.52332574e-03, 0. ]
R: !!opencv-matrix
   rows: 3
   cols: 3
   dt: d
   data: [ 1.0096269277358358e+00, 9.8551189693003426e-03,
       -3.7982712289266482e-03, -9.7765281198779492e-03,
       1.0095937821569800e+00, 9.3268139187429426e-03,
       3.2752563883237757e-03, -9.2968140108131980e-03,
       1.0096904491600045e+00 ]
T: !!opencv-matrix
   rows: 3
   cols: 1
   dt: d
   data: [ -1.3241401955504142e+02, 5.8417107951379221e-01,
       1.1571355754821951e+01 ]
E: !!opencv-matrix
   rows: 0
   cols: 0
   dt: u
   data: []
F: !!opencv-matrix
   rows: 0
   cols: 0
   dt: u
   data: []
K1: !!opencv-matrix
   rows: 3
   cols: 3
   dt: d
   data: [ 3.6627756984521932e+02, 0., 3.8060969928433269e+02, 0.,
       3.6653175179255015e+02, 2.3878059668569790e+02, 0., 0., 1. ]
D1: !!opencv-matrix
   rows: 5
   cols: 1
   dt: d
   data: [ -2.1859934914563901e-02, -9.9468572971318997e-04,
       1.6448003429794193e-03, -3.1164985765511365e-04,
       3.5195408316194161e-04 ]
P1: !!opencv-matrix
   rows: 3
   cols: 4
   dt: f
   data: [ 3.55464020e+02, 0., 4.48288879e+02, 0., 0., 3.55464020e+02,
       2.31718933e+02, 0., 0., 0., 1., 0. ]
R1: !!opencv-matrix
   rows: 3
   cols: 3
   dt: f
   data: [ 9.95874465e-01, 6.10610051e-03, -9.05363113e-02,
       -5.70811378e-03, 9.99972880e-01, 4.65415837e-03, 9.05622765e-02,
       -4.11816593e-03, 9.95882273e-01 ]
K2: !!opencv-matrix
   rows: 3
   cols: 3
   dt: d
   data: [ 3.6687495098581172e+02, 0., 3.7621769200552956e+02, 0.,
       3.6726361788508825e+02, 2.2399932895774910e+02, 0., 0., 1. ]
D2: !!opencv-matrix
   rows: 5
   cols: 1
   dt: d
   data: [ -2.2201337830972428e-02, -1.1445843221826492e-03,
       2.9199201696882579e-04, -7.1705872414221615e-04,
       5.1284674356775366e-04 ]
P2: !!opencv-matrix
   rows: 3
   cols: 4
   dt: f
   data: [ 3.55464020e+02, 0., 4.48288879e+02, -4.72482578e+04, 0.,
       3.55464020e+02, 2.31718933e+02, 0., 0., 0., 1., 0. ]
R2: !!opencv-matrix
   rows: 3
   cols: 3
   dt: f
   data: [ 9.96193826e-01, -4.39490937e-03, -8.70550796e-02,
       4.01227036e-03, 9.99981523e-01, -4.56985412e-03, 8.70735496e-02,
       4.20317193e-03, 9.96192992e-01 ]
