%YAML:1.0
---
Q: !!opencv-matrix
   rows: 4
   cols: 4
   dt: f
   data: [ 1., 0., 0., -4.04696808e+02, 0., 1., 0., -2.31814911e+02, 0.,
       0., 0., 3.56790924e+02, 0., 0., 6.25454076e-03, 0. ]
R: !!opencv-matrix
   rows: 3
   cols: 3
   dt: d
   data: [ 1.0022884564542385e+00, 1.1282750866233546e-02,
       -6.2683878432279773e-03, -9.7329891466430285e-03,
       1.0074687234197608e+00, 9.3181477950346168e-03,
       3.4342961211696636e-03, -9.3207464617925465e-03,
       1.0076159639116535e+00 ]
T: !!opencv-matrix
   rows: 3
   cols: 1
   dt: d
   data: [ -1.5647116732868960e+02, 6.9041962911878585e-01,
       4.9810660868878838e+00 ]
E: !!opencv-matrix
   rows: 0
   cols: 0
   dt: u
   data: []
F: !!opencv-matrix
   rows: 0
   cols: 0
   dt: u
   data: []
K1: !!opencv-matrix
   rows: 3
   cols: 3
   dt: d
   data: [ 3.6627756984521932e+02, 0., 3.8060969928433269e+02, 0.,
       3.6653175179255015e+02, 2.3878059668569790e+02, 0., 0., 1. ]
D1: !!opencv-matrix
   rows: 5
   cols: 1
   dt: d
   data: [ -2.1859934914563901e-02, -9.9468572971318997e-04,
       1.6448003429794193e-03, -3.1164985765511365e-04,
       3.5195408316194161e-04 ]
P1: !!opencv-matrix
   rows: 3
   cols: 4
   dt: f
   data: [ 3.56790924e+02, 0., 4.04696808e+02, 0., 0., 3.56790924e+02,
       2.31814911e+02, 0., 0., 0., 1., 0. ]
R1: !!opencv-matrix
   rows: 3
   cols: 3
   dt: f
   data: [ 9.99310791e-01, 6.59320736e-03, -3.65302488e-02,
       -6.42744452e-03, 9.99968529e-01, 4.65326710e-03, 3.65597755e-02,
       -4.41526389e-03, 9.99321699e-01 ]
K2: !!opencv-matrix
   rows: 3
   cols: 3
   dt: d
   data: [ 3.6687495098581172e+02, 0., 3.7621769200552956e+02, 0.,
       3.6726361788508825e+02, 2.2399932895774910e+02, 0., 0., 1. ]
D2: !!opencv-matrix
   rows: 5
   cols: 1
   dt: d
   data: [ -2.2201337830972428e-02, -1.1445843221826492e-03,
       2.9199201696882579e-04, -7.1705872414221615e-04,
       5.1284674356775366e-04 ]
P2: !!opencv-matrix
   rows: 3
   cols: 4
   dt: f
   data: [ 3.56790924e+02, 0., 4.04696808e+02, -5.70451016e+04, 0.,
       3.56790924e+02, 2.31814911e+02, 0., 0., 0., 1., 0. ]
R2: !!opencv-matrix
   rows: 3
   cols: 3
   dt: f
   data: [ 9.99483943e-01, -4.41016303e-03, -3.18173319e-02,
       4.26580571e-03, 9.99980330e-01, -4.60351259e-03, 3.18370089e-02,
       4.46541049e-03, 9.99483109e-01 ]
