%YAML:1.0
---
Q: !!opencv-matrix
   rows: 4
   cols: 4
   dt: f
   data: [ 1., 0., 0., -3.82382904e+02, 0., 1., 0., -2.31849747e+02, 0.,
       0., 0., 3.58612366e+02, 0., 0., 5.99452108e-03, 0. ]
R: !!opencv-matrix
   rows: 3
   cols: 3
   dt: d
   data: [ 1.0049177435367502e+00, 9.7772224719547898e-03,
       -3.2618179513852399e-03, -9.7306841133784263e-03,
       1.0048384649498709e+00, 9.2806172199230291e-03,
       3.2589355352152832e-03, -9.2487128783161742e-03,
       1.0048814525442082e+00 ]
T: !!opencv-matrix
   rows: 3
   cols: 1
   dt: d
   data: [ -1.6718500097498659e+02, 7.3751731592888858e-01,
       6.7614164057864967e-01 ]
E: !!opencv-matrix
   rows: 0
   cols: 0
   dt: u
   data: []
F: !!opencv-matrix
   rows: 0
   cols: 0
   dt: u
   data: []
K1: !!opencv-matrix
   rows: 3
   cols: 3
   dt: d
   data: [ 3.6627756984521932e+02, 0., 3.8060969928433269e+02, 0.,
       3.6653175179255015e+02, 2.3878059668569790e+02, 0., 0., 1. ]
D1: !!opencv-matrix
   rows: 5
   cols: 1
   dt: d
   data: [ -2.1859934914563901e-02, -9.9468572971318997e-04,
       1.6448003429794193e-03, -3.1164985765511365e-04,
       3.5195408316194161e-04 ]
P1: !!opencv-matrix
   rows: 3
   cols: 4
   dt: f
   data: [ 3.58612366e+02, 0., 3.82382904e+02, 0., 0., 3.58612366e+02,
       2.31849747e+02, 0., 0., 0., 1., 0. ]
R1: !!opencv-matrix
   rows: 3
   cols: 3
   dt: f
   data: [ 9.99958754e-01, 5.35259303e-03, -7.33615691e-03,
       -5.31881815e-03, 9.99975204e-01, 4.61571570e-03, 7.36068096e-03,
       -4.57650563e-03, 9.99962449e-01 ]
K2: !!opencv-matrix
   rows: 3
   cols: 3
   dt: d
   data: [ 3.6687495098581172e+02, 0., 3.7621769200552956e+02, 0.,
       3.6726361788508825e+02, 2.2399932895774910e+02, 0., 0., 1. ]
D2: !!opencv-matrix
   rows: 5
   cols: 1
   dt: d
   data: [ -2.2201337830972428e-02, -1.1445843221826492e-03,
       2.9199201696882579e-04, -7.1705872414221615e-04,
       5.1284674356775366e-04 ]
P2: !!opencv-matrix
   rows: 3
   cols: 4
   dt: f
   data: [ 3.58612366e+02, 0., 3.82382904e+02, -5.98233516e+04, 0.,
       3.58612366e+02, 2.31849747e+02, 0., 0., 0., 1., 0. ]
R2: !!opencv-matrix
   rows: 3
   cols: 3
   dt: f
   data: [ 9.99982119e-01, -4.41131834e-03, -4.04430833e-03,
       4.39268351e-03, 9.99979734e-01, -4.60506137e-03, 4.06454084e-03,
       4.58721351e-03, 9.99981225e-01 ]
