%YAML:1.0
---
Q: !!opencv-matrix
   rows: 4
   cols: 4
   dt: f
   data: [ 1., 0., 0., -4.48219543e+02, 0., 1., 0., -2.31719269e+02, 0.,
       0., 0., 3.55467957e+02, 0., 0., 7.49729900e-03, 0. ]
R: !!opencv-matrix
   rows: 3
   cols: 3
   dt: d
   data: [ 1.0095104038853810e+00, 9.8398554588233541e-03,
       -3.3369033879651691e-03, -9.7755284965057553e-03,
       1.0095017593079749e+00, 9.3239287668372781e-03,
       3.2770943490050401e-03, -9.2947115271589924e-03,
       1.0095580616803876e+00 ]
T: !!opencv-matrix
   rows: 3
   cols: 1
   dt: d
   data: [ -1.3334411510151770e+02, 5.8827588225097172e-01,
       1.1652648131218477e+01 ]
E: !!opencv-matrix
   rows: 0
   cols: 0
   dt: u
   data: []
F: !!opencv-matrix
   rows: 0
   cols: 0
   dt: u
   data: []
K1: !!opencv-matrix
   rows: 3
   cols: 3
   dt: d
   data: [ 3.6627756984521932e+02, 0., 3.8060969928433269e+02, 0.,
       3.6653175179255015e+02, 2.3878059668569790e+02, 0., 0., 1. ]
D1: !!opencv-matrix
   rows: 5
   cols: 1
   dt: d
   data: [ -2.1859934914563901e-02, -9.9468572971318997e-04,
       1.6448003429794193e-03, -3.1164985765511365e-04,
       3.5195408316194161e-04 ]
P1: !!opencv-matrix
   rows: 3
   cols: 4
   dt: f
   data: [ 3.55467957e+02, 0., 4.48219543e+02, 0., 0., 3.55467957e+02,
       2.31719269e+02, 0., 0., 0., 1., 0. ]
R1: !!opencv-matrix
   rows: 3
   cols: 3
   dt: f
   data: [ 9.95889843e-01, 6.10429700e-03, -9.03665870e-02,
       -5.70703717e-03, 9.99972880e-01, 4.65383194e-03, 9.03925449e-02,
       -4.11897851e-03, 9.95897710e-01 ]
K2: !!opencv-matrix
   rows: 3
   cols: 3
   dt: d
   data: [ 3.6687495098581172e+02, 0., 3.7621769200552956e+02, 0.,
       3.6726361788508825e+02, 2.2399932895774910e+02, 0., 0., 1. ]
D2: !!opencv-matrix
   rows: 5
   cols: 1
   dt: d
   data: [ -2.2201337830972428e-02, -1.1445843221826492e-03,
       2.9199201696882579e-04, -7.1705872414221615e-04,
       5.1284674356775366e-04 ]
P2: !!opencv-matrix
   rows: 3
   cols: 4
   dt: f
   data: [ 3.55467957e+02, 0., 4.48219543e+02, -4.74128008e+04, 0.,
       3.55467957e+02, 2.31719269e+02, 0., 0., 0., 1., 0. ]
R2: !!opencv-matrix
   rows: 3
   cols: 3
   dt: f
   data: [ 9.96193767e-01, -4.39493265e-03, -8.70552808e-02,
       4.01227316e-03, 9.99981523e-01, -4.57008136e-03, 8.70737582e-02,
       4.20339731e-03, 9.96192992e-01 ]
