%YAML:1.0
---
Q: !!opencv-matrix
   rows: 4
   cols: 4
   dt: f
   data: [ 1., 0., 0., -4.04726471e+02, 0., 1., 0., -2.31821320e+02, 0.,
       0., 0., 3.56482117e+02, 0., 0., 6.51132595e-03, 0. ]
R: !!opencv-matrix
   rows: 3
   cols: 3
   dt: d
   data: [ 1.0064386148664106e+00, 9.8701103330784065e-03,
       -5.4055865107456606e-03, -9.7462686306273600e-03,
       1.0065201081860036e+00, 9.3055358828007893e-03,
       3.2686876328533311e-03, -9.2672837394807989e-03,
       1.0066337456650831e+00 ]
T: !!opencv-matrix
   rows: 3
   cols: 1
   dt: d
   data: [ -1.5312210632847311e+02, 6.7564224303890752e-01,
       4.8744540791515893e+00 ]
E: !!opencv-matrix
   rows: 0
   cols: 0
   dt: u
   data: []
F: !!opencv-matrix
   rows: 0
   cols: 0
   dt: u
   data: []
K1: !!opencv-matrix
   rows: 3
   cols: 3
   dt: d
   data: [ 3.6627756984521932e+02, 0., 3.8060969928433269e+02, 0.,
       3.6653175179255015e+02, 2.3878059668569790e+02, 0., 0., 1. ]
D1: !!opencv-matrix
   rows: 5
   cols: 1
   dt: d
   data: [ -2.1859934914563901e-02, -9.9468572971318997e-04,
       1.6448003429794193e-03, -3.1164985765511365e-04,
       3.5195408316194161e-04 ]
P1: !!opencv-matrix
   rows: 3
   cols: 4
   dt: f
   data: [ 3.56482117e+02, 0., 4.04726471e+02, 0., 0., 3.56482117e+02,
       2.31821320e+02, 0., 0., 0., 1., 0. ]
R1: !!opencv-matrix
   rows: 3
   cols: 3
   dt: f
   data: [ 9.99311447e-01, 6.04873383e-03, -3.66068147e-02,
       -5.88280801e-03, 9.99971926e-01, 4.63866675e-03, 3.66338491e-02,
       -4.42012167e-03, 9.99318957e-01 ]
K2: !!opencv-matrix
   rows: 3
   cols: 3
   dt: d
   data: [ 3.6687495098581172e+02, 0., 3.7621769200552956e+02, 0.,
       3.6726361788508825e+02, 2.2399932895774910e+02, 0., 0., 1. ]
D2: !!opencv-matrix
   rows: 5
   cols: 1
   dt: d
   data: [ -2.2201337830972428e-02, -1.1445843221826492e-03,
       2.9199201696882579e-04, -7.1705872414221615e-04,
       5.1284674356775366e-04 ]
P2: !!opencv-matrix
   rows: 3
   cols: 4
   dt: f
   data: [ 3.56482117e+02, 0., 4.04726471e+02, -5.47480078e+04, 0.,
       3.56482117e+02, 2.31821320e+02, 0., 0., 0., 1., 0. ]
R2: !!opencv-matrix
   rows: 3
   cols: 3
   dt: f
   data: [ 9.99483943e-01, -4.41016303e-03, -3.18173394e-02,
       4.26596124e-03, 9.99980330e-01, -4.59864177e-03, 3.18369940e-02,
       4.46053734e-03, 9.99483109e-01 ]
