%YAML:1.0
---
Q: !!opencv-matrix
   rows: 4
   cols: 4
   dt: f
   data: [ 1., 0., 0., -4.48519989e+02, 0., 1., 0., -2.31717331e+02, 0.,
       0., 0., 3.55461243e+02, 0., 0., 7.55596487e-03, 0. ]
R: !!opencv-matrix
   rows: 3
   cols: 3
   dt: d
   data: [ 1.0096067987750472e+00, 9.8699319820300998e-03,
       -4.2927958914556683e-03, -9.7765246469462067e-03,
       1.0096099039704287e+00, 9.3291448751904177e-03,
       3.2784824871789449e-03, -9.2982437454427018e-03,
       1.0097498471913124e+00 ]
T: !!opencv-matrix
   rows: 3
   cols: 1
   dt: d
   data: [ -1.3209003723803431e+02, 5.8274177523833581e-01,
       1.1543043783399032e+01 ]
E: !!opencv-matrix
   rows: 0
   cols: 0
   dt: u
   data: []
F: !!opencv-matrix
   rows: 0
   cols: 0
   dt: u
   data: []
K1: !!opencv-matrix
   rows: 3
   cols: 3
   dt: d
   data: [ 3.6627756984521932e+02, 0., 3.8060969928433269e+02, 0.,
       3.6653175179255015e+02, 2.3878059668569790e+02, 0., 0., 1. ]
D1: !!opencv-matrix
   rows: 5
   cols: 1
   dt: d
   data: [ -2.1859934914563901e-02, -9.9468572971318997e-04,
       1.6448003429794193e-03, -3.1164985765511365e-04,
       3.5195408316194161e-04 ]
P1: !!opencv-matrix
   rows: 3
   cols: 4
   dt: f
   data: [ 3.55461243e+02, 0., 4.48519989e+02, 0., 0., 3.55461243e+02,
       2.31717331e+02, 0., 0., 0., 1., 0. ]
R1: !!opencv-matrix
   rows: 3
   cols: 3
   dt: f
   data: [ 9.95822787e-01, 6.13047602e-03, -9.11008492e-02,
       -5.73003339e-03, 9.99972761e-01, 4.65649972e-03, 9.11269113e-02,
       -4.11503762e-03, 9.95830774e-01 ]
K2: !!opencv-matrix
   rows: 3
   cols: 3
   dt: d
   data: [ 3.6687495098581172e+02, 0., 3.7621769200552956e+02, 0.,
       3.6726361788508825e+02, 2.2399932895774910e+02, 0., 0., 1. ]
D2: !!opencv-matrix
   rows: 5
   cols: 1
   dt: d
   data: [ -2.2201337830972428e-02, -1.1445843221826492e-03,
       2.9199201696882579e-04, -7.1705872414221615e-04,
       5.1284674356775366e-04 ]
P2: !!opencv-matrix
   rows: 3
   cols: 4
   dt: f
   data: [ 3.55461243e+02, 0., 4.48519989e+02, -4.70437930e+04, 0.,
       3.55461243e+02, 2.31717331e+02, 0., 0., 0., 1., 0. ]
R2: !!opencv-matrix
   rows: 3
   cols: 3
   dt: f
   data: [ 9.96193826e-01, -4.39490937e-03, -8.70550796e-02,
       4.01230017e-03, 9.99981523e-01, -4.56951791e-03, 8.70735496e-02,
       4.20283433e-03, 9.96192992e-01 ]
