%YAML:1.0
---
Q: !!opencv-matrix
   rows: 4
   cols: 4
   dt: f
   data: [ 1., 0., 0., -4.26015137e+02, 0., 1., 0., -2.31785660e+02, 0.,
       0., 0., 3.55988983e+02, 0., 0., 6.97654532e-03, 0. ]
R: !!opencv-matrix
   rows: 3
   cols: 3
   dt: d
   data: [ 1.0080441593040117e+00, 9.8184814552486465e-03,
       -3.2825502701527148e-03, -9.7612892643043226e-03,
       1.0080200509372743e+00, 9.3100400726456086e-03,
       3.2706407579227098e-03, -9.2799370320818669e-03,
       1.0080687879425740e+00 ]
T: !!opencv-matrix
   rows: 3
   cols: 1
   dt: d
   data: [ -1.4308203560339140e+02, 6.3120402585863600e-01,
       8.5293405930041200e+00 ]
E: !!opencv-matrix
   rows: 0
   cols: 0
   dt: u
   data: []
F: !!opencv-matrix
   rows: 0
   cols: 0
   dt: u
   data: []
K1: !!opencv-matrix
   rows: 3
   cols: 3
   dt: d
   data: [ 3.6627756984521932e+02, 0., 3.8060969928433269e+02, 0.,
       3.6653175179255015e+02, 2.3878059668569790e+02, 0., 0., 1. ]
D1: !!opencv-matrix
   rows: 5
   cols: 1
   dt: d
   data: [ -2.1859934914563901e-02, -9.9468572971318997e-04,
       1.6448003429794193e-03, -3.1164985765511365e-04,
       3.5195408316194161e-04 ]
P1: !!opencv-matrix
   rows: 3
   cols: 4
   dt: f
   data: [ 3.55988983e+02, 0., 4.26015137e+02, 0., 0., 3.55988983e+02,
       2.31785660e+02, 0., 0., 0., 1., 0. ]
R1: !!opencv-matrix
   rows: 3
   cols: 3
   dt: f
   data: [ 9.98012543e-01, 5.85307786e-03, -6.27429783e-02,
       -5.57304453e-03, 9.99973714e-01, 4.63726278e-03, 6.27684742e-02,
       -4.27837670e-03, 9.98018920e-01 ]
K2: !!opencv-matrix
   rows: 3
   cols: 3
   dt: d
   data: [ 3.6687495098581172e+02, 0., 3.7621769200552956e+02, 0.,
       3.6726361788508825e+02, 2.2399932895774910e+02, 0., 0., 1. ]
D2: !!opencv-matrix
   rows: 5
   cols: 1
   dt: d
   data: [ -2.2201337830972428e-02, -1.1445843221826492e-03,
       2.9199201696882579e-04, -7.1705872414221615e-04,
       5.1284674356775366e-04 ]
P2: !!opencv-matrix
   rows: 3
   cols: 4
   dt: f
   data: [ 3.55988983e+02, 0., 4.26015137e+02, -5.10265430e+04, 0.,
       3.55988983e+02, 2.31785660e+02, 0., 0., 0., 1., 0. ]
R2: !!opencv-matrix
   rows: 3
   cols: 3
   dt: f
   data: [ 9.98218298e-01, -4.40362329e-03, -5.95053285e-02,
       4.13806550e-03, 9.99980927e-01, -4.58525261e-03, 5.95243871e-02,
       4.33084602e-03, 9.98217463e-01 ]
