%YAML:1.0
---
Q: !!opencv-matrix
   rows: 4
   cols: 4
   dt: f
   data: [ 1., 0., 0., -3.82354279e+02, 0., 1., 0., -2.31849884e+02, 0.,
       0., 0., 3.58601532e+02, 0., 0., 5.94700174e-03, 0. ]
R: !!opencv-matrix
   rows: 3
   cols: 3
   dt: d
   data: [ 1.0047742516696876e+00, 9.7726424199115827e-03,
       -3.2033569630141182e-03, -9.7293497462758432e-03,
       1.0047054378508844e+00, 9.2791327750767968e-03,
       3.2585456670586950e-03, -9.2474747373905864e-03,
       1.0047481731855938e+00 ]
T: !!opencv-matrix
   rows: 3
   cols: 1
   dt: d
   data: [ -1.6839733609868316e+02, 7.4286433088730619e-01,
       6.8103548090104549e-01 ]
E: !!opencv-matrix
   rows: 0
   cols: 0
   dt: u
   data: []
F: !!opencv-matrix
   rows: 0
   cols: 0
   dt: u
   data: []
K1: !!opencv-matrix
   rows: 3
   cols: 3
   dt: d
   data: [ 3.6627756984521932e+02, 0., 3.8060969928433269e+02, 0.,
       3.6653175179255015e+02, 2.3878059668569790e+02, 0., 0., 1. ]
D1: !!opencv-matrix
   rows: 5
   cols: 1
   dt: d
   data: [ -2.1859934914563901e-02, -9.9468572971318997e-04,
       1.6448003429794193e-03, -3.1164985765511365e-04,
       3.5195408316194161e-04 ]
P1: !!opencv-matrix
   rows: 3
   cols: 4
   dt: f
   data: [ 3.58601532e+02, 0., 3.82354279e+02, 0., 0., 3.58601532e+02,
       2.31849884e+02, 0., 0., 0., 1., 0. ]
R1: !!opencv-matrix
   rows: 3
   cols: 3
   dt: f
   data: [ 9.99959350e-01, 5.34463068e-03, -7.26320036e-03,
       -5.31119062e-03, 9.99975264e-01, 4.61557647e-03, 7.28768948e-03,
       -4.57681296e-03, 9.99962986e-01 ]
K2: !!opencv-matrix
   rows: 3
   cols: 3
   dt: d
   data: [ 3.6687495098581172e+02, 0., 3.7621769200552956e+02, 0.,
       3.6726361788508825e+02, 2.2399932895774910e+02, 0., 0., 1. ]
D2: !!opencv-matrix
   rows: 5
   cols: 1
   dt: d
   data: [ -2.2201337830972428e-02, -1.1445843221826492e-03,
       2.9199201696882579e-04, -7.1705872414221615e-04,
       5.1284674356775366e-04 ]
P2: !!opencv-matrix
   rows: 3
   cols: 4
   dt: f
   data: [ 3.58601532e+02, 0., 3.82354279e+02, -6.02995508e+04, 0.,
       3.58601532e+02, 2.31849884e+02, 0., 0., 0., 1., 0. ]
R2: !!opencv-matrix
   rows: 3
   cols: 3
   dt: f
   data: [ 9.99982119e-01, -4.41130018e-03, -4.04415466e-03,
       4.39266535e-03, 9.99979734e-01, -4.60514426e-03, 4.06438718e-03,
       4.58729733e-03, 9.99981225e-01 ]
