%YAML:1.0
---
Q: !!opencv-matrix
   rows: 4
   cols: 4
   dt: f
   data: [ 1., 0., 0., -4.26575562e+02, 0., 1., 0., -2.31774765e+02, 0.,
       0., 0., 3.56216248e+02, 0., 0., 7.06613017e-03, 0. ]
R: !!opencv-matrix
   rows: 3
   cols: 3
   dt: d
   data: [ 1.0080819953512101e+00, 9.8860184795258772e-03,
       -4.9867154407286264e-03, -9.7621405522171252e-03,
       1.0081495587822487e+00, 9.3187553125886127e-03,
       3.2765432784728748e-03, -9.2850821452499493e-03,
       1.0083001604082558e+00 ]
T: !!opencv-matrix
   rows: 3
   cols: 1
   dt: d
   data: [ -1.4142554337640314e+02, 6.2389530741059929e-01,
       8.4305845693111525e+00 ]
E: !!opencv-matrix
   rows: 0
   cols: 0
   dt: u
   data: []
F: !!opencv-matrix
   rows: 0
   cols: 0
   dt: u
   data: []
K1: !!opencv-matrix
   rows: 3
   cols: 3
   dt: d
   data: [ 3.6627756984521932e+02, 0., 3.8060969928433269e+02, 0.,
       3.6653175179255015e+02, 2.3878059668569790e+02, 0., 0., 1. ]
D1: !!opencv-matrix
   rows: 5
   cols: 1
   dt: d
   data: [ -2.1859934914563901e-02, -9.9468572971318997e-04,
       1.6448003429794193e-03, -3.1164985765511365e-04,
       3.5195408316194161e-04 ]
P1: !!opencv-matrix
   rows: 3
   cols: 4
   dt: f
   data: [ 3.56216248e+02, 0., 4.26575562e+02, 0., 0., 3.56216248e+02,
       2.31774765e+02, 0., 0., 0., 1., 0. ]
R1: !!opencv-matrix
   rows: 3
   cols: 3
   dt: f
   data: [ 9.97920811e-01, 6.30495278e-03, -6.41424209e-02,
       -6.01834292e-03, 9.99971032e-01, 4.66056587e-03, 6.41699433e-02,
       -4.26484505e-03, 9.97929871e-01 ]
K2: !!opencv-matrix
   rows: 3
   cols: 3
   dt: d
   data: [ 3.6687495098581172e+02, 0., 3.7621769200552956e+02, 0.,
       3.6726361788508825e+02, 2.2399932895774910e+02, 0., 0., 1. ]
D2: !!opencv-matrix
   rows: 5
   cols: 1
   dt: d
   data: [ -2.2201337830972428e-02, -1.1445843221826492e-03,
       2.9199201696882579e-04, -7.1705872414221615e-04,
       5.1284674356775366e-04 ]
P2: !!opencv-matrix
   rows: 3
   cols: 4
   dt: f
   data: [ 3.56216248e+02, 0., 4.26575562e+02, -5.04117891e+04, 0.,
       3.56216248e+02, 2.31774765e+02, 0., 0., 0., 1., 0. ]
R2: !!opencv-matrix
   rows: 3
   cols: 3
   dt: f
   data: [ 9.98218298e-01, -4.40361490e-03, -5.95052540e-02,
       4.13775956e-03, 9.99980927e-01, -4.59023612e-03, 5.95243312e-02,
       4.33583930e-03, 9.98217463e-01 ]
