%YAML:1.0
---
Q: !!opencv-matrix
   rows: 4
   cols: 4
   dt: f
   data: [ 1., 0., 0., -3.82351227e+02, 0., 1., 0., -2.31849884e+02, 0.,
       0., 0., 3.58600006e+02, 0., 0., 5.93823008e-03, 0. ]
R: !!opencv-matrix
   rows: 3
   cols: 3
   dt: d
   data: [ 1.0047092834681948e+00, 9.7709127802335267e-03,
       -3.2230726548610378e-03, -9.7287354099382592e-03,
       1.0046432834090122e+00, 9.2786464775275555e-03,
       3.2583557752172737e-03, -9.2468983252282349e-03,
       1.0046860910804998e+00 ]
T: !!opencv-matrix
   rows: 3
   cols: 1
   dt: d
   data: [ -1.6895023096919152e+02, 7.4530355468521048e-01,
       6.8327363683814224e-01 ]
E: !!opencv-matrix
   rows: 0
   cols: 0
   dt: u
   data: []
F: !!opencv-matrix
   rows: 0
   cols: 0
   dt: u
   data: []
K1: !!opencv-matrix
   rows: 3
   cols: 3
   dt: d
   data: [ 3.6627756984521932e+02, 0., 3.8060969928433269e+02, 0.,
       3.6653175179255015e+02, 2.3878059668569790e+02, 0., 0., 1. ]
D1: !!opencv-matrix
   rows: 5
   cols: 1
   dt: d
   data: [ -2.1859934914563901e-02, -9.9468572971318997e-04,
       1.6448003429794193e-03, -3.1164985765511365e-04,
       3.5195408316194161e-04 ]
P1: !!opencv-matrix
   rows: 3
   cols: 4
   dt: f
   data: [ 3.58600006e+02, 0., 3.82351227e+02, 0., 0., 3.58600006e+02,
       2.31849884e+02, 0., 0., 0., 1., 0. ]
R1: !!opencv-matrix
   rows: 3
   cols: 3
   dt: f
   data: [ 9.99959409e-01, 5.34519274e-03, -7.25541031e-03,
       -5.31178853e-03, 9.99975264e-01, 4.61556949e-03, 7.27990177e-03,
       -4.57684277e-03, 9.99963045e-01 ]
K2: !!opencv-matrix
   rows: 3
   cols: 3
   dt: d
   data: [ 3.6687495098581172e+02, 0., 3.7621769200552956e+02, 0.,
       3.6726361788508825e+02, 2.2399932895774910e+02, 0., 0., 1. ]
D2: !!opencv-matrix
   rows: 5
   cols: 1
   dt: d
   data: [ -2.2201337830972428e-02, -1.1445843221826492e-03,
       2.9199201696882579e-04, -7.1705872414221615e-04,
       5.1284674356775366e-04 ]
P2: !!opencv-matrix
   rows: 3
   cols: 4
   dt: f
   data: [ 3.58600006e+02, 0., 3.82351227e+02, -6.03883633e+04, 0.,
       3.58600006e+02, 2.31849884e+02, 0., 0., 0., 1., 0. ]
R2: !!opencv-matrix
   rows: 3
   cols: 3
   dt: f
   data: [ 9.99982119e-01, -4.41129925e-03, -4.04414535e-03,
       4.39266441e-03, 9.99979734e-01, -4.60515590e-03, 4.06437786e-03,
       4.58730897e-03, 9.99981225e-01 ]
