%YAML:1.0
---
Q: !!opencv-matrix
   rows: 4
   cols: 4
   dt: f
   data: [ 1., 0., 0., -4.04413788e+02, 0., 1., 0., -2.31827637e+02, 0.,
       0., 0., 3.56248749e+02, 0., 0., 6.54458907e-03, 0. ]
R: !!opencv-matrix
   rows: 3
   cols: 3
   dt: d
   data: [ 1.0066524368940997e+00, 9.8278758496022859e-03,
       -4.2131197118902538e-03, -9.7476685246390051e-03,
       1.0066068868806874e+00, 9.3010726810172483e-03,
       3.2649182304326013e-03, -9.2667094272800826e-03,
       1.0066823685750004e+00 ]
T: !!opencv-matrix
   rows: 3
   cols: 1
   dt: d
   data: [ -1.5271287051246230e+02, 6.7383649872008100e-01,
       4.8614263527382322e+00 ]
E: !!opencv-matrix
   rows: 0
   cols: 0
   dt: u
   data: []
F: !!opencv-matrix
   rows: 0
   cols: 0
   dt: u
   data: []
K1: !!opencv-matrix
   rows: 3
   cols: 3
   dt: d
   data: [ 3.6627756984521932e+02, 0., 3.8060969928433269e+02, 0.,
       3.6653175179255015e+02, 2.3878059668569790e+02, 0., 0., 1. ]
D1: !!opencv-matrix
   rows: 5
   cols: 1
   dt: d
   data: [ -2.1859934914563901e-02, -9.9468572971318997e-04,
       1.6448003429794193e-03, -3.1164985765511365e-04,
       3.5195408316194161e-04 ]
P1: !!opencv-matrix
   rows: 3
   cols: 4
   dt: f
   data: [ 3.56248749e+02, 0., 4.04413788e+02, 0., 0., 3.56248749e+02,
       2.31827637e+02, 0., 0., 0., 1., 0. ]
R1: !!opencv-matrix
   rows: 3
   cols: 3
   dt: f
   data: [ 9.99342620e-01, 5.62142581e-03, -3.58146876e-02,
       -5.45918848e-03, 9.99974370e-01, 4.62609436e-03, 3.58397774e-02,
       -4.42753406e-03, 9.99347746e-01 ]
K2: !!opencv-matrix
   rows: 3
   cols: 3
   dt: d
   data: [ 3.6687495098581172e+02, 0., 3.7621769200552956e+02, 0.,
       3.6726361788508825e+02, 2.2399932895774910e+02, 0., 0., 1. ]
D2: !!opencv-matrix
   rows: 5
   cols: 1
   dt: d
   data: [ -2.2201337830972428e-02, -1.1445843221826492e-03,
       2.9199201696882579e-04, -7.1705872414221615e-04,
       5.1284674356775366e-04 ]
P2: !!opencv-matrix
   rows: 3
   cols: 4
   dt: f
   data: [ 3.56248749e+02, 0., 4.04413788e+02, -5.44340898e+04, 0.,
       3.56248749e+02, 2.31827637e+02, 0., 0., 0., 1., 0. ]
R2: !!opencv-matrix
   rows: 3
   cols: 3
   dt: f
   data: [ 9.99483943e-01, -4.41016397e-03, -3.18173431e-02,
       4.26604506e-03, 9.99980330e-01, -4.59602708e-03, 3.18369865e-02,
       4.45792126e-03, 9.99483109e-01 ]
