%YAML:1.0
---
Q: !!opencv-matrix
   rows: 4
   cols: 4
   dt: f
   data: [ 1., 0., 0., -4.26626434e+02, 0., 1., 0., -2.31768570e+02, 0.,
       0., 0., 3.56388885e+02, 0., 0., 6.96636783e-03, 0. ]
R: !!opencv-matrix
   rows: 3
   cols: 3
   dt: d
   data: [ 1.0057586328536499e+00, 1.0718599727813360e-02,
       -5.9109732507125401e-03, -9.7560277586011598e-03,
       1.0089305614608881e+00, 9.3300683384310527e-03,
       3.4643630355688233e-03, -9.3414815181960421e-03,
       1.0091397844962193e+00 ]
T: !!opencv-matrix
   rows: 3
   cols: 1
   dt: d
   data: [ -1.4126803160521084e+02, 6.2320034676625724e-01,
       8.4211943887331255e+00 ]
E: !!opencv-matrix
   rows: 0
   cols: 0
   dt: u
   data: []
F: !!opencv-matrix
   rows: 0
   cols: 0
   dt: u
   data: []
K1: !!opencv-matrix
   rows: 3
   cols: 3
   dt: d
   data: [ 3.6627756984521932e+02, 0., 3.8060969928433269e+02, 0.,
       3.6653175179255015e+02, 2.3878059668569790e+02, 0., 0., 1. ]
D1: !!opencv-matrix
   rows: 5
   cols: 1
   dt: d
   data: [ -2.1859934914563901e-02, -9.9468572971318997e-04,
       1.6448003429794193e-03, -3.1164985765511365e-04,
       3.5195408316194161e-04 ]
P1: !!opencv-matrix
   rows: 3
   cols: 4
   dt: f
   data: [ 3.56388885e+02, 0., 4.26626434e+02, 0., 0., 3.56388885e+02,
       2.31768570e+02, 0., 0., 0., 1., 0. ]
R1: !!opencv-matrix
   rows: 3
   cols: 3
   dt: f
   data: [ 9.97910678e-01, 6.61528716e-03, -6.42687678e-02,
       -6.32780883e-03, 9.99969065e-01, 4.67559230e-03, 6.42977133e-02,
       -4.25914349e-03, 9.97921646e-01 ]
K2: !!opencv-matrix
   rows: 3
   cols: 3
   dt: d
   data: [ 3.6687495098581172e+02, 0., 3.7621769200552956e+02, 0.,
       3.6726361788508825e+02, 2.2399932895774910e+02, 0., 0., 1. ]
D2: !!opencv-matrix
   rows: 5
   cols: 1
   dt: d
   data: [ -2.2201337830972428e-02, -1.1445843221826492e-03,
       2.9199201696882579e-04, -7.1705872414221615e-04,
       5.1284674356775366e-04 ]
P2: !!opencv-matrix
   rows: 3
   cols: 4
   dt: f
   data: [ 3.56388885e+02, 0., 4.26626434e+02, -5.11584922e+04, 0.,
       3.56388885e+02, 2.31768570e+02, 0., 0., 0., 1., 0. ]
R2: !!opencv-matrix
   rows: 3
   cols: 3
   dt: f
   data: [ 9.98218298e-01, -4.40361444e-03, -5.95052503e-02,
       4.13748110e-03, 9.99980867e-01, -4.59490623e-03, 5.95243499e-02,
       4.34051733e-03, 9.98217404e-01 ]
