%YAML:1.0
---
Q: !!opencv-matrix
   rows: 4
   cols: 4
   dt: f
   data: [ 1., 0., 0., -4.48177917e+02, 0., 1., 0., -2.31719727e+02, 0.,
       0., 0., 3.55464600e+02, 0., 0., 5.84660284e-03, 0. ]
R: !!opencv-matrix
   rows: 3
   cols: 3
   dt: d
   data: [ 1.0028447159210350e+00, 9.7598873013419740e-03,
       -3.1947598069650375e-03, -9.7110576470828304e-03,
       1.0028483428098225e+00, 9.2619955919785515e-03,
       3.2564249318301833e-03, -9.2323176696652853e-03,
       1.0028933235083803e+00 ]
T: !!opencv-matrix
   rows: 3
   cols: 1
   dt: d
   data: [ -1.7038837760458046e+02, 7.5153543855310312e-01,
       1.4891077356945317e+01 ]
E: !!opencv-matrix
   rows: 0
   cols: 0
   dt: u
   data: []
F: !!opencv-matrix
   rows: 0
   cols: 0
   dt: u
   data: []
K1: !!opencv-matrix
   rows: 3
   cols: 3
   dt: d
   data: [ 3.6627756984521932e+02, 0., 3.8060969928433269e+02, 0.,
       3.6653175179255015e+02, 2.3878059668569790e+02, 0., 0., 1. ]
D1: !!opencv-matrix
   rows: 5
   cols: 1
   dt: d
   data: [ -2.1859934914563901e-02, -9.9468572971318997e-04,
       1.6448003429794193e-03, -3.1164985765511365e-04,
       3.5195408316194161e-04 ]
P1: !!opencv-matrix
   rows: 3
   cols: 4
   dt: f
   data: [ 3.55464600e+02, 0., 4.48177917e+02, 0., 0., 3.55464600e+02,
       2.31719727e+02, 0., 0., 0., 1., 0. ]
R1: !!opencv-matrix
   rows: 3
   cols: 3
   dt: f
   data: [ 9.95899796e-01, 6.09272113e-03, -9.02580619e-02,
       -5.69594512e-03, 9.99972939e-01, 4.65294672e-03, 9.02839750e-02,
       -4.11976315e-03, 9.95907545e-01 ]
K2: !!opencv-matrix
   rows: 3
   cols: 3
   dt: d
   data: [ 3.6687495098581172e+02, 0., 3.7621769200552956e+02, 0.,
       3.6726361788508825e+02, 2.2399932895774910e+02, 0., 0., 1. ]
D2: !!opencv-matrix
   rows: 5
   cols: 1
   dt: d
   data: [ -2.2201337830972428e-02, -1.1445843221826492e-03,
       2.9199201696882579e-04, -7.1705872414221615e-04,
       5.1284674356775366e-04 ]
P2: !!opencv-matrix
   rows: 3
   cols: 4
   dt: f
   data: [ 3.55464600e+02, 0., 4.48177917e+02, -6.07984844e+04, 0.,
       3.55464600e+02, 2.31719727e+02, 0., 0., 0., 1., 0. ]
R2: !!opencv-matrix
   rows: 3
   cols: 3
   dt: f
   data: [ 9.96193171e-01, -4.39392915e-03, -8.70622173e-02,
       4.01124451e-03, 9.99981523e-01, -4.56998963e-03, 8.70806873e-02,
       4.20336472e-03, 9.96192396e-01 ]
