%YAML:1.0
---
Q: !!opencv-matrix
   rows: 4
   cols: 4
   dt: f
   data: [ 1., 0., 0., -4.48186890e+02, 0., 1., 0., -2.31719574e+02, 0.,
       0., 0., 3.55466522e+02, 0., 0., 7.45321112e-03, 0. ]
R: !!opencv-matrix
   rows: 3
   cols: 3
   dt: d
   data: [ 1.0094670917655675e+00, 9.8363901632632453e-03,
       -3.2895316885701632e-03, -9.7751193579355463e-03,
       1.0094604032080940e+00, 9.3233385447109469e-03,
       3.2771292716425688e-03, -9.2940627770841458e-03,
       1.0095125642460825e+00 ]
T: !!opencv-matrix
   rows: 3
   cols: 1
   dt: d
   data: [ -1.3365967661946041e+02, 5.8966733226071888e-01,
       1.1680218125504197e+01 ]
E: !!opencv-matrix
   rows: 0
   cols: 0
   dt: u
   data: []
F: !!opencv-matrix
   rows: 0
   cols: 0
   dt: u
   data: []
K1: !!opencv-matrix
   rows: 3
   cols: 3
   dt: d
   data: [ 3.6627756984521932e+02, 0., 3.8060969928433269e+02, 0.,
       3.6653175179255015e+02, 2.3878059668569790e+02, 0., 0., 1. ]
D1: !!opencv-matrix
   rows: 5
   cols: 1
   dt: d
   data: [ -2.1859934914563901e-02, -9.9468572971318997e-04,
       1.6448003429794193e-03, -3.1164985765511365e-04,
       3.5195408316194161e-04 ]
P1: !!opencv-matrix
   rows: 3
   cols: 4
   dt: f
   data: [ 3.55466522e+02, 0., 4.48186890e+02, 0., 0., 3.55466522e+02,
       2.31719574e+02, 0., 0., 0., 1., 0. ]
R1: !!opencv-matrix
   rows: 3
   cols: 3
   dt: f
   data: [ 9.95897114e-01, 6.09765109e-03, -9.02869403e-02,
       -5.70074422e-03, 9.99972939e-01, 4.65328572e-03, 9.03128684e-02,
       -4.11949120e-03, 9.95904922e-01 ]
K2: !!opencv-matrix
   rows: 3
   cols: 3
   dt: d
   data: [ 3.6687495098581172e+02, 0., 3.7621769200552956e+02, 0.,
       3.6726361788508825e+02, 2.2399932895774910e+02, 0., 0., 1. ]
D2: !!opencv-matrix
   rows: 5
   cols: 1
   dt: d
   data: [ -2.2201337830972428e-02, -1.1445843221826492e-03,
       2.9199201696882579e-04, -7.1705872414221615e-04,
       5.1284674356775366e-04 ]
P2: !!opencv-matrix
   rows: 3
   cols: 4
   dt: f
   data: [ 3.55466522e+02, 0., 4.48186890e+02, -4.76930703e+04, 0.,
       3.55466522e+02, 2.31719574e+02, 0., 0., 0., 1., 0. ]
R2: !!opencv-matrix
   rows: 3
   cols: 3
   dt: f
   data: [ 9.96193826e-01, -4.39491495e-03, -8.70551318e-02,
       4.01225872e-03, 9.99981523e-01, -4.57005529e-03, 8.70736092e-02,
       4.20337310e-03, 9.96192992e-01 ]
