%YAML:1.0
---
Q: !!opencv-matrix
   rows: 4
   cols: 4
   dt: f
   data: [ 1., 0., 0., -3.82350891e+02, 0., 1., 0., -2.31849899e+02, 0.,
       0., 0., 3.58599976e+02, 0., 0., 5.96455298e-03, 0. ]
R: !!opencv-matrix
   rows: 3
   cols: 3
   dt: d
   data: [ 1.0048004232305412e+00, 9.7717786527486156e-03,
       -3.2190692070702487e-03, -9.7296140560826378e-03,
       1.0047336818189927e+00, 9.2794624528736731e-03,
       3.2586459209607058e-03, -9.2477302653133520e-03,
       1.0047764760812792e+00 ]
T: !!opencv-matrix
   rows: 3
   cols: 1
   dt: d
   data: [ -1.6814894882217885e+02, 7.4176873620997530e-01,
       6.8003249458448844e-01 ]
E: !!opencv-matrix
   rows: 0
   cols: 0
   dt: u
   data: []
F: !!opencv-matrix
   rows: 0
   cols: 0
   dt: u
   data: []
K1: !!opencv-matrix
   rows: 3
   cols: 3
   dt: d
   data: [ 3.6627756984521932e+02, 0., 3.8060969928433269e+02, 0.,
       3.6653175179255015e+02, 2.3878059668569790e+02, 0., 0., 1. ]
D1: !!opencv-matrix
   rows: 5
   cols: 1
   dt: d
   data: [ -2.1859934914563901e-02, -9.9468572971318997e-04,
       1.6448003429794193e-03, -3.1164985765511365e-04,
       3.5195408316194161e-04 ]
P1: !!opencv-matrix
   rows: 3
   cols: 4
   dt: f
   data: [ 3.58599976e+02, 0., 3.82350891e+02, 0., 0., 3.58599976e+02,
       2.31849899e+02, 0., 0., 0., 1., 0. ]
R1: !!opencv-matrix
   rows: 3
   cols: 3
   dt: f
   data: [ 9.99959409e-01, 5.34472149e-03, -7.25455023e-03,
       -5.31132100e-03, 9.99975264e-01, 4.61556576e-03, 7.27903936e-03,
       -4.57684696e-03, 9.99963045e-01 ]
K2: !!opencv-matrix
   rows: 3
   cols: 3
   dt: d
   data: [ 3.6687495098581172e+02, 0., 3.7621769200552956e+02, 0.,
       3.6726361788508825e+02, 2.2399932895774910e+02, 0., 0., 1. ]
D2: !!opencv-matrix
   rows: 5
   cols: 1
   dt: d
   data: [ -2.2201337830972428e-02, -1.1445843221826492e-03,
       2.9199201696882579e-04, -7.1705872414221615e-04,
       5.1284674356775366e-04 ]
P2: !!opencv-matrix
   rows: 3
   cols: 4
   dt: f
   data: [ 3.58599976e+02, 0., 3.82350891e+02, -6.01218516e+04, 0.,
       3.58599976e+02, 2.31849899e+02, 0., 0., 0., 1., 0. ]
R2: !!opencv-matrix
   rows: 3
   cols: 3
   dt: f
   data: [ 9.99982119e-01, -4.41129878e-03, -4.04414255e-03,
       4.39266441e-03, 9.99979734e-01, -4.60515590e-03, 4.06437507e-03,
       4.58730897e-03, 9.99981225e-01 ]
