%YAML:1.0
---
Q: !!opencv-matrix
   rows: 4
   cols: 4
   dt: f
   data: [ 1., 0., 0., -3.82452423e+02, 0., 1., 0., -2.31849442e+02, 0.,
       0., 0., 3.58640503e+02, 0., 0., 6.00068923e-03, 0. ]
R: !!opencv-matrix
   rows: 3
   cols: 3
   dt: d
   data: [ 1.0050265059669714e+00, 9.8152592330748821e-03,
       -3.7245008319920126e-03, -9.7312795366416120e-03,
       1.0048602193053557e+00, 9.2828609691893316e-03,
       3.2586544706824910e-03, -9.2490673184314649e-03,
       1.0049052500592259e+00 ]
T: !!opencv-matrix
   rows: 3
   cols: 1
   dt: d
   data: [ -1.6664454000613443e+02, 7.3513128756813106e-01,
       6.7394038845668747e-01 ]
E: !!opencv-matrix
   rows: 0
   cols: 0
   dt: u
   data: []
F: !!opencv-matrix
   rows: 0
   cols: 0
   dt: u
   data: []
K1: !!opencv-matrix
   rows: 3
   cols: 3
   dt: d
   data: [ 3.6627756984521932e+02, 0., 3.8060969928433269e+02, 0.,
       3.6653175179255015e+02, 2.3878059668569790e+02, 0., 0., 1. ]
D1: !!opencv-matrix
   rows: 5
   cols: 1
   dt: d
   data: [ -2.1859934914563901e-02, -9.9468572971318997e-04,
       1.6448003429794193e-03, -3.1164985765511365e-04,
       3.5195408316194161e-04 ]
P1: !!opencv-matrix
   rows: 3
   cols: 4
   dt: f
   data: [ 3.58640503e+02, 0., 3.82452423e+02, 0., 0., 3.58640503e+02,
       2.31849442e+02, 0., 0., 0., 1., 0. ]
R1: !!opencv-matrix
   rows: 3
   cols: 3
   dt: f
   data: [ 9.99957383e-01, 5.36538009e-03, -7.51403626e-03,
       -5.33078937e-03, 9.99975145e-01, 4.61602025e-03, 7.53861573e-03,
       -4.57576802e-03, 9.99961138e-01 ]
K2: !!opencv-matrix
   rows: 3
   cols: 3
   dt: d
   data: [ 3.6687495098581172e+02, 0., 3.7621769200552956e+02, 0.,
       3.6726361788508825e+02, 2.2399932895774910e+02, 0., 0., 1. ]
D2: !!opencv-matrix
   rows: 5
   cols: 1
   dt: d
   data: [ -2.2201337830972428e-02, -1.1445843221826492e-03,
       2.9199201696882579e-04, -7.1705872414221615e-04,
       5.1284674356775366e-04 ]
P2: !!opencv-matrix
   rows: 3
   cols: 4
   dt: f
   data: [ 3.58640503e+02, 0., 3.82452423e+02, -5.97665508e+04, 0.,
       3.58640503e+02, 2.31849442e+02, 0., 0., 0., 1., 0. ]
R2: !!opencv-matrix
   rows: 3
   cols: 3
   dt: f
   data: [ 9.99982119e-01, -4.41129459e-03, -4.04410670e-03,
       4.39266115e-03, 9.99979734e-01, -4.60484577e-03, 4.06433828e-03,
       4.58699930e-03, 9.99981225e-01 ]
