%YAML:1.0
---
Q: !!opencv-matrix
   rows: 4
   cols: 4
   dt: f
   data: [ 1., 0., 0., -4.04108917e+02, 0., 1., 0., -2.31829025e+02, 0.,
       0., 0., 3.56244080e+02, 0., 0., 6.48847641e-03, 0. ]
R: !!opencv-matrix
   rows: 3
   cols: 3
   dt: d
   data: [ 1.0002081493189567e+00, 1.2580519671087627e-02,
       -5.1374503389493738e-03, -9.7351834395007549e-03,
       1.0096130795464533e+00, 9.3330254381672403e-03,
       3.8386501792153078e-03, -9.4584301517066302e-03,
       1.0097842761975009e+00 ]
T: !!opencv-matrix
   rows: 3
   cols: 1
   dt: d
   data: [ -1.5083649187824452e+02, 6.6541110756524657e-01,
       8.9915809359026380e+00 ]
E: !!opencv-matrix
   rows: 0
   cols: 0
   dt: u
   data: []
F: !!opencv-matrix
   rows: 0
   cols: 0
   dt: u
   data: []
K1: !!opencv-matrix
   rows: 3
   cols: 3
   dt: d
   data: [ 3.6627756984521932e+02, 0., 3.8060969928433269e+02, 0.,
       3.6653175179255015e+02, 2.3878059668569790e+02, 0., 0., 1. ]
D1: !!opencv-matrix
   rows: 5
   cols: 1
   dt: d
   data: [ -2.1859934914563901e-02, -9.9468572971318997e-04,
       1.6448003429794193e-03, -3.1164985765511365e-04,
       3.5195408316194161e-04 ]
P1: !!opencv-matrix
   rows: 3
   cols: 4
   dt: f
   data: [ 3.56244080e+02, 0., 4.04108917e+02, 0., 0., 3.56244080e+02,
       2.31829025e+02, 0., 0., 0., 1., 0. ]
R1: !!opencv-matrix
   rows: 3
   cols: 3
   dt: f
   data: [ 9.99370158e-01, 5.59979212e-03, -3.50411609e-02,
       -5.44102676e-03, 9.99974489e-01, 4.62453905e-03, 3.50661650e-02,
       -4.43096645e-03, 9.99375165e-01 ]
K2: !!opencv-matrix
   rows: 3
   cols: 3
   dt: d
   data: [ 3.6687495098581172e+02, 0., 3.7621769200552956e+02, 0.,
       3.6726361788508825e+02, 2.2399932895774910e+02, 0., 0., 1. ]
D2: !!opencv-matrix
   rows: 5
   cols: 1
   dt: d
   data: [ -2.2201337830972428e-02, -1.1445843221826492e-03,
       2.9199201696882579e-04, -7.1705872414221615e-04,
       5.1284674356775366e-04 ]
P2: !!opencv-matrix
   rows: 3
   cols: 4
   dt: f
   data: [ 3.56244080e+02, 0., 4.04108917e+02, -5.49041172e+04, 0.,
       3.56244080e+02, 2.31829025e+02, 0., 0., 0., 1., 0. ]
R2: !!opencv-matrix
   rows: 3
   cols: 3
   dt: f
   data: [ 9.99483943e-01, -4.41017002e-03, -3.18173952e-02,
       4.26602224e-03, 9.99980330e-01, -4.59693465e-03, 3.18370424e-02,
       4.45882883e-03, 9.99483109e-01 ]
