%YAML:1.0
---
Q: !!opencv-matrix
   rows: 4
   cols: 4
   dt: f
   data: [ 1., 0., 0., -4.48186035e+02, 0., 1., 0., -2.31719574e+02, 0.,
       0., 0., 3.55466949e+02, 0., 0., 7.39555806e-03, 0. ]
R: !!opencv-matrix
   rows: 3
   cols: 3
   dt: d
   data: [ 1.0091936464569480e+00, 9.8333993591153846e-03,
       -3.3148146422401232e-03, -9.7725565542653783e-03,
       1.0092031101637799e+00, 9.3210773530800432e-03,
       3.2777057094776013e-03, -9.2916520482504983e-03,
       1.0092575377932205e+00 ]
T: !!opencv-matrix
   rows: 3
   cols: 1
   dt: d
   data: [ -1.3549409630293999e+02, 5.9776040385864704e-01,
       1.1840525892653368e+01 ]
E: !!opencv-matrix
   rows: 0
   cols: 0
   dt: u
   data: []
F: !!opencv-matrix
   rows: 0
   cols: 0
   dt: u
   data: []
K1: !!opencv-matrix
   rows: 3
   cols: 3
   dt: d
   data: [ 3.6627756984521932e+02, 0., 3.8060969928433269e+02, 0.,
       3.6653175179255015e+02, 2.3878059668569790e+02, 0., 0., 1. ]
D1: !!opencv-matrix
   rows: 5
   cols: 1
   dt: d
   data: [ -2.1859934914563901e-02, -9.9468572971318997e-04,
       1.6448003429794193e-03, -3.1164985765511365e-04,
       3.5195408316194161e-04 ]
P1: !!opencv-matrix
   rows: 3
   cols: 4
   dt: f
   data: [ 3.55466949e+02, 0., 4.48186035e+02, 0., 0., 3.55466949e+02,
       2.31719574e+02, 0., 0., 0., 1., 0. ]
R1: !!opencv-matrix
   rows: 3
   cols: 3
   dt: f
   data: [ 9.95897293e-01, 6.09832257e-03, -9.02848914e-02,
       -5.70142362e-03, 9.99972939e-01, 4.65332856e-03, 9.03108194e-02,
       -4.11948515e-03, 9.95905101e-01 ]
K2: !!opencv-matrix
   rows: 3
   cols: 3
   dt: d
   data: [ 3.6687495098581172e+02, 0., 3.7621769200552956e+02, 0.,
       3.6726361788508825e+02, 2.2399932895774910e+02, 0., 0., 1. ]
D2: !!opencv-matrix
   rows: 5
   cols: 1
   dt: d
   data: [ -2.2201337830972428e-02, -1.1445843221826492e-03,
       2.9199201696882579e-04, -7.1705872414221615e-04,
       5.1284674356775366e-04 ]
P2: !!opencv-matrix
   rows: 3
   cols: 4
   dt: f
   data: [ 3.55466949e+02, 0., 4.48186035e+02, -4.80649258e+04, 0.,
       3.55466949e+02, 2.31719574e+02, 0., 0., 0., 1., 0. ]
R2: !!opencv-matrix
   rows: 3
   cols: 3
   dt: f
   data: [ 9.96193826e-01, -4.39491449e-03, -8.70551318e-02,
       4.01225640e-03, 9.99981523e-01, -4.57007391e-03, 8.70736018e-02,
       4.20339173e-03, 9.96192992e-01 ]
