%YAML:1.0
---
Q: !!opencv-matrix
   rows: 4
   cols: 4
   dt: f
   data: [ 1., 0., 0., -3.82351166e+02, 0., 1., 0., -2.31849884e+02, 0.,
       0., 0., 3.58599945e+02, 0., 0., 5.91061357e-03, 0. ]
R: !!opencv-matrix
   rows: 3
   cols: 3
   dt: d
   data: [ 9.9843333888984132e-01, 1.2483270498650126e-02,
       -5.1136115018687511e-03, -9.7170789313001365e-03,
       1.0076721578414063e+00, 9.3149772431517595e-03,
       3.5643397676801678e-03, -9.3608194595901136e-03,
       1.0077879143831445e+00 ]
T: !!opencv-matrix
   rows: 3
   cols: 1
   dt: d
   data: [ -1.6604243435380894e+02, 7.3265202626307768e-01,
       5.2857523270738085e+00 ]
E: !!opencv-matrix
   rows: 0
   cols: 0
   dt: u
   data: []
F: !!opencv-matrix
   rows: 0
   cols: 0
   dt: u
   data: []
K1: !!opencv-matrix
   rows: 3
   cols: 3
   dt: d
   data: [ 3.6627756984521932e+02, 0., 3.8060969928433269e+02, 0.,
       3.6653175179255015e+02, 2.3878059668569790e+02, 0., 0., 1. ]
D1: !!opencv-matrix
   rows: 5
   cols: 1
   dt: d
   data: [ -2.1859934914563901e-02, -9.9468572971318997e-04,
       1.6448003429794193e-03, -3.1164985765511365e-04,
       3.5195408316194161e-04 ]
P1: !!opencv-matrix
   rows: 3
   cols: 4
   dt: f
   data: [ 3.58599945e+02, 0., 3.82351166e+02, 0., 0., 3.58599945e+02,
       2.31849884e+02, 0., 0., 0., 1., 0. ]
R1: !!opencv-matrix
   rows: 3
   cols: 3
   dt: f
   data: [ 9.99959409e-01, 5.34528447e-03, -7.25525757e-03,
       -5.31188073e-03, 9.99975264e-01, 4.61556995e-03, 7.27974949e-03,
       -4.57684323e-03, 9.99963045e-01 ]
K2: !!opencv-matrix
   rows: 3
   cols: 3
   dt: d
   data: [ 3.6687495098581172e+02, 0., 3.7621769200552956e+02, 0.,
       3.6726361788508825e+02, 2.2399932895774910e+02, 0., 0., 1. ]
D2: !!opencv-matrix
   rows: 5
   cols: 1
   dt: d
   data: [ -2.2201337830972428e-02, -1.1445843221826492e-03,
       2.9199201696882579e-04, -7.1705872414221615e-04,
       5.1284674356775366e-04 ]
P2: !!opencv-matrix
   rows: 3
   cols: 4
   dt: f
   data: [ 3.58599945e+02, 0., 3.82351166e+02, -6.06705078e+04, 0.,
       3.58599945e+02, 2.31849884e+02, 0., 0., 0., 1., 0. ]
R2: !!opencv-matrix
   rows: 3
   cols: 3
   dt: f
   data: [ 9.99982119e-01, -4.41129925e-03, -4.04414581e-03,
       4.39266488e-03, 9.99979734e-01, -4.60515637e-03, 4.06437833e-03,
       4.58730897e-03, 9.99981225e-01 ]
