%YAML:1.0
---
Q: !!opencv-matrix
   rows: 4
   cols: 4
   dt: f
   data: [ 1., 0., 0., -4.26585083e+02, 0., 1., 0., -2.31759766e+02, 0.,
       0., 0., 3.56655182e+02, 0., 0., 6.73807459e-03, 0. ]
R: !!opencv-matrix
   rows: 3
   cols: 3
   dt: d
   data: [ 1.0025350429202944e+00, 1.1830135211156292e-02,
       -5.8880832781004738e-03, -9.7444319759302737e-03,
       1.0094235842078125e+00, 9.3345588613897371e-03,
       3.6878226688988147e-03, -9.4120361927606724e-03,
       1.0096362525145901e+00 ]
T: !!opencv-matrix
   rows: 3
   cols: 1
   dt: d
   data: [ -1.4575168567448347e+02, 6.4297982316632252e-01,
       8.6884707731945579e+00 ]
E: !!opencv-matrix
   rows: 0
   cols: 0
   dt: u
   data: []
F: !!opencv-matrix
   rows: 0
   cols: 0
   dt: u
   data: []
K1: !!opencv-matrix
   rows: 3
   cols: 3
   dt: d
   data: [ 3.6627756984521932e+02, 0., 3.8060969928433269e+02, 0.,
       3.6653175179255015e+02, 2.3878059668569790e+02, 0., 0., 1. ]
D1: !!opencv-matrix
   rows: 5
   cols: 1
   dt: d
   data: [ -2.1859934914563901e-02, -9.9468572971318997e-04,
       1.6448003429794193e-03, -3.1164985765511365e-04,
       3.5195408316194161e-04 ]
P1: !!opencv-matrix
   rows: 3
   cols: 4
   dt: f
   data: [ 3.56655182e+02, 0., 4.26585083e+02, 0., 0., 3.56655182e+02,
       2.31759766e+02, 0., 0., 0., 1., 0. ]
R1: !!opencv-matrix
   rows: 3
   cols: 3
   dt: f
   data: [ 9.97914195e-01, 7.08289165e-03, -6.41643256e-02,
       -6.79539470e-03, 9.99965847e-01, 4.69776522e-03, 6.41954094e-02,
       -4.25194483e-03, 9.97928262e-01 ]
K2: !!opencv-matrix
   rows: 3
   cols: 3
   dt: d
   data: [ 3.6687495098581172e+02, 0., 3.7621769200552956e+02, 0.,
       3.6726361788508825e+02, 2.2399932895774910e+02, 0., 0., 1. ]
D2: !!opencv-matrix
   rows: 5
   cols: 1
   dt: d
   data: [ -2.2201337830972428e-02, -1.1445843221826492e-03,
       2.9199201696882579e-04, -7.1705872414221615e-04,
       5.1284674356775366e-04 ]
P2: !!opencv-matrix
   rows: 3
   cols: 4
   dt: f
   data: [ 3.56655182e+02, 0., 4.26585083e+02, -5.29313203e+04, 0.,
       3.56655182e+02, 2.31759766e+02, 0., 0., 0., 1., 0. ]
R2: !!opencv-matrix
   rows: 3
   cols: 3
   dt: f
   data: [ 9.98218298e-01, -4.40361397e-03, -5.95052466e-02,
       4.13703499e-03, 9.99980867e-01, -4.60238336e-03, 5.95243722e-02,
       4.34800750e-03, 9.98217404e-01 ]
