%YAML:1.0
---
Q: !!opencv-matrix
   rows: 4
   cols: 4
   dt: f
   data: [ 1., 0., 0., -4.04117004e+02, 0., 1., 0., -2.31828979e+02, 0.,
       0., 0., 3.56244659e+02, 0., 0., 6.50014728e-03, 0. ]
R: !!opencv-matrix
   rows: 3
   cols: 3
   dt: d
   data: [ 1.0065432436402675e+00, 9.7953386503048905e-03,
       -3.2401039048661133e-03, -9.7465693749704315e-03,
       1.0064899137653658e+00, 9.2956990502148767e-03,
       3.2642867579775478e-03, -9.2646321128378329e-03,
       1.0065342864158768e+00 ]
T: !!opencv-matrix
   rows: 3
   cols: 1
   dt: d
   data: [ -1.5403985629478476e+02, 6.7969271556292887e-01,
       4.9036775275969262e+00 ]
E: !!opencv-matrix
   rows: 0
   cols: 0
   dt: u
   data: []
F: !!opencv-matrix
   rows: 0
   cols: 0
   dt: u
   data: []
K1: !!opencv-matrix
   rows: 3
   cols: 3
   dt: d
   data: [ 3.6627756984521932e+02, 0., 3.8060969928433269e+02, 0.,
       3.6653175179255015e+02, 2.3878059668569790e+02, 0., 0., 1. ]
D1: !!opencv-matrix
   rows: 5
   cols: 1
   dt: d
   data: [ -2.1859934914563901e-02, -9.9468572971318997e-04,
       1.6448003429794193e-03, -3.1164985765511365e-04,
       3.5195408316194161e-04 ]
P1: !!opencv-matrix
   rows: 3
   cols: 4
   dt: f
   data: [ 3.56244659e+02, 0., 4.04117004e+02, 0., 0., 3.56244659e+02,
       2.31828979e+02, 0., 0., 0., 1., 0. ]
R1: !!opencv-matrix
   rows: 3
   cols: 3
   dt: f
   data: [ 9.99369442e-01, 5.60124265e-03, -3.50616723e-02,
       -5.44238510e-03, 9.99974489e-01, 4.62460332e-03, 3.50866839e-02,
       -4.43086820e-03, 9.99374449e-01 ]
K2: !!opencv-matrix
   rows: 3
   cols: 3
   dt: d
   data: [ 3.6687495098581172e+02, 0., 3.7621769200552956e+02, 0.,
       3.6726361788508825e+02, 2.2399932895774910e+02, 0., 0., 1. ]
D2: !!opencv-matrix
   rows: 5
   cols: 1
   dt: d
   data: [ -2.2201337830972428e-02, -1.1445843221826492e-03,
       2.9199201696882579e-04, -7.1705872414221615e-04,
       5.1284674356775366e-04 ]
P2: !!opencv-matrix
   rows: 3
   cols: 4
   dt: f
   data: [ 3.56244659e+02, 0., 4.04117004e+02, -5.48056289e+04, 0.,
       3.56244659e+02, 2.31828979e+02, 0., 0., 0., 1., 0. ]
R2: !!opencv-matrix
   rows: 3
   cols: 3
   dt: f
   data: [ 9.99483943e-01, -4.41017468e-03, -3.18174362e-02,
       4.26602736e-03, 9.99980330e-01, -4.59691836e-03, 3.18370834e-02,
       4.45881207e-03, 9.99483109e-01 ]
