%YAML:1.0
---
Q: !!opencv-matrix
   rows: 4
   cols: 4
   dt: f
   data: [ 1., 0., 0., -4.26501465e+02, 0., 1., 0., -2.31756973e+02, 0.,
       0., 0., 3.56753296e+02, 0., 0., 6.61788322e-03, 0. ]
R: !!opencv-matrix
   rows: 3
   cols: 3
   dt: d
   data: [ 1.0013439686497918e+00, 1.2255241095816959e-02,
       -5.6365099254480720e-03, -9.7397734157814199e-03,
       1.0095347277190274e+00, 9.3344912364835345e-03,
       3.7659278702392007e-03, -9.4383519935765711e-03,
       1.0097342535535656e+00 ]
T: !!opencv-matrix
   rows: 3
   cols: 1
   dt: d
   data: [ -1.4814592005494737e+02, 6.5354189297379284e-01,
       8.8311940028609524e+00 ]
E: !!opencv-matrix
   rows: 0
   cols: 0
   dt: u
   data: []
F: !!opencv-matrix
   rows: 0
   cols: 0
   dt: u
   data: []
K1: !!opencv-matrix
   rows: 3
   cols: 3
   dt: d
   data: [ 3.6627756984521932e+02, 0., 3.8060969928433269e+02, 0.,
       3.6653175179255015e+02, 2.3878059668569790e+02, 0., 0., 1. ]
D1: !!opencv-matrix
   rows: 5
   cols: 1
   dt: d
   data: [ -2.1859934914563901e-02, -9.9468572971318997e-04,
       1.6448003429794193e-03, -3.1164985765511365e-04,
       3.5195408316194161e-04 ]
P1: !!opencv-matrix
   rows: 3
   cols: 4
   dt: f
   data: [ 3.56753296e+02, 0., 4.26501465e+02, 0., 0., 3.56753296e+02,
       2.31756973e+02, 0., 0., 0., 1., 0. ]
R1: !!opencv-matrix
   rows: 3
   cols: 3
   dt: f
   data: [ 9.97926474e-01, 7.24890362e-03, -6.39550984e-02,
       -6.96215685e-03, 9.99964714e-01, 4.70529357e-03, 6.39869496e-02,
       -4.25027171e-03, 9.97941673e-01 ]
K2: !!opencv-matrix
   rows: 3
   cols: 3
   dt: d
   data: [ 3.6687495098581172e+02, 0., 3.7621769200552956e+02, 0.,
       3.6726361788508825e+02, 2.2399932895774910e+02, 0., 0., 1. ]
D2: !!opencv-matrix
   rows: 5
   cols: 1
   dt: d
   data: [ -2.2201337830972428e-02, -1.1445843221826492e-03,
       2.9199201696882579e-04, -7.1705872414221615e-04,
       5.1284674356775366e-04 ]
P2: !!opencv-matrix
   rows: 3
   cols: 4
   dt: f
   data: [ 3.56753296e+02, 0., 4.26501465e+02, -5.39074609e+04, 0.,
       3.56753296e+02, 2.31756973e+02, 0., 0., 0., 1., 0. ]
R2: !!opencv-matrix
   rows: 3
   cols: 3
   dt: f
   data: [ 9.98218298e-01, -4.40361304e-03, -5.95052317e-02,
       4.13686037e-03, 9.99980867e-01, -4.60529467e-03, 5.95243722e-02,
       4.35092440e-03, 9.98217344e-01 ]
