%YAML:1.0
---
Q: !!opencv-matrix
   rows: 4
   cols: 4
   dt: f
   data: [ 1., 0., 0., -4.48753845e+02, 0., 1., 0., -2.31678604e+02, 0.,
       0., 0., 3.56244476e+02, 0., 0., 7.11258641e-03, 0. ]
R: !!opencv-matrix
   rows: 3
   cols: 3
   dt: d
   data: [ 1.0026962327570403e+00, 1.2374265627521837e-02,
       -5.7053690859038110e-03, -9.7539576883798346e-03,
       1.0111013261030144e+00, 9.3492313557081898e-03,
       4.0185504726197863e-03, -9.5296446097299092e-03,
       1.0113753450235439e+00 ]
T: !!opencv-matrix
   rows: 3
   cols: 1
   dt: d
   data: [ -1.3759137482841959e+02, 6.0701186161912168e-01,
       1.2023791124232799e+01 ]
E: !!opencv-matrix
   rows: 0
   cols: 0
   dt: u
   data: []
F: !!opencv-matrix
   rows: 0
   cols: 0
   dt: u
   data: []
K1: !!opencv-matrix
   rows: 3
   cols: 3
   dt: d
   data: [ 3.6627756984521932e+02, 0., 3.8060969928433269e+02, 0.,
       3.6653175179255015e+02, 2.3878059668569790e+02, 0., 0., 1. ]
D1: !!opencv-matrix
   rows: 5
   cols: 1
   dt: d
   data: [ -2.1859934914563901e-02, -9.9468572971318997e-04,
       1.6448003429794193e-03, -3.1164985765511365e-04,
       3.5195408316194161e-04 ]
P1: !!opencv-matrix
   rows: 3
   cols: 4
   dt: f
   data: [ 3.56244476e+02, 0., 4.48753845e+02, 0., 0., 3.56244476e+02,
       2.31678604e+02, 0., 0., 0., 1., 0. ]
R1: !!opencv-matrix
   rows: 3
   cols: 3
   dt: f
   data: [ 9.95760918e-01, 7.55184516e-03, -9.16686654e-02,
       -7.14602275e-03, 9.99963164e-01, 4.75447765e-03, 9.17011946e-02,
       -4.07925667e-03, 9.95778203e-01 ]
K2: !!opencv-matrix
   rows: 3
   cols: 3
   dt: d
   data: [ 3.6687495098581172e+02, 0., 3.7621769200552956e+02, 0.,
       3.6726361788508825e+02, 2.2399932895774910e+02, 0., 0., 1. ]
D2: !!opencv-matrix
   rows: 5
   cols: 1
   dt: d
   data: [ -2.2201337830972428e-02, -1.1445843221826492e-03,
       2.9199201696882579e-04, -7.1705872414221615e-04,
       5.1284674356775366e-04 ]
P2: !!opencv-matrix
   rows: 3
   cols: 4
   dt: f
   data: [ 3.56244476e+02, 0., 4.48753845e+02, -5.00864883e+04, 0.,
       3.56244476e+02, 2.31678604e+02, 0., 0., 0., 1., 0. ]
R2: !!opencv-matrix
   rows: 3
   cols: 3
   dt: f
   data: [ 9.96193826e-01, -4.39490704e-03, -8.70550498e-02,
       4.00957838e-03, 9.99981403e-01, -4.60062874e-03, 8.70736539e-02,
       4.23406390e-03, 9.96192873e-01 ]
