%YAML:1.0
---
Q: !!opencv-matrix
   rows: 4
   cols: 4
   dt: f
   data: [ 1., 0., 0., -4.48191528e+02, 0., 1., 0., -2.31719574e+02, 0.,
       0., 0., 3.55466095e+02, 0., 0., 7.41583807e-03, 0. ]
R: !!opencv-matrix
   rows: 3
   cols: 3
   dt: d
   data: [ 1.0093109097368798e+00, 9.8362574518508911e-03,
       -3.2838711554844212e-03, -9.7736672033810566e-03,
       1.0093156408790616e+00, 9.3219787147110923e-03,
       3.2776576809334539e-03, -9.2928417206488215e-03,
       1.0093673468611055e+00 ]
T: !!opencv-matrix
   rows: 3
   cols: 1
   dt: d
   data: [ -1.3470163618793669e+02, 5.9426406804766074e-01,
       1.1771272015297313e+01 ]
E: !!opencv-matrix
   rows: 0
   cols: 0
   dt: u
   data: []
F: !!opencv-matrix
   rows: 0
   cols: 0
   dt: u
   data: []
K1: !!opencv-matrix
   rows: 3
   cols: 3
   dt: d
   data: [ 3.6627756984521932e+02, 0., 3.8060969928433269e+02, 0.,
       3.6653175179255015e+02, 2.3878059668569790e+02, 0., 0., 1. ]
D1: !!opencv-matrix
   rows: 5
   cols: 1
   dt: d
   data: [ -2.1859934914563901e-02, -9.9468572971318997e-04,
       1.6448003429794193e-03, -3.1164985765511365e-04,
       3.5195408316194161e-04 ]
P1: !!opencv-matrix
   rows: 3
   cols: 4
   dt: f
   data: [ 3.55466095e+02, 0., 4.48191528e+02, 0., 0., 3.55466095e+02,
       2.31719574e+02, 0., 0., 0., 1., 0. ]
R1: !!opencv-matrix
   rows: 3
   cols: 3
   dt: f
   data: [ 9.95896101e-01, 6.09745970e-03, -9.02982578e-02,
       -5.70050487e-03, 9.99972939e-01, 4.65328619e-03, 9.03241858e-02,
       -4.11944417e-03, 9.95903909e-01 ]
K2: !!opencv-matrix
   rows: 3
   cols: 3
   dt: d
   data: [ 3.6687495098581172e+02, 0., 3.7621769200552956e+02, 0.,
       3.6726361788508825e+02, 2.2399932895774910e+02, 0., 0., 1. ]
D2: !!opencv-matrix
   rows: 5
   cols: 1
   dt: d
   data: [ -2.2201337830972428e-02, -1.1445843221826492e-03,
       2.9199201696882579e-04, -7.1705872414221615e-04,
       5.1284674356775366e-04 ]
P2: !!opencv-matrix
   rows: 3
   cols: 4
   dt: f
   data: [ 3.55466095e+02, 0., 4.48191528e+02, -4.79333672e+04, 0.,
       3.55466095e+02, 2.31719574e+02, 0., 0., 0., 1., 0. ]
R2: !!opencv-matrix
   rows: 3
   cols: 3
   dt: f
   data: [ 9.96193826e-01, -4.39491589e-03, -8.70551392e-02,
       4.01226105e-03, 9.99981523e-01, -4.57003340e-03, 8.70736167e-02,
       4.20335121e-03, 9.96192992e-01 ]
