%YAML:1.0
---
Q: !!opencv-matrix
   rows: 4
   cols: 4
   dt: f
   data: [ 1., 0., 0., -4.00457336e+02, 0., 1., 0., -2.24545258e+02, 0.,
       0., 0., 3.57572327e+02, 0., 0., 5.61329909e-03, 0. ]
R: !!opencv-matrix
   rows: 3
   cols: 3
   dt: d
   data: [ 1.0002591297342311e+00, 9.9123190764310899e-03,
       8.7435102192893078e-04, -9.8639416022865915e-03,
       1.0003402803771875e+00, 5.6994677976867118e-04,
       -7.0061873350280393e-04, -8.6149691096694501e-04,
       9.9977852877445328e-01 ]
T: !!opencv-matrix
   rows: 3
   cols: 1
   dt: d
   data: [ -1.7759736966417879e+02, -5.7223256547084766e-01,
       4.8323427019729870e+00 ]
E: !!opencv-matrix
   rows: 0
   cols: 0
   dt: u
   data: []
F: !!opencv-matrix
   rows: 0
   cols: 0
   dt: u
   data: []
K1: !!opencv-matrix
   rows: 3
   cols: 3
   dt: d
   data: [ 3.6619442195486482e+02, 0., 3.7800900657017900e+02, 0.,
       3.6631176586975289e+02, 2.2959692910978347e+02, 0., 0., 1. ]
D1: !!opencv-matrix
   rows: 5
   cols: 1
   dt: d
   data: [ -2.1502618721754269e-02, -1.2951184946942121e-03,
       -3.4127852927748451e-04, 2.7086966768530415e-04,
       4.7803342796299170e-04 ]
P1: !!opencv-matrix
   rows: 3
   cols: 4
   dt: f
   data: [ 3.57572327e+02, 0., 4.00457336e+02, 0., 0., 3.57572327e+02,
       2.24545258e+02, 0., 0., 0., 1., 0. ]
R1: !!opencv-matrix
   rows: 3
   cols: 3
   dt: f
   data: [ 9.99458671e-01, 1.46519998e-02, -2.94573400e-02,
       -1.46426288e-02, 9.99892652e-01, 5.33820246e-04, 2.94620004e-02,
       -1.02198377e-04, 9.99565899e-01 ]
K2: !!opencv-matrix
   rows: 3
   cols: 3
   dt: d
   data: [ 3.6684495620748953e+02, 0., 3.7586764757372902e+02, 0.,
       3.6714722400637692e+02, 2.2165240635390552e+02, 0., 0., 1. ]
D2: !!opencv-matrix
   rows: 5
   cols: 1
   dt: d
   data: [ -2.2125888778928394e-02, -1.1613594850445373e-03,
       2.4824541603873712e-04, -1.2117770058109102e-04,
       4.8874862320422683e-04 ]
P2: !!opencv-matrix
   rows: 3
   cols: 4
   dt: f
   data: [ 3.57572327e+02, 0., 4.00457336e+02, -6.37009219e+04, 0.,
       3.57572327e+02, 2.24545258e+02, 0., 0., 0., 1., 0. ]
R2: !!opencv-matrix
   rows: 3
   cols: 3
   dt: f
   data: [ 9.99528408e-01, 4.70485492e-03, -3.03450208e-02,
       -4.71450668e-03, 9.99988854e-01, -2.46542098e-04, 3.03435232e-02,
       3.89487657e-04, 9.99539435e-01 ]
