%YAML:1.0
---
Q: !!opencv-matrix
   rows: 4
   cols: 4
   dt: f
   data: [ 1., 0., 0., -4.11221375e+02, 0., 1., 0., -2.24162903e+02, 0.,
       0., 0., 3.58892944e+02, 0., 0., 5.63947577e-03, 0. ]
R: !!opencv-matrix
   rows: 3
   cols: 3
   dt: d
   data: [ 9.9998760743215187e-01, 9.9996623862006907e-03,
       4.3829859057213259e-04, -9.9119144512149482e-03,
       1.0011287833240361e+00, 1.6461358167384800e-03,
       -4.1651065574034086e-04, -3.3764400166161953e-04,
       9.9984615992248937e-01 ]
T: !!opencv-matrix
   rows: 3
   cols: 1
   dt: d
   data: [ -1.7766254557354429e+02, -2.8946177048209489e+00,
       7.7927065484072902e+00 ]
E: !!opencv-matrix
   rows: 0
   cols: 0
   dt: u
   data: []
F: !!opencv-matrix
   rows: 0
   cols: 0
   dt: u
   data: []
K1: !!opencv-matrix
   rows: 3
   cols: 3
   dt: d
   data: [ 3.6619442195486482e+02, 0., 3.7800900657017900e+02, 0.,
       3.6631176586975289e+02, 2.2959692910978347e+02, 0., 0., 1. ]
D1: !!opencv-matrix
   rows: 5
   cols: 1
   dt: d
   data: [ -2.1502618721754269e-02, -1.2951184946942121e-03,
       -3.4127852927748451e-04, 2.7086966768530415e-04,
       4.7803342796299170e-04 ]
P1: !!opencv-matrix
   rows: 3
   cols: 4
   dt: f
   data: [ 3.58892944e+02, 0., 4.11221375e+02, 0., 0., 3.58892944e+02,
       2.24162903e+02, 0., 0., 0., 1., 0. ]
R1: !!opencv-matrix
   rows: 3
   cols: 3
   dt: f
   data: [ 9.98694777e-01, 2.65190657e-02, -4.36523296e-02,
       -2.65032183e-02, 9.99648273e-01, 9.41831851e-04, 4.36619557e-02,
       2.16324785e-04, 9.99046326e-01 ]
K2: !!opencv-matrix
   rows: 3
   cols: 3
   dt: d
   data: [ 3.6684495620748953e+02, 0., 3.7586764757372902e+02, 0.,
       3.6714722400637692e+02, 2.2165240635390552e+02, 0., 0., 1. ]
D2: !!opencv-matrix
   rows: 5
   cols: 1
   dt: d
   data: [ -2.2125888778928394e-02, -1.1613594850445373e-03,
       2.4824541603873712e-04, -1.2117770058109102e-04,
       4.8874862320422683e-04 ]
P2: !!opencv-matrix
   rows: 3
   cols: 4
   dt: f
   data: [ 3.58892944e+02, 0., 4.11221375e+02, -6.36394141e+04, 0.,
       3.58892944e+02, 2.24162903e+02, 0., 0., 0., 1., 0. ]
R2: !!opencv-matrix
   rows: 3
   cols: 3
   dt: f
   data: [ 9.98894930e-01, 1.65927038e-02, -4.39731218e-02,
       -1.66086648e-02, 9.99862075e-01, 2.39702172e-06, 4.39670943e-02,
       7.27940409e-04, 9.99032736e-01 ]
