%YAML:1.0
---
Q: !!opencv-matrix
   rows: 4
   cols: 4
   dt: f
   data: [ 1., 0., 0., -4.03083160e+02, 0., 1., 0., -2.24567688e+02, 0.,
       0., 0., 3.57380432e+02, 0., 0., 5.58776828e-03, 0. ]
R: !!opencv-matrix
   rows: 3
   cols: 3
   dt: d
   data: [ 9.9987578995734383e-01, 9.5477464545727624e-03,
       6.3336439294309536e-04, -9.6196007616540548e-03,
       1.0004609847802681e+00, 6.6143619601654637e-04,
       -5.6737405364655719e-04, -8.7824680893888328e-04,
       9.9998032146308258e-01 ]
T: !!opencv-matrix
   rows: 3
   cols: 1
   dt: d
   data: [ -1.7858906170617590e+02, -1.6911078984496203e-01,
       5.8843809994094896e+00 ]
E: !!opencv-matrix
   rows: 0
   cols: 0
   dt: u
   data: []
F: !!opencv-matrix
   rows: 0
   cols: 0
   dt: u
   data: []
K1: !!opencv-matrix
   rows: 3
   cols: 3
   dt: d
   data: [ 3.6619442195486482e+02, 0., 3.7800900657017900e+02, 0.,
       3.6631176586975289e+02, 2.2959692910978347e+02, 0., 0., 1. ]
D1: !!opencv-matrix
   rows: 5
   cols: 1
   dt: d
   data: [ -2.1502618721754269e-02, -1.2951184946942121e-03,
       -3.4127852927748451e-04, 2.7086966768530415e-04,
       4.7803342796299170e-04 ]
P1: !!opencv-matrix
   rows: 3
   cols: 4
   dt: f
   data: [ 3.57380432e+02, 0., 4.03083160e+02, 0., 0., 3.57380432e+02,
       2.24567688e+02, 0., 0., 0., 1., 0. ]
R1: !!opencv-matrix
   rows: 3
   cols: 3
   dt: f
   data: [ 9.99386251e-01, 1.21132499e-02, -3.28694247e-02,
       -1.21020461e-02, 9.99926627e-01, 5.39789035e-04, 3.28735523e-02,
       -1.41670404e-04, 9.99459505e-01 ]
K2: !!opencv-matrix
   rows: 3
   cols: 3
   dt: d
   data: [ 3.6684495620748953e+02, 0., 3.7586764757372902e+02, 0.,
       3.6714722400637692e+02, 2.2165240635390552e+02, 0., 0., 1. ]
D2: !!opencv-matrix
   rows: 5
   cols: 1
   dt: d
   data: [ -2.2125888778928394e-02, -1.1613594850445373e-03,
       2.4824541603873712e-04, -1.2117770058109102e-04,
       4.8874862320422683e-04 ]
P2: !!opencv-matrix
   rows: 3
   cols: 4
   dt: f
   data: [ 3.57380432e+02, 0., 4.03083160e+02, -6.39576328e+04, 0.,
       3.57380432e+02, 2.24567688e+02, 0., 0., 0., 1., 0. ]
R2: !!opencv-matrix
   rows: 3
   cols: 3
   dt: f
   data: [ 9.99434531e-01, 2.48675235e-03, -3.35334614e-02,
       -2.49818130e-03, 9.99996841e-01, -2.98931991e-04, 3.35326120e-02,
       3.82535625e-04, 9.99437571e-01 ]
