%YAML:1.0
---
Q: !!opencv-matrix
   rows: 4
   cols: 4
   dt: f
   data: [ 1., 0., 0., -3.88405121e+02, 0., 1., 0., -2.24666168e+02, 0.,
       0., 0., 3.58001190e+02, 0., 0., 5.69493184e-03, 0. ]
R: !!opencv-matrix
   rows: 3
   cols: 3
   dt: d
   data: [ 9.9987382261897140e-01, 9.2569970824493333e-03,
       -2.8488211341513558e-06, -9.7307567849818540e-03,
       1.0004326595070747e+00, 7.5274637938778886e-04,
       -4.9152859919986754e-04, -1.4230849419522543e-03,
       1.0001918394287652e+00 ]
T: !!opencv-matrix
   rows: 3
   cols: 1
   dt: d
   data: [ -1.7567303428232813e+02, -8.0033133072747542e-01,
       3.6408673229796311e+00 ]
E: !!opencv-matrix
   rows: 0
   cols: 0
   dt: u
   data: []
F: !!opencv-matrix
   rows: 0
   cols: 0
   dt: u
   data: []
K1: !!opencv-matrix
   rows: 3
   cols: 3
   dt: d
   data: [ 3.6619442195486482e+02, 0., 3.7800900657017900e+02, 0.,
       3.6631176586975289e+02, 2.2959692910978347e+02, 0., 0., 1. ]
D1: !!opencv-matrix
   rows: 5
   cols: 1
   dt: d
   data: [ -2.1502618721754269e-02, -1.2951184946942121e-03,
       -3.4127852927748451e-04, 2.7086966768530415e-04,
       4.7803342796299170e-04 ]
P1: !!opencv-matrix
   rows: 3
   cols: 4
   dt: f
   data: [ 3.58001190e+02, 0., 3.88405121e+02, 0., 0., 3.58001190e+02,
       2.24666168e+02, 0., 0., 0., 1., 0. ]
R1: !!opencv-matrix
   rows: 3
   cols: 3
   dt: f
   data: [ 9.99831319e-01, 1.14815356e-02, -1.43364742e-02,
       -1.14738839e-02, 9.99933958e-01, 6.15860044e-04, 1.43425995e-02,
       -4.51261090e-04, 9.99897063e-01 ]
K2: !!opencv-matrix
   rows: 3
   cols: 3
   dt: d
   data: [ 3.6684495620748953e+02, 0., 3.7586764757372902e+02, 0.,
       3.6714722400637692e+02, 2.2165240635390552e+02, 0., 0., 1. ]
D2: !!opencv-matrix
   rows: 5
   cols: 1
   dt: d
   data: [ -2.2125888778928394e-02, -1.1613594850445373e-03,
       2.4824541603873712e-04, -1.2117770058109102e-04,
       4.8874862320422683e-04 ]
P2: !!opencv-matrix
   rows: 3
   cols: 4
   dt: f
   data: [ 3.58001190e+02, 0., 3.88405121e+02, -6.28631211e+04, 0.,
       3.58001190e+02, 2.24666168e+02, 0., 0., 0., 1., 0. ]
R2: !!opencv-matrix
   rows: 3
   cols: 3
   dt: f
   data: [ 9.99891698e-01, 2.03444739e-03, -1.45744635e-02,
       -2.04222417e-03, 9.99997795e-01, -5.18714543e-04, 1.45733757e-02,
       5.48422686e-04, 9.99893665e-01 ]
