%YAML:1.0
---
Q: !!opencv-matrix
   rows: 4
   cols: 4
   dt: f
   data: [ 1., 0., 0., -3.94926331e+02, 0., 1., 0., -2.24725327e+02, 0.,
       0., 0., 3.56402832e+02, 0., 0., 5.55817550e-03, 0. ]
R: !!opencv-matrix
   rows: 3
   cols: 3
   dt: d
   data: [ 9.9997186847307684e-01, 9.3506289893004971e-03,
       9.7544323230757421e-04, -9.6428900495225366e-03,
       9.9969269557748164e-01, 7.5674018959123518e-05,
       -9.1641002192894227e-04, -2.1165985677752595e-03,
       1.0001130764711301e+00 ]
T: !!opencv-matrix
   rows: 3
   cols: 1
   dt: d
   data: [ -1.7959507791869817e+02, 1.4284656466955830e+00,
       3.5188681806978530e+00 ]
E: !!opencv-matrix
   rows: 0
   cols: 0
   dt: u
   data: []
F: !!opencv-matrix
   rows: 0
   cols: 0
   dt: u
   data: []
K1: !!opencv-matrix
   rows: 3
   cols: 3
   dt: d
   data: [ 3.6619442195486482e+02, 0., 3.7800900657017900e+02, 0.,
       3.6631176586975289e+02, 2.2959692910978347e+02, 0., 0., 1. ]
D1: !!opencv-matrix
   rows: 5
   cols: 1
   dt: d
   data: [ -2.1502618721754269e-02, -1.2951184946942121e-03,
       -3.4127852927748451e-04, 2.7086966768530415e-04,
       4.7803342796299170e-04 ]
P1: !!opencv-matrix
   rows: 3
   cols: 4
   dt: f
   data: [ 3.56402832e+02, 0., 3.94926331e+02, 0., 0., 3.56402832e+02,
       2.24725327e+02, 0., 0., 0., 1., 0. ]
R1: !!opencv-matrix
   rows: 3
   cols: 3
   dt: f
   data: [ 9.99744475e-01, 4.39299038e-03, -2.21729185e-02,
       -4.38133860e-03, 9.99990225e-01, 5.74042788e-04, 2.21752245e-02,
       -4.76749090e-04, 9.99754012e-01 ]
K2: !!opencv-matrix
   rows: 3
   cols: 3
   dt: d
   data: [ 3.6684495620748953e+02, 0., 3.7586764757372902e+02, 0.,
       3.6714722400637692e+02, 2.2165240635390552e+02, 0., 0., 1. ]
D2: !!opencv-matrix
   rows: 5
   cols: 1
   dt: d
   data: [ -2.2125888778928394e-02, -1.1613594850445373e-03,
       2.4824541603873712e-04, -1.2117770058109102e-04,
       4.8874862320422683e-04 ]
P2: !!opencv-matrix
   rows: 3
   cols: 4
   dt: f
   data: [ 3.56402832e+02, 0., 3.94926331e+02, -6.41222695e+04, 0.,
       3.56402832e+02, 2.24725327e+02, 0., 0., 0., 1., 0. ]
R2: !!opencv-matrix
   rows: 3
   cols: 3
   dt: f
   data: [ 9.99718964e-01, -5.16354339e-03, -2.31372770e-02,
       5.15138451e-03, 9.99986589e-01, -5.85069298e-04, 2.31399871e-02,
       4.65715886e-04, 9.99732137e-01 ]
