%YAML:1.0
---
Q: !!opencv-matrix
   rows: 4
   cols: 4
   dt: f
   data: [ 1., 0., 0., -4.13516022e+02, 0., 1., 0., -2.24160110e+02, 0.,
       0., 0., 3.58785370e+02, 0., 0., 5.60647482e-03, 0. ]
R: !!opencv-matrix
   rows: 3
   cols: 3
   dt: d
   data: [ 9.9974628457490311e-01, 9.9507668270087495e-03,
       4.4595675588292050e-04, -1.0015297843823691e-02,
       1.0012706377799372e+00, 1.2290126173345399e-03,
       -4.4381897244711942e-04, -1.0046667631129285e-03,
       9.9996737658353774e-01 ]
T: !!opencv-matrix
   rows: 3
   cols: 1
   dt: d
   data: [ -1.7814081980690710e+02, -2.6409366720893970e+00,
       8.0144952635171052e+00 ]
E: !!opencv-matrix
   rows: 0
   cols: 0
   dt: u
   data: []
F: !!opencv-matrix
   rows: 0
   cols: 0
   dt: u
   data: []
K1: !!opencv-matrix
   rows: 3
   cols: 3
   dt: d
   data: [ 3.6619442195486482e+02, 0., 3.7800900657017900e+02, 0.,
       3.6631176586975289e+02, 2.2959692910978347e+02, 0., 0., 1. ]
D1: !!opencv-matrix
   rows: 5
   cols: 1
   dt: d
   data: [ -2.1502618721754269e-02, -1.2951184946942121e-03,
       -3.4127852927748451e-04, 2.7086966768530415e-04,
       4.7803342796299170e-04 ]
P1: !!opencv-matrix
   rows: 3
   cols: 4
   dt: f
   data: [ 3.58785370e+02, 0., 4.13516022e+02, 0., 0., 3.58785370e+02,
       2.24160110e+02, 0., 0., 0., 1., 0. ]
R1: !!opencv-matrix
   rows: 3
   cols: 3
   dt: f
   data: [ 9.98602867e-01, 2.51584165e-02, -4.64686342e-02,
       -2.51396094e-02, 9.99683440e-01, 9.89197637e-04, 4.64788117e-02,
       1.80387622e-04, 9.98919249e-01 ]
K2: !!opencv-matrix
   rows: 3
   cols: 3
   dt: d
   data: [ 3.6684495620748953e+02, 0., 3.7586764757372902e+02, 0.,
       3.6714722400637692e+02, 2.2165240635390552e+02, 0., 0., 1. ]
D2: !!opencv-matrix
   rows: 5
   cols: 1
   dt: d
   data: [ -2.2125888778928394e-02, -1.1613594850445373e-03,
       2.4824541603873712e-04, -1.2117770058109102e-04,
       4.8874862320422683e-04 ]
P2: !!opencv-matrix
   rows: 3
   cols: 4
   dt: f
   data: [ 3.58785370e+02, 0., 4.13516022e+02, -6.39948242e+04, 0.,
       3.58785370e+02, 2.24160110e+02, 0., 0., 0., 1., 0. ]
R2: !!opencv-matrix
   rows: 3
   cols: 3
   dt: f
   data: [ 9.98784363e-01, 1.51183158e-02, -4.69169132e-02,
       -1.51372999e-02, 9.99885440e-01, -4.93556727e-05, 4.69107926e-02,
       7.59491115e-04, 9.98898804e-01 ]
