%YAML:1.0
---
Q: !!opencv-matrix
   rows: 4
   cols: 4
   dt: f
   data: [ 1., 0., 0., -3.88052673e+02, 0., 1., 0., -2.24597565e+02, 0.,
       0., 0., 3.57798248e+02, 0., 0., 5.52173844e-03, 0. ]
R: !!opencv-matrix
   rows: 3
   cols: 3
   dt: d
   data: [ 9.9960806038899364e-01, 1.0061417643279709e-02,
       1.4028734337800115e-03, -9.9531315676454398e-03,
       9.9999209993755234e-01, 9.8528527689389109e-04,
       -1.4499409482138243e-03, -3.2208790633316074e-04,
       1.0002331551225780e+00 ]
T: !!opencv-matrix
   rows: 3
   cols: 1
   dt: d
   data: [ -1.8146339607069362e+02, -2.1755087979628938e+00,
       1.4607150743760910e+00 ]
E: !!opencv-matrix
   rows: 0
   cols: 0
   dt: u
   data: []
F: !!opencv-matrix
   rows: 0
   cols: 0
   dt: u
   data: []
K1: !!opencv-matrix
   rows: 3
   cols: 3
   dt: d
   data: [ 3.6619442195486482e+02, 0., 3.7800900657017900e+02, 0.,
       3.6631176586975289e+02, 2.2959692910978347e+02, 0., 0., 1. ]
D1: !!opencv-matrix
   rows: 5
   cols: 1
   dt: d
   data: [ -2.1502618721754269e-02, -1.2951184946942121e-03,
       -3.4127852927748451e-04, 2.7086966768530415e-04,
       4.7803342796299170e-04 ]
P1: !!opencv-matrix
   rows: 3
   cols: 4
   dt: f
   data: [ 3.57798248e+02, 0., 3.88052673e+02, 0., 0., 3.57798248e+02,
       2.24597565e+02, 0., 0., 0., 1., 0. ]
R1: !!opencv-matrix
   rows: 3
   cols: 3
   dt: f
   data: [ 9.99713182e-01, 1.97775085e-02, -1.35060577e-02,
       -1.97740700e-02, 9.99804378e-01, 3.88192595e-04, 1.35110933e-02,
       -1.21011537e-04, 9.99908686e-01 ]
K2: !!opencv-matrix
   rows: 3
   cols: 3
   dt: d
   data: [ 3.6684495620748953e+02, 0., 3.7586764757372902e+02, 0.,
       3.6714722400637692e+02, 2.2165240635390552e+02, 0., 0., 1. ]
D2: !!opencv-matrix
   rows: 5
   cols: 1
   dt: d
   data: [ -2.2125888778928394e-02, -1.1613594850445373e-03,
       2.4824541603873712e-04, -1.2117770058109102e-04,
       4.8874862320422683e-04 ]
P2: !!opencv-matrix
   rows: 3
   cols: 4
   dt: f
   data: [ 3.57798248e+02, 0., 3.88052673e+02, -6.47981133e+04, 0.,
       3.57798248e+02, 2.24597565e+02, 0., 0., 0., 1., 0. ]
R2: !!opencv-matrix
   rows: 3
   cols: 3
   dt: f
   data: [ 9.99842405e-01, 9.79499891e-03, -1.48068797e-02,
       -9.79876891e-03, 9.99951959e-01, -1.82080053e-04, 1.48043847e-02,
       3.27140559e-04, 9.99890327e-01 ]
