%YAML:1.0
---
Q: !!opencv-matrix
   rows: 4
   cols: 4
   dt: f
   data: [ 1., 0., 0., -3.99274841e+02, 0., 1., 0., -2.24501038e+02, 0.,
       0., 0., 3.57820282e+02, 0., 0., 5.49824489e-03, 0. ]
R: !!opencv-matrix
   rows: 3
   cols: 3
   dt: d
   data: [ 1.0001439025175853e+00, 1.0065148197446316e-02,
       9.0699389615301403e-04, -9.9589376522670279e-03,
       1.0005035577862842e+00, 9.2737886739717782e-04,
       -8.4276667043318683e-04, -5.3527068491191258e-04,
       9.9979297971325787e-01 ]
T: !!opencv-matrix
   rows: 3
   cols: 1
   dt: d
   data: [ -1.8179447486943783e+02, -1.4511558186622548e+00,
       5.2558666063844361e+00 ]
E: !!opencv-matrix
   rows: 0
   cols: 0
   dt: u
   data: []
F: !!opencv-matrix
   rows: 0
   cols: 0
   dt: u
   data: []
K1: !!opencv-matrix
   rows: 3
   cols: 3
   dt: d
   data: [ 3.6619442195486482e+02, 0., 3.7800900657017900e+02, 0.,
       3.6631176586975289e+02, 2.2959692910978347e+02, 0., 0., 1. ]
D1: !!opencv-matrix
   rows: 5
   cols: 1
   dt: d
   data: [ -2.1502618721754269e-02, -1.2951184946942121e-03,
       -3.4127852927748451e-04, 2.7086966768530415e-04,
       4.7803342796299170e-04 ]
P1: !!opencv-matrix
   rows: 3
   cols: 4
   dt: f
   data: [ 3.57820282e+02, 0., 3.99274841e+02, 0., 0., 3.57820282e+02,
       2.24501038e+02, 0., 0., 0., 1., 0. ]
R1: !!opencv-matrix
   rows: 3
   cols: 3
   dt: f
   data: [ 9.99445379e-01, 1.80030707e-02, -2.80150939e-02,
       -1.79949012e-02, 9.99837935e-01, 5.43743663e-04, 2.80203428e-02,
       -3.93132505e-05, 9.99607325e-01 ]
K2: !!opencv-matrix
   rows: 3
   cols: 3
   dt: d
   data: [ 3.6684495620748953e+02, 0., 3.7586764757372902e+02, 0.,
       3.6714722400637692e+02, 2.2165240635390552e+02, 0., 0., 1. ]
D2: !!opencv-matrix
   rows: 5
   cols: 1
   dt: d
   data: [ -2.2125888778928394e-02, -1.1613594850445373e-03,
       2.4824541603873712e-04, -1.2117770058109102e-04,
       4.8874862320422683e-04 ]
P2: !!opencv-matrix
   rows: 3
   cols: 4
   dt: f
   data: [ 3.57820282e+02, 0., 3.99274841e+02, -65079., 0.,
       3.57820282e+02, 2.24501038e+02, 0., 0., 0., 1., 0. ]
R2: !!opencv-matrix
   rows: 3
   cols: 3
   dt: f
   data: [ 9.99550521e-01, 7.97881000e-03, -2.88980417e-02,
       -7.98723660e-03, 9.99968112e-01, -1.76167974e-04, 2.88957134e-02,
       4.06904262e-04, 9.99582350e-01 ]
