%YAML:1.0
---
Q: !!opencv-matrix
   rows: 4
   cols: 4
   dt: f
   data: [ 1., 0., 0., -3.67946289e+02, 0., 1., 0., -2.24802353e+02, 0.,
       0., 0., 3.51653442e+02, 0., 0., 5.60789369e-03, 0. ]
R: !!opencv-matrix
   rows: 3
   cols: 3
   dt: d
   data: [ 9.9950850843803740e-01, 9.9355745487404584e-03,
       1.4326087179217430e-03, -1.0005703917188897e-02,
       9.9942628001391376e-01, 5.6440311641360933e-04,
       -1.7477504734562030e-03, -1.3031577048375550e-03,
       1.0005211975523793e+00 ]
T: !!opencv-matrix
   rows: 3
   cols: 1
   dt: d
   data: [ -1.7814276067457891e+02, -1.5642090972371350e+00,
       -2.1459788525031422e+00 ]
E: !!opencv-matrix
   rows: 0
   cols: 0
   dt: u
   data: []
F: !!opencv-matrix
   rows: 0
   cols: 0
   dt: u
   data: []
K1: !!opencv-matrix
   rows: 3
   cols: 3
   dt: d
   data: [ 3.6619442195486482e+02, 0., 3.7800900657017900e+02, 0.,
       3.6631176586975289e+02, 2.2959692910978347e+02, 0., 0., 1. ]
D1: !!opencv-matrix
   rows: 5
   cols: 1
   dt: d
   data: [ -2.1502618721754269e-02, -1.2951184946942121e-03,
       -3.4127852927748451e-04, 2.7086966768530415e-04,
       4.7803342796299170e-04 ]
P1: !!opencv-matrix
   rows: 3
   cols: 4
   dt: f
   data: [ 3.51653442e+02, 0., 3.67946289e+02, 0., 0., 3.51653442e+02,
       2.24802353e+02, 0., 0., 0., 1., 0. ]
R1: !!opencv-matrix
   rows: 3
   cols: 3
   dt: f
   data: [ 9.99700904e-01, 2.10989211e-02, 1.23658152e-02,
       -2.11045537e-02, 9.99777198e-01, 3.25128203e-04, -1.23562003e-02,
       -5.86005975e-04, 9.99923468e-01 ]
K2: !!opencv-matrix
   rows: 3
   cols: 3
   dt: d
   data: [ 3.6684495620748953e+02, 0., 3.7586764757372902e+02, 0.,
       3.6714722400637692e+02, 2.2165240635390552e+02, 0., 0., 1. ]
D2: !!opencv-matrix
   rows: 5
   cols: 1
   dt: d
   data: [ -2.2125888778928394e-02, -1.1613594850445373e-03,
       2.4824541603873712e-04, -1.2117770058109102e-04,
       4.8874862320422683e-04 ]
P2: !!opencv-matrix
   rows: 3
   cols: 4
   dt: f
   data: [ 3.51653442e+02, 0., 3.67946289e+02, -6.27068672e+04, 0.,
       3.51653442e+02, 2.24802353e+02, 0., 0., 0., 1., 0. ]
R2: !!opencv-matrix
   rows: 3
   cols: 3
   dt: f
   data: [ 9.99880910e-01, 1.10624172e-02, 1.07612843e-02,
       -1.10575128e-02, 9.99938726e-01, -5.15114807e-04, -1.07663237e-02,
       3.96060408e-04, 9.99941945e-01 ]
