%YAML:1.0
---
Q: !!opencv-matrix
   rows: 4
   cols: 4
   dt: f
   data: [ 1., 0., 0., -3.97244263e+02, 0., 1., 0., -2.24358002e+02, 0.,
       0., 0., 3.58700378e+02, 0., 0., 5.56700118e-03, 0. ]
R: !!opencv-matrix
   rows: 3
   cols: 3
   dt: d
   data: [ 9.9966034888846012e-01, 1.0178572252056725e-02,
       7.8922623742443175e-04, -9.9378526351813941e-03,
       1.0006827730182040e+00, 1.4285720864099553e-03,
       -9.7177140801079449e-04, -3.3109017902157646e-04,
       1.0001442590341689e+00 ]
T: !!opencv-matrix
   rows: 3
   cols: 1
   dt: d
   data: [ -1.7998632589478851e+02, -3.1897703297800120e+00,
       4.8270246501206220e+00 ]
E: !!opencv-matrix
   rows: 0
   cols: 0
   dt: u
   data: []
F: !!opencv-matrix
   rows: 0
   cols: 0
   dt: u
   data: []
K1: !!opencv-matrix
   rows: 3
   cols: 3
   dt: d
   data: [ 3.6619442195486482e+02, 0., 3.7800900657017900e+02, 0.,
       3.6631176586975289e+02, 2.2959692910978347e+02, 0., 0., 1. ]
D1: !!opencv-matrix
   rows: 5
   cols: 1
   dt: d
   data: [ -2.1502618721754269e-02, -1.2951184946942121e-03,
       -3.4127852927748451e-04, 2.7086966768530415e-04,
       4.7803342796299170e-04 ]
P1: !!opencv-matrix
   rows: 3
   cols: 4
   dt: f
   data: [ 3.58700378e+02, 0., 3.97244263e+02, 0., 0., 3.58700378e+02,
       2.24358002e+02, 0., 0., 0., 1., 0. ]
R1: !!opencv-matrix
   rows: 3
   cols: 3
   dt: f
   data: [ 9.99251246e-01, 2.89522149e-02, -2.56650019e-02,
       -2.89418306e-02, 9.99580801e-01, 7.76076573e-04, 2.56767124e-02,
       -3.27033522e-05, 9.99670327e-01 ]
K2: !!opencv-matrix
   rows: 3
   cols: 3
   dt: d
   data: [ 3.6684495620748953e+02, 0., 3.7586764757372902e+02, 0.,
       3.6714722400637692e+02, 2.2165240635390552e+02, 0., 0., 1. ]
D2: !!opencv-matrix
   rows: 5
   cols: 1
   dt: d
   data: [ -2.2125888778928394e-02, -1.1613594850445373e-03,
       2.4824541603873712e-04, -1.2117770058109102e-04,
       4.8874862320422683e-04 ]
P2: !!opencv-matrix
   rows: 3
   cols: 4
   dt: f
   data: [ 3.58700378e+02, 0., 3.97244263e+02, -6.44333164e+04, 0.,
       3.58700378e+02, 2.24358002e+02, 0., 0., 0., 1., 0. ]
R2: !!opencv-matrix
   rows: 3
   cols: 3
   dt: f
   data: [ 9.99470413e-01, 1.89050213e-02, -2.64848694e-02,
       -1.89157333e-02, 9.99821067e-01, -1.53962537e-04, 2.64772195e-02,
       6.54861738e-04, 9.99649227e-01 ]
