%YAML:1.0
---
Q: !!opencv-matrix
   rows: 4
   cols: 4
   dt: f
   data: [ 1., 0., 0., -3.64857330e+02, 0., 1., 0., -2.24808533e+02, 0.,
       0., 0., 3.51734955e+02, 0., 0., 5.64355543e-03, 0. ]
R: !!opencv-matrix
   rows: 3
   cols: 3
   dt: d
   data: [ 9.9870289266109546e-01, 9.9985280903148125e-03,
       1.2673261486978048e-03, -9.9297998054894802e-03,
       9.9952979725551538e-01, 6.9715730627900780e-04,
       -1.6107197674778459e-03, -1.6359319264444805e-04,
       1.0011012853074241e+00 ]
T: !!opencv-matrix
   rows: 3
   cols: 1
   dt: d
   data: [ -1.7716891264517969e+02, -1.2999770143087739e+00,
       -2.6342105929100956e+00 ]
E: !!opencv-matrix
   rows: 0
   cols: 0
   dt: u
   data: []
F: !!opencv-matrix
   rows: 0
   cols: 0
   dt: u
   data: []
K1: !!opencv-matrix
   rows: 3
   cols: 3
   dt: d
   data: [ 3.6619442195486482e+02, 0., 3.7800900657017900e+02, 0.,
       3.6631176586975289e+02, 2.2959692910978347e+02, 0., 0., 1. ]
D1: !!opencv-matrix
   rows: 5
   cols: 1
   dt: d
   data: [ -2.1502618721754269e-02, -1.2951184946942121e-03,
       -3.4127852927748451e-04, 2.7086966768530415e-04,
       4.7803342796299170e-04 ]
P1: !!opencv-matrix
   rows: 3
   cols: 4
   dt: f
   data: [ 3.51734955e+02, 0., 3.64857330e+02, 0., 0., 3.51734955e+02,
       2.24808533e+02, 0., 0., 0., 1., 0. ]
R1: !!opencv-matrix
   rows: 3
   cols: 3
   dt: f
   data: [ 9.99717295e-01, 1.73001997e-02, 1.63090900e-02,
       -1.73042621e-02, 9.99850273e-01, 1.07984939e-04, -1.63047798e-02,
       -3.90171161e-04, 9.99866962e-01 ]
K2: !!opencv-matrix
   rows: 3
   cols: 3
   dt: d
   data: [ 3.6684495620748953e+02, 0., 3.7586764757372902e+02, 0.,
       3.6714722400637692e+02, 2.2165240635390552e+02, 0., 0., 1. ]
D2: !!opencv-matrix
   rows: 5
   cols: 1
   dt: d
   data: [ -2.2125888778928394e-02, -1.1613594850445373e-03,
       2.4824541603873712e-04, -1.2117770058109102e-04,
       4.8874862320422683e-04 ]
P2: !!opencv-matrix
   rows: 3
   cols: 4
   dt: f
   data: [ 3.51734955e+02, 0., 3.64857330e+02, -6.23250625e+04, 0.,
       3.51734955e+02, 2.24808533e+02, 0., 0., 0., 1., 0. ]
R2: !!opencv-matrix
   rows: 3
   cols: 3
   dt: f
   data: [ 9.99862552e-01, 7.33649218e-03, 1.48663139e-02,
       -7.33278878e-03, 9.99973059e-01, -3.03613720e-04, -1.48681402e-02,
       1.94560460e-04, 9.99889433e-01 ]
