%YAML:1.0
---
Q: !!opencv-matrix
   rows: 4
   cols: 4
   dt: f
   data: [ 1., 0., 0., -3.91966980e+02, 0., 1., 0., -2.24538239e+02, 0.,
       0., 0., 3.57801575e+02, 0., 0., 5.51756239e-03, 0. ]
R: !!opencv-matrix
   rows: 3
   cols: 3
   dt: d
   data: [ 1.0000838346333771e+00, 1.0089813543185151e-02,
       1.5176881320812187e-03, -9.9140709271861617e-03,
       1.0004172791323576e+00, 1.1214263292376361e-03,
       -1.3683047465811681e-03, -4.8326818411352547e-05,
       9.9976072691499429e-01 ]
T: !!opencv-matrix
   rows: 3
   cols: 1
   dt: d
   data: [ -1.8170287902730681e+02, -2.1508658283489144e+00,
       3.8259972515269611e+00 ]
E: !!opencv-matrix
   rows: 0
   cols: 0
   dt: u
   data: []
F: !!opencv-matrix
   rows: 0
   cols: 0
   dt: u
   data: []
K1: !!opencv-matrix
   rows: 3
   cols: 3
   dt: d
   data: [ 3.6619442195486482e+02, 0., 3.7800900657017900e+02, 0.,
       3.6631176586975289e+02, 2.2959692910978347e+02, 0., 0., 1. ]
D1: !!opencv-matrix
   rows: 5
   cols: 1
   dt: d
   data: [ -2.1502618721754269e-02, -1.2951184946942121e-03,
       -3.4127852927748451e-04, 2.7086966768530415e-04,
       4.7803342796299170e-04 ]
P1: !!opencv-matrix
   rows: 3
   cols: 4
   dt: f
   data: [ 3.57801575e+02, 0., 3.91966980e+02, 0., 0., 3.57801575e+02,
       2.24538239e+02, 0., 0., 0., 1., 0. ]
R1: !!opencv-matrix
   rows: 3
   cols: 3
   dt: f
   data: [ 9.99603510e-01, 2.12307740e-02, -1.84940081e-02,
       -2.12245248e-02, 9.99774575e-01, 5.34191378e-04, 1.85011812e-02,
       -1.41453071e-04, 9.99828815e-01 ]
K2: !!opencv-matrix
   rows: 3
   cols: 3
   dt: d
   data: [ 3.6684495620748953e+02, 0., 3.7586764757372902e+02, 0.,
       3.6714722400637692e+02, 2.2165240635390552e+02, 0., 0., 1. ]
D2: !!opencv-matrix
   rows: 5
   cols: 1
   dt: d
   data: [ -2.2125888778928394e-02, -1.1613594850445373e-03,
       2.4824541603873712e-04, -1.2117770058109102e-04,
       4.8874862320422683e-04 ]
P2: !!opencv-matrix
   rows: 3
   cols: 4
   dt: f
   data: [ 3.57801575e+02, 0., 3.91966980e+02, -6.48477617e+04, 0.,
       3.57801575e+02, 2.24538239e+02, 0., 0., 0., 1., 0. ]
R2: !!opencv-matrix
   rows: 3
   cols: 3
   dt: f
   data: [ 9.99738634e-01, 1.12821888e-02, -1.98849589e-02,
       -1.12889074e-02, 9.99936223e-01, -2.25623400e-04, 1.98811460e-02,
       4.50043881e-04, 9.99802232e-01 ]
