%YAML:1.0
---
Q: !!opencv-matrix
   rows: 4
   cols: 4
   dt: f
   data: [ 1., 0., 0., -4.06020905e+02, 0., 1., 0., -2.24596802e+02, 0.,
       0., 0., 3.57221710e+02, 0., 0., 5.59206959e-03, 0. ]
R: !!opencv-matrix
   rows: 3
   cols: 3
   dt: d
   data: [ 1.0000865560325405e+00, 9.5426753409361045e-03,
       7.0209976646939346e-04, -9.6539689286509692e-03,
       1.0004559410428917e+00, 7.1711829911410749e-04,
       -6.3475757390802615e-04, -9.6569224442196572e-04,
       9.9982292250680194e-01 ]
T: !!opencv-matrix
   rows: 3
   cols: 1
   dt: d
   data: [ -1.7897391276948423e+02, -3.3018534625883311e-01,
       6.4485814260951706e+00 ]
E: !!opencv-matrix
   rows: 0
   cols: 0
   dt: u
   data: []
F: !!opencv-matrix
   rows: 0
   cols: 0
   dt: u
   data: []
K1: !!opencv-matrix
   rows: 3
   cols: 3
   dt: d
   data: [ 3.6619442195486482e+02, 0., 3.7800900657017900e+02, 0.,
       3.6631176586975289e+02, 2.2959692910978347e+02, 0., 0., 1. ]
D1: !!opencv-matrix
   rows: 5
   cols: 1
   dt: d
   data: [ -2.1502618721754269e-02, -1.2951184946942121e-03,
       -3.4127852927748451e-04, 2.7086966768530415e-04,
       4.7803342796299170e-04 ]
P1: !!opencv-matrix
   rows: 3
   cols: 4
   dt: f
   data: [ 3.57221710e+02, 0., 4.06020905e+02, 0., 0., 3.57221710e+02,
       2.24596802e+02, 0., 0., 0., 1., 0. ]
R1: !!opencv-matrix
   rows: 3
   cols: 3
   dt: f
   data: [ 9.99283493e-01, 9.67903342e-03, -3.65899205e-02,
       -9.66662262e-03, 9.99953151e-01, 5.16080763e-04, 3.65932025e-02,
       -1.62010037e-04, 9.99330223e-01 ]
K2: !!opencv-matrix
   rows: 3
   cols: 3
   dt: d
   data: [ 3.6684495620748953e+02, 0., 3.7586764757372902e+02, 0.,
       3.6714722400637692e+02, 2.2165240635390552e+02, 0., 0., 1. ]
D2: !!opencv-matrix
   rows: 5
   cols: 1
   dt: d
   data: [ -2.2125888778928394e-02, -1.1613594850445373e-03,
       2.4824541603873712e-04, -1.2117770058109102e-04,
       4.8874862320422683e-04 ]
P2: !!opencv-matrix
   rows: 3
   cols: 4
   dt: f
   data: [ 3.57221710e+02, 0., 4.06020905e+02, -6.38800547e+04, 0.,
       3.57221710e+02, 2.24596802e+02, 0., 0., 0., 1., 0. ]
R2: !!opencv-matrix
   rows: 3
   cols: 3
   dt: f
   data: [ 9.99307990e-01, 8.62638262e-05, -3.71964350e-02,
       -9.88795437e-05, 9.99999940e-01, -3.37325211e-04, 3.71964015e-02,
       3.40769737e-04, 9.99307930e-01 ]
