%YAML:1.0
---
Q: !!opencv-matrix
   rows: 4
   cols: 4
   dt: f
   data: [ 1., 0., 0., -4.06300415e+02, 0., 1., 0., -2.24295547e+02, 0.,
       0., 0., 3.58533539e+02, 0., 0., 5.62822772e-03, 0. ]
R: !!opencv-matrix
   rows: 3
   cols: 3
   dt: d
   data: [ 1.0000410449834749e+00, 1.0156424877451848e-02,
       4.2617057357548438e-04, -9.9221749979800482e-03,
       1.0012899729868623e+00, 1.5893446048756994e-03,
       -8.1093377321527841e-05, 4.4933526180842529e-04,
       9.9977070821161140e-01 ]
T: !!opencv-matrix
   rows: 3
   cols: 1
   dt: d
   data: [ -1.7727871905206015e+02, -3.0290787077184498e+00,
       7.9736904616804205e+00 ]
E: !!opencv-matrix
   rows: 0
   cols: 0
   dt: u
   data: []
F: !!opencv-matrix
   rows: 0
   cols: 0
   dt: u
   data: []
K1: !!opencv-matrix
   rows: 3
   cols: 3
   dt: d
   data: [ 3.6619442195486482e+02, 0., 3.7800900657017900e+02, 0.,
       3.6631176586975289e+02, 2.2959692910978347e+02, 0., 0., 1. ]
D1: !!opencv-matrix
   rows: 5
   cols: 1
   dt: d
   data: [ -2.1502618721754269e-02, -1.2951184946942121e-03,
       -3.4127852927748451e-04, 2.7086966768530415e-04,
       4.7803342796299170e-04 ]
P1: !!opencv-matrix
   rows: 3
   cols: 4
   dt: f
   data: [ 3.58533539e+02, 0., 4.06300415e+02, 0., 0., 3.58533539e+02,
       2.24295547e+02, 0., 0., 0., 1., 0. ]
R1: !!opencv-matrix
   rows: 3
   cols: 3
   dt: f
   data: [ 9.99011695e-01, 2.41664927e-02, -3.73046771e-02,
       -2.41516568e-02, 9.99707937e-01, 8.48360301e-04, 3.73142846e-02,
       5.34479659e-05, 9.99303579e-01 ]
K2: !!opencv-matrix
   rows: 3
   cols: 3
   dt: d
   data: [ 3.6684495620748953e+02, 0., 3.7586764757372902e+02, 0.,
       3.6714722400637692e+02, 2.2165240635390552e+02, 0., 0., 1. ]
D2: !!opencv-matrix
   rows: 5
   cols: 1
   dt: d
   data: [ -2.2125888778928394e-02, -1.1613594850445373e-03,
       2.4824541603873712e-04, -1.2117770058109102e-04,
       4.8874862320422683e-04 ]
P2: !!opencv-matrix
   rows: 3
   cols: 4
   dt: f
   data: [ 3.58533539e+02, 0., 4.06300415e+02, -6.37027422e+04, 0.,
       3.58533539e+02, 2.24295547e+02, 0., 0., 0., 1., 0. ]
R2: !!opencv-matrix
   rows: 3
   cols: 3
   dt: f
   data: [ 9.99186873e-01, 1.42037682e-02, -3.77344489e-02,
       -1.42187718e-02, 9.99898911e-01, -1.29257372e-04, 3.77287976e-02,
       6.65689760e-04, 9.99287784e-01 ]
