%YAML:1.0
---
Q: !!opencv-matrix
   rows: 4
   cols: 4
   dt: f
   data: [ 1., 0., 0., -3.87826050e+02, 0., 1., 0., -2.24618027e+02, 0.,
       0., 0., 3.57797821e+02, 0., 0., 5.61830588e-03, 0. ]
R: !!opencv-matrix
   rows: 3
   cols: 3
   dt: d
   data: [ 9.9985354278146410e-01, 9.9644070367003370e-03,
       1.3916999527696001e-03, -9.9316436484221428e-03,
       1.0000294279252471e+00, 8.7148590295560554e-04,
       -1.4725185284658925e-03, -1.0640811767699692e-03,
       1.0001167880432498e+00 ]
T: !!opencv-matrix
   rows: 3
   cols: 1
   dt: d
   data: [ -1.7792901438093756e+02, -1.5255972616105284e+00,
       1.6502382192640779e+00 ]
E: !!opencv-matrix
   rows: 0
   cols: 0
   dt: u
   data: []
F: !!opencv-matrix
   rows: 0
   cols: 0
   dt: u
   data: []
K1: !!opencv-matrix
   rows: 3
   cols: 3
   dt: d
   data: [ 3.6619442195486482e+02, 0., 3.7800900657017900e+02, 0.,
       3.6631176586975289e+02, 2.2959692910978347e+02, 0., 0., 1. ]
D1: !!opencv-matrix
   rows: 5
   cols: 1
   dt: d
   data: [ -2.1502618721754269e-02, -1.2951184946942121e-03,
       -3.4127852927748451e-04, 2.7086966768530415e-04,
       4.7803342796299170e-04 ]
P1: !!opencv-matrix
   rows: 3
   cols: 4
   dt: f
   data: [ 3.57797821e+02, 0., 3.87826050e+02, 0., 0., 3.57797821e+02,
       2.24618027e+02, 0., 0., 0., 1., 0. ]
R1: !!opencv-matrix
   rows: 3
   cols: 3
   dt: f
   data: [ 9.99756932e-01, 1.77239310e-02, -1.31122852e-02,
       -1.77168455e-02, 9.99842823e-01, 6.56403834e-04, 1.31218582e-02,
       -4.23935940e-04, 9.99913812e-01 ]
K2: !!opencv-matrix
   rows: 3
   cols: 3
   dt: d
   data: [ 3.6684495620748953e+02, 0., 3.7586764757372902e+02, 0.,
       3.6714722400637692e+02, 2.2165240635390552e+02, 0., 0., 1. ]
D2: !!opencv-matrix
   rows: 5
   cols: 1
   dt: d
   data: [ -2.2125888778928394e-02, -1.1613594850445373e-03,
       2.4824541603873712e-04, -1.2117770058109102e-04,
       4.8874862320422683e-04 ]
P2: !!opencv-matrix
   rows: 3
   cols: 4
   dt: f
   data: [ 3.57797821e+02, 0., 3.87826050e+02, -6.36842891e+04, 0.,
       3.57797821e+02, 2.24618027e+02, 0., 0., 0., 1., 0. ]
R2: !!opencv-matrix
   rows: 3
   cols: 3
   dt: f
   data: [ 9.99864042e-01, 7.76858162e-03, -1.45427892e-02,
       -7.77643686e-03, 9.99969661e-01, -4.83671669e-04, 1.45385908e-02,
       5.96697035e-04, 9.99894142e-01 ]
