%YAML:1.0
---
Q: !!opencv-matrix
   rows: 4
   cols: 4
   dt: f
   data: [ 1., 0., 0., -4.14153748e+02, 0., 1., 0., -2.24096558e+02, 0.,
       0., 0., 3.59020874e+02, 0., 0., 5.63702034e-03, 0. ]
R: !!opencv-matrix
   rows: 3
   cols: 3
   dt: d
   data: [ 1.0000515481993584e+00, 9.9405302071635029e-03,
       3.8222058310990114e-04, -9.8653441328683169e-03,
       1.0011145095486620e+00, 1.7621482588173970e-03,
       -2.2737822952687483e-04, -1.3032591984351173e-04,
       9.9981892206016065e-01 ]
T: !!opencv-matrix
   rows: 3
   cols: 1
   dt: d
   data: [ -1.7712549271304795e+02, -2.9422423503741633e+00,
       7.7973773693937902e+00 ]
E: !!opencv-matrix
   rows: 0
   cols: 0
   dt: u
   data: []
F: !!opencv-matrix
   rows: 0
   cols: 0
   dt: u
   data: []
K1: !!opencv-matrix
   rows: 3
   cols: 3
   dt: d
   data: [ 3.6619442195486482e+02, 0., 3.7800900657017900e+02, 0.,
       3.6631176586975289e+02, 2.2959692910978347e+02, 0., 0., 1. ]
D1: !!opencv-matrix
   rows: 5
   cols: 1
   dt: d
   data: [ -2.1502618721754269e-02, -1.2951184946942121e-03,
       -3.4127852927748451e-04, 2.7086966768530415e-04,
       4.7803342796299170e-04 ]
P1: !!opencv-matrix
   rows: 3
   cols: 4
   dt: f
   data: [ 3.59020874e+02, 0., 4.14153748e+02, 0., 0., 3.59020874e+02,
       2.24096558e+02, 0., 0., 0., 1., 0. ]
R1: !!opencv-matrix
   rows: 3
   cols: 3
   dt: f
   data: [ 9.98508096e-01, 2.71204710e-02, -4.73921672e-02,
       -2.71029081e-02, 9.99632120e-01, 1.01326953e-03, 4.74022143e-02,
       2.72707635e-04, 9.98875856e-01 ]
K2: !!opencv-matrix
   rows: 3
   cols: 3
   dt: d
   data: [ 3.6684495620748953e+02, 0., 3.7586764757372902e+02, 0.,
       3.6714722400637692e+02, 2.2165240635390552e+02, 0., 0., 1. ]
D2: !!opencv-matrix
   rows: 5
   cols: 1
   dt: d
   data: [ -2.2125888778928394e-02, -1.1613594850445373e-03,
       2.4824541603873712e-04, -1.2117770058109102e-04,
       4.8874862320422683e-04 ]
P2: !!opencv-matrix
   rows: 3
   cols: 4
   dt: f
   data: [ 3.59020874e+02, 0., 4.14153748e+02, -6.36898281e+04, 0.,
       3.59020874e+02, 2.24096558e+02, 0., 0., 0., 1., 0. ]
R2: !!opencv-matrix
   rows: 3
   cols: 3
   dt: f
   data: [ 9.98713970e-01, 1.72174610e-02, -4.76865433e-02,
       -1.72351301e-02, 9.99851465e-01, 4.06680119e-05, 4.76801619e-02,
       7.81268114e-04, 9.98862326e-01 ]
