%YAML:1.0
---
Q: !!opencv-matrix
   rows: 4
   cols: 4
   dt: f
   data: [ 1., 0., 0., -3.82174744e+02, 0., 1., 0., -2.24668533e+02, 0.,
       0., 0., 3.56246399e+02, 0., 0., 5.69322798e-03, 0. ]
R: !!opencv-matrix
   rows: 3
   cols: 3
   dt: d
   data: [ 9.9989482472574598e-01, 9.4375363151491375e-03,
       1.2465764130305602e-03, -9.6999281115000401e-03,
       9.9967757066254415e-01, 5.7730090392712227e-04,
       -1.1559531171477890e-03, -5.7085238332370291e-04,
       1.0002242570737556e+00 ]
T: !!opencv-matrix
   rows: 3
   cols: 1
   dt: d
   data: [ -1.7608334321043611e+02, -1.1317168431732265e+00,
       9.4632684316274071e-02 ]
E: !!opencv-matrix
   rows: 0
   cols: 0
   dt: u
   data: []
F: !!opencv-matrix
   rows: 0
   cols: 0
   dt: u
   data: []
K1: !!opencv-matrix
   rows: 3
   cols: 3
   dt: d
   data: [ 3.6619442195486482e+02, 0., 3.7800900657017900e+02, 0.,
       3.6631176586975289e+02, 2.2959692910978347e+02, 0., 0., 1. ]
D1: !!opencv-matrix
   rows: 5
   cols: 1
   dt: d
   data: [ -2.1502618721754269e-02, -1.2951184946942121e-03,
       -3.4127852927748451e-04, 2.7086966768530415e-04,
       4.7803342796299170e-04 ]
P1: !!opencv-matrix
   rows: 3
   cols: 4
   dt: f
   data: [ 3.56246399e+02, 0., 3.82174744e+02, 0., 0., 3.56246399e+02,
       2.24668533e+02, 0., 0., 0., 1., 0. ]
R1: !!opencv-matrix
   rows: 3
   cols: 3
   dt: f
   data: [ 9.99825418e-01, 1.76734086e-02, -6.06905203e-03,
       -1.76714994e-02, 9.99843776e-01, 3.68188601e-04, 6.07461110e-03,
       -2.60875066e-04, 9.99981523e-01 ]
K2: !!opencv-matrix
   rows: 3
   cols: 3
   dt: d
   data: [ 3.6684495620748953e+02, 0., 3.7586764757372902e+02, 0.,
       3.6714722400637692e+02, 2.2165240635390552e+02, 0., 0., 1. ]
D2: !!opencv-matrix
   rows: 5
   cols: 1
   dt: d
   data: [ -2.2125888778928394e-02, -1.1613594850445373e-03,
       2.4824541603873712e-04, -1.2117770058109102e-04,
       4.8874862320422683e-04 ]
P2: !!opencv-matrix
   rows: 3
   cols: 4
   dt: f
   data: [ 3.56246399e+02, 0., 3.82174744e+02, -6.25737109e+04, 0.,
       3.56246399e+02, 2.24668533e+02, 0., 0., 0., 1., 0. ]
R2: !!opencv-matrix
   rows: 3
   cols: 3
   dt: f
   data: [ 9.99941468e-01, 8.13945103e-03, -7.12885195e-03,
       -8.14169273e-03, 9.99966800e-01, -2.85528862e-04, 7.12629128e-03,
       3.43553082e-04, 9.99974549e-01 ]
