%YAML:1.0
---
Q: !!opencv-matrix
   rows: 4
   cols: 4
   dt: f
   data: [ 1., 0., 0., -4.09333740e+02, 0., 1., 0., -2.24031433e+02, 0.,
       0., 0., 3.59655731e+02, 0., 0., 5.58185671e-03, 0. ]
R: !!opencv-matrix
   rows: 3
   cols: 3
   dt: d
   data: [ 9.9979040604890934e-01, 1.0345608371665222e-02,
       8.9057887029480405e-04, -1.0013439956572083e-02,
       1.0011113155829816e+00, 1.7972097011035098e-03,
       -8.7581748630449795e-04, 2.0318266566403834e-04,
       9.9987455060197827e-01 ]
T: !!opencv-matrix
   rows: 3
   cols: 1
   dt: d
   data: [ -1.7909175136249357e+02, -3.8461896649046872e+00,
       6.7366868835412745e+00 ]
E: !!opencv-matrix
   rows: 0
   cols: 0
   dt: u
   data: []
F: !!opencv-matrix
   rows: 0
   cols: 0
   dt: u
   data: []
K1: !!opencv-matrix
   rows: 3
   cols: 3
   dt: d
   data: [ 3.6619442195486482e+02, 0., 3.7800900657017900e+02, 0.,
       3.6631176586975289e+02, 2.2959692910978347e+02, 0., 0., 1. ]
D1: !!opencv-matrix
   rows: 5
   cols: 1
   dt: d
   data: [ -2.1502618721754269e-02, -1.2951184946942121e-03,
       -3.4127852927748451e-04, 2.7086966768530415e-04,
       4.7803342796299170e-04 ]
P1: !!opencv-matrix
   rows: 3
   cols: 4
   dt: f
   data: [ 3.59655731e+02, 0., 4.09333740e+02, 0., 0., 3.59655731e+02,
       2.24031433e+02, 0., 0., 0., 1., 0. ]
R1: !!opencv-matrix
   rows: 3
   cols: 3
   dt: f
   data: [ 9.98581529e-01, 3.37977745e-02, -4.11416516e-02,
       -3.37863676e-02, 9.99428630e-01, 9.72763402e-04, 4.11510207e-02,
       4.18643438e-04, 9.99152839e-01 ]
K2: !!opencv-matrix
   rows: 3
   cols: 3
   dt: d
   data: [ 3.6684495620748953e+02, 0., 3.7586764757372902e+02, 0.,
       3.6714722400637692e+02, 2.2165240635390552e+02, 0., 0., 1. ]
D2: !!opencv-matrix
   rows: 5
   cols: 1
   dt: d
   data: [ -2.2125888778928394e-02, -1.1613594850445373e-03,
       2.4824541603873712e-04, -1.2117770058109102e-04,
       4.8874862320422683e-04 ]
P2: !!opencv-matrix
   rows: 3
   cols: 4
   dt: f
   data: [ 3.59655731e+02, 0., 4.09333740e+02, -6.44329922e+04, 0.,
       3.59655731e+02, 2.24031433e+02, 0., 0., 0., 1., 0. ]
R2: !!opencv-matrix
   rows: 3
   cols: 3
   dt: f
   data: [ 9.98840988e-01, 2.35655569e-02, -4.19679321e-02,
       -2.35771909e-02, 9.99722004e-01, 2.17791225e-04, 4.19613980e-02,
       7.71947147e-04, 9.99118924e-01 ]
