%YAML:1.0
---
Q: !!opencv-matrix
   rows: 4
   cols: 4
   dt: f
   data: [ 1., 0., 0., -4.02958099e+02, 0., 1., 0., -2.24512833e+02, 0.,
       0., 0., 3.57656433e+02, 0., 0., 5.67849400e-03, 0. ]
R: !!opencv-matrix
   rows: 3
   cols: 3
   dt: d
   data: [ 9.9962221764330284e-01, 9.6302416197743823e-03,
       5.4100048969945344e-04, -9.7369945007279874e-03,
       1.0002289895519159e+00, 5.7356719700002348e-04,
       -6.2927452109072697e-04, -5.9018827036765682e-04,
       1.0002852496975168e+00 ]
T: !!opencv-matrix
   rows: 3
   cols: 1
   dt: d
   data: [ -1.7576725286095768e+02, -3.1415499223250265e-01,
       3.7638041592267082e+00 ]
E: !!opencv-matrix
   rows: 0
   cols: 0
   dt: u
   data: []
F: !!opencv-matrix
   rows: 0
   cols: 0
   dt: u
   data: []
K1: !!opencv-matrix
   rows: 3
   cols: 3
   dt: d
   data: [ 3.6619442195486482e+02, 0., 3.7800900657017900e+02, 0.,
       3.6631176586975289e+02, 2.2959692910978347e+02, 0., 0., 1. ]
D1: !!opencv-matrix
   rows: 5
   cols: 1
   dt: d
   data: [ -2.1502618721754269e-02, -1.2951184946942121e-03,
       -3.4127852927748451e-04, 2.7086966768530415e-04,
       4.7803342796299170e-04 ]
P1: !!opencv-matrix
   rows: 3
   cols: 4
   dt: f
   data: [ 3.57656433e+02, 0., 4.02958099e+02, 0., 0., 3.57656433e+02,
       2.24512833e+02, 0., 0., 0., 1., 0. ]
R1: !!opencv-matrix
   rows: 3
   cols: 3
   dt: f
   data: [ 9.99346554e-01, 1.51379509e-02, -3.28216553e-02,
       -1.51340347e-02, 9.99885380e-01, 3.67750414e-04, 3.28234620e-02,
       1.29213950e-04, 9.99461174e-01 ]
K2: !!opencv-matrix
   rows: 3
   cols: 3
   dt: d
   data: [ 3.6684495620748953e+02, 0., 3.7586764757372902e+02, 0.,
       3.6714722400637692e+02, 2.2165240635390552e+02, 0., 0., 1. ]
D2: !!opencv-matrix
   rows: 5
   cols: 1
   dt: d
   data: [ -2.2125888778928394e-02, -1.1613594850445373e-03,
       2.4824541603873712e-04, -1.2117770058109102e-04,
       4.8874862320422683e-04 ]
P2: !!opencv-matrix
   rows: 3
   cols: 4
   dt: f
   data: [ 3.57656433e+02, 0., 4.02958099e+02, -6.29843828e+04, 0.,
       3.57656433e+02, 2.24512833e+02, 0., 0., 0., 1., 0. ]
R2: !!opencv-matrix
   rows: 3
   cols: 3
   dt: f
   data: [ 9.99428272e-01, 5.40197687e-03, -3.33753787e-02,
       -5.40595874e-03, 9.99985397e-01, -2.90660173e-05, 3.33747342e-02,
       2.09475314e-04, 9.99442875e-01 ]
