%YAML:1.0
---
Q: !!opencv-matrix
   rows: 4
   cols: 4
   dt: f
   data: [ 1., 0., 0., -3.87632629e+02, 0., 1., 0., -2.24638458e+02, 0.,
       0., 0., 3.57801178e+02, 0., 0., 5.50791295e-03, 0. ]
R: !!opencv-matrix
   rows: 3
   cols: 3
   dt: d
   data: [ 1.0003894092900516e+00, 9.5782826226826576e-03,
       1.3448412155593770e-03, -9.7796813857171233e-03,
       9.9981606729124273e-01, 6.2310221069990181e-04,
       -1.2688235488875095e-03, -2.0040852393578600e-03,
       9.9972188836317277e-01 ]
T: !!opencv-matrix
   rows: 3
   cols: 1
   dt: d
   data: [ -1.8143186108001692e+02, -1.3042646463451233e+00,
       2.8294813623356867e+00 ]
E: !!opencv-matrix
   rows: 0
   cols: 0
   dt: u
   data: []
F: !!opencv-matrix
   rows: 0
   cols: 0
   dt: u
   data: []
K1: !!opencv-matrix
   rows: 3
   cols: 3
   dt: d
   data: [ 3.6619442195486482e+02, 0., 3.7800900657017900e+02, 0.,
       3.6631176586975289e+02, 2.2959692910978347e+02, 0., 0., 1. ]
D1: !!opencv-matrix
   rows: 5
   cols: 1
   dt: d
   data: [ -2.1502618721754269e-02, -1.2951184946942121e-03,
       -3.4127852927748451e-04, 2.7086966768530415e-04,
       4.7803342796299170e-04 ]
P1: !!opencv-matrix
   rows: 3
   cols: 4
   dt: f
   data: [ 3.57801178e+02, 0., 3.87632629e+02, 0., 0., 3.57801178e+02,
       2.24638458e+02, 0., 0., 0., 1., 0. ]
R1: !!opencv-matrix
   rows: 3
   cols: 3
   dt: f
   data: [ 9.99797940e-01, 1.54376766e-02, -1.28737167e-02,
       -1.54297445e-02, 9.99880672e-01, 7.15189439e-04, 1.28832217e-02,
       -5.16406726e-04, 9.99916852e-01 ]
K2: !!opencv-matrix
   rows: 3
   cols: 3
   dt: d
   data: [ 3.6684495620748953e+02, 0., 3.7586764757372902e+02, 0.,
       3.6714722400637692e+02, 2.2165240635390552e+02, 0., 0., 1. ]
D2: !!opencv-matrix
   rows: 5
   cols: 1
   dt: d
   data: [ -2.2125888778928394e-02, -1.1613594850445373e-03,
       2.4824541603873712e-04, -1.2117770058109102e-04,
       4.8874862320422683e-04 ]
P2: !!opencv-matrix
   rows: 3
   cols: 4
   dt: f
   data: [ 3.57801178e+02, 0., 3.87632629e+02, -6.49613008e+04, 0.,
       3.57801178e+02, 2.24638458e+02, 0., 0., 0., 1., 0. ]
R2: !!opencv-matrix
   rows: 3
   cols: 3
   dt: f
   data: [ 9.99882579e-01, 5.74213639e-03, -1.42057072e-02,
       -5.75088384e-03, 9.99983311e-01, -5.74997161e-04, 1.42021682e-02,
       6.56625023e-04, 9.99898911e-01 ]
