%YAML:1.0
---
Q: !!opencv-matrix
   rows: 4
   cols: 4
   dt: f
   data: [ 1., 0., 0., -3.91157593e+02, 0., 1., 0., -2.24494431e+02, 0.,
       0., 0., 3.58199127e+02, 0., 0., 5.67193981e-03, 0. ]
R: !!opencv-matrix
   rows: 3
   cols: 3
   dt: d
   data: [ 1.0000515476859135e+00, 9.9429334100471709e-03,
       1.0646603750510387e-03, -9.9298150144875794e-03,
       1.0004553833547609e+00, 1.2941802494956405e-03,
       -1.0571407411362876e-03, -2.1174252663058675e-04,
       9.9988183137589226e-01 ]
T: !!opencv-matrix
   rows: 3
   cols: 1
   dt: d
   data: [ -1.7641351284843910e+02, -2.8486464772459557e+00,
       4.0095391004705929e+00 ]
E: !!opencv-matrix
   rows: 0
   cols: 0
   dt: u
   data: []
F: !!opencv-matrix
   rows: 0
   cols: 0
   dt: u
   data: []
K1: !!opencv-matrix
   rows: 3
   cols: 3
   dt: d
   data: [ 3.6619442195486482e+02, 0., 3.7800900657017900e+02, 0.,
       3.6631176586975289e+02, 2.2959692910978347e+02, 0., 0., 1. ]
D1: !!opencv-matrix
   rows: 5
   cols: 1
   dt: d
   data: [ -2.1502618721754269e-02, -1.2951184946942121e-03,
       -3.4127852927748451e-04, 2.7086966768530415e-04,
       4.7803342796299170e-04 ]
P1: !!opencv-matrix
   rows: 3
   cols: 4
   dt: f
   data: [ 3.58199127e+02, 0., 3.91157593e+02, 0., 0., 3.58199127e+02,
       2.24494431e+02, 0., 0., 0., 1., 0. ]
R1: !!opencv-matrix
   rows: 3
   cols: 3
   dt: f
   data: [ 9.99503493e-01, 2.60573626e-02, -1.77153833e-02,
       -2.60518156e-02, 9.99660432e-01, 5.43843606e-04, 1.77235380e-02,
       -8.20557034e-05, 9.99842942e-01 ]
K2: !!opencv-matrix
   rows: 3
   cols: 3
   dt: d
   data: [ 3.6684495620748953e+02, 0., 3.7586764757372902e+02, 0.,
       3.6714722400637692e+02, 2.2165240635390552e+02, 0., 0., 1. ]
D2: !!opencv-matrix
   rows: 5
   cols: 1
   dt: d
   data: [ -2.2125888778928394e-02, -1.1613594850445373e-03,
       2.4824541603873712e-04, -1.2117770058109102e-04,
       4.8874862320422683e-04 ]
P2: !!opencv-matrix
   rows: 3
   cols: 4
   dt: f
   data: [ 3.58199127e+02, 0., 3.91157593e+02, -6.31528438e+04, 0.,
       3.58199127e+02, 2.24494431e+02, 0., 0., 0., 1., 0. ]
R2: !!opencv-matrix
   rows: 3
   cols: 3
   dt: f
   data: [ 9.99693632e-01, 1.61254555e-02, -1.87785011e-02,
       -1.61313321e-02, 9.99869883e-01, -1.61528165e-04, 1.87734533e-02,
       4.64400917e-04, 9.99823630e-01 ]
