%YAML:1.0
---
Q: !!opencv-matrix
   rows: 4
   cols: 4
   dt: f
   data: [ 1., 0., 0., -3.97727142e+02, 0., 1., 0., -2.24580597e+02, 0.,
       0., 0., 3.57463531e+02, 0., 0., 5.69021981e-03, 0. ]
R: !!opencv-matrix
   rows: 3
   cols: 3
   dt: d
   data: [ 1.0001654856143520e+00, 9.9150229478592866e-03,
       9.3195561398493737e-04, -9.6777878345545056e-03,
       1.0005104638440554e+00, 1.2038116589194619e-03,
       -5.7563713739709754e-04, -6.3476111268492656e-05,
       9.9980674527449664e-01 ]
T: !!opencv-matrix
   rows: 3
   cols: 1
   dt: d
   data: [ -1.7561843845577181e+02, -1.3427523281146678e+00,
       5.0518172853667522e+00 ]
E: !!opencv-matrix
   rows: 0
   cols: 0
   dt: u
   data: []
F: !!opencv-matrix
   rows: 0
   cols: 0
   dt: u
   data: []
K1: !!opencv-matrix
   rows: 3
   cols: 3
   dt: d
   data: [ 3.6619442195486482e+02, 0., 3.7800900657017900e+02, 0.,
       3.6631176586975289e+02, 2.2959692910978347e+02, 0., 0., 1. ]
D1: !!opencv-matrix
   rows: 5
   cols: 1
   dt: d
   data: [ -2.1502618721754269e-02, -1.2951184946942121e-03,
       -3.4127852927748451e-04, 2.7086966768530415e-04,
       4.7803342796299170e-04 ]
P1: !!opencv-matrix
   rows: 3
   cols: 4
   dt: f
   data: [ 3.57463531e+02, 0., 3.97727142e+02, 0., 0., 3.57463531e+02,
       2.24580597e+02, 0., 0., 0., 1., 0. ]
R1: !!opencv-matrix
   rows: 3
   cols: 3
   dt: f
   data: [ 9.99567688e-01, 1.37301907e-02, -2.59985588e-02,
       -1.37219047e-02, 9.99905705e-01, 4.97097208e-04, 2.60029323e-02,
       -1.40132557e-04, 9.99661863e-01 ]
K2: !!opencv-matrix
   rows: 3
   cols: 3
   dt: d
   data: [ 3.6684495620748953e+02, 0., 3.7586764757372902e+02, 0.,
       3.6714722400637692e+02, 2.2165240635390552e+02, 0., 0., 1. ]
D2: !!opencv-matrix
   rows: 5
   cols: 1
   dt: d
   data: [ -2.2125888778928394e-02, -1.1613594850445373e-03,
       2.4824541603873712e-04, -1.2117770058109102e-04,
       4.8874862320422683e-04 ]
P2: !!opencv-matrix
   rows: 3
   cols: 4
   dt: f
   data: [ 3.57463531e+02, 0., 3.97727142e+02, -6.28206914e+04, 0.,
       3.57463531e+02, 2.24580597e+02, 0., 0., 0., 1., 0. ]
R2: !!opencv-matrix
   rows: 3
   cols: 3
   dt: f
   data: [ 9.99632776e-01, 3.94455763e-03, -2.68098600e-02,
       -3.95310111e-03, 9.99992132e-01, -2.65677809e-04, 2.68086009e-02,
       3.71562317e-04, 9.99640524e-01 ]
