%YAML:1.0
---
Q: !!opencv-matrix
   rows: 4
   cols: 4
   dt: f
   data: [ 1., 0., 0., -3.98049469e+02, 0., 1., 0., -2.24588379e+02, 0.,
       0., 0., 3.57459473e+02, 0., 0., 5.62860165e-03, 0. ]
R: !!opencv-matrix
   rows: 3
   cols: 3
   dt: d
   data: [ 1.0001751635465077e+00, 9.8909154859429475e-03,
       8.0968666514454198e-04, -9.8371556457767500e-03,
       1.0004027508593727e+00, 6.5853816937081009e-04,
       -6.3742438891870772e-04, -6.7289003984898218e-04,
       9.9982775936242430e-01 ]
T: !!opencv-matrix
   rows: 3
   cols: 1
   dt: d
   data: [ -1.7735467597251974e+02, -6.7707685538650630e-01,
       5.0671689837061136e+00 ]
E: !!opencv-matrix
   rows: 0
   cols: 0
   dt: u
   data: []
F: !!opencv-matrix
   rows: 0
   cols: 0
   dt: u
   data: []
K1: !!opencv-matrix
   rows: 3
   cols: 3
   dt: d
   data: [ 3.6619442195486482e+02, 0., 3.7800900657017900e+02, 0.,
       3.6631176586975289e+02, 2.2959692910978347e+02, 0., 0., 1. ]
D1: !!opencv-matrix
   rows: 5
   cols: 1
   dt: d
   data: [ -2.1502618721754269e-02, -1.2951184946942121e-03,
       -3.4127852927748451e-04, 2.7086966768530415e-04,
       4.7803342796299170e-04 ]
P1: !!opencv-matrix
   rows: 3
   cols: 4
   dt: f
   data: [ 3.57459473e+02, 0., 3.98049469e+02, 0., 0., 3.57459473e+02,
       2.24588379e+02, 0., 0., 0., 1., 0. ]
R1: !!opencv-matrix
   rows: 3
   cols: 3
   dt: f
   data: [ 9.99565184e-01, 1.31210703e-02, -2.64056381e-02,
       -1.31134074e-02, 9.99913931e-01, 4.63351404e-04, 2.64094435e-02,
       -1.16882045e-04, 9.99651194e-01 ]
K2: !!opencv-matrix
   rows: 3
   cols: 3
   dt: d
   data: [ 3.6684495620748953e+02, 0., 3.7586764757372902e+02, 0.,
       3.6714722400637692e+02, 2.2165240635390552e+02, 0., 0., 1. ]
D2: !!opencv-matrix
   rows: 5
   cols: 1
   dt: d
   data: [ -2.2125888778928394e-02, -1.1613594850445373e-03,
       2.4824541603873712e-04, -1.2117770058109102e-04,
       4.8874862320422683e-04 ]
P2: !!opencv-matrix
   rows: 3
   cols: 4
   dt: f
   data: [ 3.57459473e+02, 0., 3.98049469e+02, -6.35076875e+04, 0.,
       3.57459473e+02, 2.24588379e+02, 0., 0., 0., 1., 0. ]
R2: !!opencv-matrix
   rows: 3
   cols: 3
   dt: f
   data: [ 9.99624848e-01, 3.22086923e-03, -2.71993317e-02,
       -3.22876149e-03, 9.99994755e-01, -2.46257172e-04, 2.71983966e-02,
       3.33984935e-04, 9.99629974e-01 ]
