%YAML:1.0
---
Q: !!opencv-matrix
   rows: 4
   cols: 4
   dt: f
   data: [ 1., 0., 0., -3.95391937e+02, 0., 1., 0., -2.24702133e+02, 0.,
       0., 0., 3.56988190e+02, 0., 0., 5.57920011e-03, 0. ]
R: !!opencv-matrix
   rows: 3
   cols: 3
   dt: d
   data: [ 1.0000447805103541e+00, 9.5121537202428712e-03,
       8.3033805269474572e-04, -9.5665151390018303e-03,
       1.0002033744562921e+00, 6.2651603999282169e-04,
       -6.4734031187710698e-04, -8.2651687101132243e-04,
       9.9992934179385673e-01 ]
T: !!opencv-matrix
   rows: 3
   cols: 1
   dt: d
   data: [ -1.7900153874012642e+02, 3.4058919703213003e-01,
       4.5545755709791953e+00 ]
E: !!opencv-matrix
   rows: 0
   cols: 0
   dt: u
   data: []
F: !!opencv-matrix
   rows: 0
   cols: 0
   dt: u
   data: []
K1: !!opencv-matrix
   rows: 3
   cols: 3
   dt: d
   data: [ 3.6619442195486482e+02, 0., 3.7800900657017900e+02, 0.,
       3.6631176586975289e+02, 2.2959692910978347e+02, 0., 0., 1. ]
D1: !!opencv-matrix
   rows: 5
   cols: 1
   dt: d
   data: [ -2.1502618721754269e-02, -1.2951184946942121e-03,
       -3.4127852927748451e-04, 2.7086966768530415e-04,
       4.7803342796299170e-04 ]
P1: !!opencv-matrix
   rows: 3
   cols: 4
   dt: f
   data: [ 3.56988190e+02, 0., 3.95391937e+02, 0., 0., 3.56988190e+02,
       2.24702133e+02, 0., 0., 0., 1., 0. ]
R1: !!opencv-matrix
   rows: 3
   cols: 3
   dt: f
   data: [ 9.99719858e-01, 6.03361381e-03, -2.28855126e-02,
       -6.02696836e-03, 9.99981761e-01, 3.59339581e-04, 2.28872634e-02,
       -2.21308655e-04, 9.99738038e-01 ]
K2: !!opencv-matrix
   rows: 3
   cols: 3
   dt: d
   data: [ 3.6684495620748953e+02, 0., 3.7586764757372902e+02, 0.,
       3.6714722400637692e+02, 2.2165240635390552e+02, 0., 0., 1. ]
D2: !!opencv-matrix
   rows: 5
   cols: 1
   dt: d
   data: [ -2.2125888778928394e-02, -1.1613594850445373e-03,
       2.4824541603873712e-04, -1.2117770058109102e-04,
       4.8874862320422683e-04 ]
P2: !!opencv-matrix
   rows: 3
   cols: 4
   dt: f
   data: [ 3.56988190e+02, 0., 3.95391937e+02, -6.39855508e+04, 0.,
       3.56988190e+02, 2.24702133e+02, 0., 0., 0., 1., 0. ]
R2: !!opencv-matrix
   rows: 3
   cols: 3
   dt: f
   data: [ 9.99713421e-01, -3.53058078e-03, -2.36760043e-02,
       3.52370599e-03, 9.99993742e-01, -3.32084863e-04, 2.36770287e-02,
       2.48562428e-04, 9.99719620e-01 ]
