%YAML:1.0
---
Q: !!opencv-matrix
   rows: 4
   cols: 4
   dt: f
   data: [ 1., 0., 0., -3.95112518e+02, 0., 1., 0., -2.24465851e+02, 0.,
       0., 0., 3.58061981e+02, 0., 0., 5.72133856e-03, 0. ]
R: !!opencv-matrix
   rows: 3
   cols: 3
   dt: d
   data: [ 1.0002971598738901e+00, 9.4901956640145342e-03,
       9.0903676897444673e-04, -9.8038410911156382e-03,
       1.0002137659012154e+00, 9.9747050354616080e-04,
       -6.5282268612465205e-04, -1.2762574899582576e-03,
       9.9982148392849635e-01 ]
T: !!opencv-matrix
   rows: 3
   cols: 1
   dt: d
   data: [ -1.7480924389190974e+02, -2.3807009286284702e+00,
       3.3938919381634749e+00 ]
E: !!opencv-matrix
   rows: 0
   cols: 0
   dt: u
   data: []
F: !!opencv-matrix
   rows: 0
   cols: 0
   dt: u
   data: []
K1: !!opencv-matrix
   rows: 3
   cols: 3
   dt: d
   data: [ 3.6619442195486482e+02, 0., 3.7800900657017900e+02, 0.,
       3.6631176586975289e+02, 2.2959692910978347e+02, 0., 0., 1. ]
D1: !!opencv-matrix
   rows: 5
   cols: 1
   dt: d
   data: [ -2.1502618721754269e-02, -1.2951184946942121e-03,
       -3.4127852927748451e-04, 2.7086966768530415e-04,
       4.7803342796299170e-04 ]
P1: !!opencv-matrix
   rows: 3
   cols: 4
   dt: f
   data: [ 3.58061981e+02, 0., 3.95112518e+02, 0., 0., 3.58061981e+02,
       2.24465851e+02, 0., 0., 0., 1., 0. ]
R1: !!opencv-matrix
   rows: 3
   cols: 3
   dt: f
   data: [ 9.99461472e-01, 2.35400014e-02, -2.28614304e-02,
       -2.35250071e-02, 9.99722838e-01, 9.24621068e-04, 2.28768587e-02,
       -3.86307831e-04, 9.99738216e-01 ]
K2: !!opencv-matrix
   rows: 3
   cols: 3
   dt: d
   data: [ 3.6684495620748953e+02, 0., 3.7586764757372902e+02, 0.,
       3.6714722400637692e+02, 2.2165240635390552e+02, 0., 0., 1. ]
D2: !!opencv-matrix
   rows: 5
   cols: 1
   dt: d
   data: [ -2.2125888778928394e-02, -1.1613594850445373e-03,
       2.4824541603873712e-04, -1.2117770058109102e-04,
       4.8874862320422683e-04 ]
P2: !!opencv-matrix
   rows: 3
   cols: 4
   dt: f
   data: [ 3.58061981e+02, 0., 3.95112518e+02, -6.25836055e+04, 0.,
       3.58061981e+02, 2.24465851e+02, 0., 0., 0., 1., 0. ]
R2: !!opencv-matrix
   rows: 3
   cols: 3
   dt: f
   data: [ 9.99623120e-01, 1.39408400e-02, -2.36495566e-02,
       -1.39563419e-02, 9.99902487e-01, -4.90552746e-04, 2.36404128e-02,
       8.20429123e-04, 9.99720216e-01 ]
