%YAML:1.0
---
Q: !!opencv-matrix
   rows: 4
   cols: 4
   dt: f
   data: [ 1., 0., 0., -3.80541809e+02, 0., 1., 0., -2.24682571e+02, 0.,
       0., 0., 3.55567749e+02, 0., 0., 5.61915990e-03, 0. ]
R: !!opencv-matrix
   rows: 3
   cols: 3
   dt: d
   data: [ 9.9958751240146471e-01, 1.0040887497702360e-02,
       1.3470677164660080e-03, -9.9910696593482964e-03,
       9.9999032423936685e-01, 7.1666979574029437e-04,
       -1.3933356346940672e-03, -4.8143180204741778e-04,
       1.0003219213727024e+00 ]
T: !!opencv-matrix
   rows: 3
   cols: 1
   dt: d
   data: [ -1.7795435918524248e+02, -1.4350720071511514e+00,
       9.2519196348425015e-01 ]
E: !!opencv-matrix
   rows: 0
   cols: 0
   dt: u
   data: []
F: !!opencv-matrix
   rows: 0
   cols: 0
   dt: u
   data: []
K1: !!opencv-matrix
   rows: 3
   cols: 3
   dt: d
   data: [ 3.6619442195486482e+02, 0., 3.7800900657017900e+02, 0.,
       3.6631176586975289e+02, 2.2959692910978347e+02, 0., 0., 1. ]
D1: !!opencv-matrix
   rows: 5
   cols: 1
   dt: d
   data: [ -2.1502618721754269e-02, -1.2951184946942121e-03,
       -3.4127852927748451e-04, 2.7086966768530415e-04,
       4.7803342796299170e-04 ]
P1: !!opencv-matrix
   rows: 3
   cols: 4
   dt: f
   data: [ 3.55567749e+02, 0., 3.80541809e+02, 0., 0., 3.55567749e+02,
       2.24682571e+02, 0., 0., 0., 1., 0. ]
R1: !!opencv-matrix
   rows: 3
   cols: 3
   dt: f
   data: [ 9.99829173e-01, 1.80832613e-02, -3.82148940e-03,
       -1.80821773e-02, 9.99836445e-01, 3.18185950e-04, 3.82661819e-03,
       -2.49030738e-04, 9.99992669e-01 ]
K2: !!opencv-matrix
   rows: 3
   cols: 3
   dt: d
   data: [ 3.6684495620748953e+02, 0., 3.7586764757372902e+02, 0.,
       3.6714722400637692e+02, 2.2165240635390552e+02, 0., 0., 1. ]
D2: !!opencv-matrix
   rows: 5
   cols: 1
   dt: d
   data: [ -2.2125888778928394e-02, -1.1613594850445373e-03,
       2.4824541603873712e-04, -1.2117770058109102e-04,
       4.8874862320422683e-04 ]
P2: !!opencv-matrix
   rows: 3
   cols: 4
   dt: f
   data: [ 3.55567749e+02, 0., 3.80541809e+02, -6.32777422e+04, 0.,
       3.55567749e+02, 2.24682571e+02, 0., 0., 0., 1., 0. ]
R2: !!opencv-matrix
   rows: 3
   cols: 3
   dt: f
   data: [ 9.99953985e-01, 8.06389842e-03, -5.19880140e-03,
       -8.06537271e-03, 9.99967456e-01, -2.62658112e-04, 5.19651407e-03,
       3.04576271e-04, 9.99986470e-01 ]
