%YAML:1.0
---
Q: !!opencv-matrix
   rows: 4
   cols: 4
   dt: f
   data: [ 1., 0., 0., -3.78360321e+02, 0., 1., 0., -2.24689789e+02, 0.,
       0., 0., 3.54451569e+02, 0., 0., 5.48074860e-03, 0. ]
R: !!opencv-matrix
   rows: 3
   cols: 3
   dt: d
   data: [ 1.0005320925193419e+00, 9.9836065590896764e-03,
       1.0318679393680318e-03, -9.9710660597235861e-03,
       1.0002662666408118e+00, 3.6692855294255159e-04,
       -7.4189538106220654e-04, -1.0826918716597110e-03,
       9.9958703930971304e-01 ]
T: !!opencv-matrix
   rows: 3
   cols: 1
   dt: d
   data: [ -1.8154418204294100e+02, -8.5993598098590396e-01,
       3.6430751054846047e+00 ]
E: !!opencv-matrix
   rows: 0
   cols: 0
   dt: u
   data: []
F: !!opencv-matrix
   rows: 0
   cols: 0
   dt: u
   data: []
K1: !!opencv-matrix
   rows: 3
   cols: 3
   dt: d
   data: [ 3.6619442195486482e+02, 0., 3.7800900657017900e+02, 0.,
       3.6631176586975289e+02, 2.2959692910978347e+02, 0., 0., 1. ]
D1: !!opencv-matrix
   rows: 5
   cols: 1
   dt: d
   data: [ -2.1502618721754269e-02, -1.2951184946942121e-03,
       -3.4127852927748451e-04, 2.7086966768530415e-04,
       4.7803342796299170e-04 ]
P1: !!opencv-matrix
   rows: 3
   cols: 4
   dt: f
   data: [ 3.54451569e+02, 0., 3.78360321e+02, 0., 0., 3.54451569e+02,
       2.24689789e+02, 0., 0., 0., 1., 0. ]
R1: !!opencv-matrix
   rows: 3
   cols: 3
   dt: f
   data: [ 9.99739230e-01, 2.28033755e-02, -1.20624562e-03,
       -2.28031632e-02, 9.99739945e-01, 1.89360639e-04, 1.21024996e-03,
       -1.61805045e-04, 9.99999225e-01 ]
K2: !!opencv-matrix
   rows: 3
   cols: 3
   dt: d
   data: [ 3.6684495620748953e+02, 0., 3.7586764757372902e+02, 0.,
       3.6714722400637692e+02, 2.2165240635390552e+02, 0., 0., 1. ]
D2: !!opencv-matrix
   rows: 5
   cols: 1
   dt: d
   data: [ -2.2125888778928394e-02, -1.1613594850445373e-03,
       2.4824541603873712e-04, -1.2117770058109102e-04,
       4.8874862320422683e-04 ]
P2: !!opencv-matrix
   rows: 3
   cols: 4
   dt: f
   data: [ 3.54451569e+02, 0., 3.78360321e+02, -6.46721094e+04, 0.,
       3.54451569e+02, 2.24689789e+02, 0., 0., 0., 1., 0. ]
R2: !!opencv-matrix
   rows: 3
   cols: 3
   dt: f
   data: [ 9.99916732e-01, 1.26788002e-02, -2.40335241e-03,
       -1.26792220e-02, 9.99919593e-01, -1.60360985e-04, 2.40112608e-03,
       1.90820268e-04, 9.99997079e-01 ]
