%YAML:1.0
---
Q: !!opencv-matrix
   rows: 4
   cols: 4
   dt: f
   data: [ 1., 0., 0., -3.96899811e+02, 0., 1., 0., -2.24463287e+02, 0.,
       0., 0., 3.58033569e+02, 0., 0., 5.52466698e-03, 0. ]
R: !!opencv-matrix
   rows: 3
   cols: 3
   dt: d
   data: [ 9.9980142927496651e-01, 1.0038802297096193e-02,
       1.3550285715130293e-03, -9.9151067926392510e-03,
       1.0002274356382312e+00, 8.8766934715776760e-04,
       -1.2326298611405814e-03, -2.9089552154050837e-04,
       1.0000387498399135e+00 ]
T: !!opencv-matrix
   rows: 3
   cols: 1
   dt: d
   data: [ -1.8107383720178814e+02, -1.7738976244066238e+00,
       2.6815611070232861e+00 ]
E: !!opencv-matrix
   rows: 0
   cols: 0
   dt: u
   data: []
F: !!opencv-matrix
   rows: 0
   cols: 0
   dt: u
   data: []
K1: !!opencv-matrix
   rows: 3
   cols: 3
   dt: d
   data: [ 3.6619442195486482e+02, 0., 3.7800900657017900e+02, 0.,
       3.6631176586975289e+02, 2.2959692910978347e+02, 0., 0., 1. ]
D1: !!opencv-matrix
   rows: 5
   cols: 1
   dt: d
   data: [ -2.1502618721754269e-02, -1.2951184946942121e-03,
       -3.4127852927748451e-04, 2.7086966768530415e-04,
       4.7803342796299170e-04 ]
P1: !!opencv-matrix
   rows: 3
   cols: 4
   dt: f
   data: [ 3.58033569e+02, 0., 3.96899811e+02, 0., 0., 3.58033569e+02,
       2.24463287e+02, 0., 0., 0., 1., 0. ]
R1: !!opencv-matrix
   rows: 3
   cols: 3
   dt: f
   data: [ 9.99442458e-01, 2.22374555e-02, -2.49052066e-02,
       -2.22302768e-02, 9.99752700e-01, 5.65166934e-04, 2.49116160e-02,
       -1.12022135e-05, 9.99689639e-01 ]
K2: !!opencv-matrix
   rows: 3
   cols: 3
   dt: d
   data: [ 3.6684495620748953e+02, 0., 3.7586764757372902e+02, 0.,
       3.6714722400637692e+02, 2.2165240635390552e+02, 0., 0., 1. ]
D2: !!opencv-matrix
   rows: 5
   cols: 1
   dt: d
   data: [ -2.2125888778928394e-02, -1.1613594850445373e-03,
       2.4824541603873712e-04, -1.2117770058109102e-04,
       4.8874862320422683e-04 ]
P2: !!opencv-matrix
   rows: 3
   cols: 4
   dt: f
   data: [ 3.58033569e+02, 0., 3.96899811e+02, -6.48063633e+04, 0.,
       3.58033569e+02, 2.24463287e+02, 0., 0., 0., 1., 0. ]
R2: !!opencv-matrix
   rows: 3
   cols: 3
   dt: f
   data: [ 9.99584019e-01, 1.22486064e-02, -2.61111427e-02,
       -1.22561324e-02, 9.99924898e-01, -1.28210624e-04, 2.61076111e-02,
       4.48178936e-04, 9.99659061e-01 ]
