%YAML:1.0
---
Q: !!opencv-matrix
   rows: 4
   cols: 4
   dt: f
   data: [ 1., 0., 0., -3.88898621e+02, 0., 1., 0., -2.24609070e+02, 0.,
       0., 0., 3.57778992e+02, 0., 0., 5.63760195e-03, 0. ]
R: !!opencv-matrix
   rows: 3
   cols: 3
   dt: d
   data: [ 1.0003478266357999e+00, 1.0056763417759846e-02,
       1.3414121399483536e-03, -9.9090618653824725e-03,
       1.0000710781819355e+00, 9.7956808137628516e-04,
       -1.1664300981268326e-03, -6.4215159052526919e-04,
       9.9976320187208978e-01 ]
T: !!opencv-matrix
   rows: 3
   cols: 1
   dt: d
   data: [ -1.7736597009546372e+02, -1.6576050650451075e+00,
       2.3471949081804548e+00 ]
E: !!opencv-matrix
   rows: 0
   cols: 0
   dt: u
   data: []
F: !!opencv-matrix
   rows: 0
   cols: 0
   dt: u
   data: []
K1: !!opencv-matrix
   rows: 3
   cols: 3
   dt: d
   data: [ 3.6619442195486482e+02, 0., 3.7800900657017900e+02, 0.,
       3.6631176586975289e+02, 2.2959692910978347e+02, 0., 0., 1. ]
D1: !!opencv-matrix
   rows: 5
   cols: 1
   dt: d
   data: [ -2.1502618721754269e-02, -1.2951184946942121e-03,
       -3.4127852927748451e-04, 2.7086966768530415e-04,
       4.7803342796299170e-04 ]
P1: !!opencv-matrix
   rows: 3
   cols: 4
   dt: f
   data: [ 3.57778992e+02, 0., 3.88898621e+02, 0., 0., 3.57778992e+02,
       2.24609070e+02, 0., 0., 0., 1., 0. ]
R1: !!opencv-matrix
   rows: 3
   cols: 3
   dt: f
   data: [ 9.99739408e-01, 1.75771024e-02, -1.45649668e-02,
       -1.75704751e-02, 9.99845445e-01, 5.82866720e-04, 1.45729603e-02,
       -3.26801441e-04, 9.99893785e-01 ]
K2: !!opencv-matrix
   rows: 3
   cols: 3
   dt: d
   data: [ 3.6684495620748953e+02, 0., 3.7586764757372902e+02, 0.,
       3.6714722400637692e+02, 2.2165240635390552e+02, 0., 0., 1. ]
D2: !!opencv-matrix
   rows: 5
   cols: 1
   dt: d
   data: [ -2.2125888778928394e-02, -1.1613594850445373e-03,
       2.4824541603873712e-04, -1.2117770058109102e-04,
       4.8874862320422683e-04 ]
P2: !!opencv-matrix
   rows: 3
   cols: 4
   dt: f
   data: [ 3.57778992e+02, 0., 3.88898621e+02, -6.34629727e+04, 0.,
       3.57778992e+02, 2.24609070e+02, 0., 0., 0., 1., 0. ]
R2: !!opencv-matrix
   rows: 3
   cols: 3
   dt: f
   data: [ 9.99845505e-01, 7.64023047e-03, -1.58289727e-02,
       -7.64743006e-03, 9.99970675e-01, -3.94351111e-04, 1.58254970e-02,
       5.15341177e-04, 9.99874651e-01 ]
