%YAML:1.0
---
Q: !!opencv-matrix
   rows: 4
   cols: 4
   dt: f
   data: [ 1., 0., 0., -3.93061523e+02, 0., 1., 0., -2.24597046e+02, 0.,
       0., 0., 3.57675537e+02, 0., 0., 5.66778099e-03, 0. ]
R: !!opencv-matrix
   rows: 3
   cols: 3
   dt: d
   data: [ 9.9983628637520916e-01, 9.8193093069712956e-03,
       7.3953012687876939e-04, -9.8723172191830591e-03,
       1.0004054085836542e+00, 8.9974377459673522e-04,
       -7.9629478592777351e-04, -6.4320396077869344e-04,
       1.0000674106454124e+00 ]
T: !!opencv-matrix
   rows: 3
   cols: 1
   dt: d
   data: [ -1.7639297417302043e+02, -1.4067749268421901e+00,
       4.4336263140775154e+00 ]
E: !!opencv-matrix
   rows: 0
   cols: 0
   dt: u
   data: []
F: !!opencv-matrix
   rows: 0
   cols: 0
   dt: u
   data: []
K1: !!opencv-matrix
   rows: 3
   cols: 3
   dt: d
   data: [ 3.6619442195486482e+02, 0., 3.7800900657017900e+02, 0.,
       3.6631176586975289e+02, 2.2959692910978347e+02, 0., 0., 1. ]
D1: !!opencv-matrix
   rows: 5
   cols: 1
   dt: d
   data: [ -2.1502618721754269e-02, -1.2951184946942121e-03,
       -3.4127852927748451e-04, 2.7086966768530415e-04,
       4.7803342796299170e-04 ]
P1: !!opencv-matrix
   rows: 3
   cols: 4
   dt: f
   data: [ 3.57675537e+02, 0., 3.93061523e+02, 0., 0., 3.57675537e+02,
       2.24597046e+02, 0., 0., 0., 1., 0. ]
R1: !!opencv-matrix
   rows: 3
   cols: 3
   dt: f
   data: [ 9.99682546e-01, 1.52302738e-02, -2.00706366e-02,
       -1.52247073e-02, 9.99884009e-01, 4.30129789e-04, 2.00748593e-02,
       -1.24423677e-04, 9.99798477e-01 ]
K2: !!opencv-matrix
   rows: 3
   cols: 3
   dt: d
   data: [ 3.6684495620748953e+02, 0., 3.7586764757372902e+02, 0.,
       3.6714722400637692e+02, 2.2165240635390552e+02, 0., 0., 1. ]
D2: !!opencv-matrix
   rows: 5
   cols: 1
   dt: d
   data: [ -2.2125888778928394e-02, -1.1613594850445373e-03,
       2.4824541603873712e-04, -1.2117770058109102e-04,
       4.8874862320422683e-04 ]
P2: !!opencv-matrix
   rows: 3
   cols: 4
   dt: f
   data: [ 3.57675537e+02, 0., 3.93061523e+02, -6.31068047e+04, 0.,
       3.57675537e+02, 2.24597046e+02, 0., 0., 0., 1., 0. ]
R2: !!opencv-matrix
   rows: 3
   cols: 3
   dt: f
   data: [ 9.99767423e-01, 5.39220823e-03, -2.08798647e-02,
       -5.39799826e-03, 9.99985397e-01, -2.20953574e-04, 2.08783690e-02,
       3.33611679e-04, 9.99781966e-01 ]
