%YAML:1.0
---
Q: !!opencv-matrix
   rows: 4
   cols: 4
   dt: f
   data: [ 1., 0., 0., -3.87463837e+02, 0., 1., 0., -2.24619278e+02, 0.,
       0., 0., 3.57833466e+02, 0., 0., 5.48346154e-03, 0. ]
R: !!opencv-matrix
   rows: 3
   cols: 3
   dt: d
   data: [ 9.9952090466837518e-01, 9.9710908881805050e-03,
       1.3953182159206772e-03, -9.9210900869374924e-03,
       1.0002363008057893e+00, 1.1584676632550037e-03,
       -1.4921294368827041e-03, -2.5256364962754093e-05,
       1.0003040369953846e+00 ]
T: !!opencv-matrix
   rows: 3
   cols: 1
   dt: d
   data: [ -1.8244486337079812e+02, -2.2329997763176270e+00,
       1.2459340279533589e-01 ]
E: !!opencv-matrix
   rows: 0
   cols: 0
   dt: u
   data: []
F: !!opencv-matrix
   rows: 0
   cols: 0
   dt: u
   data: []
K1: !!opencv-matrix
   rows: 3
   cols: 3
   dt: d
   data: [ 3.6619442195486482e+02, 0., 3.7800900657017900e+02, 0.,
       3.6631176586975289e+02, 2.2959692910978347e+02, 0., 0., 1. ]
D1: !!opencv-matrix
   rows: 5
   cols: 1
   dt: d
   data: [ -2.1502618721754269e-02, -1.2951184946942121e-03,
       -3.4127852927748451e-04, 2.7086966768530415e-04,
       4.7803342796299170e-04 ]
P1: !!opencv-matrix
   rows: 3
   cols: 4
   dt: f
   data: [ 3.57833466e+02, 0., 3.87463837e+02, 0., 0., 3.57833466e+02,
       2.24619278e+02, 0., 0., 0., 1., 0. ]
R1: !!opencv-matrix
   rows: 3
   cols: 3
   dt: f
   data: [ 9.99758124e-01, 1.79592296e-02, -1.26926061e-02,
       -1.79561675e-02, 9.99838710e-01, 3.55196913e-04, 1.26969377e-02,
       -1.27200459e-04, 9.99919355e-01 ]
K2: !!opencv-matrix
   rows: 3
   cols: 3
   dt: d
   data: [ 3.6684495620748953e+02, 0., 3.7586764757372902e+02, 0.,
       3.6714722400637692e+02, 2.2165240635390552e+02, 0., 0., 1. ]
D2: !!opencv-matrix
   rows: 5
   cols: 1
   dt: d
   data: [ -2.2125888778928394e-02, -1.1613594850445373e-03,
       2.4824541603873712e-04, -1.2117770058109102e-04,
       4.8874862320422683e-04 ]
P2: !!opencv-matrix
   rows: 3
   cols: 4
   dt: f
   data: [ 3.57833466e+02, 0., 3.87463837e+02, -6.52568516e+04, 0.,
       3.57833466e+02, 2.24619278e+02, 0., 0., 0., 1., 0. ]
R2: !!opencv-matrix
   rows: 3
   cols: 3
   dt: f
   data: [ 9.99869227e-01, 8.01906828e-03, -1.40457125e-02,
       -8.02245550e-03, 9.99967813e-01, -1.84876917e-04, 1.40437782e-02,
       2.97533843e-04, 9.99901354e-01 ]
