%YAML:1.0
---
Q: !!opencv-matrix
   rows: 4
   cols: 4
   dt: f
   data: [ 1., 0., 0., -4.16969055e+02, 0., 1., 0., -2.24098526e+02, 0.,
       0., 0., 3.58840332e+02, 0., 0., 5.65331755e-03, 0. ]
R: !!opencv-matrix
   rows: 3
   cols: 3
   dt: d
   data: [ 9.9965915682681306e-01, 9.7899612237674141e-03,
       3.5836092309331609e-04, -9.9263867568498993e-03,
       1.0009956842418155e+00, 1.2621632713758837e-03,
       -3.9667144665287362e-04, -1.1966278935296761e-03,
       1.0000743602488704e+00 ]
T: !!opencv-matrix
   rows: 3
   cols: 1
   dt: d
   data: [ -1.7647888611812991e+02, -2.4093602831093630e+00,
       7.4067758790322316e+00 ]
E: !!opencv-matrix
   rows: 0
   cols: 0
   dt: u
   data: []
F: !!opencv-matrix
   rows: 0
   cols: 0
   dt: u
   data: []
K1: !!opencv-matrix
   rows: 3
   cols: 3
   dt: d
   data: [ 3.6619442195486482e+02, 0., 3.7800900657017900e+02, 0.,
       3.6631176586975289e+02, 2.2959692910978347e+02, 0., 0., 1. ]
D1: !!opencv-matrix
   rows: 5
   cols: 1
   dt: d
   data: [ -2.1502618721754269e-02, -1.2951184946942121e-03,
       -3.4127852927748451e-04, 2.7086966768530415e-04,
       4.7803342796299170e-04 ]
P1: !!opencv-matrix
   rows: 3
   cols: 4
   dt: f
   data: [ 3.58840332e+02, 0., 4.16969055e+02, 0., 0., 3.58840332e+02,
       2.24098526e+02, 0., 0., 0., 1., 0. ]
R1: !!opencv-matrix
   rows: 3
   cols: 3
   dt: f
   data: [ 9.98384833e-01, 2.52723135e-02, -5.08829579e-02,
       -2.52471082e-02, 9.99680579e-01, 1.13813998e-03, 5.08954674e-02,
       1.48345833e-04, 9.98703957e-01 ]
K2: !!opencv-matrix
   rows: 3
   cols: 3
   dt: d
   data: [ 3.6684495620748953e+02, 0., 3.7586764757372902e+02, 0.,
       3.6714722400637692e+02, 2.2165240635390552e+02, 0., 0., 1. ]
D2: !!opencv-matrix
   rows: 5
   cols: 1
   dt: d
   data: [ -2.2125888778928394e-02, -1.1613594850445373e-03,
       2.4824541603873712e-04, -1.2117770058109102e-04,
       4.8874862320422683e-04 ]
P2: !!opencv-matrix
   rows: 3
   cols: 4
   dt: f
   data: [ 3.58840332e+02, 0., 4.16969055e+02, -6.34742930e+04, 0.,
       3.58840332e+02, 2.24098526e+02, 0., 0., 0., 1., 0. ]
R2: !!opencv-matrix
   rows: 3
   cols: 3
   dt: f
   data: [ 9.98568177e-01, 1.53497849e-02, -5.12447245e-02,
       -1.53751625e-02, 9.99881804e-01, -1.01044090e-04, 5.12371175e-02,
       8.88795417e-04, 9.98686135e-01 ]
