%YAML:1.0
---
Q: !!opencv-matrix
   rows: 4
   cols: 4
   dt: f
   data: [ 1., 0., 0., -3.99265198e+02, 0., 1., 0., -2.24464127e+02, 0.,
       0., 0., 3.57988159e+02, 0., 0., 5.63680334e-03, 0. ]
R: !!opencv-matrix
   rows: 3
   cols: 3
   dt: d
   data: [ 9.9986187350219791e-01, 9.8981887772184220e-03,
       7.2664480744840775e-04, -9.8293705978236088e-03,
       1.0004538001362360e+00, 1.0741622198296905e-03,
       -6.8664850555033412e-04, -2.0058109339345464e-04,
       1.0000388569624099e+00 ]
T: !!opencv-matrix
   rows: 3
   cols: 1
   dt: d
   data: [ -1.7729816583148505e+02, -2.0187507326140888e+00,
       4.2618705031955431e+00 ]
E: !!opencv-matrix
   rows: 0
   cols: 0
   dt: u
   data: []
F: !!opencv-matrix
   rows: 0
   cols: 0
   dt: u
   data: []
K1: !!opencv-matrix
   rows: 3
   cols: 3
   dt: d
   data: [ 3.6619442195486482e+02, 0., 3.7800900657017900e+02, 0.,
       3.6631176586975289e+02, 2.2959692910978347e+02, 0., 0., 1. ]
D1: !!opencv-matrix
   rows: 5
   cols: 1
   dt: d
   data: [ -2.1502618721754269e-02, -1.2951184946942121e-03,
       -3.4127852927748451e-04, 2.7086966768530415e-04,
       4.7803342796299170e-04 ]
P1: !!opencv-matrix
   rows: 3
   cols: 4
   dt: f
   data: [ 3.57988159e+02, 0., 3.99265198e+02, 0., 0., 3.57988159e+02,
       2.24464127e+02, 0., 0., 0., 1., 0. ]
R1: !!opencv-matrix
   rows: 3
   cols: 3
   dt: f
   data: [ 9.99400139e-01, 2.01863311e-02, -2.81398222e-02,
       -2.01791953e-02, 9.99796212e-01, 5.37585060e-04, 2.81449389e-02,
       3.05763933e-05, 9.99603868e-01 ]
K2: !!opencv-matrix
   rows: 3
   cols: 3
   dt: d
   data: [ 3.6684495620748953e+02, 0., 3.7586764757372902e+02, 0.,
       3.6714722400637692e+02, 2.2165240635390552e+02, 0., 0., 1. ]
D2: !!opencv-matrix
   rows: 5
   cols: 1
   dt: d
   data: [ -2.2125888778928394e-02, -1.1613594850445373e-03,
       2.4824541603873712e-04, -1.2117770058109102e-04,
       4.8874862320422683e-04 ]
P2: !!opencv-matrix
   rows: 3
   cols: 4
   dt: f
   data: [ 3.57988159e+02, 0., 3.99265198e+02, -6.35090742e+04, 0.,
       3.57988159e+02, 2.24464127e+02, 0., 0., 0., 1., 0. ]
R2: !!opencv-matrix
   rows: 3
   cols: 3
   dt: f
   data: [ 9.99530852e-01, 1.03254654e-02, -2.88357344e-02,
       -1.03327772e-02, 9.99946594e-01, -1.04560517e-04, 2.88331155e-02,
       4.02464677e-04, 9.99584138e-01 ]
