%YAML:1.0
---
Q: !!opencv-matrix
   rows: 4
   cols: 4
   dt: f
   data: [ 1., 0., 0., -4.03812439e+02, 0., 1., 0., -2.24422180e+02, 0.,
       0., 0., 3.57984436e+02, 0., 0., 5.58802299e-03, 0. ]
R: !!opencv-matrix
   rows: 3
   cols: 3
   dt: d
   data: [ 1.0005679396504272e+00, 1.0042928889345191e-02,
       9.7806861548023222e-04, -9.8764071322818611e-03,
       1.0009391631671620e+00, 1.0866155981123146e-03,
       -7.3982254028372954e-04, -8.4998165823626845e-05,
       9.9934943999416703e-01 ]
T: !!opencv-matrix
   rows: 3
   cols: 1
   dt: d
   data: [ -1.7868889548491373e+02, -2.5179854645885302e+00,
       6.7356394916750650e+00 ]
E: !!opencv-matrix
   rows: 0
   cols: 0
   dt: u
   data: []
F: !!opencv-matrix
   rows: 0
   cols: 0
   dt: u
   data: []
K1: !!opencv-matrix
   rows: 3
   cols: 3
   dt: d
   data: [ 3.6619442195486482e+02, 0., 3.7800900657017900e+02, 0.,
       3.6631176586975289e+02, 2.2959692910978347e+02, 0., 0., 1. ]
D1: !!opencv-matrix
   rows: 5
   cols: 1
   dt: d
   data: [ -2.1502618721754269e-02, -1.2951184946942121e-03,
       -3.4127852927748451e-04, 2.7086966768530415e-04,
       4.7803342796299170e-04 ]
P1: !!opencv-matrix
   rows: 3
   cols: 4
   dt: f
   data: [ 3.57984436e+02, 0., 4.03812439e+02, 0., 0., 3.57984436e+02,
       2.24422180e+02, 0., 0., 0., 1., 0. ]
R1: !!opencv-matrix
   rows: 3
   cols: 3
   dt: f
   data: [ 9.99237359e-01, 1.95489433e-02, -3.38018127e-02,
       -1.95433684e-02, 9.99808908e-01, 4.95308952e-04, 3.38050351e-02,
       1.65670121e-04, 9.99428451e-01 ]
K2: !!opencv-matrix
   rows: 3
   cols: 3
   dt: d
   data: [ 3.6684495620748953e+02, 0., 3.7586764757372902e+02, 0.,
       3.6714722400637692e+02, 2.2165240635390552e+02, 0., 0., 1. ]
D2: !!opencv-matrix
   rows: 5
   cols: 1
   dt: d
   data: [ -2.2125888778928394e-02, -1.1613594850445373e-03,
       2.4824541603873712e-04, -1.2117770058109102e-04,
       4.8874862320422683e-04 ]
P2: !!opencv-matrix
   rows: 3
   cols: 4
   dt: f
   data: [ 3.57984436e+02, 0., 4.03812439e+02, -6.40628047e+04, 0.,
       3.57984436e+02, 2.24422180e+02, 0., 0., 0., 1., 0. ]
R2: !!opencv-matrix
   rows: 3
   cols: 3
   dt: f
   data: [ 9.99350250e-01, 9.62745491e-03, -3.47339176e-02,
       -9.63318162e-03, 9.99953628e-01, 2.47582079e-06, 3.47323306e-02,
       3.32123949e-04, 9.99396622e-01 ]
