%YAML:1.0
---
Q: !!opencv-matrix
   rows: 4
   cols: 4
   dt: f
   data: [ 1., 0., 0., -4.44614563e+02, 0., 1., 0., -2.21866760e+02, 0.,
       0., 0., 3.66590912e+02, 0., 0., 5.63376723e-03, 0. ]
R: !!opencv-matrix
   rows: 3
   cols: 3
   dt: d
   data: [ 9.9865354659417949e-01, 9.2361308742561956e-03,
       -3.0987766015176926e-04, -1.0021581862119279e-02,
       1.0010769590084965e+00, 8.2839437719864459e-04,
       -6.2072244159727078e-04, -1.4354193652123589e-03,
       1.0009016667431851e+00 ]
T: !!opencv-matrix
   rows: 3
   cols: 1
   dt: d
   data: [ -1.7555960265194628e+02, -1.9949563834397401e+00,
       3.8912470630686329e+00 ]
E: !!opencv-matrix
   rows: 0
   cols: 0
   dt: u
   data: []
F: !!opencv-matrix
   rows: 0
   cols: 0
   dt: u
   data: []
K1: !!opencv-matrix
   rows: 3
   cols: 3
   dt: d
   data: [ 3.6619442195486482e+02, 0., 3.7800900657017900e+02, 0.,
       3.6631176586975289e+02, 2.2959692910978347e+02, 0., 0., 1. ]
D1: !!opencv-matrix
   rows: 5
   cols: 1
   dt: d
   data: [ -2.1502618721754269e-02, -1.2951184946942121e-03,
       -3.4127852927748451e-04, 2.7086966768530415e-04,
       4.7803342796299170e-04 ]
P1: !!opencv-matrix
   rows: 3
   cols: 4
   dt: f
   data: [ 3.66590912e+02, 0., 4.44614563e+02, 0., 0., 3.66590912e+02,
       2.21866760e+02, 0., 0., 0., 1., 0. ]
R1: !!opencv-matrix
   rows: 3
   cols: 3
   dt: f
   data: [ 9.94266808e-01, 6.30030707e-02, -8.63950774e-02,
       -6.29548728e-02, 9.98010993e-01, 3.28511442e-03, 8.64302069e-02,
       2.17271037e-03, 9.96255517e-01 ]
K2: !!opencv-matrix
   rows: 3
   cols: 3
   dt: d
   data: [ 3.6684495620748953e+02, 0., 3.7586764757372902e+02, 0.,
       3.6714722400637692e+02, 2.2165240635390552e+02, 0., 0., 1. ]
D2: !!opencv-matrix
   rows: 5
   cols: 1
   dt: d
   data: [ -2.2125888778928394e-02, -1.1613594850445373e-03,
       2.4824541603873712e-04, -1.2117770058109102e-04,
       4.8874862320422683e-04 ]
P2: !!opencv-matrix
   rows: 3
   cols: 4
   dt: f
   data: [ 3.66590912e+02, 0., 4.44614563e+02, -6.50702969e+04, 0.,
       3.66590912e+02, 2.21866760e+02, 0., 0., 0., 1., 0. ]
R2: !!opencv-matrix
   rows: 3
   cols: 3
   dt: f
   data: [ 9.94873643e-01, 5.26956022e-02, -8.63113478e-02,
       -5.27437329e-02, 9.98606563e-01, 1.72432442e-03, 8.62819478e-02,
       2.83689774e-03, 9.96266723e-01 ]
