%YAML:1.0
---
Q: !!opencv-matrix
   rows: 4
   cols: 4
   dt: f
   data: [ 1., 0., 0., -3.92521545e+02, 0., 1., 0., -2.24609070e+02, 0.,
       0., 0., 3.57718597e+02, 0., 0., 5.66716306e-03, 0. ]
R: !!opencv-matrix
   rows: 3
   cols: 3
   dt: d
   data: [ 1.0011606100743282e+00, 9.7476504732775839e-03,
       4.1802909947611755e-04, -9.8612947338194337e-03,
       1.0011027386065114e+00, 1.2906906646520556e-03,
       5.5058445476488287e-06, -1.9461012124860190e-03,
       9.9896152126391169e-01 ]
T: !!opencv-matrix
   rows: 3
   cols: 1
   dt: d
   data: [ -1.7607246864673093e+02, -2.1650714341317681e+00,
       1.0868284506801796e+01 ]
E: !!opencv-matrix
   rows: 0
   cols: 0
   dt: u
   data: []
F: !!opencv-matrix
   rows: 0
   cols: 0
   dt: u
   data: []
K1: !!opencv-matrix
   rows: 3
   cols: 3
   dt: d
   data: [ 3.6619442195486482e+02, 0., 3.7800900657017900e+02, 0.,
       3.6631176586975289e+02, 2.2959692910978347e+02, 0., 0., 1. ]
D1: !!opencv-matrix
   rows: 5
   cols: 1
   dt: d
   data: [ -2.1502618721754269e-02, -1.2951184946942121e-03,
       -3.4127852927748451e-04, 2.7086966768530415e-04,
       4.7803342796299170e-04 ]
P1: !!opencv-matrix
   rows: 3
   cols: 4
   dt: f
   data: [ 3.57718597e+02, 0., 3.92521545e+02, 0., 0., 3.57718597e+02,
       2.24609070e+02, 0., 0., 0., 1., 0. ]
R1: !!opencv-matrix
   rows: 3
   cols: 3
   dt: f
   data: [ 9.99704659e-01, 1.45125249e-02, -1.94923319e-02,
       -1.45027488e-02, 9.99894619e-01, 6.42820494e-04, 1.94996074e-02,
       -3.59938247e-04, 9.99809802e-01 ]
K2: !!opencv-matrix
   rows: 3
   cols: 3
   dt: d
   data: [ 3.6684495620748953e+02, 0., 3.7586764757372902e+02, 0.,
       3.6714722400637692e+02, 2.2165240635390552e+02, 0., 0., 1. ]
D2: !!opencv-matrix
   rows: 5
   cols: 1
   dt: d
   data: [ -2.2125888778928394e-02, -1.1613594850445373e-03,
       2.4824541603873712e-04, -1.2117770058109102e-04,
       4.8874862320422683e-04 ]
P2: !!opencv-matrix
   rows: 3
   cols: 4
   dt: f
   data: [ 3.57718597e+02, 0., 3.92521545e+02, -6.31212813e+04, 0.,
       3.57718597e+02, 2.24609070e+02, 0., 0., 0., 1., 0. ]
R2: !!opencv-matrix
   rows: 3
   cols: 3
   dt: f
   data: [ 9.99787509e-01, 4.78052162e-03, -2.00527329e-02,
       -4.79057664e-03, 9.99988437e-01, -4.53405839e-04, 2.00503338e-02,
       5.49373624e-04, 9.99798834e-01 ]
