%YAML:1.0
---
Q: !!opencv-matrix
   rows: 4
   cols: 4
   dt: f
   data: [ 1., 0., 0., -4.03118927e+02, 0., 1., 0., -2.24579285e+02, 0.,
       0., 0., 3.57358398e+02, 0., 0., 5.66161377e-03, 0. ]
R: !!opencv-matrix
   rows: 3
   cols: 3
   dt: d
   data: [ 1.0002065708028340e+00, 9.7327617018962507e-03,
       8.0234158335414920e-04, -9.7166781634825498e-03,
       1.0004445786132974e+00, 6.5980623301762546e-04,
       -6.4249975334822033e-04, -8.7854805169312379e-04,
       9.9978305077203411e-01 ]
T: !!opencv-matrix
   rows: 3
   cols: 1
   dt: d
   data: [ -1.7652807106488578e+02, -3.1770942936013191e-01,
       5.9344621155284516e+00 ]
E: !!opencv-matrix
   rows: 0
   cols: 0
   dt: u
   data: []
F: !!opencv-matrix
   rows: 0
   cols: 0
   dt: u
   data: []
K1: !!opencv-matrix
   rows: 3
   cols: 3
   dt: d
   data: [ 3.6619442195486482e+02, 0., 3.7800900657017900e+02, 0.,
       3.6631176586975289e+02, 2.2959692910978347e+02, 0., 0., 1. ]
D1: !!opencv-matrix
   rows: 5
   cols: 1
   dt: d
   data: [ -2.1502618721754269e-02, -1.2951184946942121e-03,
       -3.4127852927748451e-04, 2.7086966768530415e-04,
       4.7803342796299170e-04 ]
P1: !!opencv-matrix
   rows: 3
   cols: 4
   dt: f
   data: [ 3.57358398e+02, 0., 4.03118927e+02, 0., 0., 3.57358398e+02,
       2.24579285e+02, 0., 0., 0., 1., 0. ]
R1: !!opencv-matrix
   rows: 3
   cols: 3
   dt: f
   data: [ 9.99392986e-01, 1.15400106e-02, -3.28709893e-02,
       -1.15300594e-02, 9.99933422e-01, 4.92284482e-04, 3.28744836e-02,
       -1.12981164e-04, 9.99459505e-01 ]
K2: !!opencv-matrix
   rows: 3
   cols: 3
   dt: d
   data: [ 3.6684495620748953e+02, 0., 3.7586764757372902e+02, 0.,
       3.6714722400637692e+02, 2.2165240635390552e+02, 0., 0., 1. ]
D2: !!opencv-matrix
   rows: 5
   cols: 1
   dt: d
   data: [ -2.2125888778928394e-02, -1.1613594850445373e-03,
       2.4824541603873712e-04, -1.2117770058109102e-04,
       4.8874862320422683e-04 ]
P2: !!opencv-matrix
   rows: 3
   cols: 4
   dt: f
   data: [ 3.57358398e+02, 0., 4.03118927e+02, -6.31195273e+04, 0.,
       3.57358398e+02, 2.24579285e+02, 0., 0., 0., 1., 0. ]
R2: !!opencv-matrix
   rows: 3
   cols: 3
   dt: f
   data: [ 9.99433815e-01, 1.79874816e-03, -3.35986316e-02,
       -1.80891913e-03, 9.99998331e-01, -2.72324396e-04, 3.35980877e-02,
       3.32947413e-04, 9.99435365e-01 ]
