%YAML:1.0
---
Q: !!opencv-matrix
   rows: 4
   cols: 4
   dt: f
   data: [ 1., 0., 0., -3.83691010e+02, 0., 1., 0., -2.24651154e+02, 0.,
       0., 0., 3.56763916e+02, 0., 0., 5.61977038e-03, 0. ]
R: !!opencv-matrix
   rows: 3
   cols: 3
   dt: d
   data: [ 1.0001867698221947e+00, 9.9649531660580236e-03,
       1.3924873989433915e-03, -9.9551476176111577e-03,
       1.0001922020930842e+00, 9.0318207628294067e-04,
       -1.2756218484131178e-03, -1.1458236507868660e-03,
       9.9983597230141186e-01 ]
T: !!opencv-matrix
   rows: 3
   cols: 1
   dt: d
   data: [ -1.7776744196340172e+02, -1.5683897925740855e+00,
       3.1947917792449467e+00 ]
E: !!opencv-matrix
   rows: 0
   cols: 0
   dt: u
   data: []
F: !!opencv-matrix
   rows: 0
   cols: 0
   dt: u
   data: []
K1: !!opencv-matrix
   rows: 3
   cols: 3
   dt: d
   data: [ 3.6619442195486482e+02, 0., 3.7800900657017900e+02, 0.,
       3.6631176586975289e+02, 2.2959692910978347e+02, 0., 0., 1. ]
D1: !!opencv-matrix
   rows: 5
   cols: 1
   dt: d
   data: [ -2.1502618721754269e-02, -1.2951184946942121e-03,
       -3.4127852927748451e-04, 2.7086966768530415e-04,
       4.7803342796299170e-04 ]
P1: !!opencv-matrix
   rows: 3
   cols: 4
   dt: f
   data: [ 3.56763916e+02, 0., 3.83691010e+02, 0., 0., 3.56763916e+02,
       2.24651154e+02, 0., 0., 0., 1., 0. ]
R1: !!opencv-matrix
   rows: 3
   cols: 3
   dt: f
   data: [ 9.99797702e-01, 1.85287800e-02, -7.82848708e-03,
       -1.85251962e-02, 9.99828279e-01, 5.30135527e-04, 7.83696491e-03,
       -3.85004008e-04, 9.99969244e-01 ]
K2: !!opencv-matrix
   rows: 3
   cols: 3
   dt: d
   data: [ 3.6684495620748953e+02, 0., 3.7586764757372902e+02, 0.,
       3.6714722400637692e+02, 2.2165240635390552e+02, 0., 0., 1. ]
D2: !!opencv-matrix
   rows: 5
   cols: 1
   dt: d
   data: [ -2.2125888778928394e-02, -1.1613594850445373e-03,
       2.4824541603873712e-04, -1.2117770058109102e-04,
       4.8874862320422683e-04 ]
P2: !!opencv-matrix
   rows: 3
   cols: 4
   dt: f
   data: [ 3.56763916e+02, 0., 3.83691010e+02, -6.34837188e+04, 0.,
       3.56763916e+02, 2.24651154e+02, 0., 0., 0., 1., 0. ]
R2: !!opencv-matrix
   rows: 3
   cols: 3
   dt: f
   data: [ 9.99920249e-01, 8.57350696e-03, -9.27396026e-03,
       -8.57774913e-03, 9.99963105e-01, -4.17825591e-04, 9.27003566e-03,
       4.97341971e-04, 9.99956906e-01 ]
