%YAML:1.0
---
Q: !!opencv-matrix
   rows: 4
   cols: 4
   dt: f
   data: [ 1., 0., 0., -3.82377502e+02, 0., 1., 0., -2.24759140e+02, 0.,
       0., 0., 3.57479401e+02, 0., 0., 5.55239106e-03, 0. ]
R: !!opencv-matrix
   rows: 3
   cols: 3
   dt: d
   data: [ 1.0000830179128122e+00, 9.4460554700844072e-03,
       1.2095030409377153e-03, -9.5738652587226969e-03,
       9.9936319441044597e-01, 1.4727726530799518e-04,
       -1.3210031744885936e-03, -1.1891324484564264e-03,
       1.0001295727567578e+00 ]
T: !!opencv-matrix
   rows: 3
   cols: 1
   dt: d
   data: [ -1.7956115357821693e+02, 1.8179368269306160e+00,
       1.1406834599352633e+00 ]
E: !!opencv-matrix
   rows: 0
   cols: 0
   dt: u
   data: []
F: !!opencv-matrix
   rows: 0
   cols: 0
   dt: u
   data: []
K1: !!opencv-matrix
   rows: 3
   cols: 3
   dt: d
   data: [ 3.6619442195486482e+02, 0., 3.7800900657017900e+02, 0.,
       3.6631176586975289e+02, 2.2959692910978347e+02, 0., 0., 1. ]
D1: !!opencv-matrix
   rows: 5
   cols: 1
   dt: d
   data: [ -2.1502618721754269e-02, -1.2951184946942121e-03,
       -3.4127852927748451e-04, 2.7086966768530415e-04,
       4.7803342796299170e-04 ]
P1: !!opencv-matrix
   rows: 3
   cols: 4
   dt: f
   data: [ 3.57479401e+02, 0., 3.82377502e+02, 0., 0., 3.57479401e+02,
       2.24759140e+02, 0., 0., 0., 1., 0. ]
R1: !!opencv-matrix
   rows: 3
   cols: 3
   dt: f
   data: [ 9.99982953e-01, -2.66663963e-04, -5.83723048e-03,
       2.68393080e-04, 9.99999940e-01, 2.95442063e-04, 5.83715132e-03,
       -2.97003688e-04, 9.99982893e-01 ]
K2: !!opencv-matrix
   rows: 3
   cols: 3
   dt: d
   data: [ 3.6684495620748953e+02, 0., 3.7586764757372902e+02, 0.,
       3.6714722400637692e+02, 2.2165240635390552e+02, 0., 0., 1. ]
D2: !!opencv-matrix
   rows: 5
   cols: 1
   dt: d
   data: [ -2.2125888778928394e-02, -1.1613594850445373e-03,
       2.4824541603873712e-04, -1.2117770058109102e-04,
       4.8874862320422683e-04 ]
P2: !!opencv-matrix
   rows: 3
   cols: 4
   dt: f
   data: [ 3.57479401e+02, 0., 3.82377502e+02, -6.43829648e+04, 0.,
       3.57479401e+02, 2.24759140e+02, 0., 0., 0., 1., 0. ]
R2: !!opencv-matrix
   rows: 3
   cols: 3
   dt: f
   data: [ 9.99926150e-01, -9.79073532e-03, -7.20133819e-03,
       9.78860166e-03, 9.99952018e-01, -3.31476418e-04, 7.20423833e-03,
       2.60960893e-04, 9.99974012e-01 ]
