%YAML:1.0
---
Q: !!opencv-matrix
   rows: 4
   cols: 4
   dt: f
   data: [ 1., 0., 0., -4.03302612e+02, 0., 1., 0., -2.24474945e+02, 0.,
       0., 0., 3.57804688e+02, 0., 0., 5.65563515e-03, 0. ]
R: !!opencv-matrix
   rows: 3
   cols: 3
   dt: d
   data: [ 1.0000346272015204e+00, 9.6141019247320408e-03,
       3.4560158711570844e-04, -9.8226751582891660e-03,
       1.0005151100614385e+00, 1.0591103724794189e-03,
       -2.9494540195352755e-04, -1.4338708140271684e-03,
       1.0000200226716316e+00 ]
T: !!opencv-matrix
   rows: 3
   cols: 1
   dt: d
   data: [ -1.7665204819383430e+02, -1.5353874674752144e+00,
       6.1440573383593415e+00 ]
E: !!opencv-matrix
   rows: 0
   cols: 0
   dt: u
   data: []
F: !!opencv-matrix
   rows: 0
   cols: 0
   dt: u
   data: []
K1: !!opencv-matrix
   rows: 3
   cols: 3
   dt: d
   data: [ 3.6619442195486482e+02, 0., 3.7800900657017900e+02, 0.,
       3.6631176586975289e+02, 2.2959692910978347e+02, 0., 0., 1. ]
D1: !!opencv-matrix
   rows: 5
   cols: 1
   dt: d
   data: [ -2.1502618721754269e-02, -1.2951184946942121e-03,
       -3.4127852927748451e-04, 2.7086966768530415e-04,
       4.7803342796299170e-04 ]
P1: !!opencv-matrix
   rows: 3
   cols: 4
   dt: f
   data: [ 3.57804688e+02, 0., 4.03302612e+02, 0., 0., 3.57804688e+02,
       2.24474945e+02, 0., 0., 0., 1., 0. ]
R1: !!opencv-matrix
   rows: 3
   cols: 3
   dt: f
   data: [ 9.99298513e-01, 1.69549976e-02, -3.33919711e-02,
       -1.69369727e-02, 9.99856234e-01, 8.22556962e-04, 3.34011167e-02,
       -2.56420986e-04, 9.99441981e-01 ]
K2: !!opencv-matrix
   rows: 3
   cols: 3
   dt: d
   data: [ 3.6684495620748953e+02, 0., 3.7586764757372902e+02, 0.,
       3.6714722400637692e+02, 2.2165240635390552e+02, 0., 0., 1. ]
D2: !!opencv-matrix
   rows: 5
   cols: 1
   dt: d
   data: [ -2.2125888778928394e-02, -1.1613594850445373e-03,
       2.4824541603873712e-04, -1.2117770058109102e-04,
       4.8874862320422683e-04 ]
P2: !!opencv-matrix
   rows: 3
   cols: 4
   dt: f
   data: [ 3.57804688e+02, 0., 4.03302612e+02, -6.32651641e+04, 0.,
       3.57804688e+02, 2.24474945e+02, 0., 0., 0., 1., 0. ]
R2: !!opencv-matrix
   rows: 3
   cols: 3
   dt: f
   data: [ 9.99404132e-01, 7.23458594e-03, -3.37505564e-02,
       -7.25279888e-03, 9.99973595e-01, -4.17234522e-04, 3.37466486e-02,
       6.61771919e-04, 9.99430180e-01 ]
