%YAML:1.0
---
Q: !!opencv-matrix
   rows: 4
   cols: 4
   dt: f
   data: [ 1., 0., 0., -3.98746063e+02, 0., 1., 0., -2.24571640e+02, 0.,
       0., 0., 3.57525604e+02, 0., 0., 5.64208906e-03, 0. ]
R: !!opencv-matrix
   rows: 3
   cols: 3
   dt: d
   data: [ 9.9972038458227919e-01, 9.9570576073632778e-03,
       7.8306924372325008e-04, -9.7591727333430443e-03,
       1.0002292353107669e+00, 8.5977657483533735e-04,
       -7.3610072026040758e-04, -1.7112819334348494e-05,
       1.0002044063161026e+00 ]
T: !!opencv-matrix
   rows: 3
   cols: 1
   dt: d
   data: [ -1.7734420033231797e+02, -1.0052254947140589e+00,
       3.5333831143314787e+00 ]
E: !!opencv-matrix
   rows: 0
   cols: 0
   dt: u
   data: []
F: !!opencv-matrix
   rows: 0
   cols: 0
   dt: u
   data: []
K1: !!opencv-matrix
   rows: 3
   cols: 3
   dt: d
   data: [ 3.6619442195486482e+02, 0., 3.7800900657017900e+02, 0.,
       3.6631176586975289e+02, 2.2959692910978347e+02, 0., 0., 1. ]
D1: !!opencv-matrix
   rows: 5
   cols: 1
   dt: d
   data: [ -2.1502618721754269e-02, -1.2951184946942121e-03,
       -3.4127852927748451e-04, 2.7086966768530415e-04,
       4.7803342796299170e-04 ]
P1: !!opencv-matrix
   rows: 3
   cols: 4
   dt: f
   data: [ 3.57525604e+02, 0., 3.98746063e+02, 0., 0., 3.57525604e+02,
       2.24571640e+02, 0., 0., 0., 1., 0. ]
R1: !!opencv-matrix
   rows: 3
   cols: 3
   dt: f
   data: [ 9.99529839e-01, 1.38245849e-02, -2.73684561e-02,
       -1.38189895e-02, 9.99904454e-01, 3.93566763e-04, 2.73712818e-02,
       -1.51772983e-05, 9.99625325e-01 ]
K2: !!opencv-matrix
   rows: 3
   cols: 3
   dt: d
   data: [ 3.6684495620748953e+02, 0., 3.7586764757372902e+02, 0.,
       3.6714722400637692e+02, 2.2165240635390552e+02, 0., 0., 1. ]
D2: !!opencv-matrix
   rows: 5
   cols: 1
   dt: d
   data: [ -2.2125888778928394e-02, -1.1613594850445373e-03,
       2.4824541603873712e-04, -1.2117770058109102e-04,
       4.8874862320422683e-04 ]
P2: !!opencv-matrix
   rows: 3
   cols: 4
   dt: f
   data: [ 3.57525604e+02, 0., 3.98746063e+02, -6.33675898e+04, 0.,
       3.57525604e+02, 2.24571640e+02, 0., 0., 0., 1., 0. ]
R2: !!opencv-matrix
   rows: 3
   cols: 3
   dt: f
   data: [ 9.99598861e-01, 3.97790503e-03, -2.80416049e-02,
       -3.98363685e-03, 9.99992073e-01, -1.48551568e-04, 2.80407909e-02,
       2.60199537e-04, 9.99606729e-01 ]
