%YAML:1.0
---
Q: !!opencv-matrix
   rows: 4
   cols: 4
   dt: f
   data: [ 1., 0., 0., -3.95475128e+02, 0., 1., 0., -2.24494064e+02, 0.,
       0., 0., 3.57996216e+02, 0., 0., 5.63822221e-03, 0. ]
R: !!opencv-matrix
   rows: 3
   cols: 3
   dt: d
   data: [ 9.9984168685569019e-01, 9.8688000708461298e-03,
       7.4148760404854283e-04, -9.8603357027121502e-03,
       1.0003312532437731e+00, 9.5200535712061294e-04,
       -7.7789791235474595e-04, -4.7207249338546717e-04,
       1.0000841634349840e+00 ]
T: !!opencv-matrix
   rows: 3
   cols: 1
   dt: d
   data: [ -1.7745388004548261e+02, -1.8019784801577345e+00,
       3.8932014160703043e+00 ]
E: !!opencv-matrix
   rows: 0
   cols: 0
   dt: u
   data: []
F: !!opencv-matrix
   rows: 0
   cols: 0
   dt: u
   data: []
K1: !!opencv-matrix
   rows: 3
   cols: 3
   dt: d
   data: [ 3.6619442195486482e+02, 0., 3.7800900657017900e+02, 0.,
       3.6631176586975289e+02, 2.2959692910978347e+02, 0., 0., 1. ]
D1: !!opencv-matrix
   rows: 5
   cols: 1
   dt: d
   data: [ -2.1502618721754269e-02, -1.2951184946942121e-03,
       -3.4127852927748451e-04, 2.7086966768530415e-04,
       4.7803342796299170e-04 ]
P1: !!opencv-matrix
   rows: 3
   cols: 4
   dt: f
   data: [ 3.57996216e+02, 0., 3.95475128e+02, 0., 0., 3.57996216e+02,
       2.24494064e+02, 0., 0., 0., 1., 0. ]
R1: !!opencv-matrix
   rows: 3
   cols: 3
   dt: f
   data: [ 9.99502182e-01, 2.12548859e-02, -2.33147740e-02,
       -2.12488845e-02, 9.99774098e-01, 5.05162752e-04, 2.33202446e-02,
       -9.49832702e-06, 9.99728024e-01 ]
K2: !!opencv-matrix
   rows: 3
   cols: 3
   dt: d
   data: [ 3.6684495620748953e+02, 0., 3.7586764757372902e+02, 0.,
       3.6714722400637692e+02, 2.2165240635390552e+02, 0., 0., 1. ]
D2: !!opencv-matrix
   rows: 5
   cols: 1
   dt: d
   data: [ -2.2125888778928394e-02, -1.1613594850445373e-03,
       2.4824541603873712e-04, -1.2117770058109102e-04,
       4.8874862320422683e-04 ]
P2: !!opencv-matrix
   rows: 3
   cols: 4
   dt: f
   data: [ 3.57996216e+02, 0., 3.95475128e+02, -6.34945195e+04, 0.,
       3.57996216e+02, 2.24494064e+02, 0., 0., 0., 1., 0. ]
R2: !!opencv-matrix
   rows: 3
   cols: 3
   dt: f
   data: [ 9.99646485e-01, 1.13821654e-02, -2.40293723e-02,
       -1.13883493e-02, 9.99935150e-01, -1.20533674e-04, 2.40264423e-02,
       3.94145958e-04, 9.99711275e-01 ]
