%YAML:1.0
---
Q: !!opencv-matrix
   rows: 4
   cols: 4
   dt: f
   data: [ 1., 0., 0., -3.88200745e+02, 0., 1., 0., -2.24597839e+02, 0.,
       0., 0., 3.57764465e+02, 0., 0., 5.50099276e-03, 0. ]
R: !!opencv-matrix
   rows: 3
   cols: 3
   dt: d
   data: [ 9.9963914794658393e-01, 1.0118590770898193e-02,
       1.5694249798563103e-03, -9.9401361546124431e-03,
       1.0000144749369773e+00, 9.8300280386302125e-04,
       -1.6550713864207363e-03, -1.0309126324503286e-04,
       1.0001844184663402e+00 ]
T: !!opencv-matrix
   rows: 3
   cols: 1
   dt: d
   data: [ -1.8213997843400736e+02, -1.9245135543090299e+00,
       1.8471898488940701e+00 ]
E: !!opencv-matrix
   rows: 0
   cols: 0
   dt: u
   data: []
F: !!opencv-matrix
   rows: 0
   cols: 0
   dt: u
   data: []
K1: !!opencv-matrix
   rows: 3
   cols: 3
   dt: d
   data: [ 3.6619442195486482e+02, 0., 3.7800900657017900e+02, 0.,
       3.6631176586975289e+02, 2.2959692910978347e+02, 0., 0., 1. ]
D1: !!opencv-matrix
   rows: 5
   cols: 1
   dt: d
   data: [ -2.1502618721754269e-02, -1.2951184946942121e-03,
       -3.4127852927748451e-04, 2.7086966768530415e-04,
       4.7803342796299170e-04 ]
P1: !!opencv-matrix
   rows: 3
   cols: 4
   dt: f
   data: [ 3.57764465e+02, 0., 3.88200745e+02, 0., 0., 3.57764465e+02,
       2.24597839e+02, 0., 0., 0., 1., 0. ]
R1: !!opencv-matrix
   rows: 3
   cols: 3
   dt: f
   data: [ 9.99715447e-01, 1.96062196e-02, -1.35890525e-02,
       -1.96028557e-02, 9.99807775e-01, 3.80748388e-04, 1.35939056e-02,
       -1.14255796e-04, 9.99907613e-01 ]
K2: !!opencv-matrix
   rows: 3
   cols: 3
   dt: d
   data: [ 3.6684495620748953e+02, 0., 3.7586764757372902e+02, 0.,
       3.6714722400637692e+02, 2.2165240635390552e+02, 0., 0., 1. ]
D2: !!opencv-matrix
   rows: 5
   cols: 1
   dt: d
   data: [ -2.2125888778928394e-02, -1.1613594850445373e-03,
       2.4824541603873712e-04, -1.2117770058109102e-04,
       4.8874862320422683e-04 ]
P2: !!opencv-matrix
   rows: 3
   cols: 4
   dt: f
   data: [ 3.57764465e+02, 0., 3.88200745e+02, -6.50363477e+04, 0.,
       3.57764465e+02, 2.24597839e+02, 0., 0., 0., 1., 0. ]
R2: !!opencv-matrix
   rows: 3
   cols: 3
   dt: f
   data: [ 9.99839902e-01, 9.60701052e-03, -1.50959613e-02,
       -9.61074699e-03, 9.99953806e-01, -1.74982066e-04, 1.50935827e-02,
       3.20037507e-04, 9.99886036e-01 ]
