%YAML:1.0
---
Q: !!opencv-matrix
   rows: 4
   cols: 4
   dt: f
   data: [ 1., 0., 0., -3.97482483e+02, 0., 1., 0., -2.24371796e+02, 0.,
       0., 0., 3.58593903e+02, 0., 0., 5.55310911e-03, 0. ]
R: !!opencv-matrix
   rows: 3
   cols: 3
   dt: d
   data: [ 9.9971947376315307e-01, 1.0215289909325805e-02,
       8.7394716618879138e-04, -9.9616375869172706e-03,
       1.0006893792556739e+00, 1.3736819134918855e-03,
       -1.0660789168712842e-03, -3.2884294142062080e-04,
       1.0000867015825514e+00 ]
T: !!opencv-matrix
   rows: 3
   cols: 1
   dt: d
   data: [ -1.8043724022504006e+02, -3.0556871151003926e+00,
       4.8092917167845242e+00 ]
E: !!opencv-matrix
   rows: 0
   cols: 0
   dt: u
   data: []
F: !!opencv-matrix
   rows: 0
   cols: 0
   dt: u
   data: []
K1: !!opencv-matrix
   rows: 3
   cols: 3
   dt: d
   data: [ 3.6619442195486482e+02, 0., 3.7800900657017900e+02, 0.,
       3.6631176586975289e+02, 2.2959692910978347e+02, 0., 0., 1. ]
D1: !!opencv-matrix
   rows: 5
   cols: 1
   dt: d
   data: [ -2.1502618721754269e-02, -1.2951184946942121e-03,
       -3.4127852927748451e-04, 2.7086966768530415e-04,
       4.7803342796299170e-04 ]
P1: !!opencv-matrix
   rows: 3
   cols: 4
   dt: f
   data: [ 3.58593903e+02, 0., 3.97482483e+02, 0., 0., 3.58593903e+02,
       2.24371796e+02, 0., 0., 0., 1., 0. ]
R1: !!opencv-matrix
   rows: 3
   cols: 3
   dt: f
   data: [ 9.99278128e-01, 2.77860314e-02, -2.59077940e-02,
       -2.77764909e-02, 9.99613881e-01, 7.28141342e-04, 2.59180218e-02,
       -7.98811379e-06, 9.99664068e-01 ]
K2: !!opencv-matrix
   rows: 3
   cols: 3
   dt: d
   data: [ 3.6684495620748953e+02, 0., 3.7586764757372902e+02, 0.,
       3.6714722400637692e+02, 2.2165240635390552e+02, 0., 0., 1. ]
D2: !!opencv-matrix
   rows: 5
   cols: 1
   dt: d
   data: [ -2.2125888778928394e-02, -1.1613594850445373e-03,
       2.4824541603873712e-04, -1.2117770058109102e-04,
       4.8874862320422683e-04 ]
P2: !!opencv-matrix
   rows: 3
   cols: 4
   dt: f
   data: [ 3.58593903e+02, 0., 3.97482483e+02, -6.45753359e+04, 0.,
       3.58593903e+02, 2.24371796e+02, 0., 0., 0., 1., 0. ]
R2: !!opencv-matrix
   rows: 3
   cols: 3
   dt: f
   data: [ 9.99483764e-01, 1.77131426e-02, -2.68049948e-02,
       -1.77230109e-02, 9.99842942e-01, -1.30584740e-04, 2.67984718e-02,
       6.05582551e-04, 9.99640644e-01 ]
