%YAML:1.0
---
Q: !!opencv-matrix
   rows: 4
   cols: 4
   dt: f
   data: [ 1., 0., 0., -4.14570038e+02, 0., 1., 0., -2.24512573e+02, 0.,
       0., 0., 3.57258026e+02, 0., 0., 5.56302816e-03, 0. ]
R: !!opencv-matrix
   rows: 3
   cols: 3
   dt: d
   data: [ 1.0006754741828536e+00, 9.7070358634348524e-03,
       1.1634862176302615e-03, -9.7369682751394290e-03,
       1.0007534772685385e+00, 9.2812505979924533e-04,
       -6.1797585010931009e-04, -1.0349354360836727e-03,
       9.9929660964906386e-01 ]
T: !!opencv-matrix
   rows: 3
   cols: 1
   dt: d
   data: [ -1.7945863727506298e+02, -5.5990942855140780e-01,
       9.4138881599310960e+00 ]
E: !!opencv-matrix
   rows: 0
   cols: 0
   dt: u
   data: []
F: !!opencv-matrix
   rows: 0
   cols: 0
   dt: u
   data: []
K1: !!opencv-matrix
   rows: 3
   cols: 3
   dt: d
   data: [ 3.6619442195486482e+02, 0., 3.7800900657017900e+02, 0.,
       3.6631176586975289e+02, 2.2959692910978347e+02, 0., 0., 1. ]
D1: !!opencv-matrix
   rows: 5
   cols: 1
   dt: d
   data: [ -2.1502618721754269e-02, -1.2951184946942121e-03,
       -3.4127852927748451e-04, 2.7086966768530415e-04,
       4.7803342796299170e-04 ]
P1: !!opencv-matrix
   rows: 3
   cols: 4
   dt: f
   data: [ 3.57258026e+02, 0., 4.14570038e+02, 0., 0., 3.57258026e+02,
       2.24512573e+02, 0., 0., 0., 1., 0. ]
R1: !!opencv-matrix
   rows: 3
   cols: 3
   dt: f
   data: [ 9.98820901e-01, 1.09975664e-02, -4.72847782e-02,
       -1.09786130e-02, 9.99939501e-01, 6.60533784e-04, 4.72891815e-02,
       -1.40633667e-04, 9.98881221e-01 ]
K2: !!opencv-matrix
   rows: 3
   cols: 3
   dt: d
   data: [ 3.6684495620748953e+02, 0., 3.7586764757372902e+02, 0.,
       3.6714722400637692e+02, 2.2165240635390552e+02, 0., 0., 1. ]
D2: !!opencv-matrix
   rows: 5
   cols: 1
   dt: d
   data: [ -2.2125888778928394e-02, -1.1613594850445373e-03,
       2.4824541603873712e-04, -1.2117770058109102e-04,
       4.8874862320422683e-04 ]
P2: !!opencv-matrix
   rows: 3
   cols: 4
   dt: f
   data: [ 3.57258026e+02, 0., 4.14570038e+02, -6.42200625e+04, 0.,
       3.57258026e+02, 2.24512573e+02, 0., 0., 0., 1., 0. ]
R2: !!opencv-matrix
   rows: 3
   cols: 3
   dt: f
   data: [ 9.98835027e-01, 1.30024808e-03, -4.82382849e-02,
       -1.31958269e-03, 9.99999046e-01, -3.68972833e-04, 4.82377596e-02,
       4.32197412e-04, 9.98835802e-01 ]
