%YAML:1.0
---
Q: !!opencv-matrix
   rows: 4
   cols: 4
   dt: f
   data: [ 1., 0., 0., -3.91629578e+02, 0., 1., 0., -2.24556076e+02, 0.,
       0., 0., 3.57787842e+02, 0., 0., 5.56748779e-03, 0. ]
R: !!opencv-matrix
   rows: 3
   cols: 3
   dt: d
   data: [ 1.0001143946334679e+00, 1.0031762106235463e-02,
       1.1004170610497402e-03, -9.9328496241079135e-03,
       1.0002731020126787e+00, 7.3422564903508438e-04,
       -9.5213615156090642e-04, -5.3887931389653629e-04,
       9.9983700185944957e-01 ]
T: !!opencv-matrix
   rows: 3
   cols: 1
   dt: d
   data: [ -1.7962724756189817e+02, -1.5618937083269364e+00,
       3.6164798766172770e+00 ]
E: !!opencv-matrix
   rows: 0
   cols: 0
   dt: u
   data: []
F: !!opencv-matrix
   rows: 0
   cols: 0
   dt: u
   data: []
K1: !!opencv-matrix
   rows: 3
   cols: 3
   dt: d
   data: [ 3.6619442195486482e+02, 0., 3.7800900657017900e+02, 0.,
       3.6631176586975289e+02, 2.2959692910978347e+02, 0., 0., 1. ]
D1: !!opencv-matrix
   rows: 5
   cols: 1
   dt: d
   data: [ -2.1502618721754269e-02, -1.2951184946942121e-03,
       -3.4127852927748451e-04, 2.7086966768530415e-04,
       4.7803342796299170e-04 ]
P1: !!opencv-matrix
   rows: 3
   cols: 4
   dt: f
   data: [ 3.57787842e+02, 0., 3.91629578e+02, 0., 0., 3.57787842e+02,
       2.24556076e+02, 0., 0., 0., 1., 0. ]
R1: !!opencv-matrix
   rows: 3
   cols: 3
   dt: f
   data: [ 9.99634206e-01, 1.99932251e-02, -1.82123128e-02,
       -1.99871790e-02, 9.99800086e-01, 5.13923296e-04, 1.82189476e-02,
       -1.49722531e-04, 9.99834001e-01 ]
K2: !!opencv-matrix
   rows: 3
   cols: 3
   dt: d
   data: [ 3.6684495620748953e+02, 0., 3.7586764757372902e+02, 0.,
       3.6714722400637692e+02, 2.2165240635390552e+02, 0., 0., 1. ]
D2: !!opencv-matrix
   rows: 5
   cols: 1
   dt: d
   data: [ -2.2125888778928394e-02, -1.1613594850445373e-03,
       2.4824541603873712e-04, -1.2117770058109102e-04,
       4.8874862320422683e-04 ]
P2: !!opencv-matrix
   rows: 3
   cols: 4
   dt: f
   data: [ 3.57787842e+02, 0., 3.91629578e+02, -6.42637813e+04, 0.,
       3.57787842e+02, 2.24556076e+02, 0., 0., 0., 1., 0. ]
R2: !!opencv-matrix
   rows: 3
   cols: 3
   dt: f
   data: [ 9.99764621e-01, 9.99505073e-03, -1.92556195e-02,
       -1.00014405e-02, 9.99949932e-01, -2.35569489e-04, 1.92523003e-02,
       4.28097963e-04, 9.99814570e-01 ]
