%YAML:1.0
---
Q: !!opencv-matrix
   rows: 4
   cols: 4
   dt: f
   data: [ 1., 0., 0., -4.04632568e+02, 0., 1., 0., -2.24195343e+02, 0.,
       0., 0., 3.59085968e+02, 0., 0., 5.61556453e-03, 0. ]
R: !!opencv-matrix
   rows: 3
   cols: 3
   dt: d
   data: [ 9.9982475306459417e-01, 1.0091670816307977e-02,
       8.5603387579608048e-04, -9.9798019392869433e-03,
       1.0013383954850832e+00, 1.9346725653794495e-03,
       -6.1086016109051600e-04, 3.7523358559304735e-04,
       9.9979040183593149e-01 ]
T: !!opencv-matrix
   rows: 3
   cols: 1
   dt: d
   data: [ -1.7794509648497302e+02, -4.2943791504127828e+00,
       7.5716073203559899e+00 ]
E: !!opencv-matrix
   rows: 0
   cols: 0
   dt: u
   data: []
F: !!opencv-matrix
   rows: 0
   cols: 0
   dt: u
   data: []
K1: !!opencv-matrix
   rows: 3
   cols: 3
   dt: d
   data: [ 3.6619442195486482e+02, 0., 3.7800900657017900e+02, 0.,
       3.6631176586975289e+02, 2.2959692910978347e+02, 0., 0., 1. ]
D1: !!opencv-matrix
   rows: 5
   cols: 1
   dt: d
   data: [ -2.1502618721754269e-02, -1.2951184946942121e-03,
       -3.4127852927748451e-04, 2.7086966768530415e-04,
       4.7803342796299170e-04 ]
P1: !!opencv-matrix
   rows: 3
   cols: 4
   dt: f
   data: [ 3.59085968e+02, 0., 4.04632568e+02, 0., 0., 3.59085968e+02,
       2.24195343e+02, 0., 0., 0., 1., 0. ]
R1: !!opencv-matrix
   rows: 3
   cols: 3
   dt: f
   data: [ 9.98917639e-01, 3.05042267e-02, -3.51146981e-02,
       -3.04951537e-02, 9.99534607e-01, 7.94050866e-04, 3.51225808e-02,
       2.77636776e-04, 9.99382973e-01 ]
K2: !!opencv-matrix
   rows: 3
   cols: 3
   dt: d
   data: [ 3.6684495620748953e+02, 0., 3.7586764757372902e+02, 0.,
       3.6714722400637692e+02, 2.2165240635390552e+02, 0., 0., 1. ]
D2: !!opencv-matrix
   rows: 5
   cols: 1
   dt: d
   data: [ -2.2125888778928394e-02, -1.1613594850445373e-03,
       2.4824541603873712e-04, -1.2117770058109102e-04,
       4.8874862320422683e-04 ]
P2: !!opencv-matrix
   rows: 3
   cols: 4
   dt: f
   data: [ 3.59085968e+02, 0., 4.04632568e+02, -6.39447656e+04, 0.,
       3.59085968e+02, 2.24195343e+02, 0., 0., 0., 1., 0. ]
R2: !!opencv-matrix
   rows: 3
   cols: 3
   dt: f
   data: [ 9.99144018e-01, 2.05084402e-02, -3.59253064e-02,
       -2.05177199e-02, 9.99789476e-01, 1.10378300e-04, 3.59200090e-02,
       6.26821595e-04, 9.99354482e-01 ]
