%YAML:1.0
---
Q: !!opencv-matrix
   rows: 4
   cols: 4
   dt: f
   data: [ 1., 0., 0., -3.95237640e+02, 0., 1., 0., -2.24586914e+02, 0.,
       0., 0., 3.57538391e+02, 0., 0., 5.64249512e-03, 0. ]
R: !!opencv-matrix
   rows: 3
   cols: 3
   dt: d
   data: [ 9.9999033311928320e-01, 9.7281962078540653e-03,
       8.3173806918348083e-04, -9.6880627222488327e-03,
       1.0000888910772050e+00, 8.5224816883489258e-04,
       -7.9841789610781333e-04, -7.3495368153897326e-04,
       1.0000498864939920e+00 ]
T: !!opencv-matrix
   rows: 3
   cols: 1
   dt: d
   data: [ -1.7692283610726525e+02, -7.5546153662749305e-01,
       3.2518918168546285e+00 ]
E: !!opencv-matrix
   rows: 0
   cols: 0
   dt: u
   data: []
F: !!opencv-matrix
   rows: 0
   cols: 0
   dt: u
   data: []
K1: !!opencv-matrix
   rows: 3
   cols: 3
   dt: d
   data: [ 3.6619442195486482e+02, 0., 3.7800900657017900e+02, 0.,
       3.6631176586975289e+02, 2.2959692910978347e+02, 0., 0., 1. ]
D1: !!opencv-matrix
   rows: 5
   cols: 1
   dt: d
   data: [ -2.1502618721754269e-02, -1.2951184946942121e-03,
       -3.4127852927748451e-04, 2.7086966768530415e-04,
       4.7803342796299170e-04 ]
P1: !!opencv-matrix
   rows: 3
   cols: 4
   dt: f
   data: [ 3.57538391e+02, 0., 3.95237640e+02, 0., 0., 3.57538391e+02,
       2.24586914e+02, 0., 0., 0., 1., 0. ]
R1: !!opencv-matrix
   rows: 3
   cols: 3
   dt: f
   data: [ 9.99632776e-01, 1.46209560e-02, -2.28156280e-02,
       -1.46120135e-02, 9.99893069e-01, 5.58635686e-04, 2.28213556e-02,
       -2.25048294e-04, 9.99739528e-01 ]
K2: !!opencv-matrix
   rows: 3
   cols: 3
   dt: d
   data: [ 3.6684495620748953e+02, 0., 3.7586764757372902e+02, 0.,
       3.6714722400637692e+02, 2.2165240635390552e+02, 0., 0., 1. ]
D2: !!opencv-matrix
   rows: 5
   cols: 1
   dt: d
   data: [ -2.2125888778928394e-02, -1.1613594850445373e-03,
       2.4824541603873712e-04, -1.2117770058109102e-04,
       4.8874862320422683e-04 ]
P2: !!opencv-matrix
   rows: 3
   cols: 4
   dt: f
   data: [ 3.57538391e+02, 0., 3.95237640e+02, -6.33652969e+04, 0.,
       3.57538391e+02, 2.24586914e+02, 0., 0., 0., 1., 0. ]
R2: !!opencv-matrix
   rows: 3
   cols: 3
   dt: f
   data: [ 9.99707937e-01, 4.86593321e-03, -2.36724559e-02,
       -4.87521058e-03, 9.99988079e-01, -3.34194046e-04, 2.36705467e-02,
       4.49504645e-04, 9.99719739e-01 ]
