%YAML:1.0
---
Q: !!opencv-matrix
   rows: 4
   cols: 4
   dt: f
   data: [ 1., 0., 0., -3.76994965e+02, 0., 1., 0., -2.24716934e+02, 0.,
       0., 0., 3.54594666e+02, 0., 0., 5.67901088e-03, 0. ]
R: !!opencv-matrix
   rows: 3
   cols: 3
   dt: d
   data: [ 1.0010228738827207e+00, 9.2413190143487371e-03,
       9.0006975810791800e-04, -9.8202381099533019e-03,
       1.0004339201210046e+00, 6.3755551085717486e-04,
       -3.9767984113222335e-04, -2.9058934849747987e-03,
       9.9924871124818537e-01 ]
T: !!opencv-matrix
   rows: 3
   cols: 1
   dt: d
   data: [ -1.7430770602893062e+02, -2.5277480007103224e+00,
       5.3717286289539850e+00 ]
E: !!opencv-matrix
   rows: 0
   cols: 0
   dt: u
   data: []
F: !!opencv-matrix
   rows: 0
   cols: 0
   dt: u
   data: []
K1: !!opencv-matrix
   rows: 3
   cols: 3
   dt: d
   data: [ 3.6619442195486482e+02, 0., 3.7800900657017900e+02, 0.,
       3.6631176586975289e+02, 2.2959692910978347e+02, 0., 0., 1. ]
D1: !!opencv-matrix
   rows: 5
   cols: 1
   dt: d
   data: [ -2.1502618721754269e-02, -1.2951184946942121e-03,
       -3.4127852927748451e-04, 2.7086966768530415e-04,
       4.7803342796299170e-04 ]
P1: !!opencv-matrix
   rows: 3
   cols: 4
   dt: f
   data: [ 3.54594666e+02, 0., 3.76994965e+02, 0., 0., 3.54594666e+02,
       2.24716934e+02, 0., 0., 0., 1., 0. ]
R1: !!opencv-matrix
   rows: 3
   cols: 3
   dt: f
   data: [ 9.99871790e-01, 1.59968473e-02, 6.70117966e-04,
       -1.59970373e-02, 9.99872029e-01, 2.78625463e-04, -6.65575033e-04,
       -2.89309624e-04, 9.99999762e-01 ]
K2: !!opencv-matrix
   rows: 3
   cols: 3
   dt: d
   data: [ 3.6684495620748953e+02, 0., 3.7586764757372902e+02, 0.,
       3.6714722400637692e+02, 2.2165240635390552e+02, 0., 0., 1. ]
D2: !!opencv-matrix
   rows: 5
   cols: 1
   dt: d
   data: [ -2.2125888778928394e-02, -1.1613594850445373e-03,
       2.4824541603873712e-04, -1.2117770058109102e-04,
       4.8874862320422683e-04 ]
P2: !!opencv-matrix
   rows: 3
   cols: 4
   dt: f
   data: [ 3.54594666e+02, 0., 3.76994965e+02, -6.24395117e+04, 0.,
       3.54594666e+02, 2.24716934e+02, 0., 0., 0., 1., 0. ]
R2: !!opencv-matrix
   rows: 3
   cols: 3
   dt: f
   data: [ 9.99979198e-01, 6.42703194e-03, -5.37420041e-04,
       -6.42718468e-03, 9.99979317e-01, -2.82251043e-04, 5.35594882e-04,
       2.85699294e-04, 9.99999821e-01 ]
