%YAML:1.0
---
Q: !!opencv-matrix
   rows: 4
   cols: 4
   dt: f
   data: [ 1., 0., 0., -3.80988525e+02, 0., 1., 0., -2.24663849e+02, 0.,
       0., 0., 3.55565216e+02, 0., 0., 5.63155487e-03, 0. ]
R: !!opencv-matrix
   rows: 3
   cols: 3
   dt: d
   data: [ 9.9998148429328626e-01, 1.0049741110724660e-02,
       1.3525338630937167e-03, -1.0011555323950495e-02,
       1.0001188663066602e+00, 9.6921113931483993e-04,
       -1.2531141727354651e-03, -2.6913519840952638e-04,
       1.0000066648488575e+00 ]
T: !!opencv-matrix
   rows: 3
   cols: 1
   dt: d
   data: [ -1.7783865736134769e+02, -2.0257248520075337e+00,
       1.3518823528624617e+00 ]
E: !!opencv-matrix
   rows: 0
   cols: 0
   dt: u
   data: []
F: !!opencv-matrix
   rows: 0
   cols: 0
   dt: u
   data: []
K1: !!opencv-matrix
   rows: 3
   cols: 3
   dt: d
   data: [ 3.6619442195486482e+02, 0., 3.7800900657017900e+02, 0.,
       3.6631176586975289e+02, 2.2959692910978347e+02, 0., 0., 1. ]
D1: !!opencv-matrix
   rows: 5
   cols: 1
   dt: d
   data: [ -2.1502618721754269e-02, -1.2951184946942121e-03,
       -3.4127852927748451e-04, 2.7086966768530415e-04,
       4.7803342796299170e-04 ]
P1: !!opencv-matrix
   rows: 3
   cols: 4
   dt: f
   data: [ 3.55565216e+02, 0., 3.80988525e+02, 0., 0., 3.55565216e+02,
       2.24663849e+02, 0., 0., 0., 1., 0. ]
R1: !!opencv-matrix
   rows: 3
   cols: 3
   dt: f
   data: [ 9.99758780e-01, 2.14957390e-02, -4.50960826e-03,
       -2.14943122e-02, 9.99768913e-01, 3.64615262e-04, 4.51640366e-03,
       -2.67596362e-04, 9.99989748e-01 ]
K2: !!opencv-matrix
   rows: 3
   cols: 3
   dt: d
   data: [ 3.6684495620748953e+02, 0., 3.7586764757372902e+02, 0.,
       3.6714722400637692e+02, 2.2165240635390552e+02, 0., 0., 1. ]
D2: !!opencv-matrix
   rows: 5
   cols: 1
   dt: d
   data: [ -2.2125888778928394e-02, -1.1613594850445373e-03,
       2.4824541603873712e-04, -1.2117770058109102e-04,
       4.8874862320422683e-04 ]
P2: !!opencv-matrix
   rows: 3
   cols: 4
   dt: f
   data: [ 3.55565216e+02, 0., 3.80988525e+02, -6.31380156e+04, 0.,
       3.55565216e+02, 2.24663849e+02, 0., 0., 0., 1., 0. ]
R2: !!opencv-matrix
   rows: 3
   cols: 3
   dt: f
   data: [ 9.99917388e-01, 1.14795817e-02, -5.78411901e-03,
       -1.14814099e-02, 9.99934018e-01, -2.82925117e-04, 5.78048965e-03,
       3.49311595e-04, 9.99983251e-01 ]
