%YAML:1.0
---
Q: !!opencv-matrix
   rows: 4
   cols: 4
   dt: f
   data: [ 1., 0., 0., -4.21438995e+02, 0., 1., 0., -2.24333298e+02, 0.,
       0., 0., 3.57681396e+02, 0., 0., 5.56219043e-03, 0. ]
R: !!opencv-matrix
   rows: 3
   cols: 3
   dt: d
   data: [ 1.0001425251646334e+00, 9.7018912106364465e-03,
       1.0519151787180821e-03, -9.8970216581552792e-03,
       1.0010162075310514e+00, 1.2186387346964616e-03,
       -7.2569464907963491e-04, -1.5306684833319591e-03,
       9.9960304997259353e-01 ]
T: !!opencv-matrix
   rows: 3
   cols: 1
   dt: d
   data: [ -1.7946631627023913e+02, -1.6710701860345376e+00,
       9.5589846848767799e+00 ]
E: !!opencv-matrix
   rows: 0
   cols: 0
   dt: u
   data: []
F: !!opencv-matrix
   rows: 0
   cols: 0
   dt: u
   data: []
K1: !!opencv-matrix
   rows: 3
   cols: 3
   dt: d
   data: [ 3.6619442195486482e+02, 0., 3.7800900657017900e+02, 0.,
       3.6631176586975289e+02, 2.2959692910978347e+02, 0., 0., 1. ]
D1: !!opencv-matrix
   rows: 5
   cols: 1
   dt: d
   data: [ -2.1502618721754269e-02, -1.2951184946942121e-03,
       -3.4127852927748451e-04, 2.7086966768530415e-04,
       4.7803342796299170e-04 ]
P1: !!opencv-matrix
   rows: 3
   cols: 4
   dt: f
   data: [ 3.57681396e+02, 0., 4.21438995e+02, 0., 0., 3.57681396e+02,
       2.24333298e+02, 0., 0., 0., 1., 0. ]
R1: !!opencv-matrix
   rows: 3
   cols: 3
   dt: f
   data: [ 9.98310030e-01, 1.52121531e-02, -5.60861714e-02,
       -1.51871908e-02, 9.99884307e-01, 8.71290045e-04, 5.60929365e-02,
       -1.80261377e-05, 9.98425543e-01 ]
K2: !!opencv-matrix
   rows: 3
   cols: 3
   dt: d
   data: [ 3.6684495620748953e+02, 0., 3.7586764757372902e+02, 0.,
       3.6714722400637692e+02, 2.2165240635390552e+02, 0., 0., 1. ]
D2: !!opencv-matrix
   rows: 5
   cols: 1
   dt: d
   data: [ -2.2125888778928394e-02, -1.1613594850445373e-03,
       2.4824541603873712e-04, -1.2117770058109102e-04,
       4.8874862320422683e-04 ]
P2: !!opencv-matrix
   rows: 3
   cols: 4
   dt: f
   data: [ 3.57681396e+02, 0., 4.21438995e+02, -6.43058516e+04, 0.,
       3.57681396e+02, 2.24333298e+02, 0., 0., 0., 1., 0. ]
R2: !!opencv-matrix
   rows: 3
   cols: 3
   dt: f
   data: [ 9.98363197e-01, 5.37911104e-03, -5.69382310e-02,
       -5.40444953e-03, 9.99985337e-01, -2.91042292e-04, 5.69358319e-02,
       5.98285696e-04, 9.98377681e-01 ]
