%YAML:1.0
---
Q: !!opencv-matrix
   rows: 4
   cols: 4
   dt: f
   data: [ 1., 0., 0., -3.93830505e+02, 0., 1., 0., -2.24529922e+02, 0.,
       0., 0., 3.57860443e+02, 0., 0., 5.63362101e-03, 0. ]
R: !!opencv-matrix
   rows: 3
   cols: 3
   dt: d
   data: [ 9.9992138273380227e-01, 9.8494877641353128e-03,
       7.7785257118882659e-04, -9.8449413808401384e-03,
       1.0003111001702920e+00, 7.4927047063017992e-04,
       -8.4315389231446182e-04, -7.4093740509761799e-04,
       1.0000254799636785e+00 ]
T: !!opencv-matrix
   rows: 3
   cols: 1
   dt: d
   data: [ -1.7770792576342512e+02, -1.2867202908227613e+00,
       4.1606354858623309e+00 ]
E: !!opencv-matrix
   rows: 0
   cols: 0
   dt: u
   data: []
F: !!opencv-matrix
   rows: 0
   cols: 0
   dt: u
   data: []
K1: !!opencv-matrix
   rows: 3
   cols: 3
   dt: d
   data: [ 3.6619442195486482e+02, 0., 3.7800900657017900e+02, 0.,
       3.6631176586975289e+02, 2.2959692910978347e+02, 0., 0., 1. ]
D1: !!opencv-matrix
   rows: 5
   cols: 1
   dt: d
   data: [ -2.1502618721754269e-02, -1.2951184946942121e-03,
       -3.4127852927748451e-04, 2.7086966768530415e-04,
       4.7803342796299170e-04 ]
P1: !!opencv-matrix
   rows: 3
   cols: 4
   dt: f
   data: [ 3.57860443e+02, 0., 3.93830505e+02, 0., 0., 3.57860443e+02,
       2.24529922e+02, 0., 0., 0., 1., 0. ]
R1: !!opencv-matrix
   rows: 3
   cols: 3
   dt: f
   data: [ 9.99575436e-01, 2.00268421e-02, -2.11638361e-02,
       -2.00204942e-02, 9.99799430e-01, 5.11786377e-04, 2.11698394e-02,
       -8.78586288e-05, 9.99775887e-01 ]
K2: !!opencv-matrix
   rows: 3
   cols: 3
   dt: d
   data: [ 3.6684495620748953e+02, 0., 3.7586764757372902e+02, 0.,
       3.6714722400637692e+02, 2.2165240635390552e+02, 0., 0., 1. ]
D2: !!opencv-matrix
   rows: 5
   cols: 1
   dt: d
   data: [ -2.2125888778928394e-02, -1.1613594850445373e-03,
       2.4824541603873712e-04, -1.2117770058109102e-04,
       4.8874862320422683e-04 ]
P2: !!opencv-matrix
   rows: 3
   cols: 4
   dt: f
   data: [ 3.57860443e+02, 0., 3.93830505e+02, -6.35222813e+04, 0.,
       3.57860443e+02, 2.24529922e+02, 0., 0., 0., 1., 0. ]
R2: !!opencv-matrix
   rows: 3
   cols: 3
   dt: f
   data: [ 9.99707878e-01, 1.01516638e-02, -2.19328217e-02,
       -1.01582408e-02, 9.99948382e-01, -1.88460515e-04, 2.19297763e-02,
       4.11204353e-04, 9.99759436e-01 ]
