%YAML:1.0
---
Q: !!opencv-matrix
   rows: 4
   cols: 4
   dt: f
   data: [ 1., 0., 0., -3.87427032e+02, 0., 1., 0., -2.24572693e+02, 0.,
       0., 0., 3.57911407e+02, 0., 0., 5.48614236e-03, 0. ]
R: !!opencv-matrix
   rows: 3
   cols: 3
   dt: d
   data: [ 9.9953841336173843e-01, 1.0319129756004112e-02,
       1.4137843908179899e-03, -9.9761452124467343e-03,
       1.0002227805995347e+00, 9.6844395381926861e-04,
       -1.6331056627296569e-03, 3.2721089175101828e-04,
       1.0002889511415993e+00 ]
T: !!opencv-matrix
   rows: 3
   cols: 1
   dt: d
   data: [ -1.8257316314544383e+02, -1.8795251493837442e+00,
       1.6112959645043290e+00 ]
E: !!opencv-matrix
   rows: 0
   cols: 0
   dt: u
   data: []
F: !!opencv-matrix
   rows: 0
   cols: 0
   dt: u
   data: []
K1: !!opencv-matrix
   rows: 3
   cols: 3
   dt: d
   data: [ 3.6619442195486482e+02, 0., 3.7800900657017900e+02, 0.,
       3.6631176586975289e+02, 2.2959692910978347e+02, 0., 0., 1. ]
D1: !!opencv-matrix
   rows: 5
   cols: 1
   dt: d
   data: [ -2.1502618721754269e-02, -1.2951184946942121e-03,
       -3.4127852927748451e-04, 2.7086966768530415e-04,
       4.7803342796299170e-04 ]
P1: !!opencv-matrix
   rows: 3
   cols: 4
   dt: f
   data: [ 3.57911407e+02, 0., 3.87427032e+02, 0., 0., 3.57911407e+02,
       2.24572693e+02, 0., 0., 0., 1., 0. ]
R1: !!opencv-matrix
   rows: 3
   cols: 3
   dt: f
   data: [ 9.99640822e-01, 2.35909987e-02, -1.27180712e-02,
       -2.35889219e-02, 9.99721706e-01, 3.13283119e-04, 1.27219222e-02,
       -1.31649913e-05, 9.99919057e-01 ]
K2: !!opencv-matrix
   rows: 3
   cols: 3
   dt: d
   data: [ 3.6684495620748953e+02, 0., 3.7586764757372902e+02, 0.,
       3.6714722400637692e+02, 2.2165240635390552e+02, 0., 0., 1. ]
D2: !!opencv-matrix
   rows: 5
   cols: 1
   dt: d
   data: [ -2.2125888778928394e-02, -1.1613594850445373e-03,
       2.4824541603873712e-04, -1.2117770058109102e-04,
       4.8874862320422683e-04 ]
P2: !!opencv-matrix
   rows: 3
   cols: 4
   dt: f
   data: [ 3.57911407e+02, 0., 3.87427032e+02, -6.52391758e+04, 0.,
       3.57911407e+02, 2.24572693e+02, 0., 0., 0., 1., 0. ]
R2: !!opencv-matrix
   rows: 3
   cols: 3
   dt: f
   data: [ 9.99810338e-01, 1.33989491e-02, -1.41344424e-02,
       -1.34012559e-02, 9.99910176e-01, -6.85278355e-05, 1.41322548e-02,
       2.57934124e-04, 9.99900103e-01 ]
