%YAML:1.0
---
Q: !!opencv-matrix
   rows: 4
   cols: 4
   dt: f
   data: [ 1., 0., 0., -3.88077271e+02, 0., 1., 0., -2.24667343e+02, 0.,
       0., 0., 3.57974762e+02, 0., 0., 5.57113579e-03, 0. ]
R: !!opencv-matrix
   rows: 3
   cols: 3
   dt: d
   data: [ 1.0001240710391872e+00, 9.6288737712117382e-03,
       9.8963861870705102e-04, -9.6929425617689816e-03,
       9.9975434784990180e-01, 5.1511314094827344e-04,
       -1.0115535533021653e-03, -1.2759113661652973e-03,
       9.9998838786427369e-01 ]
T: !!opencv-matrix
   rows: 3
   cols: 1
   dt: d
   data: [ -1.7921711082980778e+02, -2.9233679000088214e-01,
       1.8577813876953051e+00 ]
E: !!opencv-matrix
   rows: 0
   cols: 0
   dt: u
   data: []
F: !!opencv-matrix
   rows: 0
   cols: 0
   dt: u
   data: []
K1: !!opencv-matrix
   rows: 3
   cols: 3
   dt: d
   data: [ 3.6619442195486482e+02, 0., 3.7800900657017900e+02, 0.,
       3.6631176586975289e+02, 2.2959692910978347e+02, 0., 0., 1. ]
D1: !!opencv-matrix
   rows: 5
   cols: 1
   dt: d
   data: [ -2.1502618721754269e-02, -1.2951184946942121e-03,
       -3.4127852927748451e-04, 2.7086966768530415e-04,
       4.7803342796299170e-04 ]
P1: !!opencv-matrix
   rows: 3
   cols: 4
   dt: f
   data: [ 3.57974762e+02, 0., 3.88077271e+02, 0., 0., 3.57974762e+02,
       2.24667343e+02, 0., 0., 0., 1., 0. ]
R1: !!opencv-matrix
   rows: 3
   cols: 3
   dt: f
   data: [ 9.99839187e-01, 1.17726848e-02, -1.35298073e-02,
       -1.17675308e-02, 9.99930680e-01, 4.60456446e-04, 1.35342898e-02,
       -3.01169988e-04, 9.99908388e-01 ]
K2: !!opencv-matrix
   rows: 3
   cols: 3
   dt: d
   data: [ 3.6684495620748953e+02, 0., 3.7586764757372902e+02, 0.,
       3.6714722400637692e+02, 2.2165240635390552e+02, 0., 0., 1. ]
D2: !!opencv-matrix
   rows: 5
   cols: 1
   dt: d
   data: [ -2.2125888778928394e-02, -1.1613594850445373e-03,
       2.4824541603873712e-04, -1.2117770058109102e-04,
       4.8874862320422683e-04 ]
P2: !!opencv-matrix
   rows: 3
   cols: 4
   dt: f
   data: [ 3.57974762e+02, 0., 3.88077271e+02, -6.42552539e+04, 0.,
       3.57974762e+02, 2.24667343e+02, 0., 0., 0., 1., 0. ]
R2: !!opencv-matrix
   rows: 3
   cols: 3
   dt: f
   data: [ 9.99892056e-01, 2.04538181e-03, -1.45478006e-02,
       -2.05092202e-03, 9.99997854e-01, -3.65919812e-04, 1.45470202e-02,
       3.95716721e-04, 9.99894083e-01 ]
