%YAML:1.0
---
Q: !!opencv-matrix
   rows: 4
   cols: 4
   dt: f
   data: [ 1., 0., 0., -3.92845612e+02, 0., 1., 0., -2.24515289e+02, 0.,
       0., 0., 3.57979218e+02, 0., 0., 5.56256110e-03, 0. ]
R: !!opencv-matrix
   rows: 3
   cols: 3
   dt: d
   data: [ 1.0001292881740986e+00, 1.0034103439222576e-02,
       1.1942846467416417e-03, -9.9627191329484475e-03,
       1.0003210732205110e+00, 6.8558865598878889e-04,
       -1.0117761743424899e-03, -5.0371706922897118e-04,
       9.9980676570758320e-01 ]
T: !!opencv-matrix
   rows: 3
   cols: 1
   dt: d
   data: [ -1.7981309522148132e+02, -1.8236514018443335e+00,
       3.0376973598127406e+00 ]
E: !!opencv-matrix
   rows: 0
   cols: 0
   dt: u
   data: []
F: !!opencv-matrix
   rows: 0
   cols: 0
   dt: u
   data: []
K1: !!opencv-matrix
   rows: 3
   cols: 3
   dt: d
   data: [ 3.6619442195486482e+02, 0., 3.7800900657017900e+02, 0.,
       3.6631176586975289e+02, 2.2959692910978347e+02, 0., 0., 1. ]
D1: !!opencv-matrix
   rows: 5
   cols: 1
   dt: d
   data: [ -2.1502618721754269e-02, -1.2951184946942121e-03,
       -3.4127852927748451e-04, 2.7086966768530415e-04,
       4.7803342796299170e-04 ]
P1: !!opencv-matrix
   rows: 3
   cols: 4
   dt: f
   data: [ 3.57979218e+02, 0., 3.92845612e+02, 0., 0., 3.57979218e+02,
       2.24515289e+02, 0., 0., 0., 1., 0. ]
R1: !!opencv-matrix
   rows: 3
   cols: 3
   dt: f
   data: [ 9.99556363e-01, 2.22524405e-02, -1.97973419e-02,
       -2.22481675e-02, 9.99752402e-01, 4.36155911e-04, 1.98021457e-02,
       4.49215440e-06, 9.99803901e-01 ]
K2: !!opencv-matrix
   rows: 3
   cols: 3
   dt: d
   data: [ 3.6684495620748953e+02, 0., 3.7586764757372902e+02, 0.,
       3.6714722400637692e+02, 2.2165240635390552e+02, 0., 0., 1. ]
D2: !!opencv-matrix
   rows: 5
   cols: 1
   dt: d
   data: [ -2.2125888778928394e-02, -1.1613594850445373e-03,
       2.4824541603873712e-04, -1.2117770058109102e-04,
       4.8874862320422683e-04 ]
P2: !!opencv-matrix
   rows: 3
   cols: 4
   dt: f
   data: [ 3.57979218e+02, 0., 3.92845612e+02, -6.43551094e+04, 0.,
       3.57979218e+02, 2.24515289e+02, 0., 0., 0., 1., 0. ]
R2: !!opencv-matrix
   rows: 3
   cols: 3
   dt: f
   data: [ 9.99707401e-01, 1.22398650e-02, -2.08647214e-02,
       -1.22443689e-02, 9.99925017e-01, -8.81152519e-05, 2.08620783e-02,
       3.43564810e-04, 9.99782324e-01 ]
