%YAML:1.0
---
Q: !!opencv-matrix
   rows: 4
   cols: 4
   dt: f
   data: [ 1., 0., 0., -3.95248718e+02, 0., 1., 0., -2.24465256e+02, 0.,
       0., 0., 3.58151978e+02, 0., 0., 5.52814826e-03, 0. ]
R: !!opencv-matrix
   rows: 3
   cols: 3
   dt: d
   data: [ 9.9991539992135581e-01, 1.0102697989890889e-02,
       1.1474037071475818e-03, -1.0030360790136712e-02,
       1.0004794982162657e+00, 1.2040806173238359e-03,
       -1.0330660099848966e-03, -1.4858423894849600e-04,
       9.9989302638927380e-01 ]
T: !!opencv-matrix
   rows: 3
   cols: 1
   dt: d
   data: [ -1.8082362589030470e+02, -2.4628569445873407e+00,
       4.3372576413782724e+00 ]
E: !!opencv-matrix
   rows: 0
   cols: 0
   dt: u
   data: []
F: !!opencv-matrix
   rows: 0
   cols: 0
   dt: u
   data: []
K1: !!opencv-matrix
   rows: 3
   cols: 3
   dt: d
   data: [ 3.6619442195486482e+02, 0., 3.7800900657017900e+02, 0.,
       3.6631176586975289e+02, 2.2959692910978347e+02, 0., 0., 1. ]
D1: !!opencv-matrix
   rows: 5
   cols: 1
   dt: d
   data: [ -2.1502618721754269e-02, -1.2951184946942121e-03,
       -3.4127852927748451e-04, 2.7086966768530415e-04,
       4.7803342796299170e-04 ]
P1: !!opencv-matrix
   rows: 3
   cols: 4
   dt: f
   data: [ 3.58151978e+02, 0., 3.95248718e+02, 0., 0., 3.58151978e+02,
       2.24465256e+02, 0., 0., 0., 1., 0. ]
R1: !!opencv-matrix
   rows: 3
   cols: 3
   dt: f
   data: [ 9.99457538e-01, 2.36902591e-02, -2.28772443e-02,
       -2.36839838e-02, 9.99719322e-01, 5.45186806e-04, 2.28837393e-02,
       -3.06680863e-06, 9.99738157e-01 ]
K2: !!opencv-matrix
   rows: 3
   cols: 3
   dt: d
   data: [ 3.6684495620748953e+02, 0., 3.7586764757372902e+02, 0.,
       3.6714722400637692e+02, 2.2165240635390552e+02, 0., 0., 1. ]
D2: !!opencv-matrix
   rows: 5
   cols: 1
   dt: d
   data: [ -2.2125888778928394e-02, -1.1613594850445373e-03,
       2.4824541603873712e-04, -1.2117770058109102e-04,
       4.8874862320422683e-04 ]
P2: !!opencv-matrix
   rows: 3
   cols: 4
   dt: f
   data: [ 3.58151978e+02, 0., 3.95248718e+02, -6.47869727e+04, 0.,
       3.58151978e+02, 2.24465256e+02, 0., 0., 0., 1., 0. ]
R2: !!opencv-matrix
   rows: 3
   cols: 3
   dt: f
   data: [ 9.99619782e-01, 1.36150382e-02, -2.39770021e-02,
       -1.36216115e-02, 9.99907196e-01, -1.10856301e-04, 2.39732694e-02,
       4.37419571e-04, 9.99712527e-01 ]
