%YAML:1.0
---
Q: !!opencv-matrix
   rows: 4
   cols: 4
   dt: f
   data: [ 1., 0., 0., -3.95852844e+02, 0., 1., 0., -2.24436493e+02, 0.,
       0., 0., 3.58235321e+02, 0., 0., 5.61750541e-03, 0. ]
R: !!opencv-matrix
   rows: 3
   cols: 3
   dt: d
   data: [ 1.0000018357885754e+00, 1.0193194667147246e-02,
       1.3899503472069382e-03, -9.9940452884318375e-03,
       1.0005090431236183e+00, 1.4541219005244027e-03,
       -1.2436454047086948e-03, -2.8132447047133659e-04,
       9.9986386793837378e-01 ]
T: !!opencv-matrix
   rows: 3
   cols: 1
   dt: d
   data: [ -1.7819091072741438e+02, -3.0257865310089977e+00,
       4.4258405495263098e+00 ]
E: !!opencv-matrix
   rows: 0
   cols: 0
   dt: u
   data: []
F: !!opencv-matrix
   rows: 0
   cols: 0
   dt: u
   data: []
K1: !!opencv-matrix
   rows: 3
   cols: 3
   dt: d
   data: [ 3.6619442195486482e+02, 0., 3.7800900657017900e+02, 0.,
       3.6631176586975289e+02, 2.2959692910978347e+02, 0., 0., 1. ]
D1: !!opencv-matrix
   rows: 5
   cols: 1
   dt: d
   data: [ -2.1502618721754269e-02, -1.2951184946942121e-03,
       -3.4127852927748451e-04, 2.7086966768530415e-04,
       4.7803342796299170e-04 ]
P1: !!opencv-matrix
   rows: 3
   cols: 4
   dt: f
   data: [ 3.58235321e+02, 0., 3.95852844e+02, 0., 0., 3.58235321e+02,
       2.24436493e+02, 0., 0., 0., 1., 0. ]
R1: !!opencv-matrix
   rows: 3
   cols: 3
   dt: f
   data: [ 9.99405682e-01, 2.51459964e-02, -2.35792529e-02,
       -2.51363274e-02, 9.99683797e-01, 7.06365739e-04, 2.35895589e-02,
       -1.13250120e-04, 9.99721706e-01 ]
K2: !!opencv-matrix
   rows: 3
   cols: 3
   dt: d
   data: [ 3.6684495620748953e+02, 0., 3.7586764757372902e+02, 0.,
       3.6714722400637692e+02, 2.2165240635390552e+02, 0., 0., 1. ]
D2: !!opencv-matrix
   rows: 5
   cols: 1
   dt: d
   data: [ -2.2125888778928394e-02, -1.1613594850445373e-03,
       2.4824541603873712e-04, -1.2117770058109102e-04,
       4.8874862320422683e-04 ]
P2: !!opencv-matrix
   rows: 3
   cols: 4
   dt: f
   data: [ 3.58235321e+02, 0., 3.95852844e+02, -6.37712461e+04, 0.,
       3.58235321e+02, 2.24436493e+02, 0., 0., 0., 1., 0. ]
R2: !!opencv-matrix
   rows: 3
   cols: 3
   dt: f
   data: [ 9.99576688e-01, 1.50900595e-02, -2.48734932e-02,
       -1.51002547e-02, 9.99885976e-01, -2.22074435e-04, 2.48673055e-02,
       5.97576494e-04, 9.99690592e-01 ]
