%YAML:1.0
---
Q: !!opencv-matrix
   rows: 4
   cols: 4
   dt: f
   data: [ 1., 0., 0., -3.97854858e+02, 0., 1., 0., -2.24504242e+02, 0.,
       0., 0., 3.57856659e+02, 0., 0., 5.50619187e-03, 0. ]
R: !!opencv-matrix
   rows: 3
   cols: 3
   dt: d
   data: [ 1.0003399284863019e+00, 1.0034170472751069e-02,
       9.4295887628971444e-04, -9.9841443595640924e-03,
       1.0005584472998645e+00, 8.8338736174097150e-04,
       -7.3872155001223369e-04, -6.7525907952917599e-04,
       9.9963883777239548e-01 ]
T: !!opencv-matrix
   rows: 3
   cols: 1
   dt: d
   data: [ -1.8167599046352669e+02, -1.5850516311977949e+00,
       5.3980965889436918e+00 ]
E: !!opencv-matrix
   rows: 0
   cols: 0
   dt: u
   data: []
F: !!opencv-matrix
   rows: 0
   cols: 0
   dt: u
   data: []
K1: !!opencv-matrix
   rows: 3
   cols: 3
   dt: d
   data: [ 3.6619442195486482e+02, 0., 3.7800900657017900e+02, 0.,
       3.6631176586975289e+02, 2.2959692910978347e+02, 0., 0., 1. ]
D1: !!opencv-matrix
   rows: 5
   cols: 1
   dt: d
   data: [ -2.1502618721754269e-02, -1.2951184946942121e-03,
       -3.4127852927748451e-04, 2.7086966768530415e-04,
       4.7803342796299170e-04 ]
P1: !!opencv-matrix
   rows: 3
   cols: 4
   dt: f
   data: [ 3.57856659e+02, 0., 3.97854858e+02, 0., 0., 3.57856659e+02,
       2.24504242e+02, 0., 0., 0., 1., 0. ]
R1: !!opencv-matrix
   rows: 3
   cols: 3
   dt: f
   data: [ 9.99480009e-01, 1.87440198e-02, -2.62361504e-02,
       -1.87363345e-02, 9.99824286e-01, 5.38701483e-04, 2.62416378e-02,
       -4.68520848e-05, 9.99655604e-01 ]
K2: !!opencv-matrix
   rows: 3
   cols: 3
   dt: d
   data: [ 3.6684495620748953e+02, 0., 3.7586764757372902e+02, 0.,
       3.6714722400637692e+02, 2.2165240635390552e+02, 0., 0., 1. ]
D2: !!opencv-matrix
   rows: 5
   cols: 1
   dt: d
   data: [ -2.2125888778928394e-02, -1.1613594850445373e-03,
       2.4824541603873712e-04, -1.2117770058109102e-04,
       4.8874862320422683e-04 ]
P2: !!opencv-matrix
   rows: 3
   cols: 4
   dt: f
   data: [ 3.57856659e+02, 0., 3.97854858e+02, -6.49916836e+04, 0.,
       3.57856659e+02, 2.24504242e+02, 0., 0., 0., 1., 0. ]
R2: !!opencv-matrix
   rows: 3
   cols: 3
   dt: f
   data: [ 9.99594986e-01, 8.73601157e-03, -2.70834155e-02,
       -8.74394272e-03, 9.99961734e-01, -1.74412606e-04, 2.70808563e-02,
       4.11157816e-04, 9.99633133e-01 ]
