%YAML:1.0
---
Q: !!opencv-matrix
   rows: 4
   cols: 4
   dt: f
   data: [ 1., 0., 0., -3.75700714e+02, 0., 1., 0., -2.24727356e+02, 0.,
       0., 0., 3.54326721e+02, 0., 0., 5.57550322e-03, 0. ]
R: !!opencv-matrix
   rows: 3
   cols: 3
   dt: d
   data: [ 1.0001947947387719e+00, 9.7516962742414861e-03,
       9.6397844104349382e-04, -9.7167086308526090e-03,
       9.9957528207526392e-01, 5.2211909893582560e-04,
       -1.1458333987827201e-03, -6.2865379822347437e-04,
       9.9998331563681742e-01 ]
T: !!opencv-matrix
   rows: 3
   cols: 1
   dt: d
   data: [ -1.7941767474048351e+02, -5.6683955288561771e-01,
       4.1142735313447248e-01 ]
E: !!opencv-matrix
   rows: 0
   cols: 0
   dt: u
   data: []
F: !!opencv-matrix
   rows: 0
   cols: 0
   dt: u
   data: []
K1: !!opencv-matrix
   rows: 3
   cols: 3
   dt: d
   data: [ 3.6619442195486482e+02, 0., 3.7800900657017900e+02, 0.,
       3.6631176586975289e+02, 2.2959692910978347e+02, 0., 0., 1. ]
D1: !!opencv-matrix
   rows: 5
   cols: 1
   dt: d
   data: [ -2.1502618721754269e-02, -1.2951184946942121e-03,
       -3.4127852927748451e-04, 2.7086966768530415e-04,
       4.7803342796299170e-04 ]
P1: !!opencv-matrix
   rows: 3
   cols: 4
   dt: f
   data: [ 3.54326721e+02, 0., 3.75700714e+02, 0., 0., 3.54326721e+02,
       2.24727356e+02, 0., 0., 0., 1., 0. ]
R1: !!opencv-matrix
   rows: 3
   cols: 3
   dt: f
   data: [ 9.99890864e-01, 1.45953661e-02, 2.28222855e-03,
       -1.45959286e-02, 9.99893427e-01, 2.29886980e-04, -2.27863016e-03,
       -2.63173133e-04, 9.99997377e-01 ]
K2: !!opencv-matrix
   rows: 3
   cols: 3
   dt: d
   data: [ 3.6684495620748953e+02, 0., 3.7586764757372902e+02, 0.,
       3.6714722400637692e+02, 2.2165240635390552e+02, 0., 0., 1. ]
D2: !!opencv-matrix
   rows: 5
   cols: 1
   dt: d
   data: [ -2.2125888778928394e-02, -1.1613594850445373e-03,
       2.4824541603873712e-04, -1.2117770058109102e-04,
       4.8874862320422683e-04 ]
P2: !!opencv-matrix
   rows: 3
   cols: 4
   dt: f
   data: [ 3.54326721e+02, 0., 3.75700714e+02, -6.35506250e+04, 0.,
       3.54326721e+02, 2.24727356e+02, 0., 0., 0., 1., 0. ]
R2: !!opencv-matrix
   rows: 3
   cols: 3
   dt: f
   data: [ 9.99987602e-01, 4.82761813e-03, 1.22356776e-03,
       -4.82731638e-03, 9.99988317e-01, -2.49490840e-04, -1.22475799e-03,
       2.43581191e-04, 9.99999225e-01 ]
