%YAML:1.0
---
Q: !!opencv-matrix
   rows: 4
   cols: 4
   dt: f
   data: [ 1., 0., 0., -3.83478668e+02, 0., 1., 0., -2.24644257e+02, 0.,
       0., 0., 3.56697723e+02, 0., 0., 5.60493814e-03, 0. ]
R: !!opencv-matrix
   rows: 3
   cols: 3
   dt: d
   data: [ 1.0006806595779132e+00, 9.9841489184586945e-03,
       1.0251646676813363e-03, -9.8531294338931041e-03,
       1.0007658826984005e+00, 7.5545538063121972e-04,
       -8.2812477906406506e-04, -2.5648026453581476e-04,
       9.9931439281400636e-01 ]
T: !!opencv-matrix
   rows: 3
   cols: 1
   dt: d
   data: [ -1.7883788257592730e+02, -1.7228731623306590e+00,
       6.2157793099783536e+00 ]
E: !!opencv-matrix
   rows: 0
   cols: 0
   dt: u
   data: []
F: !!opencv-matrix
   rows: 0
   cols: 0
   dt: u
   data: []
K1: !!opencv-matrix
   rows: 3
   cols: 3
   dt: d
   data: [ 3.6619442195486482e+02, 0., 3.7800900657017900e+02, 0.,
       3.6631176586975289e+02, 2.2959692910978347e+02, 0., 0., 1. ]
D1: !!opencv-matrix
   rows: 5
   cols: 1
   dt: d
   data: [ -2.1502618721754269e-02, -1.2951184946942121e-03,
       -3.4127852927748451e-04, 2.7086966768530415e-04,
       4.7803342796299170e-04 ]
P1: !!opencv-matrix
   rows: 3
   cols: 4
   dt: f
   data: [ 3.56697723e+02, 0., 3.83478668e+02, 0., 0., 3.56697723e+02,
       2.24644257e+02, 0., 0., 0., 1., 0. ]
R1: !!opencv-matrix
   rows: 3
   cols: 3
   dt: f
   data: [ 9.99770701e-01, 1.99429952e-02, -7.80080678e-03,
       -1.99418701e-02, 9.99801099e-01, 2.21815004e-04, 7.80367898e-03,
       -6.62014500e-05, 9.99969542e-01 ]
K2: !!opencv-matrix
   rows: 3
   cols: 3
   dt: d
   data: [ 3.6684495620748953e+02, 0., 3.7586764757372902e+02, 0.,
       3.6714722400637692e+02, 2.2165240635390552e+02, 0., 0., 1. ]
D2: !!opencv-matrix
   rows: 5
   cols: 1
   dt: d
   data: [ -2.2125888778928394e-02, -1.1613594850445373e-03,
       2.4824541603873712e-04, -1.2117770058109102e-04,
       4.8874862320422683e-04 ]
P2: !!opencv-matrix
   rows: 3
   cols: 4
   dt: f
   data: [ 3.56697723e+02, 0., 3.83478668e+02, -6.36399063e+04, 0.,
       3.56697723e+02, 2.24644257e+02, 0., 0., 0., 1., 0. ]
R2: !!opencv-matrix
   rows: 3
   cols: 3
   dt: f
   data: [ 9.99911070e-01, 1.00073656e-02, -8.81270412e-03,
       -1.00086350e-02, 9.99949932e-01, -9.99161493e-05, 8.81126244e-03,
       1.88110411e-04, 9.99961138e-01 ]
