%YAML:1.0
---
Q: !!opencv-matrix
   rows: 4
   cols: 4
   dt: f
   data: [ 1., 0., 0., -3.57772736e+02, 0., 1., 0., -2.24852142e+02, 0.,
       0., 0., 3.51223175e+02, 0., 0., 5.55868214e-03, 0. ]
R: !!opencv-matrix
   rows: 3
   cols: 3
   dt: d
   data: [ 9.9938299334820480e-01, 9.7215051921691730e-03,
       9.1442927446131329e-04, -9.8488799443740629e-03,
       9.9925440000457122e-01, 5.5691615788418670e-04,
       -1.3795816772315401e-03, -7.6773328294621099e-04,
       1.0006580398742999e+00 ]
T: !!opencv-matrix
   rows: 3
   cols: 1
   dt: d
   data: [ -1.7940481004796933e+02, -1.0976950073431646e+00,
       -2.7463813169526459e+00 ]
E: !!opencv-matrix
   rows: 0
   cols: 0
   dt: u
   data: []
F: !!opencv-matrix
   rows: 0
   cols: 0
   dt: u
   data: []
K1: !!opencv-matrix
   rows: 3
   cols: 3
   dt: d
   data: [ 3.6619442195486482e+02, 0., 3.7800900657017900e+02, 0.,
       3.6631176586975289e+02, 2.2959692910978347e+02, 0., 0., 1. ]
D1: !!opencv-matrix
   rows: 5
   cols: 1
   dt: d
   data: [ -2.1502618721754269e-02, -1.2951184946942121e-03,
       -3.4127852927748451e-04, 2.7086966768530415e-04,
       4.7803342796299170e-04 ]
P1: !!opencv-matrix
   rows: 3
   cols: 4
   dt: f
   data: [ 3.51223175e+02, 0., 3.57772736e+02, 0., 0., 3.51223175e+02,
       2.24852142e+02, 0., 0., 0., 1., 0. ]
R1: !!opencv-matrix
   rows: 3
   cols: 3
   dt: f
   data: [ 9.99539673e-01, 1.67641770e-02, 2.52870414e-02,
       -1.67755317e-02, 9.99859273e-01, 2.36919048e-04, -2.52795108e-02,
       -6.61013531e-04, 9.99680221e-01 ]
K2: !!opencv-matrix
   rows: 3
   cols: 3
   dt: d
   data: [ 3.6684495620748953e+02, 0., 3.7586764757372902e+02, 0.,
       3.6714722400637692e+02, 2.2165240635390552e+02, 0., 0., 1. ]
D2: !!opencv-matrix
   rows: 5
   cols: 1
   dt: d
   data: [ -2.2125888778928394e-02, -1.1613594850445373e-03,
       2.4824541603873712e-04, -1.2117770058109102e-04,
       4.8874862320422683e-04 ]
P2: !!opencv-matrix
   rows: 3
   cols: 4
   dt: f
   data: [ 3.51223175e+02, 0., 3.57772736e+02, -6.31846172e+04, 0.,
       3.51223175e+02, 2.24852142e+02, 0., 0., 0., 1., 0. ]
R2: !!opencv-matrix
   rows: 3
   cols: 3
   dt: f
   data: [ 9.99687314e-01, 6.94166450e-03, 2.40232833e-02,
       -6.93087606e-03, 9.99975860e-01, -5.32317325e-04, -2.40263976e-02,
       3.65648448e-04, 9.99711275e-01 ]
