%YAML:1.0
---
Q: !!opencv-matrix
   rows: 4
   cols: 4
   dt: f
   data: [ 1., 0., 0., -4.06155273e+02, 0., 1., 0., -2.24545944e+02, 0.,
       0., 0., 3.57436768e+02, 0., 0., 5.61332004e-03, 0. ]
R: !!opencv-matrix
   rows: 3
   cols: 3
   dt: d
   data: [ 9.9974069807946053e-01, 9.6717048761208319e-03,
       4.9066021368536483e-04, -9.6102954575476435e-03,
       1.0006362309431869e+00, 8.5971330514212480e-04,
       -5.2223227583419898e-04, -3.6329388773928301e-04,
       1.0000328336141364e+00 ]
T: !!opencv-matrix
   rows: 3
   cols: 1
   dt: d
   data: [ -1.7826738041881572e+02, -5.9466837189382671e-01,
       6.2603011262800532e+00 ]
E: !!opencv-matrix
   rows: 0
   cols: 0
   dt: u
   data: []
F: !!opencv-matrix
   rows: 0
   cols: 0
   dt: u
   data: []
K1: !!opencv-matrix
   rows: 3
   cols: 3
   dt: d
   data: [ 3.6619442195486482e+02, 0., 3.7800900657017900e+02, 0.,
       3.6631176586975289e+02, 2.2959692910978347e+02, 0., 0., 1. ]
D1: !!opencv-matrix
   rows: 5
   cols: 1
   dt: d
   data: [ -2.1502618721754269e-02, -1.2951184946942121e-03,
       -3.4127852927748451e-04, 2.7086966768530415e-04,
       4.7803342796299170e-04 ]
P1: !!opencv-matrix
   rows: 3
   cols: 4
   dt: f
   data: [ 3.57436768e+02, 0., 4.06155273e+02, 0., 0., 3.57436768e+02,
       2.24545944e+02, 0., 0., 0., 1., 0. ]
R1: !!opencv-matrix
   rows: 3
   cols: 3
   dt: f
   data: [ 9.99246299e-01, 1.20986616e-02, -3.68841477e-02,
       -1.20893288e-02, 9.99926805e-01, 4.76070738e-04, 3.68872099e-02,
       -2.98073392e-05, 9.99319434e-01 ]
K2: !!opencv-matrix
   rows: 3
   cols: 3
   dt: d
   data: [ 3.6684495620748953e+02, 0., 3.7586764757372902e+02, 0.,
       3.6714722400637692e+02, 2.2165240635390552e+02, 0., 0., 1. ]
D2: !!opencv-matrix
   rows: 5
   cols: 1
   dt: d
   data: [ -2.2125888778928394e-02, -1.1613594850445373e-03,
       2.4824541603873712e-04, -1.2117770058109102e-04,
       4.8874862320422683e-04 ]
P2: !!opencv-matrix
   rows: 3
   cols: 4
   dt: f
   data: [ 3.57436768e+02, 0., 4.06155273e+02, -6.36765352e+04, 0.,
       3.57436768e+02, 2.24545944e+02, 0., 0., 0., 1., 0. ]
R2: !!opencv-matrix
   rows: 3
   cols: 3
   dt: f
   data: [ 9.99299765e-01, 2.46807723e-03, -3.73345576e-02,
       -2.47752387e-03, 9.99996901e-01, -2.06766184e-04, 3.73339318e-02,
       2.99118663e-04, 9.99302804e-01 ]
