%YAML:1.0
---
Q: !!opencv-matrix
   rows: 4
   cols: 4
   dt: f
   data: [ 1., 0., 0., -3.76800903e+02, 0., 1., 0., -2.24718689e+02, 0.,
       0., 0., 3.54464355e+02, 0., 0., 5.51409228e-03, 0. ]
R: !!opencv-matrix
   rows: 3
   cols: 3
   dt: d
   data: [ 9.9968254181622918e-01, 9.9752945516255118e-03,
       1.3295931933094370e-03, -9.9127797645140545e-03,
       9.9984351529504600e-01, 6.0686875200141762e-04,
       -1.5707867815484445e-03, -9.6244145250661104e-04,
       1.0002316985878899e+00 ]
T: !!opencv-matrix
   rows: 3
   cols: 1
   dt: d
   data: [ -1.8107786133136389e+02, -1.3490618572955422e+00,
       9.9148444906275834e-01 ]
E: !!opencv-matrix
   rows: 0
   cols: 0
   dt: u
   data: []
F: !!opencv-matrix
   rows: 0
   cols: 0
   dt: u
   data: []
K1: !!opencv-matrix
   rows: 3
   cols: 3
   dt: d
   data: [ 3.6619442195486482e+02, 0., 3.7800900657017900e+02, 0.,
       3.6631176586975289e+02, 2.2959692910978347e+02, 0., 0., 1. ]
D1: !!opencv-matrix
   rows: 5
   cols: 1
   dt: d
   data: [ -2.1502618721754269e-02, -1.2951184946942121e-03,
       -3.4127852927748451e-04, 2.7086966768530415e-04,
       4.7803342796299170e-04 ]
P1: !!opencv-matrix
   rows: 3
   cols: 4
   dt: f
   data: [ 3.54464355e+02, 0., 3.76800903e+02, 0., 0., 3.54464355e+02,
       2.24718689e+02, 0., 0., 0., 1., 0. ]
R1: !!opencv-matrix
   rows: 3
   cols: 3
   dt: f
   data: [ 9.99869406e-01, 1.61257349e-02, 1.08572235e-03,
       -1.61260497e-02, 9.99869943e-01, 2.81921035e-04, -1.08103489e-03,
       -2.99392617e-04, 9.99999344e-01 ]
K2: !!opencv-matrix
   rows: 3
   cols: 3
   dt: d
   data: [ 3.6684495620748953e+02, 0., 3.7586764757372902e+02, 0.,
       3.6714722400637692e+02, 2.2165240635390552e+02, 0., 0., 1. ]
D2: !!opencv-matrix
   rows: 5
   cols: 1
   dt: d
   data: [ -2.2125888778928394e-02, -1.1613594850445373e-03,
       2.4824541603873712e-04, -1.2117770058109102e-04,
       4.8874862320422683e-04 ]
P2: !!opencv-matrix
   rows: 3
   cols: 4
   dt: f
   data: [ 3.54464355e+02, 0., 3.76800903e+02, -6.42833594e+04, 0.,
       3.54464355e+02, 2.24718689e+02, 0., 0., 0., 1., 0. ]
R2: !!opencv-matrix
   rows: 3
   cols: 3
   dt: f
   data: [ 9.99981046e-01, 6.14303770e-03, -4.51044296e-04,
       -6.14316855e-03, 9.99981105e-01, -2.89282267e-04, 4.49258689e-04,
       2.92047625e-04, 9.99999881e-01 ]
