%YAML:1.0
---
Q: !!opencv-matrix
   rows: 4
   cols: 4
   dt: f
   data: [ 1., 0., 0., -3.84869019e+02, 0., 1., 0., -2.24622879e+02, 0.,
       0., 0., 3.57179993e+02, 0., 0., 5.62512176e-03, 0. ]
R: !!opencv-matrix
   rows: 3
   cols: 3
   dt: d
   data: [ 1.0001989843159194e+00, 1.0063646486198849e-02,
       1.2980638294351401e-03, -9.9237807911131837e-03,
       1.0002911697485282e+00, 7.9241959713758248e-04,
       -1.1004549191796058e-03, -1.3900720636643522e-04,
       9.9980716904346090e-01 ]
T: !!opencv-matrix
   rows: 3
   cols: 1
   dt: d
   data: [ -1.7768521897549132e+02, -1.4224327038291698e+00,
       2.6111407720028192e+00 ]
E: !!opencv-matrix
   rows: 0
   cols: 0
   dt: u
   data: []
F: !!opencv-matrix
   rows: 0
   cols: 0
   dt: u
   data: []
K1: !!opencv-matrix
   rows: 3
   cols: 3
   dt: d
   data: [ 3.6619442195486482e+02, 0., 3.7800900657017900e+02, 0.,
       3.6631176586975289e+02, 2.2959692910978347e+02, 0., 0., 1. ]
D1: !!opencv-matrix
   rows: 5
   cols: 1
   dt: d
   data: [ -2.1502618721754269e-02, -1.2951184946942121e-03,
       -3.4127852927748451e-04, 2.7086966768530415e-04,
       4.7803342796299170e-04 ]
P1: !!opencv-matrix
   rows: 3
   cols: 4
   dt: f
   data: [ 3.57179993e+02, 0., 3.84869019e+02, 0., 0., 3.57179993e+02,
       2.24622879e+02, 0., 0., 0., 1., 0. ]
R1: !!opencv-matrix
   rows: 3
   cols: 3
   dt: f
   data: [ 9.99734223e-01, 2.10169964e-02, -9.47410148e-03,
       -2.10145134e-02, 9.99779105e-01, 3.61641229e-04, 9.47960932e-03,
       -1.62451484e-04, 9.99955058e-01 ]
K2: !!opencv-matrix
   rows: 3
   cols: 3
   dt: d
   data: [ 3.6684495620748953e+02, 0., 3.7586764757372902e+02, 0.,
       3.6714722400637692e+02, 2.2165240635390552e+02, 0., 0., 1. ]
D2: !!opencv-matrix
   rows: 5
   cols: 1
   dt: d
   data: [ -2.2125888778928394e-02, -1.1613594850445373e-03,
       2.4824541603873712e-04, -1.2117770058109102e-04,
       4.8874862320422683e-04 ]
P2: !!opencv-matrix
   rows: 3
   cols: 4
   dt: f
   data: [ 3.57179993e+02, 0., 3.84869019e+02, -6.34972891e+04, 0.,
       3.57179993e+02, 2.24622879e+02, 0., 0., 0., 1., 0. ]
R2: !!opencv-matrix
   rows: 3
   cols: 3
   dt: f
   data: [ 9.99882042e-01, 1.09831514e-02, -1.07370988e-02,
       -1.09859649e-02, 9.99939620e-01, -2.03089323e-04, 1.07342191e-02,
       3.21022759e-04, 9.99942362e-01 ]
