%YAML:1.0
---
Q: !!opencv-matrix
   rows: 4
   cols: 4
   dt: f
   data: [ 1., 0., 0., -3.94237091e+02, 0., 1., 0., -2.24447220e+02, 0.,
       0., 0., 3.58292755e+02, 0., 0., 5.66629833e-03, 0. ]
R: !!opencv-matrix
   rows: 3
   cols: 3
   dt: d
   data: [ 1.0000893419490773e+00, 9.9467652265666576e-03,
       1.1322827813037113e-03, -9.9511668207300369e-03,
       1.0005416227366672e+00, 1.1908164133539361e-03,
       -1.1479493093699753e-03, -2.2921684722748285e-04,
       9.9981812321560104e-01 ]
T: !!opencv-matrix
   rows: 3
   cols: 1
   dt: d
   data: [ -1.7682448303413361e+02, -2.7503572929513043e+00,
       4.2554548535921093e+00 ]
E: !!opencv-matrix
   rows: 0
   cols: 0
   dt: u
   data: []
F: !!opencv-matrix
   rows: 0
   cols: 0
   dt: u
   data: []
K1: !!opencv-matrix
   rows: 3
   cols: 3
   dt: d
   data: [ 3.6619442195486482e+02, 0., 3.7800900657017900e+02, 0.,
       3.6631176586975289e+02, 2.2959692910978347e+02, 0., 0., 1. ]
D1: !!opencv-matrix
   rows: 5
   cols: 1
   dt: d
   data: [ -2.1502618721754269e-02, -1.2951184946942121e-03,
       -3.4127852927748451e-04, 2.7086966768530415e-04,
       4.7803342796299170e-04 ]
P1: !!opencv-matrix
   rows: 3
   cols: 4
   dt: f
   data: [ 3.58292755e+02, 0., 3.94237091e+02, 0., 0., 3.58292755e+02,
       2.24447220e+02, 0., 0., 0., 1., 0. ]
R1: !!opencv-matrix
   rows: 3
   cols: 3
   dt: f
   data: [ 9.99425292e-01, 2.60865185e-02, -2.16456391e-02,
       -2.60796826e-02, 9.99659717e-01, 5.98068873e-04, 2.16538757e-02,
       -3.32137533e-05, 9.99765515e-01 ]
K2: !!opencv-matrix
   rows: 3
   cols: 3
   dt: d
   data: [ 3.6684495620748953e+02, 0., 3.7586764757372902e+02, 0.,
       3.6714722400637692e+02, 2.2165240635390552e+02, 0., 0., 1. ]
D2: !!opencv-matrix
   rows: 5
   cols: 1
   dt: d
   data: [ -2.2125888778928394e-02, -1.1613594850445373e-03,
       2.4824541603873712e-04, -1.2117770058109102e-04,
       4.8874862320422683e-04 ]
P2: !!opencv-matrix
   rows: 3
   cols: 4
   dt: f
   data: [ 3.58292755e+02, 0., 3.94237091e+02, -6.32322461e+04, 0.,
       3.58292755e+02, 2.24447220e+02, 0., 0., 0., 1., 0. ]
R2: !!opencv-matrix
   rows: 3
   cols: 3
   dt: f
   data: [ 9.99611557e-01, 1.61412805e-02, -2.27192435e-02,
       -1.61484517e-02, 9.99869585e-01, -1.32241388e-04, 2.27141473e-02,
       4.99070680e-04, 9.99741852e-01 ]
