%YAML:1.0
---
Q: !!opencv-matrix
   rows: 4
   cols: 4
   dt: f
   data: [ 1., 0., 0., -3.90661926e+02, 0., 1., 0., -2.24496948e+02, 0.,
       0., 0., 3.58270172e+02, 0., 0., 5.61190629e-03, 0. ]
R: !!opencv-matrix
   rows: 3
   cols: 3
   dt: d
   data: [ 9.9915139267994668e-01, 1.0040583329562893e-02,
       8.5043878603940589e-04, -9.9605347454931135e-03,
       1.0003551253323384e+00, 1.0668807300969988e-03,
       -1.1330590272849977e-03, -4.6194039772193716e-05,
       1.0005556850683588e+00 ]
T: !!opencv-matrix
   rows: 3
   cols: 1
   dt: d
   data: [ -1.7802770050726977e+02, -2.3956818013094017e+00,
       1.7579110503237574e+00 ]
E: !!opencv-matrix
   rows: 0
   cols: 0
   dt: u
   data: []
F: !!opencv-matrix
   rows: 0
   cols: 0
   dt: u
   data: []
K1: !!opencv-matrix
   rows: 3
   cols: 3
   dt: d
   data: [ 3.6619442195486482e+02, 0., 3.7800900657017900e+02, 0.,
       3.6631176586975289e+02, 2.2959692910978347e+02, 0., 0., 1. ]
D1: !!opencv-matrix
   rows: 5
   cols: 1
   dt: d
   data: [ -2.1502618721754269e-02, -1.2951184946942121e-03,
       -3.4127852927748451e-04, 2.7086966768530415e-04,
       4.7803342796299170e-04 ]
P1: !!opencv-matrix
   rows: 3
   cols: 4
   dt: f
   data: [ 3.58270172e+02, 0., 3.90661926e+02, 0., 0., 3.58270172e+02,
       2.24496948e+02, 0., 0., 0., 1., 0. ]
R1: !!opencv-matrix
   rows: 3
   cols: 3
   dt: f
   data: [ 9.99500453e-01, 2.65521295e-02, -1.71431080e-02,
       -2.65482776e-02, 9.99647439e-01, 4.52324748e-04, 1.71490740e-02,
       3.02119406e-06, 9.99852955e-01 ]
K2: !!opencv-matrix
   rows: 3
   cols: 3
   dt: d
   data: [ 3.6684495620748953e+02, 0., 3.7586764757372902e+02, 0.,
       3.6714722400637692e+02, 2.2165240635390552e+02, 0., 0., 1. ]
D2: !!opencv-matrix
   rows: 5
   cols: 1
   dt: d
   data: [ -2.2125888778928394e-02, -1.1613594850445373e-03,
       2.4824541603873712e-04, -1.2117770058109102e-04,
       4.8874862320422683e-04 ]
P2: !!opencv-matrix
   rows: 3
   cols: 4
   dt: f
   data: [ 3.58270172e+02, 0., 3.90661926e+02, -6.38410820e+04, 0.,
       3.58270172e+02, 2.24496948e+02, 0., 0., 0., 1., 0. ]
R2: !!opencv-matrix
   rows: 3
   cols: 3
   dt: f
   data: [ 9.99699593e-01, 1.65273957e-02, -1.81002486e-02,
       -1.65314618e-02, 9.99863327e-01, -7.50624604e-05, 1.80965345e-02,
       3.74263473e-04, 9.99836147e-01 ]
