%YAML:1.0
---
Q: !!opencv-matrix
   rows: 4
   cols: 4
   dt: f
   data: [ 1., 0., 0., -3.97330383e+02, 0., 1., 0., -2.24386063e+02, 0.,
       0., 0., 3.58511810e+02, 0., 0., 5.53933205e-03, 0. ]
R: !!opencv-matrix
   rows: 3
   cols: 3
   dt: d
   data: [ 9.9976214504377647e-01, 1.0245471560252734e-02,
       9.8150478499197898e-04, -9.9906997039904064e-03,
       1.0006162997437540e+00, 1.4113268093333467e-03,
       -1.1763159097873269e-03, -1.8793821813210316e-04,
       1.0000619229282852e+00 ]
T: !!opencv-matrix
   rows: 3
   cols: 1
   dt: d
   data: [ -1.8091913502598382e+02, -3.1239997158635142e+00,
       4.6617937695080736e+00 ]
E: !!opencv-matrix
   rows: 0
   cols: 0
   dt: u
   data: []
F: !!opencv-matrix
   rows: 0
   cols: 0
   dt: u
   data: []
K1: !!opencv-matrix
   rows: 3
   cols: 3
   dt: d
   data: [ 3.6619442195486482e+02, 0., 3.7800900657017900e+02, 0.,
       3.6631176586975289e+02, 2.2959692910978347e+02, 0., 0., 1. ]
D1: !!opencv-matrix
   rows: 5
   cols: 1
   dt: d
   data: [ -2.1502618721754269e-02, -1.2951184946942121e-03,
       -3.4127852927748451e-04, 2.7086966768530415e-04,
       4.7803342796299170e-04 ]
P1: !!opencv-matrix
   rows: 3
   cols: 4
   dt: f
   data: [ 3.58511810e+02, 0., 3.97330383e+02, 0., 0., 3.58511810e+02,
       2.24386063e+02, 0., 0., 0., 1., 0. ]
R1: !!opencv-matrix
   rows: 3
   cols: 3
   dt: f
   data: [ 9.99305427e-01, 2.70285327e-02, -2.56547574e-02,
       -2.70194504e-02, 9.99634683e-01, 7.00629200e-04, 2.56643221e-02,
       -6.96504230e-06, 9.99670625e-01 ]
K2: !!opencv-matrix
   rows: 3
   cols: 3
   dt: d
   data: [ 3.6684495620748953e+02, 0., 3.7586764757372902e+02, 0.,
       3.6714722400637692e+02, 2.2165240635390552e+02, 0., 0., 1. ]
D2: !!opencv-matrix
   rows: 5
   cols: 1
   dt: d
   data: [ -2.2125888778928394e-02, -1.1613594850445373e-03,
       2.4824541603873712e-04, -1.2117770058109102e-04,
       4.8874862320422683e-04 ]
P2: !!opencv-matrix
   rows: 3
   cols: 4
   dt: f
   data: [ 3.58511810e+02, 0., 3.97330383e+02, -6.47211289e+04, 0.,
       3.58511810e+02, 2.24386063e+02, 0., 0., 0., 1., 0. ]
R2: !!opencv-matrix
   rows: 3
   cols: 3
   dt: f
   data: [ 9.99501765e-01, 1.69264656e-02, -2.66402625e-02,
       -1.69358924e-02, 9.99856591e-01, -1.28258122e-04, 2.66342722e-02,
       5.79370826e-04, 9.99645054e-01 ]
