%YAML:1.0
---
Q: !!opencv-matrix
   rows: 4
   cols: 4
   dt: f
   data: [ 1., 0., 0., -4.02673676e+02, 0., 1., 0., -2.24573639e+02, 0.,
       0., 0., 3.57411499e+02, 0., 0., 5.65683190e-03, 0. ]
R: !!opencv-matrix
   rows: 3
   cols: 3
   dt: d
   data: [ 9.9992143216563434e-01, 9.8400534584280781e-03,
       7.5987706273047875e-04, -9.7542985961876789e-03,
       1.0006011020072521e+00, 8.3705866874374626e-04,
       -6.1050563489869797e-04, -1.1412566437556568e-04,
       9.9994647069197207e-01 ]
T: !!opencv-matrix
   rows: 3
   cols: 1
   dt: d
   data: [ -1.7637380980199407e+02, -6.3462874762928811e-01,
       5.5589492092707431e+00 ]
E: !!opencv-matrix
   rows: 0
   cols: 0
   dt: u
   data: []
F: !!opencv-matrix
   rows: 0
   cols: 0
   dt: u
   data: []
K1: !!opencv-matrix
   rows: 3
   cols: 3
   dt: d
   data: [ 3.6619442195486482e+02, 0., 3.7800900657017900e+02, 0.,
       3.6631176586975289e+02, 2.2959692910978347e+02, 0., 0., 1. ]
D1: !!opencv-matrix
   rows: 5
   cols: 1
   dt: d
   data: [ -2.1502618721754269e-02, -1.2951184946942121e-03,
       -3.4127852927748451e-04, 2.7086966768530415e-04,
       4.7803342796299170e-04 ]
P1: !!opencv-matrix
   rows: 3
   cols: 4
   dt: f
   data: [ 3.57411499e+02, 0., 4.02673676e+02, 0., 0., 3.57411499e+02,
       2.24573639e+02, 0., 0., 0., 1., 0. ]
R1: !!opencv-matrix
   rows: 3
   cols: 3
   dt: f
   data: [ 9.99405742e-01, 1.20393233e-02, -3.22993472e-02,
       -1.20345205e-02, 9.99927521e-01, 3.43107851e-04, 3.23011354e-02,
       4.58032046e-05, 9.99478161e-01 ]
K2: !!opencv-matrix
   rows: 3
   cols: 3
   dt: d
   data: [ 3.6684495620748953e+02, 0., 3.7586764757372902e+02, 0.,
       3.6714722400637692e+02, 2.2165240635390552e+02, 0., 0., 1. ]
D2: !!opencv-matrix
   rows: 5
   cols: 1
   dt: d
   data: [ -2.2125888778928394e-02, -1.1613594850445373e-03,
       2.4824541603873712e-04, -1.2117770058109102e-04,
       4.8874862320422683e-04 ]
P2: !!opencv-matrix
   rows: 3
   cols: 4
   dt: f
   data: [ 3.57411499e+02, 0., 4.02673676e+02, -6.31822773e+04, 0.,
       3.57411499e+02, 2.24573639e+02, 0., 0., 0., 1., 0. ]
R2: !!opencv-matrix
   rows: 3
   cols: 3
   dt: f
   data: [ 9.99451101e-01, 2.22547934e-03, -3.30540389e-02,
       -2.23039440e-03, 9.99997497e-01, -1.11822934e-04, 3.30537073e-02,
       1.85485100e-04, 9.99453545e-01 ]
