%YAML:1.0
---
Q: !!opencv-matrix
   rows: 4
   cols: 4
   dt: f
   data: [ 1., 0., 0., -3.91816772e+02, 0., 1., 0., -2.24422791e+02, 0.,
       0., 0., 3.58707764e+02, 0., 0., 5.53794904e-03, 0. ]
R: !!opencv-matrix
   rows: 3
   cols: 3
   dt: d
   data: [ 9.9943999490270807e-01, 1.0306338404032191e-02,
       1.2872655192337590e-03, -1.0060046928326929e-02,
       1.0005566990249193e+00, 1.4379268822188576e-03,
       -1.5004225565953661e-03, 8.1016511732608988e-04,
       1.0002111954848789e+00 ]
T: !!opencv-matrix
   rows: 3
   cols: 1
   dt: d
   data: [ -1.8080681196154063e+02, -3.3975842332999577e+00,
       2.8028474892700657e+00 ]
E: !!opencv-matrix
   rows: 0
   cols: 0
   dt: u
   data: []
F: !!opencv-matrix
   rows: 0
   cols: 0
   dt: u
   data: []
K1: !!opencv-matrix
   rows: 3
   cols: 3
   dt: d
   data: [ 3.6619442195486482e+02, 0., 3.7800900657017900e+02, 0.,
       3.6631176586975289e+02, 2.2959692910978347e+02, 0., 0., 1. ]
D1: !!opencv-matrix
   rows: 5
   cols: 1
   dt: d
   data: [ -2.1502618721754269e-02, -1.2951184946942121e-03,
       -3.4127852927748451e-04, 2.7086966768530415e-04,
       4.7803342796299170e-04 ]
P1: !!opencv-matrix
   rows: 3
   cols: 4
   dt: f
   data: [ 3.58707764e+02, 0., 3.91816772e+02, 0., 0., 3.58707764e+02,
       2.24422791e+02, 0., 0., 0., 1., 0. ]
R1: !!opencv-matrix
   rows: 3
   cols: 3
   dt: f
   data: [ 9.99329329e-01, 3.15772332e-02, -1.85406934e-02,
       -3.15745473e-02, 9.99501288e-01, 4.37680254e-04, 1.85452681e-02,
       1.48027291e-04, 9.99827981e-01 ]
K2: !!opencv-matrix
   rows: 3
   cols: 3
   dt: d
   data: [ 3.6684495620748953e+02, 0., 3.7586764757372902e+02, 0.,
       3.6714722400637692e+02, 2.2165240635390552e+02, 0., 0., 1. ]
D2: !!opencv-matrix
   rows: 5
   cols: 1
   dt: d
   data: [ -2.2125888778928394e-02, -1.1613594850445373e-03,
       2.4824541603873712e-04, -1.2117770058109102e-04,
       4.8874862320422683e-04 ]
P2: !!opencv-matrix
   rows: 3
   cols: 4
   dt: f
   data: [ 3.58707764e+02, 0., 3.91816772e+02, -6.47726758e+04, 0.,
       3.58707764e+02, 2.24422791e+02, 0., 0., 0., 1., 0. ]
R2: !!opencv-matrix
   rows: 3
   cols: 3
   dt: f
   data: [ 9.99573827e-01, 2.14096587e-02, -1.98442079e-02,
       -2.14125328e-02, 9.99770701e-01, 6.76364507e-05, 1.98411047e-02,
       3.57307115e-04, 9.99803066e-01 ]
