%YAML:1.0
---
Q: !!opencv-matrix
   rows: 4
   cols: 4
   dt: f
   data: [ 1., 0., 0., -3.94802917e+02, 0., 1., 0., -2.24643845e+02, 0.,
       0., 0., 3.57628967e+02, 0., 0., 5.68776531e-03, 0. ]
R: !!opencv-matrix
   rows: 3
   cols: 3
   dt: d
   data: [ 1.0004174573974074e+00, 9.8637182620969054e-03,
       9.6823109151687519e-04, -9.6818187885238990e-03,
       1.0002666197525096e+00, 8.8020322526530996e-04,
       -6.4269340092207425e-04, -6.5814227737732837e-04,
       9.9969623415673592e-01 ]
T: !!opencv-matrix
   rows: 3
   cols: 1
   dt: d
   data: [ -1.7567560402314865e+02, -6.9321711499853311e-01,
       4.7115686049389023e+00 ]
E: !!opencv-matrix
   rows: 0
   cols: 0
   dt: u
   data: []
F: !!opencv-matrix
   rows: 0
   cols: 0
   dt: u
   data: []
K1: !!opencv-matrix
   rows: 3
   cols: 3
   dt: d
   data: [ 3.6619442195486482e+02, 0., 3.7800900657017900e+02, 0.,
       3.6631176586975289e+02, 2.2959692910978347e+02, 0., 0., 1. ]
D1: !!opencv-matrix
   rows: 5
   cols: 1
   dt: d
   data: [ -2.1502618721754269e-02, -1.2951184946942121e-03,
       -3.4127852927748451e-04, 2.7086966768530415e-04,
       4.7803342796299170e-04 ]
P1: !!opencv-matrix
   rows: 3
   cols: 4
   dt: f
   data: [ 3.57628967e+02, 0., 3.94802917e+02, 0., 0., 3.57628967e+02,
       2.24643845e+02, 0., 0., 0., 1., 0. ]
R1: !!opencv-matrix
   rows: 3
   cols: 3
   dt: f
   data: [ 9.99697745e-01, 1.06248865e-02, -2.21707169e-02,
       -1.06170615e-02, 9.99943554e-01, 4.70634463e-04, 2.21744645e-02,
       -2.35104351e-04, 9.99754071e-01 ]
K2: !!opencv-matrix
   rows: 3
   cols: 3
   dt: d
   data: [ 3.6684495620748953e+02, 0., 3.7586764757372902e+02, 0.,
       3.6714722400637692e+02, 2.2165240635390552e+02, 0., 0., 1. ]
D2: !!opencv-matrix
   rows: 5
   cols: 1
   dt: d
   data: [ -2.2125888778928394e-02, -1.1613594850445373e-03,
       2.4824541603873712e-04, -1.2117770058109102e-04,
       4.8874862320422683e-04 ]
P2: !!opencv-matrix
   rows: 3
   cols: 4
   dt: f
   data: [ 3.57628967e+02, 0., 3.94802917e+02, -6.28768906e+04, 0.,
       3.57628967e+02, 2.24643845e+02, 0., 0., 0., 1., 0. ]
R2: !!opencv-matrix
   rows: 3
   cols: 3
   dt: f
   data: [ 9.99733865e-01, 8.42856301e-04, -2.30550319e-02,
       -8.50992801e-04, 9.99999583e-01, -3.43108404e-04, 2.30547320e-02,
       3.62636754e-04, 9.99734163e-01 ]
