%YAML:1.0
---
Q: !!opencv-matrix
   rows: 4
   cols: 4
   dt: f
   data: [ 1., 0., 0., -3.91302795e+02, 0., 1., 0., -2.24569504e+02, 0.,
       0., 0., 3.57659210e+02, 0., 0., 5.49352495e-03, 0. ]
R: !!opencv-matrix
   rows: 3
   cols: 3
   dt: d
   data: [ 1.0001464340136759e+00, 1.0018125694645176e-02,
       1.4247128764809437e-03, -9.9380931439747751e-03,
       1.0002305699781997e+00, 9.2862774935409105e-04,
       -1.3547636072618735e-03, -4.2231327450258652e-04,
       9.9985683312717155e-01 ]
T: !!opencv-matrix
   rows: 3
   cols: 1
   dt: d
   data: [ -1.8227612798976830e+02, -1.8197788307783469e+00,
       3.1200024141869811e+00 ]
E: !!opencv-matrix
   rows: 0
   cols: 0
   dt: u
   data: []
F: !!opencv-matrix
   rows: 0
   cols: 0
   dt: u
   data: []
K1: !!opencv-matrix
   rows: 3
   cols: 3
   dt: d
   data: [ 3.6619442195486482e+02, 0., 3.7800900657017900e+02, 0.,
       3.6631176586975289e+02, 2.2959692910978347e+02, 0., 0., 1. ]
D1: !!opencv-matrix
   rows: 5
   cols: 1
   dt: d
   data: [ -2.1502618721754269e-02, -1.2951184946942121e-03,
       -3.4127852927748451e-04, 2.7086966768530415e-04,
       4.7803342796299170e-04 ]
P1: !!opencv-matrix
   rows: 3
   cols: 4
   dt: f
   data: [ 3.57659210e+02, 0., 3.91302795e+02, 0., 0., 3.57659210e+02,
       2.24569504e+02, 0., 0., 0., 1., 0. ]
R1: !!opencv-matrix
   rows: 3
   cols: 3
   dt: f
   data: [ 9.99661744e-01, 1.91177893e-02, -1.76330265e-02,
       -1.91127323e-02, 9.99817252e-01, 4.55284666e-04, 1.76385082e-02,
       -1.18115357e-04, 9.99844432e-01 ]
K2: !!opencv-matrix
   rows: 3
   cols: 3
   dt: d
   data: [ 3.6684495620748953e+02, 0., 3.7586764757372902e+02, 0.,
       3.6714722400637692e+02, 2.2165240635390552e+02, 0., 0., 1. ]
D2: !!opencv-matrix
   rows: 5
   cols: 1
   dt: d
   data: [ -2.2125888778928394e-02, -1.1613594850445373e-03,
       2.4824541603873712e-04, -1.2117770058109102e-04,
       4.8874862320422683e-04 ]
P2: !!opencv-matrix
   rows: 3
   cols: 4
   dt: f
   data: [ 3.57659210e+02, 0., 3.91302795e+02, -6.51055977e+04, 0.,
       3.57659210e+02, 2.24569504e+02, 0., 0., 0., 1., 0. ]
R2: !!opencv-matrix
   rows: 3
   cols: 3
   dt: f
   data: [ 9.99778092e-01, 9.16644279e-03, -1.89677533e-02,
       -9.17188078e-03, 9.99957919e-01, -1.99745526e-04, 1.89651232e-02,
       3.73671181e-04, 9.99820054e-01 ]
