%YAML:1.0
---
Q: !!opencv-matrix
   rows: 4
   cols: 4
   dt: f
   data: [ 1., 0., 0., -3.79515900e+02, 0., 1., 0., -2.24718353e+02, 0.,
       0., 0., 3.56399323e+02, 0., 0., 5.67840924e-03, 0. ]
R: !!opencv-matrix
   rows: 3
   cols: 3
   dt: d
   data: [ 9.9950695597916950e-01, 9.6403241130655608e-03,
       5.8911632815442821e-04, -9.7139470438446073e-03,
       1.0000647622292684e+00, 4.5218861210253138e-04,
       -9.5390903793698132e-04, -1.0577646353655417e-03,
       1.0004244109375480e+00 ]
T: !!opencv-matrix
   rows: 3
   cols: 1
   dt: d
   data: [ -1.7635663146103406e+02, -2.9309083334082425e-01,
       1.5623433433242677e+00 ]
E: !!opencv-matrix
   rows: 0
   cols: 0
   dt: u
   data: []
F: !!opencv-matrix
   rows: 0
   cols: 0
   dt: u
   data: []
K1: !!opencv-matrix
   rows: 3
   cols: 3
   dt: d
   data: [ 3.6619442195486482e+02, 0., 3.7800900657017900e+02, 0.,
       3.6631176586975289e+02, 2.2959692910978347e+02, 0., 0., 1. ]
D1: !!opencv-matrix
   rows: 5
   cols: 1
   dt: d
   data: [ -2.1502618721754269e-02, -1.2951184946942121e-03,
       -3.4127852927748451e-04, 2.7086966768530415e-04,
       4.7803342796299170e-04 ]
P1: !!opencv-matrix
   rows: 3
   cols: 4
   dt: f
   data: [ 3.56399323e+02, 0., 3.79515900e+02, 0., 0., 3.56399323e+02,
       2.24718353e+02, 0., 0., 0., 1., 0. ]
R1: !!opencv-matrix
   rows: 3
   cols: 3
   dt: f
   data: [ 9.99950349e-01, 9.60034039e-03, -2.66084564e-03,
       -9.59933363e-03, 9.99953866e-01, 3.91021254e-04, 2.66447663e-03,
       -3.65459506e-04, 9.99996364e-01 ]
K2: !!opencv-matrix
   rows: 3
   cols: 3
   dt: d
   data: [ 3.6684495620748953e+02, 0., 3.7586764757372902e+02, 0.,
       3.6714722400637692e+02, 2.2165240635390552e+02, 0., 0., 1. ]
D2: !!opencv-matrix
   rows: 5
   cols: 1
   dt: d
   data: [ -2.2125888778928394e-02, -1.1613594850445373e-03,
       2.4824541603873712e-04, -1.2117770058109102e-04,
       4.8874862320422683e-04 ]
P2: !!opencv-matrix
   rows: 3
   cols: 4
   dt: f
   data: [ 3.56399323e+02, 0., 3.79515900e+02, -6.27639375e+04, 0.,
       3.56399323e+02, 2.24718353e+02, 0., 0., 0., 1., 0. ]
R2: !!opencv-matrix
   rows: 3
   cols: 3
   dt: f
   data: [ 9.99994159e-01, -8.46328621e-05, -3.41795804e-03,
       8.33400263e-05, 9.99999940e-01, -3.78388038e-04, 3.41798970e-03,
       3.78100987e-04, 9.99994099e-01 ]
