%YAML:1.0
---
Q: !!opencv-matrix
   rows: 4
   cols: 4
   dt: f
   data: [ 1., 0., 0., -3.85892120e+02, 0., 1., 0., -2.24676254e+02, 0.,
       0., 0., 3.58207733e+02, 0., 0., 5.66094788e-03, 0. ]
R: !!opencv-matrix
   rows: 3
   cols: 3
   dt: d
   data: [ 1.0003050299632812e+00, 9.7798569372179889e-03,
       8.5414973996123336e-04, -9.6712735706195336e-03,
       1.0000965021998043e+00, 6.7108535181281128e-04,
       -8.5321810355606942e-04, -9.5893341271327071e-04,
       9.9981723470404771e-01 ]
T: !!opencv-matrix
   rows: 3
   cols: 1
   dt: d
   data: [ -1.7703888787314489e+02, -4.7023740644267914e-01,
       3.1540350194868463e+00 ]
E: !!opencv-matrix
   rows: 0
   cols: 0
   dt: u
   data: []
F: !!opencv-matrix
   rows: 0
   cols: 0
   dt: u
   data: []
K1: !!opencv-matrix
   rows: 3
   cols: 3
   dt: d
   data: [ 3.6619442195486482e+02, 0., 3.7800900657017900e+02, 0.,
       3.6631176586975289e+02, 2.2959692910978347e+02, 0., 0., 1. ]
D1: !!opencv-matrix
   rows: 5
   cols: 1
   dt: d
   data: [ -2.1502618721754269e-02, -1.2951184946942121e-03,
       -3.4127852927748451e-04, 2.7086966768530415e-04,
       4.7803342796299170e-04 ]
P1: !!opencv-matrix
   rows: 3
   cols: 4
   dt: f
   data: [ 3.58207733e+02, 0., 3.85892120e+02, 0., 0., 3.58207733e+02,
       2.24676254e+02, 0., 0., 0., 1., 0. ]
R1: !!opencv-matrix
   rows: 3
   cols: 3
   dt: f
   data: [ 9.99867797e-01, 1.21155037e-02, -1.08442828e-02,
       -1.21114179e-02, 9.99926567e-01, 4.42345714e-04, 1.08488454e-02,
       -3.10947595e-04, 9.99941111e-01 ]
K2: !!opencv-matrix
   rows: 3
   cols: 3
   dt: d
   data: [ 3.6684495620748953e+02, 0., 3.7586764757372902e+02, 0.,
       3.6714722400637692e+02, 2.2165240635390552e+02, 0., 0., 1. ]
D2: !!opencv-matrix
   rows: 5
   cols: 1
   dt: d
   data: [ -2.2125888778928394e-02, -1.1613594850445373e-03,
       2.4824541603873712e-04, -1.2117770058109102e-04,
       4.8874862320422683e-04 ]
P2: !!opencv-matrix
   rows: 3
   cols: 4
   dt: f
   data: [ 3.58207733e+02, 0., 3.85892120e+02, -6.32769922e+04, 0.,
       3.58207733e+02, 2.24676254e+02, 0., 0., 0., 1., 0. ]
R2: !!opencv-matrix
   rows: 3
   cols: 3
   dt: f
   data: [ 9.99929070e-01, 2.43865466e-03, -1.16558364e-02,
       -2.44304491e-03, 9.99996960e-01, -3.62427410e-04, 1.16549172e-02,
       3.90877452e-04, 9.99931991e-01 ]
