%YAML:1.0
---
Q: !!opencv-matrix
   rows: 4
   cols: 4
   dt: f
   data: [ 1., 0., 0., -4.10522614e+02, 0., 1., 0., -2.24314056e+02, 0.,
       0., 0., 3.58227173e+02, 0., 0., 5.65389637e-03, 0. ]
R: !!opencv-matrix
   rows: 3
   cols: 3
   dt: d
   data: [ 9.9957573580238734e-01, 9.8405718538667683e-03,
       4.6455885507439964e-04, -9.8073028826262502e-03,
       1.0006966860507998e+00, 1.1076831549684594e-03,
       -6.1526071158483529e-04, -1.1809841057265960e-03,
       1.0002080595665912e+00 ]
T: !!opencv-matrix
   rows: 3
   cols: 1
   dt: d
   data: [ -1.7684620832055481e+02, -1.3799472112549507e+00,
       6.2690015809575650e+00 ]
E: !!opencv-matrix
   rows: 0
   cols: 0
   dt: u
   data: []
F: !!opencv-matrix
   rows: 0
   cols: 0
   dt: u
   data: []
K1: !!opencv-matrix
   rows: 3
   cols: 3
   dt: d
   data: [ 3.6619442195486482e+02, 0., 3.7800900657017900e+02, 0.,
       3.6631176586975289e+02, 2.2959692910978347e+02, 0., 0., 1. ]
D1: !!opencv-matrix
   rows: 5
   cols: 1
   dt: d
   data: [ -2.1502618721754269e-02, -1.2951184946942121e-03,
       -3.4127852927748451e-04, 2.7086966768530415e-04,
       4.7803342796299170e-04 ]
P1: !!opencv-matrix
   rows: 3
   cols: 4
   dt: f
   data: [ 3.58227173e+02, 0., 4.10522614e+02, 0., 0., 3.58227173e+02,
       2.24314056e+02, 0., 0., 0., 1., 0. ]
R1: !!opencv-matrix
   rows: 3
   cols: 3
   dt: f
   data: [ 9.98879731e-01, 2.06390060e-02, -4.25833575e-02,
       -2.06157770e-02, 9.99786973e-01, 9.84614715e-04, 4.25946079e-02,
       -1.05622661e-04, 9.99092460e-01 ]
K2: !!opencv-matrix
   rows: 3
   cols: 3
   dt: d
   data: [ 3.6684495620748953e+02, 0., 3.7586764757372902e+02, 0.,
       3.6714722400637692e+02, 2.2165240635390552e+02, 0., 0., 1. ]
D2: !!opencv-matrix
   rows: 5
   cols: 1
   dt: d
   data: [ -2.2125888778928394e-02, -1.1613594850445373e-03,
       2.4824541603873712e-04, -1.2117770058109102e-04,
       4.8874862320422683e-04 ]
P2: !!opencv-matrix
   rows: 3
   cols: 4
   dt: f
   data: [ 3.58227173e+02, 0., 4.10522614e+02, -6.33593438e+04, 0.,
       3.58227173e+02, 2.24314056e+02, 0., 0., 0., 1., 0. ]
R2: !!opencv-matrix
   rows: 3
   cols: 3
   dt: f
   data: [ 9.99015272e-01, 1.07510444e-02, -4.30454351e-02,
       -1.07745202e-02, 9.99941885e-01, -3.13394499e-04, 4.30395640e-02,
       7.76879839e-04, 9.99073088e-01 ]
