%YAML:1.0
---
Q: !!opencv-matrix
   rows: 4
   cols: 4
   dt: f
   data: [ 1., 0., 0., -3.84651459e+02, 0., 1., 0., -2.24649139e+02, 0.,
       0., 0., 3.57231873e+02, 0., 0., 5.50875766e-03, 0. ]
R: !!opencv-matrix
   rows: 3
   cols: 3
   dt: d
   data: [ 9.9963788828031475e-01, 1.0090428401725467e-02,
       1.2312474327270918e-03, -9.9230195667079669e-03,
       1.0000325525113873e+00, 6.1793882697316069e-04,
       -1.3708000092571557e-03, -2.9513468161042030e-04,
       1.0002076909834674e+00 ]
T: !!opencv-matrix
   rows: 3
   cols: 1
   dt: d
   data: [ -1.8137116514757318e+02, -9.5907073101134643e-01,
       1.8137638109479326e+00 ]
E: !!opencv-matrix
   rows: 0
   cols: 0
   dt: u
   data: []
F: !!opencv-matrix
   rows: 0
   cols: 0
   dt: u
   data: []
K1: !!opencv-matrix
   rows: 3
   cols: 3
   dt: d
   data: [ 3.6619442195486482e+02, 0., 3.7800900657017900e+02, 0.,
       3.6631176586975289e+02, 2.2959692910978347e+02, 0., 0., 1. ]
D1: !!opencv-matrix
   rows: 5
   cols: 1
   dt: d
   data: [ -2.1502618721754269e-02, -1.2951184946942121e-03,
       -3.4127852927748451e-04, 2.7086966768530415e-04,
       4.7803342796299170e-04 ]
P1: !!opencv-matrix
   rows: 3
   cols: 4
   dt: f
   data: [ 3.57231873e+02, 0., 3.84651459e+02, 0., 0., 3.57231873e+02,
       2.24649139e+02, 0., 0., 0., 1., 0. ]
R1: !!opencv-matrix
   rows: 3
   cols: 3
   dt: f
   data: [ 9.99805808e-01, 1.74791440e-02, -9.09876730e-03,
       -1.74773764e-02, 9.99847233e-01, 2.73882557e-04, 9.10216477e-03,
       -1.14806804e-04, 9.99958575e-01 ]
K2: !!opencv-matrix
   rows: 3
   cols: 3
   dt: d
   data: [ 3.6684495620748953e+02, 0., 3.7586764757372902e+02, 0.,
       3.6714722400637692e+02, 2.2165240635390552e+02, 0., 0., 1. ]
D2: !!opencv-matrix
   rows: 5
   cols: 1
   dt: d
   data: [ -2.2125888778928394e-02, -1.1613594850445373e-03,
       2.4824541603873712e-04, -1.2117770058109102e-04,
       4.8874862320422683e-04 ]
P2: !!opencv-matrix
   rows: 3
   cols: 4
   dt: f
   data: [ 3.57231873e+02, 0., 3.84651459e+02, -6.48479961e+04, 0.,
       3.57231873e+02, 2.24649139e+02, 0., 0., 0., 1., 0. ]
R2: !!opencv-matrix
   rows: 3
   cols: 3
   dt: f
   data: [ 9.99918282e-01, 7.40768854e-03, -1.04205953e-02,
       -7.40971370e-03, 9.99972522e-01, -1.55749702e-04, 1.04191555e-02,
       2.32950595e-04, 9.99945700e-01 ]
