%YAML:1.0
---
Q: !!opencv-matrix
   rows: 4
   cols: 4
   dt: f
   data: [ 1., 0., 0., -3.95415192e+02, 0., 1., 0., -2.24684082e+02, 0.,
       0., 0., 3.57614594e+02, 0., 0., 5.56307286e-03, 0. ]
R: !!opencv-matrix
   rows: 3
   cols: 3
   dt: d
   data: [ 9.9999488673898762e-01, 9.5246073409448549e-03,
       8.9346790995788552e-04, -9.5783973045712595e-03,
       1.0001254786003773e+00, 5.9727607913499109e-04,
       -6.8532644631526935e-04, -7.8665863218751856e-04,
       9.9998272895688656e-01 ]
T: !!opencv-matrix
   rows: 3
   cols: 1
   dt: d
   data: [ -1.7918580324455999e+02, 6.3281128565487554e-01,
       4.2436198317207987e+00 ]
E: !!opencv-matrix
   rows: 0
   cols: 0
   dt: u
   data: []
F: !!opencv-matrix
   rows: 0
   cols: 0
   dt: u
   data: []
K1: !!opencv-matrix
   rows: 3
   cols: 3
   dt: d
   data: [ 3.6619442195486482e+02, 0., 3.7800900657017900e+02, 0.,
       3.6631176586975289e+02, 2.2959692910978347e+02, 0., 0., 1. ]
D1: !!opencv-matrix
   rows: 5
   cols: 1
   dt: d
   data: [ -2.1502618721754269e-02, -1.2951184946942121e-03,
       -3.4127852927748451e-04, 2.7086966768530415e-04,
       4.7803342796299170e-04 ]
P1: !!opencv-matrix
   rows: 3
   cols: 4
   dt: f
   data: [ 3.57614594e+02, 0., 3.95415192e+02, 0., 0., 3.57614594e+02,
       2.24684082e+02, 0., 0., 0., 1., 0. ]
R1: !!opencv-matrix
   rows: 3
   cols: 3
   dt: f
   data: [ 9.99710977e-01, 7.36968219e-03, -2.28845160e-02,
       -7.36211007e-03, 9.99972820e-01, 4.15097602e-04, 2.28869524e-02,
       -2.46499287e-04, 9.99738038e-01 ]
K2: !!opencv-matrix
   rows: 3
   cols: 3
   dt: d
   data: [ 3.6684495620748953e+02, 0., 3.7586764757372902e+02, 0.,
       3.6714722400637692e+02, 2.2165240635390552e+02, 0., 0., 1. ]
D2: !!opencv-matrix
   rows: 5
   cols: 1
   dt: d
   data: [ -2.2125888778928394e-02, -1.1613594850445373e-03,
       2.4824541603873712e-04, -1.2117770058109102e-04,
       4.8874862320422683e-04 ]
P2: !!opencv-matrix
   rows: 3
   cols: 4
   dt: f
   data: [ 3.57614594e+02, 0., 3.95415192e+02, -6.42836406e+04, 0.,
       3.57614594e+02, 2.24684082e+02, 0., 0., 0., 1., 0. ]
R2: !!opencv-matrix
   rows: 3
   cols: 3
   dt: f
   data: [ 9.99714613e-01, -2.22511310e-03, -2.37861518e-02,
       2.21724343e-03, 9.99997497e-01, -3.57219571e-04, 2.37868857e-02,
       3.04377929e-04, 9.99716997e-01 ]
