%YAML:1.0
---
Q: !!opencv-matrix
   rows: 4
   cols: 4
   dt: f
   data: [ 1., 0., 0., -4.23233551e+02, 0., 1., 0., -2.23815216e+02, 0.,
       0., 0., 3.59692352e+02, 0., 0., 5.63669577e-03, 0. ]
R: !!opencv-matrix
   rows: 3
   cols: 3
   dt: d
   data: [ 1.0000921079078724e+00, 9.9870643425499835e-03,
       4.9518171602119950e-04, -9.8522334238221338e-03,
       1.0011273993172991e+00, 1.6434998309991539e-03,
       -3.1658007830067135e-04, -4.3686662921154338e-04,
       9.9971122017273062e-01 ]
T: !!opencv-matrix
   rows: 3
   cols: 1
   dt: d
   data: [ -1.7687425028596755e+02, -2.9660920047309971e+00,
       8.5551591828278077e+00 ]
E: !!opencv-matrix
   rows: 0
   cols: 0
   dt: u
   data: []
F: !!opencv-matrix
   rows: 0
   cols: 0
   dt: u
   data: []
K1: !!opencv-matrix
   rows: 3
   cols: 3
   dt: d
   data: [ 3.6619442195486482e+02, 0., 3.7800900657017900e+02, 0.,
       3.6631176586975289e+02, 2.2959692910978347e+02, 0., 0., 1. ]
D1: !!opencv-matrix
   rows: 5
   cols: 1
   dt: d
   data: [ -2.1502618721754269e-02, -1.2951184946942121e-03,
       -3.4127852927748451e-04, 2.7086966768530415e-04,
       4.7803342796299170e-04 ]
P1: !!opencv-matrix
   rows: 3
   cols: 4
   dt: f
   data: [ 3.59692352e+02, 0., 4.23233551e+02, 0., 0., 3.59692352e+02,
       2.23815216e+02, 0., 0., 0., 1., 0. ]
R1: !!opencv-matrix
   rows: 3
   cols: 3
   dt: f
   data: [ 9.97788012e-01, 3.08408141e-02, -5.88887483e-02,
       -3.08184624e-02, 9.99524176e-01, 1.28795416e-03, 5.89004494e-02,
       5.29755431e-04, 9.98263717e-01 ]
K2: !!opencv-matrix
   rows: 3
   cols: 3
   dt: d
   data: [ 3.6684495620748953e+02, 0., 3.7586764757372902e+02, 0.,
       3.6714722400637692e+02, 2.2165240635390552e+02, 0., 0., 1. ]
D2: !!opencv-matrix
   rows: 5
   cols: 1
   dt: d
   data: [ -2.2125888778928394e-02, -1.1613594850445373e-03,
       2.4824541603873712e-04, -1.2117770058109102e-04,
       4.8874862320422683e-04 ]
P2: !!opencv-matrix
   rows: 3
   cols: 4
   dt: f
   data: [ 3.59692352e+02, 0., 4.23233551e+02, -6.38126250e+04, 0.,
       3.59692352e+02, 2.23815216e+02, 0., 0., 0., 1., 0. ]
R2: !!opencv-matrix
   rows: 3
   cols: 3
   dt: f
   data: [ 9.98026431e-01, 2.08099466e-02, -5.92471622e-02,
       -2.08324306e-02, 9.99782979e-01, 2.38244276e-04, 5.92392609e-02,
       9.96488263e-04, 9.98243332e-01 ]
