%YAML:1.0
---
Q: !!opencv-matrix
   rows: 4
   cols: 4
   dt: f
   data: [ 1., 0., 0., -4.01323669e+02, 0., 1., 0., -2.24399033e+02, 0.,
       0., 0., 3.58259979e+02, 0., 0., 5.62500488e-03, 0. ]
R: !!opencv-matrix
   rows: 3
   cols: 3
   dt: d
   data: [ 9.9994838260166130e-01, 9.9555629150265904e-03,
       4.6943082377511719e-04, -9.9227713322618278e-03,
       1.0008957467205464e+00, 1.2974541332366749e-03,
       -3.5611377007723399e-04, -6.7426912340248649e-04,
       9.9994459933401814e-01 ]
T: !!opencv-matrix
   rows: 3
   cols: 1
   dt: d
   data: [ -1.7753135216918986e+02, -2.5236663441890350e+00,
       6.7044992163801034e+00 ]
E: !!opencv-matrix
   rows: 0
   cols: 0
   dt: u
   data: []
F: !!opencv-matrix
   rows: 0
   cols: 0
   dt: u
   data: []
K1: !!opencv-matrix
   rows: 3
   cols: 3
   dt: d
   data: [ 3.6619442195486482e+02, 0., 3.7800900657017900e+02, 0.,
       3.6631176586975289e+02, 2.2959692910978347e+02, 0., 0., 1. ]
D1: !!opencv-matrix
   rows: 5
   cols: 1
   dt: d
   data: [ -2.1502618721754269e-02, -1.2951184946942121e-03,
       -3.4127852927748451e-04, 2.7086966768530415e-04,
       4.7803342796299170e-04 ]
P1: !!opencv-matrix
   rows: 3
   cols: 4
   dt: f
   data: [ 3.58259979e+02, 0., 4.01323669e+02, 0., 0., 3.58259979e+02,
       2.24399033e+02, 0., 0., 0., 1., 0. ]
R1: !!opencv-matrix
   rows: 3
   cols: 3
   dt: f
   data: [ 9.99269426e-01, 2.25018635e-02, -3.08921896e-02,
       -2.24890523e-02, 9.99746799e-01, 7.62190495e-04, 3.09015196e-02,
       -6.68975845e-05, 9.99522448e-01 ]
K2: !!opencv-matrix
   rows: 3
   cols: 3
   dt: d
   data: [ 3.6684495620748953e+02, 0., 3.7586764757372902e+02, 0.,
       3.6714722400637692e+02, 2.2165240635390552e+02, 0., 0., 1. ]
D2: !!opencv-matrix
   rows: 5
   cols: 1
   dt: d
   data: [ -2.2125888778928394e-02, -1.1613594850445373e-03,
       2.4824541603873712e-04, -1.2117770058109102e-04,
       4.8874862320422683e-04 ]
P2: !!opencv-matrix
   rows: 3
   cols: 4
   dt: f
   data: [ 3.58259979e+02, 0., 4.01323669e+02, -6.36906094e+04, 0.,
       3.58259979e+02, 2.24399033e+02, 0., 0., 0., 1., 0. ]
R2: !!opencv-matrix
   rows: 3
   cols: 3
   dt: f
   data: [ 9.99427557e-01, 1.25513468e-02, -3.14162113e-02,
       -1.25643732e-02, 9.99921024e-01, -2.17260123e-04, 3.14110033e-02,
       6.11860771e-04, 9.99506354e-01 ]
