%YAML:1.0
---
Q: !!opencv-matrix
   rows: 4
   cols: 4
   dt: f
   data: [ 1., 0., 0., -4.02444244e+02, 0., 1., 0., -2.24579941e+02, 0.,
       0., 0., 3.57378387e+02, 0., 0., 5.61399944e-03, 0. ]
R: !!opencv-matrix
   rows: 3
   cols: 3
   dt: d
   data: [ 1.0000579438573796e+00, 9.5836703512885493e-03,
       5.9736013772236022e-04, -9.6510138859654798e-03,
       1.0003348591596430e+00, 7.3938225240065118e-04,
       -4.9045376970453705e-04, -6.9971195036363609e-04,
       9.9990053612873819e-01 ]
T: !!opencv-matrix
   rows: 3
   cols: 1
   dt: d
   data: [ -1.7817778497608154e+02, -3.0843193044875283e-01,
       5.6761110663604954e+00 ]
E: !!opencv-matrix
   rows: 0
   cols: 0
   dt: u
   data: []
F: !!opencv-matrix
   rows: 0
   cols: 0
   dt: u
   data: []
K1: !!opencv-matrix
   rows: 3
   cols: 3
   dt: d
   data: [ 3.6619442195486482e+02, 0., 3.7800900657017900e+02, 0.,
       3.6631176586975289e+02, 2.2959692910978347e+02, 0., 0., 1. ]
D1: !!opencv-matrix
   rows: 5
   cols: 1
   dt: d
   data: [ -2.1502618721754269e-02, -1.2951184946942121e-03,
       -3.4127852927748451e-04, 2.7086966768530415e-04,
       4.7803342796299170e-04 ]
P1: !!opencv-matrix
   rows: 3
   cols: 4
   dt: f
   data: [ 3.57378387e+02, 0., 4.02444244e+02, 0., 0., 3.57378387e+02,
       2.24579941e+02, 0., 0., 0., 1., 0. ]
R1: !!opencv-matrix
   rows: 3
   cols: 3
   dt: f
   data: [ 9.99415636e-01, 1.16733443e-02, -3.21262330e-02,
       -1.16641875e-02, 9.99931872e-01, 4.72429383e-04, 3.21295559e-02,
       -9.74269278e-05, 9.99483705e-01 ]
K2: !!opencv-matrix
   rows: 3
   cols: 3
   dt: d
   data: [ 3.6684495620748953e+02, 0., 3.7586764757372902e+02, 0.,
       3.6714722400637692e+02, 2.2165240635390552e+02, 0., 0., 1. ]
D2: !!opencv-matrix
   rows: 5
   cols: 1
   dt: d
   data: [ -2.2125888778928394e-02, -1.1613594850445373e-03,
       2.4824541603873712e-04, -1.2117770058109102e-04,
       4.8874862320422683e-04 ]
P2: !!opencv-matrix
   rows: 3
   cols: 4
   dt: f
   data: [ 3.57378387e+02, 0., 4.02444244e+02, -6.36584297e+04, 0.,
       3.57378387e+02, 2.24579941e+02, 0., 0., 0., 1., 0. ]
R2: !!opencv-matrix
   rows: 3
   cols: 3
   dt: f
   data: [ 9.99465287e-01, 2.05970253e-03, -3.26332115e-02,
       -2.06900318e-03, 9.99997854e-01, -2.51239748e-04, 3.26326229e-02,
       3.18623614e-04, 9.99467373e-01 ]
