%YAML:1.0
---
Q: !!opencv-matrix
   rows: 4
   cols: 4
   dt: f
   data: [ 1., 0., 0., -3.88718628e+02, 0., 1., 0., -2.24576111e+02, 0.,
       0., 0., 3.57771484e+02, 0., 0., 5.60718635e-03, 0. ]
R: !!opencv-matrix
   rows: 3
   cols: 3
   dt: d
   data: [ 9.9945349493185520e-01, 1.0094885855823145e-02,
       1.3801826233137838e-03, -9.9671043440654021e-03,
       1.0000263191090302e+00, 7.6369104841099737e-04,
       -1.5432770421216649e-03, -3.3240511958340999e-04,
       1.0003964049838372e+00 ]
T: !!opencv-matrix
   rows: 3
   cols: 1
   dt: d
   data: [ -1.7831640340270363e+02, -1.4792111111973381e+00,
       9.7366967809480387e-01 ]
E: !!opencv-matrix
   rows: 0
   cols: 0
   dt: u
   data: []
F: !!opencv-matrix
   rows: 0
   cols: 0
   dt: u
   data: []
K1: !!opencv-matrix
   rows: 3
   cols: 3
   dt: d
   data: [ 3.6619442195486482e+02, 0., 3.7800900657017900e+02, 0.,
       3.6631176586975289e+02, 2.2959692910978347e+02, 0., 0., 1. ]
D1: !!opencv-matrix
   rows: 5
   cols: 1
   dt: d
   data: [ -2.1502618721754269e-02, -1.2951184946942121e-03,
       -3.4127852927748451e-04, 2.7086966768530415e-04,
       4.7803342796299170e-04 ]
P1: !!opencv-matrix
   rows: 3
   cols: 4
   dt: f
   data: [ 3.57771484e+02, 0., 3.88718628e+02, 0., 0., 3.57771484e+02,
       2.24576111e+02, 0., 0., 0., 1., 0. ]
R1: !!opencv-matrix
   rows: 3
   cols: 3
   dt: f
   data: [ 9.99668956e-01, 2.13591103e-02, -1.43433008e-02,
       -2.13558991e-02, 9.99771893e-01, 3.77048913e-04, 1.43480813e-02,
       -7.06100327e-05, 9.99897063e-01 ]
K2: !!opencv-matrix
   rows: 3
   cols: 3
   dt: d
   data: [ 3.6684495620748953e+02, 0., 3.7586764757372902e+02, 0.,
       3.6714722400637692e+02, 2.2165240635390552e+02, 0., 0., 1. ]
D2: !!opencv-matrix
   rows: 5
   cols: 1
   dt: d
   data: [ -2.2125888778928394e-02, -1.1613594850445373e-03,
       2.4824541603873712e-04, -1.2117770058109102e-04,
       4.8874862320422683e-04 ]
P2: !!opencv-matrix
   rows: 3
   cols: 4
   dt: f
   data: [ 3.57771484e+02, 0., 3.88718628e+02, -6.38058828e+04, 0.,
       3.57771484e+02, 2.24576111e+02, 0., 0., 0., 1., 0. ]
R2: !!opencv-matrix
   rows: 3
   cols: 3
   dt: f
   data: [ 9.99812603e-01, 1.12813041e-02, -1.57313012e-02,
       -1.12848254e-02, 9.99936342e-01, -1.35087685e-04, 1.57287754e-02,
       3.12587334e-04, 9.99876261e-01 ]
