%YAML:1.0
---
Q: !!opencv-matrix
   rows: 4
   cols: 4
   dt: f
   data: [ 1., 0., 0., -4.09955383e+02, 0., 1., 0., -2.24400650e+02, 0.,
       0., 0., 3.57908875e+02, 0., 0., 5.65986848e-03, 0. ]
R: !!opencv-matrix
   rows: 3
   cols: 3
   dt: d
   data: [ 9.9961144571018612e-01, 9.9182987601076217e-03,
       7.2644483330917841e-04, -9.8568520651921374e-03,
       1.0008909393557301e+00, 9.2050788249414719e-04,
       -8.0270118657269410e-04, 5.5904421782893258e-05,
       1.0000771907857398e+00 ]
T: !!opencv-matrix
   rows: 3
   cols: 1
   dt: d
   data: [ -1.7673828061546470e+02, -1.1017990497586592e+00,
       5.9261547765324405e+00 ]
E: !!opencv-matrix
   rows: 0
   cols: 0
   dt: u
   data: []
F: !!opencv-matrix
   rows: 0
   cols: 0
   dt: u
   data: []
K1: !!opencv-matrix
   rows: 3
   cols: 3
   dt: d
   data: [ 3.6619442195486482e+02, 0., 3.7800900657017900e+02, 0.,
       3.6631176586975289e+02, 2.2959692910978347e+02, 0., 0., 1. ]
D1: !!opencv-matrix
   rows: 5
   cols: 1
   dt: d
   data: [ -2.1502618721754269e-02, -1.2951184946942121e-03,
       -3.4127852927748451e-04, 2.7086966768530415e-04,
       4.7803342796299170e-04 ]
P1: !!opencv-matrix
   rows: 3
   cols: 4
   dt: f
   data: [ 3.57908875e+02, 0., 4.09955383e+02, 0., 0., 3.57908875e+02,
       2.24400650e+02, 0., 0., 0., 1., 0. ]
R1: !!opencv-matrix
   rows: 3
   cols: 3
   dt: f
   data: [ 9.98980761e-01, 1.72621589e-02, -4.17072736e-02,
       -1.72568448e-02, 9.99850988e-01, 4.87438258e-04, 4.17094715e-02,
       2.32794526e-04, 9.99129772e-01 ]
K2: !!opencv-matrix
   rows: 3
   cols: 3
   dt: d
   data: [ 3.6684495620748953e+02, 0., 3.7586764757372902e+02, 0.,
       3.6714722400637692e+02, 2.2165240635390552e+02, 0., 0., 1. ]
D2: !!opencv-matrix
   rows: 5
   cols: 1
   dt: d
   data: [ -2.2125888778928394e-02, -1.1613594850445373e-03,
       2.4824541603873712e-04, -1.2117770058109102e-04,
       4.8874862320422683e-04 ]
P2: !!opencv-matrix
   rows: 3
   cols: 4
   dt: f
   data: [ 3.57908875e+02, 0., 4.09955383e+02, -6.32362539e+04, 0.,
       3.57908875e+02, 2.24400650e+02, 0., 0., 0., 1., 0. ]
R2: !!opencv-matrix
   rows: 3
   cols: 3
   dt: f
   data: [ 9.99075532e-01, 7.36442814e-03, -4.23544236e-02,
       -7.36982329e-03, 9.99972820e-01, 2.87607236e-05, 4.23534848e-02,
       2.83410482e-04, 9.99102652e-01 ]
