%YAML:1.0
---
Q: !!opencv-matrix
   rows: 4
   cols: 4
   dt: f
   data: [ 1., 0., 0., -4.16833374e+02, 0., 1., 0., -2.24090942e+02, 0.,
       0., 0., 3.58926819e+02, 0., 0., 5.59520675e-03, 0. ]
R: !!opencv-matrix
   rows: 3
   cols: 3
   dt: d
   data: [ 9.9993748805706617e-01, 1.0051706569506364e-02,
       4.9383216239914820e-04, -1.0128901932952666e-02,
       1.0016009885431041e+00, 1.1104987405974726e-03,
       -4.0018601994406254e-04, -6.3344733687623110e-04,
       9.9972729162392227e-01 ]
T: !!opencv-matrix
   rows: 3
   cols: 1
   dt: d
   data: [ -1.7840846477934352e+02, -2.5422561341255356e+00,
       9.0997591424901554e+00 ]
E: !!opencv-matrix
   rows: 0
   cols: 0
   dt: u
   data: []
F: !!opencv-matrix
   rows: 0
   cols: 0
   dt: u
   data: []
K1: !!opencv-matrix
   rows: 3
   cols: 3
   dt: d
   data: [ 3.6619442195486482e+02, 0., 3.7800900657017900e+02, 0.,
       3.6631176586975289e+02, 2.2959692910978347e+02, 0., 0., 1. ]
D1: !!opencv-matrix
   rows: 5
   cols: 1
   dt: d
   data: [ -2.1502618721754269e-02, -1.2951184946942121e-03,
       -3.4127852927748451e-04, 2.7086966768530415e-04,
       4.7803342796299170e-04 ]
P1: !!opencv-matrix
   rows: 3
   cols: 4
   dt: f
   data: [ 3.58926819e+02, 0., 4.16833374e+02, 0., 0., 3.58926819e+02,
       2.24090942e+02, 0., 0., 0., 1., 0. ]
R1: !!opencv-matrix
   rows: 3
   cols: 3
   dt: f
   data: [ 9.98384595e-01, 2.57280711e-02, -5.06578833e-02,
       -2.57110354e-02, 9.99668956e-01, 9.88018932e-04, 5.06665297e-02,
       3.16043675e-04, 9.98715580e-01 ]
K2: !!opencv-matrix
   rows: 3
   cols: 3
   dt: d
   data: [ 3.6684495620748953e+02, 0., 3.7586764757372902e+02, 0.,
       3.6714722400637692e+02, 2.2165240635390552e+02, 0., 0., 1. ]
D2: !!opencv-matrix
   rows: 5
   cols: 1
   dt: d
   data: [ -2.2125888778928394e-02, -1.1613594850445373e-03,
       2.4824541603873712e-04, -1.2117770058109102e-04,
       4.8874862320422683e-04 ]
P2: !!opencv-matrix
   rows: 3
   cols: 4
   dt: f
   data: [ 3.58926819e+02, 0., 4.16833374e+02, -6.41489844e+04, 0.,
       3.58926819e+02, 2.24090942e+02, 0., 0., 0., 1., 0. ]
R2: !!opencv-matrix
   rows: 3
   cols: 3
   dt: f
   data: [ 9.98569667e-01, 1.55997844e-02, -5.11399955e-02,
       -1.56169794e-02, 9.99878049e-01, 6.33682357e-05, 5.11347465e-02,
       7.35374633e-04, 9.98691499e-01 ]
