%YAML:1.0
---
Q: !!opencv-matrix
   rows: 4
   cols: 4
   dt: f
   data: [ 1., 0., 0., -3.92547729e+02, 0., 1., 0., -2.24580017e+02, 0.,
       0., 0., 3.57670319e+02, 0., 0., 5.67222573e-03, 0. ]
R: !!opencv-matrix
   rows: 3
   cols: 3
   dt: d
   data: [ 9.9985256295107983e-01, 9.7521585456424014e-03,
       7.1790888015509937e-04, -9.8065401144728833e-03,
       1.0001250500014316e+00, 7.5385347819959328e-04,
       -8.6649280433879388e-04, -7.8003727176441352e-04,
       1.0001326049914334e+00 ]
T: !!opencv-matrix
   rows: 3
   cols: 1
   dt: d
   data: [ -1.7640447425498030e+02, -1.1005639036190322e+00,
       3.4709247263352081e+00 ]
E: !!opencv-matrix
   rows: 0
   cols: 0
   dt: u
   data: []
F: !!opencv-matrix
   rows: 0
   cols: 0
   dt: u
   data: []
K1: !!opencv-matrix
   rows: 3
   cols: 3
   dt: d
   data: [ 3.6619442195486482e+02, 0., 3.7800900657017900e+02, 0.,
       3.6631176586975289e+02, 2.2959692910978347e+02, 0., 0., 1. ]
D1: !!opencv-matrix
   rows: 5
   cols: 1
   dt: d
   data: [ -2.1502618721754269e-02, -1.2951184946942121e-03,
       -3.4127852927748451e-04, 2.7086966768530415e-04,
       4.7803342796299170e-04 ]
P1: !!opencv-matrix
   rows: 3
   cols: 4
   dt: f
   data: [ 3.57670319e+02, 0., 3.92547729e+02, 0., 0., 3.57670319e+02,
       2.24580017e+02, 0., 0., 0., 1., 0. ]
R1: !!opencv-matrix
   rows: 3
   cols: 3
   dt: f
   data: [ 9.99666035e-01, 1.69929136e-02, -1.94701776e-02,
       -1.69862062e-02, 9.99855578e-01, 5.09838981e-04, 1.94760300e-02,
       -1.78944232e-04, 9.99810278e-01 ]
K2: !!opencv-matrix
   rows: 3
   cols: 3
   dt: d
   data: [ 3.6684495620748953e+02, 0., 3.7586764757372902e+02, 0.,
       3.6714722400637692e+02, 2.2165240635390552e+02, 0., 0., 1. ]
D2: !!opencv-matrix
   rows: 5
   cols: 1
   dt: d
   data: [ -2.2125888778928394e-02, -1.1613594850445373e-03,
       2.4824541603873712e-04, -1.2117770058109102e-04,
       4.8874862320422683e-04 ]
P2: !!opencv-matrix
   rows: 3
   cols: 4
   dt: f
   data: [ 3.57670319e+02, 0., 3.92547729e+02, -6.30564336e+04, 0.,
       3.57670319e+02, 2.24580017e+02, 0., 0., 0., 1., 0. ]
R2: !!opencv-matrix
   rows: 3
   cols: 3
   dt: f
   data: [ 9.99769330e-01, 7.20194820e-03, -2.02351939e-02,
       -7.20891776e-03, 9.99973953e-01, -2.71494879e-04, 2.02327128e-02,
       4.17306117e-04, 9.99795198e-01 ]
