%YAML:1.0
---
Q: !!opencv-matrix
   rows: 4
   cols: 4
   dt: f
   data: [ 1., 0., 0., -4.12701111e+02, 0., 1., 0., -2.24381561e+02, 0.,
       0., 0., 3.57883820e+02, 0., 0., 5.65759325e-03, 0. ]
R: !!opencv-matrix
   rows: 3
   cols: 3
   dt: d
   data: [ 9.9990809391758995e-01, 9.9259521986806345e-03,
       7.1591309621503246e-04, -9.8608738809258210e-03,
       1.0011585201823749e+00, 1.0448246035185194e-03,
       -5.7371941704741753e-04, 1.1179141346046374e-04,
       9.9979297786861931e-01 ]
T: !!opencv-matrix
   rows: 3
   cols: 1
   dt: d
   data: [ -1.7651920955231049e+02, -1.3011659616429081e+00,
       7.4832876138619175e+00 ]
E: !!opencv-matrix
   rows: 0
   cols: 0
   dt: u
   data: []
F: !!opencv-matrix
   rows: 0
   cols: 0
   dt: u
   data: []
K1: !!opencv-matrix
   rows: 3
   cols: 3
   dt: d
   data: [ 3.6619442195486482e+02, 0., 3.7800900657017900e+02, 0.,
       3.6631176586975289e+02, 2.2959692910978347e+02, 0., 0., 1. ]
D1: !!opencv-matrix
   rows: 5
   cols: 1
   dt: d
   data: [ -2.1502618721754269e-02, -1.2951184946942121e-03,
       -3.4127852927748451e-04, 2.7086966768530415e-04,
       4.7803342796299170e-04 ]
P1: !!opencv-matrix
   rows: 3
   cols: 4
   dt: f
   data: [ 3.57883820e+02, 0., 4.12701111e+02, 0., 0., 3.57883820e+02,
       2.24381561e+02, 0., 0., 0., 1., 0. ]
R1: !!opencv-matrix
   rows: 3
   cols: 3
   dt: f
   data: [ 9.98837233e-01, 1.68132987e-02, -4.51827049e-02,
       -1.68070309e-02, 9.99858618e-01, 5.18618966e-04, 4.51850370e-02,
       2.41371265e-04, 9.98978615e-01 ]
K2: !!opencv-matrix
   rows: 3
   cols: 3
   dt: d
   data: [ 3.6684495620748953e+02, 0., 3.7586764757372902e+02, 0.,
       3.6714722400637692e+02, 2.2165240635390552e+02, 0., 0., 1. ]
D2: !!opencv-matrix
   rows: 5
   cols: 1
   dt: d
   data: [ -2.2125888778928394e-02, -1.1613594850445373e-03,
       2.4824541603873712e-04, -1.2117770058109102e-04,
       4.8874862320422683e-04 ]
P2: !!opencv-matrix
   rows: 3
   cols: 4
   dt: f
   data: [ 3.57883820e+02, 0., 4.12701111e+02, -6.32572539e+04, 0.,
       3.57883820e+02, 2.24381561e+02, 0., 0., 0., 1., 0. ]
R2: !!opencv-matrix
   rows: 3
   cols: 3
   dt: f
   data: [ 9.98925388e-01, 6.93849102e-03, -4.58245426e-02,
       -6.94484683e-03, 9.99975860e-01, 2.05063407e-05, 4.58235815e-02,
       2.97760125e-04, 9.98949528e-01 ]
