%YAML:1.0
---
Q: !!opencv-matrix
   rows: 4
   cols: 4
   dt: f
   data: [ 1., 0., 0., -3.89750610e+02, 0., 1., 0., -2.24575470e+02, 0.,
       0., 0., 3.57758331e+02, 0., 0., 5.56025095e-03, 0. ]
R: !!opencv-matrix
   rows: 3
   cols: 3
   dt: d
   data: [ 1.0001920966861300e+00, 9.9887618394859552e-03,
       1.1333115181691009e-03, -9.9896037662277597e-03,
       1.0002406824678096e+00, 6.9592546755469018e-04,
       -9.3032657866355705e-04, -8.3325321190535399e-04,
       9.9979145934352642e-01 ]
T: !!opencv-matrix
   rows: 3
   cols: 1
   dt: d
   data: [ -1.7957194696622452e+02, -1.7952532835801140e+00,
       3.4585829729683844e+00 ]
E: !!opencv-matrix
   rows: 0
   cols: 0
   dt: u
   data: []
F: !!opencv-matrix
   rows: 0
   cols: 0
   dt: u
   data: []
K1: !!opencv-matrix
   rows: 3
   cols: 3
   dt: d
   data: [ 3.6619442195486482e+02, 0., 3.7800900657017900e+02, 0.,
       3.6631176586975289e+02, 2.2959692910978347e+02, 0., 0., 1. ]
D1: !!opencv-matrix
   rows: 5
   cols: 1
   dt: d
   data: [ -2.1502618721754269e-02, -1.2951184946942121e-03,
       -3.4127852927748451e-04, 2.7086966768530415e-04,
       4.7803342796299170e-04 ]
P1: !!opencv-matrix
   rows: 3
   cols: 4
   dt: f
   data: [ 3.57758331e+02, 0., 3.89750610e+02, 0., 0., 3.57758331e+02,
       2.24575470e+02, 0., 0., 0., 1., 0. ]
R1: !!opencv-matrix
   rows: 3
   cols: 3
   dt: f
   data: [ 9.99672592e-01, 2.01429557e-02, -1.57790650e-02,
       -2.01389715e-02, 9.99797106e-01, 4.11432673e-04, 1.57841500e-02,
       -9.35238349e-05, 9.99875426e-01 ]
K2: !!opencv-matrix
   rows: 3
   cols: 3
   dt: d
   data: [ 3.6684495620748953e+02, 0., 3.7586764757372902e+02, 0.,
       3.6714722400637692e+02, 2.2165240635390552e+02, 0., 0., 1. ]
D2: !!opencv-matrix
   rows: 5
   cols: 1
   dt: d
   data: [ -2.2125888778928394e-02, -1.1613594850445373e-03,
       2.4824541603873712e-04, -1.2117770058109102e-04,
       4.8874862320422683e-04 ]
P2: !!opencv-matrix
   rows: 3
   cols: 4
   dt: f
   data: [ 3.57758331e+02, 0., 3.89750610e+02, -6.43421172e+04, 0.,
       3.57758331e+02, 2.24575470e+02, 0., 0., 0., 1., 0. ]
R2: !!opencv-matrix
   rows: 3
   cols: 3
   dt: f
   data: [ 9.99805927e-01, 1.01399599e-02, -1.68903600e-02,
       -1.01442244e-02, 9.99948561e-01, -1.66833066e-04, 1.68877989e-02,
       3.38140293e-04, 9.99857306e-01 ]
