%YAML:1.0
---
Q: !!opencv-matrix
   rows: 4
   cols: 4
   dt: f
   data: [ 1., 0., 0., -3.84287384e+02, 0., 1., 0., -2.24652573e+02, 0.,
       0., 0., 3.57097656e+02, 0., 0., 5.61797433e-03, 0. ]
R: !!opencv-matrix
   rows: 3
   cols: 3
   dt: d
   data: [ 1.0003819957285138e+00, 9.9334090037367165e-03,
       1.1725070847888846e-03, -9.9343575640385706e-03,
       1.0004015906294195e+00, 9.7702669563649999e-04,
       -1.0832488999621976e-03, -7.6910333032175360e-04,
       9.9961973234491075e-01 ]
T: !!opencv-matrix
   rows: 3
   cols: 1
   dt: d
   data: [ -1.7827751433705927e+02, -2.1235568169594221e+00,
       3.8554670944986240e+00 ]
E: !!opencv-matrix
   rows: 0
   cols: 0
   dt: u
   data: []
F: !!opencv-matrix
   rows: 0
   cols: 0
   dt: u
   data: []
K1: !!opencv-matrix
   rows: 3
   cols: 3
   dt: d
   data: [ 3.6619442195486482e+02, 0., 3.7800900657017900e+02, 0.,
       3.6631176586975289e+02, 2.2959692910978347e+02, 0., 0., 1. ]
D1: !!opencv-matrix
   rows: 5
   cols: 1
   dt: d
   data: [ -2.1502618721754269e-02, -1.2951184946942121e-03,
       -3.4127852927748451e-04, 2.7086966768530415e-04,
       4.7803342796299170e-04 ]
P1: !!opencv-matrix
   rows: 3
   cols: 4
   dt: f
   data: [ 3.57097656e+02, 0., 3.84287384e+02, 0., 0., 3.57097656e+02,
       2.24652573e+02, 0., 0., 0., 1., 0. ]
R1: !!opencv-matrix
   rows: 3
   cols: 3
   dt: f
   data: [ 9.99811649e-01, 1.73529740e-02, -8.69153067e-03,
       -1.73483528e-02, 9.99849319e-01, 6.06863352e-04, 8.70075263e-03,
       -4.55965288e-04, 9.99962032e-01 ]
K2: !!opencv-matrix
   rows: 3
   cols: 3
   dt: d
   data: [ 3.6684495620748953e+02, 0., 3.7586764757372902e+02, 0.,
       3.6714722400637692e+02, 2.2165240635390552e+02, 0., 0., 1. ]
D2: !!opencv-matrix
   rows: 5
   cols: 1
   dt: d
   data: [ -2.2125888778928394e-02, -1.1613594850445373e-03,
       2.4824541603873712e-04, -1.2117770058109102e-04,
       4.8874862320422683e-04 ]
P2: !!opencv-matrix
   rows: 3
   cols: 4
   dt: f
   data: [ 3.57097656e+02, 0., 3.84287384e+02, -6.35634219e+04, 0.,
       3.57097656e+02, 2.24652573e+02, 0., 0., 0., 1., 0. ]
R2: !!opencv-matrix
   rows: 3
   cols: 3
   dt: f
   data: [ 9.99923289e-01, 7.44836684e-03, -9.89391748e-03,
       -7.45362369e-03, 9.99972105e-01, -4.94575361e-04, 9.88995843e-03,
       5.68282965e-04, 9.99950945e-01 ]
