%YAML:1.0
---
Q: !!opencv-matrix
   rows: 4
   cols: 4
   dt: f
   data: [ 1., 0., 0., -4.05981049e+02, 0., 1., 0., -2.24076920e+02, 0.,
       0., 0., 3.59706879e+02, 0., 0., 5.58913825e-03, 0. ]
R: !!opencv-matrix
   rows: 3
   cols: 3
   dt: d
   data: [ 9.9963752702946651e-01, 1.0168112133383264e-02,
       6.2915710175325099e-04, -9.9729749528671766e-03,
       1.0009223266886711e+00, 1.8119979952664399e-03,
       -6.5418452211744480e-04, 2.9223590582960328e-04,
       1.0001180047845595e+00 ]
T: !!opencv-matrix
   rows: 3
   cols: 1
   dt: d
   data: [ -1.7903699660309451e+02, -4.0329365484674753e+00,
       5.7310119822000747e+00 ]
E: !!opencv-matrix
   rows: 0
   cols: 0
   dt: u
   data: []
F: !!opencv-matrix
   rows: 0
   cols: 0
   dt: u
   data: []
K1: !!opencv-matrix
   rows: 3
   cols: 3
   dt: d
   data: [ 3.6619442195486482e+02, 0., 3.7800900657017900e+02, 0.,
       3.6631176586975289e+02, 2.2959692910978347e+02, 0., 0., 1. ]
D1: !!opencv-matrix
   rows: 5
   cols: 1
   dt: d
   data: [ -2.1502618721754269e-02, -1.2951184946942121e-03,
       -3.4127852927748451e-04, 2.7086966768530415e-04,
       4.7803342796299170e-04 ]
P1: !!opencv-matrix
   rows: 3
   cols: 4
   dt: f
   data: [ 3.59706879e+02, 0., 4.05981049e+02, 0., 0., 3.59706879e+02,
       2.24076920e+02, 0., 0., 0., 1., 0. ]
R1: !!opencv-matrix
   rows: 3
   cols: 3
   dt: f
   data: [ 9.98700976e-01, 3.49868312e-02, -3.70437354e-02,
       -3.49773616e-02, 9.99387681e-01, 9.03875160e-04, 3.70526761e-02,
       3.92991089e-04, 9.99313235e-01 ]
K2: !!opencv-matrix
   rows: 3
   cols: 3
   dt: d
   data: [ 3.6684495620748953e+02, 0., 3.7586764757372902e+02, 0.,
       3.6714722400637692e+02, 2.2165240635390552e+02, 0., 0., 1. ]
D2: !!opencv-matrix
   rows: 5
   cols: 1
   dt: d
   data: [ -2.2125888778928394e-02, -1.1613594850445373e-03,
       2.4824541603873712e-04, -1.2117770058109102e-04,
       4.8874862320422683e-04 ]
P2: !!opencv-matrix
   rows: 3
   cols: 4
   dt: f
   data: [ 3.59706879e+02, 0., 4.05981049e+02, -6.43581953e+04, 0.,
       3.59706879e+02, 2.24076920e+02, 0., 0., 0., 1., 0. ]
R2: !!opencv-matrix
   rows: 3
   cols: 3
   dt: f
   data: [ 9.98982787e-01, 2.48968396e-02, -3.75964306e-02,
       -2.49064472e-02, 9.99689758e-01, 2.12844971e-04, 3.75900641e-02,
       7.23764999e-04, 9.99292970e-01 ]
