%YAML:1.0
---
Q: !!opencv-matrix
   rows: 4
   cols: 4
   dt: f
   data: [ 1., 0., 0., -3.90285828e+02, 0., 1., 0., -2.24597977e+02, 0.,
       0., 0., 3.57767181e+02, 0., 0., 5.55875432e-03, 0. ]
R: !!opencv-matrix
   rows: 3
   cols: 3
   dt: d
   data: [ 9.9956999347737963e-01, 1.0065653595756887e-02,
       1.1933334938483340e-03, -9.8916579173852770e-03,
       9.9991136401075797e-01, 5.7876783838067987e-04,
       -1.3340830238210779e-03, -2.7235707484298395e-04,
       1.0003135791420792e+00 ]
T: !!opencv-matrix
   rows: 3
   cols: 1
   dt: d
   data: [ -1.8033941244519386e+02, -6.6958435394995641e-01,
       1.2963088839438122e+00 ]
E: !!opencv-matrix
   rows: 0
   cols: 0
   dt: u
   data: []
F: !!opencv-matrix
   rows: 0
   cols: 0
   dt: u
   data: []
K1: !!opencv-matrix
   rows: 3
   cols: 3
   dt: d
   data: [ 3.6619442195486482e+02, 0., 3.7800900657017900e+02, 0.,
       3.6631176586975289e+02, 2.2959692910978347e+02, 0., 0., 1. ]
D1: !!opencv-matrix
   rows: 5
   cols: 1
   dt: d
   data: [ -2.1502618721754269e-02, -1.2951184946942121e-03,
       -3.4127852927748451e-04, 2.7086966768530415e-04,
       4.7803342796299170e-04 ]
P1: !!opencv-matrix
   rows: 3
   cols: 4
   dt: f
   data: [ 3.57767181e+02, 0., 3.90285828e+02, 0., 0., 3.57767181e+02,
       2.24597977e+02, 0., 0., 0., 1., 0. ]
R1: !!opencv-matrix
   rows: 3
   cols: 3
   dt: f
   data: [ 9.99713957e-01, 1.73920840e-02, -1.64184459e-02,
       -1.73880346e-02, 9.99848723e-01, 3.89326538e-04, 1.64227337e-02,
       -1.03730657e-04, 9.99865115e-01 ]
K2: !!opencv-matrix
   rows: 3
   cols: 3
   dt: d
   data: [ 3.6684495620748953e+02, 0., 3.7586764757372902e+02, 0.,
       3.6714722400637692e+02, 2.2165240635390552e+02, 0., 0., 1. ]
D2: !!opencv-matrix
   rows: 5
   cols: 1
   dt: d
   data: [ -2.2125888778928394e-02, -1.1613594850445373e-03,
       2.4824541603873712e-04, -1.2117770058109102e-04,
       4.8874862320422683e-04 ]
P2: !!opencv-matrix
   rows: 3
   cols: 4
   dt: f
   data: [ 3.57767181e+02, 0., 3.90285828e+02, -6.43610352e+04, 0.,
       3.57767181e+02, 2.24597977e+02, 0., 0., 0., 1., 0. ]
R2: !!opencv-matrix
   rows: 3
   cols: 3
   dt: f
   data: [ 9.99819160e-01, 7.40897469e-03, -1.75156277e-02,
       -7.41329324e-03, 9.99972522e-01, -1.81627271e-04, 1.75138004e-02,
       3.11442884e-04, 9.99846578e-01 ]
