%YAML:1.0
---
Q: !!opencv-matrix
   rows: 4
   cols: 4
   dt: f
   data: [ 1., 0., 0., -4.03812592e+02, 0., 1., 0., -2.24377777e+02, 0.,
       0., 0., 3.58258087e+02, 0., 0., 5.60903782e-03, 0. ]
R: !!opencv-matrix
   rows: 3
   cols: 3
   dt: d
   data: [ 9.9951831673845981e-01, 1.0061701869058306e-02,
       4.8833886421760866e-04, -9.8486678552814674e-03,
       1.0008200912065588e+00, 1.0900718844272731e-03,
       -5.5699686753374127e-04, -5.2808202272343124e-04,
       1.0002606862636358e+00 ]
T: !!opencv-matrix
   rows: 3
   cols: 1
   dt: d
   data: [ -1.7815087138017736e+02, -1.8621795638313206e+00,
       5.8573319051432495e+00 ]
E: !!opencv-matrix
   rows: 0
   cols: 0
   dt: u
   data: []
F: !!opencv-matrix
   rows: 0
   cols: 0
   dt: u
   data: []
K1: !!opencv-matrix
   rows: 3
   cols: 3
   dt: d
   data: [ 3.6619442195486482e+02, 0., 3.7800900657017900e+02, 0.,
       3.6631176586975289e+02, 2.2959692910978347e+02, 0., 0., 1. ]
D1: !!opencv-matrix
   rows: 5
   cols: 1
   dt: d
   data: [ -2.1502618721754269e-02, -1.2951184946942121e-03,
       -3.4127852927748451e-04, 2.7086966768530415e-04,
       4.7803342796299170e-04 ]
P1: !!opencv-matrix
   rows: 3
   cols: 4
   dt: f
   data: [ 3.58258087e+02, 0., 4.03812592e+02, 0., 0., 3.58258087e+02,
       2.24377777e+02, 0., 0., 0., 1., 0. ]
R1: !!opencv-matrix
   rows: 3
   cols: 3
   dt: f
   data: [ 9.99181330e-01, 2.18520295e-02, -3.40457074e-02,
       -2.18392648e-02, 9.99761224e-01, 7.46804813e-04, 3.40538956e-02,
       -2.66024608e-06, 9.99419987e-01 ]
K2: !!opencv-matrix
   rows: 3
   cols: 3
   dt: d
   data: [ 3.6684495620748953e+02, 0., 3.7586764757372902e+02, 0.,
       3.6714722400637692e+02, 2.2165240635390552e+02, 0., 0., 1. ]
D2: !!opencv-matrix
   rows: 5
   cols: 1
   dt: d
   data: [ -2.2125888778928394e-02, -1.1613594850445373e-03,
       2.4824541603873712e-04, -1.2117770058109102e-04,
       4.8874862320422683e-04 ]
P2: !!opencv-matrix
   rows: 3
   cols: 4
   dt: f
   data: [ 3.58258087e+02, 0., 4.03812592e+02, -6.38715781e+04, 0.,
       3.58258087e+02, 2.24377777e+02, 0., 0., 0., 1., 0. ]
R2: !!opencv-matrix
   rows: 3
   cols: 3
   dt: f
   data: [ 9.99331534e-01, 1.18727582e-02, -3.45759802e-02,
       -1.18857184e-02, 9.99929368e-01, -1.69323015e-04, 3.45715284e-02,
       5.80170192e-04, 9.99402046e-01 ]
