%YAML:1.0
---
Q: !!opencv-matrix
   rows: 4
   cols: 4
   dt: f
   data: [ 1., 0., 0., -3.83770050e+02, 0., 1., 0., -2.24666153e+02, 0.,
       0., 0., 3.56949646e+02, 0., 0., 5.50505426e-03, 0. ]
R: !!opencv-matrix
   rows: 3
   cols: 3
   dt: d
   data: [ 9.9987959528437453e-01, 1.0042874678675756e-02,
       1.2943580886087699e-03, -9.8443912631509013e-03,
       9.9999931722923696e-01, 6.7801344865043548e-04,
       -1.3370838964239825e-03, -4.0351304109878847e-04,
       1.0000390259777763e+00 ]
T: !!opencv-matrix
   rows: 3
   cols: 1
   dt: d
   data: [ -1.8152836976206564e+02, -1.0763438164333263e+00,
       2.1707499307153806e+00 ]
E: !!opencv-matrix
   rows: 0
   cols: 0
   dt: u
   data: []
F: !!opencv-matrix
   rows: 0
   cols: 0
   dt: u
   data: []
K1: !!opencv-matrix
   rows: 3
   cols: 3
   dt: d
   data: [ 3.6619442195486482e+02, 0., 3.7800900657017900e+02, 0.,
       3.6631176586975289e+02, 2.2959692910978347e+02, 0., 0., 1. ]
D1: !!opencv-matrix
   rows: 5
   cols: 1
   dt: d
   data: [ -2.1502618721754269e-02, -1.2951184946942121e-03,
       -3.4127852927748451e-04, 2.7086966768530415e-04,
       4.7803342796299170e-04 ]
P1: !!opencv-matrix
   rows: 3
   cols: 4
   dt: f
   data: [ 3.56949646e+02, 0., 3.83770050e+02, 0., 0., 3.56949646e+02,
       2.24666153e+02, 0., 0., 0., 1., 0. ]
R1: !!opencv-matrix
   rows: 3
   cols: 3
   dt: f
   data: [ 9.99841571e-01, 1.59403645e-02, -7.92041048e-03,
       -1.59386285e-02, 9.99872923e-01, 2.82458117e-04, 7.92390667e-03,
       -1.56172900e-04, 9.99968588e-01 ]
K2: !!opencv-matrix
   rows: 3
   cols: 3
   dt: d
   data: [ 3.6684495620748953e+02, 0., 3.7586764757372902e+02, 0.,
       3.6714722400637692e+02, 2.2165240635390552e+02, 0., 0., 1. ]
D2: !!opencv-matrix
   rows: 5
   cols: 1
   dt: d
   data: [ -2.2125888778928394e-02, -1.1613594850445373e-03,
       2.4824541603873712e-04, -1.2117770058109102e-04,
       4.8874862320422683e-04 ]
P2: !!opencv-matrix
   rows: 3
   cols: 4
   dt: f
   data: [ 3.56949646e+02, 0., 3.83770050e+02, -6.48403477e+04, 0.,
       3.56949646e+02, 2.24666153e+02, 0., 0., 0., 1., 0. ]
R2: !!opencv-matrix
   rows: 3
   cols: 3
   dt: f
   data: [ 9.99939203e-01, 5.95058827e-03, -9.28604603e-03,
       -5.95262507e-03, 9.99982238e-01, -1.91688523e-04, 9.28474125e-03,
       2.46953219e-04, 9.99956846e-01 ]
