%YAML:1.0
---
Q: !!opencv-matrix
   rows: 4
   cols: 4
   dt: f
   data: [ 1., 0., 0., -4.02919189e+02, 0., 1., 0., -2.24522598e+02, 0.,
       0., 0., 3.57615540e+02, 0., 0., 5.68909617e-03, 0. ]
R: !!opencv-matrix
   rows: 3
   cols: 3
   dt: d
   data: [ 1.0001679656688334e+00, 9.7296521378852346e-03,
       5.5539953199389136e-04, -9.7463908449211250e-03,
       1.0006683425548606e+00, 9.7887076950071397e-04,
       -4.6540690179043938e-04, -5.5743311614334047e-04,
       9.9975709947634006e-01 ]
T: !!opencv-matrix
   rows: 3
   cols: 1
   dt: d
   data: [ -1.7602189500845907e+02, -1.3907929294468271e+00,
       6.8120132733230072e+00 ]
E: !!opencv-matrix
   rows: 0
   cols: 0
   dt: u
   data: []
F: !!opencv-matrix
   rows: 0
   cols: 0
   dt: u
   data: []
K1: !!opencv-matrix
   rows: 3
   cols: 3
   dt: d
   data: [ 3.6619442195486482e+02, 0., 3.7800900657017900e+02, 0.,
       3.6631176586975289e+02, 2.2959692910978347e+02, 0., 0., 1. ]
D1: !!opencv-matrix
   rows: 5
   cols: 1
   dt: d
   data: [ -2.1502618721754269e-02, -1.2951184946942121e-03,
       -3.4127852927748451e-04, 2.7086966768530415e-04,
       4.7803342796299170e-04 ]
P1: !!opencv-matrix
   rows: 3
   cols: 4
   dt: f
   data: [ 3.57615540e+02, 0., 4.02919189e+02, 0., 0., 3.57615540e+02,
       2.24522598e+02, 0., 0., 0., 1., 0. ]
R1: !!opencv-matrix
   rows: 3
   cols: 3
   dt: f
   data: [ 9.99355137e-01, 1.46158664e-02, -3.27982195e-02,
       -1.46073503e-02, 9.99893188e-01, 4.99260845e-04, 3.28020118e-02,
       -1.98437829e-05, 9.99461889e-01 ]
K2: !!opencv-matrix
   rows: 3
   cols: 3
   dt: d
   data: [ 3.6684495620748953e+02, 0., 3.7586764757372902e+02, 0.,
       3.6714722400637692e+02, 2.2165240635390552e+02, 0., 0., 1. ]
D2: !!opencv-matrix
   rows: 5
   cols: 1
   dt: d
   data: [ -2.2125888778928394e-02, -1.1613594850445373e-03,
       2.4824541603873712e-04, -1.2117770058109102e-04,
       4.8874862320422683e-04 ]
P2: !!opencv-matrix
   rows: 3
   cols: 4
   dt: f
   data: [ 3.57615540e+02, 0., 4.02919189e+02, -6.28598125e+04, 0.,
       3.57615540e+02, 2.24522598e+02, 0., 0., 0., 1., 0. ]
R2: !!opencv-matrix
   rows: 3
   cols: 3
   dt: f
   data: [ 9.99433994e-01, 4.90891095e-03, -3.32802087e-02,
       -4.91755130e-03, 9.99987900e-01, -1.77779162e-04, 3.32789347e-02,
       3.41335690e-04, 9.99446034e-01 ]
