%YAML:1.0
---
Q: !!opencv-matrix
   rows: 4
   cols: 4
   dt: f
   data: [ 1., 0., 0., -3.93749786e+02, 0., 1., 0., -2.24481140e+02, 0.,
       0., 0., 3.58131897e+02, 0., 0., 5.52165182e-03, 0. ]
R: !!opencv-matrix
   rows: 3
   cols: 3
   dt: d
   data: [ 9.9991539992135581e-01, 1.0102697989890889e-02,
       1.1474037071475818e-03, -1.0030360790136712e-02,
       1.0004794982162657e+00, 1.2040806173238359e-03,
       -1.0330660099848966e-03, -1.4858423894849600e-04,
       9.9989302638927380e-01 ]
T: !!opencv-matrix
   rows: 3
   cols: 1
   dt: d
   data: [ -1.8082362589030470e+02, -2.4628569445873407e+00,
       4.3372576413782724e+00 ]
E: !!opencv-matrix
   rows: 0
   cols: 0
   dt: u
   data: []
F: !!opencv-matrix
   rows: 0
   cols: 0
   dt: u
   data: []
K1: !!opencv-matrix
   rows: 3
   cols: 3
   dt: d
   data: [ 3.6619442195486482e+02, 0., 3.7800900657017900e+02, 0.,
       3.6631176586975289e+02, 2.2959692910978347e+02, 0., 0., 1. ]
D1: !!opencv-matrix
   rows: 5
   cols: 1
   dt: d
   data: [ -2.1502618721754269e-02, -1.2951184946942121e-03,
       -3.4127852927748451e-04, 2.7086966768530415e-04,
       4.7803342796299170e-04 ]
P1: !!opencv-matrix
   rows: 3
   cols: 4
   dt: f
   data: [ 3.58131897e+02, 0., 3.93749786e+02, 0., 0., 3.58131897e+02,
       2.24481140e+02, 0., 0., 0., 1., 0. ]
R1: !!opencv-matrix
   rows: 3
   cols: 3
   dt: f
   data: [ 9.99490976e-01, 2.40727589e-02, -2.09355969e-02,
       -2.40672305e-02, 9.99710202e-01, 5.16024011e-04, 2.09419522e-02,
       -1.18995140e-05, 9.99780715e-01 ]
K2: !!opencv-matrix
   rows: 3
   cols: 3
   dt: d
   data: [ 3.6684495620748953e+02, 0., 3.7586764757372902e+02, 0.,
       3.6714722400637692e+02, 2.2165240635390552e+02, 0., 0., 1. ]
D2: !!opencv-matrix
   rows: 5
   cols: 1
   dt: d
   data: [ -2.2125888778928394e-02, -1.1613594850445373e-03,
       2.4824541603873712e-04, -1.2117770058109102e-04,
       4.8874862320422683e-04 ]
P2: !!opencv-matrix
   rows: 3
   cols: 4
   dt: f
   data: [ 3.58131897e+02, 0., 3.93749786e+02, -6.48595625e+04, 0.,
       3.58131897e+02, 2.24481140e+02, 0., 0., 0., 1., 0. ]
R2: !!opencv-matrix
   rows: 3
   cols: 3
   dt: f
   data: [ 9.99657691e-01, 1.39972437e-02, -2.21045855e-02,
       -1.40030794e-02, 9.99901950e-01, -1.09225337e-04, 2.21008901e-02,
       4.18720214e-04, 9.99755681e-01 ]
