%YAML:1.0
---
Q: !!opencv-matrix
   rows: 4
   cols: 4
   dt: f
   data: [ 1., 0., 0., -3.86335419e+02, 0., 1., 0., -2.24600555e+02, 0.,
       0., 0., 3.57743439e+02, 0., 0., 5.63993724e-03, 0. ]
R: !!opencv-matrix
   rows: 3
   cols: 3
   dt: d
   data: [ 9.9958502409308581e-01, 9.9972617263593341e-03,
       1.3398785286069252e-03, -9.9320092443862425e-03,
       1.0000777558918772e+00, 8.6534705084932468e-04,
       -1.5786805496280434e-03, -1.1212294118509716e-03,
       1.0002947242749305e+00 ]
T: !!opencv-matrix
   rows: 3
   cols: 1
   dt: d
   data: [ -1.7801409616984253e+02, -1.8448433295089111e+00,
       1.4351857699853776e+00 ]
E: !!opencv-matrix
   rows: 0
   cols: 0
   dt: u
   data: []
F: !!opencv-matrix
   rows: 0
   cols: 0
   dt: u
   data: []
K1: !!opencv-matrix
   rows: 3
   cols: 3
   dt: d
   data: [ 3.6619442195486482e+02, 0., 3.7800900657017900e+02, 0.,
       3.6631176586975289e+02, 2.2959692910978347e+02, 0., 0., 1. ]
D1: !!opencv-matrix
   rows: 5
   cols: 1
   dt: d
   data: [ -2.1502618721754269e-02, -1.2951184946942121e-03,
       -3.4127852927748451e-04, 2.7086966768530415e-04,
       4.7803342796299170e-04 ]
P1: !!opencv-matrix
   rows: 3
   cols: 4
   dt: f
   data: [ 3.57743439e+02, 0., 3.86335419e+02, 0., 0., 3.57743439e+02,
       2.24600555e+02, 0., 0., 0., 1., 0. ]
R1: !!opencv-matrix
   rows: 3
   cols: 3
   dt: f
   data: [ 9.99699354e-01, 2.17283126e-02, -1.13598434e-02,
       -2.17231289e-02, 9.99763846e-01, 5.79596031e-04, 1.13697546e-02,
       -3.32650467e-04, 9.99935329e-01 ]
K2: !!opencv-matrix
   rows: 3
   cols: 3
   dt: d
   data: [ 3.6684495620748953e+02, 0., 3.7586764757372902e+02, 0.,
       3.6714722400637692e+02, 2.2165240635390552e+02, 0., 0., 1. ]
D2: !!opencv-matrix
   rows: 5
   cols: 1
   dt: d
   data: [ -2.2125888778928394e-02, -1.1613594850445373e-03,
       2.4824541603873712e-04, -1.2117770058109102e-04,
       4.8874862320422683e-04 ]
P2: !!opencv-matrix
   rows: 3
   cols: 4
   dt: f
   data: [ 3.57743439e+02, 0., 3.86335419e+02, -6.34303906e+04, 0.,
       3.57743439e+02, 2.24600555e+02, 0., 0., 0., 1., 0. ]
R2: !!opencv-matrix
   rows: 3
   cols: 3
   dt: f
   data: [ 9.99851108e-01, 1.17538013e-02, -1.26326429e-02,
       -1.17595624e-02, 9.99930799e-01, -3.81891819e-04, 1.26272794e-02,
       5.30389312e-04, 9.99920130e-01 ]
