%YAML:1.0
---
Q: !!opencv-matrix
   rows: 4
   cols: 4
   dt: f
   data: [ 1., 0., 0., -3.95772583e+02, 0., 1., 0., -2.24410919e+02, 0.,
       0., 0., 3.58405121e+02, 0., 0., 5.60942013e-03, 0. ]
R: !!opencv-matrix
   rows: 3
   cols: 3
   dt: d
   data: [ 9.9996018635613348e-01, 1.0218624549011382e-02,
       1.3703132022735542e-03, -1.0022871099292978e-02,
       1.0004549238013352e+00, 1.4697445355697028e-03,
       -1.2435372149878392e-03, -1.5081222129353065e-05,
       9.9990983747774287e-01 ]
T: !!opencv-matrix
   rows: 3
   cols: 1
   dt: d
   data: [ -1.7816986694041236e+02, -3.0619484385220055e+00,
       4.2547461586660722e+00 ]
E: !!opencv-matrix
   rows: 0
   cols: 0
   dt: u
   data: []
F: !!opencv-matrix
   rows: 0
   cols: 0
   dt: u
   data: []
K1: !!opencv-matrix
   rows: 3
   cols: 3
   dt: d
   data: [ 3.6619442195486482e+02, 0., 3.7800900657017900e+02, 0.,
       3.6631176586975289e+02, 2.2959692910978347e+02, 0., 0., 1. ]
D1: !!opencv-matrix
   rows: 5
   cols: 1
   dt: d
   data: [ -2.1502618721754269e-02, -1.2951184946942121e-03,
       -3.4127852927748451e-04, 2.7086966768530415e-04,
       4.7803342796299170e-04 ]
P1: !!opencv-matrix
   rows: 3
   cols: 4
   dt: f
   data: [ 3.58405121e+02, 0., 3.95772583e+02, 0., 0., 3.58405121e+02,
       2.24410919e+02, 0., 0., 0., 1., 0. ]
R1: !!opencv-matrix
   rows: 3
   cols: 3
   dt: f
   data: [ 9.99357164e-01, 2.70787757e-02, -2.34941542e-02,
       -2.70701814e-02, 9.99633312e-01, 6.83822669e-04, 2.35040560e-02,
       -4.73920991e-05, 9.99723732e-01 ]
K2: !!opencv-matrix
   rows: 3
   cols: 3
   dt: d
   data: [ 3.6684495620748953e+02, 0., 3.7586764757372902e+02, 0.,
       3.6714722400637692e+02, 2.2165240635390552e+02, 0., 0., 1. ]
D2: !!opencv-matrix
   rows: 5
   cols: 1
   dt: d
   data: [ -2.2125888778928394e-02, -1.1613594850445373e-03,
       2.4824541603873712e-04, -1.2117770058109102e-04,
       4.8874862320422683e-04 ]
P2: !!opencv-matrix
   rows: 3
   cols: 4
   dt: f
   data: [ 3.58405121e+02, 0., 3.95772583e+02, -6.38934336e+04, 0.,
       3.58405121e+02, 2.24410919e+02, 0., 0., 0., 1., 0. ]
R2: !!opencv-matrix
   rows: 3
   cols: 3
   dt: f
   data: [ 9.99547660e-01, 1.69729088e-02, -2.48264000e-02,
       -1.69819854e-02, 9.99855757e-01, -1.54859052e-04, 2.48201899e-02,
       5.76390536e-04, 9.99691784e-01 ]
