%YAML:1.0
---
Q: !!opencv-matrix
   rows: 4
   cols: 4
   dt: f
   data: [ 1., 0., 0., -4.03996277e+02, 0., 1., 0., -2.24242584e+02, 0.,
       0., 0., 3.58904327e+02, 0., 0., 5.59288822e-03, 0. ]
R: !!opencv-matrix
   rows: 3
   cols: 3
   dt: d
   data: [ 9.9968980363331827e-01, 1.0138548655914624e-02,
       8.0880366527257203e-04, -9.9558421071508588e-03,
       1.0009580887774052e+00, 1.3182453675064602e-03,
       -8.2926060569160609e-04, -5.2595534983571426e-04,
       1.0000015070340107e+00 ]
T: !!opencv-matrix
   rows: 3
   cols: 1
   dt: d
   data: [ -1.7882907226192640e+02, -3.1496911318882281e+00,
       6.1370472145938226e+00 ]
E: !!opencv-matrix
   rows: 0
   cols: 0
   dt: u
   data: []
F: !!opencv-matrix
   rows: 0
   cols: 0
   dt: u
   data: []
K1: !!opencv-matrix
   rows: 3
   cols: 3
   dt: d
   data: [ 3.6619442195486482e+02, 0., 3.7800900657017900e+02, 0.,
       3.6631176586975289e+02, 2.2959692910978347e+02, 0., 0., 1. ]
D1: !!opencv-matrix
   rows: 5
   cols: 1
   dt: d
   data: [ -2.1502618721754269e-02, -1.2951184946942121e-03,
       -3.4127852927748451e-04, 2.7086966768530415e-04,
       4.7803342796299170e-04 ]
P1: !!opencv-matrix
   rows: 3
   cols: 4
   dt: f
   data: [ 3.58904327e+02, 0., 4.03996277e+02, 0., 0., 3.58904327e+02,
       2.24242584e+02, 0., 0., 0., 1., 0. ]
R1: !!opencv-matrix
   rows: 3
   cols: 3
   dt: f
   data: [ 9.98998642e-01, 2.87521034e-02, -3.42786238e-02,
       -2.87407916e-02, 9.99586582e-01, 8.22802656e-04, 3.42881083e-02,
       1.63216042e-04, 9.99412000e-01 ]
K2: !!opencv-matrix
   rows: 3
   cols: 3
   dt: d
   data: [ 3.6684495620748953e+02, 0., 3.7586764757372902e+02, 0.,
       3.6714722400637692e+02, 2.2165240635390552e+02, 0., 0., 1. ]
D2: !!opencv-matrix
   rows: 5
   cols: 1
   dt: d
   data: [ -2.2125888778928394e-02, -1.1613594850445373e-03,
       2.4824541603873712e-04, -1.2117770058109102e-04,
       4.8874862320422683e-04 ]
P2: !!opencv-matrix
   rows: 3
   cols: 4
   dt: f
   data: [ 3.58904327e+02, 0., 4.03996277e+02, -6.41715508e+04, 0.,
       3.58904327e+02, 2.24242584e+02, 0., 0., 0., 1., 0. ]
R2: !!opencv-matrix
   rows: 3
   cols: 3
   dt: f
   data: [ 9.99210835e-01, 1.86459776e-02, -3.50719653e-02,
       -1.86575484e-02, 9.99825954e-01, -2.63340348e-06, 3.50658111e-02,
       6.56988181e-04, 9.99384761e-01 ]
