%YAML:1.0
---
Q: !!opencv-matrix
   rows: 4
   cols: 4
   dt: f
   data: [ 1., 0., 0., -3.95343048e+02, 0., 1., 0., -2.24672211e+02, 0.,
       0., 0., 3.57633514e+02, 0., 0., 5.58151864e-03, 0. ]
R: !!opencv-matrix
   rows: 3
   cols: 3
   dt: d
   data: [ 9.9964452895996980e-01, 9.6902216158762395e-03,
       7.4206070394355558e-04, -9.5617934167267077e-03,
       1.0001718197609326e+00, 5.3663359035234102e-04,
       -9.2022189620954032e-04, -6.7202103163357268e-04,
       1.0002155631726901e+00 ]
T: !!opencv-matrix
   rows: 3
   cols: 1
   dt: d
   data: [ -1.7912456679664751e+02, 3.7259718282769499e-01,
       4.0980995672239056e+00 ]
E: !!opencv-matrix
   rows: 0
   cols: 0
   dt: u
   data: []
F: !!opencv-matrix
   rows: 0
   cols: 0
   dt: u
   data: []
K1: !!opencv-matrix
   rows: 3
   cols: 3
   dt: d
   data: [ 3.6619442195486482e+02, 0., 3.7800900657017900e+02, 0.,
       3.6631176586975289e+02, 2.2959692910978347e+02, 0., 0., 1. ]
D1: !!opencv-matrix
   rows: 5
   cols: 1
   dt: d
   data: [ -2.1502618721754269e-02, -1.2951184946942121e-03,
       -3.4127852927748451e-04, 2.7086966768530415e-04,
       4.7803342796299170e-04 ]
P1: !!opencv-matrix
   rows: 3
   cols: 4
   dt: f
   data: [ 3.57633514e+02, 0., 3.95343048e+02, 0., 0., 3.57633514e+02,
       2.24672211e+02, 0., 0., 0., 1., 0. ]
R1: !!opencv-matrix
   rows: 3
   cols: 3
   dt: f
   data: [ 9.99704599e-01, 8.28318298e-03, -2.28492431e-02,
       -8.27754103e-03, 9.99965668e-01, 3.41510604e-04, 2.28512883e-02,
       -1.52274166e-04, 9.99738872e-01 ]
K2: !!opencv-matrix
   rows: 3
   cols: 3
   dt: d
   data: [ 3.6684495620748953e+02, 0., 3.7586764757372902e+02, 0.,
       3.6714722400637692e+02, 2.2165240635390552e+02, 0., 0., 1. ]
D2: !!opencv-matrix
   rows: 5
   cols: 1
   dt: d
   data: [ -2.2125888778928394e-02, -1.1613594850445373e-03,
       2.4824541603873712e-04, -1.2117770058109102e-04,
       4.8874862320422683e-04 ]
P2: !!opencv-matrix
   rows: 3
   cols: 4
   dt: f
   data: [ 3.57633514e+02, 0., 3.95343048e+02, -6.40745898e+04, 0.,
       3.57633514e+02, 2.24672211e+02, 0., 0., 0., 1., 0. ]
R2: !!opencv-matrix
   rows: 3
   cols: 3
   dt: f
   data: [ 9.99718845e-01, -1.38583092e-03, -2.36701444e-02,
       1.37998606e-03, 9.99998987e-01, -2.63262511e-04, 2.36704852e-02,
       2.30524020e-04, 9.99719799e-01 ]
