%YAML:1.0
---
Q: !!opencv-matrix
   rows: 4
   cols: 4
   dt: f
   data: [ 1., 0., 0., -3.80858582e+02, 0., 1., 0., -2.24675903e+02, 0.,
       0., 0., 3.55639160e+02, 0., 0., 5.62085537e-03, 0. ]
R: !!opencv-matrix
   rows: 3
   cols: 3
   dt: d
   data: [ 9.9926050047948212e-01, 9.9350019713368536e-03,
       9.3279547070715136e-04, -9.8408390891521584e-03,
       9.9998751119954454e-01, 8.5709169797245613e-04,
       -1.3422351179066450e-03, -2.6503378877829363e-04,
       1.0005528810974855e+00 ]
T: !!opencv-matrix
   rows: 3
   cols: 1
   dt: d
   data: [ -1.7789898099413423e+02, -1.5992033727833941e+00,
       9.7926420042277251e-01 ]
E: !!opencv-matrix
   rows: 0
   cols: 0
   dt: u
   data: []
F: !!opencv-matrix
   rows: 0
   cols: 0
   dt: u
   data: []
K1: !!opencv-matrix
   rows: 3
   cols: 3
   dt: d
   data: [ 3.6619442195486482e+02, 0., 3.7800900657017900e+02, 0.,
       3.6631176586975289e+02, 2.2959692910978347e+02, 0., 0., 1. ]
D1: !!opencv-matrix
   rows: 5
   cols: 1
   dt: d
   data: [ -2.1502618721754269e-02, -1.2951184946942121e-03,
       -3.4127852927748451e-04, 2.7086966768530415e-04,
       4.7803342796299170e-04 ]
P1: !!opencv-matrix
   rows: 3
   cols: 4
   dt: f
   data: [ 3.55639160e+02, 0., 3.80858582e+02, 0., 0., 3.55639160e+02,
       2.24675903e+02, 0., 0., 0., 1., 0. ]
R1: !!opencv-matrix
   rows: 3
   cols: 3
   dt: f
   data: [ 9.99812245e-01, 1.88816171e-02, -4.36052307e-03,
       -1.88804660e-02, 9.99821723e-01, 3.04942660e-04, 4.36550332e-03,
       -2.22556671e-04, 9.99990463e-01 ]
K2: !!opencv-matrix
   rows: 3
   cols: 3
   dt: d
   data: [ 3.6684495620748953e+02, 0., 3.7586764757372902e+02, 0.,
       3.6714722400637692e+02, 2.2165240635390552e+02, 0., 0., 1. ]
D2: !!opencv-matrix
   rows: 5
   cols: 1
   dt: d
   data: [ -2.2125888778928394e-02, -1.1613594850445373e-03,
       2.4824541603873712e-04, -1.2117770058109102e-04,
       4.8874862320422683e-04 ]
P2: !!opencv-matrix
   rows: 3
   cols: 4
   dt: f
   data: [ 3.55639160e+02, 0., 3.80858582e+02, -6.32713555e+04, 0.,
       3.55639160e+02, 2.24675903e+02, 0., 0., 0., 1., 0. ]
R2: !!opencv-matrix
   rows: 3
   cols: 3
   dt: f
   data: [ 9.99944448e-01, 8.98889080e-03, -5.50430268e-03,
       -8.99034273e-03, 9.99959528e-01, -2.39022236e-04, 5.50193153e-03,
       2.88494513e-04, 9.99984801e-01 ]
