%YAML:1.0
---
Q: !!opencv-matrix
   rows: 4
   cols: 4
   dt: f
   data: [ 1., 0., 0., -3.94773071e+02, 0., 1., 0., -2.24546921e+02, 0.,
       0., 0., 3.57706085e+02, 0., 0., 5.69183892e-03, 0. ]
R: !!opencv-matrix
   rows: 3
   cols: 3
   dt: d
   data: [ 9.9984793486685442e-01, 9.8502459446526847e-03,
       8.4403259113894258e-04, -9.7008069979241905e-03,
       1.0003175915515401e+00, 1.0965241182594599e-03,
       -7.5052732925435237e-04, -1.8553798714776752e-04,
       1.0000931362620427e+00 ]
T: !!opencv-matrix
   rows: 3
   cols: 1
   dt: d
   data: [ -1.7556378292854609e+02, -1.5466523910969288e+00,
       3.7180753041538392e+00 ]
E: !!opencv-matrix
   rows: 0
   cols: 0
   dt: u
   data: []
F: !!opencv-matrix
   rows: 0
   cols: 0
   dt: u
   data: []
K1: !!opencv-matrix
   rows: 3
   cols: 3
   dt: d
   data: [ 3.6619442195486482e+02, 0., 3.7800900657017900e+02, 0.,
       3.6631176586975289e+02, 2.2959692910978347e+02, 0., 0., 1. ]
D1: !!opencv-matrix
   rows: 5
   cols: 1
   dt: d
   data: [ -2.1502618721754269e-02, -1.2951184946942121e-03,
       -3.4127852927748451e-04, 2.7086966768530415e-04,
       4.7803342796299170e-04 ]
P1: !!opencv-matrix
   rows: 3
   cols: 4
   dt: f
   data: [ 3.57706085e+02, 0., 3.94773071e+02, 0., 0., 3.57706085e+02,
       2.24546921e+02, 0., 0., 0., 1., 0. ]
R1: !!opencv-matrix
   rows: 3
   cols: 3
   dt: f
   data: [ 9.99590695e-01, 1.79120190e-02, -2.23069303e-02,
       -1.79064348e-02, 9.99839544e-01, 4.50139050e-04, 2.23114137e-02,
       -5.05172211e-05, 9.99751091e-01 ]
K2: !!opencv-matrix
   rows: 3
   cols: 3
   dt: d
   data: [ 3.6684495620748953e+02, 0., 3.7586764757372902e+02, 0.,
       3.6714722400637692e+02, 2.2165240635390552e+02, 0., 0., 1. ]
D2: !!opencv-matrix
   rows: 5
   cols: 1
   dt: d
   data: [ -2.2125888778928394e-02, -1.1613594850445373e-03,
       2.4824541603873712e-04, -1.2117770058109102e-04,
       4.8874862320422683e-04 ]
P2: !!opencv-matrix
   rows: 3
   cols: 4
   dt: f
   data: [ 3.57706085e+02, 0., 3.94773071e+02, -6.28454336e+04, 0.,
       3.57706085e+02, 2.24546921e+02, 0., 0., 0., 1., 0. ]
R2: !!opencv-matrix
   rows: 3
   cols: 3
   dt: f
   data: [ 9.99699712e-01, 8.12181924e-03, -2.31191888e-02,
       -8.12760741e-03, 9.99966979e-01, -1.56406590e-04, 2.31171548e-02,
       3.44263331e-04, 9.99732733e-01 ]
