%YAML:1.0
---
Q: !!opencv-matrix
   rows: 4
   cols: 4
   dt: f
   data: [ 1., 0., 0., -3.94724091e+02, 0., 1., 0., -2.24684006e+02, 0.,
       0., 0., 3.57678009e+02, 0., 0., 5.58123458e-03, 0. ]
R: !!opencv-matrix
   rows: 3
   cols: 3
   dt: d
   data: [ 1.0002358006509691e+00, 9.5878771746363417e-03,
       7.0268543327895480e-04, -9.5998569967883848e-03,
       1.0004254875930163e+00, 8.6646469680877307e-04,
       -3.6734343307035270e-04, -4.2866936342389819e-04,
       9.9974801617952425e-01 ]
T: !!opencv-matrix
   rows: 3
   cols: 1
   dt: d
   data: [ -1.7816986750235185e+02, -5.8515079163707939e-01,
       5.6980508496152291e+00 ]
E: !!opencv-matrix
   rows: 0
   cols: 0
   dt: u
   data: []
F: !!opencv-matrix
   rows: 0
   cols: 0
   dt: u
   data: []
K1: !!opencv-matrix
   rows: 3
   cols: 3
   dt: d
   data: [ 3.6619442195486482e+02, 0., 3.7800900657017900e+02, 0.,
       3.6631176586975289e+02, 2.2959692910978347e+02, 0., 0., 1. ]
D1: !!opencv-matrix
   rows: 5
   cols: 1
   dt: d
   data: [ -2.1502618721754269e-02, -1.2951184946942121e-03,
       -3.4127852927748451e-04, 2.7086966768530415e-04,
       4.7803342796299170e-04 ]
P1: !!opencv-matrix
   rows: 3
   cols: 4
   dt: f
   data: [ 3.57678009e+02, 0., 3.94724091e+02, 0., 0., 3.57678009e+02,
       2.24684006e+02, 0., 0., 0., 1., 0. ]
R1: !!opencv-matrix
   rows: 3
   cols: 3
   dt: f
   data: [ 9.99728501e-01, 7.55809620e-03, -2.20395382e-02,
       -7.55264657e-03, 9.99971449e-01, 3.30486597e-04, 2.20414046e-02,
       -1.63940058e-04, 9.99757051e-01 ]
K2: !!opencv-matrix
   rows: 3
   cols: 3
   dt: d
   data: [ 3.6684495620748953e+02, 0., 3.7586764757372902e+02, 0.,
       3.6714722400637692e+02, 2.2165240635390552e+02, 0., 0., 1. ]
D2: !!opencv-matrix
   rows: 5
   cols: 1
   dt: d
   data: [ -2.2125888778928394e-02, -1.1613594850445373e-03,
       2.4824541603873712e-04, -1.2117770058109102e-04,
       4.8874862320422683e-04 ]
P2: !!opencv-matrix
   rows: 3
   cols: 4
   dt: f
   data: [ 3.57678009e+02, 0., 3.94724091e+02, -6.40858242e+04, 0.,
       3.57678009e+02, 2.24684006e+02, 0., 0., 0., 1., 0. ]
R2: !!opencv-matrix
   rows: 3
   cols: 3
   dt: f
   data: [ 9.99736249e-01, -2.07955227e-03, -2.28724554e-02,
       2.07389705e-03, 9.99997795e-01, -2.70967110e-04, 2.28729676e-02,
       2.23460505e-04, 9.99738336e-01 ]
