%YAML:1.0
---
Q: !!opencv-matrix
   rows: 4
   cols: 4
   dt: f
   data: [ 1., 0., 0., -3.97078186e+02, 0., 1., 0., -2.24728287e+02, 0.,
       0., 0., 3.56223297e+02, 0., 0., 5.58059197e-03, 0. ]
R: !!opencv-matrix
   rows: 3
   cols: 3
   dt: d
   data: [ 1.0003751505031817e+00, 9.4516554039407903e-03,
       1.1199016740473481e-03, -9.6214208392479007e-03,
       9.9988373954151588e-01, 3.8075241534327533e-04,
       -1.0530875103859276e-03, -9.3584250551246261e-04,
       9.9977671114904765e-01 ]
T: !!opencv-matrix
   rows: 3
   cols: 1
   dt: d
   data: [ -1.7921898465727591e+02, 1.0663131573945319e+00,
       4.5053945526203316e+00 ]
E: !!opencv-matrix
   rows: 0
   cols: 0
   dt: u
   data: []
F: !!opencv-matrix
   rows: 0
   cols: 0
   dt: u
   data: []
K1: !!opencv-matrix
   rows: 3
   cols: 3
   dt: d
   data: [ 3.6619442195486482e+02, 0., 3.7800900657017900e+02, 0.,
       3.6631176586975289e+02, 2.2959692910978347e+02, 0., 0., 1. ]
D1: !!opencv-matrix
   rows: 5
   cols: 1
   dt: d
   data: [ -2.1502618721754269e-02, -1.2951184946942121e-03,
       -3.4127852927748451e-04, 2.7086966768530415e-04,
       4.7803342796299170e-04 ]
P1: !!opencv-matrix
   rows: 3
   cols: 4
   dt: f
   data: [ 3.56223297e+02, 0., 3.97078186e+02, 0., 0., 3.56223297e+02,
       2.24728287e+02, 0., 0., 0., 1., 0. ]
R1: !!opencv-matrix
   rows: 3
   cols: 3
   dt: f
   data: [ 9.99682546e-01, 4.00255155e-03, -2.48743873e-02,
       -3.99643695e-03, 9.99991953e-01, 2.95520877e-04, 2.48753689e-02,
       -1.96018169e-04, 9.99690533e-01 ]
K2: !!opencv-matrix
   rows: 3
   cols: 3
   dt: d
   data: [ 3.6684495620748953e+02, 0., 3.7586764757372902e+02, 0.,
       3.6714722400637692e+02, 2.2165240635390552e+02, 0., 0., 1. ]
D2: !!opencv-matrix
   rows: 5
   cols: 1
   dt: d
   data: [ -2.2125888778928394e-02, -1.1613594850445373e-03,
       2.4824541603873712e-04, -1.2117770058109102e-04,
       4.8874862320422683e-04 ]
P2: !!opencv-matrix
   rows: 3
   cols: 4
   dt: f
   data: [ 3.56223297e+02, 0., 3.97078186e+02, -6.38325313e+04, 0.,
       3.56223297e+02, 2.24728287e+02, 0., 0., 0., 1., 0. ]
R2: !!opencv-matrix
   rows: 3
   cols: 3
   dt: f
   data: [ 9.99648690e-01, -5.55671472e-03, -2.59156190e-02,
       5.55034401e-03, 9.99984562e-01, -3.17743543e-04, 2.59169843e-02,
       1.73791326e-04, 9.99664068e-01 ]
