%YAML:1.0
---
Q: !!opencv-matrix
   rows: 4
   cols: 4
   dt: f
   data: [ 1., 0., 0., -4.04646118e+02, 0., 1., 0., -2.24537125e+02, 0.,
       0., 0., 3.57477234e+02, 0., 0., 5.59830759e-03, 0. ]
R: !!opencv-matrix
   rows: 3
   cols: 3
   dt: d
   data: [ 9.9990794105953040e-01, 9.6608692957109374e-03,
       6.3843704044666354e-04, -9.6712562460770472e-03,
       1.0004631200289709e+00, 7.8776883869106906e-04,
       -7.1299032648391482e-04, -8.8949761568009507e-04,
       9.9994842803236761e-01 ]
T: !!opencv-matrix
   rows: 3
   cols: 1
   dt: d
   data: [ -1.7882490061245377e+02, -4.0633422507074418e-01,
       6.2345656035431674e+00 ]
E: !!opencv-matrix
   rows: 0
   cols: 0
   dt: u
   data: []
F: !!opencv-matrix
   rows: 0
   cols: 0
   dt: u
   data: []
K1: !!opencv-matrix
   rows: 3
   cols: 3
   dt: d
   data: [ 3.6619442195486482e+02, 0., 3.7800900657017900e+02, 0.,
       3.6631176586975289e+02, 2.2959692910978347e+02, 0., 0., 1. ]
D1: !!opencv-matrix
   rows: 5
   cols: 1
   dt: d
   data: [ -2.1502618721754269e-02, -1.2951184946942121e-03,
       -3.4127852927748451e-04, 2.7086966768530415e-04,
       4.7803342796299170e-04 ]
P1: !!opencv-matrix
   rows: 3
   cols: 4
   dt: f
   data: [ 3.57477234e+02, 0., 4.04646118e+02, 0., 0., 3.57477234e+02,
       2.24537125e+02, 0., 0., 0., 1., 0. ]
R1: !!opencv-matrix
   rows: 3
   cols: 3
   dt: f
   data: [ 9.99304652e-01, 1.31183825e-02, -3.49021964e-02,
       -1.31053897e-02, 9.99913931e-01, 6.01040607e-04, 3.49070765e-02,
       -1.43215788e-04, 9.99390543e-01 ]
K2: !!opencv-matrix
   rows: 3
   cols: 3
   dt: d
   data: [ 3.6684495620748953e+02, 0., 3.7586764757372902e+02, 0.,
       3.6714722400637692e+02, 2.2165240635390552e+02, 0., 0., 1. ]
D2: !!opencv-matrix
   rows: 5
   cols: 1
   dt: d
   data: [ -2.2125888778928394e-02, -1.1613594850445373e-03,
       2.4824541603873712e-04, -1.2117770058109102e-04,
       4.8874862320422683e-04 ]
P2: !!opencv-matrix
   rows: 3
   cols: 4
   dt: f
   data: [ 3.57477234e+02, 0., 4.04646118e+02, -6.38545195e+04, 0.,
       3.57477234e+02, 2.24537125e+02, 0., 0., 0., 1., 0. ]
R2: !!opencv-matrix
   rows: 3
   cols: 3
   dt: f
   data: [ 9.99363184e-01, 3.44349351e-03, -3.55156325e-02,
       -3.45671386e-03, 9.99993980e-01, -3.10848933e-04, 3.55143473e-02,
       4.33418376e-04, 9.99369085e-01 ]
