%YAML:1.0
---
Q: !!opencv-matrix
   rows: 4
   cols: 4
   dt: f
   data: [ 1., 0., 0., -3.88515656e+02, 0., 1., 0., -2.24530746e+02, 0.,
       0., 0., 3.58102325e+02, 0., 0., 5.47932927e-03, 0. ]
R: !!opencv-matrix
   rows: 3
   cols: 3
   dt: d
   data: [ 9.9989639165816335e-01, 1.0064843677477918e-02,
       1.4440666988213575e-03, -9.9971641775893367e-03,
       1.0003689134045939e+00, 1.2575242395528046e-03,
       -1.4270393387077003e-03, 5.4988717302731931e-05,
       9.9989890109419044e-01 ]
T: !!opencv-matrix
   rows: 3
   cols: 1
   dt: d
   data: [ -1.8226305936018784e+02, -2.7779041980345784e+00,
       2.7347874592275017e+00 ]
E: !!opencv-matrix
   rows: 0
   cols: 0
   dt: u
   data: []
F: !!opencv-matrix
   rows: 0
   cols: 0
   dt: u
   data: []
K1: !!opencv-matrix
   rows: 3
   cols: 3
   dt: d
   data: [ 3.6619442195486482e+02, 0., 3.7800900657017900e+02, 0.,
       3.6631176586975289e+02, 2.2959692910978347e+02, 0., 0., 1. ]
D1: !!opencv-matrix
   rows: 5
   cols: 1
   dt: d
   data: [ -2.1502618721754269e-02, -1.2951184946942121e-03,
       -3.4127852927748451e-04, 2.7086966768530415e-04,
       4.7803342796299170e-04 ]
P1: !!opencv-matrix
   rows: 3
   cols: 4
   dt: f
   data: [ 3.58102325e+02, 0., 3.88515656e+02, 0., 0., 3.58102325e+02,
       2.24530746e+02, 0., 0., 0., 1., 0. ]
R1: !!opencv-matrix
   rows: 3
   cols: 3
   dt: f
   data: [ 9.99548197e-01, 2.65271775e-02, -1.41307190e-02,
       -2.65232231e-02, 9.99648094e-01, 4.67158592e-04, 1.41381389e-02,
       -9.21553146e-05, 9.99900043e-01 ]
K2: !!opencv-matrix
   rows: 3
   cols: 3
   dt: d
   data: [ 3.6684495620748953e+02, 0., 3.7586764757372902e+02, 0.,
       3.6714722400637692e+02, 2.2165240635390552e+02, 0., 0., 1. ]
D2: !!opencv-matrix
   rows: 5
   cols: 1
   dt: d
   data: [ -2.2125888778928394e-02, -1.1613594850445373e-03,
       2.4824541603873712e-04, -1.2117770058109102e-04,
       4.8874862320422683e-04 ]
P2: !!opencv-matrix
   rows: 3
   cols: 4
   dt: f
   data: [ 3.58102325e+02, 0., 3.88515656e+02, -6.53551406e+04, 0.,
       3.58102325e+02, 2.24530746e+02, 0., 0., 0., 1., 0. ]
R2: !!opencv-matrix
   rows: 3
   cols: 3
   dt: f
   data: [ 9.99742329e-01, 1.64703894e-02, -1.56218149e-02,
       -1.64747573e-02, 9.99864280e-01, -1.51007174e-04, 1.56172076e-02,
       4.08333872e-04, 9.99877989e-01 ]
