%YAML:1.0
---
Q: !!opencv-matrix
   rows: 4
   cols: 4
   dt: f
   data: [ 1., 0., 0., -3.92485718e+02, 0., 1., 0., -2.24623779e+02, 0.,
       0., 0., 3.57707825e+02, 0., 0., 5.65457670e-03, 0. ]
R: !!opencv-matrix
   rows: 3
   cols: 3
   dt: d
   data: [ 9.9992348299509737e-01, 9.8153511856872225e-03,
       8.7893234418751347e-04, -9.7214487824396172e-03,
       1.0001566792245595e+00, 7.3385299712618577e-04,
       -8.6850435694322029e-04, -7.5532443925081902e-04,
       1.0000582856273723e+00 ]
T: !!opencv-matrix
   rows: 3
   cols: 1
   dt: d
   data: [ -1.7691098529090530e+02, -5.7844153221773387e-01,
       4.3390350798451625e+00 ]
E: !!opencv-matrix
   rows: 0
   cols: 0
   dt: u
   data: []
F: !!opencv-matrix
   rows: 0
   cols: 0
   dt: u
   data: []
K1: !!opencv-matrix
   rows: 3
   cols: 3
   dt: d
   data: [ 3.6619442195486482e+02, 0., 3.7800900657017900e+02, 0.,
       3.6631176586975289e+02, 2.2959692910978347e+02, 0., 0., 1. ]
D1: !!opencv-matrix
   rows: 5
   cols: 1
   dt: d
   data: [ -2.1502618721754269e-02, -1.2951184946942121e-03,
       -3.4127852927748451e-04, 2.7086966768530415e-04,
       4.7803342796299170e-04 ]
P1: !!opencv-matrix
   rows: 3
   cols: 4
   dt: f
   data: [ 3.57707825e+02, 0., 3.92485718e+02, 0., 0., 3.57707825e+02,
       2.24623779e+02, 0., 0., 0., 1., 0. ]
R1: !!opencv-matrix
   rows: 3
   cols: 3
   dt: f
   data: [ 9.99725401e-01, 1.33457510e-02, -1.92605872e-02,
       -1.33400606e-02, 9.99910951e-01, 4.23927529e-04, 1.92645304e-02,
       -1.66873739e-04, 9.99814391e-01 ]
K2: !!opencv-matrix
   rows: 3
   cols: 3
   dt: d
   data: [ 3.6684495620748953e+02, 0., 3.7586764757372902e+02, 0.,
       3.6714722400637692e+02, 2.2165240635390552e+02, 0., 0., 1. ]
D2: !!opencv-matrix
   rows: 5
   cols: 1
   dt: d
   data: [ -2.2125888778928394e-02, -1.1613594850445373e-03,
       2.4824541603873712e-04, -1.2117770058109102e-04,
       4.8874862320422683e-04 ]
P2: !!opencv-matrix
   rows: 3
   cols: 4
   dt: f
   data: [ 3.57707825e+02, 0., 3.92485718e+02, -6.32598750e+04, 0.,
       3.57707825e+02, 2.24623779e+02, 0., 0., 0., 1., 0. ]
R2: !!opencv-matrix
   rows: 3
   cols: 3
   dt: f
   data: [ 9.99790668e-01, 3.56418942e-03, -2.01483425e-02,
       -3.57014174e-03, 9.99993622e-01, -2.59466411e-04, 2.01472901e-02,
       3.31344520e-04, 9.99796987e-01 ]
