%YAML:1.0
---
Q: !!opencv-matrix
   rows: 4
   cols: 4
   dt: f
   data: [ 1., 0., 0., -3.96360840e+02, 0., 1., 0., -2.24532364e+02, 0.,
       0., 0., 3.57744690e+02, 0., 0., 5.66719007e-03, 0. ]
R: !!opencv-matrix
   rows: 3
   cols: 3
   dt: d
   data: [ 1.0000888159880581e+00, 9.8336238969870763e-03,
       7.7643739386345004e-04, -9.8788316875128828e-03,
       1.0004767420456746e+00, 8.0280872609147006e-04,
       -7.4221408316267644e-04, -8.4359879391201933e-04,
       9.9986093270535614e-01 ]
T: !!opencv-matrix
   rows: 3
   cols: 1
   dt: d
   data: [ -1.7652673608888318e+02, -1.1171511796943208e+00,
       5.3553074840985966e+00 ]
E: !!opencv-matrix
   rows: 0
   cols: 0
   dt: u
   data: []
F: !!opencv-matrix
   rows: 0
   cols: 0
   dt: u
   data: []
K1: !!opencv-matrix
   rows: 3
   cols: 3
   dt: d
   data: [ 3.6619442195486482e+02, 0., 3.7800900657017900e+02, 0.,
       3.6631176586975289e+02, 2.2959692910978347e+02, 0., 0., 1. ]
D1: !!opencv-matrix
   rows: 5
   cols: 1
   dt: d
   data: [ -2.1502618721754269e-02, -1.2951184946942121e-03,
       -3.4127852927748451e-04, 2.7086966768530415e-04,
       4.7803342796299170e-04 ]
P1: !!opencv-matrix
   rows: 3
   cols: 4
   dt: f
   data: [ 3.57744690e+02, 0., 3.96360840e+02, 0., 0., 3.57744690e+02,
       2.24532364e+02, 0., 0., 0., 1., 0. ]
R1: !!opencv-matrix
   rows: 3
   cols: 3
   dt: f
   data: [ 9.99544442e-01, 1.78319067e-02, -2.43492518e-02,
       -1.78240594e-02, 9.99840975e-01, 5.39253408e-04, 2.43549962e-02,
       -1.05005231e-04, 9.99703348e-01 ]
K2: !!opencv-matrix
   rows: 3
   cols: 3
   dt: d
   data: [ 3.6684495620748953e+02, 0., 3.7586764757372902e+02, 0.,
       3.6714722400637692e+02, 2.2165240635390552e+02, 0., 0., 1. ]
D2: !!opencv-matrix
   rows: 5
   cols: 1
   dt: d
   data: [ -2.2125888778928394e-02, -1.1613594850445373e-03,
       2.4824541603873712e-04, -1.2117770058109102e-04,
       4.8874862320422683e-04 ]
P2: !!opencv-matrix
   rows: 3
   cols: 4
   dt: f
   data: [ 3.57744690e+02, 0., 3.96360840e+02, -6.31255898e+04, 0.,
       3.57744690e+02, 2.24532364e+02, 0., 0., 0., 1., 0. ]
R2: !!opencv-matrix
   rows: 3
   cols: 3
   dt: f
   data: [ 9.99652505e-01, 7.97246117e-03, -2.51262020e-02,
       -7.98055623e-03, 9.99968112e-01, -2.21916052e-04, 2.51236334e-02,
       4.22359997e-04, 9.99684274e-01 ]
