%YAML:1.0
---
Q: !!opencv-matrix
   rows: 4
   cols: 4
   dt: f
   data: [ 1., 0., 0., -4.01400177e+02, 0., 1., 0., -2.24555923e+02, 0.,
       0., 0., 3.57529175e+02, 0., 0., 5.67617640e-03, 0. ]
R: !!opencv-matrix
   rows: 3
   cols: 3
   dt: d
   data: [ 9.9951402859126548e-01, 9.8019171927700190e-03,
       6.8105672361265513e-04, -9.7789355350348175e-03,
       1.0001911919993449e+00, 8.3069081635916032e-04,
       -7.8064296348122775e-04, -1.4553984174498519e-04,
       1.0003646631009220e+00 ]
T: !!opencv-matrix
   rows: 3
   cols: 1
   dt: d
   data: [ -1.7618760709839506e+02, -8.5720469266259014e-01,
       2.9497874092536556e+00 ]
E: !!opencv-matrix
   rows: 0
   cols: 0
   dt: u
   data: []
F: !!opencv-matrix
   rows: 0
   cols: 0
   dt: u
   data: []
K1: !!opencv-matrix
   rows: 3
   cols: 3
   dt: d
   data: [ 3.6619442195486482e+02, 0., 3.7800900657017900e+02, 0.,
       3.6631176586975289e+02, 2.2959692910978347e+02, 0., 0., 1. ]
D1: !!opencv-matrix
   rows: 5
   cols: 1
   dt: d
   data: [ -2.1502618721754269e-02, -1.2951184946942121e-03,
       -3.4127852927748451e-04, 2.7086966768530415e-04,
       4.7803342796299170e-04 ]
P1: !!opencv-matrix
   rows: 3
   cols: 4
   dt: f
   data: [ 3.57529175e+02, 0., 4.01400177e+02, 0., 0., 3.57529175e+02,
       2.24555923e+02, 0., 0., 0., 1., 0. ]
R1: !!opencv-matrix
   rows: 3
   cols: 3
   dt: f
   data: [ 9.99434888e-01, 1.35171432e-02, -3.07763349e-02,
       -1.35122798e-02, 9.99908626e-01, 3.65997170e-04, 3.07784714e-02,
       5.00681272e-05, 9.99526203e-01 ]
K2: !!opencv-matrix
   rows: 3
   cols: 3
   dt: d
   data: [ 3.6684495620748953e+02, 0., 3.7586764757372902e+02, 0.,
       3.6714722400637692e+02, 2.2165240635390552e+02, 0., 0., 1. ]
D2: !!opencv-matrix
   rows: 5
   cols: 1
   dt: d
   data: [ -2.2125888778928394e-02, -1.1613594850445373e-03,
       2.4824541603873712e-04, -1.2117770058109102e-04,
       4.8874862320422683e-04 ]
P2: !!opencv-matrix
   rows: 3
   cols: 4
   dt: f
   data: [ 3.57529175e+02, 0., 4.01400177e+02, -6.29876797e+04, 0.,
       3.57529175e+02, 2.24555923e+02, 0., 0., 0., 1., 0. ]
R2: !!opencv-matrix
   rows: 3
   cols: 3
   dt: f
   data: [ 9.99500334e-01, 3.71576590e-03, -3.13892961e-02,
       -3.72072565e-03, 9.99993086e-01, -9.95965092e-05, 3.13887075e-02,
       2.16337707e-04, 9.99507248e-01 ]
