%YAML:1.0
---
Q: !!opencv-matrix
   rows: 4
   cols: 4
   dt: f
   data: [ 1., 0., 0., -3.86842651e+02, 0., 1., 0., -2.24614044e+02, 0.,
       0., 0., 3.57857727e+02, 0., 0., 5.63732022e-03, 0. ]
R: !!opencv-matrix
   rows: 3
   cols: 3
   dt: d
   data: [ 1.0003648977754380e+00, 9.9926004715584354e-03,
       1.2249468967665815e-03, -9.9755495542741372e-03,
       1.0002929475755031e+00, 1.0447124512353550e-03,
       -1.0066368798112727e-03, -8.9580629368000183e-04,
       9.9970254802052005e-01 ]
T: !!opencv-matrix
   rows: 3
   cols: 1
   dt: d
   data: [ -1.7692220389956219e+02, -2.0887667051610816e+00,
       3.4827365736182943e+00 ]
E: !!opencv-matrix
   rows: 0
   cols: 0
   dt: u
   data: []
F: !!opencv-matrix
   rows: 0
   cols: 0
   dt: u
   data: []
K1: !!opencv-matrix
   rows: 3
   cols: 3
   dt: d
   data: [ 3.6619442195486482e+02, 0., 3.7800900657017900e+02, 0.,
       3.6631176586975289e+02, 2.2959692910978347e+02, 0., 0., 1. ]
D1: !!opencv-matrix
   rows: 5
   cols: 1
   dt: d
   data: [ -2.1502618721754269e-02, -1.2951184946942121e-03,
       -3.4127852927748451e-04, 2.7086966768530415e-04,
       4.7803342796299170e-04 ]
P1: !!opencv-matrix
   rows: 3
   cols: 4
   dt: f
   data: [ 3.57857727e+02, 0., 3.86842651e+02, 0., 0., 3.57857727e+02,
       2.24614044e+02, 0., 0., 0., 1., 0. ]
R1: !!opencv-matrix
   rows: 3
   cols: 3
   dt: f
   data: [ 9.99741495e-01, 1.93332266e-02, -1.19675528e-02,
       -1.93287991e-02, 9.99813080e-01, 4.85390890e-04, 1.19746998e-02,
       -2.53946957e-04, 9.99928296e-01 ]
K2: !!opencv-matrix
   rows: 3
   cols: 3
   dt: d
   data: [ 3.6684495620748953e+02, 0., 3.7586764757372902e+02, 0.,
       3.6714722400637692e+02, 2.2165240635390552e+02, 0., 0., 1. ]
D2: !!opencv-matrix
   rows: 5
   cols: 1
   dt: d
   data: [ -2.2125888778928394e-02, -1.1613594850445373e-03,
       2.4824541603873712e-04, -1.2117770058109102e-04,
       4.8874862320422683e-04 ]
P2: !!opencv-matrix
   rows: 3
   cols: 4
   dt: f
   data: [ 3.57857727e+02, 0., 3.86842651e+02, -6.34801094e+04, 0.,
       3.57857727e+02, 2.24614044e+02, 0., 0., 0., 1., 0. ]
R2: !!opencv-matrix
   rows: 3
   cols: 3
   dt: f
   data: [ 9.99868810e-01, 9.34445113e-03, -1.32318893e-02,
       -9.34934244e-03, 9.99956250e-01, -3.07846174e-04, 1.32284341e-02,
       4.31515218e-04, 9.99912381e-01 ]
