%YAML:1.0
---
Q: !!opencv-matrix
   rows: 4
   cols: 4
   dt: f
   data: [ 1., 0., 0., -4.07096985e+02, 0., 1., 0., -2.24421417e+02, 0.,
       0., 0., 3.57896271e+02, 0., 0., 5.67668490e-03, 0. ]
R: !!opencv-matrix
   rows: 3
   cols: 3
   dt: d
   data: [ 1.0000406170922396e+00, 9.8343338909047968e-03,
       6.2577644523079210e-04, -9.7168322070281185e-03,
       1.0006031078686444e+00, 1.0232570893829809e-03,
       -5.5969396903005975e-04, -1.9987709088923263e-04,
       9.9985722596744520e-01 ]
T: !!opencv-matrix
   rows: 3
   cols: 1
   dt: d
   data: [ -1.7639328553409089e+02, -1.4180676789948825e+00,
       6.3639353689559455e+00 ]
E: !!opencv-matrix
   rows: 0
   cols: 0
   dt: u
   data: []
F: !!opencv-matrix
   rows: 0
   cols: 0
   dt: u
   data: []
K1: !!opencv-matrix
   rows: 3
   cols: 3
   dt: d
   data: [ 3.6619442195486482e+02, 0., 3.7800900657017900e+02, 0.,
       3.6631176586975289e+02, 2.2959692910978347e+02, 0., 0., 1. ]
D1: !!opencv-matrix
   rows: 5
   cols: 1
   dt: d
   data: [ -2.1502618721754269e-02, -1.2951184946942121e-03,
       -3.4127852927748451e-04, 2.7086966768530415e-04,
       4.7803342796299170e-04 ]
P1: !!opencv-matrix
   rows: 3
   cols: 4
   dt: f
   data: [ 3.57896271e+02, 0., 4.07096985e+02, 0., 0., 3.57896271e+02,
       2.24421417e+02, 0., 0., 0., 1., 0. ]
R1: !!opencv-matrix
   rows: 3
   cols: 3
   dt: f
   data: [ 9.99116123e-01, 1.76501889e-02, -3.81508768e-02,
       -1.76391639e-02, 9.99844193e-01, 6.25585089e-04, 3.81559767e-02,
       4.79174305e-05, 9.99271810e-01 ]
K2: !!opencv-matrix
   rows: 3
   cols: 3
   dt: d
   data: [ 3.6684495620748953e+02, 0., 3.7586764757372902e+02, 0.,
       3.6714722400637692e+02, 2.2165240635390552e+02, 0., 0., 1. ]
D2: !!opencv-matrix
   rows: 5
   cols: 1
   dt: d
   data: [ -2.2125888778928394e-02, -1.1613594850445373e-03,
       2.4824541603873712e-04, -1.2117770058109102e-04,
       4.8874862320422683e-04 ]
P2: !!opencv-matrix
   rows: 3
   cols: 4
   dt: f
   data: [ 3.57896271e+02, 0., 4.07096985e+02, -6.30467031e+04, 0.,
       3.57896271e+02, 2.24421417e+02, 0., 0., 0., 1., 0. ]
R2: !!opencv-matrix
   rows: 3
   cols: 3
   dt: f
   data: [ 9.99220848e-01, 7.89509341e-03, -3.86696532e-02,
       -7.90626649e-03, 9.99968708e-01, -1.36028088e-04, 3.86673696e-02,
       4.41654702e-04, 9.99252021e-01 ]
