%YAML:1.0
---
Q: !!opencv-matrix
   rows: 4
   cols: 4
   dt: f
   data: [ 1., 0., 0., -3.81636414e+02, 0., 1., 0., -2.24698547e+02, 0.,
       0., 0., 3.56698822e+02, 0., 0., 5.58478944e-03, 0. ]
R: !!opencv-matrix
   rows: 3
   cols: 3
   dt: d
   data: [ 1.0006713260275881e+00, 9.7956686269086643e-03,
       1.0270898457887556e-03, -9.6841848170959414e-03,
       9.9978789242118371e-01, 6.1004863314414559e-04,
       -9.7267793767521463e-04, -9.6322221243485932e-04,
       9.9958027501976454e-01 ]
T: !!opencv-matrix
   rows: 3
   cols: 1
   dt: d
   data: [ -1.7940003453679964e+02, -6.0812995212927023e-01,
       2.6549777972624971e+00 ]
E: !!opencv-matrix
   rows: 0
   cols: 0
   dt: u
   data: []
F: !!opencv-matrix
   rows: 0
   cols: 0
   dt: u
   data: []
K1: !!opencv-matrix
   rows: 3
   cols: 3
   dt: d
   data: [ 3.6619442195486482e+02, 0., 3.7800900657017900e+02, 0.,
       3.6631176586975289e+02, 2.2959692910978347e+02, 0., 0., 1. ]
D1: !!opencv-matrix
   rows: 5
   cols: 1
   dt: d
   data: [ -2.1502618721754269e-02, -1.2951184946942121e-03,
       -3.4127852927748451e-04, 2.7086966768530415e-04,
       4.7803342796299170e-04 ]
P1: !!opencv-matrix
   rows: 3
   cols: 4
   dt: f
   data: [ 3.56698822e+02, 0., 3.81636414e+02, 0., 0., 3.56698822e+02,
       2.24698547e+02, 0., 0., 0., 1., 0. ]
R1: !!opencv-matrix
   rows: 3
   cols: 3
   dt: f
   data: [ 9.99909818e-01, 1.23318657e-02, -5.31643303e-03,
       -1.23301297e-02, 9.99923944e-01, 3.59069469e-04, 5.32045634e-03,
       -2.93484802e-04, 9.99985814e-01 ]
K2: !!opencv-matrix
   rows: 3
   cols: 3
   dt: d
   data: [ 3.6684495620748953e+02, 0., 3.7586764757372902e+02, 0.,
       3.6714722400637692e+02, 2.2165240635390552e+02, 0., 0., 1. ]
D2: !!opencv-matrix
   rows: 5
   cols: 1
   dt: d
   data: [ -2.2125888778928394e-02, -1.1613594850445373e-03,
       2.4824541603873712e-04, -1.2117770058109102e-04,
       4.8874862320422683e-04 ]
P2: !!opencv-matrix
   rows: 3
   cols: 4
   dt: f
   data: [ 3.56698822e+02, 0., 3.81636414e+02, -6.38696992e+04, 0.,
       3.56698822e+02, 2.24698547e+02, 0., 0., 0., 1., 0. ]
R2: !!opencv-matrix
   rows: 3
   cols: 3
   dt: f
   data: [ 9.99976754e-01, 2.61984440e-03, -6.29607588e-03,
       -2.62189843e-03, 9.99996483e-01, -3.18032457e-04, 6.29522093e-03,
       3.34532728e-04, 9.99980152e-01 ]
