%YAML:1.0
---
Q: !!opencv-matrix
   rows: 4
   cols: 4
   dt: f
   data: [ 1., 0., 0., -4.03457886e+02, 0., 1., 0., -2.24556488e+02, 0.,
       0., 0., 3.57473907e+02, 0., 0., 5.65934693e-03, 0. ]
R: !!opencv-matrix
   rows: 3
   cols: 3
   dt: d
   data: [ 9.9968907248450511e-01, 1.0008698746774647e-02,
       8.2766007586604362e-04, -9.6544266113543619e-03,
       1.0006363874045707e+00, 8.8539308286766200e-04,
       -8.8427312467631732e-04, -3.0215216322221896e-05,
       1.0000890060574805e+00 ]
T: !!opencv-matrix
   rows: 3
   cols: 1
   dt: d
   data: [ -1.7692789022044104e+02, -3.3923171330997159e-01,
       5.2694234240131586e+00 ]
E: !!opencv-matrix
   rows: 0
   cols: 0
   dt: u
   data: []
F: !!opencv-matrix
   rows: 0
   cols: 0
   dt: u
   data: []
K1: !!opencv-matrix
   rows: 3
   cols: 3
   dt: d
   data: [ 3.6619442195486482e+02, 0., 3.7800900657017900e+02, 0.,
       3.6631176586975289e+02, 2.2959692910978347e+02, 0., 0., 1. ]
D1: !!opencv-matrix
   rows: 5
   cols: 1
   dt: d
   data: [ -2.1502618721754269e-02, -1.2951184946942121e-03,
       -3.4127852927748451e-04, 2.7086966768530415e-04,
       4.7803342796299170e-04 ]
P1: !!opencv-matrix
   rows: 3
   cols: 4
   dt: f
   data: [ 3.57473907e+02, 0., 4.03457886e+02, 0., 0., 3.57473907e+02,
       2.24556488e+02, 0., 0., 0., 1., 0. ]
R1: !!opencv-matrix
   rows: 3
   cols: 3
   dt: f
   data: [ 9.99364614e-01, 1.26852952e-02, -3.33085582e-02,
       -1.26804654e-02, 9.99919534e-01, 3.56238277e-04, 3.33103947e-02,
       6.63560786e-05, 9.99445081e-01 ]
K2: !!opencv-matrix
   rows: 3
   cols: 3
   dt: d
   data: [ 3.6684495620748953e+02, 0., 3.7586764757372902e+02, 0.,
       3.6714722400637692e+02, 2.2165240635390552e+02, 0., 0., 1. ]
D2: !!opencv-matrix
   rows: 5
   cols: 1
   dt: d
   data: [ -2.2125888778928394e-02, -1.1613594850445373e-03,
       2.4824541603873712e-04, -1.2117770058109102e-04,
       4.8874862320422683e-04 ]
P2: !!opencv-matrix
   rows: 3
   cols: 4
   dt: f
   data: [ 3.57473907e+02, 0., 4.03457886e+02, -6.31652227e+04, 0.,
       3.57473907e+02, 2.24556488e+02, 0., 0., 0., 1., 0. ]
R2: !!opencv-matrix
   rows: 3
   cols: 3
   dt: f
   data: [ 9.99415696e-01, 2.81023909e-03, -3.40645872e-02,
       -2.81517790e-03, 9.99996006e-01, -9.70223628e-05, 3.40641774e-02,
       1.92863547e-04, 9.99419630e-01 ]
