%YAML:1.0
---
Q: !!opencv-matrix
   rows: 4
   cols: 4
   dt: f
   data: [ 1., 0., 0., -3.91442474e+02, 0., 1., 0., -2.24672531e+02, 0.,
       0., 0., 3.57824951e+02, 0., 0., 5.68122370e-03, 0. ]
R: !!opencv-matrix
   rows: 3
   cols: 3
   dt: d
   data: [ 1.0007778680626185e+00, 9.8301811513277285e-03,
       1.0768770120187861e-03, -9.7316410225468612e-03,
       9.9991924257274611e-01, 4.3513985909606043e-04,
       -7.8502060674311169e-04, -1.3744023861107944e-03,
       9.9953179598382846e-01 ]
T: !!opencv-matrix
   rows: 3
   cols: 1
   dt: d
   data: [ -1.7583937196038730e+02, -2.8651138931184001e-02,
       3.7525246061996329e+00 ]
E: !!opencv-matrix
   rows: 0
   cols: 0
   dt: u
   data: []
F: !!opencv-matrix
   rows: 0
   cols: 0
   dt: u
   data: []
K1: !!opencv-matrix
   rows: 3
   cols: 3
   dt: d
   data: [ 3.6619442195486482e+02, 0., 3.7800900657017900e+02, 0.,
       3.6631176586975289e+02, 2.2959692910978347e+02, 0., 0., 1. ]
D1: !!opencv-matrix
   rows: 5
   cols: 1
   dt: d
   data: [ -2.1502618721754269e-02, -1.2951184946942121e-03,
       -3.4127852927748451e-04, 2.7086966768530415e-04,
       4.7803342796299170e-04 ]
P1: !!opencv-matrix
   rows: 3
   cols: 4
   dt: f
   data: [ 3.57824951e+02, 0., 3.91442474e+02, 0., 0., 3.57824951e+02,
       2.24672531e+02, 0., 0., 0., 1., 0. ]
R1: !!opencv-matrix
   rows: 3
   cols: 3
   dt: f
   data: [ 9.99795318e-01, 9.62314662e-03, -1.77981816e-02,
       -9.61564202e-03, 9.99953628e-01, 5.07222489e-04, 1.78022366e-02,
       -3.35977762e-04, 9.99841452e-01 ]
K2: !!opencv-matrix
   rows: 3
   cols: 3
   dt: d
   data: [ 3.6684495620748953e+02, 0., 3.7586764757372902e+02, 0.,
       3.6714722400637692e+02, 2.2165240635390552e+02, 0., 0., 1. ]
D2: !!opencv-matrix
   rows: 5
   cols: 1
   dt: d
   data: [ -2.2125888778928394e-02, -1.1613594850445373e-03,
       2.4824541603873712e-04, -1.2117770058109102e-04,
       4.8874862320422683e-04 ]
P2: !!opencv-matrix
   rows: 3
   cols: 4
   dt: f
   data: [ 3.57824951e+02, 0., 3.91442474e+02, -6.29837813e+04, 0.,
       3.57824951e+02, 2.24672531e+02, 0., 0., 0., 1., 0. ]
R2: !!opencv-matrix
   rows: 3
   cols: 3
   dt: f
   data: [ 9.99823213e-01, -1.78039772e-04, -1.88023150e-02,
       1.70111933e-04, 9.99999881e-01, -4.23239748e-04, 1.88023876e-02,
       4.19966411e-04, 9.99823153e-01 ]
