%YAML:1.0
---
Q: !!opencv-matrix
   rows: 4
   cols: 4
   dt: f
   data: [ 1., 0., 0., -4.18381592e+02, 0., 1., 0., -2.24251450e+02, 0.,
       0., 0., 3.58060211e+02, 0., 0., 5.56394877e-03, 0. ]
R: !!opencv-matrix
   rows: 3
   cols: 3
   dt: d
   data: [ 9.9996343235907548e-01, 9.7177222198551617e-03,
       9.4873106839513208e-04, -9.9784771806513302e-03,
       1.0010391175866169e+00, 1.3605118712897483e-03,
       -6.3917864488139656e-04, -1.3287602888461005e-03,
       9.9973720586966563e-01 ]
T: !!opencv-matrix
   rows: 3
   cols: 1
   dt: d
   data: [ -1.7905753173486033e+02, -2.1149321427077923e+00,
       9.3794500083883321e+00 ]
E: !!opencv-matrix
   rows: 0
   cols: 0
   dt: u
   data: []
F: !!opencv-matrix
   rows: 0
   cols: 0
   dt: u
   data: []
K1: !!opencv-matrix
   rows: 3
   cols: 3
   dt: d
   data: [ 3.6619442195486482e+02, 0., 3.7800900657017900e+02, 0.,
       3.6631176586975289e+02, 2.2959692910978347e+02, 0., 0., 1. ]
D1: !!opencv-matrix
   rows: 5
   cols: 1
   dt: d
   data: [ -2.1502618721754269e-02, -1.2951184946942121e-03,
       -3.4127852927748451e-04, 2.7086966768530415e-04,
       4.7803342796299170e-04 ]
P1: !!opencv-matrix
   rows: 3
   cols: 4
   dt: f
   data: [ 3.58060211e+02, 0., 4.18381592e+02, 0., 0., 3.58060211e+02,
       2.24251450e+02, 0., 0., 0., 1., 0. ]
R1: !!opencv-matrix
   rows: 3
   cols: 3
   dt: f
   data: [ 9.98448968e-01, 1.91492401e-02, -5.22777513e-02,
       -1.91202164e-02, 9.99816656e-01, 1.05531316e-03, 5.22883758e-02,
       -5.41143781e-05, 9.98632014e-01 ]
K2: !!opencv-matrix
   rows: 3
   cols: 3
   dt: d
   data: [ 3.6684495620748953e+02, 0., 3.7586764757372902e+02, 0.,
       3.6714722400637692e+02, 2.2165240635390552e+02, 0., 0., 1. ]
D2: !!opencv-matrix
   rows: 5
   cols: 1
   dt: d
   data: [ -2.2125888778928394e-02, -1.1613594850445373e-03,
       2.4824541603873712e-04, -1.2117770058109102e-04,
       4.8874862320422683e-04 ]
P2: !!opencv-matrix
   rows: 3
   cols: 4
   dt: f
   data: [ 3.58060211e+02, 0., 4.18381592e+02, -6.43536172e+04, 0.,
       3.58060211e+02, 2.24251450e+02, 0., 0., 0., 1., 0. ]
R2: !!opencv-matrix
   rows: 3
   cols: 3
   dt: f
   data: [ 9.98541355e-01, 9.29774903e-03, -5.31856976e-02,
       -9.32727195e-03, 9.99956429e-01, -3.06911679e-04, 5.31805307e-02,
       8.02541501e-04, 9.98584569e-01 ]
