%YAML:1.0
---
Q: !!opencv-matrix
   rows: 4
   cols: 4
   dt: f
   data: [ 1., 0., 0., -3.95931854e+02, 0., 1., 0., -2.24609512e+02, 0.,
       0., 0., 3.57535431e+02, 0., 0., 5.65432850e-03, 0. ]
R: !!opencv-matrix
   rows: 3
   cols: 3
   dt: d
   data: [ 1.0000803473984372e+00, 9.7749937359079258e-03,
       8.4069249383671412e-04, -9.7177834565573221e-03,
       1.0002878430284747e+00, 6.8690427072399922e-04,
       -7.1604476804736431e-04, -7.3778068300544327e-04,
       9.9991550627560410e-01 ]
T: !!opencv-matrix
   rows: 3
   cols: 1
   dt: d
   data: [ -1.7664814068980826e+02, -3.2157790452911900e-01,
       5.0562315804906142e+00 ]
E: !!opencv-matrix
   rows: 0
   cols: 0
   dt: u
   data: []
F: !!opencv-matrix
   rows: 0
   cols: 0
   dt: u
   data: []
K1: !!opencv-matrix
   rows: 3
   cols: 3
   dt: d
   data: [ 3.6619442195486482e+02, 0., 3.7800900657017900e+02, 0.,
       3.6631176586975289e+02, 2.2959692910978347e+02, 0., 0., 1. ]
D1: !!opencv-matrix
   rows: 5
   cols: 1
   dt: d
   data: [ -2.1502618721754269e-02, -1.2951184946942121e-03,
       -3.4127852927748451e-04, 2.7086966768530415e-04,
       4.7803342796299170e-04 ]
P1: !!opencv-matrix
   rows: 3
   cols: 4
   dt: f
   data: [ 3.57535431e+02, 0., 3.95931854e+02, 0., 0., 3.57535431e+02,
       2.24609512e+02, 0., 0., 0., 1., 0. ]
R1: !!opencv-matrix
   rows: 3
   cols: 3
   dt: f
   data: [ 9.99640167e-01, 1.26294419e-02, -2.36646775e-02,
       -1.26218181e-02, 9.99920249e-01, 4.71502630e-04, 2.36687455e-02,
       -1.72641696e-04, 9.99719858e-01 ]
K2: !!opencv-matrix
   rows: 3
   cols: 3
   dt: d
   data: [ 3.6684495620748953e+02, 0., 3.7586764757372902e+02, 0.,
       3.6714722400637692e+02, 2.2165240635390552e+02, 0., 0., 1. ]
D2: !!opencv-matrix
   rows: 5
   cols: 1
   dt: d
   data: [ -2.2125888778928394e-02, -1.1613594850445373e-03,
       2.4824541603873712e-04, -1.2117770058109102e-04,
       4.8874862320422683e-04 ]
P2: !!opencv-matrix
   rows: 3
   cols: 4
   dt: f
   data: [ 3.57535431e+02, 0., 3.95931854e+02, -6.32321602e+04, 0.,
       3.57535431e+02, 2.24609512e+02, 0., 0., 0., 1., 0. ]
R2: !!opencv-matrix
   rows: 3
   cols: 3
   dt: f
   data: [ 9.99695241e-01, 2.85875518e-03, -2.45202146e-02,
       -2.86665373e-03, 9.99995828e-01, -2.86974828e-04, 2.45192926e-02,
       3.57178360e-04, 9.99699295e-01 ]
