%YAML:1.0
---
Q: !!opencv-matrix
   rows: 4
   cols: 4
   dt: f
   data: [ 1., 0., 0., -3.78084869e+02, 0., 1., 0., -2.24720825e+02, 0.,
       0., 0., 3.55599274e+02, 0., 0., 5.48083289e-03, 0. ]
R: !!opencv-matrix
   rows: 3
   cols: 3
   dt: d
   data: [ 9.9927700120917462e-01, 9.8139129350404957e-03,
       1.4523869179112264e-03, -9.8952170166281342e-03,
       9.9979135795870422e-01, 1.4768524413641250e-04,
       -1.6464558581530894e-03, -1.3418560259565550e-03,
       1.0005108779746363e+00 ]
T: !!opencv-matrix
   rows: 3
   cols: 1
   dt: d
   data: [ -1.8245351094277399e+02, -2.2302960535416025e-01,
       3.6700952819100968e-01 ]
E: !!opencv-matrix
   rows: 0
   cols: 0
   dt: u
   data: []
F: !!opencv-matrix
   rows: 0
   cols: 0
   dt: u
   data: []
K1: !!opencv-matrix
   rows: 3
   cols: 3
   dt: d
   data: [ 3.6619442195486482e+02, 0., 3.7800900657017900e+02, 0.,
       3.6631176586975289e+02, 2.2959692910978347e+02, 0., 0., 1. ]
D1: !!opencv-matrix
   rows: 5
   cols: 1
   dt: d
   data: [ -2.1502618721754269e-02, -1.2951184946942121e-03,
       -3.4127852927748451e-04, 2.7086966768530415e-04,
       4.7803342796299170e-04 ]
P1: !!opencv-matrix
   rows: 3
   cols: 4
   dt: f
   data: [ 3.55599274e+02, 0., 3.78084869e+02, 0., 0., 3.55599274e+02,
       2.24720825e+02, 0., 0., 0., 1., 0. ]
R1: !!opencv-matrix
   rows: 3
   cols: 3
   dt: f
   data: [ 9.99938488e-01, 1.10823270e-02, -4.54483554e-04,
       -1.10821594e-02, 9.99938548e-01, 3.69185756e-04, 4.58547060e-04,
       -3.64126405e-04, 9.99999821e-01 ]
K2: !!opencv-matrix
   rows: 3
   cols: 3
   dt: d
   data: [ 3.6684495620748953e+02, 0., 3.7586764757372902e+02, 0.,
       3.6714722400637692e+02, 2.2165240635390552e+02, 0., 0., 1. ]
D2: !!opencv-matrix
   rows: 5
   cols: 1
   dt: d
   data: [ -2.2125888778928394e-02, -1.1613594850445373e-03,
       2.4824541603873712e-04, -1.2117770058109102e-04,
       4.8874862320422683e-04 ]
P2: !!opencv-matrix
   rows: 3
   cols: 4
   dt: f
   data: [ 3.55599274e+02, 0., 3.78084869e+02, -6.48805156e+04, 0.,
       3.55599274e+02, 2.24720825e+02, 0., 0., 0., 1., 0. ]
R2: !!opencv-matrix
   rows: 3
   cols: 3
   dt: f
   data: [ 9.99997258e-01, 1.22238800e-03, -2.01151799e-03,
       -1.22312550e-03, 9.99999166e-01, -3.65431799e-04, 2.01106956e-03,
       3.67891131e-04, 9.99997914e-01 ]
