%YAML:1.0
---
Q: !!opencv-matrix
   rows: 4
   cols: 4
   dt: f
   data: [ 1., 0., 0., -3.99216217e+02, 0., 1., 0., -2.24508896e+02, 0.,
       0., 0., 3.57754639e+02, 0., 0., 5.69164241e-03, 0. ]
R: !!opencv-matrix
   rows: 3
   cols: 3
   dt: d
   data: [ 9.9992253278164167e-01, 9.8857316798106280e-03,
       8.7889044492320907e-04, -9.6772584049117111e-03,
       1.0003656491846464e+00, 1.1574132403769490e-03,
       -7.3547745422023446e-04, -7.6394567612120081e-05,
       1.0000233632514925e+00 ]
T: !!opencv-matrix
   rows: 3
   cols: 1
   dt: d
   data: [ -1.7563738793472604e+02, -1.4269236392036571e+00,
       4.0618135240453821e+00 ]
E: !!opencv-matrix
   rows: 0
   cols: 0
   dt: u
   data: []
F: !!opencv-matrix
   rows: 0
   cols: 0
   dt: u
   data: []
K1: !!opencv-matrix
   rows: 3
   cols: 3
   dt: d
   data: [ 3.6619442195486482e+02, 0., 3.7800900657017900e+02, 0.,
       3.6631176586975289e+02, 2.2959692910978347e+02, 0., 0., 1. ]
D1: !!opencv-matrix
   rows: 5
   cols: 1
   dt: d
   data: [ -2.1502618721754269e-02, -1.2951184946942121e-03,
       -3.4127852927748451e-04, 2.7086966768530415e-04,
       4.7803342796299170e-04 ]
P1: !!opencv-matrix
   rows: 3
   cols: 4
   dt: f
   data: [ 3.57754639e+02, 0., 3.99216217e+02, 0., 0., 3.57754639e+02,
       2.24508896e+02, 0., 0., 0., 1., 0. ]
R1: !!opencv-matrix
   rows: 3
   cols: 3
   dt: f
   data: [ 9.99455810e-01, 1.74483340e-02, -2.79945899e-02,
       -1.74414646e-02, 9.99847770e-01, 4.89540573e-04, 2.79988702e-02,
       -1.00751140e-06, 9.99607980e-01 ]
K2: !!opencv-matrix
   rows: 3
   cols: 3
   dt: d
   data: [ 3.6684495620748953e+02, 0., 3.7586764757372902e+02, 0.,
       3.6714722400637692e+02, 2.2165240635390552e+02, 0., 0., 1. ]
D2: !!opencv-matrix
   rows: 5
   cols: 1
   dt: d
   data: [ -2.2125888778928394e-02, -1.1613594850445373e-03,
       2.4824541603873712e-04, -1.2117770058109102e-04,
       4.8874862320422683e-04 ]
P2: !!opencv-matrix
   rows: 3
   cols: 4
   dt: f
   data: [ 3.57754639e+02, 0., 3.99216217e+02, -6.28561328e+04, 0.,
       3.57754639e+02, 2.24508896e+02, 0., 0., 0., 1., 0. ]
R2: !!opencv-matrix
   rows: 3
   cols: 3
   dt: f
   data: [ 9.99557316e-01, 7.64246611e-03, -2.87531372e-02,
       -7.64951995e-03, 9.99970734e-01, -1.35336391e-04, 2.87512615e-02,
       3.55224154e-04, 9.99586523e-01 ]
