%YAML:1.0
---
Q: !!opencv-matrix
   rows: 4
   cols: 4
   dt: f
   data: [ 1., 0., 0., -3.92335388e+02, 0., 1., 0., -2.24563538e+02, 0.,
       0., 0., 3.57718231e+02, 0., 0., 5.56574576e-03, 0. ]
R: !!opencv-matrix
   rows: 3
   cols: 3
   dt: d
   data: [ 9.9992716242604385e-01, 1.0058782878968451e-02,
       1.1136455790870881e-03, -9.8942013758928291e-03,
       1.0002014885519328e+00, 7.3962790188889156e-04,
       -1.0682873287967908e-03, -4.2942506445022070e-04,
       9.9998627120647454e-01 ]
T: !!opencv-matrix
   rows: 3
   cols: 1
   dt: d
   data: [ -1.7986388348449293e+02, -1.3328480088155314e+00,
       3.1509987512672626e+00 ]
E: !!opencv-matrix
   rows: 0
   cols: 0
   dt: u
   data: []
F: !!opencv-matrix
   rows: 0
   cols: 0
   dt: u
   data: []
K1: !!opencv-matrix
   rows: 3
   cols: 3
   dt: d
   data: [ 3.6619442195486482e+02, 0., 3.7800900657017900e+02, 0.,
       3.6631176586975289e+02, 2.2959692910978347e+02, 0., 0., 1. ]
D1: !!opencv-matrix
   rows: 5
   cols: 1
   dt: d
   data: [ -2.1502618721754269e-02, -1.2951184946942121e-03,
       -3.4127852927748451e-04, 2.7086966768530415e-04,
       4.7803342796299170e-04 ]
P1: !!opencv-matrix
   rows: 3
   cols: 4
   dt: f
   data: [ 3.57718231e+02, 0., 3.92335388e+02, 0., 0., 3.57718231e+02,
       2.24563538e+02, 0., 0., 0., 1., 0. ]
R1: !!opencv-matrix
   rows: 3
   cols: 3
   dt: f
   data: [ 9.99643147e-01, 1.86827052e-02, -1.90942250e-02,
       -1.86776258e-02, 9.99825478e-01, 4.44324018e-04, 1.90991927e-02,
       -8.75306359e-05, 9.99817610e-01 ]
K2: !!opencv-matrix
   rows: 3
   cols: 3
   dt: d
   data: [ 3.6684495620748953e+02, 0., 3.7586764757372902e+02, 0.,
       3.6714722400637692e+02, 2.2165240635390552e+02, 0., 0., 1. ]
D2: !!opencv-matrix
   rows: 5
   cols: 1
   dt: d
   data: [ -2.2125888778928394e-02, -1.1613594850445373e-03,
       2.4824541603873712e-04, -1.2117770058109102e-04,
       4.8874862320422683e-04 ]
P2: !!opencv-matrix
   rows: 3
   cols: 4
   dt: f
   data: [ 3.57718231e+02, 0., 3.92335388e+02, -6.42713945e+04, 0.,
       3.57718231e+02, 2.24563538e+02, 0., 0., 0., 1., 0. ]
R2: !!opencv-matrix
   rows: 3
   cols: 3
   dt: f
   data: [ 9.99759614e-01, 8.69310368e-03, -2.01284084e-02,
       -8.69845692e-03, 9.99962151e-01, -1.78413466e-04, 2.01260950e-02,
       3.53456679e-04, 9.99797404e-01 ]
