%YAML:1.0
---
Q: !!opencv-matrix
   rows: 4
   cols: 4
   dt: f
   data: [ 1., 0., 0., -4.14597931e+02, 0., 1., 0., -2.24100601e+02, 0.,
       0., 0., 3.58963623e+02, 0., 0., 5.64634008e-03, 0. ]
R: !!opencv-matrix
   rows: 3
   cols: 3
   dt: d
   data: [ 1.0001413858582582e+00, 9.9086714600121247e-03,
       4.3202870665055788e-04, -9.8603847023269880e-03,
       1.0012640202417902e+00, 1.4865507108260938e-03,
       -2.4211435274358885e-04, -9.0315511143388815e-04,
       9.9964276468449931e-01 ]
T: !!opencv-matrix
   rows: 3
   cols: 1
   dt: d
   data: [ -1.7668706279084819e+02, -2.7646980319040573e+00,
       9.3742154418980146e+00 ]
E: !!opencv-matrix
   rows: 0
   cols: 0
   dt: u
   data: []
F: !!opencv-matrix
   rows: 0
   cols: 0
   dt: u
   data: []
K1: !!opencv-matrix
   rows: 3
   cols: 3
   dt: d
   data: [ 3.6619442195486482e+02, 0., 3.7800900657017900e+02, 0.,
       3.6631176586975289e+02, 2.2959692910978347e+02, 0., 0., 1. ]
D1: !!opencv-matrix
   rows: 5
   cols: 1
   dt: d
   data: [ -2.1502618721754269e-02, -1.2951184946942121e-03,
       -3.4127852927748451e-04, 2.7086966768530415e-04,
       4.7803342796299170e-04 ]
P1: !!opencv-matrix
   rows: 3
   cols: 4
   dt: f
   data: [ 3.58963623e+02, 0., 4.14597931e+02, 0., 0., 3.58963623e+02,
       2.24100601e+02, 0., 0., 0., 1., 0. ]
R1: !!opencv-matrix
   rows: 3
   cols: 3
   dt: f
   data: [ 9.98496234e-01, 2.66969353e-02, -4.78804260e-02,
       -2.66778469e-02, 9.99643564e-01, 1.03777100e-03, 4.78910655e-02,
       2.41136251e-04, 9.98852551e-01 ]
K2: !!opencv-matrix
   rows: 3
   cols: 3
   dt: d
   data: [ 3.6684495620748953e+02, 0., 3.7586764757372902e+02, 0.,
       3.6714722400637692e+02, 2.2165240635390552e+02, 0., 0., 1. ]
D2: !!opencv-matrix
   rows: 5
   cols: 1
   dt: d
   data: [ -2.2125888778928394e-02, -1.1613594850445373e-03,
       2.4824541603873712e-04, -1.2117770058109102e-04,
       4.8874862320422683e-04 ]
P2: !!opencv-matrix
   rows: 3
   cols: 4
   dt: f
   data: [ 3.58963623e+02, 0., 4.14597931e+02, -6.35745625e+04, 0.,
       3.58963623e+02, 2.24100601e+02, 0., 0., 0., 1., 0. ]
R2: !!opencv-matrix
   rows: 3
   cols: 3
   dt: f
   data: [ 9.98692214e-01, 1.67475641e-02, -4.83053401e-02,
       -1.67668182e-02, 9.99859452e-01, 6.63085120e-06, 4.82986607e-02,
       8.03304662e-04, 9.98832643e-01 ]
