%YAML:1.0
---
Q: !!opencv-matrix
   rows: 4
   cols: 4
   dt: f
   data: [ 1., 0., 0., -3.81421387e+02, 0., 1., 0., -2.24746353e+02, 0.,
       0., 0., 3.57886566e+02, 0., 0., 5.55751426e-03, 0. ]
R: !!opencv-matrix
   rows: 3
   cols: 3
   dt: d
   data: [ 1.0000628369687179e+00, 9.5608606341223458e-03,
       1.2592586165947083e-03, -9.4746624355733847e-03,
       9.9937618215179647e-01, 2.0466432219465276e-04,
       -1.4717052766020783e-03, -1.0362411860085755e-03,
       1.0001247870145904e+00 ]
T: !!opencv-matrix
   rows: 3
   cols: 1
   dt: d
   data: [ -1.8008928900504978e+02, 1.7633368654829749e+00,
       1.2969796729755714e+00 ]
E: !!opencv-matrix
   rows: 0
   cols: 0
   dt: u
   data: []
F: !!opencv-matrix
   rows: 0
   cols: 0
   dt: u
   data: []
K1: !!opencv-matrix
   rows: 3
   cols: 3
   dt: d
   data: [ 3.6619442195486482e+02, 0., 3.7800900657017900e+02, 0.,
       3.6631176586975289e+02, 2.2959692910978347e+02, 0., 0., 1. ]
D1: !!opencv-matrix
   rows: 5
   cols: 1
   dt: d
   data: [ -2.1502618721754269e-02, -1.2951184946942121e-03,
       -3.4127852927748451e-04, 2.7086966768530415e-04,
       4.7803342796299170e-04 ]
P1: !!opencv-matrix
   rows: 3
   cols: 4
   dt: f
   data: [ 3.57886566e+02, 0., 3.81421387e+02, 0., 0., 3.57886566e+02,
       2.24746353e+02, 0., 0., 0., 1., 0. ]
R1: !!opencv-matrix
   rows: 3
   cols: 3
   dt: f
   data: [ 9.99987125e-01, 1.99067476e-03, -4.67388658e-03,
       -1.98919233e-03, 9.99997973e-01, 3.21779866e-04, 4.67451755e-03,
       -3.12478456e-04, 9.99989033e-01 ]
K2: !!opencv-matrix
   rows: 3
   cols: 3
   dt: d
   data: [ 3.6684495620748953e+02, 0., 3.7586764757372902e+02, 0.,
       3.6714722400637692e+02, 2.2165240635390552e+02, 0., 0., 1. ]
D2: !!opencv-matrix
   rows: 5
   cols: 1
   dt: d
   data: [ -2.2125888778928394e-02, -1.1613594850445373e-03,
       2.4824541603873712e-04, -1.2117770058109102e-04,
       4.8874862320422683e-04 ]
P2: !!opencv-matrix
   rows: 3
   cols: 4
   dt: f
   data: [ 3.57886566e+02, 0., 3.81421387e+02, -6.43968750e+04, 0.,
       3.57886566e+02, 2.24746353e+02, 0., 0., 0., 1., 0. ]
R2: !!opencv-matrix
   rows: 3
   cols: 3
   dt: f
   data: [ 9.99953389e-01, -7.56028481e-03, -6.00092020e-03,
       7.55838118e-03, 9.99971390e-01, -3.39813036e-04, 6.00331742e-03,
       2.94439960e-04, 9.99981940e-01 ]
