%YAML:1.0
---
Q: !!opencv-matrix
   rows: 4
   cols: 4
   dt: f
   data: [ 1., 0., 0., -3.87513702e+02, 0., 1., 0., -2.24710754e+02, 0.,
       0., 0., 3.58437500e+02, 0., 0., 5.66984341e-03, 0. ]
R: !!opencv-matrix
   rows: 3
   cols: 3
   dt: d
   data: [ 1.0009571610932508e+00, 9.8228437084088831e-03,
       1.1300933804671359e-03, -9.7558278809838413e-03,
       9.9976642236780144e-01, 2.9343278532317063e-04,
       -8.6392895682319861e-04, -1.5750147404896063e-03,
       9.9944023745422583e-01 ]
T: !!opencv-matrix
   rows: 3
   cols: 1
   dt: d
   data: [ -1.7598730362565848e+02, 3.1338279413067181e-02,
       3.3095537331175660e+00 ]
E: !!opencv-matrix
   rows: 0
   cols: 0
   dt: u
   data: []
F: !!opencv-matrix
   rows: 0
   cols: 0
   dt: u
   data: []
K1: !!opencv-matrix
   rows: 3
   cols: 3
   dt: d
   data: [ 3.6619442195486482e+02, 0., 3.7800900657017900e+02, 0.,
       3.6631176586975289e+02, 2.2959692910978347e+02, 0., 0., 1. ]
D1: !!opencv-matrix
   rows: 5
   cols: 1
   dt: d
   data: [ -2.1502618721754269e-02, -1.2951184946942121e-03,
       -3.4127852927748451e-04, 2.7086966768530415e-04,
       4.7803342796299170e-04 ]
P1: !!opencv-matrix
   rows: 3
   cols: 4
   dt: f
   data: [ 3.58437500e+02, 0., 3.87513702e+02, 0., 0., 3.58437500e+02,
       2.24710754e+02, 0., 0., 0., 1., 0. ]
R1: !!opencv-matrix
   rows: 3
   cols: 3
   dt: f
   data: [ 9.99894559e-01, 7.08852010e-03, -1.26752164e-02,
       -7.08387373e-03, 9.99974847e-01, 4.11424262e-04, 1.26778129e-02,
       -3.21591244e-04, 9.99919593e-01 ]
K2: !!opencv-matrix
   rows: 3
   cols: 3
   dt: d
   data: [ 3.6684495620748953e+02, 0., 3.7586764757372902e+02, 0.,
       3.6714722400637692e+02, 2.2165240635390552e+02, 0., 0., 1. ]
D2: !!opencv-matrix
   rows: 5
   cols: 1
   dt: d
   data: [ -2.2125888778928394e-02, -1.1613594850445373e-03,
       2.4824541603873712e-04, -1.2117770058109102e-04,
       4.8874862320422683e-04 ]
P2: !!opencv-matrix
   rows: 3
   cols: 4
   dt: f
   data: [ 3.58437500e+02, 0., 3.87513702e+02, -6.32182383e+04, 0.,
       3.58437500e+02, 2.24710754e+02, 0., 0., 0., 1., 0. ]
R2: !!opencv-matrix
   rows: 3
   cols: 3
   dt: f
   data: [ 9.99901354e-01, -2.72118370e-03, -1.37812579e-02,
       2.71613244e-03, 9.99996245e-01, -3.85243242e-04, 1.37822544e-02,
       3.47773486e-04, 9.99904931e-01 ]
