%YAML:1.0
---
Q: !!opencv-matrix
   rows: 4
   cols: 4
   dt: f
   data: [ 1., 0., 0., -3.90369354e+02, 0., 1., 0., -2.24578720e+02, 0.,
       0., 0., 3.57771942e+02, 0., 0., 5.60632348e-03, 0. ]
R: !!opencv-matrix
   rows: 3
   cols: 3
   dt: d
   data: [ 9.9970010101762552e-01, 9.8191526510110882e-03,
       7.0975442355454164e-04, -9.8046177541531356e-03,
       1.0002476379254044e+00, 9.8942232800567579e-04,
       -8.3257036278770410e-04, -1.7680187353241261e-04,
       1.0001599819670264e+00 ]
T: !!opencv-matrix
   rows: 3
   cols: 1
   dt: d
   data: [ -1.7890409762255342e+02, -1.6474226371121123e+00,
       2.5478805296926370e+00 ]
E: !!opencv-matrix
   rows: 0
   cols: 0
   dt: u
   data: []
F: !!opencv-matrix
   rows: 0
   cols: 0
   dt: u
   data: []
K1: !!opencv-matrix
   rows: 3
   cols: 3
   dt: d
   data: [ 3.6619442195486482e+02, 0., 3.7800900657017900e+02, 0.,
       3.6631176586975289e+02, 2.2959692910978347e+02, 0., 0., 1. ]
D1: !!opencv-matrix
   rows: 5
   cols: 1
   dt: d
   data: [ -2.1502618721754269e-02, -1.2951184946942121e-03,
       -3.4127852927748451e-04, 2.7086966768530415e-04,
       4.7803342796299170e-04 ]
P1: !!opencv-matrix
   rows: 3
   cols: 4
   dt: f
   data: [ 3.57771942e+02, 0., 3.90369354e+02, 0., 0., 3.57771942e+02,
       2.24578720e+02, 0., 0., 0., 1., 0. ]
R1: !!opencv-matrix
   rows: 3
   cols: 3
   dt: f
   data: [ 9.99678135e-01, 1.90148018e-02, -1.67964678e-02,
       -1.90110020e-02, 9.99819219e-01, 3.85857973e-04, 1.68007687e-02,
       -6.64160762e-05, 9.99858856e-01 ]
K2: !!opencv-matrix
   rows: 3
   cols: 3
   dt: d
   data: [ 3.6684495620748953e+02, 0., 3.7586764757372902e+02, 0.,
       3.6714722400637692e+02, 2.2165240635390552e+02, 0., 0., 1. ]
D2: !!opencv-matrix
   rows: 5
   cols: 1
   dt: d
   data: [ -2.2125888778928394e-02, -1.1613594850445373e-03,
       2.4824541603873712e-04, -1.2117770058109102e-04,
       4.8874862320422683e-04 ]
P2: !!opencv-matrix
   rows: 3
   cols: 4
   dt: f
   data: [ 3.57771942e+02, 0., 3.90369354e+02, -6.38157852e+04, 0.,
       3.57771942e+02, 2.24578720e+02, 0., 0., 0., 1., 0. ]
R2: !!opencv-matrix
   rows: 3
   cols: 3
   dt: f
   data: [ 9.99805570e-01, 9.24390648e-03, -1.74175911e-02,
       -9.24784504e-03, 9.99957204e-01, -1.45620783e-04, 1.74155012e-02,
       3.06667673e-04, 9.99848306e-01 ]
