%YAML:1.0
---
Q: !!opencv-matrix
   rows: 4
   cols: 4
   dt: f
   data: [ 1., 0., 0., -4.06878784e+02, 0., 1., 0., -2.24185165e+02, 0.,
       0., 0., 3.59003601e+02, 0., 0., 5.59136225e-03, 0. ]
R: !!opencv-matrix
   rows: 3
   cols: 3
   dt: d
   data: [ 1.0015550039985774e+00, 1.1060892711656750e-02,
       9.5568012364152669e-04, -1.0764244434884766e-02,
       1.0042593296966091e+00, 5.6656463445675384e-03,
       9.2986255539318603e-04, 2.6629960697659672e-03,
       9.9767310269989828e-01 ]
T: !!opencv-matrix
   rows: 3
   cols: 1
   dt: d
   data: [ -1.7932410863110445e+02, -1.5411847086323194e+01,
       2.1041818698707079e+01 ]
E: !!opencv-matrix
   rows: 0
   cols: 0
   dt: u
   data: []
F: !!opencv-matrix
   rows: 0
   cols: 0
   dt: u
   data: []
K1: !!opencv-matrix
   rows: 3
   cols: 3
   dt: d
   data: [ 3.6619442195486482e+02, 0., 3.7800900657017900e+02, 0.,
       3.6631176586975289e+02, 2.2959692910978347e+02, 0., 0., 1. ]
D1: !!opencv-matrix
   rows: 5
   cols: 1
   dt: d
   data: [ -2.1502618721754269e-02, -1.2951184946942121e-03,
       -3.4127852927748451e-04, 2.7086966768530415e-04,
       4.7803342796299170e-04 ]
P1: !!opencv-matrix
   rows: 3
   cols: 4
   dt: f
   data: [ 3.59003601e+02, 0., 4.06878784e+02, 0., 0., 3.59003601e+02,
       2.24185165e+02, 0., 0., 0., 1., 0. ]
R1: !!opencv-matrix
   rows: 3
   cols: 3
   dt: f
   data: [ 9.98858273e-01, 2.89956816e-02, -3.79651524e-02,
       -2.89814752e-02, 9.99579549e-01, 9.24565713e-04, 3.79759967e-02,
       1.76775982e-04, 9.99278665e-01 ]
K2: !!opencv-matrix
   rows: 3
   cols: 3
   dt: d
   data: [ 3.6684495620748953e+02, 0., 3.7586764757372902e+02, 0.,
       3.6714722400637692e+02, 2.2165240635390552e+02, 0., 0., 1. ]
D2: !!opencv-matrix
   rows: 5
   cols: 1
   dt: d
   data: [ -2.2125888778928394e-02, -1.1613594850445373e-03,
       2.4824541603873712e-04, -1.2117770058109102e-04,
       4.8874862320422683e-04 ]
P2: !!opencv-matrix
   rows: 3
   cols: 4
   dt: f
   data: [ 3.59003601e+02, 0., 4.06878784e+02, -6.42068203e+04, 0.,
       3.59003601e+02, 2.24185165e+02, 0., 0., 0., 1., 0. ]
R2: !!opencv-matrix
   rows: 3
   cols: 3
   dt: f
   data: [ 9.99070644e-01, 1.89218931e-02, -3.87271829e-02,
       -1.89363807e-02, 9.99820709e-01, -7.24174834e-06, 3.87201048e-02,
       7.40587711e-04, 9.99249816e-01 ]
