%YAML:1.0
---
Q: !!opencv-matrix
   rows: 4
   cols: 4
   dt: f
   data: [ 1., 0., 0., -4.04267700e+02, 0., 1., 0., -2.24270264e+02, 0.,
       0., 0., 3.58731293e+02, 0., 0., 5.60985832e-03, 0. ]
R: !!opencv-matrix
   rows: 3
   cols: 3
   dt: d
   data: [ 9.9994647290755678e-01, 1.0405685675337766e-02,
       8.8078830307841271e-04, -1.0033451954949564e-02,
       1.0011882380848811e+00, 2.0119816782386249e-03,
       -7.4173109729923381e-04, 4.5499460283171192e-04,
       9.9974126865904678e-01 ]
T: !!opencv-matrix
   rows: 3
   cols: 1
   dt: d
   data: [ -1.7894422531903493e+02, -4.2218132658108916e+00,
       7.5186332910959557e+00 ]
E: !!opencv-matrix
   rows: 0
   cols: 0
   dt: u
   data: []
F: !!opencv-matrix
   rows: 0
   cols: 0
   dt: u
   data: []
K1: !!opencv-matrix
   rows: 3
   cols: 3
   dt: d
   data: [ 3.6619442195486482e+02, 0., 3.7800900657017900e+02, 0.,
       3.6631176586975289e+02, 2.2959692910978347e+02, 0., 0., 1. ]
D1: !!opencv-matrix
   rows: 5
   cols: 1
   dt: d
   data: [ -2.1502618721754269e-02, -1.2951184946942121e-03,
       -3.4127852927748451e-04, 2.7086966768530415e-04,
       4.7803342796299170e-04 ]
P1: !!opencv-matrix
   rows: 3
   cols: 4
   dt: f
   data: [ 3.58731293e+02, 0., 4.04267700e+02, 0., 0., 3.58731293e+02,
       2.24270264e+02, 0., 0., 0., 1., 0. ]
R1: !!opencv-matrix
   rows: 3
   cols: 3
   dt: f
   data: [ 9.99034166e-01, 2.70768832e-02, -3.46064903e-02,
       -2.70620584e-02, 9.99633372e-01, 8.96789308e-04, 3.46180871e-02,
       4.05997380e-05, 9.99400616e-01 ]
K2: !!opencv-matrix
   rows: 3
   cols: 3
   dt: d
   data: [ 3.6684495620748953e+02, 0., 3.7586764757372902e+02, 0.,
       3.6714722400637692e+02, 2.2165240635390552e+02, 0., 0., 1. ]
D2: !!opencv-matrix
   rows: 5
   cols: 1
   dt: d
   data: [ -2.2125888778928394e-02, -1.1613594850445373e-03,
       2.4824541603873712e-04, -1.2117770058109102e-04,
       4.8874862320422683e-04 ]
P2: !!opencv-matrix
   rows: 3
   cols: 4
   dt: f
   data: [ 3.58731293e+02, 0., 4.04267700e+02, -6.39465859e+04, 0.,
       3.58731293e+02, 2.24270264e+02, 0., 0., 0., 1., 0. ]
R2: !!opencv-matrix
   rows: 3
   cols: 3
   dt: f
   data: [ 9.99229550e-01, 1.70059167e-02, -3.53712700e-02,
       -1.70210637e-02, 9.99855101e-01, -1.27136358e-04, 3.53639834e-02,
       7.29095074e-04, 9.99374211e-01 ]
