%YAML:1.0
---
Q: !!opencv-matrix
   rows: 4
   cols: 4
   dt: f
   data: [ 1., 0., 0., -3.85496490e+02, 0., 1., 0., -2.24603195e+02, 0.,
       0., 0., 3.57434723e+02, 0., 0., 5.71208587e-03, 0. ]
R: !!opencv-matrix
   rows: 3
   cols: 3
   dt: d
   data: [ 9.9987623499906064e-01, 9.7651070522695796e-03,
       1.0032383351583410e-03, -9.8180183810710787e-03,
       1.0002125018369112e+00, 1.3094398122847045e-03,
       -9.4664149645409823e-04, -3.6192784839682264e-04,
       1.0001005018527058e+00 ]
T: !!opencv-matrix
   rows: 3
   cols: 1
   dt: d
   data: [ -1.7566797535714031e+02, -2.7846673219499603e+00,
       2.5348607847998794e+00 ]
E: !!opencv-matrix
   rows: 0
   cols: 0
   dt: u
   data: []
F: !!opencv-matrix
   rows: 0
   cols: 0
   dt: u
   data: []
K1: !!opencv-matrix
   rows: 3
   cols: 3
   dt: d
   data: [ 3.6619442195486482e+02, 0., 3.7800900657017900e+02, 0.,
       3.6631176586975289e+02, 2.2959692910978347e+02, 0., 0., 1. ]
D1: !!opencv-matrix
   rows: 5
   cols: 1
   dt: d
   data: [ -2.1502618721754269e-02, -1.2951184946942121e-03,
       -3.4127852927748451e-04, 2.7086966768530415e-04,
       4.7803342796299170e-04 ]
P1: !!opencv-matrix
   rows: 3
   cols: 4
   dt: f
   data: [ 3.57434723e+02, 0., 3.85496490e+02, 0., 0., 3.57434723e+02,
       2.24603195e+02, 0., 0., 0., 1., 0. ]
R1: !!opencv-matrix
   rows: 3
   cols: 3
   dt: f
   data: [ 9.99690592e-01, 2.25502737e-02, -1.04974462e-02,
       -2.25461163e-02, 9.99745667e-01, 5.14178129e-04, 1.05063710e-02,
       -2.77342362e-04, 9.99944746e-01 ]
K2: !!opencv-matrix
   rows: 3
   cols: 3
   dt: d
   data: [ 3.6684495620748953e+02, 0., 3.7586764757372902e+02, 0.,
       3.6714722400637692e+02, 2.2165240635390552e+02, 0., 0., 1. ]
D2: !!opencv-matrix
   rows: 5
   cols: 1
   dt: d
   data: [ -2.2125888778928394e-02, -1.1613594850445373e-03,
       2.4824541603873712e-04, -1.2117770058109102e-04,
       4.8874862320422683e-04 ]
P2: !!opencv-matrix
   rows: 3
   cols: 4
   dt: f
   data: [ 3.57434723e+02, 0., 3.85496490e+02, -6.25751680e+04, 0.,
       3.57434723e+02, 2.24603195e+02, 0., 0., 0., 1., 0. ]
R2: !!opencv-matrix
   rows: 3
   cols: 3
   dt: f
   data: [ 9.99852538e-01, 1.28564220e-02, -1.13856811e-02,
       -1.28609268e-02, 9.99917269e-01, -3.22584849e-04, 1.13805914e-02,
       4.68967686e-04, 9.99935150e-01 ]
