%YAML:1.0
---
Q: !!opencv-matrix
   rows: 4
   cols: 4
   dt: f
   data: [ 1., 0., 0., -3.84982666e+02, 0., 1., 0., -2.24672546e+02, 0.,
       0., 0., 3.57694550e+02, 0., 0., 5.51694073e-03, 0. ]
R: !!opencv-matrix
   rows: 3
   cols: 3
   dt: d
   data: [ 1.0007617724449642e+00, 9.7363794577268216e-03,
       1.1157291625498167e-03, -9.8569116427294004e-03,
       1.0002085039158644e+00, 7.2748161338676422e-04,
       -7.9678628811658740e-04, -1.3453069451402667e-03,
       9.9945904320626333e-01 ]
T: !!opencv-matrix
   rows: 3
   cols: 1
   dt: d
   data: [ -1.8088524661233606e+02, -8.9256149589481193e-01,
       4.4334949512044641e+00 ]
E: !!opencv-matrix
   rows: 0
   cols: 0
   dt: u
   data: []
F: !!opencv-matrix
   rows: 0
   cols: 0
   dt: u
   data: []
K1: !!opencv-matrix
   rows: 3
   cols: 3
   dt: d
   data: [ 3.6619442195486482e+02, 0., 3.7800900657017900e+02, 0.,
       3.6631176586975289e+02, 2.2959692910978347e+02, 0., 0., 1. ]
D1: !!opencv-matrix
   rows: 5
   cols: 1
   dt: d
   data: [ -2.1502618721754269e-02, -1.2951184946942121e-03,
       -3.4127852927748451e-04, 2.7086966768530415e-04,
       4.7803342796299170e-04 ]
P1: !!opencv-matrix
   rows: 3
   cols: 4
   dt: f
   data: [ 3.57694550e+02, 0., 3.84982666e+02, 0., 0., 3.57694550e+02,
       2.24672546e+02, 0., 0., 0., 1., 0. ]
R1: !!opencv-matrix
   rows: 3
   cols: 3
   dt: f
   data: [ 9.99863267e-01, 1.35028576e-02, -9.54632834e-03,
       -1.34980045e-02, 9.99908745e-01, 5.72631252e-04, 9.55318939e-03,
       -4.43696539e-04, 9.99954283e-01 ]
K2: !!opencv-matrix
   rows: 3
   cols: 3
   dt: d
   data: [ 3.6684495620748953e+02, 0., 3.7586764757372902e+02, 0.,
       3.6714722400637692e+02, 2.2165240635390552e+02, 0., 0., 1. ]
D2: !!opencv-matrix
   rows: 5
   cols: 1
   dt: d
   data: [ -2.2125888778928394e-02, -1.1613594850445373e-03,
       2.4824541603873712e-04, -1.2117770058109102e-04,
       4.8874862320422683e-04 ]
P2: !!opencv-matrix
   rows: 3
   cols: 4
   dt: f
   data: [ 3.57694550e+02, 0., 3.84982666e+02, -6.48356719e+04, 0.,
       3.57694550e+02, 2.24672546e+02, 0., 0., 0., 1., 0. ]
R2: !!opencv-matrix
   rows: 3
   cols: 3
   dt: f
   data: [ 9.99936223e-01, 3.68701504e-03, -1.06750857e-02,
       -3.69243952e-03, 9.99993086e-01, -4.88480204e-04, 1.06732100e-02,
       5.27866127e-04, 9.99942899e-01 ]
