%YAML:1.0
---
Q: !!opencv-matrix
   rows: 4
   cols: 4
   dt: f
   data: [ 1., 0., 0., -3.83482544e+02, 0., 1., 0., -2.24619019e+02, 0.,
       0., 0., 3.56468109e+02, 0., 0., 5.60986018e-03, 0. ]
R: !!opencv-matrix
   rows: 3
   cols: 3
   dt: d
   data: [ 9.9960158447358305e-01, 1.0149675619695231e-02,
       1.3053522662231571e-03, -9.9957702812381952e-03,
       1.0001247183676054e+00, 1.1103770869025354e-03,
       -1.5085818290306110e-03, -5.1561879109480033e-05,
       1.0002481440800204e+00 ]
T: !!opencv-matrix
   rows: 3
   cols: 1
   dt: d
   data: [ -1.7823204512495926e+02, -2.5422776662143369e+00,
       1.6223351355526361e+00 ]
E: !!opencv-matrix
   rows: 0
   cols: 0
   dt: u
   data: []
F: !!opencv-matrix
   rows: 0
   cols: 0
   dt: u
   data: []
K1: !!opencv-matrix
   rows: 3
   cols: 3
   dt: d
   data: [ 3.6619442195486482e+02, 0., 3.7800900657017900e+02, 0.,
       3.6631176586975289e+02, 2.2959692910978347e+02, 0., 0., 1. ]
D1: !!opencv-matrix
   rows: 5
   cols: 1
   dt: d
   data: [ -2.1502618721754269e-02, -1.2951184946942121e-03,
       -3.4127852927748451e-04, 2.7086966768530415e-04,
       4.7803342796299170e-04 ]
P1: !!opencv-matrix
   rows: 3
   cols: 4
   dt: f
   data: [ 3.56468109e+02, 0., 3.83482544e+02, 0., 0., 3.56468109e+02,
       2.24619019e+02, 0., 0., 0., 1., 0. ]
R1: !!opencv-matrix
   rows: 3
   cols: 3
   dt: f
   data: [ 9.99674261e-01, 2.43377704e-02, -7.68585596e-03,
       -2.43357550e-02, 9.99703765e-01, 3.55761644e-04, 7.69223785e-03,
       -1.68604645e-04, 9.99970376e-01 ]
K2: !!opencv-matrix
   rows: 3
   cols: 3
   dt: d
   data: [ 3.6684495620748953e+02, 0., 3.7586764757372902e+02, 0.,
       3.6714722400637692e+02, 2.2165240635390552e+02, 0., 0., 1. ]
D2: !!opencv-matrix
   rows: 5
   cols: 1
   dt: d
   data: [ -2.2125888778928394e-02, -1.1613594850445373e-03,
       2.4824541603873712e-04, -1.2117770058109102e-04,
       4.8874862320422683e-04 ]
P2: !!opencv-matrix
   rows: 3
   cols: 4
   dt: f
   data: [ 3.56468109e+02, 0., 3.83482544e+02, -6.35431367e+04, 0.,
       3.56468109e+02, 2.24619019e+02, 0., 0., 0., 1., 0. ]
R2: !!opencv-matrix
   rows: 3
   cols: 3
   dt: f
   data: [ 9.99856889e-01, 1.42618222e-02, -9.10107326e-03,
       -1.42642083e-02, 9.99898255e-01, -1.97299421e-04, 9.09733307e-03,
       3.27090791e-04, 9.99958575e-01 ]
