%YAML:1.0
---
Q: !!opencv-matrix
   rows: 4
   cols: 4
   dt: f
   data: [ 1., 0., 0., -3.81317047e+02, 0., 1., 0., -2.24681702e+02, 0.,
       0., 0., 3.55990387e+02, 0., 0., 5.49285673e-03, 0. ]
R: !!opencv-matrix
   rows: 3
   cols: 3
   dt: d
   data: [ 9.9984936603067576e-01, 1.0083403873978053e-02,
       1.4759297408515407e-03, -9.8647476598833200e-03,
       9.9995949049663446e-01, 5.9413486443055216e-04,
       -1.4984260271840703e-03, -2.1448942493074009e-04,
       1.0001500634867733e+00 ]
T: !!opencv-matrix
   rows: 3
   cols: 1
   dt: d
   data: [ -1.8222863242536860e+02, -1.1171960991780576e+00,
       5.3668386220723607e-01 ]
E: !!opencv-matrix
   rows: 0
   cols: 0
   dt: u
   data: []
F: !!opencv-matrix
   rows: 0
   cols: 0
   dt: u
   data: []
K1: !!opencv-matrix
   rows: 3
   cols: 3
   dt: d
   data: [ 3.6619442195486482e+02, 0., 3.7800900657017900e+02, 0.,
       3.6631176586975289e+02, 2.2959692910978347e+02, 0., 0., 1. ]
D1: !!opencv-matrix
   rows: 5
   cols: 1
   dt: d
   data: [ -2.1502618721754269e-02, -1.2951184946942121e-03,
       -3.4127852927748451e-04, 2.7086966768530415e-04,
       4.7803342796299170e-04 ]
P1: !!opencv-matrix
   rows: 3
   cols: 4
   dt: f
   data: [ 3.55990387e+02, 0., 3.81317047e+02, 0., 0., 3.55990387e+02,
       2.24681702e+02, 0., 0., 0., 1., 0. ]
R1: !!opencv-matrix
   rows: 3
   cols: 3
   dt: f
   data: [ 9.99848783e-01, 1.67287048e-02, -4.75613493e-03,
       -1.67276189e-02, 9.99860048e-01, 2.67869473e-04, 4.75995056e-03,
       -1.88270162e-04, 9.99988675e-01 ]
K2: !!opencv-matrix
   rows: 3
   cols: 3
   dt: d
   data: [ 3.6684495620748953e+02, 0., 3.7586764757372902e+02, 0.,
       3.6714722400637692e+02, 2.2165240635390552e+02, 0., 0., 1. ]
D2: !!opencv-matrix
   rows: 5
   cols: 1
   dt: d
   data: [ -2.2125888778928394e-02, -1.1613594850445373e-03,
       2.4824541603873712e-04, -1.2117770058109102e-04,
       4.8874862320422683e-04 ]
P2: !!opencv-matrix
   rows: 3
   cols: 4
   dt: f
   data: [ 3.55990387e+02, 0., 3.81317047e+02, -6.48096953e+04, 0.,
       3.55990387e+02, 2.24681702e+02, 0., 0., 0., 1., 0. ]
R2: !!opencv-matrix
   rows: 3
   cols: 3
   dt: f
   data: [ 9.99958098e-01, 6.73424592e-03, -6.19905349e-03,
       -6.73565967e-03, 9.99977291e-01, -2.07203047e-04, 6.19751727e-03,
       2.48949073e-04, 9.99980748e-01 ]
