%YAML:1.0
---
Q: !!opencv-matrix
   rows: 4
   cols: 4
   dt: f
   data: [ 1., 0., 0., -4.04969757e+02, 0., 1., 0., -2.24365295e+02, 0.,
       0., 0., 3.58254028e+02, 0., 0., 5.62076364e-03, 0. ]
R: !!opencv-matrix
   rows: 3
   cols: 3
   dt: d
   data: [ 9.9947826441987786e-01, 9.9091020818193390e-03,
       4.5115078885741184e-04, -9.9413364499557674e-03,
       1.0007552526645176e+00, 1.1199343364158760e-03,
       -6.1721550948472227e-04, -7.1309610027585021e-04,
       1.0003211523307762e+00 ]
T: !!opencv-matrix
   rows: 3
   cols: 1
   dt: d
   data: [ -1.7768912760484076e+02, -2.0457769260226488e+00,
       5.1000164169024353e+00 ]
E: !!opencv-matrix
   rows: 0
   cols: 0
   dt: u
   data: []
F: !!opencv-matrix
   rows: 0
   cols: 0
   dt: u
   data: []
K1: !!opencv-matrix
   rows: 3
   cols: 3
   dt: d
   data: [ 3.6619442195486482e+02, 0., 3.7800900657017900e+02, 0.,
       3.6631176586975289e+02, 2.2959692910978347e+02, 0., 0., 1. ]
D1: !!opencv-matrix
   rows: 5
   cols: 1
   dt: d
   data: [ -2.1502618721754269e-02, -1.2951184946942121e-03,
       -3.4127852927748451e-04, 2.7086966768530415e-04,
       4.7803342796299170e-04 ]
P1: !!opencv-matrix
   rows: 3
   cols: 4
   dt: f
   data: [ 3.58254028e+02, 0., 4.04969757e+02, 0., 0., 3.58254028e+02,
       2.24365295e+02, 0., 0., 0., 1., 0. ]
R1: !!opencv-matrix
   rows: 3
   cols: 3
   dt: f
   data: [ 9.99133706e-01, 2.16860250e-02, -3.55177298e-02,
       -2.16713138e-02, 9.99764860e-01, 7.99141300e-04, 3.55267078e-02,
       -2.87331422e-05, 9.99368727e-01 ]
K2: !!opencv-matrix
   rows: 3
   cols: 3
   dt: d
   data: [ 3.6684495620748953e+02, 0., 3.7586764757372902e+02, 0.,
       3.6714722400637692e+02, 2.2165240635390552e+02, 0., 0., 1. ]
D2: !!opencv-matrix
   rows: 5
   cols: 1
   dt: d
   data: [ -2.2125888778928394e-02, -1.1613594850445373e-03,
       2.4824541603873712e-04, -1.2117770058109102e-04,
       4.8874862320422683e-04 ]
P2: !!opencv-matrix
   rows: 3
   cols: 4
   dt: f
   data: [ 3.58254028e+02, 0., 4.04969757e+02, -6.37376055e+04, 0.,
       3.58254028e+02, 2.24365295e+02, 0., 0., 0., 1., 0. ]
R2: !!opencv-matrix
   rows: 3
   cols: 3
   dt: f
   data: [ 9.99281287e-01, 1.17391087e-02, -3.60429324e-02,
       -1.17540332e-02, 9.99930918e-01, -2.02200245e-04, 3.60380672e-02,
       6.25704764e-04, 9.99350250e-01 ]
