%YAML:1.0
---
Q: !!opencv-matrix
   rows: 4
   cols: 4
   dt: f
   data: [ 1., 0., 0., -3.93119843e+02, 0., 1., 0., -2.24595169e+02, 0.,
       0., 0., 3.57671753e+02, 0., 0., 5.67025645e-03, 0. ]
R: !!opencv-matrix
   rows: 3
   cols: 3
   dt: d
   data: [ 9.9958272890006483e-01, 9.7909295600610274e-03,
       7.1588567301579856e-04, -9.8627491482278298e-03,
       1.0002684222910483e+00, 7.4718318329724447e-04,
       -8.9018314192736885e-04, -5.7285017778697532e-04,
       1.0002894696666367e+00 ]
T: !!opencv-matrix
   rows: 3
   cols: 1
   dt: d
   data: [ -1.7639486804687562e+02, -9.5137909329393600e-01,
       3.6839577979252645e+00 ]
E: !!opencv-matrix
   rows: 0
   cols: 0
   dt: u
   data: []
F: !!opencv-matrix
   rows: 0
   cols: 0
   dt: u
   data: []
K1: !!opencv-matrix
   rows: 3
   cols: 3
   dt: d
   data: [ 3.6619442195486482e+02, 0., 3.7800900657017900e+02, 0.,
       3.6631176586975289e+02, 2.2959692910978347e+02, 0., 0., 1. ]
D1: !!opencv-matrix
   rows: 5
   cols: 1
   dt: d
   data: [ -2.1502618721754269e-02, -1.2951184946942121e-03,
       -3.4127852927748451e-04, 2.7086966768530415e-04,
       4.7803342796299170e-04 ]
P1: !!opencv-matrix
   rows: 3
   cols: 4
   dt: f
   data: [ 3.57671753e+02, 0., 3.93119843e+02, 0., 0., 3.57671753e+02,
       2.24595169e+02, 0., 0., 0., 1., 0. ]
R1: !!opencv-matrix
   rows: 3
   cols: 3
   dt: f
   data: [ 9.99679148e-01, 1.53382448e-02, -2.01570150e-02,
       -1.53325079e-02, 9.99882340e-01, 4.39145020e-04, 2.01613791e-02,
       -1.29946551e-04, 9.99796748e-01 ]
K2: !!opencv-matrix
   rows: 3
   cols: 3
   dt: d
   data: [ 3.6684495620748953e+02, 0., 3.7586764757372902e+02, 0.,
       3.6714722400637692e+02, 2.2165240635390552e+02, 0., 0., 1. ]
D2: !!opencv-matrix
   rows: 5
   cols: 1
   dt: d
   data: [ -2.2125888778928394e-02, -1.1613594850445373e-03,
       2.4824541603873712e-04, -1.2117770058109102e-04,
       4.8874862320422683e-04 ]
P2: !!opencv-matrix
   rows: 3
   cols: 4
   dt: f
   data: [ 3.57671753e+02, 0., 3.93119843e+02, -6.30785859e+04, 0.,
       3.57671753e+02, 2.24595169e+02, 0., 0., 0., 1., 0. ]
R2: !!opencv-matrix
   rows: 3
   cols: 3
   dt: f
   data: [ 9.99765396e-01, 5.50937513e-03, -2.09468063e-02,
       -5.51533606e-03, 9.99984741e-01, -2.26814183e-04, 2.09452361e-02,
       3.42289655e-04, 9.99780595e-01 ]
