%YAML:1.0
---
Q: !!opencv-matrix
   rows: 4
   cols: 4
   dt: f
   data: [ 1., 0., 0., -3.81833771e+02, 0., 1., 0., -2.24700073e+02, 0.,
       0., 0., 3.56860596e+02, 0., 0., 5.66397887e-03, 0. ]
R: !!opencv-matrix
   rows: 3
   cols: 3
   dt: d
   data: [ 9.9893169521840652e-01, 9.6112121255142596e-03,
       4.9995449811681509e-04, -9.8175027362717923e-03,
       9.9997607727489957e-01, 3.0450258953349592e-04,
       -9.9782990485376959e-04, -1.1931357256536608e-03,
       1.0008692005007360e+00 ]
T: !!opencv-matrix
   rows: 3
   cols: 1
   dt: d
   data: [ -1.7619704357155939e+02, -1.3813004033312798e-01,
       9.0733559780739115e-01 ]
E: !!opencv-matrix
   rows: 0
   cols: 0
   dt: u
   data: []
F: !!opencv-matrix
   rows: 0
   cols: 0
   dt: u
   data: []
K1: !!opencv-matrix
   rows: 3
   cols: 3
   dt: d
   data: [ 3.6619442195486482e+02, 0., 3.7800900657017900e+02, 0.,
       3.6631176586975289e+02, 2.2959692910978347e+02, 0., 0., 1. ]
D1: !!opencv-matrix
   rows: 5
   cols: 1
   dt: d
   data: [ -2.1502618721754269e-02, -1.2951184946942121e-03,
       -3.4127852927748451e-04, 2.7086966768530415e-04,
       4.7803342796299170e-04 ]
P1: !!opencv-matrix
   rows: 3
   cols: 4
   dt: f
   data: [ 3.56860596e+02, 0., 3.81833771e+02, 0., 0., 3.56860596e+02,
       2.24700073e+02, 0., 0., 0., 1., 0. ]
R1: !!opencv-matrix
   rows: 3
   cols: 3
   dt: f
   data: [ 9.99914646e-01, 1.17809772e-02, -5.64647513e-03,
       -1.17790326e-02, 9.99930561e-01, 3.77576420e-04, 5.65053103e-03,
       -3.11034179e-04, 9.99983966e-01 ]
K2: !!opencv-matrix
   rows: 3
   cols: 3
   dt: d
   data: [ 3.6684495620748953e+02, 0., 3.7586764757372902e+02, 0.,
       3.6714722400637692e+02, 2.2165240635390552e+02, 0., 0., 1. ]
D2: !!opencv-matrix
   rows: 5
   cols: 1
   dt: d
   data: [ -2.2125888778928394e-02, -1.1613594850445373e-03,
       2.4824541603873712e-04, -1.2117770058109102e-04,
       4.8874862320422683e-04 ]
P2: !!opencv-matrix
   rows: 3
   cols: 4
   dt: f
   data: [ 3.56860596e+02, 0., 3.81833771e+02, -6.30052813e+04, 0.,
       3.56860596e+02, 2.24700073e+02, 0., 0., 0., 1., 0. ]
R2: !!opencv-matrix
   rows: 3
   cols: 3
   dt: f
   data: [ 9.99977291e-01, 1.97455799e-03, -6.44811895e-03,
       -1.97677803e-03, 9.99997973e-01, -3.37941281e-04, 6.44743862e-03,
       3.50680115e-04, 9.99979138e-01 ]
