%YAML:1.0
---
Q: !!opencv-matrix
   rows: 4
   cols: 4
   dt: f
   data: [ 1., 0., 0., -4.02656525e+02, 0., 1., 0., -2.24599335e+02, 0.,
       0., 0., 3.57282074e+02, 0., 0., 5.59640769e-03, 0. ]
R: !!opencv-matrix
   rows: 3
   cols: 3
   dt: d
   data: [ 9.9975054808810815e-01, 9.6191538860248334e-03,
       6.4197870488203856e-04, -9.6023591510576538e-03,
       1.0004193530720196e+00, 6.9913739792616854e-04,
       -6.2075659479559394e-04, -4.5368609441820727e-04,
       1.0000783065137657e+00 ]
T: !!opencv-matrix
   rows: 3
   cols: 1
   dt: d
   data: [ -1.7868108428318371e+02, -1.3059834954783889e-01,
       5.4280115082938547e+00 ]
E: !!opencv-matrix
   rows: 0
   cols: 0
   dt: u
   data: []
F: !!opencv-matrix
   rows: 0
   cols: 0
   dt: u
   data: []
K1: !!opencv-matrix
   rows: 3
   cols: 3
   dt: d
   data: [ 3.6619442195486482e+02, 0., 3.7800900657017900e+02, 0.,
       3.6631176586975289e+02, 2.2959692910978347e+02, 0., 0., 1. ]
D1: !!opencv-matrix
   rows: 5
   cols: 1
   dt: d
   data: [ -2.1502618721754269e-02, -1.2951184946942121e-03,
       -3.4127852927748451e-04, 2.7086966768530415e-04,
       4.7803342796299170e-04 ]
P1: !!opencv-matrix
   rows: 3
   cols: 4
   dt: f
   data: [ 3.57282074e+02, 0., 4.02656525e+02, 0., 0., 3.57282074e+02,
       2.24599335e+02, 0., 0., 0., 1., 0. ]
R1: !!opencv-matrix
   rows: 3
   cols: 3
   dt: f
   data: [ 9.99421716e-01, 1.05480431e-02, -3.23263742e-02,
       -1.05381552e-02, 9.99944329e-01, 4.76241461e-04, 3.23296003e-02,
       -1.35305701e-04, 9.99477267e-01 ]
K2: !!opencv-matrix
   rows: 3
   cols: 3
   dt: d
   data: [ 3.6684495620748953e+02, 0., 3.7586764757372902e+02, 0.,
       3.6714722400637692e+02, 2.2165240635390552e+02, 0., 0., 1. ]
D2: !!opencv-matrix
   rows: 5
   cols: 1
   dt: d
   data: [ -2.2125888778928394e-02, -1.1613594850445373e-03,
       2.4824541603873712e-04, -1.2117770058109102e-04,
       4.8874862320422683e-04 ]
P2: !!opencv-matrix
   rows: 3
   cols: 4
   dt: f
   data: [ 3.57282074e+02, 0., 4.02656525e+02, -6.38413242e+04, 0.,
       3.57282074e+02, 2.24599335e+02, 0., 0., 0., 1., 0. ]
R2: !!opencv-matrix
   rows: 3
   cols: 3
   dt: f
   data: [ 9.99457181e-01, 9.46412911e-04, -3.29313949e-02,
       -9.56485223e-04, 9.99999523e-01, -2.90105847e-04, 3.29311043e-02,
       3.21446743e-04, 9.99457598e-01 ]
