%YAML:1.0
---
Q: !!opencv-matrix
   rows: 4
   cols: 4
   dt: f
   data: [ 1., 0., 0., -4.09623535e+02, 0., 1., 0., -2.24258835e+02, 0.,
       0., 0., 3.58514648e+02, 0., 0., 5.66088967e-03, 0. ]
R: !!opencv-matrix
   rows: 3
   cols: 3
   dt: d
   data: [ 9.9933413434280494e-01, 9.7547541187304691e-03,
       3.5659865257434094e-04, -9.9333275634757839e-03,
       1.0007531845599067e+00, 1.1635979868502005e-03,
       -6.3044538031184363e-04, -1.2336531754613366e-03,
       1.0003749473049171e+00 ]
T: !!opencv-matrix
   rows: 3
   cols: 1
   dt: d
   data: [ -1.7661523877661779e+02, -2.1863027022899422e+00,
       5.5855810078724595e+00 ]
E: !!opencv-matrix
   rows: 0
   cols: 0
   dt: u
   data: []
F: !!opencv-matrix
   rows: 0
   cols: 0
   dt: u
   data: []
K1: !!opencv-matrix
   rows: 3
   cols: 3
   dt: d
   data: [ 3.6619442195486482e+02, 0., 3.7800900657017900e+02, 0.,
       3.6631176586975289e+02, 2.2959692910978347e+02, 0., 0., 1. ]
D1: !!opencv-matrix
   rows: 5
   cols: 1
   dt: d
   data: [ -2.1502618721754269e-02, -1.2951184946942121e-03,
       -3.4127852927748451e-04, 2.7086966768530415e-04,
       4.7803342796299170e-04 ]
P1: !!opencv-matrix
   rows: 3
   cols: 4
   dt: f
   data: [ 3.58514648e+02, 0., 4.09623535e+02, 0., 0., 3.58514648e+02,
       2.24258835e+02, 0., 0., 0., 1., 0. ]
R1: !!opencv-matrix
   rows: 3
   cols: 3
   dt: f
   data: [ 9.98860061e-01, 2.35346686e-02, -4.15290669e-02,
       -2.35134996e-02, 9.99723017e-01, 9.98227159e-04, 4.15410548e-02,
       -2.05956403e-05, 9.99136806e-01 ]
K2: !!opencv-matrix
   rows: 3
   cols: 3
   dt: d
   data: [ 3.6684495620748953e+02, 0., 3.7586764757372902e+02, 0.,
       3.6714722400637692e+02, 2.2165240635390552e+02, 0., 0., 1. ]
D2: !!opencv-matrix
   rows: 5
   cols: 1
   dt: d
   data: [ -2.2125888778928394e-02, -1.1613594850445373e-03,
       2.4824541603873712e-04, -1.2117770058109102e-04,
       4.8874862320422683e-04 ]
P2: !!opencv-matrix
   rows: 3
   cols: 4
   dt: f
   data: [ 3.58514648e+02, 0., 4.09623535e+02, -6.33318594e+04, 0.,
       3.58514648e+02, 2.24258835e+02, 0., 0., 0., 1., 0. ]
R2: !!opencv-matrix
   rows: 3
   cols: 3
   dt: f
   data: [ 9.99027491e-01, 1.36391222e-02, -4.19289395e-02,
       -1.36604914e-02, 9.99906659e-01, -2.23156283e-04, 4.19219844e-02,
       7.95709202e-04, 9.99120593e-01 ]
