%YAML:1.0
---
Q: !!opencv-matrix
   rows: 4
   cols: 4
   dt: f
   data: [ 1., 0., 0., -3.93652893e+02, 0., 1., 0., -2.24514786e+02, 0.,
       0., 0., 3.57976471e+02, 0., 0., 5.64286485e-03, 0. ]
R: !!opencv-matrix
   rows: 3
   cols: 3
   dt: d
   data: [ 9.9937272848504999e-01, 9.9286051080997566e-03,
       5.4287738646402169e-04, -9.8742991730064403e-03,
       1.0004647112003888e+00, 1.2446200004739641e-03,
       -7.6902441830778185e-04, -6.7371667383363948e-04,
       1.0004130469432784e+00 ]
T: !!opencv-matrix
   rows: 3
   cols: 1
   dt: d
   data: [ -1.7716161518161917e+02, -2.0341197615888715e+00,
       3.8423473407840314e+00 ]
E: !!opencv-matrix
   rows: 0
   cols: 0
   dt: u
   data: []
F: !!opencv-matrix
   rows: 0
   cols: 0
   dt: u
   data: []
K1: !!opencv-matrix
   rows: 3
   cols: 3
   dt: d
   data: [ 3.6619442195486482e+02, 0., 3.7800900657017900e+02, 0.,
       3.6631176586975289e+02, 2.2959692910978347e+02, 0., 0., 1. ]
D1: !!opencv-matrix
   rows: 5
   cols: 1
   dt: d
   data: [ -2.1502618721754269e-02, -1.2951184946942121e-03,
       -3.4127852927748451e-04, 2.7086966768530415e-04,
       4.7803342796299170e-04 ]
P1: !!opencv-matrix
   rows: 3
   cols: 4
   dt: f
   data: [ 3.57976471e+02, 0., 3.93652893e+02, 0., 0., 3.57976471e+02,
       2.24514786e+02, 0., 0., 0., 1., 0. ]
R1: !!opencv-matrix
   rows: 3
   cols: 3
   dt: f
   data: [ 9.99550223e-01, 2.13968623e-02, -2.10117642e-02,
       -2.13879608e-02, 9.99771059e-01, 6.48286601e-04, 2.10208241e-02,
       -1.98596215e-04, 9.99779046e-01 ]
K2: !!opencv-matrix
   rows: 3
   cols: 3
   dt: d
   data: [ 3.6684495620748953e+02, 0., 3.7586764757372902e+02, 0.,
       3.6714722400637692e+02, 2.2165240635390552e+02, 0., 0., 1. ]
D2: !!opencv-matrix
   rows: 5
   cols: 1
   dt: d
   data: [ -2.2125888778928394e-02, -1.1613594850445373e-03,
       2.4824541603873712e-04, -1.2117770058109102e-04,
       4.8874862320422683e-04 ]
P2: !!opencv-matrix
   rows: 3
   cols: 4
   dt: f
   data: [ 3.57976471e+02, 0., 3.93652893e+02, -6.34387852e+04, 0.,
       3.57976471e+02, 2.24514786e+02, 0., 0., 0., 1., 0. ]
R2: !!opencv-matrix
   rows: 3
   cols: 3
   dt: f
   data: [ 9.99699056e-01, 1.14782630e-02, -2.16818471e-02,
       -1.14874439e-02, 9.99933958e-01, -2.98967643e-04, 2.16769837e-02,
       5.47946664e-04, 9.99764860e-01 ]
