%YAML:1.0
---
Q: !!opencv-matrix
   rows: 4
   cols: 4
   dt: f
   data: [ 1., 0., 0., -4.03589172e+02, 0., 1., 0., -2.24567291e+02, 0.,
       0., 0., 3.57439148e+02, 0., 0., 5.67021128e-03, 0. ]
R: !!opencv-matrix
   rows: 3
   cols: 3
   dt: d
   data: [ 9.9980292705948781e-01, 1.0016131988395880e-02,
       7.6590248109870964e-04, -9.7210729558574686e-03,
       1.0007121595350819e+00, 1.0314756133911914e-03,
       -7.4555613164023634e-04, 1.1289123824554000e-04,
       9.9999337903448271e-01 ]
T: !!opencv-matrix
   rows: 3
   cols: 1
   dt: d
   data: [ -1.7659558182492015e+02, -4.9656595878208348e-01,
       6.0191725518613399e+00 ]
E: !!opencv-matrix
   rows: 0
   cols: 0
   dt: u
   data: []
F: !!opencv-matrix
   rows: 0
   cols: 0
   dt: u
   data: []
K1: !!opencv-matrix
   rows: 3
   cols: 3
   dt: d
   data: [ 3.6619442195486482e+02, 0., 3.7800900657017900e+02, 0.,
       3.6631176586975289e+02, 2.2959692910978347e+02, 0., 0., 1. ]
D1: !!opencv-matrix
   rows: 5
   cols: 1
   dt: d
   data: [ -2.1502618721754269e-02, -1.2951184946942121e-03,
       -3.4127852927748451e-04, 2.7086966768530415e-04,
       4.7803342796299170e-04 ]
P1: !!opencv-matrix
   rows: 3
   cols: 4
   dt: f
   data: [ 3.57439148e+02, 0., 4.03589172e+02, 0., 0., 3.57439148e+02,
       2.24567291e+02, 0., 0., 0., 1., 0. ]
R1: !!opencv-matrix
   rows: 3
   cols: 3
   dt: f
   data: [ 9.99366045e-01, 1.20556112e-02, -3.34995724e-02,
       -1.20510012e-02, 9.99927342e-01, 3.39518068e-04, 3.35012302e-02,
       6.44005777e-05, 9.99438703e-01 ]
K2: !!opencv-matrix
   rows: 3
   cols: 3
   dt: d
   data: [ 3.6684495620748953e+02, 0., 3.7586764757372902e+02, 0.,
       3.6714722400637692e+02, 2.2165240635390552e+02, 0., 0., 1. ]
D2: !!opencv-matrix
   rows: 5
   cols: 1
   dt: d
   data: [ -2.2125888778928394e-02, -1.1613594850445373e-03,
       2.4824541603873712e-04, -1.2117770058109102e-04,
       4.8874862320422683e-04 ]
P2: !!opencv-matrix
   rows: 3
   cols: 4
   dt: f
   data: [ 3.57439148e+02, 0., 4.03589172e+02, -6.30380703e+04, 0.,
       3.57439148e+02, 2.24567291e+02, 0., 0., 0., 1., 0. ]
R2: !!opencv-matrix
   rows: 3
   cols: 3
   dt: f
   data: [ 9.99413133e-01, 2.20366661e-03, -3.41844149e-02,
       -2.20837048e-03, 9.99997556e-01, -9.98437317e-05, 3.41841094e-02,
       1.75276989e-04, 9.99415517e-01 ]
