%YAML:1.0
---
Q: !!opencv-matrix
   rows: 4
   cols: 4
   dt: f
   data: [ 1., 0., 0., -4.48503143e+02, 0., 1., 0., -2.21492493e+02, 0.,
       0., 0., 3.67862885e+02, 0., 0., 5.60005195e-03, 0. ]
R: !!opencv-matrix
   rows: 3
   cols: 3
   dt: d
   data: [ 1.0004194785156180e+00, 9.9884903639172028e-03,
       -5.5009588239702101e-05, -1.0505919823821725e-02,
       1.0031585370349121e+00, 3.3607918910288827e-03,
       2.7587878749089711e-04, 2.5186627510380839e-04,
       9.9895684705049248e-01 ]
T: !!opencv-matrix
   rows: 3
   cols: 1
   dt: d
   data: [ -1.7659118097914444e+02, -9.3535284704614519e+00,
       1.5320361011950464e+01 ]
E: !!opencv-matrix
   rows: 0
   cols: 0
   dt: u
   data: []
F: !!opencv-matrix
   rows: 0
   cols: 0
   dt: u
   data: []
K1: !!opencv-matrix
   rows: 3
   cols: 3
   dt: d
   data: [ 3.6619442195486482e+02, 0., 3.7800900657017900e+02, 0.,
       3.6631176586975289e+02, 2.2959692910978347e+02, 0., 0., 1. ]
D1: !!opencv-matrix
   rows: 5
   cols: 1
   dt: d
   data: [ -2.1502618721754269e-02, -1.2951184946942121e-03,
       -3.4127852927748451e-04, 2.7086966768530415e-04,
       4.7803342796299170e-04 ]
P1: !!opencv-matrix
   rows: 3
   cols: 4
   dt: f
   data: [ 3.67862885e+02, 0., 4.48503143e+02, 0., 0., 3.67862885e+02,
       2.21492493e+02, 0., 0., 0., 1., 0. ]
R1: !!opencv-matrix
   rows: 3
   cols: 3
   dt: f
   data: [ 9.93561983e-01, 6.72207475e-02, -9.11917090e-02,
       -6.71806931e-02, 9.97734666e-01, 3.51224397e-03, 9.12212208e-02,
       2.63668993e-03, 9.95827138e-01 ]
K2: !!opencv-matrix
   rows: 3
   cols: 3
   dt: d
   data: [ 3.6684495620748953e+02, 0., 3.7586764757372902e+02, 0.,
       3.6714722400637692e+02, 2.2165240635390552e+02, 0., 0., 1. ]
D2: !!opencv-matrix
   rows: 5
   cols: 1
   dt: d
   data: [ -2.2125888778928394e-02, -1.1613594850445373e-03,
       2.4824541603873712e-04, -1.2117770058109102e-04,
       4.8874862320422683e-04 ]
P2: !!opencv-matrix
   rows: 3
   cols: 4
   dt: f
   data: [ 3.67862885e+02, 0., 4.48503143e+02, -6.56891875e+04, 0.,
       3.67862885e+02, 2.21492493e+02, 0., 0., 0., 1., 0. ]
R2: !!opencv-matrix
   rows: 3
   cols: 3
   dt: f
   data: [ 9.94206071e-01, 5.67961410e-02, -9.12603140e-02,
       -5.68362102e-02, 9.98381197e-01, 2.16186023e-03, 9.12353620e-02,
       3.03755584e-03, 9.95824695e-01 ]
