%YAML:1.0
---
Q: !!opencv-matrix
   rows: 4
   cols: 4
   dt: f
   data: [ 1., 0., 0., -3.79832336e+02, 0., 1., 0., -2.24669647e+02, 0.,
       0., 0., 3.55011902e+02, 0., 0., 5.54081518e-03, 0. ]
R: !!opencv-matrix
   rows: 3
   cols: 3
   dt: d
   data: [ 9.9989289348703358e-01, 1.0152383460664638e-02,
       1.3072943012514332e-03, -9.9844582006771623e-03,
       1.0002529594485605e+00, 7.9531298835638030e-04,
       -1.1625865292088345e-03, 1.7409740601705216e-04,
       9.9998516396866399e-01 ]
T: !!opencv-matrix
   rows: 3
   cols: 1
   dt: d
   data: [ -1.8018086647491162e+02, -2.0426533728625924e+00,
       1.7343899058828189e+00 ]
E: !!opencv-matrix
   rows: 0
   cols: 0
   dt: u
   data: []
F: !!opencv-matrix
   rows: 0
   cols: 0
   dt: u
   data: []
K1: !!opencv-matrix
   rows: 3
   cols: 3
   dt: d
   data: [ 3.6619442195486482e+02, 0., 3.7800900657017900e+02, 0.,
       3.6631176586975289e+02, 2.2959692910978347e+02, 0., 0., 1. ]
D1: !!opencv-matrix
   rows: 5
   cols: 1
   dt: d
   data: [ -2.1502618721754269e-02, -1.2951184946942121e-03,
       -3.4127852927748451e-04, 2.7086966768530415e-04,
       4.7803342796299170e-04 ]
P1: !!opencv-matrix
   rows: 3
   cols: 4
   dt: f
   data: [ 3.55011902e+02, 0., 3.79832336e+02, 0., 0., 3.55011902e+02,
       2.24669647e+02, 0., 0., 0., 1., 0. ]
R1: !!opencv-matrix
   rows: 3
   cols: 3
   dt: f
   data: [ 9.99717116e-01, 2.35904269e-02, -3.03427246e-03,
       -2.35901456e-02, 9.99721706e-01, 1.28540356e-04, 3.03646037e-03,
       -5.69250697e-05, 9.99995410e-01 ]
K2: !!opencv-matrix
   rows: 3
   cols: 3
   dt: d
   data: [ 3.6684495620748953e+02, 0., 3.7586764757372902e+02, 0.,
       3.6714722400637692e+02, 2.2165240635390552e+02, 0., 0., 1. ]
D2: !!opencv-matrix
   rows: 5
   cols: 1
   dt: d
   data: [ -2.2125888778928394e-02, -1.1613594850445373e-03,
       2.4824541603873712e-04, -1.2117770058109102e-04,
       4.8874862320422683e-04 ]
P2: !!opencv-matrix
   rows: 3
   cols: 4
   dt: f
   data: [ 3.55011902e+02, 0., 3.79832336e+02, -6.40721484e+04, 0.,
       3.55011902e+02, 2.24669647e+02, 0., 0., 0., 1., 0. ]
R2: !!opencv-matrix
   rows: 3
   cols: 3
   dt: f
   data: [ 9.99899626e-01, 1.34760793e-02, -4.37615206e-03,
       -1.34764845e-02, 9.99909163e-01, -6.32525480e-05, 4.37490223e-03,
       1.22221347e-04, 9.99990404e-01 ]
