%YAML:1.0
---
Q: !!opencv-matrix
   rows: 4
   cols: 4
   dt: f
   data: [ 1., 0., 0., -4.16699066e+02, 0., 1., 0., -2.24131546e+02, 0.,
       0., 0., 3.58769592e+02, 0., 0., 5.59727149e-03, 0. ]
R: !!opencv-matrix
   rows: 3
   cols: 3
   dt: d
   data: [ 9.9985613261399320e-01, 9.9731159829367644e-03,
       4.6520572118834174e-04, -1.0047112613940552e-02,
       1.0012603977254411e+00, 1.1935913613166271e-03,
       -3.9161903100678178e-04, -9.0206908539000076e-04,
       9.9988977987556504e-01 ]
T: !!opencv-matrix
   rows: 3
   cols: 1
   dt: d
   data: [ -1.7814838058059121e+02, -2.6965814837666562e+00,
       8.3683451422823971e+00 ]
E: !!opencv-matrix
   rows: 0
   cols: 0
   dt: u
   data: []
F: !!opencv-matrix
   rows: 0
   cols: 0
   dt: u
   data: []
K1: !!opencv-matrix
   rows: 3
   cols: 3
   dt: d
   data: [ 3.6619442195486482e+02, 0., 3.7800900657017900e+02, 0.,
       3.6631176586975289e+02, 2.2959692910978347e+02, 0., 0., 1. ]
D1: !!opencv-matrix
   rows: 5
   cols: 1
   dt: d
   data: [ -2.1502618721754269e-02, -1.2951184946942121e-03,
       -3.4127852927748451e-04, 2.7086966768530415e-04,
       4.7803342796299170e-04 ]
P1: !!opencv-matrix
   rows: 3
   cols: 4
   dt: f
   data: [ 3.58769592e+02, 0., 4.16699066e+02, 0., 0., 3.58769592e+02,
       2.24131546e+02, 0., 0., 0., 1., 0. ]
R1: !!opencv-matrix
   rows: 3
   cols: 3
   dt: f
   data: [ 9.98428822e-01, 2.43411735e-02, -5.04717901e-02,
       -2.43257396e-02, 9.99703646e-01, 9.20129300e-04, 5.04792295e-02,
       3.09080060e-04, 9.98725057e-01 ]
K2: !!opencv-matrix
   rows: 3
   cols: 3
   dt: d
   data: [ 3.6684495620748953e+02, 0., 3.7586764757372902e+02, 0.,
       3.6714722400637692e+02, 2.2165240635390552e+02, 0., 0., 1. ]
D2: !!opencv-matrix
   rows: 5
   cols: 1
   dt: d
   data: [ -2.2125888778928394e-02, -1.1613594850445373e-03,
       2.4824541603873712e-04, -1.2117770058109102e-04,
       4.8874862320422683e-04 ]
P2: !!opencv-matrix
   rows: 3
   cols: 4
   dt: f
   data: [ 3.58769592e+02, 0., 4.16699066e+02, -6.40972266e+04, 0.,
       3.58769592e+02, 2.24131546e+02, 0., 0., 0., 1., 0. ]
R2: !!opencv-matrix
   rows: 3
   cols: 3
   dt: f
   data: [ 9.98600662e-01, 1.42296981e-02, -5.09338230e-02,
       -1.42452708e-02, 9.99898553e-01, 5.72853860e-05, 5.09294719e-02,
       6.68360910e-04, 9.98702049e-01 ]
