%YAML:1.0
---
Q: !!opencv-matrix
   rows: 4
   cols: 4
   dt: f
   data: [ 1., 0., 0., -3.94579651e+02, 0., 1., 0., -2.24516983e+02, 0.,
       0., 0., 3.57917816e+02, 0., 0., 5.66383824e-03, 0. ]
R: !!opencv-matrix
   rows: 3
   cols: 3
   dt: d
   data: [ 9.9976606755520736e-01, 9.7356561461311528e-03,
       3.7052864156142520e-04, -9.8212040874447633e-03,
       1.0004695525774845e+00, 1.2304070044123457e-03,
       -6.1191690429289697e-04, -3.6271280892368190e-04,
       1.0001304088142282e+00 ]
T: !!opencv-matrix
   rows: 3
   cols: 1
   dt: d
   data: [ -1.7643634459419349e+02, -2.0679787375369747e+00,
       3.7768184876081135e+00 ]
E: !!opencv-matrix
   rows: 0
   cols: 0
   dt: u
   data: []
F: !!opencv-matrix
   rows: 0
   cols: 0
   dt: u
   data: []
K1: !!opencv-matrix
   rows: 3
   cols: 3
   dt: d
   data: [ 3.6619442195486482e+02, 0., 3.7800900657017900e+02, 0.,
       3.6631176586975289e+02, 2.2959692910978347e+02, 0., 0., 1. ]
D1: !!opencv-matrix
   rows: 5
   cols: 1
   dt: d
   data: [ -2.1502618721754269e-02, -1.2951184946942121e-03,
       -3.4127852927748451e-04, 2.7086966768530415e-04,
       4.7803342796299170e-04 ]
P1: !!opencv-matrix
   rows: 3
   cols: 4
   dt: f
   data: [ 3.57917816e+02, 0., 3.94579651e+02, 0., 0., 3.57917816e+02,
       2.24516983e+02, 0., 0., 0., 1., 0. ]
R1: !!opencv-matrix
   rows: 3
   cols: 3
   dt: f
   data: [ 9.99546349e-01, 2.02878322e-02, -2.22596172e-02,
       -2.02804618e-02, 9.99794185e-01, 5.56805113e-04, 2.22663321e-02,
       -1.05117193e-04, 9.99752045e-01 ]
K2: !!opencv-matrix
   rows: 3
   cols: 3
   dt: d
   data: [ 3.6684495620748953e+02, 0., 3.7586764757372902e+02, 0.,
       3.6714722400637692e+02, 2.2165240635390552e+02, 0., 0., 1. ]
D2: !!opencv-matrix
   rows: 5
   cols: 1
   dt: d
   data: [ -2.2125888778928394e-02, -1.1613594850445373e-03,
       2.4824541603873712e-04, -1.2117770058109102e-04,
       4.8874862320422683e-04 ]
P2: !!opencv-matrix
   rows: 3
   cols: 4
   dt: f
   data: [ 3.57917816e+02, 0., 3.94579651e+02, -6.31935117e+04, 0.,
       3.57917816e+02, 2.24516983e+02, 0., 0., 0., 1., 0. ]
R2: !!opencv-matrix
   rows: 3
   cols: 3
   dt: f
   data: [ 9.99685526e-01, 1.05204294e-02, -2.27629412e-02,
       -1.05279638e-02, 9.99944568e-01, -2.11182167e-04, 2.27594581e-02,
       4.50763153e-04, 9.99740839e-01 ]
