%YAML:1.0
---
Q: !!opencv-matrix
   rows: 4
   cols: 4
   dt: f
   data: [ 1., 0., 0., -3.85219788e+02, 0., 1., 0., -2.24657608e+02, 0.,
       0., 0., 3.57731049e+02, 0., 0., 5.68247354e-03, 0. ]
R: !!opencv-matrix
   rows: 3
   cols: 3
   dt: d
   data: [ 9.9846754470962151e-01, 8.9249578941714303e-03,
       -3.4842147052052994e-04, -9.8655750240570564e-03,
       1.0003959571062828e+00, 2.8023522918735344e-04,
       -7.6463669434496723e-04, -1.9356184126002251e-03,
       1.0012342299530477e+00 ]
T: !!opencv-matrix
   rows: 3
   cols: 1
   dt: d
   data: [ -1.7535868403531782e+02, -1.9302655772683758e-01,
       5.8329165100168934e-01 ]
E: !!opencv-matrix
   rows: 0
   cols: 0
   dt: u
   data: []
F: !!opencv-matrix
   rows: 0
   cols: 0
   dt: u
   data: []
K1: !!opencv-matrix
   rows: 3
   cols: 3
   dt: d
   data: [ 3.6619442195486482e+02, 0., 3.7800900657017900e+02, 0.,
       3.6631176586975289e+02, 2.2959692910978347e+02, 0., 0., 1. ]
D1: !!opencv-matrix
   rows: 5
   cols: 1
   dt: d
   data: [ -2.1502618721754269e-02, -1.2951184946942121e-03,
       -3.4127852927748451e-04, 2.7086966768530415e-04,
       4.7803342796299170e-04 ]
P1: !!opencv-matrix
   rows: 3
   cols: 4
   dt: f
   data: [ 3.57731049e+02, 0., 3.85219788e+02, 0., 0., 3.57731049e+02,
       2.24657608e+02, 0., 0., 0., 1., 0. ]
R1: !!opencv-matrix
   rows: 3
   cols: 3
   dt: f
   data: [ 9.99831915e-01, 1.51656736e-02, -1.03018088e-02,
       -1.51603632e-02, 9.99884903e-01, 5.93398290e-04, 1.03096226e-02,
       -4.37119423e-04, 9.99946773e-01 ]
K2: !!opencv-matrix
   rows: 3
   cols: 3
   dt: d
   data: [ 3.6684495620748953e+02, 0., 3.7586764757372902e+02, 0.,
       3.6714722400637692e+02, 2.2165240635390552e+02, 0., 0., 1. ]
D2: !!opencv-matrix
   rows: 5
   cols: 1
   dt: d
   data: [ -2.2125888778928394e-02, -1.1613594850445373e-03,
       2.4824541603873712e-04, -1.2117770058109102e-04,
       4.8874862320422683e-04 ]
P2: !!opencv-matrix
   rows: 3
   cols: 4
   dt: f
   data: [ 3.57731049e+02, 0., 3.85219788e+02, -6.29534023e+04, 0.,
       3.57731049e+02, 2.24657608e+02, 0., 0., 0., 1., 0. ]
R2: !!opencv-matrix
   rows: 3
   cols: 3
   dt: f
   data: [ 9.99928176e-01, 5.60369249e-03, -1.05950125e-02,
       -5.60915144e-03, 9.99984145e-01, -4.85574186e-04, 1.05921235e-02,
       5.44968352e-04, 9.99943733e-01 ]
