%YAML:1.0
---
Q: !!opencv-matrix
   rows: 4
   cols: 4
   dt: f
   data: [ 1., 0., 0., -3.89815369e+02, 0., 1., 0., -2.24576782e+02, 0.,
       0., 0., 3.57703430e+02, 0., 0., 5.48510533e-03, 0. ]
R: !!opencv-matrix
   rows: 3
   cols: 3
   dt: d
   data: [ 9.9991765426236345e-01, 1.0068202887733099e-02,
       1.4609643865492101e-03, -9.9327408584518034e-03,
       1.0002094723779293e+00, 9.3847371960127256e-04,
       -1.4969307512826689e-03, -1.0450967875354882e-04,
       1.0000189405999140e+00 ]
T: !!opencv-matrix
   rows: 3
   cols: 1
   dt: d
   data: [ -1.8258879675196266e+02, -1.8034153155444055e+00,
       2.3873086050420951e+00 ]
E: !!opencv-matrix
   rows: 0
   cols: 0
   dt: u
   data: []
F: !!opencv-matrix
   rows: 0
   cols: 0
   dt: u
   data: []
K1: !!opencv-matrix
   rows: 3
   cols: 3
   dt: d
   data: [ 3.6619442195486482e+02, 0., 3.7800900657017900e+02, 0.,
       3.6631176586975289e+02, 2.2959692910978347e+02, 0., 0., 1. ]
D1: !!opencv-matrix
   rows: 5
   cols: 1
   dt: d
   data: [ -2.1502618721754269e-02, -1.2951184946942121e-03,
       -3.4127852927748451e-04, 2.7086966768530415e-04,
       4.7803342796299170e-04 ]
P1: !!opencv-matrix
   rows: 3
   cols: 4
   dt: f
   data: [ 3.57703430e+02, 0., 3.89815369e+02, 0., 0., 3.57703430e+02,
       2.24576782e+02, 0., 0., 0., 1., 0. ]
R1: !!opencv-matrix
   rows: 3
   cols: 3
   dt: f
   data: [ 9.99677122e-01, 1.99659895e-02, -1.57153606e-02,
       -1.99614055e-02, 9.99800622e-01, 4.48521430e-04, 1.57211833e-02,
       -1.34675938e-04, 9.99876380e-01 ]
K2: !!opencv-matrix
   rows: 3
   cols: 3
   dt: d
   data: [ 3.6684495620748953e+02, 0., 3.7586764757372902e+02, 0.,
       3.6714722400637692e+02, 2.2165240635390552e+02, 0., 0., 1. ]
D2: !!opencv-matrix
   rows: 5
   cols: 1
   dt: d
   data: [ -2.2125888778928394e-02, -1.1613594850445373e-03,
       2.4824541603873712e-04, -1.2117770058109102e-04,
       4.8874862320422683e-04 ]
P2: !!opencv-matrix
   rows: 3
   cols: 4
   dt: f
   data: [ 3.57703430e+02, 0., 3.89815369e+02, -6.52135977e+04, 0.,
       3.57703430e+02, 2.24576782e+02, 0., 0., 0., 1., 0. ]
R2: !!opencv-matrix
   rows: 3
   cols: 3
   dt: f
   data: [ 9.99803722e-01, 9.98167787e-03, -1.71135422e-02,
       -9.98666883e-03, 9.99950111e-01, -2.06174504e-04, 1.71106290e-02,
       3.77041317e-04, 9.99853551e-01 ]
