%YAML:1.0
---
Q: !!opencv-matrix
   rows: 4
   cols: 4
   dt: f
   data: [ 1., 0., 0., -4.01888428e+02, 0., 1., 0., -2.24561737e+02, 0.,
       0., 0., 3.57452240e+02, 0., 0., 5.60972327e-03, 0. ]
R: !!opencv-matrix
   rows: 3
   cols: 3
   dt: d
   data: [ 1.0001705726713583e+00, 9.5908746818878857e-03,
       6.6648894744284566e-04, -9.6151960002030159e-03,
       1.0004285658275389e+00, 8.0665561054994739e-04,
       -3.7035427049984717e-04, -4.5363792586501520e-04,
       9.9979545908313372e-01 ]
T: !!opencv-matrix
   rows: 3
   cols: 1
   dt: d
   data: [ -1.7810218128261985e+02, -4.3712171380781023e-01,
       5.6414445744287676e+00 ]
E: !!opencv-matrix
   rows: 0
   cols: 0
   dt: u
   data: []
F: !!opencv-matrix
   rows: 0
   cols: 0
   dt: u
   data: []
K1: !!opencv-matrix
   rows: 3
   cols: 3
   dt: d
   data: [ 3.6619442195486482e+02, 0., 3.7800900657017900e+02, 0.,
       3.6631176586975289e+02, 2.2959692910978347e+02, 0., 0., 1. ]
D1: !!opencv-matrix
   rows: 5
   cols: 1
   dt: d
   data: [ -2.1502618721754269e-02, -1.2951184946942121e-03,
       -3.4127852927748451e-04, 2.7086966768530415e-04,
       4.7803342796299170e-04 ]
P1: !!opencv-matrix
   rows: 3
   cols: 4
   dt: f
   data: [ 3.57452240e+02, 0., 4.01888428e+02, 0., 0., 3.57452240e+02,
       2.24561737e+02, 0., 0., 0., 1., 0. ]
R1: !!opencv-matrix
   rows: 3
   cols: 3
   dt: f
   data: [ 9.99422967e-01, 1.28883086e-02, -3.14255804e-02,
       -1.28805442e-02, 9.99916971e-01, 4.49504441e-04, 3.14287618e-02,
       -4.44665093e-05, 9.99505997e-01 ]
K2: !!opencv-matrix
   rows: 3
   cols: 3
   dt: d
   data: [ 3.6684495620748953e+02, 0., 3.7586764757372902e+02, 0.,
       3.6714722400637692e+02, 2.2165240635390552e+02, 0., 0., 1. ]
D2: !!opencv-matrix
   rows: 5
   cols: 1
   dt: d
   data: [ -2.2125888778928394e-02, -1.1613594850445373e-03,
       2.4824541603873712e-04, -1.2117770058109102e-04,
       4.8874862320422683e-04 ]
P2: !!opencv-matrix
   rows: 3
   cols: 4
   dt: f
   data: [ 3.57452240e+02, 0., 4.01888428e+02, -6.37201250e+04, 0.,
       3.57452240e+02, 2.24561737e+02, 0., 0., 0., 1., 0. ]
R2: !!opencv-matrix
   rows: 3
   cols: 3
   dt: f
   data: [ 9.99483585e-01, 3.28253396e-03, -3.19644883e-02,
       -3.29043064e-03, 9.99994576e-01, -1.94450957e-04, 3.19636762e-02,
       2.99527484e-04, 9.99489009e-01 ]
