%YAML:1.0
---
Q: !!opencv-matrix
   rows: 4
   cols: 4
   dt: f
   data: [ 1., 0., 0., -3.98773560e+02, 0., 1., 0., -2.24427094e+02, 0.,
       0., 0., 3.58219604e+02, 0., 0., 5.64716058e-03, 0. ]
R: !!opencv-matrix
   rows: 3
   cols: 3
   dt: d
   data: [ 9.9937272848504999e-01, 9.9286051080997566e-03,
       5.4287738646402169e-04, -9.8742991730064403e-03,
       1.0004647112003888e+00, 1.2446200004739641e-03,
       -7.6902441830778185e-04, -6.7371667383363948e-04,
       1.0004130469432784e+00 ]
T: !!opencv-matrix
   rows: 3
   cols: 1
   dt: d
   data: [ -1.7716161518161917e+02, -2.0341197615888715e+00,
       3.8423473407840314e+00 ]
E: !!opencv-matrix
   rows: 0
   cols: 0
   dt: u
   data: []
F: !!opencv-matrix
   rows: 0
   cols: 0
   dt: u
   data: []
K1: !!opencv-matrix
   rows: 3
   cols: 3
   dt: d
   data: [ 3.6619442195486482e+02, 0., 3.7800900657017900e+02, 0.,
       3.6631176586975289e+02, 2.2959692910978347e+02, 0., 0., 1. ]
D1: !!opencv-matrix
   rows: 5
   cols: 1
   dt: d
   data: [ -2.1502618721754269e-02, -1.2951184946942121e-03,
       -3.4127852927748451e-04, 2.7086966768530415e-04,
       4.7803342796299170e-04 ]
P1: !!opencv-matrix
   rows: 3
   cols: 4
   dt: f
   data: [ 3.58219604e+02, 0., 3.98773560e+02, 0., 0., 3.58219604e+02,
       2.24427094e+02, 0., 0., 0., 1., 0. ]
R1: !!opencv-matrix
   rows: 3
   cols: 3
   dt: f
   data: [ 9.99356449e-01, 2.28919722e-02, -2.76161563e-02,
       -2.28791479e-02, 9.99737918e-01, 7.80310889e-04, 2.76267827e-02,
       -1.47974613e-04, 9.99618292e-01 ]
K2: !!opencv-matrix
   rows: 3
   cols: 3
   dt: d
   data: [ 3.6684495620748953e+02, 0., 3.7586764757372902e+02, 0.,
       3.6714722400637692e+02, 2.2165240635390552e+02, 0., 0., 1. ]
D2: !!opencv-matrix
   rows: 5
   cols: 1
   dt: d
   data: [ -2.2125888778928394e-02, -1.1613594850445373e-03,
       2.4824541603873712e-04, -1.2117770058109102e-04,
       4.8874862320422683e-04 ]
P2: !!opencv-matrix
   rows: 3
   cols: 4
   dt: f
   data: [ 3.58219604e+02, 0., 3.98773560e+02, -6.34335781e+04, 0.,
       3.58219604e+02, 2.24427094e+02, 0., 0., 0., 1., 0. ]
R2: !!opencv-matrix
   rows: 3
   cols: 3
   dt: f
   data: [ 9.99518096e-01, 1.29613495e-02, -2.82063503e-02,
       -1.29744438e-02, 9.99915779e-01, -2.81248445e-04, 2.82003302e-02,
       6.47074601e-04, 9.99602079e-01 ]
