%YAML:1.0
---
Q: !!opencv-matrix
   rows: 4
   cols: 4
   dt: f
   data: [ 1., 0., 0., -3.98559753e+02, 0., 1., 0., -2.24570450e+02, 0.,
       0., 0., 3.57517944e+02, 0., 0., 5.68467285e-03, 0. ]
R: !!opencv-matrix
   rows: 3
   cols: 3
   dt: d
   data: [ 1.0000516458760242e+00, 9.6632518649033411e-03,
       5.1540784306826977e-04, -9.7232677227182575e-03,
       1.0005098850176413e+00, 7.8271950881041771e-04,
       -4.3679615966108783e-04, -5.8064277762883245e-04,
       9.9989736446816846e-01 ]
T: !!opencv-matrix
   rows: 3
   cols: 1
   dt: d
   data: [ -1.7567535686853938e+02, -8.6286303023021704e-01,
       5.8498236044845004e+00 ]
E: !!opencv-matrix
   rows: 0
   cols: 0
   dt: u
   data: []
F: !!opencv-matrix
   rows: 0
   cols: 0
   dt: u
   data: []
K1: !!opencv-matrix
   rows: 3
   cols: 3
   dt: d
   data: [ 3.6619442195486482e+02, 0., 3.7800900657017900e+02, 0.,
       3.6631176586975289e+02, 2.2959692910978347e+02, 0., 0., 1. ]
D1: !!opencv-matrix
   rows: 5
   cols: 1
   dt: d
   data: [ -2.1502618721754269e-02, -1.2951184946942121e-03,
       -3.4127852927748451e-04, 2.7086966768530415e-04,
       4.7803342796299170e-04 ]
P1: !!opencv-matrix
   rows: 3
   cols: 4
   dt: f
   data: [ 3.57517944e+02, 0., 3.98559753e+02, 0., 0., 3.57517944e+02,
       2.24570450e+02, 0., 0., 0., 1., 0. ]
R1: !!opencv-matrix
   rows: 3
   cols: 3
   dt: f
   data: [ 9.99533355e-01, 1.39208715e-02, -2.71904133e-02,
       -1.39140161e-02, 9.99903083e-01, 4.41322452e-04, 2.71939207e-02,
       -6.27886475e-05, 9.99630153e-01 ]
K2: !!opencv-matrix
   rows: 3
   cols: 3
   dt: d
   data: [ 3.6684495620748953e+02, 0., 3.7586764757372902e+02, 0.,
       3.6714722400637692e+02, 2.2165240635390552e+02, 0., 0., 1. ]
D2: !!opencv-matrix
   rows: 5
   cols: 1
   dt: d
   data: [ -2.2125888778928394e-02, -1.1613594850445373e-03,
       2.4824541603873712e-04, -1.2117770058109102e-04,
       4.8874862320422683e-04 ]
P2: !!opencv-matrix
   rows: 3
   cols: 4
   dt: f
   data: [ 3.57517944e+02, 0., 3.98559753e+02, -6.28915586e+04, 0.,
       3.57517944e+02, 2.24570450e+02, 0., 0., 0., 1., 0. ]
R2: !!opencv-matrix
   rows: 3
   cols: 3
   dt: f
   data: [ 9.99606013e-01, 4.20689862e-03, -2.77509969e-02,
       -4.21389472e-03, 9.99991119e-01, -1.93628381e-04, 2.77499352e-02,
       3.10491858e-04, 9.99614835e-01 ]
