%YAML:1.0
---
Q: !!opencv-matrix
   rows: 4
   cols: 4
   dt: f
   data: [ 1., 0., 0., -3.91683838e+02, 0., 1., 0., -2.24634827e+02, 0.,
       0., 0., 3.57752625e+02, 0., 0., 5.65054128e-03, 0. ]
R: !!opencv-matrix
   rows: 3
   cols: 3
   dt: d
   data: [ 1.0002185526345975e+00, 9.7818395093337059e-03,
       8.6510106749990048e-04, -9.6792406209088022e-03,
       1.0001512100673178e+00, 7.8477983452116939e-04,
       -8.3235311195207042e-04, -8.2876942153239019e-04,
       9.9986187472952692e-01 ]
T: !!opencv-matrix
   rows: 3
   cols: 1
   dt: d
   data: [ -1.7711409468673395e+02, -6.8707086287456598e-01,
       3.5921758317871864e+00 ]
E: !!opencv-matrix
   rows: 0
   cols: 0
   dt: u
   data: []
F: !!opencv-matrix
   rows: 0
   cols: 0
   dt: u
   data: []
K1: !!opencv-matrix
   rows: 3
   cols: 3
   dt: d
   data: [ 3.6619442195486482e+02, 0., 3.7800900657017900e+02, 0.,
       3.6631176586975289e+02, 2.2959692910978347e+02, 0., 0., 1. ]
D1: !!opencv-matrix
   rows: 5
   cols: 1
   dt: d
   data: [ -2.1502618721754269e-02, -1.2951184946942121e-03,
       -3.4127852927748451e-04, 2.7086966768530415e-04,
       4.7803342796299170e-04 ]
P1: !!opencv-matrix
   rows: 3
   cols: 4
   dt: f
   data: [ 3.57752625e+02, 0., 3.91683838e+02, 0., 0., 3.57752625e+02,
       2.24634827e+02, 0., 0., 0., 1., 0. ]
R1: !!opencv-matrix
   rows: 3
   cols: 3
   dt: f
   data: [ 9.99751091e-01, 1.28234848e-02, -1.82558224e-02,
       -1.28167169e-02, 9.99917746e-01, 4.87670448e-04, 1.82605758e-02,
       -2.53569364e-04, 9.99833226e-01 ]
K2: !!opencv-matrix
   rows: 3
   cols: 3
   dt: d
   data: [ 3.6684495620748953e+02, 0., 3.7586764757372902e+02, 0.,
       3.6714722400637692e+02, 2.2165240635390552e+02, 0., 0., 1. ]
D2: !!opencv-matrix
   rows: 5
   cols: 1
   dt: d
   data: [ -2.2125888778928394e-02, -1.1613594850445373e-03,
       2.4824541603873712e-04, -1.2117770058109102e-04,
       4.8874862320422683e-04 ]
P2: !!opencv-matrix
   rows: 3
   cols: 4
   dt: f
   data: [ 3.57752625e+02, 0., 3.91683838e+02, -6.33129805e+04, 0.,
       3.57752625e+02, 2.24634827e+02, 0., 0., 0., 1., 0. ]
R2: !!opencv-matrix
   rows: 3
   cols: 3
   dt: f
   data: [ 9.99813080e-01, 3.09788994e-03, -1.90847944e-02,
       -3.10496357e-03, 9.99995112e-01, -3.41028732e-04, 1.90836452e-02,
       4.00222576e-04, 9.99817789e-01 ]
