%YAML:1.0
---
Q: !!opencv-matrix
   rows: 4
   cols: 4
   dt: f
   data: [ 1., 0., 0., -3.76925476e+02, 0., 1., 0., -2.24708008e+02, 0.,
       0., 0., 3.53835419e+02, 0., 0., 5.48069645e-03, 0. ]
R: !!opencv-matrix
   rows: 3
   cols: 3
   dt: d
   data: [ 1.0000120328247009e+00, 9.9761325388623631e-03,
       1.3153028679339417e-03, -1.0044198067628409e-02,
       1.0003069767963462e+00, 1.3132526191230855e-03,
       -1.1935028908798655e-03, -1.6922575422270407e-04,
       9.9994037600596108e-01 ]
T: !!opencv-matrix
   rows: 3
   cols: 1
   dt: d
   data: [ -1.8197440199663365e+02, -3.1358548080940394e+00,
       2.3792628811771812e+00 ]
E: !!opencv-matrix
   rows: 0
   cols: 0
   dt: u
   data: []
F: !!opencv-matrix
   rows: 0
   cols: 0
   dt: u
   data: []
K1: !!opencv-matrix
   rows: 3
   cols: 3
   dt: d
   data: [ 3.6619442195486482e+02, 0., 3.7800900657017900e+02, 0.,
       3.6631176586975289e+02, 2.2959692910978347e+02, 0., 0., 1. ]
D1: !!opencv-matrix
   rows: 5
   cols: 1
   dt: d
   data: [ -2.1502618721754269e-02, -1.2951184946942121e-03,
       -3.4127852927748451e-04, 2.7086966768530415e-04,
       4.7803342796299170e-04 ]
P1: !!opencv-matrix
   rows: 3
   cols: 4
   dt: f
   data: [ 3.53835419e+02, 0., 3.76925476e+02, 0., 0., 3.53835419e+02,
       2.24708008e+02, 0., 0., 0., 1., 0. ]
R1: !!opencv-matrix
   rows: 3
   cols: 3
   dt: f
   data: [ 9.99753594e-01, 2.21833922e-02, 7.68076919e-04,
       -2.21836139e-02, 9.99753892e-01, 2.81101646e-04, -7.61652074e-04,
       -2.98071129e-04, 9.99999642e-01 ]
K2: !!opencv-matrix
   rows: 3
   cols: 3
   dt: d
   data: [ 3.6684495620748953e+02, 0., 3.7586764757372902e+02, 0.,
       3.6714722400637692e+02, 2.2165240635390552e+02, 0., 0., 1. ]
D2: !!opencv-matrix
   rows: 5
   cols: 1
   dt: d
   data: [ -2.2125888778928394e-02, -1.1613594850445373e-03,
       2.4824541603873712e-04, -1.2117770058109102e-04,
       4.8874862320422683e-04 ]
P2: !!opencv-matrix
   rows: 3
   cols: 4
   dt: f
   data: [ 3.53835419e+02, 0., 3.76925476e+02, -6.45603047e+04, 0.,
       3.53835419e+02, 2.24708008e+02, 0., 0., 0., 1., 0. ]
R2: !!opencv-matrix
   rows: 3
   cols: 3
   dt: f
   data: [ 9.99924898e-01, 1.22383935e-02, -6.82858576e-04,
       -1.22385910e-02, 9.99925077e-01, -2.85430899e-04, 6.79314195e-04,
       2.93766672e-04, 9.99999702e-01 ]
