%YAML:1.0
---
Q: !!opencv-matrix
   rows: 4
   cols: 4
   dt: f
   data: [ 1., 0., 0., -4.14316864e+02, 0., 1., 0., -2.24504257e+02, 0.,
       0., 0., 3.57396881e+02, 0., 0., 5.61250653e-03, 0. ]
R: !!opencv-matrix
   rows: 3
   cols: 3
   dt: d
   data: [ 9.9997555907240765e-01, 9.6054732854513967e-03,
       4.9504256052146660e-04, -9.6449731524923654e-03,
       1.0006528518151276e+00, 7.1380728706507430e-04,
       -4.4083631306596763e-04, -6.7902289779693808e-04,
       9.9986355904747037e-01 ]
T: !!opencv-matrix
   rows: 3
   cols: 1
   dt: d
   data: [ -1.7817720466782239e+02, -2.3464405516698159e-01,
       6.8258170131554330e+00 ]
E: !!opencv-matrix
   rows: 0
   cols: 0
   dt: u
   data: []
F: !!opencv-matrix
   rows: 0
   cols: 0
   dt: u
   data: []
K1: !!opencv-matrix
   rows: 3
   cols: 3
   dt: d
   data: [ 3.6619442195486482e+02, 0., 3.7800900657017900e+02, 0.,
       3.6631176586975289e+02, 2.2959692910978347e+02, 0., 0., 1. ]
D1: !!opencv-matrix
   rows: 5
   cols: 1
   dt: d
   data: [ -2.1502618721754269e-02, -1.2951184946942121e-03,
       -3.4127852927748451e-04, 2.7086966768530415e-04,
       4.7803342796299170e-04 ]
P1: !!opencv-matrix
   rows: 3
   cols: 4
   dt: f
   data: [ 3.57396881e+02, 0., 4.14316864e+02, 0., 0., 3.57396881e+02,
       2.24504257e+02, 0., 0., 0., 1., 0. ]
R1: !!opencv-matrix
   rows: 3
   cols: 3
   dt: f
   data: [ 9.98817861e-01, 1.13386549e-02, -4.72681411e-02,
       -1.13248089e-02, 9.99935687e-01, 5.60732384e-04, 4.72714603e-02,
       -2.47668777e-05, 9.98882055e-01 ]
K2: !!opencv-matrix
   rows: 3
   cols: 3
   dt: d
   data: [ 3.6684495620748953e+02, 0., 3.7586764757372902e+02, 0.,
       3.6714722400637692e+02, 2.2165240635390552e+02, 0., 0., 1. ]
D2: !!opencv-matrix
   rows: 5
   cols: 1
   dt: d
   data: [ -2.2125888778928394e-02, -1.1613594850445373e-03,
       2.4824541603873712e-04, -1.2117770058109102e-04,
       4.8874862320422683e-04 ]
P2: !!opencv-matrix
   rows: 3
   cols: 4
   dt: f
   data: [ 3.57396881e+02, 0., 4.14316864e+02, -6.36786563e+04, 0.,
       3.57396881e+02, 2.24504257e+02, 0., 0., 0., 1., 0. ]
R2: !!opencv-matrix
   rows: 3
   cols: 3
   dt: f
   data: [ 9.98863697e-01, 1.69196853e-03, -4.76276726e-02,
       -1.70591951e-03, 9.99998510e-01, -2.52271828e-04, 4.76271771e-02,
       3.33234173e-04, 9.98865128e-01 ]
