%YAML:1.0
---
Q: !!opencv-matrix
   rows: 4
   cols: 4
   dt: f
   data: [ 1., 0., 0., -4.01669800e+02, 0., 1., 0., -2.24519562e+02, 0.,
       0., 0., 3.57646759e+02, 0., 0., 5.67110861e-03, 0. ]
R: !!opencv-matrix
   rows: 3
   cols: 3
   dt: d
   data: [ 1.0000414951246979e+00, 9.8051419732620975e-03,
       7.2867878445396583e-04, -9.7981328639771773e-03,
       1.0004157039210757e+00, 7.7603251495828702e-04,
       -6.7603558703914599e-04, -9.0344715660490443e-04,
       9.9992198308178781e-01 ]
T: !!opencv-matrix
   rows: 3
   cols: 1
   dt: d
   data: [ -1.7622500102243768e+02, -9.2932697762001570e-01,
       5.3033809815998358e+00 ]
E: !!opencv-matrix
   rows: 0
   cols: 0
   dt: u
   data: []
F: !!opencv-matrix
   rows: 0
   cols: 0
   dt: u
   data: []
K1: !!opencv-matrix
   rows: 3
   cols: 3
   dt: d
   data: [ 3.6619442195486482e+02, 0., 3.7800900657017900e+02, 0.,
       3.6631176586975289e+02, 2.2959692910978347e+02, 0., 0., 1. ]
D1: !!opencv-matrix
   rows: 5
   cols: 1
   dt: d
   data: [ -2.1502618721754269e-02, -1.2951184946942121e-03,
       -3.4127852927748451e-04, 2.7086966768530415e-04,
       4.7803342796299170e-04 ]
P1: !!opencv-matrix
   rows: 3
   cols: 4
   dt: f
   data: [ 3.57646759e+02, 0., 4.01669800e+02, 0., 0., 3.57646759e+02,
       2.24519562e+02, 0., 0., 0., 1., 0. ]
R1: !!opencv-matrix
   rows: 3
   cols: 3
   dt: f
   data: [ 9.99396443e-01, 1.54551389e-02, -3.11100036e-02,
       -1.54442731e-02, 9.99880552e-01, 5.89527714e-04, 3.11153997e-02,
       -1.08700500e-04, 9.99515772e-01 ]
K2: !!opencv-matrix
   rows: 3
   cols: 3
   dt: d
   data: [ 3.6684495620748953e+02, 0., 3.7586764757372902e+02, 0.,
       3.6714722400637692e+02, 2.2165240635390552e+02, 0., 0., 1. ]
D2: !!opencv-matrix
   rows: 5
   cols: 1
   dt: d
   data: [ -2.2125888778928394e-02, -1.1613594850445373e-03,
       2.4824541603873712e-04, -1.2117770058109102e-04,
       4.8874862320422683e-04 ]
P2: !!opencv-matrix
   rows: 3
   cols: 4
   dt: f
   data: [ 3.57646759e+02, 0., 4.01669800e+02, -6.30647031e+04, 0.,
       3.57646759e+02, 2.24519562e+02, 0., 0., 0., 1., 0. ]
R2: !!opencv-matrix
   rows: 3
   cols: 3
   dt: f
   data: [ 9.99477923e-01, 5.62335784e-03, -3.18151116e-02,
       -5.63446758e-03, 9.99984086e-01, -2.59558379e-04, 3.18131447e-02,
       4.38684074e-04, 9.99493718e-01 ]
