%YAML:1.0
---
Q: !!opencv-matrix
   rows: 4
   cols: 4
   dt: f
   data: [ 1., 0., 0., -4.02749451e+02, 0., 1., 0., -2.24494659e+02, 0.,
       0., 0., 3.57738556e+02, 0., 0., 5.65298973e-03, 0. ]
R: !!opencv-matrix
   rows: 3
   cols: 3
   dt: d
   data: [ 1.0000301933649149e+00, 9.5810137831668432e-03,
       3.5812054451312900e-04, -9.7936830250917681e-03,
       1.0004350141441907e+00, 9.2667115635189010e-04,
       -3.2623877038048810e-04, -1.5619047447674120e-03,
       1.0000451167117890e+00 ]
T: !!opencv-matrix
   rows: 3
   cols: 1
   dt: d
   data: [ -1.7670943887591326e+02, -1.2791819158488262e+00,
       5.9675982010808566e+00 ]
E: !!opencv-matrix
   rows: 0
   cols: 0
   dt: u
   data: []
F: !!opencv-matrix
   rows: 0
   cols: 0
   dt: u
   data: []
K1: !!opencv-matrix
   rows: 3
   cols: 3
   dt: d
   data: [ 3.6619442195486482e+02, 0., 3.7800900657017900e+02, 0.,
       3.6631176586975289e+02, 2.2959692910978347e+02, 0., 0., 1. ]
D1: !!opencv-matrix
   rows: 5
   cols: 1
   dt: d
   data: [ -2.1502618721754269e-02, -1.2951184946942121e-03,
       -3.4127852927748451e-04, 2.7086966768530415e-04,
       4.7803342796299170e-04 ]
P1: !!opencv-matrix
   rows: 3
   cols: 4
   dt: f
   data: [ 3.57738556e+02, 0., 4.02749451e+02, 0., 0., 3.57738556e+02,
       2.24494659e+02, 0., 0., 0., 1., 0. ]
R1: !!opencv-matrix
   rows: 3
   cols: 3
   dt: f
   data: [ 9.99335170e-01, 1.61980167e-02, -3.26632559e-02,
       -1.61810908e-02, 9.99868751e-01, 7.82482733e-04, 3.26716453e-02,
       -2.53435341e-04, 9.99466121e-01 ]
K2: !!opencv-matrix
   rows: 3
   cols: 3
   dt: d
   data: [ 3.6684495620748953e+02, 0., 3.7586764757372902e+02, 0.,
       3.6714722400637692e+02, 2.2165240635390552e+02, 0., 0., 1. ]
D2: !!opencv-matrix
   rows: 5
   cols: 1
   dt: d
   data: [ -2.2125888778928394e-02, -1.1613594850445373e-03,
       2.4824541603873712e-04, -1.2117770058109102e-04,
       4.8874862320422683e-04 ]
P2: !!opencv-matrix
   rows: 3
   cols: 4
   dt: f
   data: [ 3.57738556e+02, 0., 4.02749451e+02, -6.32830703e+04, 0.,
       3.57738556e+02, 2.24494659e+02, 0., 0., 0., 1., 0. ]
R2: !!opencv-matrix
   rows: 3
   cols: 3
   dt: f
   data: [ 9.99432981e-01, 6.47640647e-03, -3.30420248e-02,
       -6.49352558e-03, 9.99978840e-01, -4.10808570e-04, 3.30386646e-02,
       6.25134853e-04, 9.99453902e-01 ]
