%YAML:1.0
---
Q: !!opencv-matrix
   rows: 4
   cols: 4
   dt: f
   data: [ 1., 0., 0., -3.88028442e+02, 0., 1., 0., -2.24613586e+02, 0.,
       0., 0., 3.57848175e+02, 0., 0., 5.62714227e-03, 0. ]
R: !!opencv-matrix
   rows: 3
   cols: 3
   dt: d
   data: [ 1.0000908954814505e+00, 1.0121702784673879e-02,
       1.3452052237516363e-03, -9.9387333590520537e-03,
       1.0002432633490312e+00, 7.7417123179198148e-04,
       -1.2094270852935154e-03, 8.7020547028174782e-05,
       9.9988651608964718e-01 ]
T: !!opencv-matrix
   rows: 3
   cols: 1
   dt: d
   data: [ -1.7808279973510324e+02, -1.2600344932552037e+00,
       2.3902325809277114e+00 ]
E: !!opencv-matrix
   rows: 0
   cols: 0
   dt: u
   data: []
F: !!opencv-matrix
   rows: 0
   cols: 0
   dt: u
   data: []
K1: !!opencv-matrix
   rows: 3
   cols: 3
   dt: d
   data: [ 3.6619442195486482e+02, 0., 3.7800900657017900e+02, 0.,
       3.6631176586975289e+02, 2.2959692910978347e+02, 0., 0., 1. ]
D1: !!opencv-matrix
   rows: 5
   cols: 1
   dt: d
   data: [ -2.1502618721754269e-02, -1.2951184946942121e-03,
       -3.4127852927748451e-04, 2.7086966768530415e-04,
       4.7803342796299170e-04 ]
P1: !!opencv-matrix
   rows: 3
   cols: 4
   dt: f
   data: [ 3.57848175e+02, 0., 3.88028442e+02, 0., 0., 3.57848175e+02,
       2.24613586e+02, 0., 0., 0., 1., 0. ]
R1: !!opencv-matrix
   rows: 3
   cols: 3
   dt: f
   data: [ 9.99746978e-01, 1.79996751e-02, -1.34898582e-02,
       -1.79970581e-02, 9.99837995e-01, 3.15376528e-04, 1.34933498e-02,
       -7.25189602e-05, 9.99908984e-01 ]
K2: !!opencv-matrix
   rows: 3
   cols: 3
   dt: d
   data: [ 3.6684495620748953e+02, 0., 3.7586764757372902e+02, 0.,
       3.6714722400637692e+02, 2.2165240635390552e+02, 0., 0., 1. ]
D2: !!opencv-matrix
   rows: 5
   cols: 1
   dt: d
   data: [ -2.2125888778928394e-02, -1.1613594850445373e-03,
       2.4824541603873712e-04, -1.2117770058109102e-04,
       4.8874862320422683e-04 ]
P2: !!opencv-matrix
   rows: 3
   cols: 4
   dt: f
   data: [ 3.57848175e+02, 0., 3.88028442e+02, -6.35932344e+04, 0.,
       3.57848175e+02, 2.24613586e+02, 0., 0., 0., 1., 0. ]
R2: !!opencv-matrix
   rows: 3
   cols: 3
   dt: f
   data: [ 9.99859989e-01, 8.00423138e-03, -1.46932611e-02,
       -8.00708123e-03, 9.99967933e-01, -1.35137612e-04, 1.46917077e-02,
       2.52768834e-04, 9.99892056e-01 ]
