%YAML:1.0
---
Q: !!opencv-matrix
   rows: 4
   cols: 4
   dt: f
   data: [ 1., 0., 0., -3.92890961e+02, 0., 1., 0., -2.24447632e+02, 0.,
       0., 0., 3.58437927e+02, 0., 0., 5.51266503e-03, 0. ]
R: !!opencv-matrix
   rows: 3
   cols: 3
   dt: d
   data: [ 9.9952525954616478e-01, 1.0342717230996270e-02,
       1.2246363883322315e-03, -1.0017864291793358e-02,
       1.0004649900639648e+00, 1.3245088404619870e-03,
       -1.4863442911483957e-03, 5.0439901962550293e-04,
       1.0002485382155928e+00 ]
T: !!opencv-matrix
   rows: 3
   cols: 1
   dt: d
   data: [ -1.8190258729477182e+02, -2.6298652222392755e+00,
       2.6703256430987570e+00 ]
E: !!opencv-matrix
   rows: 0
   cols: 0
   dt: u
   data: []
F: !!opencv-matrix
   rows: 0
   cols: 0
   dt: u
   data: []
K1: !!opencv-matrix
   rows: 3
   cols: 3
   dt: d
   data: [ 3.6619442195486482e+02, 0., 3.7800900657017900e+02, 0.,
       3.6631176586975289e+02, 2.2959692910978347e+02, 0., 0., 1. ]
D1: !!opencv-matrix
   rows: 5
   cols: 1
   dt: d
   data: [ -2.1502618721754269e-02, -1.2951184946942121e-03,
       -3.4127852927748451e-04, 2.7086966768530415e-04,
       4.7803342796299170e-04 ]
P1: !!opencv-matrix
   rows: 3
   cols: 4
   dt: f
   data: [ 3.58437927e+02, 0., 3.92890961e+02, 0., 0., 3.58437927e+02,
       2.24447632e+02, 0., 0., 0., 1., 0. ]
R1: !!opencv-matrix
   rows: 3
   cols: 3
   dt: f
   data: [ 9.99413490e-01, 2.78716721e-02, -1.98967718e-02,
       -2.78669298e-02, 9.99611497e-01, 5.15573716e-04, 1.99034121e-02,
       3.91906542e-05, 9.99801934e-01 ]
K2: !!opencv-matrix
   rows: 3
   cols: 3
   dt: d
   data: [ 3.6684495620748953e+02, 0., 3.7586764757372902e+02, 0.,
       3.6714722400637692e+02, 2.2165240635390552e+02, 0., 0., 1. ]
D2: !!opencv-matrix
   rows: 5
   cols: 1
   dt: d
   data: [ -2.2125888778928394e-02, -1.1613594850445373e-03,
       2.4824541603873712e-04, -1.2117770058109102e-04,
       4.8874862320422683e-04 ]
P2: !!opencv-matrix
   rows: 3
   cols: 4
   dt: f
   data: [ 3.58437927e+02, 0., 3.92890961e+02, -6.50208086e+04, 0.,
       3.58437927e+02, 2.24447632e+02, 0., 0., 0., 1., 0. ]
R2: !!opencv-matrix
   rows: 3
   cols: 3
   dt: f
   data: [ 9.99621034e-01, 1.76893938e-02, -2.10914109e-02,
       -1.76944192e-02, 9.99843419e-01, -5.16135333e-05, 2.10871957e-02,
       4.24794242e-04, 9.99777555e-01 ]
