%YAML:1.0
---
Q: !!opencv-matrix
   rows: 4
   cols: 4
   dt: f
   data: [ 1., 0., 0., -3.96699951e+02, 0., 1., 0., -2.24477997e+02, 0.,
       0., 0., 3.57995636e+02, 0., 0., 5.53542981e-03, 0. ]
R: !!opencv-matrix
   rows: 3
   cols: 3
   dt: d
   data: [ 9.9998296746537352e-01, 1.0043971196409701e-02,
       1.1659951474755736e-03, -9.9905178206256325e-03,
       1.0004083445413632e+00, 1.2712767207882544e-03,
       -9.5752373920731282e-04, -1.9012865685097134e-04,
       9.9987162317654810e-01 ]
T: !!opencv-matrix
   rows: 3
   cols: 1
   dt: d
   data: [ -1.8056518000100198e+02, -2.2761989271871914e+00,
       4.3521052389006032e+00 ]
E: !!opencv-matrix
   rows: 0
   cols: 0
   dt: u
   data: []
F: !!opencv-matrix
   rows: 0
   cols: 0
   dt: u
   data: []
K1: !!opencv-matrix
   rows: 3
   cols: 3
   dt: d
   data: [ 3.6619442195486482e+02, 0., 3.7800900657017900e+02, 0.,
       3.6631176586975289e+02, 2.2959692910978347e+02, 0., 0., 1. ]
D1: !!opencv-matrix
   rows: 5
   cols: 1
   dt: d
   data: [ -2.1502618721754269e-02, -1.2951184946942121e-03,
       -3.4127852927748451e-04, 2.7086966768530415e-04,
       4.7803342796299170e-04 ]
P1: !!opencv-matrix
   rows: 3
   cols: 4
   dt: f
   data: [ 3.57995636e+02, 0., 3.96699951e+02, 0., 0., 3.57995636e+02,
       2.24477997e+02, 0., 0., 0., 1., 0. ]
R1: !!opencv-matrix
   rows: 3
   cols: 3
   dt: f
   data: [ 9.99465525e-01, 2.14132406e-02, -2.46997606e-02,
       -2.14057565e-02, 9.99770701e-01, 5.67385461e-04, 2.47062463e-02,
       -3.83651713e-05, 9.99694765e-01 ]
K2: !!opencv-matrix
   rows: 3
   cols: 3
   dt: d
   data: [ 3.6684495620748953e+02, 0., 3.7586764757372902e+02, 0.,
       3.6714722400637692e+02, 2.2165240635390552e+02, 0., 0., 1. ]
D2: !!opencv-matrix
   rows: 5
   cols: 1
   dt: d
   data: [ -2.2125888778928394e-02, -1.1613594850445373e-03,
       2.4824541603873712e-04, -1.2117770058109102e-04,
       4.8874862320422683e-04 ]
P2: !!opencv-matrix
   rows: 3
   cols: 4
   dt: f
   data: [ 3.57995636e+02, 0., 3.96699951e+02, -6.46735000e+04, 0.,
       3.57995636e+02, 2.24477997e+02, 0., 0., 0., 1., 0. ]
R2: !!opencv-matrix
   rows: 3
   cols: 3
   dt: f
   data: [ 9.99602854e-01, 1.13950893e-02, -2.57741660e-02,
       -1.14028975e-02, 9.99934971e-01, -1.55966598e-04, 2.57707126e-02,
       4.49804822e-04, 9.99667764e-01 ]
