%YAML:1.0
---
Q: !!opencv-matrix
   rows: 4
   cols: 4
   dt: f
   data: [ 1., 0., 0., -3.81513184e+02, 0., 1., 0., -2.24737091e+02, 0.,
       0., 0., 3.58078217e+02, 0., 0., 5.55344904e-03, 0. ]
R: !!opencv-matrix
   rows: 3
   cols: 3
   dt: d
   data: [ 1.0000280706631564e+00, 9.5660539741040575e-03,
       1.2183325537517028e-03, -9.5235154824762601e-03,
       9.9933969216315344e-01, 3.7554104252370251e-04,
       -1.4371105942288097e-03, -9.4104135547538913e-04,
       1.0001647338004018e+00 ]
T: !!opencv-matrix
   rows: 3
   cols: 1
   dt: d
   data: [ -1.7992817808822932e+02, 1.3603716583464189e+00,
       1.0797849513780491e+00 ]
E: !!opencv-matrix
   rows: 0
   cols: 0
   dt: u
   data: []
F: !!opencv-matrix
   rows: 0
   cols: 0
   dt: u
   data: []
K1: !!opencv-matrix
   rows: 3
   cols: 3
   dt: d
   data: [ 3.6619442195486482e+02, 0., 3.7800900657017900e+02, 0.,
       3.6631176586975289e+02, 2.2959692910978347e+02, 0., 0., 1. ]
D1: !!opencv-matrix
   rows: 5
   cols: 1
   dt: d
   data: [ -2.1502618721754269e-02, -1.2951184946942121e-03,
       -3.4127852927748451e-04, 2.7086966768530415e-04,
       4.7803342796299170e-04 ]
P1: !!opencv-matrix
   rows: 3
   cols: 4
   dt: f
   data: [ 3.58078217e+02, 0., 3.81513184e+02, 0., 0., 3.58078217e+02,
       2.24737091e+02, 0., 0., 0., 1., 0. ]
R1: !!opencv-matrix
   rows: 3
   cols: 3
   dt: f
   data: [ 9.99980032e-01, 4.08231979e-03, -4.81854659e-03,
       -4.08079196e-03, 9.99991596e-01, 3.26863228e-04, 4.81984066e-03,
       -3.07193230e-04, 9.99988317e-01 ]
K2: !!opencv-matrix
   rows: 3
   cols: 3
   dt: d
   data: [ 3.6684495620748953e+02, 0., 3.7586764757372902e+02, 0.,
       3.6714722400637692e+02, 2.2165240635390552e+02, 0., 0., 1. ]
D2: !!opencv-matrix
   rows: 5
   cols: 1
   dt: d
   data: [ -2.2125888778928394e-02, -1.1613594850445373e-03,
       2.4824541603873712e-04, -1.2117770058109102e-04,
       4.8874862320422683e-04 ]
P2: !!opencv-matrix
   rows: 3
   cols: 4
   dt: f
   data: [ 3.58078217e+02, 0., 3.81513184e+02, -6.44785273e+04, 0.,
       3.58078217e+02, 2.24737091e+02, 0., 0., 0., 1., 0. ]
R2: !!opencv-matrix
   rows: 3
   cols: 3
   dt: f
   data: [ 9.99965787e-01, -5.51378960e-03, -6.16929121e-03,
       5.51183335e-03, 9.99984741e-01, -3.34034878e-04, 6.17103931e-03,
       3.00019310e-04, 9.99980927e-01 ]
