%YAML:1.0
---
Q: !!opencv-matrix
   rows: 4
   cols: 4
   dt: f
   data: [ 1., 0., 0., -3.94806458e+02, 0., 1., 0., -2.24455002e+02, 0.,
       0., 0., 3.58156067e+02, 0., 0., 5.47127239e-03, 0. ]
R: !!opencv-matrix
   rows: 3
   cols: 3
   dt: d
   data: [ 9.9927700120917462e-01, 9.8139129350404957e-03,
       1.4523869179112264e-03, -9.8952170166281342e-03,
       9.9979135795870422e-01, 1.4768524413641250e-04,
       -1.6464558581530894e-03, -1.3418560259565550e-03,
       1.0005108779746363e+00 ]
T: !!opencv-matrix
   rows: 3
   cols: 1
   dt: d
   data: [ -1.8245351094277399e+02, -2.2302960535416025e-01,
       3.6700952819100968e-01 ]
E: !!opencv-matrix
   rows: 0
   cols: 0
   dt: u
   data: []
F: !!opencv-matrix
   rows: 0
   cols: 0
   dt: u
   data: []
K1: !!opencv-matrix
   rows: 3
   cols: 3
   dt: d
   data: [ 3.6619442195486482e+02, 0., 3.7800900657017900e+02, 0.,
       3.6631176586975289e+02, 2.2959692910978347e+02, 0., 0., 1. ]
D1: !!opencv-matrix
   rows: 5
   cols: 1
   dt: d
   data: [ -2.1502618721754269e-02, -1.2951184946942121e-03,
       -3.4127852927748451e-04, 2.7086966768530415e-04,
       4.7803342796299170e-04 ]
P1: !!opencv-matrix
   rows: 3
   cols: 4
   dt: f
   data: [ 3.58156067e+02, 0., 3.94806458e+02, 0., 0., 3.58156067e+02,
       2.24455002e+02, 0., 0., 0., 1., 0. ]
R1: !!opencv-matrix
   rows: 3
   cols: 3
   dt: f
   data: [ 9.99444127e-01, 2.49082744e-02, -2.21586581e-02,
       -2.49032378e-02, 9.99689758e-01, 5.03283518e-04, 2.21643187e-02,
       4.88185542e-05, 9.99754369e-01 ]
K2: !!opencv-matrix
   rows: 3
   cols: 3
   dt: d
   data: [ 3.6684495620748953e+02, 0., 3.7586764757372902e+02, 0.,
       3.6714722400637692e+02, 2.2165240635390552e+02, 0., 0., 1. ]
D2: !!opencv-matrix
   rows: 5
   cols: 1
   dt: d
   data: [ -2.2125888778928394e-02, -1.1613594850445373e-03,
       2.4824541603873712e-04, -1.2117770058109102e-04,
       4.8874862320422683e-04 ]
P2: !!opencv-matrix
   rows: 3
   cols: 4
   dt: f
   data: [ 3.58156067e+02, 0., 3.94806458e+02, -6.54612031e+04, 0.,
       3.58156067e+02, 2.24455002e+02, 0., 0., 0., 1., 0. ]
R2: !!opencv-matrix
   rows: 3
   cols: 3
   dt: f
   data: [ 9.99609888e-01, 1.49114802e-02, -2.36149635e-02,
       -1.49168475e-02, 9.99888718e-01, -5.11214785e-05, 2.36115754e-02,
       4.03362355e-04, 9.99721110e-01 ]
