%YAML:1.0
---
Q: !!opencv-matrix
   rows: 4
   cols: 4
   dt: f
   data: [ 1., 0., 0., -4.02748047e+02, 0., 1., 0., -2.24449249e+02, 0.,
       0., 0., 3.57921234e+02, 0., 0., 5.56776766e-03, 0. ]
R: !!opencv-matrix
   rows: 3
   cols: 3
   dt: d
   data: [ 1.0003021446254143e+00, 9.8174739957258110e-03,
       7.6878998682219620e-04, -9.7631767398602912e-03,
       1.0005797173131930e+00, 1.2309896196325560e-03,
       -3.9584615196646479e-04, -4.6977087152069415e-04,
       9.9971956084176949e-01 ]
T: !!opencv-matrix
   rows: 3
   cols: 1
   dt: d
   data: [ -1.7976180825345165e+02, -1.6804092259140759e+00,
       5.9240781470548818e+00 ]
E: !!opencv-matrix
   rows: 0
   cols: 0
   dt: u
   data: []
F: !!opencv-matrix
   rows: 0
   cols: 0
   dt: u
   data: []
K1: !!opencv-matrix
   rows: 3
   cols: 3
   dt: d
   data: [ 3.6619442195486482e+02, 0., 3.7800900657017900e+02, 0.,
       3.6631176586975289e+02, 2.2959692910978347e+02, 0., 0., 1. ]
D1: !!opencv-matrix
   rows: 5
   cols: 1
   dt: d
   data: [ -2.1502618721754269e-02, -1.2951184946942121e-03,
       -3.4127852927748451e-04, 2.7086966768530415e-04,
       4.7803342796299170e-04 ]
P1: !!opencv-matrix
   rows: 3
   cols: 4
   dt: f
   data: [ 3.57921234e+02, 0., 4.02748047e+02, 0., 0., 3.57921234e+02,
       2.24449249e+02, 0., 0., 0., 1., 0. ]
R1: !!opencv-matrix
   rows: 3
   cols: 3
   dt: f
   data: [ 9.99293327e-01, 1.86814778e-02, -3.26173045e-02,
       -1.86687633e-02, 9.99825478e-01, 6.94316695e-04, 3.26245837e-02,
       -8.49012795e-05, 9.99467671e-01 ]
K2: !!opencv-matrix
   rows: 3
   cols: 3
   dt: d
   data: [ 3.6684495620748953e+02, 0., 3.7586764757372902e+02, 0.,
       3.6714722400637692e+02, 2.2165240635390552e+02, 0., 0., 1. ]
D2: !!opencv-matrix
   rows: 5
   cols: 1
   dt: d
   data: [ -2.2125888778928394e-02, -1.1613594850445373e-03,
       2.4824541603873712e-04, -1.2117770058109102e-04,
       4.8874862320422683e-04 ]
P2: !!opencv-matrix
   rows: 3
   cols: 4
   dt: f
   data: [ 3.57921234e+02, 0., 4.02748047e+02, -6.42845117e+04, 0.,
       3.57921234e+02, 2.24449249e+02, 0., 0., 0., 1., 0. ]
R2: !!opencv-matrix
   rows: 3
   cols: 3
   dt: f
   data: [ 9.99409854e-01, 8.89837928e-03, -3.31779383e-02,
       -8.91130976e-03, 9.99960244e-01, -2.41862275e-04, 3.31744663e-02,
       5.37378422e-04, 9.99449432e-01 ]
