%YAML:1.0
---
Q: !!opencv-matrix
   rows: 4
   cols: 4
   dt: f
   data: [ 1., 0., 0., -4.18034515e+02, 0., 1., 0., -2.23823517e+02, 0.,
       0., 0., 3.60002655e+02, 0., 0., 5.61811263e-03, 0. ]
R: !!opencv-matrix
   rows: 3
   cols: 3
   dt: d
   data: [ 1.0001429116886846e+00, 9.9590846206695349e-03,
       5.9611750349670381e-04, -9.9100250168209676e-03,
       1.0011775838467507e+00, 1.8737186956080810e-03,
       -2.0096554274100470e-04, 1.1952462519951936e-04,
       9.9961546168766269e-01 ]
T: !!opencv-matrix
   rows: 3
   cols: 1
   dt: d
   data: [ -1.7742496474496633e+02, -3.6788466891168725e+00,
       8.8575275025295248e+00 ]
E: !!opencv-matrix
   rows: 0
   cols: 0
   dt: u
   data: []
F: !!opencv-matrix
   rows: 0
   cols: 0
   dt: u
   data: []
K1: !!opencv-matrix
   rows: 3
   cols: 3
   dt: d
   data: [ 3.6619442195486482e+02, 0., 3.7800900657017900e+02, 0.,
       3.6631176586975289e+02, 2.2959692910978347e+02, 0., 0., 1. ]
D1: !!opencv-matrix
   rows: 5
   cols: 1
   dt: d
   data: [ -2.1502618721754269e-02, -1.2951184946942121e-03,
       -3.4127852927748451e-04, 2.7086966768530415e-04,
       4.7803342796299170e-04 ]
P1: !!opencv-matrix
   rows: 3
   cols: 4
   dt: f
   data: [ 3.60002655e+02, 0., 4.18034515e+02, 0., 0., 3.60002655e+02,
       2.23823517e+02, 0., 0., 0., 1., 0. ]
R1: !!opencv-matrix
   rows: 3
   cols: 3
   dt: f
   data: [ 9.98040438e-01, 3.42582911e-02, -5.23606278e-02,
       -3.42422798e-02, 9.99412835e-01, 1.20315014e-03, 5.23710996e-02,
       5.92154742e-04, 9.98627543e-01 ]
K2: !!opencv-matrix
   rows: 3
   cols: 3
   dt: d
   data: [ 3.6684495620748953e+02, 0., 3.7586764757372902e+02, 0.,
       3.6714722400637692e+02, 2.2165240635390552e+02, 0., 0., 1. ]
D2: !!opencv-matrix
   rows: 5
   cols: 1
   dt: d
   data: [ -2.2125888778928394e-02, -1.1613594850445373e-03,
       2.4824541603873712e-04, -1.2117770058109102e-04,
       4.8874862320422683e-04 ]
P2: !!opencv-matrix
   rows: 3
   cols: 4
   dt: f
   data: [ 3.60002655e+02, 0., 4.18034515e+02, -6.40789297e+04, 0.,
       3.60002655e+02, 2.23823517e+02, 0., 0., 0., 1., 0. ]
R2: !!opencv-matrix
   rows: 3
   cols: 3
   dt: f
   data: [ 9.98309731e-01, 2.42781118e-02, -5.28040640e-02,
       -2.42942572e-02, 9.99704778e-01, 3.36183613e-04, 5.27966395e-02,
       9.47220135e-04, 9.98604834e-01 ]
