%YAML:1.0
---
Q: !!opencv-matrix
   rows: 4
   cols: 4
   dt: f
   data: [ 1., 0., 0., -3.93676605e+02, 0., 1., 0., -2.24525818e+02, 0.,
       0., 0., 3.57825226e+02, 0., 0., 5.52123645e-03, 0. ]
R: !!opencv-matrix
   rows: 3
   cols: 3
   dt: d
   data: [ 1.0001103287169160e+00, 1.0016717289867414e-02,
       1.2914718532040022e-03, -9.9535642471504024e-03,
       1.0001790985695436e+00, 7.5326457594602288e-04,
       -1.2073574362024843e-03, -8.6857582912296723e-04,
       9.9983185029785748e-01 ]
T: !!opencv-matrix
   rows: 3
   cols: 1
   dt: d
   data: [ -1.8108805584954595e+02, -1.3952048076238572e+00,
       3.8719884847684498e+00 ]
E: !!opencv-matrix
   rows: 0
   cols: 0
   dt: u
   data: []
F: !!opencv-matrix
   rows: 0
   cols: 0
   dt: u
   data: []
K1: !!opencv-matrix
   rows: 3
   cols: 3
   dt: d
   data: [ 3.6619442195486482e+02, 0., 3.7800900657017900e+02, 0.,
       3.6631176586975289e+02, 2.2959692910978347e+02, 0., 0., 1. ]
D1: !!opencv-matrix
   rows: 5
   cols: 1
   dt: d
   data: [ -2.1502618721754269e-02, -1.2951184946942121e-03,
       -3.4127852927748451e-04, 2.7086966768530415e-04,
       4.7803342796299170e-04 ]
P1: !!opencv-matrix
   rows: 3
   cols: 4
   dt: f
   data: [ 3.57825226e+02, 0., 3.93676605e+02, 0., 0., 3.57825226e+02,
       2.24525818e+02, 0., 0., 0., 1., 0. ]
R1: !!opencv-matrix
   rows: 3
   cols: 3
   dt: f
   data: [ 9.99573171e-01, 2.05780100e-02, -2.07381845e-02,
       -2.05709133e-02, 9.99788225e-01, 5.55531878e-04, 2.07452234e-02,
       -1.28691347e-04, 9.99784768e-01 ]
K2: !!opencv-matrix
   rows: 3
   cols: 3
   dt: d
   data: [ 3.6684495620748953e+02, 0., 3.7586764757372902e+02, 0.,
       3.6714722400637692e+02, 2.2165240635390552e+02, 0., 0., 1. ]
D2: !!opencv-matrix
   rows: 5
   cols: 1
   dt: d
   data: [ -2.2125888778928394e-02, -1.1613594850445373e-03,
       2.4824541603873712e-04, -1.2117770058109102e-04,
       4.8874862320422683e-04 ]
P2: !!opencv-matrix
   rows: 3
   cols: 4
   dt: f
   data: [ 3.57825226e+02, 0., 3.93676605e+02, -6.48088945e+04, 0.,
       3.57825226e+02, 2.24525818e+02, 0., 0., 0., 1., 0. ]
R2: !!opencv-matrix
   rows: 3
   cols: 3
   dt: f
   data: [ 9.99702036e-01, 1.06064081e-02, -2.19842847e-02,
       -1.06139295e-02, 9.99943674e-01, -2.25486394e-04, 2.19806544e-02,
       4.58758877e-04, 9.99758303e-01 ]
