%YAML:1.0
---
Q: !!opencv-matrix
   rows: 4
   cols: 4
   dt: f
   data: [ 1., 0., 0., -4.20927734e+02, 0., 1., 0., -2.23415085e+02, 0.,
       0., 0., 3.61784790e+02, 0., 0., 5.63135883e-03, 0. ]
R: !!opencv-matrix
   rows: 3
   cols: 3
   dt: d
   data: [ 9.9881144296202429e-01, 9.7810858203847325e-03,
       6.0663556100522774e-04, -9.8131929294571884e-03,
       1.0000407618100040e+00, 3.9704642168316161e-04,
       -9.8345131492115078e-04, -1.0475679753336662e-03,
       1.0009282486768705e+00 ]
T: !!opencv-matrix
   rows: 3
   cols: 1
   dt: d
   data: [ -1.7655030918394908e+02, -3.4861676567955457e-01,
       1.1384432443526018e+00 ]
E: !!opencv-matrix
   rows: 0
   cols: 0
   dt: u
   data: []
F: !!opencv-matrix
   rows: 0
   cols: 0
   dt: u
   data: []
K1: !!opencv-matrix
   rows: 3
   cols: 3
   dt: d
   data: [ 3.6619442195486482e+02, 0., 3.7800900657017900e+02, 0.,
       3.6631176586975289e+02, 2.2959692910978347e+02, 0., 0., 1. ]
D1: !!opencv-matrix
   rows: 5
   cols: 1
   dt: d
   data: [ -2.1502618721754269e-02, -1.2951184946942121e-03,
       -3.4127852927748451e-04, 2.7086966768530415e-04,
       4.7803342796299170e-04 ]
P1: !!opencv-matrix
   rows: 3
   cols: 4
   dt: f
   data: [ 3.61784790e+02, 0., 4.20927734e+02, 0., 0., 3.61784790e+02,
       2.23415085e+02, 0., 0., 0., 1., 0. ]
R1: !!opencv-matrix
   rows: 3
   cols: 3
   dt: f
   data: [ 9.97383118e-01, 4.55269888e-02, -5.61623126e-02,
       -4.55028228e-02, 9.98962760e-01, 1.70966936e-03, 5.61818928e-02,
       8.50348384e-04, 9.98420179e-01 ]
K2: !!opencv-matrix
   rows: 3
   cols: 3
   dt: d
   data: [ 3.6684495620748953e+02, 0., 3.7586764757372902e+02, 0.,
       3.6714722400637692e+02, 2.2165240635390552e+02, 0., 0., 1. ]
D2: !!opencv-matrix
   rows: 5
   cols: 1
   dt: d
   data: [ -2.2125888778928394e-02, -1.1613594850445373e-03,
       2.4824541603873712e-04, -1.2117770058109102e-04,
       4.8874862320422683e-04 ]
P2: !!opencv-matrix
   rows: 3
   cols: 4
   dt: f
   data: [ 3.61784790e+02, 0., 4.20927734e+02, -6.42446758e+04, 0.,
       3.61784790e+02, 2.23415085e+02, 0., 0., 0., 1., 0. ]
R2: !!opencv-matrix
   rows: 3
   cols: 3
   dt: f
   data: [ 9.97764051e-01, 3.53269093e-02, -5.67352064e-02,
       -3.53513099e-02, 9.99374807e-01, 5.73772006e-04, 5.67200072e-02,
       1.43317494e-03, 9.98389125e-01 ]
