%YAML:1.0
---
Q: !!opencv-matrix
   rows: 4
   cols: 4
   dt: f
   data: [ 1., 0., 0., -3.98632111e+02, 0., 1., 0., -2.24628723e+02, 0.,
       0., 0., 3.57441772e+02, 0., 0., 5.65541629e-03, 0. ]
R: !!opencv-matrix
   rows: 3
   cols: 3
   dt: d
   data: [ 9.9994333160958693e-01, 9.8702206701096785e-03,
       8.0247866159348380e-04, -9.7445450748857090e-03,
       1.0005966583114363e+00, 7.3283414862161103e-04,
       -7.0383819995336455e-04, -1.8761230388342765e-04,
       9.9992348482698024e-01 ]
T: !!opencv-matrix
   rows: 3
   cols: 1
   dt: d
   data: [ -1.7668036240920662e+02, -3.9341446461450208e-01,
       5.8432071866636193e+00 ]
E: !!opencv-matrix
   rows: 0
   cols: 0
   dt: u
   data: []
F: !!opencv-matrix
   rows: 0
   cols: 0
   dt: u
   data: []
K1: !!opencv-matrix
   rows: 3
   cols: 3
   dt: d
   data: [ 3.6619442195486482e+02, 0., 3.7800900657017900e+02, 0.,
       3.6631176586975289e+02, 2.2959692910978347e+02, 0., 0., 1. ]
D1: !!opencv-matrix
   rows: 5
   cols: 1
   dt: d
   data: [ -2.1502618721754269e-02, -1.2951184946942121e-03,
       -3.4127852927748451e-04, 2.7086966768530415e-04,
       4.7803342796299170e-04 ]
P1: !!opencv-matrix
   rows: 3
   cols: 4
   dt: f
   data: [ 3.57441772e+02, 0., 3.98632111e+02, 0., 0., 3.57441772e+02,
       2.24628723e+02, 0., 0., 0., 1., 0. ]
R1: !!opencv-matrix
   rows: 3
   cols: 3
   dt: f
   data: [ 9.99580324e-01, 1.02683529e-02, -2.70880684e-02,
       -1.02652442e-02, 9.99947250e-01, 2.53826787e-04, 2.70892456e-02,
       2.43453742e-05, 9.99633014e-01 ]
K2: !!opencv-matrix
   rows: 3
   cols: 3
   dt: d
   data: [ 3.6684495620748953e+02, 0., 3.7586764757372902e+02, 0.,
       3.6714722400637692e+02, 2.2165240635390552e+02, 0., 0., 1. ]
D2: !!opencv-matrix
   rows: 5
   cols: 1
   dt: d
   data: [ -2.2125888778928394e-02, -1.1613594850445373e-03,
       2.4824541603873712e-04, -1.2117770058109102e-04,
       4.8874862320422683e-04 ]
P2: !!opencv-matrix
   rows: 3
   cols: 4
   dt: f
   data: [ 3.57441772e+02, 0., 3.98632111e+02, -6.32034414e+04, 0.,
       3.57441772e+02, 2.24628723e+02, 0., 0., 0., 1., 0. ]
R2: !!opencv-matrix
   rows: 3
   cols: 3
   dt: f
   data: [ 9.99610662e-01, 4.63723874e-04, -2.78978050e-02,
       -4.66925529e-04, 9.99999881e-01, -1.08249551e-04, 2.78977510e-02,
       1.21233606e-04, 9.99610782e-01 ]
