%YAML:1.0
---
Q: !!opencv-matrix
   rows: 4
   cols: 4
   dt: f
   data: [ 1., 0., 0., -4.11051849e+02, 0., 1., 0., -2.24172867e+02, 0.,
       0., 0., 3.58846985e+02, 0., 0., 5.62249683e-03, 0. ]
R: !!opencv-matrix
   rows: 3
   cols: 3
   dt: d
   data: [ 9.9990103407087605e-01, 1.0017010891864827e-02,
       4.7369340832183687e-04, -9.9579597098253900e-03,
       1.0011414267753005e+00, 1.5314369142131255e-03,
       -5.0861529935779617e-04, -4.8518533868626578e-04,
       9.9989720327510601e-01 ]
T: !!opencv-matrix
   rows: 3
   cols: 1
   dt: d
   data: [ -1.7796006667698569e+02, -2.8240204075053637e+00,
       7.7758558732346206e+00 ]
E: !!opencv-matrix
   rows: 0
   cols: 0
   dt: u
   data: []
F: !!opencv-matrix
   rows: 0
   cols: 0
   dt: u
   data: []
K1: !!opencv-matrix
   rows: 3
   cols: 3
   dt: d
   data: [ 3.6619442195486482e+02, 0., 3.7800900657017900e+02, 0.,
       3.6631176586975289e+02, 2.2959692910978347e+02, 0., 0., 1. ]
D1: !!opencv-matrix
   rows: 5
   cols: 1
   dt: d
   data: [ -2.1502618721754269e-02, -1.2951184946942121e-03,
       -3.4127852927748451e-04, 2.7086966768530415e-04,
       4.7803342796299170e-04 ]
P1: !!opencv-matrix
   rows: 3
   cols: 4
   dt: f
   data: [ 3.58846985e+02, 0., 4.11051849e+02, 0., 0., 3.58846985e+02,
       2.24172867e+02, 0., 0., 0., 1., 0. ]
R1: !!opencv-matrix
   rows: 3
   cols: 3
   dt: f
   data: [ 9.98714030e-01, 2.62562148e-02, -4.33697365e-02,
       -2.62395162e-02, 9.99655247e-01, 9.54329793e-04, 4.33798432e-02,
       1.84898396e-04, 9.99058664e-01 ]
K2: !!opencv-matrix
   rows: 3
   cols: 3
   dt: d
   data: [ 3.6684495620748953e+02, 0., 3.7586764757372902e+02, 0.,
       3.6714722400637692e+02, 2.2165240635390552e+02, 0., 0., 1. ]
D2: !!opencv-matrix
   rows: 5
   cols: 1
   dt: d
   data: [ -2.2125888778928394e-02, -1.1613594850445373e-03,
       2.4824541603873712e-04, -1.2117770058109102e-04,
       4.8874862320422683e-04 ]
P2: !!opencv-matrix
   rows: 3
   cols: 4
   dt: f
   data: [ 3.58846985e+02, 0., 4.11051849e+02, -6.38234219e+04, 0.,
       3.58846985e+02, 2.24172867e+02, 0., 0., 0., 1., 0. ]
R2: !!opencv-matrix
   rows: 3
   cols: 3
   dt: f
   data: [ 9.98907089e-01, 1.62749793e-02, -4.38144691e-02,
       -1.62918437e-02, 9.99867260e-01, -2.78402640e-05, 4.38081995e-02,
       7.41628348e-04, 9.99039710e-01 ]
