%YAML:1.0
---
Q: !!opencv-matrix
   rows: 4
   cols: 4
   dt: f
   data: [ 1., 0., 0., -3.87330109e+02, 0., 1., 0., -2.24629059e+02, 0.,
       0., 0., 3.57947021e+02, 0., 0., 5.60916681e-03, 0. ]
R: !!opencv-matrix
   rows: 3
   cols: 3
   dt: d
   data: [ 9.9975207739942051e-01, 9.7983593906972085e-03,
       6.4007581129993613e-04, -9.7323990892333144e-03,
       1.0004139121543674e+00, 1.0820509601107279e-03,
       -5.9246538231243272e-04, 1.5449140550249922e-06,
       1.0000914468789304e+00 ]
T: !!opencv-matrix
   rows: 3
   cols: 1
   dt: d
   data: [ -1.7833533643574589e+02, -1.6488357143927825e+00,
       3.1067761725175491e+00 ]
E: !!opencv-matrix
   rows: 0
   cols: 0
   dt: u
   data: []
F: !!opencv-matrix
   rows: 0
   cols: 0
   dt: u
   data: []
K1: !!opencv-matrix
   rows: 3
   cols: 3
   dt: d
   data: [ 3.6619442195486482e+02, 0., 3.7800900657017900e+02, 0.,
       3.6631176586975289e+02, 2.2959692910978347e+02, 0., 0., 1. ]
D1: !!opencv-matrix
   rows: 5
   cols: 1
   dt: d
   data: [ -2.1502618721754269e-02, -1.2951184946942121e-03,
       -3.4127852927748451e-04, 2.7086966768530415e-04,
       4.7803342796299170e-04 ]
P1: !!opencv-matrix
   rows: 3
   cols: 4
   dt: f
   data: [ 3.57947021e+02, 0., 3.87330109e+02, 0., 0., 3.57947021e+02,
       2.24629059e+02, 0., 0., 0., 1., 0. ]
R1: !!opencv-matrix
   rows: 3
   cols: 3
   dt: f
   data: [ 9.99776542e-01, 1.67675782e-02, -1.28729772e-02,
       -1.67657491e-02, 9.99859393e-01, 2.49937293e-04, 1.28753586e-02,
       -3.40563383e-05, 9.99917090e-01 ]
K2: !!opencv-matrix
   rows: 3
   cols: 3
   dt: d
   data: [ 3.6684495620748953e+02, 0., 3.7586764757372902e+02, 0.,
       3.6714722400637692e+02, 2.2165240635390552e+02, 0., 0., 1. ]
D2: !!opencv-matrix
   rows: 5
   cols: 1
   dt: d
   data: [ -2.2125888778928394e-02, -1.1613594850445373e-03,
       2.4824541603873712e-04, -1.2117770058109102e-04,
       4.8874862320422683e-04 ]
P2: !!opencv-matrix
   rows: 3
   cols: 4
   dt: f
   data: [ 3.57947021e+02, 0., 3.87330109e+02, -6.38146523e+04, 0.,
       3.57947021e+02, 2.24629059e+02, 0., 0., 0., 1., 0. ]
R2: !!opencv-matrix
   rows: 3
   cols: 3
   dt: f
   data: [ 9.99884605e-01, 7.00300233e-03, -1.34818815e-02,
       -7.00491667e-03, 9.99975443e-01, -9.47863955e-05, 1.34808868e-02,
       1.89214916e-04, 9.99909103e-01 ]
