%YAML:1.0
---
Q: !!opencv-matrix
   rows: 4
   cols: 4
   dt: f
   data: [ 1., 0., 0., -3.79503418e+02, 0., 1., 0., -2.24730103e+02, 0.,
       0., 0., 3.56905090e+02, 0., 0., 5.56580955e-03, 0. ]
R: !!opencv-matrix
   rows: 3
   cols: 3
   dt: d
   data: [ 1.0003989573584293e+00, 9.3154192965787339e-03,
       1.4596102415292854e-03, -9.6346314531406685e-03,
       9.9978045907500945e-01, 4.2592755035842468e-04,
       -8.5771604540797850e-04, -9.2387872588717594e-04,
       9.9982661021355446e-01 ]
T: !!opencv-matrix
   rows: 3
   cols: 1
   dt: d
   data: [ -1.7624321250608099e+02, -1.1020256162836135e+00,
       2.0696506097167142e+00 ]
E: !!opencv-matrix
   rows: 0
   cols: 0
   dt: u
   data: []
F: !!opencv-matrix
   rows: 0
   cols: 0
   dt: u
   data: []
K1: !!opencv-matrix
   rows: 3
   cols: 3
   dt: d
   data: [ 3.6619442195486482e+02, 0., 3.7800900657017900e+02, 0.,
       3.6631176586975289e+02, 2.2959692910978347e+02, 0., 0., 1. ]
D1: !!opencv-matrix
   rows: 5
   cols: 1
   dt: d
   data: [ -2.1502618721754269e-02, -1.2951184946942121e-03,
       -3.4127852927748451e-04, 2.7086966768530415e-04,
       4.7803342796299170e-04 ]
P1: !!opencv-matrix
   rows: 3
   cols: 4
   dt: f
   data: [ 3.56905090e+02, 0., 3.79503418e+02, 0., 0., 3.56905090e+02,
       2.24730103e+02, 0., 0., 0., 1., 0. ]
R1: !!opencv-matrix
   rows: 3
   cols: 3
   dt: f
   data: [ 9.99977231e-01, 6.45257672e-03, -1.98891922e-03,
       -6.45292830e-03, 9.99979138e-01, -1.70257103e-04, 1.98777928e-03,
       1.83087584e-04, 9.99998033e-01 ]
K2: !!opencv-matrix
   rows: 3
   cols: 3
   dt: d
   data: [ 3.6684495620748953e+02, 0., 3.7586764757372902e+02, 0.,
       3.6714722400637692e+02, 2.2165240635390552e+02, 0., 0., 1. ]
D2: !!opencv-matrix
   rows: 5
   cols: 1
   dt: d
   data: [ -2.2125888778928394e-02, -1.1613594850445373e-03,
       2.4824541603873712e-04, -1.2117770058109102e-04,
       4.8874862320422683e-04 ]
P2: !!opencv-matrix
   rows: 3
   cols: 4
   dt: f
   data: [ 3.56905090e+02, 0., 3.79503418e+02, -6.41245586e+04, 0.,
       3.56905090e+02, 2.24730103e+02, 0., 0., 0., 1., 0. ]
R2: !!opencv-matrix
   rows: 3
   cols: 3
   dt: f
   data: [ 9.99986887e-01, -3.27367964e-03, -3.94029729e-03,
       3.27437557e-03, 9.99994636e-01, 1.70222876e-04, 3.93971894e-03,
       -1.83122669e-04, 9.99992251e-01 ]
