%YAML:1.0
---
Q: !!opencv-matrix
   rows: 4
   cols: 4
   dt: f
   data: [ 1., 0., 0., -4.02538696e+02, 0., 1., 0., -2.24443207e+02, 0.,
       0., 0., 3.57959015e+02, 0., 0., 5.55965584e-03, 0. ]
R: !!opencv-matrix
   rows: 3
   cols: 3
   dt: d
   data: [ 1.0002798004692883e+00, 9.8950453502807626e-03,
       7.0860296787440466e-04, -9.6795596020562511e-03,
       1.0007423954745012e+00, 1.1945796938124678e-03,
       -3.5093863072382318e-04, -2.9450254408090748e-04,
       9.9968977134717052e-01 ]
T: !!opencv-matrix
   rows: 3
   cols: 1
   dt: d
   data: [ -1.7977759694288386e+02, -1.5670785929661761e+00,
       6.8626282689053077e+00 ]
E: !!opencv-matrix
   rows: 0
   cols: 0
   dt: u
   data: []
F: !!opencv-matrix
   rows: 0
   cols: 0
   dt: u
   data: []
K1: !!opencv-matrix
   rows: 3
   cols: 3
   dt: d
   data: [ 3.6619442195486482e+02, 0., 3.7800900657017900e+02, 0.,
       3.6631176586975289e+02, 2.2959692910978347e+02, 0., 0., 1. ]
D1: !!opencv-matrix
   rows: 5
   cols: 1
   dt: d
   data: [ -2.1502618721754269e-02, -1.2951184946942121e-03,
       -3.4127852927748451e-04, 2.7086966768530415e-04,
       4.7803342796299170e-04 ]
P1: !!opencv-matrix
   rows: 3
   cols: 4
   dt: f
   data: [ 3.57959015e+02, 0., 4.02538696e+02, 0., 0., 3.57959015e+02,
       2.24443207e+02, 0., 0., 0., 1., 0. ]
R1: !!opencv-matrix
   rows: 3
   cols: 3
   dt: f
   data: [ 9.99293327e-01, 1.91496946e-02, -3.23436633e-02,
       -1.91385802e-02, 9.99816656e-01, 6.53239957e-04, 3.23502421e-02,
       -3.37665842e-05, 9.99476612e-01 ]
K2: !!opencv-matrix
   rows: 3
   cols: 3
   dt: d
   data: [ 3.6684495620748953e+02, 0., 3.7586764757372902e+02, 0.,
       3.6714722400637692e+02, 2.2165240635390552e+02, 0., 0., 1. ]
D2: !!opencv-matrix
   rows: 5
   cols: 1
   dt: d
   data: [ -2.2125888778928394e-02, -1.1613594850445373e-03,
       2.4824541603873712e-04, -1.2117770058109102e-04,
       4.8874862320422683e-04 ]
P2: !!opencv-matrix
   rows: 3
   cols: 4
   dt: f
   data: [ 3.57959015e+02, 0., 4.02538696e+02, -6.43851016e+04, 0.,
       3.57959015e+02, 2.24443207e+02, 0., 0., 0., 1., 0. ]
R2: !!opencv-matrix
   rows: 3
   cols: 3
   dt: f
   data: [ 9.99413788e-01, 9.34249721e-03, -3.29358354e-02,
       -9.35381372e-03, 9.99956250e-01, -1.89531333e-04, 3.29326242e-02,
       4.97495930e-04, 9.99457479e-01 ]
