%YAML:1.0
---
Q: !!opencv-matrix
   rows: 4
   cols: 4
   dt: f
   data: [ 1., 0., 0., -3.95832489e+02, 0., 1., 0., -2.24589157e+02, 0.,
       0., 0., 3.57524841e+02, 0., 0., 5.62624820e-03, 0. ]
R: !!opencv-matrix
   rows: 3
   cols: 3
   dt: d
   data: [ 9.9994453131865746e-01, 1.0017685297376091e-02,
       1.1254129318149725e-03, -9.7125425294650632e-03,
       1.0002676998198561e+00, 5.3908766716494465e-04,
       -9.7637309239156879e-04, -1.0088807260679051e-04,
       1.0000042852669857e+00 ]
T: !!opencv-matrix
   rows: 3
   cols: 1
   dt: d
   data: [ -1.7751433131269712e+02, -4.3667655009661305e-01,
       3.8970138583836027e+00 ]
E: !!opencv-matrix
   rows: 0
   cols: 0
   dt: u
   data: []
F: !!opencv-matrix
   rows: 0
   cols: 0
   dt: u
   data: []
K1: !!opencv-matrix
   rows: 3
   cols: 3
   dt: d
   data: [ 3.6619442195486482e+02, 0., 3.7800900657017900e+02, 0.,
       3.6631176586975289e+02, 2.2959692910978347e+02, 0., 0., 1. ]
D1: !!opencv-matrix
   rows: 5
   cols: 1
   dt: d
   data: [ -2.1502618721754269e-02, -1.2951184946942121e-03,
       -3.4127852927748451e-04, 2.7086966768530415e-04,
       4.7803342796299170e-04 ]
P1: !!opencv-matrix
   rows: 3
   cols: 4
   dt: f
   data: [ 3.57524841e+02, 0., 3.95832489e+02, 0., 0., 3.57524841e+02,
       2.24589157e+02, 0., 0., 0., 1., 0. ]
R1: !!opencv-matrix
   rows: 3
   cols: 3
   dt: f
   data: [ 9.99623895e-01, 1.42046893e-02, -2.34592762e-02,
       -1.42020322e-02, 9.99899089e-01, 2.79836968e-04, 2.34608836e-02,
       5.34376923e-05, 9.99724746e-01 ]
K2: !!opencv-matrix
   rows: 3
   cols: 3
   dt: d
   data: [ 3.6684495620748953e+02, 0., 3.7586764757372902e+02, 0.,
       3.6714722400637692e+02, 2.2165240635390552e+02, 0., 0., 1. ]
D2: !!opencv-matrix
   rows: 5
   cols: 1
   dt: d
   data: [ -2.2125888778928394e-02, -1.1613594850445373e-03,
       2.4824541603873712e-04, -1.2117770058109102e-04,
       4.8874862320422683e-04 ]
P2: !!opencv-matrix
   rows: 3
   cols: 4
   dt: f
   data: [ 3.57524841e+02, 0., 3.95832489e+02, -6.35458711e+04, 0.,
       3.57524841e+02, 2.24589157e+02, 0., 0., 0., 1., 0. ]
R2: !!opencv-matrix
   rows: 3
   cols: 3
   dt: f
   data: [ 9.99689817e-01, 4.30944143e-03, -2.45294105e-02,
       -4.31221863e-03, 9.99990702e-01, -6.03227600e-05, 2.45289225e-02,
       1.66080237e-04, 9.99699116e-01 ]
