%YAML:1.0
---
Q: !!opencv-matrix
   rows: 4
   cols: 4
   dt: f
   data: [ 1., 0., 0., -3.84004456e+02, 0., 1., 0., -2.24630219e+02, 0.,
       0., 0., 3.56820007e+02, 0., 0., 5.54936519e-03, 0. ]
R: !!opencv-matrix
   rows: 3
   cols: 3
   dt: d
   data: [ 1.0002838280635200e+00, 1.0063944404611325e-02,
       1.2081709580252452e-03, -9.9547763343767366e-03,
       1.0004729550937361e+00, 7.9290773711059687e-04,
       -9.1118012037961875e-04, -2.9098549291036135e-04,
       9.9965420897907420e-01 ]
T: !!opencv-matrix
   rows: 3
   cols: 1
   dt: d
   data: [ -1.7972069971903730e+02, -2.2004009210993929e+00,
       3.7509198508984682e+00 ]
E: !!opencv-matrix
   rows: 0
   cols: 0
   dt: u
   data: []
F: !!opencv-matrix
   rows: 0
   cols: 0
   dt: u
   data: []
K1: !!opencv-matrix
   rows: 3
   cols: 3
   dt: d
   data: [ 3.6619442195486482e+02, 0., 3.7800900657017900e+02, 0.,
       3.6631176586975289e+02, 2.2959692910978347e+02, 0., 0., 1. ]
D1: !!opencv-matrix
   rows: 5
   cols: 1
   dt: d
   data: [ -2.1502618721754269e-02, -1.2951184946942121e-03,
       -3.4127852927748451e-04, 2.7086966768530415e-04,
       4.7803342796299170e-04 ]
P1: !!opencv-matrix
   rows: 3
   cols: 4
   dt: f
   data: [ 3.56820007e+02, 0., 3.84004456e+02, 0., 0., 3.56820007e+02,
       2.24630219e+02, 0., 0., 0., 1., 0. ]
R1: !!opencv-matrix
   rows: 3
   cols: 3
   dt: f
   data: [ 9.99735713e-01, 2.14034822e-02, -8.38737376e-03,
       -2.14024112e-02, 9.99770939e-01, 2.17492401e-04, 8.39010812e-03,
       -3.79248959e-05, 9.99964774e-01 ]
K2: !!opencv-matrix
   rows: 3
   cols: 3
   dt: d
   data: [ 3.6684495620748953e+02, 0., 3.7586764757372902e+02, 0.,
       3.6714722400637692e+02, 2.2165240635390552e+02, 0., 0., 1. ]
D2: !!opencv-matrix
   rows: 5
   cols: 1
   dt: d
   data: [ -2.2125888778928394e-02, -1.1613594850445373e-03,
       2.4824541603873712e-04, -1.2117770058109102e-04,
       4.8874862320422683e-04 ]
P2: !!opencv-matrix
   rows: 3
   cols: 4
   dt: f
   data: [ 3.56820007e+02, 0., 3.84004456e+02, -6.42992500e+04, 0.,
       3.56820007e+02, 2.24630219e+02, 0., 0., 0., 1., 0. ]
R2: !!opencv-matrix
   rows: 3
   cols: 3
   dt: f
   data: [ 9.99889433e-01, 1.13354297e-02, -9.62476339e-03,
       -1.13366591e-02, 9.99935746e-01, -7.31612745e-05, 9.62331519e-03,
       1.82265838e-04, 9.99953687e-01 ]
