%YAML:1.0
---
Q: !!opencv-matrix
   rows: 4
   cols: 4
   dt: f
   data: [ 1., 0., 0., -3.96633240e+02, 0., 1., 0., -2.24559952e+02, 0.,
       0., 0., 3.57615784e+02, 0., 0., 5.61196078e-03, 0. ]
R: !!opencv-matrix
   rows: 3
   cols: 3
   dt: d
   data: [ 1.0004319811444247e+00, 9.9647165096200321e-03,
       9.4959807685771655e-04, -9.9022934045403192e-03,
       1.0005394075344987e+00, 5.1223607540287904e-04,
       -8.0872102706344121e-04, -1.0650900080646931e-03,
       9.9958288923369631e-01 ]
T: !!opencv-matrix
   rows: 3
   cols: 1
   dt: d
   data: [ -1.7806434273571494e+02, -8.3816212527583966e-01,
       5.4059155871668061e+00 ]
E: !!opencv-matrix
   rows: 0
   cols: 0
   dt: u
   data: []
F: !!opencv-matrix
   rows: 0
   cols: 0
   dt: u
   data: []
K1: !!opencv-matrix
   rows: 3
   cols: 3
   dt: d
   data: [ 3.6619442195486482e+02, 0., 3.7800900657017900e+02, 0.,
       3.6631176586975289e+02, 2.2959692910978347e+02, 0., 0., 1. ]
D1: !!opencv-matrix
   rows: 5
   cols: 1
   dt: d
   data: [ -2.1502618721754269e-02, -1.2951184946942121e-03,
       -3.4127852927748451e-04, 2.7086966768530415e-04,
       4.7803342796299170e-04 ]
P1: !!opencv-matrix
   rows: 3
   cols: 4
   dt: f
   data: [ 3.57615784e+02, 0., 3.96633240e+02, 0., 0., 3.57615784e+02,
       2.24559952e+02, 0., 0., 0., 1., 0. ]
R1: !!opencv-matrix
   rows: 3
   cols: 3
   dt: f
   data: [ 9.99572635e-01, 1.58143006e-02, -2.45855786e-02,
       -1.58077609e-02, 9.99874949e-01, 4.60311829e-04, 2.45897844e-02,
       -7.14721391e-05, 9.99697626e-01 ]
K2: !!opencv-matrix
   rows: 3
   cols: 3
   dt: d
   data: [ 3.6684495620748953e+02, 0., 3.7586764757372902e+02, 0.,
       3.6714722400637692e+02, 2.2165240635390552e+02, 0., 0., 1. ]
D2: !!opencv-matrix
   rows: 5
   cols: 1
   dt: d
   data: [ -2.2125888778928394e-02, -1.1613594850445373e-03,
       2.4824541603873712e-04, -1.2117770058109102e-04,
       4.8874862320422683e-04 ]
P2: !!opencv-matrix
   rows: 3
   cols: 4
   dt: f
   data: [ 3.57615784e+02, 0., 3.96633240e+02, -6.37238555e+04, 0.,
       3.57615784e+02, 2.24559952e+02, 0., 0., 0., 1., 0. ]
R2: !!opencv-matrix
   rows: 3
   cols: 3
   dt: f
   data: [ 9.99657691e-01, 5.83221018e-03, -2.55058166e-02,
       -5.83899347e-03, 9.99982953e-01, -1.91466257e-04, 2.55042631e-02,
       3.40329017e-04, 9.99674678e-01 ]
