%YAML:1.0
---
Q: !!opencv-matrix
   rows: 4
   cols: 4
   dt: f
   data: [ 1., 0., 0., -3.82838470e+02, 0., 1., 0., -2.24660522e+02, 0.,
       0., 0., 3.56416779e+02, 0., 0., 5.51409414e-03, 0. ]
R: !!opencv-matrix
   rows: 3
   cols: 3
   dt: d
   data: [ 1.0000785418569207e+00, 9.9672383177626198e-03,
       1.3960283098122226e-03, -9.8926142182622946e-03,
       1.0001538121367111e+00, 7.5526585420570289e-04,
       -1.4401321611955231e-03, -7.9627378511529213e-04,
       9.9985500610582356e-01 ]
T: !!opencv-matrix
   rows: 3
   cols: 1
   dt: d
   data: [ -1.8119157007750240e+02, -1.5502856944707957e+00,
       2.7031908194373586e+00 ]
E: !!opencv-matrix
   rows: 0
   cols: 0
   dt: u
   data: []
F: !!opencv-matrix
   rows: 0
   cols: 0
   dt: u
   data: []
K1: !!opencv-matrix
   rows: 3
   cols: 3
   dt: d
   data: [ 3.6619442195486482e+02, 0., 3.7800900657017900e+02, 0.,
       3.6631176586975289e+02, 2.2959692910978347e+02, 0., 0., 1. ]
D1: !!opencv-matrix
   rows: 5
   cols: 1
   dt: d
   data: [ -2.1502618721754269e-02, -1.2951184946942121e-03,
       -3.4127852927748451e-04, 2.7086966768530415e-04,
       4.7803342796299170e-04 ]
P1: !!opencv-matrix
   rows: 3
   cols: 4
   dt: f
   data: [ 3.56416779e+02, 0., 3.82838470e+02, 0., 0., 3.56416779e+02,
       2.24660522e+02, 0., 0., 0., 1., 0. ]
R1: !!opencv-matrix
   rows: 3
   cols: 3
   dt: f
   data: [ 9.99809861e-01, 1.83120146e-02, -6.70404686e-03,
       -1.83095504e-02, 9.99832273e-01, 4.28877509e-04, 6.71077613e-03,
       -3.06047878e-04, 9.99977410e-01 ]
K2: !!opencv-matrix
   rows: 3
   cols: 3
   dt: d
   data: [ 3.6684495620748953e+02, 0., 3.7586764757372902e+02, 0.,
       3.6714722400637692e+02, 2.2165240635390552e+02, 0., 0., 1. ]
D2: !!opencv-matrix
   rows: 5
   cols: 1
   dt: d
   data: [ -2.2125888778928394e-02, -1.1613594850445373e-03,
       2.4824541603873712e-04, -1.2117770058109102e-04,
       4.8874862320422683e-04 ]
P2: !!opencv-matrix
   rows: 3
   cols: 4
   dt: f
   data: [ 3.56416779e+02, 0., 3.82838470e+02, -6.46374102e+04, 0.,
       3.56416779e+02, 2.24660522e+02, 0., 0., 0., 1., 0. ]
R2: !!opencv-matrix
   rows: 3
   cols: 3
   dt: f
   data: [ 9.99931395e-01, 8.35406501e-03, -8.20759125e-03,
       -8.35708063e-03, 9.99965012e-01, -3.33189528e-04, 8.20452068e-03,
       4.01758181e-04, 9.99966264e-01 ]
