%YAML:1.0
---
Q: !!opencv-matrix
   rows: 4
   cols: 4
   dt: f
   data: [ 1., 0., 0., -3.98327972e+02, 0., 1., 0., -2.24596436e+02, 0.,
       0., 0., 3.57415405e+02, 0., 0., 5.60566178e-03, 0. ]
R: !!opencv-matrix
   rows: 3
   cols: 3
   dt: d
   data: [ 9.9978254649401499e-01, 9.6035128550789311e-03,
       5.7394496219851255e-04, -9.7054062028698838e-03,
       1.0002451648020425e+00, 8.0373707949096395e-04,
       -6.5250874106820571e-04, -6.8129532051603217e-04,
       1.0001204172406961e+00 ]
T: !!opencv-matrix
   rows: 3
   cols: 1
   dt: d
   data: [ -1.7828575227847350e+02, -6.0479580240947772e-01,
       4.5918527245273406e+00 ]
E: !!opencv-matrix
   rows: 0
   cols: 0
   dt: u
   data: []
F: !!opencv-matrix
   rows: 0
   cols: 0
   dt: u
   data: []
K1: !!opencv-matrix
   rows: 3
   cols: 3
   dt: d
   data: [ 3.6619442195486482e+02, 0., 3.7800900657017900e+02, 0.,
       3.6631176586975289e+02, 2.2959692910978347e+02, 0., 0., 1. ]
D1: !!opencv-matrix
   rows: 5
   cols: 1
   dt: d
   data: [ -2.1502618721754269e-02, -1.2951184946942121e-03,
       -3.4127852927748451e-04, 2.7086966768530415e-04,
       4.7803342796299170e-04 ]
P1: !!opencv-matrix
   rows: 3
   cols: 4
   dt: f
   data: [ 3.57415405e+02, 0., 3.98327972e+02, 0., 0., 3.57415405e+02,
       2.24596436e+02, 0., 0., 0., 1., 0. ]
R1: !!opencv-matrix
   rows: 3
   cols: 3
   dt: f
   data: [ 9.99563515e-01, 1.23498468e-02, -2.68366802e-02,
       -1.23409862e-02, 9.99923706e-01, 4.95751214e-04, 2.68407557e-02,
       -1.64343714e-04, 9.99639690e-01 ]
K2: !!opencv-matrix
   rows: 3
   cols: 3
   dt: d
   data: [ 3.6684495620748953e+02, 0., 3.7586764757372902e+02, 0.,
       3.6714722400637692e+02, 2.2165240635390552e+02, 0., 0., 1. ]
D2: !!opencv-matrix
   rows: 5
   cols: 1
   dt: d
   data: [ -2.2125888778928394e-02, -1.1613594850445373e-03,
       2.4824541603873712e-04, -1.2117770058109102e-04,
       4.8874862320422683e-04 ]
P2: !!opencv-matrix
   rows: 3
   cols: 4
   dt: f
   data: [ 3.57415405e+02, 0., 3.98327972e+02, -6.37597148e+04, 0.,
       3.57415405e+02, 2.24596436e+02, 0., 0., 0., 1., 0. ]
R2: !!opencv-matrix
   rows: 3
   cols: 3
   dt: f
   data: [ 9.99619365e-01, 2.70133861e-03, -2.74552889e-02,
       -2.71040201e-03, 9.99996305e-01, -2.92900368e-04, 2.74543948e-02,
       3.67203756e-04, 9.99623001e-01 ]
