%YAML:1.0
---
Q: !!opencv-matrix
   rows: 4
   cols: 4
   dt: f
   data: [ 1., 0., 0., -3.91551758e+02, 0., 1., 0., -2.24533356e+02, 0.,
       0., 0., 3.57890503e+02, 0., 0., 5.52619714e-03, 0. ]
R: !!opencv-matrix
   rows: 3
   cols: 3
   dt: d
   data: [ 1.0002266706405076e+00, 1.0004547943178730e-02,
       1.3565728658875525e-03, -9.9546514682121306e-03,
       1.0005207367563851e+00, 1.0242901272897421e-03,
       -1.0348707571326910e-03, -4.0246339361128157e-04,
       9.9965135244651637e-01 ]
T: !!opencv-matrix
   rows: 3
   cols: 1
   dt: d
   data: [ -1.8093108720042304e+02, -2.2170760070914834e+00,
       4.7262835783404782e+00 ]
E: !!opencv-matrix
   rows: 0
   cols: 0
   dt: u
   data: []
F: !!opencv-matrix
   rows: 0
   cols: 0
   dt: u
   data: []
K1: !!opencv-matrix
   rows: 3
   cols: 3
   dt: d
   data: [ 3.6619442195486482e+02, 0., 3.7800900657017900e+02, 0.,
       3.6631176586975289e+02, 2.2959692910978347e+02, 0., 0., 1. ]
D1: !!opencv-matrix
   rows: 5
   cols: 1
   dt: d
   data: [ -2.1502618721754269e-02, -1.2951184946942121e-03,
       -3.4127852927748451e-04, 2.7086966768530415e-04,
       4.7803342796299170e-04 ]
P1: !!opencv-matrix
   rows: 3
   cols: 4
   dt: f
   data: [ 3.57890503e+02, 0., 3.91551758e+02, 0., 0., 3.57890503e+02,
       2.24533356e+02, 0., 0., 0., 1., 0. ]
R1: !!opencv-matrix
   rows: 3
   cols: 3
   dt: f
   data: [ 9.99592662e-01, 2.21102946e-02, -1.80447586e-02,
       -2.21053213e-02, 9.99755561e-01, 4.75085486e-04, 1.80508513e-02,
       -7.60068215e-05, 9.99837041e-01 ]
K2: !!opencv-matrix
   rows: 3
   cols: 3
   dt: d
   data: [ 3.6684495620748953e+02, 0., 3.7586764757372902e+02, 0.,
       3.6714722400637692e+02, 2.2165240635390552e+02, 0., 0., 1. ]
D2: !!opencv-matrix
   rows: 5
   cols: 1
   dt: d
   data: [ -2.2125888778928394e-02, -1.1613594850445373e-03,
       2.4824541603873712e-04, -1.2117770058109102e-04,
       4.8874862320422683e-04 ]
P2: !!opencv-matrix
   rows: 3
   cols: 4
   dt: f
   data: [ 3.57890503e+02, 0., 3.91551758e+02, -6.47625273e+04, 0.,
       3.57890503e+02, 2.24533356e+02, 0., 0., 0., 1., 0. ]
R2: !!opencv-matrix
   rows: 3
   cols: 3
   dt: f
   data: [ 9.99740064e-01, 1.21275792e-02, -1.93055421e-02,
       -1.21328998e-02, 9.99926388e-01, -1.58460796e-04, 1.93022005e-02,
       3.92651826e-04, 9.99813616e-01 ]
