%YAML:1.0
---
Q: !!opencv-matrix
   rows: 4
   cols: 4
   dt: f
   data: [ 1., 0., 0., -3.93570129e+02, 0., 1., 0., -2.24596802e+02, 0.,
       0., 0., 3.57689209e+02, 0., 0., 5.61322784e-03, 0. ]
R: !!opencv-matrix
   rows: 3
   cols: 3
   dt: d
   data: [ 9.9957637629258700e-01, 9.8713083529103629e-03,
       6.6981218757793939e-04, -9.6516935459511378e-03,
       1.0003131947203285e+00, 1.0962754059651466e-03,
       -5.4706551101355071e-04, 3.9271042759589879e-04,
       1.0002500671745163e+00 ]
T: !!opencv-matrix
   rows: 3
   cols: 1
   dt: d
   data: [ -1.7825902968818059e+02, -1.2484924758231652e+00,
       2.4035444875186625e+00 ]
E: !!opencv-matrix
   rows: 0
   cols: 0
   dt: u
   data: []
F: !!opencv-matrix
   rows: 0
   cols: 0
   dt: u
   data: []
K1: !!opencv-matrix
   rows: 3
   cols: 3
   dt: d
   data: [ 3.6619442195486482e+02, 0., 3.7800900657017900e+02, 0.,
       3.6631176586975289e+02, 2.2959692910978347e+02, 0., 0., 1. ]
D1: !!opencv-matrix
   rows: 5
   cols: 1
   dt: d
   data: [ -2.1502618721754269e-02, -1.2951184946942121e-03,
       -3.4127852927748451e-04, 2.7086966768530415e-04,
       4.7803342796299170e-04 ]
P1: !!opencv-matrix
   rows: 3
   cols: 4
   dt: f
   data: [ 3.57689209e+02, 0., 3.93570129e+02, 0., 0., 3.57689209e+02,
       2.24596802e+02, 0., 0., 0., 1., 0. ]
R1: !!opencv-matrix
   rows: 3
   cols: 3
   dt: f
   data: [ 9.99672234e-01, 1.48519473e-02, -2.08537467e-02,
       -1.48500055e-02, 9.99889731e-01, 2.47984746e-04, 2.08551288e-02,
       6.17747864e-05, 9.99782503e-01 ]
K2: !!opencv-matrix
   rows: 3
   cols: 3
   dt: d
   data: [ 3.6684495620748953e+02, 0., 3.7586764757372902e+02, 0.,
       3.6714722400637692e+02, 2.2165240635390552e+02, 0., 0., 1. ]
D2: !!opencv-matrix
   rows: 5
   cols: 1
   dt: d
   data: [ -2.2125888778928394e-02, -1.1613594850445373e-03,
       2.4824541603873712e-04, -1.2117770058109102e-04,
       4.8874862320422683e-04 ]
P2: !!opencv-matrix
   rows: 3
   cols: 4
   dt: f
   data: [ 3.57689209e+02, 0., 3.93570129e+02, -6.37225547e+04, 0.,
       3.57689209e+02, 2.24596802e+02, 0., 0., 0., 1., 0. ]
R2: !!opencv-matrix
   rows: 3
   cols: 3
   dt: f
   data: [ 9.99758303e-01, 5.10461070e-03, -2.13843100e-02,
       -5.10660186e-03, 9.99986947e-01, -3.85110543e-05, 2.13838350e-02,
       1.47702900e-04, 9.99771357e-01 ]
