%YAML:1.0
---
Q: !!opencv-matrix
   rows: 4
   cols: 4
   dt: f
   data: [ 1., 0., 0., -3.98924164e+02, 0., 1., 0., -2.24516220e+02, 0.,
       0., 0., 3.57727173e+02, 0., 0., 5.63405408e-03, 0. ]
R: !!opencv-matrix
   rows: 3
   cols: 3
   dt: d
   data: [ 1.0002381083402774e+00, 9.9014188578374317e-03,
       1.0019478965344192e-03, -9.8821225356355343e-03,
       1.0005052178691582e+00, 8.2674117790927279e-04,
       -7.5462523711975534e-04, -8.4832786221187943e-04,
       9.9971872148639540e-01 ]
T: !!opencv-matrix
   rows: 3
   cols: 1
   dt: d
   data: [ -1.7741552261308303e+02, -1.3001756033006064e+00,
       5.0479116280034502e+00 ]
E: !!opencv-matrix
   rows: 0
   cols: 0
   dt: u
   data: []
F: !!opencv-matrix
   rows: 0
   cols: 0
   dt: u
   data: []
K1: !!opencv-matrix
   rows: 3
   cols: 3
   dt: d
   data: [ 3.6619442195486482e+02, 0., 3.7800900657017900e+02, 0.,
       3.6631176586975289e+02, 2.2959692910978347e+02, 0., 0., 1. ]
D1: !!opencv-matrix
   rows: 5
   cols: 1
   dt: d
   data: [ -2.1502618721754269e-02, -1.2951184946942121e-03,
       -3.4127852927748451e-04, 2.7086966768530415e-04,
       4.7803342796299170e-04 ]
P1: !!opencv-matrix
   rows: 3
   cols: 4
   dt: f
   data: [ 3.57727173e+02, 0., 3.98924164e+02, 0., 0., 3.57727173e+02,
       2.24516220e+02, 0., 0., 0., 1., 0. ]
R1: !!opencv-matrix
   rows: 3
   cols: 3
   dt: f
   data: [ 9.99471843e-01, 1.72318835e-02, -2.75520049e-02,
       -1.72223207e-02, 9.99851525e-01, 5.84411668e-04, 2.75579859e-02,
       -1.09593537e-04, 9.99620199e-01 ]
K2: !!opencv-matrix
   rows: 3
   cols: 3
   dt: d
   data: [ 3.6684495620748953e+02, 0., 3.7586764757372902e+02, 0.,
       3.6714722400637692e+02, 2.2165240635390552e+02, 0., 0., 1. ]
D2: !!opencv-matrix
   rows: 5
   cols: 1
   dt: d
   data: [ -2.2125888778928394e-02, -1.1613594850445373e-03,
       2.4824541603873712e-04, -1.2117770058109102e-04,
       4.8874862320422683e-04 ]
P2: !!opencv-matrix
   rows: 3
   cols: 4
   dt: f
   data: [ 3.57727173e+02, 0., 3.98924164e+02, -6.34937383e+04, 0.,
       3.57727173e+02, 2.24516220e+02, 0., 0., 0., 1., 0. ]
R2: !!opencv-matrix
   rows: 3
   cols: 3
   dt: f
   data: [ 9.99568641e-01, 7.32525950e-03, -2.84402072e-02,
       -7.33513059e-03, 9.99973059e-01, -2.42757043e-04, 2.84376629e-02,
       4.51264961e-04, 9.99595463e-01 ]
