%YAML:1.0
---
Q: !!opencv-matrix
   rows: 4
   cols: 4
   dt: f
   data: [ 1., 0., 0., -4.01810211e+02, 0., 1., 0., -2.24589905e+02, 0.,
       0., 0., 3.57352264e+02, 0., 0., 5.60951792e-03, 0. ]
R: !!opencv-matrix
   rows: 3
   cols: 3
   dt: d
   data: [ 9.9986855985590439e-01, 9.5674139191045168e-03,
       5.9168978203723353e-04, -9.6960435562237855e-03,
       1.0002553625893660e+00, 7.6192623851377428e-04,
       -6.3371458361132556e-04, -8.2511118261261926e-04,
       1.0000545968097354e+00 ]
T: !!opencv-matrix
   rows: 3
   cols: 1
   dt: d
   data: [ -1.7832316946469015e+02, -4.8189469540306740e-01,
       4.8977781805351039e+00 ]
E: !!opencv-matrix
   rows: 0
   cols: 0
   dt: u
   data: []
F: !!opencv-matrix
   rows: 0
   cols: 0
   dt: u
   data: []
K1: !!opencv-matrix
   rows: 3
   cols: 3
   dt: d
   data: [ 3.6619442195486482e+02, 0., 3.7800900657017900e+02, 0.,
       3.6631176586975289e+02, 2.2959692910978347e+02, 0., 0., 1. ]
D1: !!opencv-matrix
   rows: 5
   cols: 1
   dt: d
   data: [ -2.1502618721754269e-02, -1.2951184946942121e-03,
       -3.4127852927748451e-04, 2.7086966768530415e-04,
       4.7803342796299170e-04 ]
P1: !!opencv-matrix
   rows: 3
   cols: 4
   dt: f
   data: [ 3.57352264e+02, 0., 4.01810211e+02, 0., 0., 3.57352264e+02,
       2.24589905e+02, 0., 0., 0., 1., 0. ]
R1: !!opencv-matrix
   rows: 3
   cols: 3
   dt: f
   data: [ 9.99445677e-01, 1.13630062e-02, -3.12920026e-02,
       -1.13541484e-02, 9.99935448e-01, 4.60761017e-04, 3.12952176e-02,
       -1.05211584e-04, 9.99510169e-01 ]
K2: !!opencv-matrix
   rows: 3
   cols: 3
   dt: d
   data: [ 3.6684495620748953e+02, 0., 3.7586764757372902e+02, 0.,
       3.6714722400637692e+02, 2.2165240635390552e+02, 0., 0., 1. ]
D2: !!opencv-matrix
   rows: 5
   cols: 1
   dt: d
   data: [ -2.2125888778928394e-02, -1.1613594850445373e-03,
       2.4824541603873712e-04, -1.2117770058109102e-04,
       4.8874862320422683e-04 ]
P2: !!opencv-matrix
   rows: 3
   cols: 4
   dt: f
   data: [ 3.57352264e+02, 0., 4.01810211e+02, -6.37046289e+04, 0.,
       3.57352264e+02, 2.24589905e+02, 0., 0., 0., 1., 0. ]
R2: !!opencv-matrix
   rows: 3
   cols: 3
   dt: f
   data: [ 9.99491453e-01, 1.73015438e-03, -3.18402462e-02,
       -1.73916714e-03, 9.99998450e-01, -2.55366729e-04, 3.18397544e-02,
       3.10612377e-04, 9.99492943e-01 ]
