%YAML:1.0
---
Q: !!opencv-matrix
   rows: 4
   cols: 4
   dt: f
   data: [ 1., 0., 0., -3.66977570e+02, 0., 1., 0., -2.24800476e+02, 0.,
       0., 0., 3.51782715e+02, 0., 0., 5.61285159e-03, 0. ]
R: !!opencv-matrix
   rows: 3
   cols: 3
   dt: d
   data: [ 1.0014289562317780e+00, 9.9970117450089574e-03,
       1.5127103301481896e-03, -9.9882535460372578e-03,
       1.0008089931749964e+00, 2.0908460221296141e-03,
       -8.8518243948023344e-04, -4.1938100975814972e-04,
       9.9874642731587859e-01 ]
T: !!opencv-matrix
   rows: 3
   cols: 1
   dt: d
   data: [ -1.7784501067095258e+02, -4.9601165245322925e+00,
       6.4596771155765582e+00 ]
E: !!opencv-matrix
   rows: 0
   cols: 0
   dt: u
   data: []
F: !!opencv-matrix
   rows: 0
   cols: 0
   dt: u
   data: []
K1: !!opencv-matrix
   rows: 3
   cols: 3
   dt: d
   data: [ 3.6619442195486482e+02, 0., 3.7800900657017900e+02, 0.,
       3.6631176586975289e+02, 2.2959692910978347e+02, 0., 0., 1. ]
D1: !!opencv-matrix
   rows: 5
   cols: 1
   dt: d
   data: [ -2.1502618721754269e-02, -1.2951184946942121e-03,
       -3.4127852927748451e-04, 2.7086966768530415e-04,
       4.7803342796299170e-04 ]
P1: !!opencv-matrix
   rows: 3
   cols: 4
   dt: f
   data: [ 3.51782715e+02, 0., 3.66977570e+02, 0., 0., 3.51782715e+02,
       2.24800476e+02, 0., 0., 0., 1., 0. ]
R1: !!opencv-matrix
   rows: 3
   cols: 3
   dt: f
   data: [ 9.99731183e-01, 1.87417082e-02, 1.36495717e-02,
       -1.87484361e-02, 9.99824166e-01, 3.65110347e-04, -1.36403292e-02,
       -6.20920327e-04, 9.99906778e-01 ]
K2: !!opencv-matrix
   rows: 3
   cols: 3
   dt: d
   data: [ 3.6684495620748953e+02, 0., 3.7586764757372902e+02, 0.,
       3.6714722400637692e+02, 2.2165240635390552e+02, 0., 0., 1. ]
D2: !!opencv-matrix
   rows: 5
   cols: 1
   dt: d
   data: [ -2.2125888778928394e-02, -1.1613594850445373e-03,
       2.4824541603873712e-04, -1.2117770058109102e-04,
       4.8874862320422683e-04 ]
P2: !!opencv-matrix
   rows: 3
   cols: 4
   dt: f
   data: [ 3.51782715e+02, 0., 3.66977570e+02, -6.26745078e+04, 0.,
       3.51782715e+02, 2.24800476e+02, 0., 0., 0., 1., 0. ]
R2: !!opencv-matrix
   rows: 3
   cols: 3
   dt: f
   data: [ 9.99888897e-01, 8.77967384e-03, 1.20450612e-02,
       -8.77373386e-03, 9.99961376e-01, -5.45905204e-04, -1.20493891e-02,
       4.40164382e-04, 9.99927282e-01 ]
