%YAML:1.0
---
Q: !!opencv-matrix
   rows: 4
   cols: 4
   dt: f
   data: [ 1., 0., 0., -3.92251862e+02, 0., 1., 0., -2.24558746e+02, 0.,
       0., 0., 3.57734650e+02, 0., 0., 5.68650384e-03, 0. ]
R: !!opencv-matrix
   rows: 3
   cols: 3
   dt: d
   data: [ 9.9979019916269951e-01, 9.8766572165605287e-03,
       8.7516796796672039e-04, -9.7689751561763384e-03,
       1.0002743573480506e+00, 1.0653213799688740e-03,
       -9.1347424071878090e-04, -1.7932521938490053e-04,
       1.0001335112396550e+00 ]
T: !!opencv-matrix
   rows: 3
   cols: 1
   dt: d
   data: [ -1.7602537289459812e+02, -1.8715350955647678e+00,
       3.4032235170875609e+00 ]
E: !!opencv-matrix
   rows: 0
   cols: 0
   dt: u
   data: []
F: !!opencv-matrix
   rows: 0
   cols: 0
   dt: u
   data: []
K1: !!opencv-matrix
   rows: 3
   cols: 3
   dt: d
   data: [ 3.6619442195486482e+02, 0., 3.7800900657017900e+02, 0.,
       3.6631176586975289e+02, 2.2959692910978347e+02, 0., 0., 1. ]
D1: !!opencv-matrix
   rows: 5
   cols: 1
   dt: d
   data: [ -2.1502618721754269e-02, -1.2951184946942121e-03,
       -3.4127852927748451e-04, 2.7086966768530415e-04,
       4.7803342796299170e-04 ]
P1: !!opencv-matrix
   rows: 3
   cols: 4
   dt: f
   data: [ 3.57734650e+02, 0., 3.92251862e+02, 0., 0., 3.57734650e+02,
       2.24558746e+02, 0., 0., 0., 1., 0. ]
R1: !!opencv-matrix
   rows: 3
   cols: 3
   dt: f
   data: [ 9.99635994e-01, 1.90653745e-02, -1.90884192e-02,
       -1.90607682e-02, 9.99818265e-01, 4.23169229e-04, 1.90930162e-02,
       -5.91752796e-05, 9.99817729e-01 ]
K2: !!opencv-matrix
   rows: 3
   cols: 3
   dt: d
   data: [ 3.6684495620748953e+02, 0., 3.7586764757372902e+02, 0.,
       3.6714722400637692e+02, 2.2165240635390552e+02, 0., 0., 1. ]
D2: !!opencv-matrix
   rows: 5
   cols: 1
   dt: d
   data: [ -2.2125888778928394e-02, -1.1613594850445373e-03,
       2.4824541603873712e-04, -1.2117770058109102e-04,
       4.8874862320422683e-04 ]
P2: !!opencv-matrix
   rows: 3
   cols: 4
   dt: f
   data: [ 3.57734650e+02, 0., 3.92251862e+02, -6.29094141e+04, 0.,
       3.57734650e+02, 2.24558746e+02, 0., 0., 0., 1., 0. ]
R2: !!opencv-matrix
   rows: 3
   cols: 3
   dt: f
   data: [ 9.99758303e-01, 9.26114712e-03, -1.99396014e-02,
       -9.26595647e-03, 9.99957085e-01, -1.48817882e-04, 1.99373662e-02,
       3.33541393e-04, 9.99801159e-01 ]
