%YAML:1.0
---
Q: !!opencv-matrix
   rows: 4
   cols: 4
   dt: f
   data: [ 1., 0., 0., -4.04080627e+02, 0., 1., 0., -2.24438416e+02, 0.,
       0., 0., 3.57943878e+02, 0., 0., 5.65721141e-03, 0. ]
R: !!opencv-matrix
   rows: 3
   cols: 3
   dt: d
   data: [ 1.0002680733834743e+00, 9.9458110994883019e-03,
       4.1949796267224412e-04, -9.8089250401864631e-03,
       1.0011290421146959e+00, 1.8375046884484990e-03,
       -1.3515119105632473e-04, -1.1974416321995660e-04,
       9.9965736388035498e-01 ]
T: !!opencv-matrix
   rows: 3
   cols: 1
   dt: d
   data: [ -1.7717054018923491e+02, -3.0543550141529998e+00,
       8.4595302977180786e+00 ]
E: !!opencv-matrix
   rows: 0
   cols: 0
   dt: u
   data: []
F: !!opencv-matrix
   rows: 0
   cols: 0
   dt: u
   data: []
K1: !!opencv-matrix
   rows: 3
   cols: 3
   dt: d
   data: [ 3.6619442195486482e+02, 0., 3.7800900657017900e+02, 0.,
       3.6631176586975289e+02, 2.2959692910978347e+02, 0., 0., 1. ]
D1: !!opencv-matrix
   rows: 5
   cols: 1
   dt: d
   data: [ -2.1502618721754269e-02, -1.2951184946942121e-03,
       -3.4127852927748451e-04, 2.7086966768530415e-04,
       4.7803342796299170e-04 ]
P1: !!opencv-matrix
   rows: 3
   cols: 4
   dt: f
   data: [ 3.57943878e+02, 0., 4.04080627e+02, 0., 0., 3.57943878e+02,
       2.24438416e+02, 0., 0., 0., 1., 0. ]
R1: !!opencv-matrix
   rows: 3
   cols: 3
   dt: f
   data: [ 9.99237359e-01, 1.84378270e-02, -3.44203226e-02,
       -1.84193049e-02, 9.99830008e-01, 8.55122984e-04, 3.44302393e-02,
       -2.20472371e-04, 9.99407053e-01 ]
K2: !!opencv-matrix
   rows: 3
   cols: 3
   dt: d
   data: [ 3.6684495620748953e+02, 0., 3.7586764757372902e+02, 0.,
       3.6714722400637692e+02, 2.2165240635390552e+02, 0., 0., 1. ]
D2: !!opencv-matrix
   rows: 5
   cols: 1
   dt: d
   data: [ -2.2125888778928394e-02, -1.1613594850445373e-03,
       2.4824541603873712e-04, -1.2117770058109102e-04,
       4.8874862320422683e-04 ]
P2: !!opencv-matrix
   rows: 3
   cols: 4
   dt: f
   data: [ 3.57943878e+02, 0., 4.04080627e+02, -6.32721367e+04, 0.,
       3.57943878e+02, 2.24438416e+02, 0., 0., 0., 1., 0. ]
R2: !!opencv-matrix
   rows: 3
   cols: 3
   dt: f
   data: [ 9.99357998e-01, 8.68601166e-03, -3.47582325e-02,
       -8.70470982e-03, 9.99962032e-01, -3.86657863e-04, 3.47535536e-02,
       6.88969973e-04, 9.99395669e-01 ]
