%YAML:1.0
---
Q: !!opencv-matrix
   rows: 4
   cols: 4
   dt: f
   data: [ 1., 0., 0., -3.99050720e+02, 0., 1., 0., -2.24438477e+02, 0.,
       0., 0., 3.58069946e+02, 0., 0., 5.61178103e-03, 0. ]
R: !!opencv-matrix
   rows: 3
   cols: 3
   dt: d
   data: [ 1.0002943096976620e+00, 9.9237553539064209e-03,
       1.0685091479426187e-03, -9.9148697969286149e-03,
       1.0005016607872068e+00, 8.9364713258329972e-04,
       -8.7635624409720340e-04, -7.8869475470923136e-04,
       9.9966951300848605e-01 ]
T: !!opencv-matrix
   rows: 3
   cols: 1
   dt: d
   data: [ -1.7775126452215000e+02, -1.6347249055214816e+00,
       4.6922467627006528e+00 ]
E: !!opencv-matrix
   rows: 0
   cols: 0
   dt: u
   data: []
F: !!opencv-matrix
   rows: 0
   cols: 0
   dt: u
   data: []
K1: !!opencv-matrix
   rows: 3
   cols: 3
   dt: d
   data: [ 3.6619442195486482e+02, 0., 3.7800900657017900e+02, 0.,
       3.6631176586975289e+02, 2.2959692910978347e+02, 0., 0., 1. ]
D1: !!opencv-matrix
   rows: 5
   cols: 1
   dt: d
   data: [ -2.1502618721754269e-02, -1.2951184946942121e-03,
       -3.4127852927748451e-04, 2.7086966768530415e-04,
       4.7803342796299170e-04 ]
P1: !!opencv-matrix
   rows: 3
   cols: 4
   dt: f
   data: [ 3.58069946e+02, 0., 3.99050720e+02, 0., 0., 3.58069946e+02,
       2.24438477e+02, 0., 0., 0., 1., 0. ]
R1: !!opencv-matrix
   rows: 3
   cols: 3
   dt: f
   data: [ 9.99373674e-01, 2.19981074e-02, -2.77179722e-02,
       -2.19863802e-02, 9.99758005e-01, 7.27864215e-04, 2.77272761e-02,
       -1.17990538e-04, 9.99615490e-01 ]
K2: !!opencv-matrix
   rows: 3
   cols: 3
   dt: d
   data: [ 3.6684495620748953e+02, 0., 3.7586764757372902e+02, 0.,
       3.6714722400637692e+02, 2.2165240635390552e+02, 0., 0., 1. ]
D2: !!opencv-matrix
   rows: 5
   cols: 1
   dt: d
   data: [ -2.2125888778928394e-02, -1.1613594850445373e-03,
       2.4824541603873712e-04, -1.2117770058109102e-04,
       4.8874862320422683e-04 ]
P2: !!opencv-matrix
   rows: 3
   cols: 4
   dt: f
   data: [ 3.58069946e+02, 0., 3.99050720e+02, -6.38068320e+04, 0.,
       3.58069946e+02, 2.24438477e+02, 0., 0., 0., 1., 0. ]
R2: !!opencv-matrix
   rows: 3
   cols: 3
   dt: f
   data: [ 9.99513268e-01, 1.20450743e-02, -2.87773609e-02,
       -1.20572466e-02, 9.99927282e-01, -2.49514997e-04, 2.87722629e-02,
       5.96369326e-04, 9.99585807e-01 ]
