%YAML:1.0
---
Q: !!opencv-matrix
   rows: 4
   cols: 4
   dt: f
   data: [ 1., 0., 0., -3.83282074e+02, 0., 1., 0., -2.24644562e+02, 0.,
       0., 0., 3.56514496e+02, 0., 0., 5.47675276e-03, 0. ]
R: !!opencv-matrix
   rows: 3
   cols: 3
   dt: d
   data: [ 9.9955163409644476e-01, 1.0273479059621313e-02,
       1.4765991509324635e-03, -9.9035541907974926e-03,
       1.0000551061212970e+00, 6.6484267464605919e-04,
       -1.6805741263627003e-03, 8.0215777906074331e-05,
       1.0003242379630493e+00 ]
T: !!opencv-matrix
   rows: 3
   cols: 1
   dt: d
   data: [ -1.8270285512948723e+02, -1.1488266231599604e+00,
       8.9061697962226916e-01 ]
E: !!opencv-matrix
   rows: 0
   cols: 0
   dt: u
   data: []
F: !!opencv-matrix
   rows: 0
   cols: 0
   dt: u
   data: []
K1: !!opencv-matrix
   rows: 3
   cols: 3
   dt: d
   data: [ 3.6619442195486482e+02, 0., 3.7800900657017900e+02, 0.,
       3.6631176586975289e+02, 2.2959692910978347e+02, 0., 0., 1. ]
D1: !!opencv-matrix
   rows: 5
   cols: 1
   dt: d
   data: [ -2.1502618721754269e-02, -1.2951184946942121e-03,
       -3.4127852927748451e-04, 2.7086966768530415e-04,
       4.7803342796299170e-04 ]
P1: !!opencv-matrix
   rows: 3
   cols: 4
   dt: f
   data: [ 3.56514496e+02, 0., 3.83282074e+02, 0., 0., 3.56514496e+02,
       2.24644562e+02, 0., 0., 0., 1., 0. ]
R1: !!opencv-matrix
   rows: 3
   cols: 3
   dt: f
   data: [ 9.99764383e-01, 2.04426832e-02, -7.29978178e-03,
       -2.04417072e-02, 9.99791026e-01, 2.08242243e-04, 7.30251335e-03,
       -5.89731826e-05, 9.99973357e-01 ]
K2: !!opencv-matrix
   rows: 3
   cols: 3
   dt: d
   data: [ 3.6684495620748953e+02, 0., 3.7586764757372902e+02, 0.,
       3.6714722400637692e+02, 2.2165240635390552e+02, 0., 0., 1. ]
D2: !!opencv-matrix
   rows: 5
   cols: 1
   dt: d
   data: [ -2.2125888778928394e-02, -1.1613594850445373e-03,
       2.4824541603873712e-04, -1.2117770058109102e-04,
       4.8874862320422683e-04 ]
P2: !!opencv-matrix
   rows: 3
   cols: 4
   dt: f
   data: [ 3.56514496e+02, 0., 3.83282074e+02, -6.50959648e+04, 0.,
       3.56514496e+02, 2.24644562e+02, 0., 0., 0., 1., 0. ]
R2: !!opencv-matrix
   rows: 3
   cols: 3
   dt: f
   data: [ 9.99908090e-01, 1.02936942e-02, -8.82466976e-03,
       -1.02948733e-02, 9.99947011e-01, -8.81921369e-05, 8.82329419e-03,
       1.79032897e-04, 9.99961078e-01 ]
