%YAML:1.0
---
Q: !!opencv-matrix
   rows: 4
   cols: 4
   dt: f
   data: [ 1., 0., 0., -4.02594849e+02, 0., 1., 0., -2.24584045e+02, 0.,
       0., 0., 3.57362732e+02, 0., 0., 5.62282233e-03, 0. ]
R: !!opencv-matrix
   rows: 3
   cols: 3
   dt: d
   data: [ 9.9978880308419216e-01, 9.5059130866729236e-03,
       4.2244332182089930e-04, -9.5773994078095989e-03,
       1.0004580500410072e+00, 5.3821830396423955e-04,
       -4.6830463376149501e-04, -9.3985026668412346e-04,
       1.0000664635211454e+00 ]
T: !!opencv-matrix
   rows: 3
   cols: 1
   dt: d
   data: [ -1.7772052420752698e+02, -1.8042704721260211e-02,
       5.3498218667850290e+00 ]
E: !!opencv-matrix
   rows: 0
   cols: 0
   dt: u
   data: []
F: !!opencv-matrix
   rows: 0
   cols: 0
   dt: u
   data: []
K1: !!opencv-matrix
   rows: 3
   cols: 3
   dt: d
   data: [ 3.6619442195486482e+02, 0., 3.7800900657017900e+02, 0.,
       3.6631176586975289e+02, 2.2959692910978347e+02, 0., 0., 1. ]
D1: !!opencv-matrix
   rows: 5
   cols: 1
   dt: d
   data: [ -2.1502618721754269e-02, -1.2951184946942121e-03,
       -3.4127852927748451e-04, 2.7086966768530415e-04,
       4.7803342796299170e-04 ]
P1: !!opencv-matrix
   rows: 3
   cols: 4
   dt: f
   data: [ 3.57362732e+02, 0., 4.02594849e+02, 0., 0., 3.57362732e+02,
       2.24584045e+02, 0., 0., 0., 1., 0. ]
R1: !!opencv-matrix
   rows: 3
   cols: 3
   dt: f
   data: [ 9.99411881e-01, 1.13725616e-02, -3.23505327e-02,
       -1.13627380e-02, 9.99935329e-01, 4.87489044e-04, 3.23539861e-02,
       -1.19611715e-04, 9.99476492e-01 ]
K2: !!opencv-matrix
   rows: 3
   cols: 3
   dt: d
   data: [ 3.6684495620748953e+02, 0., 3.7586764757372902e+02, 0.,
       3.6714722400637692e+02, 2.2165240635390552e+02, 0., 0., 1. ]
D2: !!opencv-matrix
   rows: 5
   cols: 1
   dt: d
   data: [ -2.2125888778928394e-02, -1.1613594850445373e-03,
       2.4824541603873712e-04, -1.2117770058109102e-04,
       4.8874862320422683e-04 ]
P2: !!opencv-matrix
   rows: 3
   cols: 4
   dt: f
   data: [ 3.57362732e+02, 0., 4.02594849e+02, -6.35557617e+04, 0.,
       3.57362732e+02, 2.24584045e+02, 0., 0., 0., 1., 0. ]
R2: !!opencv-matrix
   rows: 3
   cols: 3
   dt: f
   data: [ 9.99460936e-01, 1.79933943e-03, -3.27818766e-02,
       -1.80929317e-03, 9.99998331e-01, -2.73971935e-04, 3.27813290e-02,
       3.33136268e-04, 9.99462485e-01 ]
