%YAML:1.0
---
Q: !!opencv-matrix
   rows: 4
   cols: 4
   dt: f
   data: [ 1., 0., 0., -3.82686768e+02, 0., 1., 0., -2.24642105e+02, 0.,
       0., 0., 3.56219177e+02, 0., 0., 5.51017886e-03, 0. ]
R: !!opencv-matrix
   rows: 3
   cols: 3
   dt: d
   data: [ 9.9956252181271865e-01, 1.0058248011567213e-02,
       1.4416228920011815e-03, -9.9501161533523709e-03,
       9.9990886597057116e-01, 8.3180016733482227e-04,
       -1.5689151243705062e-03, -4.8454417606582099e-04,
       1.0002820558500700e+00 ]
T: !!opencv-matrix
   rows: 3
   cols: 1
   dt: d
   data: [ -1.8173831083888612e+02, -1.7695598616692934e+00,
       9.5637836039940582e-01 ]
E: !!opencv-matrix
   rows: 0
   cols: 0
   dt: u
   data: []
F: !!opencv-matrix
   rows: 0
   cols: 0
   dt: u
   data: []
K1: !!opencv-matrix
   rows: 3
   cols: 3
   dt: d
   data: [ 3.6619442195486482e+02, 0., 3.7800900657017900e+02, 0.,
       3.6631176586975289e+02, 2.2959692910978347e+02, 0., 0., 1. ]
D1: !!opencv-matrix
   rows: 5
   cols: 1
   dt: d
   data: [ -2.1502618721754269e-02, -1.2951184946942121e-03,
       -3.4127852927748451e-04, 2.7086966768530415e-04,
       4.7803342796299170e-04 ]
P1: !!opencv-matrix
   rows: 3
   cols: 4
   dt: f
   data: [ 3.56219177e+02, 0., 3.82686768e+02, 0., 0., 3.56219177e+02,
       2.24642105e+02, 0., 0., 0., 1., 0. ]
R1: !!opencv-matrix
   rows: 3
   cols: 3
   dt: f
   data: [ 9.99736130e-01, 2.19991654e-02, -6.61315257e-03,
       -2.19971649e-02, 9.99757946e-01, 3.75068194e-04, 6.61980314e-03,
       -2.29498604e-04, 9.99978065e-01 ]
K2: !!opencv-matrix
   rows: 3
   cols: 3
   dt: d
   data: [ 3.6684495620748953e+02, 0., 3.7586764757372902e+02, 0.,
       3.6714722400637692e+02, 2.2165240635390552e+02, 0., 0., 1. ]
D2: !!opencv-matrix
   rows: 5
   cols: 1
   dt: d
   data: [ -2.2125888778928394e-02, -1.1613594850445373e-03,
       2.4824541603873712e-04, -1.2117770058109102e-04,
       4.8874862320422683e-04 ]
P2: !!opencv-matrix
   rows: 3
   cols: 4
   dt: f
   data: [ 3.56219177e+02, 0., 3.82686768e+02, -6.46474805e+04, 0.,
       3.56219177e+02, 2.24642105e+02, 0., 0., 0., 1., 0. ]
R2: !!opencv-matrix
   rows: 3
   cols: 3
   dt: f
   data: [ 9.99895751e-01, 1.19874422e-02, -8.04880075e-03,
       -1.19898748e-02, 9.99928057e-01, -2.54056649e-04, 8.04517698e-03,
       3.50534276e-04, 9.99967575e-01 ]
