%YAML:1.0
---
Q: !!opencv-matrix
   rows: 4
   cols: 4
   dt: f
   data: [ 1., 0., 0., -4.00632965e+02, 0., 1., 0., -2.24614731e+02, 0.,
       0., 0., 3.57302124e+02, 0., 0., 5.59398113e-03, 0. ]
R: !!opencv-matrix
   rows: 3
   cols: 3
   dt: d
   data: [ 9.9975726250031660e-01, 9.5870741335647575e-03,
       6.3096791389672660e-04, -9.6109223102251173e-03,
       1.0003805791292215e+00, 7.0382219002058184e-04,
       -6.2626626427838433e-04, -6.0120446881251923e-04,
       1.0000877473015026e+00 ]
T: !!opencv-matrix
   rows: 3
   cols: 1
   dt: d
   data: [ -1.7859543676143534e+02, -2.5790899541879159e-01,
       5.1253138970123038e+00 ]
E: !!opencv-matrix
   rows: 0
   cols: 0
   dt: u
   data: []
F: !!opencv-matrix
   rows: 0
   cols: 0
   dt: u
   data: []
K1: !!opencv-matrix
   rows: 3
   cols: 3
   dt: d
   data: [ 3.6619442195486482e+02, 0., 3.7800900657017900e+02, 0.,
       3.6631176586975289e+02, 2.2959692910978347e+02, 0., 0., 1. ]
D1: !!opencv-matrix
   rows: 5
   cols: 1
   dt: d
   data: [ -2.1502618721754269e-02, -1.2951184946942121e-03,
       -3.4127852927748451e-04, 2.7086966768530415e-04,
       4.7803342796299170e-04 ]
P1: !!opencv-matrix
   rows: 3
   cols: 4
   dt: f
   data: [ 3.57302124e+02, 0., 4.00632965e+02, 0., 0., 3.57302124e+02,
       2.24614731e+02, 0., 0., 0., 1., 0. ]
R1: !!opencv-matrix
   rows: 3
   cols: 3
   dt: f
   data: [ 9.99504328e-01, 1.03529636e-02, -2.97304876e-02,
       -1.03465691e-02, 9.99946415e-01, 3.68914683e-04, 2.97327135e-02,
       -6.11232681e-05, 9.99557912e-01 ]
K2: !!opencv-matrix
   rows: 3
   cols: 3
   dt: d
   data: [ 3.6684495620748953e+02, 0., 3.7586764757372902e+02, 0.,
       3.6714722400637692e+02, 2.2165240635390552e+02, 0., 0., 1. ]
D2: !!opencv-matrix
   rows: 5
   cols: 1
   dt: d
   data: [ -2.2125888778928394e-02, -1.1613594850445373e-03,
       2.4824541603873712e-04, -1.2117770058109102e-04,
       4.8874862320422683e-04 ]
P2: !!opencv-matrix
   rows: 3
   cols: 4
   dt: f
   data: [ 3.57302124e+02, 0., 4.00632965e+02, -6.38726016e+04, 0.,
       3.57302124e+02, 2.24614731e+02, 0., 0., 0., 1., 0. ]
R2: !!opencv-matrix
   rows: 3
   cols: 3
   dt: f
   data: [ 9.99538660e-01, 7.30564701e-04, -3.03641949e-02,
       -7.37095135e-04, 9.99999702e-01, -2.03877193e-04, 3.03640366e-02,
       2.26164440e-04, 9.99538898e-01 ]
