%YAML:1.0
---
Q: !!opencv-matrix
   rows: 4
   cols: 4
   dt: f
   data: [ 1., 0., 0., -3.82203033e+02, 0., 1., 0., -2.24689514e+02, 0.,
       0., 0., 3.56691101e+02, 0., 0., 5.54491812e-03, 0. ]
R: !!opencv-matrix
   rows: 3
   cols: 3
   dt: d
   data: [ 9.9994241006946050e-01, 9.9809304861891417e-03,
       1.1074917225191397e-03, -9.9040992626478960e-03,
       1.0001397542148640e+00, 6.1611136683034336e-04,
       -1.0903076959521605e-03, -5.4428761380910268e-04,
       9.9999378647634951e-01 ]
T: !!opencv-matrix
   rows: 3
   cols: 1
   dt: d
   data: [ -1.7984505691257218e+02, -8.0323306899664892e-01,
       2.9289106865961450e+00 ]
E: !!opencv-matrix
   rows: 0
   cols: 0
   dt: u
   data: []
F: !!opencv-matrix
   rows: 0
   cols: 0
   dt: u
   data: []
K1: !!opencv-matrix
   rows: 3
   cols: 3
   dt: d
   data: [ 3.6619442195486482e+02, 0., 3.7800900657017900e+02, 0.,
       3.6631176586975289e+02, 2.2959692910978347e+02, 0., 0., 1. ]
D1: !!opencv-matrix
   rows: 5
   cols: 1
   dt: d
   data: [ -2.1502618721754269e-02, -1.2951184946942121e-03,
       -3.4127852927748451e-04, 2.7086966768530415e-04,
       4.7803342796299170e-04 ]
P1: !!opencv-matrix
   rows: 3
   cols: 4
   dt: f
   data: [ 3.56691101e+02, 0., 3.82203033e+02, 0., 0., 3.56691101e+02,
       2.24689514e+02, 0., 0., 0., 1., 0. ]
R1: !!opencv-matrix
   rows: 3
   cols: 3
   dt: f
   data: [ 9.99888659e-01, 1.36957373e-02, -5.92135079e-03,
       -1.36945918e-02, 9.99906182e-01, 2.33991566e-04, 5.92399994e-03,
       -1.52875029e-04, 9.99982417e-01 ]
K2: !!opencv-matrix
   rows: 3
   cols: 3
   dt: d
   data: [ 3.6684495620748953e+02, 0., 3.7586764757372902e+02, 0.,
       3.6714722400637692e+02, 2.2165240635390552e+02, 0., 0., 1. ]
D2: !!opencv-matrix
   rows: 5
   cols: 1
   dt: d
   data: [ -2.2125888778928394e-02, -1.1613594850445373e-03,
       2.4824541603873712e-04, -1.2117770058109102e-04,
       4.8874862320422683e-04 ]
P2: !!opencv-matrix
   rows: 3
   cols: 4
   dt: f
   data: [ 3.56691101e+02, 0., 3.82203033e+02, -6.43275703e+04, 0.,
       3.56691101e+02, 2.24689514e+02, 0., 0., 0., 1., 0. ]
R2: !!opencv-matrix
   rows: 3
   cols: 3
   dt: f
   data: [ 9.99967277e-01, 3.71279032e-03, -7.18792668e-03,
       -3.71418078e-03, 9.99993086e-01, -1.80091418e-04, 7.18720816e-03,
       2.06782774e-04, 9.99974132e-01 ]
