%YAML:1.0
---
Q: !!opencv-matrix
   rows: 4
   cols: 4
   dt: f
   data: [ 1., 0., 0., -3.96766052e+02, 0., 1., 0., -2.24675049e+02, 0.,
       0., 0., 3.57542847e+02, 0., 0., 5.58472658e-03, 0. ]
R: !!opencv-matrix
   rows: 3
   cols: 3
   dt: d
   data: [ 1.0000900757600264e+00, 9.5318763580802563e-03,
       8.2789590743607294e-04, -9.6073186673892447e-03,
       1.0002397113852572e+00, 6.8694521381755806e-04,
       -7.0956899812039454e-04, -8.6580497272200989e-04,
       9.9988085016076234e-01 ]
T: !!opencv-matrix
   rows: 3
   cols: 1
   dt: d
   data: [ -1.7918928253726253e+02, 2.2430502434654276e-02,
       4.9707448637417153e+00 ]
E: !!opencv-matrix
   rows: 0
   cols: 0
   dt: u
   data: []
F: !!opencv-matrix
   rows: 0
   cols: 0
   dt: u
   data: []
K1: !!opencv-matrix
   rows: 3
   cols: 3
   dt: d
   data: [ 3.6619442195486482e+02, 0., 3.7800900657017900e+02, 0.,
       3.6631176586975289e+02, 2.2959692910978347e+02, 0., 0., 1. ]
D1: !!opencv-matrix
   rows: 5
   cols: 1
   dt: d
   data: [ -2.1502618721754269e-02, -1.2951184946942121e-03,
       -3.4127852927748451e-04, 2.7086966768530415e-04,
       4.7803342796299170e-04 ]
P1: !!opencv-matrix
   rows: 3
   cols: 4
   dt: f
   data: [ 3.57542847e+02, 0., 3.96766052e+02, 0., 0., 3.57542847e+02,
       2.24675049e+02, 0., 0., 0., 1., 0. ]
R1: !!opencv-matrix
   rows: 3
   cols: 3
   dt: f
   data: [ 9.99665737e-01, 7.65097840e-03, -2.46948954e-02,
       -7.64349243e-03, 9.99970734e-01, 3.97529337e-04, 2.46972125e-02,
       -2.08641213e-04, 9.99694943e-01 ]
K2: !!opencv-matrix
   rows: 3
   cols: 3
   dt: d
   data: [ 3.6684495620748953e+02, 0., 3.7586764757372902e+02, 0.,
       3.6714722400637692e+02, 2.2165240635390552e+02, 0., 0., 1. ]
D2: !!opencv-matrix
   rows: 5
   cols: 1
   dt: d
   data: [ -2.2125888778928394e-02, -1.1613594850445373e-03,
       2.4824541603873712e-04, -1.2117770058109102e-04,
       4.8874862320422683e-04 ]
P2: !!opencv-matrix
   rows: 3
   cols: 4
   dt: f
   data: [ 3.57542847e+02, 0., 3.96766052e+02, -6.40215469e+04, 0.,
       3.57542847e+02, 2.24675049e+02, 0., 0., 0., 1., 0. ]
R2: !!opencv-matrix
   rows: 3
   cols: 3
   dt: f
   data: [ 9.99674618e-01, -1.90209749e-03, -2.54360586e-02,
       1.89438683e-03, 9.99998152e-01, -3.27232032e-04, 2.54366342e-02,
       2.78939842e-04, 9.99676406e-01 ]
