%YAML:1.0
---
Q: !!opencv-matrix
   rows: 4
   cols: 4
   dt: f
   data: [ 1., 0., 0., -4.20035614e+02, 0., 1., 0., -2.24157181e+02, 0.,
       0., 0., 3.58447418e+02, 0., 0., 5.66000026e-03, 0. ]
R: !!opencv-matrix
   rows: 3
   cols: 3
   dt: d
   data: [ 1.0001681711658155e+00, 9.7887357564860542e-03,
       4.0423335676336797e-04, -9.8681407397637581e-03,
       1.0008644808479943e+00, 1.3515870901830388e-03,
       -3.8560020000563493e-04, -1.4490325328454325e-03,
       9.9973902447958451e-01 ]
T: !!opencv-matrix
   rows: 3
   cols: 1
   dt: d
   data: [ -1.7647885154272922e+02, -2.2083361911041020e+00,
       8.0322632340194957e+00 ]
E: !!opencv-matrix
   rows: 0
   cols: 0
   dt: u
   data: []
F: !!opencv-matrix
   rows: 0
   cols: 0
   dt: u
   data: []
K1: !!opencv-matrix
   rows: 3
   cols: 3
   dt: d
   data: [ 3.6619442195486482e+02, 0., 3.7800900657017900e+02, 0.,
       3.6631176586975289e+02, 2.2959692910978347e+02, 0., 0., 1. ]
D1: !!opencv-matrix
   rows: 5
   cols: 1
   dt: d
   data: [ -2.1502618721754269e-02, -1.2951184946942121e-03,
       -3.4127852927748451e-04, 2.7086966768530415e-04,
       4.7803342796299170e-04 ]
P1: !!opencv-matrix
   rows: 3
   cols: 4
   dt: f
   data: [ 3.58447418e+02, 0., 4.20035614e+02, 0., 0., 3.58447418e+02,
       2.24157181e+02, 0., 0., 0., 1., 0. ]
R1: !!opencv-matrix
   rows: 3
   cols: 3
   dt: f
   data: [ 9.98269856e-01, 2.15809923e-02, -5.46952337e-02,
       -2.15475000e-02, 9.99767125e-01, 1.20203779e-03, 5.47084361e-02,
       -2.14125557e-05, 9.98502374e-01 ]
K2: !!opencv-matrix
   rows: 3
   cols: 3
   dt: d
   data: [ 3.6684495620748953e+02, 0., 3.7586764757372902e+02, 0.,
       3.6714722400637692e+02, 2.2165240635390552e+02, 0., 0., 1. ]
D2: !!opencv-matrix
   rows: 5
   cols: 1
   dt: d
   data: [ -2.2125888778928394e-02, -1.1613594850445373e-03,
       2.4824541603873712e-04, -1.2117770058109102e-04,
       4.8874862320422683e-04 ]
P2: !!opencv-matrix
   rows: 3
   cols: 4
   dt: f
   data: [ 3.58447418e+02, 0., 4.20035614e+02, -6.33299336e+04, 0.,
       3.58447418e+02, 2.24157181e+02, 0., 0., 0., 1., 0. ]
R2: !!opencv-matrix
   rows: 3
   cols: 3
   dt: f
   data: [ 9.98416066e-01, 1.16956141e-02, -5.50326891e-02,
       -1.17293047e-02, 9.99931157e-01, -2.89229036e-04, 5.50255217e-02,
       9.34266078e-04, 9.98484492e-01 ]
