%YAML:1.0
---
Q: !!opencv-matrix
   rows: 4
   cols: 4
   dt: f
   data: [ 1., 0., 0., -4.05884094e+02, 0., 1., 0., -2.24149658e+02, 0.,
       0., 0., 3.59271851e+02, 0., 0., 5.57849929e-03, 0. ]
R: !!opencv-matrix
   rows: 3
   cols: 3
   dt: d
   data: [ 9.9993175758216402e-01, 1.0361146046153973e-02,
       8.8763415613951776e-04, -1.0041515003867567e-02,
       1.0013014341050406e+00, 1.8799420448020736e-03,
       -7.4565787832890499e-04, 2.5875093495087955e-04,
       9.9971762444386880e-01 ]
T: !!opencv-matrix
   rows: 3
   cols: 1
   dt: d
   data: [ -1.7909354820836853e+02, -4.1534962804499216e+00,
       7.7533535918214671e+00 ]
E: !!opencv-matrix
   rows: 0
   cols: 0
   dt: u
   data: []
F: !!opencv-matrix
   rows: 0
   cols: 0
   dt: u
   data: []
K1: !!opencv-matrix
   rows: 3
   cols: 3
   dt: d
   data: [ 3.6619442195486482e+02, 0., 3.7800900657017900e+02, 0.,
       3.6631176586975289e+02, 2.2959692910978347e+02, 0., 0., 1. ]
D1: !!opencv-matrix
   rows: 5
   cols: 1
   dt: d
   data: [ -2.1502618721754269e-02, -1.2951184946942121e-03,
       -3.4127852927748451e-04, 2.7086966768530415e-04,
       4.7803342796299170e-04 ]
P1: !!opencv-matrix
   rows: 3
   cols: 4
   dt: f
   data: [ 3.59271851e+02, 0., 4.05884094e+02, 0., 0., 3.59271851e+02,
       2.24149658e+02, 0., 0., 0., 1., 0. ]
R1: !!opencv-matrix
   rows: 3
   cols: 3
   dt: f
   data: [ 9.98825669e-01, 3.16490382e-02, -3.66822109e-02,
       -3.16381082e-02, 9.99499023e-01, 8.78577761e-04, 3.66916396e-02,
       2.83009722e-04, 9.99326587e-01 ]
K2: !!opencv-matrix
   rows: 3
   cols: 3
   dt: d
   data: [ 3.6684495620748953e+02, 0., 3.7586764757372902e+02, 0.,
       3.6714722400637692e+02, 2.2165240635390552e+02, 0., 0., 1. ]
D2: !!opencv-matrix
   rows: 5
   cols: 1
   dt: d
   data: [ -2.2125888778928394e-02, -1.1613594850445373e-03,
       2.4824541603873712e-04, -1.2117770058109102e-04,
       4.8874862320422683e-04 ]
P2: !!opencv-matrix
   rows: 3
   cols: 4
   dt: f
   data: [ 3.59271851e+02, 0., 4.05884094e+02, -6.44029570e+04, 0.,
       3.59271851e+02, 2.24149658e+02, 0., 0., 0., 1., 0. ]
R2: !!opencv-matrix
   rows: 3
   cols: 3
   dt: f
   data: [ 9.99063253e-01, 2.14559659e-02, -3.75806056e-02,
       -2.14671623e-02, 9.99769568e-01, 1.05622203e-04, 3.75742093e-02,
       7.01225654e-04, 9.99293566e-01 ]
