%YAML:1.0
---
Q: !!opencv-matrix
   rows: 4
   cols: 4
   dt: f
   data: [ 1., 0., 0., -3.87788208e+02, 0., 1., 0., -2.24547882e+02, 0.,
       0., 0., 3.58044281e+02, 0., 0., 5.69124985e-03, 0. ]
R: !!opencv-matrix
   rows: 3
   cols: 3
   dt: d
   data: [ 9.9985957713510432e-01, 9.9554425774290925e-03,
       1.0512468011226253e-03, -9.8931797822672200e-03,
       1.0003599219493406e+00, 1.4170139828771002e-03,
       -1.0519586172993488e-03, -3.8659877131226718e-05,
       1.0000522457377146e+00 ]
T: !!opencv-matrix
   rows: 3
   cols: 1
   dt: d
   data: [ -1.7625251467569413e+02, -2.8430231340069279e+00,
       3.3107723804255955e+00 ]
E: !!opencv-matrix
   rows: 0
   cols: 0
   dt: u
   data: []
F: !!opencv-matrix
   rows: 0
   cols: 0
   dt: u
   data: []
K1: !!opencv-matrix
   rows: 3
   cols: 3
   dt: d
   data: [ 3.6619442195486482e+02, 0., 3.7800900657017900e+02, 0.,
       3.6631176586975289e+02, 2.2959692910978347e+02, 0., 0., 1. ]
D1: !!opencv-matrix
   rows: 5
   cols: 1
   dt: d
   data: [ -2.1502618721754269e-02, -1.2951184946942121e-03,
       -3.4127852927748451e-04, 2.7086966768530415e-04,
       4.7803342796299170e-04 ]
P1: !!opencv-matrix
   rows: 3
   cols: 4
   dt: f
   data: [ 3.58044281e+02, 0., 3.87788208e+02, 0., 0., 3.58044281e+02,
       2.24547882e+02, 0., 0., 0., 1., 0. ]
R1: !!opencv-matrix
   rows: 3
   cols: 3
   dt: f
   data: [ 9.99580741e-01, 2.56473739e-02, -1.34368837e-02,
       -2.56422833e-02, 9.99671042e-01, 5.51007222e-04, 1.34465955e-02,
       -2.06223849e-04, 9.99909580e-01 ]
K2: !!opencv-matrix
   rows: 3
   cols: 3
   dt: d
   data: [ 3.6684495620748953e+02, 0., 3.7586764757372902e+02, 0.,
       3.6714722400637692e+02, 2.2165240635390552e+02, 0., 0., 1. ]
D2: !!opencv-matrix
   rows: 5
   cols: 1
   dt: d
   data: [ -2.2125888778928394e-02, -1.1613594850445373e-03,
       2.4824541603873712e-04, -1.2117770058109102e-04,
       4.8874862320422683e-04 ]
P2: !!opencv-matrix
   rows: 3
   cols: 4
   dt: f
   data: [ 3.58044281e+02, 0., 3.87788208e+02, -6.29113633e+04, 0.,
       3.58044281e+02, 2.24547882e+02, 0., 0., 0., 1., 0. ]
R2: !!opencv-matrix
   rows: 3
   cols: 3
   dt: f
   data: [ 9.99770343e-01, 1.58482380e-02, -1.44265257e-02,
       -1.58536993e-02, 9.99874294e-01, -2.64306931e-04, 1.44205233e-02,
       4.92960040e-04, 9.99895871e-01 ]
