%YAML:1.0
---
Q: !!opencv-matrix
   rows: 4
   cols: 4
   dt: f
   data: [ 1., 0., 0., -3.94222809e+02, 0., 1., 0., -2.24510666e+02, 0.,
       0., 0., 3.57987640e+02, 0., 0., 5.69430506e-03, 0. ]
R: !!opencv-matrix
   rows: 3
   cols: 3
   dt: d
   data: [ 9.9843916184990988e-01, 9.1500495114253174e-03,
       -2.1075021394076587e-04, -9.9462181079704309e-03,
       1.0007034605800851e+00, 5.2421160132345610e-04,
       -7.6886042785460700e-04, -1.6463555063851011e-03,
       1.0011515727571700e+00 ]
T: !!opencv-matrix
   rows: 3
   cols: 1
   dt: d
   data: [ -1.7596705601974637e+02, -9.8613614142885375e-01,
       1.8645070320160047e+00 ]
E: !!opencv-matrix
   rows: 0
   cols: 0
   dt: u
   data: []
F: !!opencv-matrix
   rows: 0
   cols: 0
   dt: u
   data: []
K1: !!opencv-matrix
   rows: 3
   cols: 3
   dt: d
   data: [ 3.6619442195486482e+02, 0., 3.7800900657017900e+02, 0.,
       3.6631176586975289e+02, 2.2959692910978347e+02, 0., 0., 1. ]
D1: !!opencv-matrix
   rows: 5
   cols: 1
   dt: d
   data: [ -2.1502618721754269e-02, -1.2951184946942121e-03,
       -3.4127852927748451e-04, 2.7086966768530415e-04,
       4.7803342796299170e-04 ]
P1: !!opencv-matrix
   rows: 3
   cols: 4
   dt: f
   data: [ 3.57987640e+02, 0., 3.94222809e+02, 0., 0., 3.57987640e+02,
       2.24510666e+02, 0., 0., 0., 1., 0. ]
R1: !!opencv-matrix
   rows: 3
   cols: 3
   dt: f
   data: [ 9.99537528e-01, 2.10107677e-02, -2.19826065e-02,
       -2.09995415e-02, 9.99779224e-01, 7.41367927e-04, 2.19933297e-02,
       -2.79400410e-04, 9.99758065e-01 ]
K2: !!opencv-matrix
   rows: 3
   cols: 3
   dt: d
   data: [ 3.6684495620748953e+02, 0., 3.7586764757372902e+02, 0.,
       3.6714722400637692e+02, 2.2165240635390552e+02, 0., 0., 1. ]
D2: !!opencv-matrix
   rows: 5
   cols: 1
   dt: d
   data: [ -2.2125888778928394e-02, -1.1613594850445373e-03,
       2.4824541603873712e-04, -1.2117770058109102e-04,
       4.8874862320422683e-04 ]
P2: !!opencv-matrix
   rows: 3
   cols: 4
   dt: f
   data: [ 3.57987640e+02, 0., 3.94222809e+02, -6.28676602e+04, 0.,
       3.57987640e+02, 2.24510666e+02, 0., 0., 0., 1., 0. ]
R2: !!opencv-matrix
   rows: 3
   cols: 3
   dt: f
   data: [ 9.99689937e-01, 1.13598900e-02, -2.21579485e-02,
       -1.13712000e-02, 9.99935269e-01, -3.84482002e-04, 2.21521463e-02,
       6.36325276e-04, 9.99754429e-01 ]
