%YAML:1.0
---
Q: !!opencv-matrix
   rows: 4
   cols: 4
   dt: f
   data: [ 1., 0., 0., -3.93346924e+02, 0., 1., 0., -2.24578629e+02, 0.,
       0., 0., 3.57606903e+02, 0., 0., 5.52758249e-03, 0. ]
R: !!opencv-matrix
   rows: 3
   cols: 3
   dt: d
   data: [ 9.9980733706326452e-01, 9.9539230498062441e-03,
       1.2445197503622156e-03, -9.9436605345474272e-03,
       1.0000501975456488e+00, 7.8346215111229234e-04,
       -1.2577092545206475e-03, -7.3120721790455702e-04,
       1.0000895654852078e+00 ]
T: !!opencv-matrix
   rows: 3
   cols: 1
   dt: d
   data: [ -1.8101156641230037e+02, -1.1940116616454797e+00,
       3.1594951300282830e+00 ]
E: !!opencv-matrix
   rows: 0
   cols: 0
   dt: u
   data: []
F: !!opencv-matrix
   rows: 0
   cols: 0
   dt: u
   data: []
K1: !!opencv-matrix
   rows: 3
   cols: 3
   dt: d
   data: [ 3.6619442195486482e+02, 0., 3.7800900657017900e+02, 0.,
       3.6631176586975289e+02, 2.2959692910978347e+02, 0., 0., 1. ]
D1: !!opencv-matrix
   rows: 5
   cols: 1
   dt: d
   data: [ -2.1502618721754269e-02, -1.2951184946942121e-03,
       -3.4127852927748451e-04, 2.7086966768530415e-04,
       4.7803342796299170e-04 ]
P1: !!opencv-matrix
   rows: 3
   cols: 4
   dt: f
   data: [ 3.57606903e+02, 0., 3.93346924e+02, 0., 0., 3.57606903e+02,
       2.24578629e+02, 0., 0., 0., 1., 0. ]
R1: !!opencv-matrix
   rows: 3
   cols: 3
   dt: f
   data: [ 9.99656439e-01, 1.66267566e-02, -2.02632509e-02,
       -1.66198295e-02, 9.99861777e-01, 5.10168844e-04, 2.02689320e-02,
       -1.73221750e-04, 9.99794543e-01 ]
K2: !!opencv-matrix
   rows: 3
   cols: 3
   dt: d
   data: [ 3.6684495620748953e+02, 0., 3.7586764757372902e+02, 0.,
       3.6714722400637692e+02, 2.2165240635390552e+02, 0., 0., 1. ]
D2: !!opencv-matrix
   rows: 5
   cols: 1
   dt: d
   data: [ -2.2125888778928394e-02, -1.1613594850445373e-03,
       2.4824541603873712e-04, -1.2117770058109102e-04,
       4.8874862320422683e-04 ]
P2: !!opencv-matrix
   rows: 3
   cols: 4
   dt: f
   data: [ 3.57606903e+02, 0., 3.93346924e+02, -6.46949961e+04, 0.,
       3.57606903e+02, 2.24578629e+02, 0., 0., 0., 1., 0. ]
R2: !!opencv-matrix
   rows: 3
   cols: 3
   dt: f
   data: [ 9.99747455e-01, 6.65245205e-03, -2.14664862e-02,
       -6.65978761e-03, 9.99977767e-01, -2.70256074e-04, 2.14642119e-02,
       4.13150061e-04, 9.99769509e-01 ]
