%YAML:1.0
---
Q: !!opencv-matrix
   rows: 4
   cols: 4
   dt: f
   data: [ 1., 0., 0., -3.98210876e+02, 0., 1., 0., -2.24541595e+02, 0.,
       0., 0., 3.57646484e+02, 0., 0., 5.66822523e-03, 0. ]
R: !!opencv-matrix
   rows: 3
   cols: 3
   dt: d
   data: [ 1.0001553721238283e+00, 9.8067443565093473e-03,
       7.3686242784249116e-04, -9.8204571684060871e-03,
       1.0004684945469400e+00, 7.5324552812579553e-04,
       -6.5508196793418350e-04, -9.5960969369267366e-04,
       9.9982408682900048e-01 ]
T: !!opencv-matrix
   rows: 3
   cols: 1
   dt: d
   data: [ -1.7624031289205237e+02, -9.9157995995484038e-01,
       5.6100336328580775e+00 ]
E: !!opencv-matrix
   rows: 0
   cols: 0
   dt: u
   data: []
F: !!opencv-matrix
   rows: 0
   cols: 0
   dt: u
   data: []
K1: !!opencv-matrix
   rows: 3
   cols: 3
   dt: d
   data: [ 3.6619442195486482e+02, 0., 3.7800900657017900e+02, 0.,
       3.6631176586975289e+02, 2.2959692910978347e+02, 0., 0., 1. ]
D1: !!opencv-matrix
   rows: 5
   cols: 1
   dt: d
   data: [ -2.1502618721754269e-02, -1.2951184946942121e-03,
       -3.4127852927748451e-04, 2.7086966768530415e-04,
       4.7803342796299170e-04 ]
P1: !!opencv-matrix
   rows: 3
   cols: 4
   dt: f
   data: [ 3.57646484e+02, 0., 3.98210876e+02, 0., 0., 3.57646484e+02,
       2.24541595e+02, 0., 0., 0., 1., 0. ]
R1: !!opencv-matrix
   rows: 3
   cols: 3
   dt: f
   data: [ 9.99515474e-01, 1.60217956e-02, -2.66863946e-02,
       -1.60133708e-02, 9.99871612e-01, 5.29413985e-04, 2.66914517e-02,
       -1.01818310e-04, 9.99643743e-01 ]
K2: !!opencv-matrix
   rows: 3
   cols: 3
   dt: d
   data: [ 3.6684495620748953e+02, 0., 3.7586764757372902e+02, 0.,
       3.6714722400637692e+02, 2.2165240635390552e+02, 0., 0., 1. ]
D2: !!opencv-matrix
   rows: 5
   cols: 1
   dt: d
   data: [ -2.2125888778928394e-02, -1.1613594850445373e-03,
       2.4824541603873712e-04, -1.2117770058109102e-04,
       4.8874862320422683e-04 ]
P2: !!opencv-matrix
   rows: 3
   cols: 4
   dt: f
   data: [ 3.57646484e+02, 0., 3.98210876e+02, -6.30967344e+04, 0.,
       3.57646484e+02, 2.24541595e+02, 0., 0., 0., 1., 0. ]
R2: !!opencv-matrix
   rows: 3
   cols: 3
   dt: f
   data: [ 9.99604344e-01, 6.17268123e-03, -2.74416376e-02,
       -6.18134392e-03, 9.99980867e-01, -2.30855716e-04, 2.74396893e-02,
       4.00390592e-04, 9.99623358e-01 ]
