%YAML:1.0
---
Q: !!opencv-matrix
   rows: 4
   cols: 4
   dt: f
   data: [ 1., 0., 0., -4.04532623e+02, 0., 1., 0., -2.24450043e+02, 0.,
       0., 0., 3.57871155e+02, 0., 0., 5.65090915e-03, 0. ]
R: !!opencv-matrix
   rows: 3
   cols: 3
   dt: d
   data: [ 1.0005189516936650e+00, 1.0114089279366535e-02,
       5.7297251475876864e-04, -9.8842394347913726e-03,
       1.0014111353170057e+00, 2.0037142141590279e-03,
       -1.0009451034936529e-04, -1.1207193906030351e-04,
       9.9931326859772651e-01 ]
T: !!opencv-matrix
   rows: 3
   cols: 1
   dt: d
   data: [ -1.7705876883460905e+02, -3.6918698810829453e+00,
       1.0510973914263424e+01 ]
E: !!opencv-matrix
   rows: 0
   cols: 0
   dt: u
   data: []
F: !!opencv-matrix
   rows: 0
   cols: 0
   dt: u
   data: []
K1: !!opencv-matrix
   rows: 3
   cols: 3
   dt: d
   data: [ 3.6619442195486482e+02, 0., 3.7800900657017900e+02, 0.,
       3.6631176586975289e+02, 2.2959692910978347e+02, 0., 0., 1. ]
D1: !!opencv-matrix
   rows: 5
   cols: 1
   dt: d
   data: [ -2.1502618721754269e-02, -1.2951184946942121e-03,
       -3.4127852927748451e-04, 2.7086966768530415e-04,
       4.7803342796299170e-04 ]
P1: !!opencv-matrix
   rows: 3
   cols: 4
   dt: f
   data: [ 3.57871155e+02, 0., 4.04532623e+02, 0., 0., 3.57871155e+02,
       2.24450043e+02, 0., 0., 0., 1., 0. ]
R1: !!opencv-matrix
   rows: 3
   cols: 3
   dt: f
   data: [ 9.99235868e-01, 1.76534858e-02, -3.48712690e-02,
       -1.76366195e-02, 9.99844134e-01, 7.91271043e-04, 3.48797999e-02,
       -1.75655179e-04, 9.99391496e-01 ]
K2: !!opencv-matrix
   rows: 3
   cols: 3
   dt: d
   data: [ 3.6684495620748953e+02, 0., 3.7586764757372902e+02, 0.,
       3.6714722400637692e+02, 2.2165240635390552e+02, 0., 0., 1. ]
D2: !!opencv-matrix
   rows: 5
   cols: 1
   dt: d
   data: [ -2.2125888778928394e-02, -1.1613594850445373e-03,
       2.4824541603873712e-04, -1.2117770058109102e-04,
       4.8874862320422683e-04 ]
P2: !!opencv-matrix
   rows: 3
   cols: 4
   dt: f
   data: [ 3.57871155e+02, 0., 4.04532623e+02, -6.33298359e+04, 0.,
       3.57871155e+02, 2.24450043e+02, 0., 0., 0., 1., 0. ]
R2: !!opencv-matrix
   rows: 3
   cols: 3
   dt: f
   data: [ 9.99341905e-01, 7.79795647e-03, -3.54255587e-02,
       -7.81508908e-03, 9.99969423e-01, -3.45162582e-04, 3.54217850e-02,
       6.21789310e-04, 9.99372244e-01 ]
