%YAML:1.0
---
Q: !!opencv-matrix
   rows: 4
   cols: 4
   dt: f
   data: [ 1., 0., 0., -3.93494934e+02, 0., 1., 0., -2.24514420e+02, 0.,
       0., 0., 3.57988098e+02, 0., 0., 5.66607947e-03, 0. ]
R: !!opencv-matrix
   rows: 3
   cols: 3
   dt: d
   data: [ 9.9996147025769633e-01, 9.5704021891425892e-03,
       4.2730706464200229e-04, -9.8561425588164081e-03,
       1.0001255671195715e+00, 6.0385763650017707e-04,
       -6.6757642132458939e-04, -1.6007118491622938e-03,
       1.0000897972080041e+00 ]
T: !!opencv-matrix
   rows: 3
   cols: 1
   dt: d
   data: [ -1.7641762775728148e+02, -8.4354757960465054e-01,
       3.5384074996397703e+00 ]
E: !!opencv-matrix
   rows: 0
   cols: 0
   dt: u
   data: []
F: !!opencv-matrix
   rows: 0
   cols: 0
   dt: u
   data: []
K1: !!opencv-matrix
   rows: 3
   cols: 3
   dt: d
   data: [ 3.6619442195486482e+02, 0., 3.7800900657017900e+02, 0.,
       3.6631176586975289e+02, 2.2959692910978347e+02, 0., 0., 1. ]
D1: !!opencv-matrix
   rows: 5
   cols: 1
   dt: d
   data: [ -2.1502618721754269e-02, -1.2951184946942121e-03,
       -3.4127852927748451e-04, 2.7086966768530415e-04,
       4.7803342796299170e-04 ]
P1: !!opencv-matrix
   rows: 3
   cols: 4
   dt: f
   data: [ 3.57988098e+02, 0., 3.93494934e+02, 0., 0., 3.57988098e+02,
       2.24514420e+02, 0., 0., 0., 1., 0. ]
R1: !!opencv-matrix
   rows: 3
   cols: 3
   dt: f
   data: [ 9.99550283e-01, 2.15073954e-02, -2.08975840e-02,
       -2.15002019e-02, 9.99768674e-01, 5.68831805e-04, 2.09049843e-02,
       -1.19273689e-04, 9.99781489e-01 ]
K2: !!opencv-matrix
   rows: 3
   cols: 3
   dt: d
   data: [ 3.6684495620748953e+02, 0., 3.7586764757372902e+02, 0.,
       3.6714722400637692e+02, 2.2165240635390552e+02, 0., 0., 1. ]
D2: !!opencv-matrix
   rows: 5
   cols: 1
   dt: d
   data: [ -2.2125888778928394e-02, -1.1613594850445373e-03,
       2.4824541603873712e-04, -1.2117770058109102e-04,
       4.8874862320422683e-04 ]
P2: !!opencv-matrix
   rows: 3
   cols: 4
   dt: f
   data: [ 3.57988098e+02, 0., 3.93494934e+02, -6.31809219e+04, 0.,
       3.57988098e+02, 2.24514420e+02, 0., 0., 0., 1., 0. ]
R2: !!opencv-matrix
   rows: 3
   cols: 3
   dt: f
   data: [ 9.99702334e-01, 1.17173316e-02, -2.13997532e-02,
       -1.17246946e-02, 9.99931216e-01, -2.18645582e-04, 2.13957205e-02,
       4.69486084e-04, 9.99770999e-01 ]
