%YAML:1.0
---
Q: !!opencv-matrix
   rows: 4
   cols: 4
   dt: f
   data: [ 1., 0., 0., -3.90446411e+02, 0., 1., 0., -2.24448303e+02, 0.,
       0., 0., 3.58704620e+02, 0., 0., 5.50000789e-03, 0. ]
R: !!opencv-matrix
   rows: 3
   cols: 3
   dt: d
   data: [ 9.9925753633478243e-01, 1.0318775000924856e-02,
       1.0316426334901865e-03, -1.0063238771887077e-02,
       1.0006723728299043e+00, 1.5892349888990552e-03,
       -1.1851233440086271e-03, 1.1108974343992520e-03,
       1.0003749193346938e+00 ]
T: !!opencv-matrix
   rows: 3
   cols: 1
   dt: d
   data: [ -1.8235268868688576e+02, -3.6427057851979114e+00,
       2.2510388759341220e+00 ]
E: !!opencv-matrix
   rows: 0
   cols: 0
   dt: u
   data: []
F: !!opencv-matrix
   rows: 0
   cols: 0
   dt: u
   data: []
K1: !!opencv-matrix
   rows: 3
   cols: 3
   dt: d
   data: [ 3.6619442195486482e+02, 0., 3.7800900657017900e+02, 0.,
       3.6631176586975289e+02, 2.2959692910978347e+02, 0., 0., 1. ]
D1: !!opencv-matrix
   rows: 5
   cols: 1
   dt: d
   data: [ -2.1502618721754269e-02, -1.2951184946942121e-03,
       -3.4127852927748451e-04, 2.7086966768530415e-04,
       4.7803342796299170e-04 ]
P1: !!opencv-matrix
   rows: 3
   cols: 4
   dt: f
   data: [ 3.58704620e+02, 0., 3.90446411e+02, 0., 0., 3.58704620e+02,
       2.24448303e+02, 0., 0., 0., 1., 0. ]
R1: !!opencv-matrix
   rows: 3
   cols: 3
   dt: f
   data: [ 9.99359012e-01, 3.15323398e-02, -1.69476662e-02,
       -3.15297469e-02, 9.99502718e-01, 4.20390454e-04, 1.69524942e-02,
       1.14234601e-04, 9.99856293e-01 ]
K2: !!opencv-matrix
   rows: 3
   cols: 3
   dt: d
   data: [ 3.6684495620748953e+02, 0., 3.7586764757372902e+02, 0.,
       3.6714722400637692e+02, 2.2165240635390552e+02, 0., 0., 1. ]
D2: !!opencv-matrix
   rows: 5
   cols: 1
   dt: d
   data: [ -2.2125888778928394e-02, -1.1613594850445373e-03,
       2.4824541603873712e-04, -1.2117770058109102e-04,
       4.8874862320422683e-04 ]
P2: !!opencv-matrix
   rows: 3
   cols: 4
   dt: f
   data: [ 3.58704620e+02, 0., 3.90446411e+02, -6.52189258e+04, 0.,
       3.58704620e+02, 2.24448303e+02, 0., 0., 0., 1., 0. ]
R2: !!opencv-matrix
   rows: 3
   cols: 3
   dt: f
   data: [ 9.99610245e-01, 2.13958099e-02, -1.79322585e-02,
       -2.13985555e-02, 9.99770999e-01, 3.87822183e-05, 1.79289822e-02,
       3.44957312e-04, 9.99839187e-01 ]
