%YAML:1.0
---
Q: !!opencv-matrix
   rows: 4
   cols: 4
   dt: f
   data: [ 1., 0., 0., -3.64645355e+02, 0., 1., 0., -2.24801239e+02, 0.,
       0., 0., 3.51904419e+02, 0., 0., 5.57322940e-03, 0. ]
R: !!opencv-matrix
   rows: 3
   cols: 3
   dt: d
   data: [ 9.9998931810691327e-01, 9.7551316722884491e-03,
       9.0989104326390485e-04, -9.7797193849947783e-03,
       9.9957758309630007e-01, 6.2144531374555534e-04,
       -1.1995021364034886e-03, -3.5912278502330550e-04,
       1.0001317957179849e+00 ]
T: !!opencv-matrix
   rows: 3
   cols: 1
   dt: d
   data: [ -1.7935378604493647e+02, -8.6586233232279186e-01,
       -2.1945424052164586e-01 ]
E: !!opencv-matrix
   rows: 0
   cols: 0
   dt: u
   data: []
F: !!opencv-matrix
   rows: 0
   cols: 0
   dt: u
   data: []
K1: !!opencv-matrix
   rows: 3
   cols: 3
   dt: d
   data: [ 3.6619442195486482e+02, 0., 3.7800900657017900e+02, 0.,
       3.6631176586975289e+02, 2.2959692910978347e+02, 0., 0., 1. ]
D1: !!opencv-matrix
   rows: 5
   cols: 1
   dt: d
   data: [ -2.1502618721754269e-02, -1.2951184946942121e-03,
       -3.4127852927748451e-04, 2.7086966768530415e-04,
       4.7803342796299170e-04 ]
P1: !!opencv-matrix
   rows: 3
   cols: 4
   dt: f
   data: [ 3.51904419e+02, 0., 3.64645355e+02, 0., 0., 3.51904419e+02,
       2.24801239e+02, 0., 0., 0., 1., 0. ]
R1: !!opencv-matrix
   rows: 3
   cols: 3
   dt: f
   data: [ 9.99738157e-01, 1.58968642e-02, 1.64607540e-02,
       -1.59028936e-02, 9.99873519e-01, 2.35442145e-04, -1.64549295e-02,
       -4.97154135e-04, 9.99864459e-01 ]
K2: !!opencv-matrix
   rows: 3
   cols: 3
   dt: d
   data: [ 3.6684495620748953e+02, 0., 3.7586764757372902e+02, 0.,
       3.6714722400637692e+02, 2.2165240635390552e+02, 0., 0., 1. ]
D2: !!opencv-matrix
   rows: 5
   cols: 1
   dt: d
   data: [ -2.2125888778928394e-02, -1.1613594850445373e-03,
       2.4824541603873712e-04, -1.2117770058109102e-04,
       4.8874862320422683e-04 ]
P2: !!opencv-matrix
   rows: 3
   cols: 4
   dt: f
   data: [ 3.51904419e+02, 0., 3.64645355e+02, -6.31419219e+04, 0.,
       3.51904419e+02, 2.24801239e+02, 0., 0., 0., 1., 0. ]
R2: !!opencv-matrix
   rows: 3
   cols: 3
   dt: f
   data: [ 9.99864161e-01, 6.11770572e-03, 1.53062129e-02,
       -6.11209823e-03, 9.99981225e-01, -4.13114263e-04, -1.53084528e-02,
       3.19505052e-04, 9.99882758e-01 ]
