%YAML:1.0
---
Q: !!opencv-matrix
   rows: 4
   cols: 4
   dt: f
   data: [ 1., 0., 0., -3.92107208e+02, 0., 1., 0., -2.24595306e+02, 0.,
       0., 0., 3.57699036e+02, 0., 0., 5.66758309e-03, 0. ]
R: !!opencv-matrix
   rows: 3
   cols: 3
   dt: d
   data: [ 1.0000638781037330e+00, 9.7723152883617791e-03,
       7.3719132674901489e-04, -9.7976340950436981e-03,
       1.0003041925886629e+00, 8.4110775536838113e-04,
       -8.0669400364958871e-04, -8.4919798086958336e-04,
       9.9992657890120129e-01 ]
T: !!opencv-matrix
   rows: 3
   cols: 1
   dt: d
   data: [ -1.7645889693909638e+02, -1.3868554657074765e+00,
       4.4370747166810638e+00 ]
E: !!opencv-matrix
   rows: 0
   cols: 0
   dt: u
   data: []
F: !!opencv-matrix
   rows: 0
   cols: 0
   dt: u
   data: []
K1: !!opencv-matrix
   rows: 3
   cols: 3
   dt: d
   data: [ 3.6619442195486482e+02, 0., 3.7800900657017900e+02, 0.,
       3.6631176586975289e+02, 2.2959692910978347e+02, 0., 0., 1. ]
D1: !!opencv-matrix
   rows: 5
   cols: 1
   dt: d
   data: [ -2.1502618721754269e-02, -1.2951184946942121e-03,
       -3.4127852927748451e-04, 2.7086966768530415e-04,
       4.7803342796299170e-04 ]
P1: !!opencv-matrix
   rows: 3
   cols: 4
   dt: f
   data: [ 3.57699036e+02, 0., 3.92107208e+02, 0., 0., 3.57699036e+02,
       2.24595306e+02, 0., 0., 0., 1., 0. ]
R1: !!opencv-matrix
   rows: 3
   cols: 3
   dt: f
   data: [ 9.99693453e-01, 1.60289668e-02, -1.88711658e-02,
       -1.60226654e-02, 9.99871492e-01, 4.85117635e-04, 1.88765172e-02,
       -1.82602555e-04, 9.99821782e-01 ]
K2: !!opencv-matrix
   rows: 3
   cols: 3
   dt: d
   data: [ 3.6684495620748953e+02, 0., 3.7586764757372902e+02, 0.,
       3.6714722400637692e+02, 2.2165240635390552e+02, 0., 0., 1. ]
D2: !!opencv-matrix
   rows: 5
   cols: 1
   dt: d
   data: [ -2.2125888778928394e-02, -1.1613594850445373e-03,
       2.4824541603873712e-04, -1.2117770058109102e-04,
       4.8874862320422683e-04 ]
P2: !!opencv-matrix
   rows: 3
   cols: 4
   dt: f
   data: [ 3.57699036e+02, 0., 3.92107208e+02, -6.31131523e+04, 0.,
       3.57699036e+02, 2.24595306e+02, 0., 0., 0., 1., 0. ]
R2: !!opencv-matrix
   rows: 3
   cols: 3
   dt: f
   data: [ 9.99787033e-01, 6.23753760e-03, -1.96717549e-02,
       -6.24410575e-03, 9.99980450e-01, -2.72480655e-04, 1.96696706e-02,
       3.95255163e-04, 9.99806464e-01 ]
