%YAML:1.0
---
Q: !!opencv-matrix
   rows: 4
   cols: 4
   dt: f
   data: [ 1., 0., 0., -4.09132874e+02, 0., 1., 0., -2.24534210e+02, 0.,
       0., 0., 3.57387451e+02, 0., 0., 5.62283769e-03, 0. ]
R: !!opencv-matrix
   rows: 3
   cols: 3
   dt: d
   data: [ 9.9994896162476954e-01, 9.5227627865422399e-03,
       5.0579582788119358e-04, -9.6945016330871880e-03,
       1.0004230891677042e+00, 7.7037751392690281e-04,
       -5.9134451303960380e-04, -1.1678048436610771e-03,
       9.9994780726792809e-01 ]
T: !!opencv-matrix
   rows: 3
   cols: 1
   dt: d
   data: [ -1.7821944210687579e+02, -5.2000341752336043e-01,
       6.1093651394793360e+00 ]
E: !!opencv-matrix
   rows: 0
   cols: 0
   dt: u
   data: []
F: !!opencv-matrix
   rows: 0
   cols: 0
   dt: u
   data: []
K1: !!opencv-matrix
   rows: 3
   cols: 3
   dt: d
   data: [ 3.6619442195486482e+02, 0., 3.7800900657017900e+02, 0.,
       3.6631176586975289e+02, 2.2959692910978347e+02, 0., 0., 1. ]
D1: !!opencv-matrix
   rows: 5
   cols: 1
   dt: d
   data: [ -2.1502618721754269e-02, -1.2951184946942121e-03,
       -3.4127852927748451e-04, 2.7086966768530415e-04,
       4.7803342796299170e-04 ]
P1: !!opencv-matrix
   rows: 3
   cols: 4
   dt: f
   data: [ 3.57387451e+02, 0., 4.09132874e+02, 0., 0., 3.57387451e+02,
       2.24534210e+02, 0., 0., 0., 1., 0. ]
R1: !!opencv-matrix
   rows: 3
   cols: 3
   dt: f
   data: [ 9.99104559e-01, 1.16184559e-02, -4.06825542e-02,
       -1.16006946e-02, 9.99932468e-01, 6.72650407e-04, 4.06876244e-02,
       -2.00102208e-04, 9.99171913e-01 ]
K2: !!opencv-matrix
   rows: 3
   cols: 3
   dt: d
   data: [ 3.6684495620748953e+02, 0., 3.7586764757372902e+02, 0.,
       3.6714722400637692e+02, 2.2165240635390552e+02, 0., 0., 1. ]
D2: !!opencv-matrix
   rows: 5
   cols: 1
   dt: d
   data: [ -2.2125888778928394e-02, -1.1613594850445373e-03,
       2.4824541603873712e-04, -1.2117770058109102e-04,
       4.8874862320422683e-04 ]
P2: !!opencv-matrix
   rows: 3
   cols: 4
   dt: f
   data: [ 3.57387451e+02, 0., 4.09132874e+02, -6.35599844e+04, 0.,
       3.57387451e+02, 2.24534210e+02, 0., 0., 0., 1., 0. ]
R2: !!opencv-matrix
   rows: 3
   cols: 3
   dt: f
   data: [ 9.99153554e-01, 2.05400307e-03, -4.10841964e-02,
       -2.07193871e-03, 9.99997795e-01, -3.93986411e-04, 4.10832949e-02,
       4.78776899e-04, 9.99155581e-01 ]
