%YAML:1.0
---
Q: !!opencv-matrix
   rows: 4
   cols: 4
   dt: f
   data: [ 1., 0., 0., -4.04107910e+02, 0., 1., 0., -2.24564056e+02, 0.,
       0., 0., 3.57384491e+02, 0., 0., 5.58865257e-03, 0. ]
R: !!opencv-matrix
   rows: 3
   cols: 3
   dt: d
   data: [ 9.9953377580195513e-01, 9.7120747084649753e-03,
       7.0589467497001986e-04, -9.6014317542231775e-03,
       1.0002215979553581e+00, 6.2610346904528767e-04,
       -9.3227968536248621e-04, -5.9058576030656968e-04,
       1.0002804770902229e+00 ]
T: !!opencv-matrix
   rows: 3
   cols: 1
   dt: d
   data: [ -1.7911233689021608e+02, 2.4828922048755189e-01,
       4.2408071349070671e+00 ]
E: !!opencv-matrix
   rows: 0
   cols: 0
   dt: u
   data: []
F: !!opencv-matrix
   rows: 0
   cols: 0
   dt: u
   data: []
K1: !!opencv-matrix
   rows: 3
   cols: 3
   dt: d
   data: [ 3.6619442195486482e+02, 0., 3.7800900657017900e+02, 0.,
       3.6631176586975289e+02, 2.2959692910978347e+02, 0., 0., 1. ]
D1: !!opencv-matrix
   rows: 5
   cols: 1
   dt: d
   data: [ -2.1502618721754269e-02, -1.2951184946942121e-03,
       -3.4127852927748451e-04, 2.7086966768530415e-04,
       4.7803342796299170e-04 ]
P1: !!opencv-matrix
   rows: 3
   cols: 4
   dt: f
   data: [ 3.57384491e+02, 0., 4.04107910e+02, 0., 0., 3.57384491e+02,
       2.24564056e+02, 0., 0., 0., 1., 0. ]
R1: !!opencv-matrix
   rows: 3
   cols: 3
   dt: f
   data: [ 9.99344766e-01, 1.19577134e-02, -3.41612920e-02,
       -1.19462842e-02, 9.99928474e-01, 5.38659922e-04, 3.41652893e-02,
       -1.30206536e-04, 9.99416173e-01 ]
K2: !!opencv-matrix
   rows: 3
   cols: 3
   dt: d
   data: [ 3.6684495620748953e+02, 0., 3.7586764757372902e+02, 0.,
       3.6714722400637692e+02, 2.2165240635390552e+02, 0., 0., 1. ]
D2: !!opencv-matrix
   rows: 5
   cols: 1
   dt: d
   data: [ -2.2125888778928394e-02, -1.1613594850445373e-03,
       2.4824541603873712e-04, -1.2117770058109102e-04,
       4.8874862320422683e-04 ]
P2: !!opencv-matrix
   rows: 3
   cols: 4
   dt: f
   data: [ 3.57384491e+02, 0., 4.04107910e+02, -6.39482422e+04, 0.,
       3.57384491e+02, 2.24564056e+02, 0., 0., 0., 1., 0. ]
R2: !!opencv-matrix
   rows: 3
   cols: 3
   dt: f
   data: [ 9.99390244e-01, 2.27086083e-03, -3.48428190e-02,
       -2.28251703e-03, 9.99997377e-01, -2.94762227e-04, 3.48420590e-02,
       3.74111842e-04, 9.99392748e-01 ]
