%YAML:1.0
---
Q: !!opencv-matrix
   rows: 4
   cols: 4
   dt: f
   data: [ 1., 0., 0., -3.87093781e+02, 0., 1., 0., -2.24633865e+02, 0.,
       0., 0., 3.57870453e+02, 0., 0., 5.49967960e-03, 0. ]
R: !!opencv-matrix
   rows: 3
   cols: 3
   dt: d
   data: [ 9.9989435234078639e-01, 1.0078192656794455e-02,
       1.4608948568590342e-03, -1.0028298934072468e-02,
       1.0004584835625261e+00, 1.3580844875712979e-03,
       -1.5012475333561449e-03, 5.7414317402386203e-05,
       9.9986852712424823e-01 ]
T: !!opencv-matrix
   rows: 3
   cols: 1
   dt: d
   data: [ -1.8245705939732045e+02, -3.0059133214842224e+00,
       2.8510450553296809e+00 ]
E: !!opencv-matrix
   rows: 0
   cols: 0
   dt: u
   data: []
F: !!opencv-matrix
   rows: 0
   cols: 0
   dt: u
   data: []
K1: !!opencv-matrix
   rows: 3
   cols: 3
   dt: d
   data: [ 3.6619442195486482e+02, 0., 3.7800900657017900e+02, 0.,
       3.6631176586975289e+02, 2.2959692910978347e+02, 0., 0., 1. ]
D1: !!opencv-matrix
   rows: 5
   cols: 1
   dt: d
   data: [ -2.1502618721754269e-02, -1.2951184946942121e-03,
       -3.4127852927748451e-04, 2.7086966768530415e-04,
       4.7803342796299170e-04 ]
P1: !!opencv-matrix
   rows: 3
   cols: 4
   dt: f
   data: [ 3.57870453e+02, 0., 3.87093781e+02, 0., 0., 3.57870453e+02,
       2.24633865e+02, 0., 0., 0., 1., 0. ]
R1: !!opencv-matrix
   rows: 3
   cols: 3
   dt: f
   data: [ 9.99787569e-01, 1.66231170e-02, -1.21833533e-02,
       -1.66197382e-02, 9.99861836e-01, 3.78622499e-04, 1.21879634e-02,
       -1.76057962e-04, 9.99925733e-01 ]
K2: !!opencv-matrix
   rows: 3
   cols: 3
   dt: d
   data: [ 3.6684495620748953e+02, 0., 3.7586764757372902e+02, 0.,
       3.6714722400637692e+02, 2.2165240635390552e+02, 0., 0., 1. ]
D2: !!opencv-matrix
   rows: 5
   cols: 1
   dt: d
   data: [ -2.2125888778928394e-02, -1.1613594850445373e-03,
       2.4824541603873712e-04, -1.2117770058109102e-04,
       4.8874862320422683e-04 ]
P2: !!opencv-matrix
   rows: 3
   cols: 4
   dt: f
   data: [ 3.57870453e+02, 0., 3.87093781e+02, -6.50711445e+04, 0.,
       3.57870453e+02, 2.24633865e+02, 0., 0., 0., 1., 0. ]
R2: !!opencv-matrix
   rows: 3
   cols: 3
   dt: f
   data: [ 9.99885798e-01, 6.67958288e-03, -1.35572674e-02,
       -6.68334309e-03, 9.99977648e-01, -2.32056365e-04, 1.35554140e-02,
       3.22637730e-04, 9.99908090e-01 ]
