%YAML:1.0
---
Q: !!opencv-matrix
   rows: 4
   cols: 4
   dt: f
   data: [ 1., 0., 0., -4.06908600e+02, 0., 1., 0., -2.24564911e+02, 0.,
       0., 0., 3.57353271e+02, 0., 0., 5.60827134e-03, 0. ]
R: !!opencv-matrix
   rows: 3
   cols: 3
   dt: d
   data: [ 9.9988857340677872e-01, 9.5987906676295448e-03,
       4.5882232901429899e-04, -9.6311636124504895e-03,
       1.0006583464009711e+00, 7.6662136394290944e-04,
       -4.3335003008935146e-04, -6.0590249147386970e-04,
       9.9992813613300635e-01 ]
T: !!opencv-matrix
   rows: 3
   cols: 1
   dt: d
   data: [ -1.7802295127436975e+02, -4.3968226940164851e-01,
       6.6510653387313354e+00 ]
E: !!opencv-matrix
   rows: 0
   cols: 0
   dt: u
   data: []
F: !!opencv-matrix
   rows: 0
   cols: 0
   dt: u
   data: []
K1: !!opencv-matrix
   rows: 3
   cols: 3
   dt: d
   data: [ 3.6619442195486482e+02, 0., 3.7800900657017900e+02, 0.,
       3.6631176586975289e+02, 2.2959692910978347e+02, 0., 0., 1. ]
D1: !!opencv-matrix
   rows: 5
   cols: 1
   dt: d
   data: [ -2.1502618721754269e-02, -1.2951184946942121e-03,
       -3.4127852927748451e-04, 2.7086966768530415e-04,
       4.7803342796299170e-04 ]
P1: !!opencv-matrix
   rows: 3
   cols: 4
   dt: f
   data: [ 3.57353271e+02, 0., 4.06908600e+02, 0., 0., 3.57353271e+02,
       2.24564911e+02, 0., 0., 0., 1., 0. ]
R1: !!opencv-matrix
   rows: 3
   cols: 3
   dt: f
   data: [ 9.99224901e-01, 1.09571619e-02, -3.78092267e-02,
       -1.09474855e-02, 9.99939978e-01, 4.62943601e-04, 3.78120281e-02,
       -4.86688004e-05, 9.99284863e-01 ]
K2: !!opencv-matrix
   rows: 3
   cols: 3
   dt: d
   data: [ 3.6684495620748953e+02, 0., 3.7586764757372902e+02, 0.,
       3.6714722400637692e+02, 2.2165240635390552e+02, 0., 0., 1. ]
D2: !!opencv-matrix
   rows: 5
   cols: 1
   dt: d
   data: [ -2.2125888778928394e-02, -1.1613594850445373e-03,
       2.4824541603873712e-04, -1.2117770058109102e-04,
       4.8874862320422683e-04 ]
P2: !!opencv-matrix
   rows: 3
   cols: 4
   dt: f
   data: [ 3.57353271e+02, 0., 4.06908600e+02, -6.37189648e+04, 0.,
       3.57353271e+02, 2.24564911e+02, 0., 0., 0., 1., 0. ]
R2: !!opencv-matrix
   rows: 3
   cols: 3
   dt: f
   data: [ 9.99266148e-01, 1.31594762e-03, -3.82810347e-02,
       -1.32574374e-03, 9.99999106e-01, -2.30517995e-04, 3.82806957e-02,
       2.81099667e-04, 9.99266982e-01 ]
