%YAML:1.0
---
Q: !!opencv-matrix
   rows: 4
   cols: 4
   dt: f
   data: [ 1., 0., 0., -4.04636505e+02, 0., 1., 0., -2.24049057e+02, 0.,
       0., 0., 3.59828674e+02, 0., 0., 5.61698666e-03, 0. ]
R: !!opencv-matrix
   rows: 3
   cols: 3
   dt: d
   data: [ 1.0006274383613256e+00, 9.9914977084861363e-03,
       1.3800046592405235e-03, -9.8628541801608523e-03,
       1.0000289644613398e+00, 8.2147427447180747e-04,
       -1.1221671761039828e-03, -1.1631655149550073e-03,
       9.9957216080358413e-01 ]
T: !!opencv-matrix
   rows: 3
   cols: 1
   dt: d
   data: [ -1.7735298114762523e+02, -1.3552269999264870e+00,
       2.8077493758898431e+00 ]
E: !!opencv-matrix
   rows: 0
   cols: 0
   dt: u
   data: []
F: !!opencv-matrix
   rows: 0
   cols: 0
   dt: u
   data: []
K1: !!opencv-matrix
   rows: 3
   cols: 3
   dt: d
   data: [ 3.6619442195486482e+02, 0., 3.7800900657017900e+02, 0.,
       3.6631176586975289e+02, 2.2959692910978347e+02, 0., 0., 1. ]
D1: !!opencv-matrix
   rows: 5
   cols: 1
   dt: d
   data: [ -2.1502618721754269e-02, -1.2951184946942121e-03,
       -3.4127852927748451e-04, 2.7086966768530415e-04,
       4.7803342796299170e-04 ]
P1: !!opencv-matrix
   rows: 3
   cols: 4
   dt: f
   data: [ 3.59828674e+02, 0., 4.04636505e+02, 0., 0., 3.59828674e+02,
       2.24049057e+02, 0., 0., 0., 1., 0. ]
R1: !!opencv-matrix
   rows: 3
   cols: 3
   dt: f
   data: [ 9.98667657e-01, 3.78747731e-02, -3.50493938e-02,
       -3.78562026e-02, 9.99282479e-01, 1.19346322e-03, 3.50694470e-02,
       1.34963804e-04, 9.99384880e-01 ]
K2: !!opencv-matrix
   rows: 3
   cols: 3
   dt: d
   data: [ 3.6684495620748953e+02, 0., 3.7586764757372902e+02, 0.,
       3.6714722400637692e+02, 2.2165240635390552e+02, 0., 0., 1. ]
D2: !!opencv-matrix
   rows: 5
   cols: 1
   dt: d
   data: [ -2.2125888778928394e-02, -1.1613594850445373e-03,
       2.4824541603873712e-04, -1.2117770058109102e-04,
       4.8874862320422683e-04 ]
P2: !!opencv-matrix
   rows: 3
   cols: 4
   dt: f
   data: [ 3.59828674e+02, 0., 4.04636505e+02, -6.40608047e+04, 0.,
       3.59828674e+02, 2.24049057e+02, 0., 0., 0., 1., 0. ]
R2: !!opencv-matrix
   rows: 3
   cols: 3
   dt: f
   data: [ 9.98953104e-01, 2.78609097e-02, -3.62839215e-02,
       -2.78801192e-02, 9.99611259e-01, -2.34997970e-05, 3.62691619e-02,
       1.03507529e-03, 9.99341547e-01 ]
