%YAML:1.0
---
Q: !!opencv-matrix
   rows: 4
   cols: 4
   dt: f
   data: [ 1., 0., 0., -4.13015625e+02, 0., 1., 0., -2.23873444e+02, 0.,
       0., 0., 3.60137634e+02, 0., 0., 5.60686970e-03, 0. ]
R: !!opencv-matrix
   rows: 3
   cols: 3
   dt: d
   data: [ 9.9963956940677334e-01, 1.0082786292122503e-02,
       8.6644456559794431e-04, -9.8859884634117656e-03,
       1.0010200482166396e+00, 1.7641354064062067e-03,
       -7.3080239344498201e-04, 3.5567386504605007e-04,
       1.0000157980481179e+00 ]
T: !!opencv-matrix
   rows: 3
   cols: 1
   dt: d
   data: [ -1.7792404940070188e+02, -3.6520708984190082e+00,
       6.3974522564904834e+00 ]
E: !!opencv-matrix
   rows: 0
   cols: 0
   dt: u
   data: []
F: !!opencv-matrix
   rows: 0
   cols: 0
   dt: u
   data: []
K1: !!opencv-matrix
   rows: 3
   cols: 3
   dt: d
   data: [ 3.6619442195486482e+02, 0., 3.7800900657017900e+02, 0.,
       3.6631176586975289e+02, 2.2959692910978347e+02, 0., 0., 1. ]
D1: !!opencv-matrix
   rows: 5
   cols: 1
   dt: d
   data: [ -2.1502618721754269e-02, -1.2951184946942121e-03,
       -3.4127852927748451e-04, 2.7086966768530415e-04,
       4.7803342796299170e-04 ]
P1: !!opencv-matrix
   rows: 3
   cols: 4
   dt: f
   data: [ 3.60137634e+02, 0., 4.13015625e+02, 0., 0., 3.60137634e+02,
       2.23873444e+02, 0., 0., 0., 1., 0. ]
R1: !!opencv-matrix
   rows: 3
   cols: 3
   dt: f
   data: [ 9.98268485e-01, 3.67877707e-02, -4.58987094e-02,
       -3.67742851e-02, 9.99322951e-01, 1.13849924e-03, 4.59095165e-02,
       5.51364210e-04, 9.98945475e-01 ]
K2: !!opencv-matrix
   rows: 3
   cols: 3
   dt: d
   data: [ 3.6684495620748953e+02, 0., 3.7586764757372902e+02, 0.,
       3.6714722400637692e+02, 2.2165240635390552e+02, 0., 0., 1. ]
D2: !!opencv-matrix
   rows: 5
   cols: 1
   dt: d
   data: [ -2.2125888778928394e-02, -1.1613594850445373e-03,
       2.4824541603873712e-04, -1.2117770058109102e-04,
       4.8874862320422683e-04 ]
P2: !!opencv-matrix
   rows: 3
   cols: 4
   dt: f
   data: [ 3.60137634e+02, 0., 4.13015625e+02, -6.42315000e+04, 0.,
       3.60137634e+02, 2.23873444e+02, 0., 0., 0., 1., 0. ]
R2: !!opencv-matrix
   rows: 3
   cols: 3
   dt: f
   data: [ 9.98553395e-01, 2.67079119e-02, -4.66673411e-02,
       -2.67216228e-02, 9.99642849e-01, 3.30163923e-04, 4.66594920e-02,
       9.17340803e-04, 9.98910427e-01 ]
