%YAML:1.0
---
Q: !!opencv-matrix
   rows: 4
   cols: 4
   dt: f
   data: [ 1., 0., 0., -3.75381195e+02, 0., 1., 0., -2.24729141e+02, 0.,
       0., 0., 3.54020569e+02, 0., 0., 5.48497727e-03, 0. ]
R: !!opencv-matrix
   rows: 3
   cols: 3
   dt: d
   data: [ 9.9987770849491786e-01, 1.0074052922590705e-02,
       1.4442293360421889e-03, -9.7975365667331404e-03,
       1.0001660776871819e+00, 7.6641735977071629e-04,
       -1.1799200611269523e-03, 4.7911684675068587e-04,
       1.0000801560866961e+00 ]
T: !!opencv-matrix
   rows: 3
   cols: 1
   dt: d
   data: [ -1.8199154598884653e+02, -1.3747087284068953e+00,
       1.1727005691105570e+00 ]
E: !!opencv-matrix
   rows: 0
   cols: 0
   dt: u
   data: []
F: !!opencv-matrix
   rows: 0
   cols: 0
   dt: u
   data: []
K1: !!opencv-matrix
   rows: 3
   cols: 3
   dt: d
   data: [ 3.6619442195486482e+02, 0., 3.7800900657017900e+02, 0.,
       3.6631176586975289e+02, 2.2959692910978347e+02, 0., 0., 1. ]
D1: !!opencv-matrix
   rows: 5
   cols: 1
   dt: d
   data: [ -2.1502618721754269e-02, -1.2951184946942121e-03,
       -3.4127852927748451e-04, 2.7086966768530415e-04,
       4.7803342796299170e-04 ]
P1: !!opencv-matrix
   rows: 3
   cols: 4
   dt: f
   data: [ 3.54020569e+02, 0., 3.75381195e+02, 0., 0., 3.54020569e+02,
       2.24729141e+02, 0., 0., 0., 1., 0. ]
R1: !!opencv-matrix
   rows: 3
   cols: 3
   dt: f
   data: [ 9.99870420e-01, 1.58430841e-02, 2.85878475e-03,
       -1.58430878e-02, 9.99874473e-01, -2.19337817e-05, -2.85877357e-03,
       -2.33610353e-05, 9.99995887e-01 ]
K2: !!opencv-matrix
   rows: 3
   cols: 3
   dt: d
   data: [ 3.6684495620748953e+02, 0., 3.7586764757372902e+02, 0.,
       3.6714722400637692e+02, 2.2165240635390552e+02, 0., 0., 1. ]
D2: !!opencv-matrix
   rows: 5
   cols: 1
   dt: d
   data: [ -2.2125888778928394e-02, -1.1613594850445373e-03,
       2.4824541603873712e-04, -1.2117770058109102e-04,
       4.8874862320422683e-04 ]
P2: !!opencv-matrix
   rows: 3
   cols: 4
   dt: f
   data: [ 3.54020569e+02, 0., 3.75381195e+02, -6.45436719e+04, 0.,
       3.54020569e+02, 2.24729141e+02, 0., 0., 0., 1., 0. ]
R2: !!opencv-matrix
   rows: 3
   cols: 3
   dt: f
   data: [ 9.99981701e-01, 5.88230090e-03, 1.42182549e-03,
       -5.88229997e-03, 9.99982715e-01, -4.89549348e-06, -1.42182969e-03,
       -3.46820025e-06, 9.99998987e-01 ]
