%YAML:1.0
---
Q: !!opencv-matrix
   rows: 4
   cols: 4
   dt: f
   data: [ 1., 0., 0., -4.09008667e+02, 0., 1., 0., -2.24435333e+02, 0.,
       0., 0., 3.57864288e+02, 0., 0., 5.55161899e-03, 0. ]
R: !!opencv-matrix
   rows: 3
   cols: 3
   dt: d
   data: [ 9.9975132785054877e-01, 1.0379091904058091e-02,
       6.7886426635551419e-04, -1.0107975100272507e-02,
       1.0019653683606857e+00, 8.3153815290223400e-04,
       -7.9938367448596196e-04, 5.2445728066255113e-04,
       9.9972002626930123e-01 ]
T: !!opencv-matrix
   rows: 3
   cols: 1
   dt: d
   data: [ -1.7981152133057049e+02, -1.6540101973965307e+00,
       8.7619472957250153e+00 ]
E: !!opencv-matrix
   rows: 0
   cols: 0
   dt: u
   data: []
F: !!opencv-matrix
   rows: 0
   cols: 0
   dt: u
   data: []
K1: !!opencv-matrix
   rows: 3
   cols: 3
   dt: d
   data: [ 3.6619442195486482e+02, 0., 3.7800900657017900e+02, 0.,
       3.6631176586975289e+02, 2.2959692910978347e+02, 0., 0., 1. ]
D1: !!opencv-matrix
   rows: 5
   cols: 1
   dt: d
   data: [ -2.1502618721754269e-02, -1.2951184946942121e-03,
       -3.4127852927748451e-04, 2.7086966768530415e-04,
       4.7803342796299170e-04 ]
P1: !!opencv-matrix
   rows: 3
   cols: 4
   dt: f
   data: [ 3.57864288e+02, 0., 4.09008667e+02, 0., 0., 3.57864288e+02,
       2.24435333e+02, 0., 0., 0., 1., 0. ]
R1: !!opencv-matrix
   rows: 3
   cols: 3
   dt: f
   data: [ 9.99050558e-01, 1.63371861e-02, -4.03864980e-02,
       -1.63393579e-02, 9.99866486e-01, 2.76346720e-04, 4.03856225e-02,
       3.83805134e-04, 9.99184072e-01 ]
K2: !!opencv-matrix
   rows: 3
   cols: 3
   dt: d
   data: [ 3.6684495620748953e+02, 0., 3.7586764757372902e+02, 0.,
       3.6714722400637692e+02, 2.2165240635390552e+02, 0., 0., 1. ]
D2: !!opencv-matrix
   rows: 5
   cols: 1
   dt: d
   data: [ -2.2125888778928394e-02, -1.1613594850445373e-03,
       2.4824541603873712e-04, -1.2117770058109102e-04,
       4.8874862320422683e-04 ]
P2: !!opencv-matrix
   rows: 3
   cols: 4
   dt: f
   data: [ 3.57864288e+02, 0., 4.09008667e+02, -6.44612500e+04, 0.,
       3.57864288e+02, 2.24435333e+02, 0., 0., 0., 1., 0. ]
R2: !!opencv-matrix
   rows: 3
   cols: 3
   dt: f
   data: [ 9.99130785e-01, 6.13759225e-03, -4.12304290e-02,
       -6.13537570e-03, 9.99981165e-01, 1.80290735e-04, 4.12307568e-02,
       7.28301457e-05, 9.99149621e-01 ]
