%YAML:1.0
---
Q: !!opencv-matrix
   rows: 4
   cols: 4
   dt: f
   data: [ 1., 0., 0., -4.00440582e+02, 0., 1., 0., -2.24296066e+02, 0.,
       0., 0., 3.58818085e+02, 0., 0., 5.58377383e-03, 0. ]
R: !!opencv-matrix
   rows: 3
   cols: 3
   dt: d
   data: [ 9.9977591032219992e-01, 1.0170260992204022e-02,
       1.0209443711055959e-03, -9.9529996911266669e-03,
       1.0008680521608806e+00, 1.5876040575251529e-03,
       -9.9383259720478784e-04, 2.9649367141157347e-04,
       9.9992539248854118e-01 ]
T: !!opencv-matrix
   rows: 3
   cols: 1
   dt: d
   data: [ -1.7923766383300048e+02, -3.6962695324095303e+00,
       5.0863593507056635e+00 ]
E: !!opencv-matrix
   rows: 0
   cols: 0
   dt: u
   data: []
F: !!opencv-matrix
   rows: 0
   cols: 0
   dt: u
   data: []
K1: !!opencv-matrix
   rows: 3
   cols: 3
   dt: d
   data: [ 3.6619442195486482e+02, 0., 3.7800900657017900e+02, 0.,
       3.6631176586975289e+02, 2.2959692910978347e+02, 0., 0., 1. ]
D1: !!opencv-matrix
   rows: 5
   cols: 1
   dt: d
   data: [ -2.1502618721754269e-02, -1.2951184946942121e-03,
       -3.4127852927748451e-04, 2.7086966768530415e-04,
       4.7803342796299170e-04 ]
P1: !!opencv-matrix
   rows: 3
   cols: 4
   dt: f
   data: [ 3.58818085e+02, 0., 4.00440582e+02, 0., 0., 3.58818085e+02,
       2.24296066e+02, 0., 0., 0., 1., 0. ]
R1: !!opencv-matrix
   rows: 3
   cols: 3
   dt: f
   data: [ 9.99130130e-01, 2.93022636e-02, -2.96708588e-02,
       -2.92944126e-02, 9.99570608e-01, 6.99401193e-04, 2.96786111e-02,
       1.70397514e-04, 9.99559462e-01 ]
K2: !!opencv-matrix
   rows: 3
   cols: 3
   dt: d
   data: [ 3.6684495620748953e+02, 0., 3.7586764757372902e+02, 0.,
       3.6714722400637692e+02, 2.2165240635390552e+02, 0., 0., 1. ]
D2: !!opencv-matrix
   rows: 5
   cols: 1
   dt: d
   data: [ -2.2125888778928394e-02, -1.1613594850445373e-03,
       2.4824541603873712e-04, -1.2117770058109102e-04,
       4.8874862320422683e-04 ]
P2: !!opencv-matrix
   rows: 3
   cols: 4
   dt: f
   data: [ 3.58818085e+02, 0., 4.00440582e+02, -6.42608594e+04, 0.,
       3.58818085e+02, 2.24296066e+02, 0., 0., 0., 1., 0. ]
R2: !!opencv-matrix
   rows: 3
   cols: 3
   dt: f
   data: [ 9.99345183e-01, 1.92373302e-02, -3.06451656e-02,
       -1.92454383e-02, 9.99814808e-01, 3.03837114e-05, 3.06400750e-02,
       5.59415843e-04, 9.99530315e-01 ]
