%YAML:1.0
---
Q: !!opencv-matrix
   rows: 4
   cols: 4
   dt: f
   data: [ 1., 0., 0., -3.85875122e+02, 0., 1., 0., -2.24649765e+02, 0.,
       0., 0., 3.57806732e+02, 0., 0., 5.50829014e-03, 0. ]
R: !!opencv-matrix
   rows: 3
   cols: 3
   dt: d
   data: [ 9.9999543424499149e-01, 1.0025599609660284e-02,
       1.3513405301273044e-03, -9.8491125021721495e-03,
       9.9999645522907099e-01, 6.9783006776285715e-04,
       -1.3830861123064831e-03, -5.5575524141433233e-04,
       9.9994842707246911e-01 ]
T: !!opencv-matrix
   rows: 3
   cols: 1
   dt: d
   data: [ -1.8180801354477896e+02, -1.2145404475604431e+00,
       2.4651014373614060e+00 ]
E: !!opencv-matrix
   rows: 0
   cols: 0
   dt: u
   data: []
F: !!opencv-matrix
   rows: 0
   cols: 0
   dt: u
   data: []
K1: !!opencv-matrix
   rows: 3
   cols: 3
   dt: d
   data: [ 3.6619442195486482e+02, 0., 3.7800900657017900e+02, 0.,
       3.6631176586975289e+02, 2.2959692910978347e+02, 0., 0., 1. ]
D1: !!opencv-matrix
   rows: 5
   cols: 1
   dt: d
   data: [ -2.1502618721754269e-02, -1.2951184946942121e-03,
       -3.4127852927748451e-04, 2.7086966768530415e-04,
       4.7803342796299170e-04 ]
P1: !!opencv-matrix
   rows: 3
   cols: 4
   dt: f
   data: [ 3.57806732e+02, 0., 3.85875122e+02, 0., 0., 3.57806732e+02,
       2.24649765e+02, 0., 0., 0., 1., 0. ]
R1: !!opencv-matrix
   rows: 3
   cols: 3
   dt: f
   data: [ 9.99817371e-01, 1.58774573e-02, -1.06363734e-02,
       -1.58749204e-02, 9.99873936e-01, 3.23047134e-04, 1.06401611e-02,
       -1.54136564e-04, 9.99943376e-01 ]
K2: !!opencv-matrix
   rows: 3
   cols: 3
   dt: d
   data: [ 3.6684495620748953e+02, 0., 3.7586764757372902e+02, 0.,
       3.6714722400637692e+02, 2.2165240635390552e+02, 0., 0., 1. ]
D2: !!opencv-matrix
   rows: 5
   cols: 1
   dt: d
   data: [ -2.2125888778928394e-02, -1.1613594850445373e-03,
       2.4824541603873712e-04, -1.2117770058109102e-04,
       4.8874862320422683e-04 ]
P2: !!opencv-matrix
   rows: 3
   cols: 4
   dt: f
   data: [ 3.57806732e+02, 0., 3.85875122e+02, -6.49578555e+04, 0.,
       3.57806732e+02, 2.24649765e+02, 0., 0., 0., 1., 0. ]
R2: !!opencv-matrix
   rows: 3
   cols: 3
   dt: f
   data: [ 9.99910951e-01, 5.92881395e-03, -1.19571202e-02,
       -5.93166705e-03, 9.99982417e-01, -2.03143645e-04, 1.19557055e-02,
       2.74051214e-04, 9.99928474e-01 ]
