%YAML:1.0
---
Q: !!opencv-matrix
   rows: 4
   cols: 4
   dt: f
   data: [ 1., 0., 0., -3.82744507e+02, 0., 1., 0., -2.24659653e+02, 0.,
       0., 0., 3.56434021e+02, 0., 0., 5.60196443e-03, 0. ]
R: !!opencv-matrix
   rows: 3
   cols: 3
   dt: d
   data: [ 1.0001316408684569e+00, 1.0046732734359054e-02,
       1.0610239283806778e-03, -9.9488737917745804e-03,
       1.0003333476407912e+00, 5.5644958670388240e-04,
       -1.0542662345331129e-03, -5.5499650060375049e-04,
       9.9984226048436609e-01 ]
T: !!opencv-matrix
   rows: 3
   cols: 1
   dt: d
   data: [ -1.7856833721018228e+02, -1.1587185730684166e+00,
       3.0874207690609379e+00 ]
E: !!opencv-matrix
   rows: 0
   cols: 0
   dt: u
   data: []
F: !!opencv-matrix
   rows: 0
   cols: 0
   dt: u
   data: []
K1: !!opencv-matrix
   rows: 3
   cols: 3
   dt: d
   data: [ 3.6619442195486482e+02, 0., 3.7800900657017900e+02, 0.,
       3.6631176586975289e+02, 2.2959692910978347e+02, 0., 0., 1. ]
D1: !!opencv-matrix
   rows: 5
   cols: 1
   dt: d
   data: [ -2.1502618721754269e-02, -1.2951184946942121e-03,
       -3.4127852927748451e-04, 2.7086966768530415e-04,
       4.7803342796299170e-04 ]
P1: !!opencv-matrix
   rows: 3
   cols: 4
   dt: f
   data: [ 3.56434021e+02, 0., 3.82744507e+02, 0., 0., 3.56434021e+02,
       2.24659653e+02, 0., 0., 0., 1., 0. ]
R1: !!opencv-matrix
   rows: 3
   cols: 3
   dt: f
   data: [ 9.99804437e-01, 1.85778178e-02, -6.78102300e-03,
       -1.85764991e-02, 9.99827385e-01, 2.57501175e-04, 6.78463653e-03,
       -1.31483146e-04, 9.99976993e-01 ]
K2: !!opencv-matrix
   rows: 3
   cols: 3
   dt: d
   data: [ 3.6684495620748953e+02, 0., 3.7586764757372902e+02, 0.,
       3.6714722400637692e+02, 2.2165240635390552e+02, 0., 0., 1. ]
D2: !!opencv-matrix
   rows: 5
   cols: 1
   dt: d
   data: [ -2.2125888778928394e-02, -1.1613594850445373e-03,
       2.4824541603873712e-04, -1.2117770058109102e-04,
       4.8874862320422683e-04 ]
P2: !!opencv-matrix
   rows: 3
   cols: 4
   dt: f
   data: [ 3.56434021e+02, 0., 3.82744507e+02, -6.36266133e+04, 0.,
       3.56434021e+02, 2.24659653e+02, 0., 0., 0., 1., 0. ]
R2: !!opencv-matrix
   rows: 3
   cols: 3
   dt: f
   data: [ 9.99932349e-01, 8.54034722e-03, -7.89847225e-03,
       -8.54188297e-03, 9.99963522e-01, -1.60769909e-04, 7.89681077e-03,
       2.28226854e-04, 9.99968767e-01 ]
