%YAML:1.0
---
Q: !!opencv-matrix
   rows: 4
   cols: 4
   dt: f
   data: [ 1., 0., 0., -3.93845703e+02, 0., 1., 0., -2.24627960e+02, 0.,
       0., 0., 3.57655823e+02, 0., 0., 5.63197397e-03, 0. ]
R: !!opencv-matrix
   rows: 3
   cols: 3
   dt: d
   data: [ 1.0001947114050067e+00, 9.9375426627764489e-03,
       1.0404659502031746e-03, -9.8172688744797131e-03,
       1.0004782427903118e+00, 7.0442045596796638e-04,
       -8.1277615221228778e-04, -3.0652042505117461e-04,
       9.9977137501245950e-01 ]
T: !!opencv-matrix
   rows: 3
   cols: 1
   dt: d
   data: [ -1.7721133166248219e+02, -8.9902810585307846e-01,
       5.4245973890332202e+00 ]
E: !!opencv-matrix
   rows: 0
   cols: 0
   dt: u
   data: []
F: !!opencv-matrix
   rows: 0
   cols: 0
   dt: u
   data: []
K1: !!opencv-matrix
   rows: 3
   cols: 3
   dt: d
   data: [ 3.6619442195486482e+02, 0., 3.7800900657017900e+02, 0.,
       3.6631176586975289e+02, 2.2959692910978347e+02, 0., 0., 1. ]
D1: !!opencv-matrix
   rows: 5
   cols: 1
   dt: d
   data: [ -2.1502618721754269e-02, -1.2951184946942121e-03,
       -3.4127852927748451e-04, 2.7086966768530415e-04,
       4.7803342796299170e-04 ]
P1: !!opencv-matrix
   rows: 3
   cols: 4
   dt: f
   data: [ 3.57655823e+02, 0., 3.93845703e+02, 0., 0., 3.57655823e+02,
       2.24627960e+02, 0., 0., 0., 1., 0. ]
R1: !!opencv-matrix
   rows: 3
   cols: 3
   dt: f
   data: [ 9.99705672e-01, 1.23272771e-02, -2.08960064e-02,
       -1.23250764e-02, 9.99924004e-01, 2.34129955e-04, 2.08973046e-02,
       2.34838390e-05, 9.99781609e-01 ]
K2: !!opencv-matrix
   rows: 3
   cols: 3
   dt: d
   data: [ 3.6684495620748953e+02, 0., 3.7586764757372902e+02, 0.,
       3.6714722400637692e+02, 2.2165240635390552e+02, 0., 0., 1. ]
D2: !!opencv-matrix
   rows: 5
   cols: 1
   dt: d
   data: [ -2.2125888778928394e-02, -1.1613594850445373e-03,
       2.4824541603873712e-04, -1.2117770058109102e-04,
       4.8874862320422683e-04 ]
P2: !!opencv-matrix
   rows: 3
   cols: 4
   dt: f
   data: [ 3.57655823e+02, 0., 3.93845703e+02, -6.35045195e+04, 0.,
       3.57655823e+02, 2.24627960e+02, 0., 0., 0., 1., 0. ]
R2: !!opencv-matrix
   rows: 3
   cols: 3
   dt: f
   data: [ 9.99756098e-01, 2.45935097e-03, -2.19478812e-02,
       -2.46166298e-03, 9.99996960e-01, -7.83197975e-05, 2.19476223e-02,
       1.32328976e-04, 9.99759138e-01 ]
