%YAML:1.0
---
Q: !!opencv-matrix
   rows: 4
   cols: 4
   dt: f
   data: [ 1., 0., 0., -3.78210602e+02, 0., 1., 0., -2.24715302e+02, 0.,
       0., 0., 3.55352570e+02, 0., 0., 5.49275149e-03, 0. ]
R: !!opencv-matrix
   rows: 3
   cols: 3
   dt: d
   data: [ 1.0005757550354768e+00, 9.7398344798445263e-03,
       1.2975856576290879e-03, -9.8579469447911787e-03,
       9.9978217489780885e-01, 3.1277175539902468e-04,
       -1.1007941431946707e-03, -1.7888449674263577e-03,
       9.9969252336315184e-01 ]
T: !!opencv-matrix
   rows: 3
   cols: 1
   dt: d
   data: [ -1.8159855083031678e+02, -4.4594939741521633e-01,
       1.7376142405350932e+00 ]
E: !!opencv-matrix
   rows: 0
   cols: 0
   dt: u
   data: []
F: !!opencv-matrix
   rows: 0
   cols: 0
   dt: u
   data: []
K1: !!opencv-matrix
   rows: 3
   cols: 3
   dt: d
   data: [ 3.6619442195486482e+02, 0., 3.7800900657017900e+02, 0.,
       3.6631176586975289e+02, 2.2959692910978347e+02, 0., 0., 1. ]
D1: !!opencv-matrix
   rows: 5
   cols: 1
   dt: d
   data: [ -2.1502618721754269e-02, -1.2951184946942121e-03,
       -3.4127852927748451e-04, 2.7086966768530415e-04,
       4.7803342796299170e-04 ]
P1: !!opencv-matrix
   rows: 3
   cols: 4
   dt: f
   data: [ 3.55352570e+02, 0., 3.78210602e+02, 0., 0., 3.55352570e+02,
       2.24715302e+02, 0., 0., 0., 1., 0. ]
R1: !!opencv-matrix
   rows: 3
   cols: 3
   dt: f
   data: [ 9.99914825e-01, 1.30298836e-02, -7.55088637e-04,
       -1.30294645e-02, 9.99914944e-01, 5.57918393e-04, 7.62294047e-04,
       -5.48032520e-04, 9.99999583e-01 ]
K2: !!opencv-matrix
   rows: 3
   cols: 3
   dt: d
   data: [ 3.6684495620748953e+02, 0., 3.7586764757372902e+02, 0.,
       3.6714722400637692e+02, 2.2165240635390552e+02, 0., 0., 1. ]
D2: !!opencv-matrix
   rows: 5
   cols: 1
   dt: d
   data: [ -2.2125888778928394e-02, -1.1613594850445373e-03,
       2.4824541603873712e-04, -1.2117770058109102e-04,
       4.8874862320422683e-04 ]
P2: !!opencv-matrix
   rows: 3
   cols: 4
   dt: f
   data: [ 3.55352570e+02, 0., 3.78210602e+02, -6.46948203e+04, 0.,
       3.55352570e+02, 2.24715302e+02, 0., 0., 0., 1., 0. ]
R2: !!opencv-matrix
   rows: 3
   cols: 3
   dt: f
   data: [ 9.99992549e-01, 3.22920224e-03, -2.10738112e-03,
       -3.23036709e-03, 9.99994636e-01, -5.49584453e-04, 2.10559531e-03,
       5.56387997e-04, 9.99997616e-01 ]
