%YAML:1.0
---
Q: !!opencv-matrix
   rows: 4
   cols: 4
   dt: f
   data: [ 1., 0., 0., -3.96658569e+02, 0., 1., 0., -2.24537781e+02, 0.,
       0., 0., 3.57732361e+02, 0., 0., 5.63962013e-03, 0. ]
R: !!opencv-matrix
   rows: 3
   cols: 3
   dt: d
   data: [ 1.0000083324709812e+00, 9.9091799188416683e-03,
       7.2763943295357737e-04, -9.7920190294250517e-03,
       1.0005417087174420e+00, 1.0245219869155502e-03,
       -6.4868121369194480e-04, -2.8085502003358291e-04,
       9.9990816467909327e-01 ]
T: !!opencv-matrix
   rows: 3
   cols: 1
   dt: d
   data: [ -1.7732228146487972e+02, -1.8317945691210855e+00,
       5.1156183184581918e+00 ]
E: !!opencv-matrix
   rows: 0
   cols: 0
   dt: u
   data: []
F: !!opencv-matrix
   rows: 0
   cols: 0
   dt: u
   data: []
K1: !!opencv-matrix
   rows: 3
   cols: 3
   dt: d
   data: [ 3.6619442195486482e+02, 0., 3.7800900657017900e+02, 0.,
       3.6631176586975289e+02, 2.2959692910978347e+02, 0., 0., 1. ]
D1: !!opencv-matrix
   rows: 5
   cols: 1
   dt: d
   data: [ -2.1502618721754269e-02, -1.2951184946942121e-03,
       -3.4127852927748451e-04, 2.7086966768530415e-04,
       4.7803342796299170e-04 ]
P1: !!opencv-matrix
   rows: 3
   cols: 4
   dt: f
   data: [ 3.57732361e+02, 0., 3.96658569e+02, 0., 0., 3.57732361e+02,
       2.24537781e+02, 0., 0., 0., 1., 0. ]
R1: !!opencv-matrix
   rows: 3
   cols: 3
   dt: f
   data: [ 9.99544621e-01, 1.72496103e-02, -2.47579943e-02,
       -1.72447879e-02, 9.99851227e-01, 4.08288470e-04, 2.47613527e-02,
       1.88438244e-05, 9.99693394e-01 ]
K2: !!opencv-matrix
   rows: 3
   cols: 3
   dt: d
   data: [ 3.6684495620748953e+02, 0., 3.7586764757372902e+02, 0.,
       3.6714722400637692e+02, 2.2165240635390552e+02, 0., 0., 1. ]
D2: !!opencv-matrix
   rows: 5
   cols: 1
   dt: d
   data: [ -2.2125888778928394e-02, -1.1613594850445373e-03,
       2.4824541603873712e-04, -1.2117770058109102e-04,
       4.8874862320422683e-04 ]
P2: !!opencv-matrix
   rows: 3
   cols: 4
   dt: f
   data: [ 3.57732361e+02, 0., 3.96658569e+02, -63432., 0.,
       3.57732361e+02, 2.24537781e+02, 0., 0., 0., 1., 0. ]
R2: !!opencv-matrix
   rows: 3
   cols: 3
   dt: f
   data: [ 9.99648690e-01, 7.38587556e-03, -2.54554022e-02,
       -7.39083346e-03, 9.99972701e-01, -1.00676756e-04, 2.54539624e-02,
       2.88778014e-04, 9.99675930e-01 ]
