%YAML:1.0
---
Q: !!opencv-matrix
   rows: 4
   cols: 4
   dt: f
   data: [ 1., 0., 0., -3.86624329e+02, 0., 1., 0., -2.24612259e+02, 0.,
       0., 0., 3.57832550e+02, 0., 0., 5.47605194e-03, 0. ]
R: !!opencv-matrix
   rows: 3
   cols: 3
   dt: d
   data: [ 9.9954168015182432e-01, 1.0136537413727768e-02,
       1.5279907033134118e-03, -9.7836985343094131e-03,
       1.0000175388958445e+00, 7.5433791722294983e-04,
       -1.3536298520156302e-03, 7.5780908601380005e-04,
       1.0003569821874332e+00 ]
T: !!opencv-matrix
   rows: 3
   cols: 1
   dt: d
   data: [ -1.8231282937307742e+02, -1.0724385384922104e+00,
       -2.5922178440894372e-01 ]
E: !!opencv-matrix
   rows: 0
   cols: 0
   dt: u
   data: []
F: !!opencv-matrix
   rows: 0
   cols: 0
   dt: u
   data: []
K1: !!opencv-matrix
   rows: 3
   cols: 3
   dt: d
   data: [ 3.6619442195486482e+02, 0., 3.7800900657017900e+02, 0.,
       3.6631176586975289e+02, 2.2959692910978347e+02, 0., 0., 1. ]
D1: !!opencv-matrix
   rows: 5
   cols: 1
   dt: d
   data: [ -2.1502618721754269e-02, -1.2951184946942121e-03,
       -3.4127852927748451e-04, 2.7086966768530415e-04,
       4.7803342796299170e-04 ]
P1: !!opencv-matrix
   rows: 3
   cols: 4
   dt: f
   data: [ 3.57832550e+02, 0., 3.86624329e+02, 0., 0., 3.57832550e+02,
       2.24612259e+02, 0., 0., 0., 1., 0. ]
R1: !!opencv-matrix
   rows: 3
   cols: 3
   dt: f
   data: [ 9.99735236e-01, 1.98792964e-02, -1.15887113e-02,
       -1.98766962e-02, 9.99802411e-01, 3.39506631e-04, 1.15931705e-02,
       -1.09071443e-04, 9.99932766e-01 ]
K2: !!opencv-matrix
   rows: 3
   cols: 3
   dt: d
   data: [ 3.6684495620748953e+02, 0., 3.7586764757372902e+02, 0.,
       3.6714722400637692e+02, 2.2165240635390552e+02, 0., 0., 1. ]
D2: !!opencv-matrix
   rows: 5
   cols: 1
   dt: d
   data: [ -2.2125888778928394e-02, -1.1613594850445373e-03,
       2.4824541603873712e-04, -1.2117770058109102e-04,
       4.8874862320422683e-04 ]
P2: !!opencv-matrix
   rows: 3
   cols: 4
   dt: f
   data: [ 3.57832550e+02, 0., 3.86624329e+02, -6.53449844e+04, 0.,
       3.57832550e+02, 2.24612259e+02, 0., 0., 0., 1., 0. ]
R2: !!opencv-matrix
   rows: 3
   cols: 3
   dt: f
   data: [ 9.99865770e-01, 9.87559650e-03, -1.30730262e-02,
       -9.87852830e-03, 9.99951184e-01, -1.59735951e-04, 1.30708106e-02,
       2.88856769e-04, 9.99914527e-01 ]
