%YAML:1.0
---
Q: !!opencv-matrix
   rows: 4
   cols: 4
   dt: f
   data: [ 1., 0., 0., -3.96589264e+02, 0., 1., 0., -2.24393097e+02, 0.,
       0., 0., 3.58510132e+02, 0., 0., 5.52467443e-03, 0. ]
R: !!opencv-matrix
   rows: 3
   cols: 3
   dt: d
   data: [ 9.9965483693134938e-01, 1.0328085368331697e-02,
       1.0978206440766473e-03, -1.0025826230362691e-02,
       1.0005634238355126e+00, 1.5122104208025182e-03,
       -1.2747659333002079e-03, 3.2214404354910270e-04,
       1.0001423165808370e+00 ]
T: !!opencv-matrix
   rows: 3
   cols: 1
   dt: d
   data: [ -1.8133172569916502e+02, -3.2088644757930966e+00,
       3.8259917460985835e+00 ]
E: !!opencv-matrix
   rows: 0
   cols: 0
   dt: u
   data: []
F: !!opencv-matrix
   rows: 0
   cols: 0
   dt: u
   data: []
K1: !!opencv-matrix
   rows: 3
   cols: 3
   dt: d
   data: [ 3.6619442195486482e+02, 0., 3.7800900657017900e+02, 0.,
       3.6631176586975289e+02, 2.2959692910978347e+02, 0., 0., 1. ]
D1: !!opencv-matrix
   rows: 5
   cols: 1
   dt: d
   data: [ -2.1502618721754269e-02, -1.2951184946942121e-03,
       -3.4127852927748451e-04, 2.7086966768530415e-04,
       4.7803342796299170e-04 ]
P1: !!opencv-matrix
   rows: 3
   cols: 4
   dt: f
   data: [ 3.58510132e+02, 0., 3.96589264e+02, 0., 0., 3.58510132e+02,
       2.24393097e+02, 0., 0., 0., 1., 0. ]
R1: !!opencv-matrix
   rows: 3
   cols: 3
   dt: f
   data: [ 9.99320567e-01, 2.73888893e-02, -2.46618520e-02,
       -2.73807589e-02, 9.99624848e-01, 6.67365035e-04, 2.46708784e-02,
       8.34858656e-06, 9.99695599e-01 ]
K2: !!opencv-matrix
   rows: 3
   cols: 3
   dt: d
   data: [ 3.6684495620748953e+02, 0., 3.7586764757372902e+02, 0.,
       3.6714722400637692e+02, 2.2165240635390552e+02, 0., 0., 1. ]
D2: !!opencv-matrix
   rows: 5
   cols: 1
   dt: d
   data: [ -2.2125888778928394e-02, -1.1613594850445373e-03,
       2.4824541603873712e-04, -1.2117770058109102e-04,
       4.8874862320422683e-04 ]
P2: !!opencv-matrix
   rows: 3
   cols: 4
   dt: f
   data: [ 3.58510132e+02, 0., 3.96589264e+02, -6.48925391e+04, 0.,
       3.58510132e+02, 2.24393097e+02, 0., 0., 0., 1., 0. ]
R2: !!opencv-matrix
   rows: 3
   cols: 3
   dt: f
   data: [ 9.99519289e-01, 1.72590800e-02, -2.57548913e-02,
       -1.72675680e-02, 9.99850869e-01, -1.07188178e-04, 2.57492028e-02,
       5.51861012e-04, 9.99668300e-01 ]
