%YAML:1.0
---
Q: !!opencv-matrix
   rows: 4
   cols: 4
   dt: f
   data: [ 1., 0., 0., -3.88256775e+02, 0., 1., 0., -2.24654114e+02, 0.,
       0., 0., 3.57899963e+02, 0., 0., 5.57349250e-03, 0. ]
R: !!opencv-matrix
   rows: 3
   cols: 3
   dt: d
   data: [ 1.0004049144974894e+00, 9.7467136915007947e-03,
       1.0323028563983441e-03, -9.6896150930104157e-03,
       9.9983941018548472e-01, 5.2486725300750279e-04,
       -9.8967797320218638e-04, -1.1414576983467032e-03,
       9.9975448673065914e-01 ]
T: !!opencv-matrix
   rows: 3
   cols: 1
   dt: d
   data: [ -1.7947724250027235e+02, -3.6713910898675228e-01,
       2.6112808783221673e+00 ]
E: !!opencv-matrix
   rows: 0
   cols: 0
   dt: u
   data: []
F: !!opencv-matrix
   rows: 0
   cols: 0
   dt: u
   data: []
K1: !!opencv-matrix
   rows: 3
   cols: 3
   dt: d
   data: [ 3.6619442195486482e+02, 0., 3.7800900657017900e+02, 0.,
       3.6631176586975289e+02, 2.2959692910978347e+02, 0., 0., 1. ]
D1: !!opencv-matrix
   rows: 5
   cols: 1
   dt: d
   data: [ -2.1502618721754269e-02, -1.2951184946942121e-03,
       -3.4127852927748451e-04, 2.7086966768530415e-04,
       4.7803342796299170e-04 ]
P1: !!opencv-matrix
   rows: 3
   cols: 4
   dt: f
   data: [ 3.57899963e+02, 0., 3.88256775e+02, 0., 0., 3.57899963e+02,
       2.24654114e+02, 0., 0., 0., 1., 0. ]
R1: !!opencv-matrix
   rows: 3
   cols: 3
   dt: f
   data: [ 9.99818623e-01, 1.31367678e-02, -1.37905730e-02,
       -1.31318485e-02, 9.99913692e-01, 4.47172613e-04, 1.37952566e-02,
       -2.65995768e-04, 9.99904811e-01 ]
K2: !!opencv-matrix
   rows: 3
   cols: 3
   dt: d
   data: [ 3.6684495620748953e+02, 0., 3.7586764757372902e+02, 0.,
       3.6714722400637692e+02, 2.2165240635390552e+02, 0., 0., 1. ]
D2: !!opencv-matrix
   rows: 5
   cols: 1
   dt: d
   data: [ -2.2125888778928394e-02, -1.1613594850445373e-03,
       2.4824541603873712e-04, -1.2117770058109102e-04,
       4.8874862320422683e-04 ]
P2: !!opencv-matrix
   rows: 3
   cols: 4
   dt: f
   data: [ 3.57899963e+02, 0., 3.88256775e+02, -6.42146680e+04, 0.,
       3.57899963e+02, 2.24654114e+02, 0., 0., 0., 1., 0. ]
R2: !!opencv-matrix
   rows: 3
   cols: 3
   dt: f
   data: [ 9.99884784e-01, 3.38940788e-03, -1.47974994e-02,
       -3.39468452e-03, 9.99994159e-01, -3.31492774e-04, 1.47962896e-02,
       3.81687423e-04, 9.99890447e-01 ]
