%YAML:1.0
---
Q: !!opencv-matrix
   rows: 4
   cols: 4
   dt: f
   data: [ 1., 0., 0., -3.93162354e+02, 0., 1., 0., -2.24734634e+02, 0.,
       0., 0., 3.56595734e+02, 0., 0., 5.57739474e-03, 0. ]
R: !!opencv-matrix
   rows: 3
   cols: 3
   dt: d
   data: [ 1.0005361102080526e+00, 9.4703626359301050e-03,
       1.1429212467808036e-03, -9.6274811681550110e-03,
       9.9987099616928177e-01, 3.8925362911661622e-04,
       -9.3928087792103873e-04, -8.3436287735217524e-04,
       9.9966867442441310e-01 ]
T: !!opencv-matrix
   rows: 3
   cols: 1
   dt: d
   data: [ -1.7912951204930710e+02, 9.9572137245199921e-01,
       4.6438835892934138e+00 ]
E: !!opencv-matrix
   rows: 0
   cols: 0
   dt: u
   data: []
F: !!opencv-matrix
   rows: 0
   cols: 0
   dt: u
   data: []
K1: !!opencv-matrix
   rows: 3
   cols: 3
   dt: d
   data: [ 3.6619442195486482e+02, 0., 3.7800900657017900e+02, 0.,
       3.6631176586975289e+02, 2.2959692910978347e+02, 0., 0., 1. ]
D1: !!opencv-matrix
   rows: 5
   cols: 1
   dt: d
   data: [ -2.1502618721754269e-02, -1.2951184946942121e-03,
       -3.4127852927748451e-04, 2.7086966768530415e-04,
       4.7803342796299170e-04 ]
P1: !!opencv-matrix
   rows: 3
   cols: 4
   dt: f
   data: [ 3.56595734e+02, 0., 3.93162354e+02, 0., 0., 3.56595734e+02,
       2.24734634e+02, 0., 0., 0., 1., 0. ]
R1: !!opencv-matrix
   rows: 3
   cols: 3
   dt: f
   data: [ 9.99795914e-01, 3.81537806e-03, -1.98401734e-02,
       -3.80879315e-03, 9.99992669e-01, 3.69674992e-04, 1.98414382e-02,
       -2.94032419e-04, 9.99803066e-01 ]
K2: !!opencv-matrix
   rows: 3
   cols: 3
   dt: d
   data: [ 3.6684495620748953e+02, 0., 3.7586764757372902e+02, 0.,
       3.6714722400637692e+02, 2.2165240635390552e+02, 0., 0., 1. ]
D2: !!opencv-matrix
   rows: 5
   cols: 1
   dt: d
   data: [ -2.2125888778928394e-02, -1.1613594850445373e-03,
       2.4824541603873712e-04, -1.2117770058109102e-04,
       4.8874862320422683e-04 ]
P2: !!opencv-matrix
   rows: 3
   cols: 4
   dt: f
   data: [ 3.56595734e+02, 0., 3.93162354e+02, -6.39358945e+04, 0.,
       3.56595734e+02, 2.24734634e+02, 0., 0., 0., 1., 0. ]
R2: !!opencv-matrix
   rows: 3
   cols: 3
   dt: f
   data: [ 9.99764204e-01, -5.73477382e-03, -2.09427252e-02,
       5.72782289e-03, 9.99983490e-01, -3.91875394e-04, 2.09446270e-02,
       2.71826779e-04, 9.99780595e-01 ]
