%YAML:1.0
---
Q: !!opencv-matrix
   rows: 4
   cols: 4
   dt: f
   data: [ 1., 0., 0., -3.92847137e+02, 0., 1., 0., -2.24520660e+02, 0.,
       0., 0., 3.57873657e+02, 0., 0., 5.50188543e-03, 0. ]
R: !!opencv-matrix
   rows: 3
   cols: 3
   dt: d
   data: [ 9.9982792853146973e-01, 1.0069978591377846e-02,
       1.5053936388246267e-03, -9.9175650938408185e-03,
       1.0001896977234517e+00, 9.5601311987861758e-04,
       -1.4958704552152100e-03, -1.9958234149842832e-04,
       1.0000096127979203e+00 ]
T: !!opencv-matrix
   rows: 3
   cols: 1
   dt: d
   data: [ -1.8175627160393722e+02, -1.7464139799749048e+00,
       2.7442249507025402e+00 ]
E: !!opencv-matrix
   rows: 0
   cols: 0
   dt: u
   data: []
F: !!opencv-matrix
   rows: 0
   cols: 0
   dt: u
   data: []
K1: !!opencv-matrix
   rows: 3
   cols: 3
   dt: d
   data: [ 3.6619442195486482e+02, 0., 3.7800900657017900e+02, 0.,
       3.6631176586975289e+02, 2.2959692910978347e+02, 0., 0., 1. ]
D1: !!opencv-matrix
   rows: 5
   cols: 1
   dt: d
   data: [ -2.1502618721754269e-02, -1.2951184946942121e-03,
       -3.4127852927748451e-04, 2.7086966768530415e-04,
       4.7803342796299170e-04 ]
P1: !!opencv-matrix
   rows: 3
   cols: 4
   dt: f
   data: [ 3.57873657e+02, 0., 3.92847137e+02, 0., 0., 3.57873657e+02,
       2.24520660e+02, 0., 0., 0., 1., 0. ]
R1: !!opencv-matrix
   rows: 3
   cols: 3
   dt: f
   data: [ 9.99569297e-01, 2.18409151e-02, -1.96005031e-02,
       -2.18362957e-02, 9.99761462e-01, 4.49727551e-04, 1.96056496e-02,
       -2.15315122e-05, 9.99807775e-01 ]
K2: !!opencv-matrix
   rows: 3
   cols: 3
   dt: d
   data: [ 3.6684495620748953e+02, 0., 3.7586764757372902e+02, 0.,
       3.6714722400637692e+02, 2.2165240635390552e+02, 0., 0., 1. ]
D2: !!opencv-matrix
   rows: 5
   cols: 1
   dt: d
   data: [ -2.2125888778928394e-02, -1.1613594850445373e-03,
       2.4824541603873712e-04, -1.2117770058109102e-04,
       4.8874862320422683e-04 ]
P2: !!opencv-matrix
   rows: 3
   cols: 4
   dt: f
   data: [ 3.57873657e+02, 0., 3.92847137e+02, -6.50456406e+04, 0.,
       3.57873657e+02, 2.24520660e+02, 0., 0., 0., 1., 0. ]
R2: !!opencv-matrix
   rows: 3
   cols: 3
   dt: f
   data: [ 9.99708354e-01, 1.18338168e-02, -2.10501980e-02,
       -1.18387779e-02, 9.99929905e-01, -1.11049623e-04, 2.10474078e-02,
       3.60225851e-04, 9.99778390e-01 ]
