%YAML:1.0
---
Q: !!opencv-matrix
   rows: 4
   cols: 4
   dt: f
   data: [ 1., 0., 0., -3.93446136e+02, 0., 1., 0., -2.24659378e+02, 0.,
       0., 0., 3.57712524e+02, 0., 0., 5.68571407e-03, 0. ]
R: !!opencv-matrix
   rows: 3
   cols: 3
   dt: d
   data: [ 1.0005739647411493e+00, 9.8319934822520393e-03,
       1.0201932293519142e-03, -9.7069366782746511e-03,
       1.0000595311044536e+00, 5.9739010833575318e-04,
       -7.3767578252309876e-04, -1.0387027256923114e-03,
       9.9964125796363801e-01 ]
T: !!opencv-matrix
   rows: 3
   cols: 1
   dt: d
   data: [ -1.7576918308463516e+02, -1.4818760303761072e-01,
       4.0534429416018121e+00 ]
E: !!opencv-matrix
   rows: 0
   cols: 0
   dt: u
   data: []
F: !!opencv-matrix
   rows: 0
   cols: 0
   dt: u
   data: []
K1: !!opencv-matrix
   rows: 3
   cols: 3
   dt: d
   data: [ 3.6619442195486482e+02, 0., 3.7800900657017900e+02, 0.,
       3.6631176586975289e+02, 2.2959692910978347e+02, 0., 0., 1. ]
D1: !!opencv-matrix
   rows: 5
   cols: 1
   dt: d
   data: [ -2.1502618721754269e-02, -1.2951184946942121e-03,
       -3.4127852927748451e-04, 2.7086966768530415e-04,
       4.7803342796299170e-04 ]
P1: !!opencv-matrix
   rows: 3
   cols: 4
   dt: f
   data: [ 3.57712524e+02, 0., 3.93446136e+02, 0., 0., 3.57712524e+02,
       2.24659378e+02, 0., 0., 0., 1., 0. ]
R1: !!opencv-matrix
   rows: 3
   cols: 3
   dt: f
   data: [ 9.99742329e-01, 9.95697919e-03, -2.03983691e-02,
       -9.94880591e-03, 9.99950409e-01, 5.02129609e-04, 2.04023570e-02,
       -2.99060834e-04, 9.99791801e-01 ]
K2: !!opencv-matrix
   rows: 3
   cols: 3
   dt: d
   data: [ 3.6684495620748953e+02, 0., 3.7586764757372902e+02, 0.,
       3.6714722400637692e+02, 2.2165240635390552e+02, 0., 0., 1. ]
D2: !!opencv-matrix
   rows: 5
   cols: 1
   dt: d
   data: [ -2.2125888778928394e-02, -1.1613594850445373e-03,
       2.4824541603873712e-04, -1.2117770058109102e-04,
       4.8874862320422683e-04 ]
P2: !!opencv-matrix
   rows: 3
   cols: 4
   dt: f
   data: [ 3.57712524e+02, 0., 3.93446136e+02, -6.29142656e+04, 0.,
       3.57712524e+02, 2.24659378e+02, 0., 0., 0., 1., 0. ]
R2: !!opencv-matrix
   rows: 3
   cols: 3
   dt: f
   data: [ 9.99772370e-01, 1.62902172e-04, -2.13357806e-02,
       -1.71450214e-04, 9.99999881e-01, -3.98814591e-04, 2.13357136e-02,
       4.02381847e-04, 9.99772310e-01 ]
