%YAML:1.0
---
Q: !!opencv-matrix
   rows: 4
   cols: 4
   dt: f
   data: [ 1., 0., 0., -3.93242157e+02, 0., 1., 0., -2.24553833e+02, 0.,
       0., 0., 3.57724731e+02, 0., 0., 5.69443777e-03, 0. ]
R: !!opencv-matrix
   rows: 3
   cols: 3
   dt: d
   data: [ 9.9979850553566618e-01, 9.8796457853665906e-03,
       8.6150892591543491e-04, -9.7136560603497974e-03,
       1.0002863870682150e+00, 1.0698419235699262e-03,
       -8.2961159512356714e-04, -9.8333274828516006e-05,
       1.0001305813794057e+00 ]
T: !!opencv-matrix
   rows: 3
   cols: 1
   dt: d
   data: [ -1.7581246943955176e+02, -1.6286187489912953e+00,
       3.5064779658336049e+00 ]
E: !!opencv-matrix
   rows: 0
   cols: 0
   dt: u
   data: []
F: !!opencv-matrix
   rows: 0
   cols: 0
   dt: u
   data: []
K1: !!opencv-matrix
   rows: 3
   cols: 3
   dt: d
   data: [ 3.6619442195486482e+02, 0., 3.7800900657017900e+02, 0.,
       3.6631176586975289e+02, 2.2959692910978347e+02, 0., 0., 1. ]
D1: !!opencv-matrix
   rows: 5
   cols: 1
   dt: d
   data: [ -2.1502618721754269e-02, -1.2951184946942121e-03,
       -3.4127852927748451e-04, 2.7086966768530415e-04,
       4.7803342796299170e-04 ]
P1: !!opencv-matrix
   rows: 3
   cols: 4
   dt: f
   data: [ 3.57724731e+02, 0., 3.93242157e+02, 0., 0., 3.57724731e+02,
       2.24553833e+02, 0., 0., 0., 1., 0. ]
R1: !!opencv-matrix
   rows: 3
   cols: 3
   dt: f
   data: [ 9.99619663e-01, 1.85918026e-02, -2.03687884e-02,
       -1.85863636e-02, 9.99827147e-01, 4.56382870e-04, 2.03737523e-02,
       -7.76275992e-05, 9.99792457e-01 ]
K2: !!opencv-matrix
   rows: 3
   cols: 3
   dt: d
   data: [ 3.6684495620748953e+02, 0., 3.7586764757372902e+02, 0.,
       3.6714722400637692e+02, 2.2165240635390552e+02, 0., 0., 1. ]
D2: !!opencv-matrix
   rows: 5
   cols: 1
   dt: d
   data: [ -2.2125888778928394e-02, -1.1613594850445373e-03,
       2.4824541603873712e-04, -1.2117770058109102e-04,
       4.8874862320422683e-04 ]
P2: !!opencv-matrix
   rows: 3
   cols: 4
   dt: f
   data: [ 3.57724731e+02, 0., 3.93242157e+02, -6.28200234e+04, 0.,
       3.57724731e+02, 2.24553833e+02, 0., 0., 0., 1., 0. ]
R2: !!opencv-matrix
   rows: 3
   cols: 3
   dt: f
   data: [ 9.99737024e-01, 8.80731549e-03, -2.11723484e-02,
       -8.81296955e-03, 9.99961138e-01, -1.73740278e-04, 2.11699959e-02,
       3.60285863e-04, 9.99775827e-01 ]
