%YAML:1.0
---
Q: !!opencv-matrix
   rows: 4
   cols: 4
   dt: f
   data: [ 1., 0., 0., -4.04119751e+02, 0., 1., 0., -2.24408234e+02, 0.,
       0., 0., 3.58118622e+02, 0., 0., 5.60240261e-03, 0. ]
R: !!opencv-matrix
   rows: 3
   cols: 3
   dt: d
   data: [ 9.9997444921644996e-01, 1.0073419732235077e-02,
       5.4651128251628832e-04, -9.8373979814180643e-03,
       1.0009296918650590e+00, 1.1722303090404382e-03,
       -4.3652074002641528e-04, -3.4121777838861094e-04,
       9.9989316376524640e-01 ]
T: !!opencv-matrix
   rows: 3
   cols: 1
   dt: d
   data: [ -1.7831080707126964e+02, -2.1119996866566435e+00,
       6.9192794147063132e+00 ]
E: !!opencv-matrix
   rows: 0
   cols: 0
   dt: u
   data: []
F: !!opencv-matrix
   rows: 0
   cols: 0
   dt: u
   data: []
K1: !!opencv-matrix
   rows: 3
   cols: 3
   dt: d
   data: [ 3.6619442195486482e+02, 0., 3.7800900657017900e+02, 0.,
       3.6631176586975289e+02, 2.2959692910978347e+02, 0., 0., 1. ]
D1: !!opencv-matrix
   rows: 5
   cols: 1
   dt: d
   data: [ -2.1502618721754269e-02, -1.2951184946942121e-03,
       -3.4127852927748451e-04, 2.7086966768530415e-04,
       4.7803342796299170e-04 ]
P1: !!opencv-matrix
   rows: 3
   cols: 4
   dt: f
   data: [ 3.58118622e+02, 0., 4.04119751e+02, 0., 0., 3.58118622e+02,
       2.24408234e+02, 0., 0., 0., 1., 0. ]
R1: !!opencv-matrix
   rows: 3
   cols: 3
   dt: f
   data: [ 9.99206424e-01, 2.00846549e-02, -3.43972109e-02,
       -2.00766325e-02, 9.99798298e-01, 5.78649342e-04, 3.44018936e-02,
       1.12389993e-04, 9.99408066e-01 ]
K2: !!opencv-matrix
   rows: 3
   cols: 3
   dt: d
   data: [ 3.6684495620748953e+02, 0., 3.7586764757372902e+02, 0.,
       3.6714722400637692e+02, 2.2165240635390552e+02, 0., 0., 1. ]
D2: !!opencv-matrix
   rows: 5
   cols: 1
   dt: d
   data: [ -2.2125888778928394e-02, -1.1613594850445373e-03,
       2.4824541603873712e-04, -1.2117770058109102e-04,
       4.8874862320422683e-04 ]
P2: !!opencv-matrix
   rows: 3
   cols: 4
   dt: f
   data: [ 3.58118622e+02, 0., 4.04119751e+02, -6.39223281e+04, 0.,
       3.58118622e+02, 2.24408234e+02, 0., 0., 0., 1., 0. ]
R2: !!opencv-matrix
   rows: 3
   cols: 3
   dt: f
   data: [ 9.99338388e-01, 1.00991949e-02, -3.49389836e-02,
       -1.01073431e-02, 9.99948919e-01, -5.65859373e-05, 3.49366292e-02,
       4.09688801e-04, 9.99389470e-01 ]
