%YAML:1.0
---
Q: !!opencv-matrix
   rows: 4
   cols: 4
   dt: f
   data: [ 1., 0., 0., -3.80734680e+02, 0., 1., 0., -2.24683640e+02, 0.,
       0., 0., 3.55701111e+02, 0., 0., 5.52225020e-03, 0. ]
R: !!opencv-matrix
   rows: 3
   cols: 3
   dt: d
   data: [ 9.9982075512762758e-01, 9.9918648292504804e-03,
       1.3962148060900920e-03, -9.9130969643504863e-03,
       9.9994659980137701e-01, 7.0338073869962890e-04,
       -1.5895984711557433e-03, -8.6182691193607244e-04,
       1.0000948681375774e+00 ]
T: !!opencv-matrix
   rows: 3
   cols: 1
   dt: d
   data: [ -1.8134100908393916e+02, -1.5150384771929883e+00,
       1.4884749975497937e+00 ]
E: !!opencv-matrix
   rows: 0
   cols: 0
   dt: u
   data: []
F: !!opencv-matrix
   rows: 0
   cols: 0
   dt: u
   data: []
K1: !!opencv-matrix
   rows: 3
   cols: 3
   dt: d
   data: [ 3.6619442195486482e+02, 0., 3.7800900657017900e+02, 0.,
       3.6631176586975289e+02, 2.2959692910978347e+02, 0., 0., 1. ]
D1: !!opencv-matrix
   rows: 5
   cols: 1
   dt: d
   data: [ -2.1502618721754269e-02, -1.2951184946942121e-03,
       -3.4127852927748451e-04, 2.7086966768530415e-04,
       4.7803342796299170e-04 ]
P1: !!opencv-matrix
   rows: 3
   cols: 4
   dt: f
   data: [ 3.55701111e+02, 0., 3.80734680e+02, 0., 0., 3.55701111e+02,
       2.24683640e+02, 0., 0., 0., 1., 0. ]
R1: !!opencv-matrix
   rows: 3
   cols: 3
   dt: f
   data: [ 9.99840558e-01, 1.73987951e-02, -4.01454419e-03,
       -1.73972845e-02, 9.99848545e-01, 4.10609791e-04, 4.02108021e-03,
       -3.40702129e-04, 9.99991834e-01 ]
K2: !!opencv-matrix
   rows: 3
   cols: 3
   dt: d
   data: [ 3.6684495620748953e+02, 0., 3.7586764757372902e+02, 0.,
       3.6714722400637692e+02, 2.2165240635390552e+02, 0., 0., 1. ]
D2: !!opencv-matrix
   rows: 5
   cols: 1
   dt: d
   data: [ -2.2125888778928394e-02, -1.1613594850445373e-03,
       2.4824541603873712e-04, -1.2117770058109102e-04,
       4.8874862320422683e-04 ]
P2: !!opencv-matrix
   rows: 3
   cols: 4
   dt: f
   data: [ 3.55701111e+02, 0., 3.80734680e+02, -6.44123477e+04, 0.,
       3.55701111e+02, 2.24683640e+02, 0., 0., 0., 1., 0. ]
R2: !!opencv-matrix
   rows: 3
   cols: 3
   dt: f
   data: [ 9.99957263e-01, 7.44985696e-03, -5.47522539e-03,
       -7.45191332e-03, 9.99972165e-01, -3.55274067e-04, 5.47242630e-03,
       3.96059768e-04, 9.99984920e-01 ]
