%YAML:1.0
---
Q: !!opencv-matrix
   rows: 4
   cols: 4
   dt: f
   data: [ 1., 0., 0., -3.86598816e+02, 0., 1., 0., -2.24553528e+02, 0.,
       0., 0., 3.57998352e+02, 0., 0., 5.49399341e-03, 0. ]
R: !!opencv-matrix
   rows: 3
   cols: 3
   dt: d
   data: [ 9.9984750437608427e-01, 1.0057265310888032e-02,
       1.3939393646254957e-03, -9.9438889877071432e-03,
       1.0001550749941590e+00, 1.1105718562541946e-03,
       -1.3578198640765179e-03, 6.0177490709299146e-05,
       1.0000904748802806e+00 ]
T: !!opencv-matrix
   rows: 3
   cols: 1
   dt: d
   data: [ -1.8244137410581729e+02, -2.4611142304793843e+00,
       1.3845651557121941e+00 ]
E: !!opencv-matrix
   rows: 0
   cols: 0
   dt: u
   data: []
F: !!opencv-matrix
   rows: 0
   cols: 0
   dt: u
   data: []
K1: !!opencv-matrix
   rows: 3
   cols: 3
   dt: d
   data: [ 3.6619442195486482e+02, 0., 3.7800900657017900e+02, 0.,
       3.6631176586975289e+02, 2.2959692910978347e+02, 0., 0., 1. ]
D1: !!opencv-matrix
   rows: 5
   cols: 1
   dt: d
   data: [ -2.1502618721754269e-02, -1.2951184946942121e-03,
       -3.4127852927748451e-04, 2.7086966768530415e-04,
       4.7803342796299170e-04 ]
P1: !!opencv-matrix
   rows: 3
   cols: 4
   dt: f
   data: [ 3.57998352e+02, 0., 3.86598816e+02, 0., 0., 3.57998352e+02,
       2.24553528e+02, 0., 0., 0., 1., 0. ]
R1: !!opencv-matrix
   rows: 3
   cols: 3
   dt: f
   data: [ 9.99559164e-01, 2.72421893e-02, -1.18040387e-02,
       -2.72382610e-02, 9.99628842e-01, 4.93444852e-04, 1.18131004e-02,
       -1.71705819e-04, 9.99930203e-01 ]
K2: !!opencv-matrix
   rows: 3
   cols: 3
   dt: d
   data: [ 3.6684495620748953e+02, 0., 3.7586764757372902e+02, 0.,
       3.6714722400637692e+02, 2.2165240635390552e+02, 0., 0., 1. ]
D2: !!opencv-matrix
   rows: 5
   cols: 1
   dt: d
   data: [ -2.2125888778928394e-02, -1.1613594850445373e-03,
       2.4824541603873712e-04, -1.2117770058109102e-04,
       4.8874862320422683e-04 ]
P2: !!opencv-matrix
   rows: 3
   cols: 4
   dt: f
   data: [ 3.57998352e+02, 0., 3.86598816e+02, -6.51617773e+04, 0.,
       3.57998352e+02, 2.24553528e+02, 0., 0., 0., 1., 0. ]
R2: !!opencv-matrix
   rows: 3
   cols: 3
   dt: f
   data: [ 9.99766111e-01, 1.72283649e-02, -1.30716544e-02,
       -1.72327124e-02, 9.99851465e-01, -2.19988229e-04, 1.30659230e-02,
       4.45196842e-04, 9.99914527e-01 ]
