%YAML:1.0
---
Q: !!opencv-matrix
   rows: 4
   cols: 4
   dt: f
   data: [ 1., 0., 0., -3.87454803e+02, 0., 1., 0., -2.24693237e+02, 0.,
       0., 0., 3.58308502e+02, 0., 0., 5.59078110e-03, 0. ]
R: !!opencv-matrix
   rows: 3
   cols: 3
   dt: d
   data: [ 1.0001779923292491e+00, 9.5959292597418838e-03,
       8.9929052837205126e-04, -9.6056341431040096e-03,
       9.9997315914954965e-01, 5.4548615136292163e-04,
       -8.2653007749757142e-04, -1.1114419923305577e-03,
       9.9990124448819373e-01 ]
T: !!opencv-matrix
   rows: 3
   cols: 1
   dt: d
   data: [ -1.7875178595274556e+02, -1.2623408445471758e-02,
       3.1240686820744097e+00 ]
E: !!opencv-matrix
   rows: 0
   cols: 0
   dt: u
   data: []
F: !!opencv-matrix
   rows: 0
   cols: 0
   dt: u
   data: []
K1: !!opencv-matrix
   rows: 3
   cols: 3
   dt: d
   data: [ 3.6619442195486482e+02, 0., 3.7800900657017900e+02, 0.,
       3.6631176586975289e+02, 2.2959692910978347e+02, 0., 0., 1. ]
D1: !!opencv-matrix
   rows: 5
   cols: 1
   dt: d
   data: [ -2.1502618721754269e-02, -1.2951184946942121e-03,
       -3.4127852927748451e-04, 2.7086966768530415e-04,
       4.7803342796299170e-04 ]
P1: !!opencv-matrix
   rows: 3
   cols: 4
   dt: f
   data: [ 3.58308502e+02, 0., 3.87454803e+02, 0., 0., 3.58308502e+02,
       2.24693237e+02, 0., 0., 0., 1., 0. ]
R1: !!opencv-matrix
   rows: 3
   cols: 3
   dt: f
   data: [ 9.99877810e-01, 9.06846859e-03, -1.27327973e-02,
       -9.06331744e-03, 9.99958813e-01, 4.62219497e-04, 1.27364649e-02,
       -3.46761633e-04, 9.99918818e-01 ]
K2: !!opencv-matrix
   rows: 3
   cols: 3
   dt: d
   data: [ 3.6684495620748953e+02, 0., 3.7586764757372902e+02, 0.,
       3.6714722400637692e+02, 2.2165240635390552e+02, 0., 0., 1. ]
D2: !!opencv-matrix
   rows: 5
   cols: 1
   dt: d
   data: [ -2.2125888778928394e-02, -1.1613594850445373e-03,
       2.4824541603873712e-04, -1.2117770058109102e-04,
       4.8874862320422683e-04 ]
P2: !!opencv-matrix
   rows: 3
   cols: 4
   dt: f
   data: [ 3.58308502e+02, 0., 3.87454803e+02, -6.40891641e+04, 0.,
       3.58308502e+02, 2.24693237e+02, 0., 0., 0., 1., 0. ]
R2: !!opencv-matrix
   rows: 3
   cols: 3
   dt: f
   data: [ 9.99906659e-01, -5.62170462e-04, -1.36519689e-02,
       5.56648069e-04, 9.99999762e-01, -4.08312218e-04, 1.36521952e-02,
       4.00674762e-04, 9.99906719e-01 ]
