%YAML:1.0
---
Q: !!opencv-matrix
   rows: 4
   cols: 4
   dt: f
   data: [ 1., 0., 0., -4.01757202e+02, 0., 1., 0., -2.24214020e+02, 0.,
       0., 0., 3.59242615e+02, 0., 0., 5.57646016e-03, 0. ]
R: !!opencv-matrix
   rows: 3
   cols: 3
   dt: d
   data: [ 9.9958926963204764e-01, 1.0114471060731305e-02,
       6.9996078998501188e-04, -9.9468036625289837e-03,
       1.0006635324434709e+00, 1.4958429316846451e-03,
       -9.0079125940356304e-04, -4.0493242902562659e-04,
       1.0002136739766767e+00 ]
T: !!opencv-matrix
   rows: 3
   cols: 1
   dt: d
   data: [ -1.7953479572208639e+02, -3.3959074585156035e+00,
       4.7574750770166787e+00 ]
E: !!opencv-matrix
   rows: 0
   cols: 0
   dt: u
   data: []
F: !!opencv-matrix
   rows: 0
   cols: 0
   dt: u
   data: []
K1: !!opencv-matrix
   rows: 3
   cols: 3
   dt: d
   data: [ 3.6619442195486482e+02, 0., 3.7800900657017900e+02, 0.,
       3.6631176586975289e+02, 2.2959692910978347e+02, 0., 0., 1. ]
D1: !!opencv-matrix
   rows: 5
   cols: 1
   dt: d
   data: [ -2.1502618721754269e-02, -1.2951184946942121e-03,
       -3.4127852927748451e-04, 2.7086966768530415e-04,
       4.7803342796299170e-04 ]
P1: !!opencv-matrix
   rows: 3
   cols: 4
   dt: f
   data: [ 3.59242615e+02, 0., 4.01757202e+02, 0., 0., 3.59242615e+02,
       2.24214020e+02, 0., 0., 0., 1., 0. ]
R1: !!opencv-matrix
   rows: 3
   cols: 3
   dt: f
   data: [ 9.98972595e-01, 3.25315669e-02, -3.15508544e-02,
       -3.25203240e-02, 9.99470711e-01, 8.69484909e-04, 3.15624401e-02,
       1.57452436e-04, 9.99501765e-01 ]
K2: !!opencv-matrix
   rows: 3
   cols: 3
   dt: d
   data: [ 3.6684495620748953e+02, 0., 3.7586764757372902e+02, 0.,
       3.6714722400637692e+02, 2.2165240635390552e+02, 0., 0., 1. ]
D2: !!opencv-matrix
   rows: 5
   cols: 1
   dt: d
   data: [ -2.2125888778928394e-02, -1.1613594850445373e-03,
       2.4824541603873712e-04, -1.2117770058109102e-04,
       4.8874862320422683e-04 ]
P2: !!opencv-matrix
   rows: 3
   cols: 4
   dt: f
   data: [ 3.59242615e+02, 0., 4.01757202e+02, -6.44212617e+04, 0.,
       3.59242615e+02, 2.24214020e+02, 0., 0., 0., 1., 0. ]
R2: !!opencv-matrix
   rows: 3
   cols: 3
   dt: f
   data: [ 9.99227881e-01, 2.24509127e-02, -3.22435275e-02,
       -2.24623960e-02, 9.99747694e-01, 6.09686549e-06, 3.22355293e-02,
       7.18174793e-04, 9.99480069e-01 ]
