%YAML:1.0
---
Q: !!opencv-matrix
   rows: 4
   cols: 4
   dt: f
   data: [ 1., 0., 0., -3.89363403e+02, 0., 1., 0., -2.24635468e+02, 0.,
       0., 0., 3.57853760e+02, 0., 0., 5.55954920e-03, 0. ]
R: !!opencv-matrix
   rows: 3
   cols: 3
   dt: d
   data: [ 1.0000829345962017e+00, 1.0036075771166313e-02,
       1.1605404559825241e-03, -9.8568742771051304e-03,
       1.0003666804494145e+00, 1.0238107935351484e-03,
       -1.0859060282929348e-03, -3.4871998755149917e-04,
       9.9981552280931341e-01 ]
T: !!opencv-matrix
   rows: 3
   cols: 1
   dt: d
   data: [ -1.8024116687257705e+02, -1.6245233446748282e+00,
       4.0727430862307230e+00 ]
E: !!opencv-matrix
   rows: 0
   cols: 0
   dt: u
   data: []
F: !!opencv-matrix
   rows: 0
   cols: 0
   dt: u
   data: []
K1: !!opencv-matrix
   rows: 3
   cols: 3
   dt: d
   data: [ 3.6619442195486482e+02, 0., 3.7800900657017900e+02, 0.,
       3.6631176586975289e+02, 2.2959692910978347e+02, 0., 0., 1. ]
D1: !!opencv-matrix
   rows: 5
   cols: 1
   dt: d
   data: [ -2.1502618721754269e-02, -1.2951184946942121e-03,
       -3.4127852927748451e-04, 2.7086966768530415e-04,
       4.7803342796299170e-04 ]
P1: !!opencv-matrix
   rows: 3
   cols: 4
   dt: f
   data: [ 3.57853760e+02, 0., 3.89363403e+02, 0., 0., 3.57853760e+02,
       2.24635468e+02, 0., 0., 0., 1., 0. ]
R1: !!opencv-matrix
   rows: 3
   cols: 3
   dt: f
   data: [ 9.99780893e-01, 1.44147826e-02, -1.51794273e-02,
       -1.44110117e-02, 9.99896109e-01, 3.57773970e-04, 1.51830073e-02,
       -1.38944670e-04, 9.99884725e-01 ]
K2: !!opencv-matrix
   rows: 3
   cols: 3
   dt: d
   data: [ 3.6684495620748953e+02, 0., 3.7586764757372902e+02, 0.,
       3.6714722400637692e+02, 2.2165240635390552e+02, 0., 0., 1. ]
D2: !!opencv-matrix
   rows: 5
   cols: 1
   dt: d
   data: [ -2.2125888778928394e-02, -1.1613594850445373e-03,
       2.4824541603873712e-04, -1.2117770058109102e-04,
       4.8874862320422683e-04 ]
P2: !!opencv-matrix
   rows: 3
   cols: 4
   dt: f
   data: [ 3.57853760e+02, 0., 3.89363403e+02, -6.43674063e+04, 0.,
       3.57853760e+02, 2.24635468e+02, 0., 0., 0., 1., 0. ]
R2: !!opencv-matrix
   rows: 3
   cols: 3
   dt: f
   data: [ 9.99857426e-01, 4.46561398e-03, -1.62834227e-02,
       -4.46965825e-03, 9.99989986e-01, -2.11988518e-04, 1.62823126e-02,
       2.84739624e-04, 9.99867380e-01 ]
