%YAML:1.0
---
Q: !!opencv-matrix
   rows: 4
   cols: 4
   dt: f
   data: [ 1., 0., 0., -3.79874817e+02, 0., 1., 0., -2.24668045e+02, 0.,
       0., 0., 3.54998230e+02, 0., 0., 5.52455615e-03, 0. ]
R: !!opencv-matrix
   rows: 3
   cols: 3
   dt: d
   data: [ 9.9954783453638341e-01, 1.0243946109707594e-02,
       1.3523669967481795e-03, -9.9865280730299395e-03,
       1.0002508291712109e+00, 9.7857656622272029e-04,
       -1.3313774045284449e-03, 5.4513031097152577e-04,
       1.0002268590906545e+00 ]
T: !!opencv-matrix
   rows: 3
   cols: 1
   dt: d
   data: [ -1.8046074805931082e+02, -2.4321474527083025e+00,
       7.8980292254728801e-01 ]
E: !!opencv-matrix
   rows: 0
   cols: 0
   dt: u
   data: []
F: !!opencv-matrix
   rows: 0
   cols: 0
   dt: u
   data: []
K1: !!opencv-matrix
   rows: 3
   cols: 3
   dt: d
   data: [ 3.6619442195486482e+02, 0., 3.7800900657017900e+02, 0.,
       3.6631176586975289e+02, 2.2959692910978347e+02, 0., 0., 1. ]
D1: !!opencv-matrix
   rows: 5
   cols: 1
   dt: d
   data: [ -2.1502618721754269e-02, -1.2951184946942121e-03,
       -3.4127852927748451e-04, 2.7086966768530415e-04,
       4.7803342796299170e-04 ]
P1: !!opencv-matrix
   rows: 3
   cols: 4
   dt: f
   data: [ 3.54998230e+02, 0., 3.79874817e+02, 0., 0., 3.54998230e+02,
       2.24668045e+02, 0., 0., 0., 1., 0. ]
R1: !!opencv-matrix
   rows: 3
   cols: 3
   dt: f
   data: [ 9.99708533e-01, 2.39503849e-02, -3.03142378e-03,
       -2.39502098e-02, 9.99713123e-01, 9.36693905e-05, 3.03279771e-03,
       -2.10388516e-05, 9.99995410e-01 ]
K2: !!opencv-matrix
   rows: 3
   cols: 3
   dt: d
   data: [ 3.6684495620748953e+02, 0., 3.7586764757372902e+02, 0.,
       3.6714722400637692e+02, 2.2165240635390552e+02, 0., 0., 1. ]
D2: !!opencv-matrix
   rows: 5
   cols: 1
   dt: d
   data: [ -2.2125888778928394e-02, -1.1613594850445373e-03,
       2.4824541603873712e-04, -1.2117770058109102e-04,
       4.8874862320422683e-04 ]
P2: !!opencv-matrix
   rows: 3
   cols: 4
   dt: f
   data: [ 3.54998230e+02, 0., 3.79874817e+02, -6.42582383e+04, 0.,
       3.54998230e+02, 2.24668045e+02, 0., 0., 0., 1., 0. ]
R2: !!opencv-matrix
   rows: 3
   cols: 3
   dt: f
   data: [ 9.99894619e-01, 1.38004869e-02, -4.50080540e-03,
       -1.38007449e-02, 9.99904752e-01, -2.63009406e-05, 4.50001378e-03,
       8.84126348e-05, 9.99989867e-01 ]
