%YAML:1.0
---
Q: !!opencv-matrix
   rows: 4
   cols: 4
   dt: f
   data: [ 1., 0., 0., -3.81339600e+02, 0., 1., 0., -2.24763107e+02, 0.,
       0., 0., 3.57301849e+02, 0., 0., 5.61345788e-03, 0. ]
R: !!opencv-matrix
   rows: 3
   cols: 3
   dt: d
   data: [ 9.9999417957290349e-01, 9.6210398779668933e-03,
       1.2087684029323705e-03, -9.5592509182078587e-03,
       9.9941564307450559e-01, 6.0098299565102139e-04,
       -1.4934622221446888e-03, -7.2005420114242555e-04,
       1.0001612476215793e+00 ]
T: !!opencv-matrix
   rows: 3
   cols: 1
   dt: d
   data: [ -1.8006210574874606e+02, 9.9285853976541483e-01,
       1.1108936319687062e+00 ]
E: !!opencv-matrix
   rows: 0
   cols: 0
   dt: u
   data: []
F: !!opencv-matrix
   rows: 0
   cols: 0
   dt: u
   data: []
K1: !!opencv-matrix
   rows: 3
   cols: 3
   dt: d
   data: [ 3.6619442195486482e+02, 0., 3.7800900657017900e+02, 0.,
       3.6631176586975289e+02, 2.2959692910978347e+02, 0., 0., 1. ]
D1: !!opencv-matrix
   rows: 5
   cols: 1
   dt: d
   data: [ -2.1502618721754269e-02, -1.2951184946942121e-03,
       -3.4127852927748451e-04, 2.7086966768530415e-04,
       4.7803342796299170e-04 ]
P1: !!opencv-matrix
   rows: 3
   cols: 4
   dt: f
   data: [ 3.57301849e+02, 0., 3.81339600e+02, 0., 0., 3.57301849e+02,
       2.24763107e+02, 0., 0., 0., 1., 0. ]
R1: !!opencv-matrix
   rows: 3
   cols: 3
   dt: f
   data: [ 9.99986947e-01, -2.00774241e-03, -4.69347835e-03,
       2.01035617e-03, 9.99997854e-01, 5.52243844e-04, 4.69235936e-03,
       -5.61672263e-04, 9.99988854e-01 ]
K2: !!opencv-matrix
   rows: 3
   cols: 3
   dt: d
   data: [ 3.6684495620748953e+02, 0., 3.7586764757372902e+02, 0.,
       3.6714722400637692e+02, 2.2165240635390552e+02, 0., 0., 1. ]
D2: !!opencv-matrix
   rows: 5
   cols: 1
   dt: d
   data: [ -2.2125888778928394e-02, -1.1613594850445373e-03,
       2.4824541603873712e-04, -1.2117770058109102e-04,
       4.8874862320422683e-04 ]
P2: !!opencv-matrix
   rows: 3
   cols: 4
   dt: f
   data: [ 3.57301849e+02, 0., 3.81339600e+02, -6.36509375e+04, 0.,
       3.57301849e+02, 2.24763107e+02, 0., 0., 0., 1., 0. ]
R2: !!opencv-matrix
   rows: 3
   cols: 3
   dt: f
   data: [ 9.99919355e-01, -1.13887582e-02, -5.62384445e-03,
       1.13856243e-02, 9.99935031e-01, -5.88987896e-04, 5.63018676e-03,
       5.24909410e-04, 9.99984026e-01 ]
