%YAML:1.0
---
Q: !!opencv-matrix
   rows: 4
   cols: 4
   dt: f
   data: [ 1., 0., 0., -3.91720367e+02, 0., 1., 0., -2.24604553e+02, 0.,
       0., 0., 3.57735046e+02, 0., 0., 5.67100476e-03, 0. ]
R: !!opencv-matrix
   rows: 3
   cols: 3
   dt: d
   data: [ 9.9979950724278044e-01, 9.7296212958513616e-03,
       6.7082346125950615e-04, -9.8267953973929234e-03,
       1.0001795329039225e+00, 8.1337800166318588e-04,
       -8.4069483605450353e-04, -7.6880780887946215e-04,
       1.0001593103845894e+00 ]
T: !!opencv-matrix
   rows: 3
   cols: 1
   dt: d
   data: [ -1.7625697248723270e+02, -1.2696865236188584e+00,
       3.5674170420642537e+00 ]
E: !!opencv-matrix
   rows: 0
   cols: 0
   dt: u
   data: []
F: !!opencv-matrix
   rows: 0
   cols: 0
   dt: u
   data: []
K1: !!opencv-matrix
   rows: 3
   cols: 3
   dt: d
   data: [ 3.6619442195486482e+02, 0., 3.7800900657017900e+02, 0.,
       3.6631176586975289e+02, 2.2959692910978347e+02, 0., 0., 1. ]
D1: !!opencv-matrix
   rows: 5
   cols: 1
   dt: d
   data: [ -2.1502618721754269e-02, -1.2951184946942121e-03,
       -3.4127852927748451e-04, 2.7086966768530415e-04,
       4.7803342796299170e-04 ]
P1: !!opencv-matrix
   rows: 3
   cols: 4
   dt: f
   data: [ 3.57735046e+02, 0., 3.91720367e+02, 0., 0., 3.57735046e+02,
       2.24604553e+02, 0., 0., 0., 1., 0. ]
R1: !!opencv-matrix
   rows: 3
   cols: 3
   dt: f
   data: [ 9.99710798e-01, 1.55041302e-02, -1.83842015e-02,
       -1.54990945e-02, 9.99879777e-01, 4.16364754e-04, 1.83884464e-02,
       -1.31305875e-04, 9.99830902e-01 ]
K2: !!opencv-matrix
   rows: 3
   cols: 3
   dt: d
   data: [ 3.6684495620748953e+02, 0., 3.7586764757372902e+02, 0.,
       3.6714722400637692e+02, 2.2165240635390552e+02, 0., 0., 1. ]
D2: !!opencv-matrix
   rows: 5
   cols: 1
   dt: d
   data: [ -2.2125888778928394e-02, -1.1613594850445373e-03,
       2.4824541603873712e-04, -1.2117770058109102e-04,
       4.8874862320422683e-04 ]
P2: !!opencv-matrix
   rows: 3
   cols: 4
   dt: f
   data: [ 3.57735046e+02, 0., 3.91720367e+02, -6.30814219e+04, 0.,
       3.57735046e+02, 2.24604553e+02, 0., 0., 0., 1., 0. ]
R2: !!opencv-matrix
   rows: 3
   cols: 3
   dt: f
   data: [ 9.99800324e-01, 5.71085745e-03, -1.91500224e-02,
       -5.71610173e-03, 9.99983668e-01, -2.19131587e-04, 1.91484559e-02,
       3.28551308e-04, 9.99816597e-01 ]
