%YAML:1.0
---
Q: !!opencv-matrix
   rows: 4
   cols: 4
   dt: f
   data: [ 1., 0., 0., -4.10900818e+02, 0., 1., 0., -2.24185226e+02, 0.,
       0., 0., 3.58795868e+02, 0., 0., 5.61317615e-03, 0. ]
R: !!opencv-matrix
   rows: 3
   cols: 3
   dt: d
   data: [ 9.9967438751360360e-01, 9.9165021929899875e-03,
       4.5092668195805430e-04, -9.9274508392438107e-03,
       1.0009350688372896e+00, 1.1634387670937595e-03,
       -5.6795769636251660e-04, -8.5825572616689998e-04,
       1.0001260980660533e+00 ]
T: !!opencv-matrix
   rows: 3
   cols: 1
   dt: d
   data: [ -1.7778390003949164e+02, -2.0885255971297769e+00,
       6.4124617177383092e+00 ]
E: !!opencv-matrix
   rows: 0
   cols: 0
   dt: u
   data: []
F: !!opencv-matrix
   rows: 0
   cols: 0
   dt: u
   data: []
K1: !!opencv-matrix
   rows: 3
   cols: 3
   dt: d
   data: [ 3.6619442195486482e+02, 0., 3.7800900657017900e+02, 0.,
       3.6631176586975289e+02, 2.2959692910978347e+02, 0., 0., 1. ]
D1: !!opencv-matrix
   rows: 5
   cols: 1
   dt: d
   data: [ -2.1502618721754269e-02, -1.2951184946942121e-03,
       -3.4127852927748451e-04, 2.7086966768530415e-04,
       4.7803342796299170e-04 ]
P1: !!opencv-matrix
   rows: 3
   cols: 4
   dt: f
   data: [ 3.58795868e+02, 0., 4.10900818e+02, 0., 0., 3.58795868e+02,
       2.24185226e+02, 0., 0., 0., 1., 0. ]
R1: !!opencv-matrix
   rows: 3
   cols: 3
   dt: f
   data: [ 9.98734236e-01, 2.58656424e-02, -4.31382395e-02,
       -2.58486904e-02, 9.99665439e-01, 9.50826681e-04, 4.31483984e-02,
       1.65443824e-04, 9.99068677e-01 ]
K2: !!opencv-matrix
   rows: 3
   cols: 3
   dt: d
   data: [ 3.6684495620748953e+02, 0., 3.7586764757372902e+02, 0.,
       3.6714722400637692e+02, 2.2165240635390552e+02, 0., 0., 1. ]
D2: !!opencv-matrix
   rows: 5
   cols: 1
   dt: d
   data: [ -2.2125888778928394e-02, -1.1613594850445373e-03,
       2.4824541603873712e-04, -1.2117770058109102e-04,
       4.8874862320422683e-04 ]
P2: !!opencv-matrix
   rows: 3
   cols: 4
   dt: f
   data: [ 3.58795868e+02, 0., 4.10900818e+02, -6.39202930e+04, 0.,
       3.58795868e+02, 2.24185226e+02, 0., 0., 0., 1., 0. ]
R2: !!opencv-matrix
   rows: 3
   cols: 3
   dt: f
   data: [ 9.98921216e-01, 1.58517249e-02, -4.36472520e-02,
       -1.58688724e-02, 9.99874055e-01, -4.64184814e-05, 4.36410196e-02,
       7.39001087e-04, 9.99046981e-01 ]
