%YAML:1.0
---
Q: !!opencv-matrix
   rows: 4
   cols: 4
   dt: f
   data: [ 1., 0., 0., -4.02484619e+02, 0., 1., 0., -2.24575394e+02, 0.,
       0., 0., 3.57382599e+02, 0., 0., 5.64036425e-03, 0. ]
R: !!opencv-matrix
   rows: 3
   cols: 3
   dt: d
   data: [ 1.0002285477154897e+00, 9.7601840253623302e-03,
       8.7859635699977733e-04, -9.7637721748362327e-03,
       1.0005429434561317e+00, 4.6416427492542599e-04,
       -7.0055285042984851e-04, -7.2788798510559939e-04,
       9.9974577175621093e-01 ]
T: !!opencv-matrix
   rows: 3
   cols: 1
   dt: d
   data: [ -1.7663721285061587e+02, -8.6103361525125779e-02,
       6.1699107950422682e+00 ]
E: !!opencv-matrix
   rows: 0
   cols: 0
   dt: u
   data: []
F: !!opencv-matrix
   rows: 0
   cols: 0
   dt: u
   data: []
K1: !!opencv-matrix
   rows: 3
   cols: 3
   dt: d
   data: [ 3.6619442195486482e+02, 0., 3.7800900657017900e+02, 0.,
       3.6631176586975289e+02, 2.2959692910978347e+02, 0., 0., 1. ]
D1: !!opencv-matrix
   rows: 5
   cols: 1
   dt: d
   data: [ -2.1502618721754269e-02, -1.2951184946942121e-03,
       -3.4127852927748451e-04, 2.7086966768530415e-04,
       4.7803342796299170e-04 ]
P1: !!opencv-matrix
   rows: 3
   cols: 4
   dt: f
   data: [ 3.57382599e+02, 0., 4.02484619e+02, 0., 0., 3.57382599e+02,
       2.24575394e+02, 0., 0., 0., 1., 0. ]
R1: !!opencv-matrix
   rows: 3
   cols: 3
   dt: f
   data: [ 9.99416232e-01, 1.20368022e-02, -3.19730453e-02,
       -1.20311491e-02, 9.99927580e-01, 3.69195797e-04, 3.19751725e-02,
       1.56921997e-05, 9.99488652e-01 ]
K2: !!opencv-matrix
   rows: 3
   cols: 3
   dt: d
   data: [ 3.6684495620748953e+02, 0., 3.7586764757372902e+02, 0.,
       3.6714722400637692e+02, 2.2165240635390552e+02, 0., 0., 1. ]
D2: !!opencv-matrix
   rows: 5
   cols: 1
   dt: d
   data: [ -2.2125888778928394e-02, -1.1613594850445373e-03,
       2.4824541603873712e-04, -1.2117770058109102e-04,
       4.8874862320422683e-04 ]
P2: !!opencv-matrix
   rows: 3
   cols: 4
   dt: f
   data: [ 3.57382599e+02, 0., 4.02484619e+02, -6.33616172e+04, 0.,
       3.57382599e+02, 2.24575394e+02, 0., 0., 0., 1., 0. ]
R2: !!opencv-matrix
   rows: 3
   cols: 3
   dt: f
   data: [ 9.99456286e-01, 2.19592848e-03, -3.28982584e-02,
       -2.20174482e-03, 9.99997556e-01, -1.40574994e-04, 3.28978710e-02,
       2.12932136e-04, 9.99458671e-01 ]
