%YAML:1.0
---
Q: !!opencv-matrix
   rows: 4
   cols: 4
   dt: f
   data: [ 1., 0., 0., -3.80855713e+02, 0., 1., 0., -2.24710022e+02, 0.,
       0., 0., 3.56685547e+02, 0., 0., 5.67538710e-03, 0. ]
R: !!opencv-matrix
   rows: 3
   cols: 3
   dt: d
   data: [ 9.9901393219384693e-01, 9.5451116389243442e-03,
       4.7018350336586992e-04, -9.8113363849979245e-03,
       9.9999013257959268e-01, 2.8323503819995764e-04,
       -1.0317680909317417e-03, -1.2660618530098322e-03,
       1.0008086476453479e+00 ]
T: !!opencv-matrix
   rows: 3
   cols: 1
   dt: d
   data: [ -1.7610462447641979e+02, 1.4904325506388729e-02,
       6.0192171746244560e-01 ]
E: !!opencv-matrix
   rows: 0
   cols: 0
   dt: u
   data: []
F: !!opencv-matrix
   rows: 0
   cols: 0
   dt: u
   data: []
K1: !!opencv-matrix
   rows: 3
   cols: 3
   dt: d
   data: [ 3.6619442195486482e+02, 0., 3.7800900657017900e+02, 0.,
       3.6631176586975289e+02, 2.2959692910978347e+02, 0., 0., 1. ]
D1: !!opencv-matrix
   rows: 5
   cols: 1
   dt: d
   data: [ -2.1502618721754269e-02, -1.2951184946942121e-03,
       -3.4127852927748451e-04, 2.7086966768530415e-04,
       4.7803342796299170e-04 ]
P1: !!opencv-matrix
   rows: 3
   cols: 4
   dt: f
   data: [ 3.56685547e+02, 0., 3.80855713e+02, 0., 0., 3.56685547e+02,
       2.24710022e+02, 0., 0., 0., 1., 0. ]
R1: !!opencv-matrix
   rows: 3
   cols: 3
   dt: f
   data: [ 9.99935150e-01, 1.05066337e-02, -4.39414475e-03,
       -1.05050467e-02, 9.99944746e-01, 3.84081039e-04, 4.39793710e-03,
       -3.37895442e-04, 9.99990284e-01 ]
K2: !!opencv-matrix
   rows: 3
   cols: 3
   dt: d
   data: [ 3.6684495620748953e+02, 0., 3.7586764757372902e+02, 0.,
       3.6714722400637692e+02, 2.2165240635390552e+02, 0., 0., 1. ]
D2: !!opencv-matrix
   rows: 5
   cols: 1
   dt: d
   data: [ -2.2125888778928394e-02, -1.1613594850445373e-03,
       2.4824541603873712e-04, -1.2117770058109102e-04,
       4.8874862320422683e-04 ]
P2: !!opencv-matrix
   rows: 3
   cols: 4
   dt: f
   data: [ 3.56685547e+02, 0., 3.80855713e+02, -6.28477891e+04, 0.,
       3.56685547e+02, 2.24710022e+02, 0., 0., 0., 1., 0. ]
R2: !!opencv-matrix
   rows: 3
   cols: 3
   dt: f
   data: [ 9.99986410e-01, 7.83941476e-04, -5.14948089e-03,
       -7.85800337e-04, 9.99999642e-01, -3.58972058e-04, 5.14919730e-03,
       3.63013649e-04, 9.99986649e-01 ]
