%YAML:1.0
---
Q: !!opencv-matrix
   rows: 4
   cols: 4
   dt: f
   data: [ 1., 0., 0., -4.01480835e+02, 0., 1., 0., -2.24400787e+02, 0.,
       0., 0., 3.58218140e+02, 0., 0., 5.65876300e-03, 0. ]
R: !!opencv-matrix
   rows: 3
   cols: 3
   dt: d
   data: [ 9.9981375201061207e-01, 9.9173333887081928e-03,
       4.4610958467748902e-04, -9.9809846764295530e-03,
       1.0011202008183873e+00, 1.5146195218272043e-03,
       -3.9898759550399421e-04, -9.1032494472850691e-04,
       9.9991421342687825e-01 ]
T: !!opencv-matrix
   rows: 3
   cols: 1
   dt: d
   data: [ -1.7690646369725320e+02, -2.9285117722592129e+00,
       7.9471245106742634e+00 ]
E: !!opencv-matrix
   rows: 0
   cols: 0
   dt: u
   data: []
F: !!opencv-matrix
   rows: 0
   cols: 0
   dt: u
   data: []
K1: !!opencv-matrix
   rows: 3
   cols: 3
   dt: d
   data: [ 3.6619442195486482e+02, 0., 3.7800900657017900e+02, 0.,
       3.6631176586975289e+02, 2.2959692910978347e+02, 0., 0., 1. ]
D1: !!opencv-matrix
   rows: 5
   cols: 1
   dt: d
   data: [ -2.1502618721754269e-02, -1.2951184946942121e-03,
       -3.4127852927748451e-04, 2.7086966768530415e-04,
       4.7803342796299170e-04 ]
P1: !!opencv-matrix
   rows: 3
   cols: 4
   dt: f
   data: [ 3.58218140e+02, 0., 4.01480835e+02, 0., 0., 3.58218140e+02,
       2.24400787e+02, 0., 0., 0., 1., 0. ]
R1: !!opencv-matrix
   rows: 3
   cols: 3
   dt: f
   data: [ 9.99268889e-01, 2.22461652e-02, -3.10932714e-02,
       -2.22300142e-02, 9.99752522e-01, 8.65055947e-04, 3.11048198e-02,
       -1.73219611e-04, 9.99516129e-01 ]
K2: !!opencv-matrix
   rows: 3
   cols: 3
   dt: d
   data: [ 3.6684495620748953e+02, 0., 3.7586764757372902e+02, 0.,
       3.6714722400637692e+02, 2.2165240635390552e+02, 0., 0., 1. ]
D2: !!opencv-matrix
   rows: 5
   cols: 1
   dt: d
   data: [ -2.2125888778928394e-02, -1.1613594850445373e-03,
       2.4824541603873712e-04, -1.2117770058109102e-04,
       4.8874862320422683e-04 ]
P2: !!opencv-matrix
   rows: 3
   cols: 4
   dt: f
   data: [ 3.58218140e+02, 0., 4.01480835e+02, -6.33032617e+04, 0.,
       3.58218140e+02, 2.24400787e+02, 0., 0., 0., 1., 0. ]
R2: !!opencv-matrix
   rows: 3
   cols: 3
   dt: f
   data: [ 9.99423802e-01, 1.23717692e-02, -3.16074789e-02,
       -1.23881809e-02, 9.99923229e-01, -3.23471468e-04, 3.16010490e-02,
       7.14844267e-04, 9.99500334e-01 ]
