%YAML:1.0
---
Q: !!opencv-matrix
   rows: 4
   cols: 4
   dt: f
   data: [ 1., 0., 0., -3.86215332e+02, 0., 1., 0., -2.24553116e+02, 0.,
       0., 0., 3.57852203e+02, 0., 0., 5.53019112e-03, 0. ]
R: !!opencv-matrix
   rows: 3
   cols: 3
   dt: d
   data: [ 9.9934373384802577e-01, 1.0317383233094073e-02,
       1.4057667910870751e-03, -9.9835287458581723e-03,
       1.0002886387181422e+00, 1.0946516709156612e-03,
       -1.5372626900868303e-03, 7.9826398007708298e-04,
       1.0003494006870861e+00 ]
T: !!opencv-matrix
   rows: 3
   cols: 1
   dt: d
   data: [ -1.8099094903432007e+02, -2.4980263633714781e+00,
       8.1469086975445737e-01 ]
E: !!opencv-matrix
   rows: 0
   cols: 0
   dt: u
   data: []
F: !!opencv-matrix
   rows: 0
   cols: 0
   dt: u
   data: []
K1: !!opencv-matrix
   rows: 3
   cols: 3
   dt: d
   data: [ 3.6619442195486482e+02, 0., 3.7800900657017900e+02, 0.,
       3.6631176586975289e+02, 2.2959692910978347e+02, 0., 0., 1. ]
D1: !!opencv-matrix
   rows: 5
   cols: 1
   dt: d
   data: [ -2.1502618721754269e-02, -1.2951184946942121e-03,
       -3.4127852927748451e-04, 2.7086966768530415e-04,
       4.7803342796299170e-04 ]
P1: !!opencv-matrix
   rows: 3
   cols: 4
   dt: f
   data: [ 3.57852203e+02, 0., 3.86215332e+02, 0., 0., 3.57852203e+02,
       2.24553116e+02, 0., 0., 0., 1., 0. ]
R1: !!opencv-matrix
   rows: 3
   cols: 3
   dt: f
   data: [ 9.99540091e-01, 2.81503126e-02, -1.12743033e-02,
       -2.81491037e-02, 9.99603689e-01, 2.65980227e-04, 1.12773227e-02,
       5.15036227e-05, 9.99936402e-01 ]
K2: !!opencv-matrix
   rows: 3
   cols: 3
   dt: d
   data: [ 3.6684495620748953e+02, 0., 3.7586764757372902e+02, 0.,
       3.6714722400637692e+02, 2.2165240635390552e+02, 0., 0., 1. ]
D2: !!opencv-matrix
   rows: 5
   cols: 1
   dt: d
   data: [ -2.2125888778928394e-02, -1.1613594850445373e-03,
       2.4824541603873712e-04, -1.2117770058109102e-04,
       4.8874862320422683e-04 ]
P2: !!opencv-matrix
   rows: 3
   cols: 4
   dt: f
   data: [ 3.57852203e+02, 0., 3.86215332e+02, -6.47088320e+04, 0.,
       3.57852203e+02, 2.24553116e+02, 0., 0., 0., 1., 0. ]
R2: !!opencv-matrix
   rows: 3
   cols: 3
   dt: f
   data: [ 9.99758363e-01, 1.79756489e-02, -1.26514565e-02,
       -1.79770067e-02, 9.99838412e-01, 6.47427487e-06, 1.26495278e-02,
       2.20962596e-04, 9.99919951e-01 ]
