%YAML:1.0
---
Q: !!opencv-matrix
   rows: 4
   cols: 4
   dt: f
   data: [ 1., 0., 0., -3.98229492e+02, 0., 1., 0., -2.24396912e+02, 0.,
       0., 0., 3.58338654e+02, 0., 0., 5.64471958e-03, 0. ]
R: !!opencv-matrix
   rows: 3
   cols: 3
   dt: d
   data: [ 9.9870289266109546e-01, 9.9985280903148125e-03,
       1.2673261486978048e-03, -9.9297998054894802e-03,
       9.9952979725551538e-01, 6.9715730627900780e-04,
       -1.6107197674778459e-03, -1.6359319264444805e-04,
       1.0011012853074241e+00 ]
T: !!opencv-matrix
   rows: 3
   cols: 1
   dt: d
   data: [ -1.7716891264517969e+02, -1.2999770143087739e+00,
       -2.6342105929100956e+00 ]
E: !!opencv-matrix
   rows: 0
   cols: 0
   dt: u
   data: []
F: !!opencv-matrix
   rows: 0
   cols: 0
   dt: u
   data: []
K1: !!opencv-matrix
   rows: 3
   cols: 3
   dt: d
   data: [ 3.6619442195486482e+02, 0., 3.7800900657017900e+02, 0.,
       3.6631176586975289e+02, 2.2959692910978347e+02, 0., 0., 1. ]
D1: !!opencv-matrix
   rows: 5
   cols: 1
   dt: d
   data: [ -2.1502618721754269e-02, -1.2951184946942121e-03,
       -3.4127852927748451e-04, 2.7086966768530415e-04,
       4.7803342796299170e-04 ]
P1: !!opencv-matrix
   rows: 3
   cols: 4
   dt: f
   data: [ 3.58338654e+02, 0., 3.98229492e+02, 0., 0., 3.58338654e+02,
       2.24396912e+02, 0., 0., 0., 1., 0. ]
R1: !!opencv-matrix
   rows: 3
   cols: 3
   dt: f
   data: [ 9.99321997e-01, 2.53687669e-02, -2.66831089e-02,
       -2.53617838e-02, 9.99678135e-01, 6.00106374e-04, 2.66897436e-02,
       7.70317492e-05, 9.99643743e-01 ]
K2: !!opencv-matrix
   rows: 3
   cols: 3
   dt: d
   data: [ 3.6684495620748953e+02, 0., 3.7586764757372902e+02, 0.,
       3.6714722400637692e+02, 2.2165240635390552e+02, 0., 0., 1. ]
D2: !!opencv-matrix
   rows: 5
   cols: 1
   dt: d
   data: [ -2.2125888778928394e-02, -1.1613594850445373e-03,
       2.4824541603873712e-04, -1.2117770058109102e-04,
       4.8874862320422683e-04 ]
P2: !!opencv-matrix
   rows: 3
   cols: 4
   dt: f
   data: [ 3.58338654e+02, 0., 3.98229492e+02, -6.34821055e+04, 0.,
       3.58338654e+02, 2.24396912e+02, 0., 0., 0., 1., 0. ]
R2: !!opencv-matrix
   rows: 3
   cols: 3
   dt: f
   data: [ 9.99494016e-01, 1.53713422e-02, -2.78455820e-02,
       -1.53786270e-02, 9.99881744e-01, -4.74471526e-05, 2.78415605e-02,
       4.75649955e-04, 9.99612212e-01 ]
