%YAML:1.0
---
Q: !!opencv-matrix
   rows: 4
   cols: 4
   dt: f
   data: [ 1., 0., 0., -4.11880859e+02, 0., 1., 0., -2.24152405e+02, 0.,
       0., 0., 3.58883698e+02, 0., 0., 5.64623764e-03, 0. ]
R: !!opencv-matrix
   rows: 3
   cols: 3
   dt: d
   data: [ 9.9940650310605061e-01, 9.8980124621187906e-03,
       4.8050175719801039e-04, -9.9152318013116733e-03,
       1.0005890515324378e+00, 1.3240041310692940e-03,
       -6.6446623397335724e-04, -8.2194345214827498e-04,
       1.0003577222205193e+00 ]
T: !!opencv-matrix
   rows: 3
   cols: 1
   dt: d
   data: [ -1.7699480611210973e+02, -2.2951976680790787e+00,
       4.9947846107616014e+00 ]
E: !!opencv-matrix
   rows: 0
   cols: 0
   dt: u
   data: []
F: !!opencv-matrix
   rows: 0
   cols: 0
   dt: u
   data: []
K1: !!opencv-matrix
   rows: 3
   cols: 3
   dt: d
   data: [ 3.6619442195486482e+02, 0., 3.7800900657017900e+02, 0.,
       3.6631176586975289e+02, 2.2959692910978347e+02, 0., 0., 1. ]
D1: !!opencv-matrix
   rows: 5
   cols: 1
   dt: d
   data: [ -2.1502618721754269e-02, -1.2951184946942121e-03,
       -3.4127852927748451e-04, 2.7086966768530415e-04,
       4.7803342796299170e-04 ]
P1: !!opencv-matrix
   rows: 3
   cols: 4
   dt: f
   data: [ 3.58883698e+02, 0., 4.11880859e+02, 0., 0., 3.58883698e+02,
       2.24152405e+02, 0., 0., 0., 1., 0. ]
R1: !!opencv-matrix
   rows: 3
   cols: 3
   dt: f
   data: [ 9.98660624e-01, 2.65210513e-02, -4.44246717e-02,
       -2.64991634e-02, 9.99648273e-01, 1.08164386e-03, 4.44377325e-02,
       9.70215260e-05, 9.99012172e-01 ]
K2: !!opencv-matrix
   rows: 3
   cols: 3
   dt: d
   data: [ 3.6684495620748953e+02, 0., 3.7586764757372902e+02, 0.,
       3.6714722400637692e+02, 2.2165240635390552e+02, 0., 0., 1. ]
D2: !!opencv-matrix
   rows: 5
   cols: 1
   dt: d
   data: [ -2.2125888778928394e-02, -1.1613594850445373e-03,
       2.4824541603873712e-04, -1.2117770058109102e-04,
       4.8874862320422683e-04 ]
P2: !!opencv-matrix
   rows: 3
   cols: 4
   dt: f
   data: [ 3.58883698e+02, 0., 4.11880859e+02, -6.35615664e+04, 0.,
       3.58883698e+02, 2.24152405e+02, 0., 0., 0., 1., 0. ]
R2: !!opencv-matrix
   rows: 3
   cols: 3
   dt: f
   data: [ 9.98855948e-01, 1.65350735e-02, -4.48713526e-02,
       -1.65571757e-02, 9.99862909e-01, -1.20932949e-04, 4.48632017e-02,
       8.63737485e-04, 9.98992741e-01 ]
