%YAML:1.0
---
Q: !!opencv-matrix
   rows: 4
   cols: 4
   dt: f
   data: [ 1., 0., 0., -3.98524902e+02, 0., 1., 0., -2.24640396e+02, 0.,
       0., 0., 3.57403687e+02, 0., 0., 5.57854492e-03, 0. ]
R: !!opencv-matrix
   rows: 3
   cols: 3
   dt: d
   data: [ 1.0003317885332688e+00, 9.4776336673285198e-03,
       7.2314274899827743e-04, -9.6392117200915870e-03,
       1.0004890414383458e+00, 6.5026528376266172e-04,
       -4.9465055870624990e-04, -1.1290920405021285e-03,
       9.9964873882819472e-01 ]
T: !!opencv-matrix
   rows: 3
   cols: 1
   dt: d
   data: [ -1.7870110023774112e+02, -4.7343821066629314e-02,
       6.6051648292931864e+00 ]
E: !!opencv-matrix
   rows: 0
   cols: 0
   dt: u
   data: []
F: !!opencv-matrix
   rows: 0
   cols: 0
   dt: u
   data: []
K1: !!opencv-matrix
   rows: 3
   cols: 3
   dt: d
   data: [ 3.6619442195486482e+02, 0., 3.7800900657017900e+02, 0.,
       3.6631176586975289e+02, 2.2959692910978347e+02, 0., 0., 1. ]
D1: !!opencv-matrix
   rows: 5
   cols: 1
   dt: d
   data: [ -2.1502618721754269e-02, -1.2951184946942121e-03,
       -3.4127852927748451e-04, 2.7086966768530415e-04,
       4.7803342796299170e-04 ]
P1: !!opencv-matrix
   rows: 3
   cols: 4
   dt: f
   data: [ 3.57403687e+02, 0., 3.98524902e+02, 0., 0., 3.57403687e+02,
       2.24640396e+02, 0., 0., 0., 1., 0. ]
R1: !!opencv-matrix
   rows: 3
   cols: 3
   dt: f
   data: [ 9.99591827e-01, 9.46016889e-03, -2.69570351e-02,
       -9.45148803e-03, 9.99955237e-01, 4.49404382e-04, 2.69600805e-02,
       -1.94436841e-04, 9.99636471e-01 ]
K2: !!opencv-matrix
   rows: 3
   cols: 3
   dt: d
   data: [ 3.6684495620748953e+02, 0., 3.7586764757372902e+02, 0.,
       3.6714722400637692e+02, 2.2165240635390552e+02, 0., 0., 1. ]
D2: !!opencv-matrix
   rows: 5
   cols: 1
   dt: d
   data: [ -2.2125888778928394e-02, -1.1613594850445373e-03,
       2.4824541603873712e-04, -1.2117770058109102e-04,
       4.8874862320422683e-04 ]
P2: !!opencv-matrix
   rows: 3
   cols: 4
   dt: f
   data: [ 3.57403687e+02, 0., 3.98524902e+02, -6.40675508e+04, 0.,
       3.57403687e+02, 2.24640396e+02, 0., 0., 0., 1., 0. ]
R2: !!opencv-matrix
   rows: 3
   cols: 3
   dt: f
   data: [ 9.99615431e-01, -1.25129562e-04, -2.77295224e-02,
       1.16201081e-04, 9.99999940e-01, -3.23595828e-04, 2.77295616e-02,
       3.20249179e-04, 9.99615431e-01 ]
