%YAML:1.0
---
Q: !!opencv-matrix
   rows: 4
   cols: 4
   dt: f
   data: [ 1., 0., 0., -3.88127411e+02, 0., 1., 0., -2.24575226e+02, 0.,
       0., 0., 3.57777802e+02, 0., 0., 5.51888626e-03, 0. ]
R: !!opencv-matrix
   rows: 3
   cols: 3
   dt: d
   data: [ 1.0000833821436801e+00, 9.9837293264191055e-03,
       1.3782827892122995e-03, -9.9687520330560917e-03,
       1.0003162708001063e+00, 1.0172324986480530e-03,
       -1.1252498780657185e-03, -2.9173137432543132e-04,
       9.9981320123433604e-01 ]
T: !!opencv-matrix
   rows: 3
   cols: 1
   dt: d
   data: [ -1.8090923201130587e+02, -2.1945615345660920e+00,
       3.4934589264360554e+00 ]
E: !!opencv-matrix
   rows: 0
   cols: 0
   dt: u
   data: []
F: !!opencv-matrix
   rows: 0
   cols: 0
   dt: u
   data: []
K1: !!opencv-matrix
   rows: 3
   cols: 3
   dt: d
   data: [ 3.6619442195486482e+02, 0., 3.7800900657017900e+02, 0.,
       3.6631176586975289e+02, 2.2959692910978347e+02, 0., 0., 1. ]
D1: !!opencv-matrix
   rows: 5
   cols: 1
   dt: d
   data: [ -2.1502618721754269e-02, -1.2951184946942121e-03,
       -3.4127852927748451e-04, 2.7086966768530415e-04,
       4.7803342796299170e-04 ]
P1: !!opencv-matrix
   rows: 3
   cols: 4
   dt: f
   data: [ 3.57777802e+02, 0., 3.88127411e+02, 0., 0., 3.57777802e+02,
       2.24575226e+02, 0., 0., 0., 1., 0. ]
R1: !!opencv-matrix
   rows: 3
   cols: 3
   dt: f
   data: [ 9.99661386e-01, 2.21811794e-02, -1.36065260e-02,
       -2.21761353e-02, 9.99753952e-01, 5.21440525e-04, 1.36147439e-02,
       -2.19523819e-04, 9.99907315e-01 ]
K2: !!opencv-matrix
   rows: 3
   cols: 3
   dt: d
   data: [ 3.6684495620748953e+02, 0., 3.7586764757372902e+02, 0.,
       3.6714722400637692e+02, 2.2165240635390552e+02, 0., 0., 1. ]
D2: !!opencv-matrix
   rows: 5
   cols: 1
   dt: d
   data: [ -2.2125888778928394e-02, -1.1613594850445373e-03,
       2.4824541603873712e-04, -1.2117770058109102e-04,
       4.8874862320422683e-04 ]
P2: !!opencv-matrix
   rows: 3
   cols: 4
   dt: f
   data: [ 3.57777802e+02, 0., 3.88127411e+02, -6.48278984e+04, 0.,
       3.57777802e+02, 2.24575226e+02, 0., 0., 0., 1., 0. ]
R2: !!opencv-matrix
   rows: 3
   cols: 3
   dt: f
   data: [ 9.99813080e-01, 1.22142304e-02, -1.49890780e-02,
       -1.22197829e-02, 9.99925315e-01, -2.78940657e-04, 1.49845518e-02,
       4.62051801e-04, 9.99887645e-01 ]
