%YAML:1.0
---
Q: !!opencv-matrix
   rows: 4
   cols: 4
   dt: f
   data: [ 1., 0., 0., -3.80235107e+02, 0., 1., 0., -2.24692093e+02, 0.,
       0., 0., 3.55638000e+02, 0., 0., 5.47319511e-03, 0. ]
R: !!opencv-matrix
   rows: 3
   cols: 3
   dt: d
   data: [ 9.9971760185686598e-01, 1.0173093927199882e-02,
       1.4645532371080766e-03, -9.9197508964253122e-03,
       1.0000327206872788e+00, 6.3638166285930162e-04,
       -1.6351529381088113e-03, -1.9984532913571476e-04,
       1.0002163098406425e+00 ]
T: !!opencv-matrix
   rows: 3
   cols: 1
   dt: d
   data: [ -1.8250876992951939e+02, -1.2564739764826987e+00,
       8.9985565730856254e-01 ]
E: !!opencv-matrix
   rows: 0
   cols: 0
   dt: u
   data: []
F: !!opencv-matrix
   rows: 0
   cols: 0
   dt: u
   data: []
K1: !!opencv-matrix
   rows: 3
   cols: 3
   dt: d
   data: [ 3.6619442195486482e+02, 0., 3.7800900657017900e+02, 0.,
       3.6631176586975289e+02, 2.2959692910978347e+02, 0., 0., 1. ]
D1: !!opencv-matrix
   rows: 5
   cols: 1
   dt: d
   data: [ -2.1502618721754269e-02, -1.2951184946942121e-03,
       -3.4127852927748451e-04, 2.7086966768530415e-04,
       4.7803342796299170e-04 ]
P1: !!opencv-matrix
   rows: 3
   cols: 4
   dt: f
   data: [ 3.55638000e+02, 0., 3.80235107e+02, 0., 0., 3.55638000e+02,
       2.24692093e+02, 0., 0., 0., 1., 0. ]
R1: !!opencv-matrix
   rows: 3
   cols: 3
   dt: f
   data: [ 9.99860466e-01, 1.63780078e-02, -3.29461391e-03,
       -1.63775757e-02, 9.99865890e-01, 1.58004812e-04, 3.29675968e-03,
       -1.04024970e-04, 9.99994576e-01 ]
K2: !!opencv-matrix
   rows: 3
   cols: 3
   dt: d
   data: [ 3.6684495620748953e+02, 0., 3.7586764757372902e+02, 0.,
       3.6714722400637692e+02, 2.2165240635390552e+02, 0., 0., 1. ]
D2: !!opencv-matrix
   rows: 5
   cols: 1
   dt: d
   data: [ -2.2125888778928394e-02, -1.1613594850445373e-03,
       2.4824541603873712e-04, -1.2117770058109102e-04,
       4.8874862320422683e-04 ]
P2: !!opencv-matrix
   rows: 3
   cols: 4
   dt: f
   data: [ 3.55638000e+02, 0., 3.80235107e+02, -6.49781367e+04, 0.,
       3.55638000e+02, 2.24692093e+02, 0., 0., 0., 1., 0. ]
R2: !!opencv-matrix
   rows: 3
   cols: 3
   dt: f
   data: [ 9.99968350e-01, 6.28775219e-03, -4.87452047e-03,
       -6.28839061e-03, 9.99980211e-01, -1.15693809e-04, 4.87369671e-03,
       1.46343038e-04, 9.99988139e-01 ]
