%YAML:1.0
---
Q: !!opencv-matrix
   rows: 4
   cols: 4
   dt: f
   data: [ 1., 0., 0., -4.05032928e+02, 0., 1., 0., -2.24566879e+02, 0.,
       0., 0., 3.57338043e+02, 0., 0., 5.58377383e-03, 0. ]
R: !!opencv-matrix
   rows: 3
   cols: 3
   dt: d
   data: [ 9.9993783294041927e-01, 9.5409556000948942e-03,
       6.7804642440503799e-04, -9.6714203572430945e-03,
       1.0004483256430816e+00, 7.3697852651774195e-04,
       -6.3734837913760015e-04, -9.5026118046546949e-04,
       9.9993254948880095e-01 ]
T: !!opencv-matrix
   rows: 3
   cols: 1
   dt: d
   data: [ -1.7886112501552017e+02, -4.4503497928138924e-01,
       6.0012261475885547e+00 ]
E: !!opencv-matrix
   rows: 0
   cols: 0
   dt: u
   data: []
F: !!opencv-matrix
   rows: 0
   cols: 0
   dt: u
   data: []
K1: !!opencv-matrix
   rows: 3
   cols: 3
   dt: d
   data: [ 3.6619442195486482e+02, 0., 3.7800900657017900e+02, 0.,
       3.6631176586975289e+02, 2.2959692910978347e+02, 0., 0., 1. ]
D1: !!opencv-matrix
   rows: 5
   cols: 1
   dt: d
   data: [ -2.1502618721754269e-02, -1.2951184946942121e-03,
       -3.4127852927748451e-04, 2.7086966768530415e-04,
       4.7803342796299170e-04 ]
P1: !!opencv-matrix
   rows: 3
   cols: 4
   dt: f
   data: [ 3.57338043e+02, 0., 4.05032928e+02, 0., 0., 3.57338043e+02,
       2.24566879e+02, 0., 0., 0., 1., 0. ]
R1: !!opencv-matrix
   rows: 3
   cols: 3
   dt: f
   data: [ 9.99309838e-01, 1.14628160e-02, -3.53332050e-02,
       -1.14510134e-02, 9.99934316e-01, 5.36381383e-04, 3.53370346e-02,
       -1.31410168e-04, 9.99375463e-01 ]
K2: !!opencv-matrix
   rows: 3
   cols: 3
   dt: d
   data: [ 3.6684495620748953e+02, 0., 3.7586764757372902e+02, 0.,
       3.6714722400637692e+02, 2.2165240635390552e+02, 0., 0., 1. ]
D2: !!opencv-matrix
   rows: 5
   cols: 1
   dt: d
   data: [ -2.2125888778928394e-02, -1.1613594850445373e-03,
       2.4824541603873712e-04, -1.2117770058109102e-04,
       4.8874862320422683e-04 ]
P2: !!opencv-matrix
   rows: 3
   cols: 4
   dt: f
   data: [ 3.57338043e+02, 0., 4.05032928e+02, -6.39957969e+04, 0.,
       3.57338043e+02, 2.24566879e+02, 0., 0., 0., 1., 0. ]
R2: !!opencv-matrix
   rows: 3
   cols: 3
   dt: f
   data: [ 9.99349833e-01, 1.84368028e-03, -3.60074192e-02,
       -1.85570691e-03, 9.99998212e-01, -3.00587213e-04, 3.60068008e-02,
       3.67211003e-04, 9.99351501e-01 ]
