%YAML:1.0
---
Q: !!opencv-matrix
   rows: 4
   cols: 4
   dt: f
   data: [ 1., 0., 0., -3.92397369e+02, 0., 1., 0., -2.24609314e+02, 0.,
       0., 0., 3.57735901e+02, 0., 0., 5.50713064e-03, 0. ]
R: !!opencv-matrix
   rows: 3
   cols: 3
   dt: d
   data: [ 1.0006071195629487e+00, 9.9985092351490903e-03,
       9.6697631988375287e-04, -1.0022270682960523e-02,
       1.0004780128605868e+00, 6.4333732442517001e-04,
       -6.4794104761453186e-04, -9.8751130667584265e-04,
       9.9947622502561451e-01 ]
T: !!opencv-matrix
   rows: 3
   cols: 1
   dt: d
   data: [ -1.8138680310982403e+02, -1.4110367183670602e+00,
       4.9369569417086554e+00 ]
E: !!opencv-matrix
   rows: 0
   cols: 0
   dt: u
   data: []
F: !!opencv-matrix
   rows: 0
   cols: 0
   dt: u
   data: []
K1: !!opencv-matrix
   rows: 3
   cols: 3
   dt: d
   data: [ 3.6619442195486482e+02, 0., 3.7800900657017900e+02, 0.,
       3.6631176586975289e+02, 2.2959692910978347e+02, 0., 0., 1. ]
D1: !!opencv-matrix
   rows: 5
   cols: 1
   dt: d
   data: [ -2.1502618721754269e-02, -1.2951184946942121e-03,
       -3.4127852927748451e-04, 2.7086966768530415e-04,
       4.7803342796299170e-04 ]
P1: !!opencv-matrix
   rows: 3
   cols: 4
   dt: f
   data: [ 3.57735901e+02, 0., 3.92397369e+02, 0., 0., 3.57735901e+02,
       2.24609314e+02, 0., 0., 0., 1., 0. ]
R1: !!opencv-matrix
   rows: 3
   cols: 3
   dt: f
   data: [ 9.99707937e-01, 1.47208106e-02, -1.91674680e-02,
       -1.47148352e-02, 9.99891639e-01, 4.52750857e-04, 1.91720538e-02,
       -1.70572501e-04, 9.99816179e-01 ]
K2: !!opencv-matrix
   rows: 3
   cols: 3
   dt: d
   data: [ 3.6684495620748953e+02, 0., 3.7586764757372902e+02, 0.,
       3.6714722400637692e+02, 2.2165240635390552e+02, 0., 0., 1. ]
D2: !!opencv-matrix
   rows: 5
   cols: 1
   dt: d
   data: [ -2.2125888778928394e-02, -1.1613594850445373e-03,
       2.4824541603873712e-04, -1.2117770058109102e-04,
       4.8874862320422683e-04 ]
P2: !!opencv-matrix
   rows: 3
   cols: 4
   dt: f
   data: [ 3.57735901e+02, 0., 3.92397369e+02, -6.49586758e+04, 0.,
       3.57735901e+02, 2.24609314e+02, 0., 0., 0., 1., 0. ]
R2: !!opencv-matrix
   rows: 3
   cols: 3
   dt: f
   data: [ 9.99787509e-01, 4.73577948e-03, -2.00628899e-02,
       -4.74203285e-03, 9.99988735e-01, -2.64126516e-04, 2.00614128e-02,
       3.59209254e-04, 9.99798656e-01 ]
