%YAML:1.0
---
Q: !!opencv-matrix
   rows: 4
   cols: 4
   dt: f
   data: [ 1., 0., 0., -4.03689545e+02, 0., 1., 0., -2.24555008e+02, 0.,
       0., 0., 3.57431702e+02, 0., 0., 5.60774235e-03, 0. ]
R: !!opencv-matrix
   rows: 3
   cols: 3
   dt: d
   data: [ 9.9988209489425617e-01, 9.5709276952756026e-03,
       5.4948375544678317e-04, -9.6826818114858319e-03,
       1.0003507556666207e+00, 7.6731197801901334e-04,
       -6.5442181883680964e-04, -1.0035399920219127e-03,
       1.0000120859504742e+00 ]
T: !!opencv-matrix
   rows: 3
   cols: 1
   dt: d
   data: [ -1.7839271481235224e+02, -4.2424510443342617e-01,
       5.6999695571686910e+00 ]
E: !!opencv-matrix
   rows: 0
   cols: 0
   dt: u
   data: []
F: !!opencv-matrix
   rows: 0
   cols: 0
   dt: u
   data: []
K1: !!opencv-matrix
   rows: 3
   cols: 3
   dt: d
   data: [ 3.6619442195486482e+02, 0., 3.7800900657017900e+02, 0.,
       3.6631176586975289e+02, 2.2959692910978347e+02, 0., 0., 1. ]
D1: !!opencv-matrix
   rows: 5
   cols: 1
   dt: d
   data: [ -2.1502618721754269e-02, -1.2951184946942121e-03,
       -3.4127852927748451e-04, 2.7086966768530415e-04,
       4.7803342796299170e-04 ]
P1: !!opencv-matrix
   rows: 3
   cols: 4
   dt: f
   data: [ 3.57431702e+02, 0., 4.03689545e+02, 0., 0., 3.57431702e+02,
       2.24555008e+02, 0., 0., 0., 1., 0. ]
R1: !!opencv-matrix
   rows: 3
   cols: 3
   dt: f
   data: [ 9.99353111e-01, 1.25496704e-02, -3.37030143e-02,
       -1.25361318e-02, 9.99921203e-01, 6.12972770e-04, 3.37080508e-02,
       -1.90070816e-04, 9.99431729e-01 ]
K2: !!opencv-matrix
   rows: 3
   cols: 3
   dt: d
   data: [ 3.6684495620748953e+02, 0., 3.7586764757372902e+02, 0.,
       3.6714722400637692e+02, 2.2165240635390552e+02, 0., 0., 1. ]
D2: !!opencv-matrix
   rows: 5
   cols: 1
   dt: d
   data: [ -2.2125888778928394e-02, -1.1613594850445373e-03,
       2.4824541603873712e-04, -1.2117770058109102e-04,
       4.8874862320422683e-04 ]
P2: !!opencv-matrix
   rows: 3
   cols: 4
   dt: f
   data: [ 3.57431702e+02, 0., 4.03689545e+02, -6.37389688e+04, 0.,
       3.57431702e+02, 2.24555008e+02, 0., 0., 0., 1., 0. ]
R2: !!opencv-matrix
   rows: 3
   cols: 3
   dt: f
   data: [ 9.99408722e-01, 2.91604525e-03, -3.42597440e-02,
       -2.92980531e-03, 9.99995649e-01, -3.51444090e-04, 3.42585705e-02,
       4.51610656e-04, 9.99412894e-01 ]
