%YAML:1.0
---
Q: !!opencv-matrix
   rows: 4
   cols: 4
   dt: f
   data: [ 1., 0., 0., -4.14874084e+02, 0., 1., 0., -2.24293365e+02, 0.,
       0., 0., 3.58227264e+02, 0., 0., 5.55455359e-03, 0. ]
R: !!opencv-matrix
   rows: 3
   cols: 3
   dt: d
   data: [ 9.9981404748665115e-01, 1.0181606432232211e-02,
       5.6216463207017884e-04, -1.0133750199392973e-02,
       1.0017796910508248e+00, 9.9711375702307399e-04,
       -6.1509179620632744e-04, -1.6377229994369715e-04,
       9.9975038060480270e-01 ]
T: !!opencv-matrix
   rows: 3
   cols: 1
   dt: d
   data: [ -1.7900303349637397e+02, -2.3387672159030957e+00,
       8.5910495012999757e+00 ]
E: !!opencv-matrix
   rows: 0
   cols: 0
   dt: u
   data: []
F: !!opencv-matrix
   rows: 0
   cols: 0
   dt: u
   data: []
K1: !!opencv-matrix
   rows: 3
   cols: 3
   dt: d
   data: [ 3.6619442195486482e+02, 0., 3.7800900657017900e+02, 0.,
       3.6631176586975289e+02, 2.2959692910978347e+02, 0., 0., 1. ]
D1: !!opencv-matrix
   rows: 5
   cols: 1
   dt: d
   data: [ -2.1502618721754269e-02, -1.2951184946942121e-03,
       -3.4127852927748451e-04, 2.7086966768530415e-04,
       4.7803342796299170e-04 ]
P1: !!opencv-matrix
   rows: 3
   cols: 4
   dt: f
   data: [ 3.58227264e+02, 0., 4.14874084e+02, 0., 0., 3.58227264e+02,
       2.24293365e+02, 0., 0., 0., 1., 0. ]
R1: !!opencv-matrix
   rows: 3
   cols: 3
   dt: f
   data: [ 9.98661876e-01, 1.94157790e-02, -4.79316413e-02,
       -1.94181632e-02, 9.99811351e-01, 4.15917806e-04, 4.79306765e-02,
       5.15383203e-04, 9.98850524e-01 ]
K2: !!opencv-matrix
   rows: 3
   cols: 3
   dt: d
   data: [ 3.6684495620748953e+02, 0., 3.7586764757372902e+02, 0.,
       3.6714722400637692e+02, 2.2165240635390552e+02, 0., 0., 1. ]
D2: !!opencv-matrix
   rows: 5
   cols: 1
   dt: d
   data: [ -2.2125888778928394e-02, -1.1613594850445373e-03,
       2.4824541603873712e-04, -1.2117770058109102e-04,
       4.8874862320422683e-04 ]
P2: !!opencv-matrix
   rows: 3
   cols: 4
   dt: f
   data: [ 3.58227264e+02, 0., 4.14874084e+02, -6.44925391e+04, 0.,
       3.58227264e+02, 2.24293365e+02, 0., 0., 0., 1., 0. ]
R2: !!opencv-matrix
   rows: 3
   cols: 3
   dt: f
   data: [ 9.98772740e-01, 9.18728858e-03, -4.86687049e-02,
       -9.18486621e-03, 9.99957800e-01, 2.73409620e-04, 4.86691631e-02,
       1.73941487e-04, 9.98814940e-01 ]
