%YAML:1.0
---
Q: !!opencv-matrix
   rows: 4
   cols: 4
   dt: f
   data: [ 1., 0., 0., -4.02967865e+02, 0., 1., 0., -2.24495895e+02, 0.,
       0., 0., 3.57725647e+02, 0., 0., 5.65479603e-03, 0. ]
R: !!opencv-matrix
   rows: 3
   cols: 3
   dt: d
   data: [ 9.9947449666684984e-01, 9.7195937492761623e-03,
       6.4202008539231299e-04, -9.8585310813437410e-03,
       1.0004783204902334e+00, 7.7596461061258054e-04,
       -8.0940740293715364e-04, -6.1511726844636332e-04,
       1.0003128949372917e+00 ]
T: !!opencv-matrix
   rows: 3
   cols: 1
   dt: d
   data: [ -1.7617362529516404e+02, -9.8916170208178633e-01,
       4.4313789438161235e+00 ]
E: !!opencv-matrix
   rows: 0
   cols: 0
   dt: u
   data: []
F: !!opencv-matrix
   rows: 0
   cols: 0
   dt: u
   data: []
K1: !!opencv-matrix
   rows: 3
   cols: 3
   dt: d
   data: [ 3.6619442195486482e+02, 0., 3.7800900657017900e+02, 0.,
       3.6631176586975289e+02, 2.2959692910978347e+02, 0., 0., 1. ]
D1: !!opencv-matrix
   rows: 5
   cols: 1
   dt: d
   data: [ -2.1502618721754269e-02, -1.2951184946942121e-03,
       -3.4127852927748451e-04, 2.7086966768530415e-04,
       4.7803342796299170e-04 ]
P1: !!opencv-matrix
   rows: 3
   cols: 4
   dt: f
   data: [ 3.57725647e+02, 0., 4.02967865e+02, 0., 0., 3.57725647e+02,
       2.24495895e+02, 0., 0., 0., 1., 0. ]
R1: !!opencv-matrix
   rows: 3
   cols: 3
   dt: f
   data: [ 9.99333680e-01, 1.61232464e-02, -3.27445902e-02,
       -1.61189269e-02, 9.99870002e-01, 3.95911949e-04, 3.27467173e-02,
       1.32159490e-04, 9.99463677e-01 ]
K2: !!opencv-matrix
   rows: 3
   cols: 3
   dt: d
   data: [ 3.6684495620748953e+02, 0., 3.7586764757372902e+02, 0.,
       3.6714722400637692e+02, 2.2165240635390552e+02, 0., 0., 1. ]
D2: !!opencv-matrix
   rows: 5
   cols: 1
   dt: d
   data: [ -2.2125888778928394e-02, -1.1613594850445373e-03,
       2.4824541603873712e-04, -1.2117770058109102e-04,
       4.8874862320422683e-04 ]
P2: !!opencv-matrix
   rows: 3
   cols: 4
   dt: f
   data: [ 3.57725647e+02, 0., 4.02967865e+02, -6.32605742e+04, 0.,
       3.57725647e+02, 2.24495895e+02, 0., 0., 0., 1., 0. ]
R2: !!opencv-matrix
   rows: 3
   cols: 3
   dt: f
   data: [ 9.99418914e-01, 6.23044884e-03, -3.35111953e-02,
       -6.23486936e-03, 9.99980569e-01, -2.74180366e-05, 3.35103758e-02,
       2.36340042e-04, 9.99438345e-01 ]
