%YAML:1.0
---
Q: !!opencv-matrix
   rows: 4
   cols: 4
   dt: f
   data: [ 1., 0., 0., -4.02483978e+02, 0., 1., 0., -2.24421799e+02, 0.,
       0., 0., 3.58113739e+02, 0., 0., 5.60988206e-03, 0. ]
R: !!opencv-matrix
   rows: 3
   cols: 3
   dt: d
   data: [ 9.9959910529929608e-01, 1.0125830286305201e-02,
       5.2927328588574295e-04, -9.8194231871450936e-03,
       1.0007968615011835e+00, 1.1151735319712400e-03,
       -5.4371539470173035e-04, -2.8854706593422818e-04,
       1.0002051387497106e+00 ]
T: !!opencv-matrix
   rows: 3
   cols: 1
   dt: d
   data: [ -1.7826657852329137e+02, -1.8736178903318867e+00,
       5.7457079637875106e+00 ]
E: !!opencv-matrix
   rows: 0
   cols: 0
   dt: u
   data: []
F: !!opencv-matrix
   rows: 0
   cols: 0
   dt: u
   data: []
K1: !!opencv-matrix
   rows: 3
   cols: 3
   dt: d
   data: [ 3.6619442195486482e+02, 0., 3.7800900657017900e+02, 0.,
       3.6631176586975289e+02, 2.2959692910978347e+02, 0., 0., 1. ]
D1: !!opencv-matrix
   rows: 5
   cols: 1
   dt: d
   data: [ -2.1502618721754269e-02, -1.2951184946942121e-03,
       -3.4127852927748451e-04, 2.7086966768530415e-04,
       4.7803342796299170e-04 ]
P1: !!opencv-matrix
   rows: 3
   cols: 4
   dt: f
   data: [ 3.58113739e+02, 0., 4.02483978e+02, 0., 0., 3.58113739e+02,
       2.24421799e+02, 0., 0., 0., 1., 0. ]
R1: !!opencv-matrix
   rows: 3
   cols: 3
   dt: f
   data: [ 9.99268770e-01, 2.04195231e-02, -3.23255397e-02,
       -2.04091426e-02, 9.99791503e-01, 6.51063281e-04, 3.23320962e-02,
       9.14934299e-06, 9.99477208e-01 ]
K2: !!opencv-matrix
   rows: 3
   cols: 3
   dt: d
   data: [ 3.6684495620748953e+02, 0., 3.7586764757372902e+02, 0.,
       3.6714722400637692e+02, 2.2165240635390552e+02, 0., 0., 1. ]
D2: !!opencv-matrix
   rows: 5
   cols: 1
   dt: d
   data: [ -2.2125888778928394e-02, -1.1613594850445373e-03,
       2.4824541603873712e-04, -1.2117770058109102e-04,
       4.8874862320422683e-04 ]
P2: !!opencv-matrix
   rows: 3
   cols: 4
   dt: f
   data: [ 3.58113739e+02, 0., 4.02483978e+02, -6.38362305e+04, 0.,
       3.58113739e+02, 2.24421799e+02, 0., 0., 0., 1., 0. ]
R2: !!opencv-matrix
   rows: 3
   cols: 3
   dt: f
   data: [ 9.99405384e-01, 1.04466081e-02, -3.28589417e-02,
       -1.04571572e-02, 9.99945283e-01, -1.49206739e-04, 3.28555852e-02,
       4.92729130e-04, 9.99459982e-01 ]
