%YAML:1.0
---
Q: !!opencv-matrix
   rows: 4
   cols: 4
   dt: f
   data: [ 1., 0., 0., -3.84210510e+02, 0., 1., 0., -2.24640579e+02, 0.,
       0., 0., 3.56956299e+02, 0., 0., 5.49749611e-03, 0. ]
R: !!opencv-matrix
   rows: 3
   cols: 3
   dt: d
   data: [ 1.0001970606635811e+00, 9.9842720767884877e-03,
       1.4163526730068007e-03, -9.8933787629194424e-03,
       1.0000868772107994e+00, 7.4858198156538031e-04,
       -1.3261517720218666e-03, -4.5795829762167493e-04,
       9.9986959346220494e-01 ]
T: !!opencv-matrix
   rows: 3
   cols: 1
   dt: d
   data: [ -1.8198956940806480e+02, -1.3161152135129695e+00,
       2.4007322503094750e+00 ]
E: !!opencv-matrix
   rows: 0
   cols: 0
   dt: u
   data: []
F: !!opencv-matrix
   rows: 0
   cols: 0
   dt: u
   data: []
K1: !!opencv-matrix
   rows: 3
   cols: 3
   dt: d
   data: [ 3.6619442195486482e+02, 0., 3.7800900657017900e+02, 0.,
       3.6631176586975289e+02, 2.2959692910978347e+02, 0., 0., 1. ]
D1: !!opencv-matrix
   rows: 5
   cols: 1
   dt: d
   data: [ -2.1502618721754269e-02, -1.2951184946942121e-03,
       -3.4127852927748451e-04, 2.7086966768530415e-04,
       4.7803342796299170e-04 ]
P1: !!opencv-matrix
   rows: 3
   cols: 4
   dt: f
   data: [ 3.56956299e+02, 0., 3.84210510e+02, 0., 0., 3.56956299e+02,
       2.24640579e+02, 0., 0., 0., 1., 0. ]
R1: !!opencv-matrix
   rows: 3
   cols: 3
   dt: f
   data: [ 9.99775410e-01, 1.93948466e-02, -8.54365807e-03,
       -1.93923116e-02, 9.99811888e-01, 3.79507110e-04, 8.54941178e-03,
       -2.13740583e-04, 9.99963403e-01 ]
K2: !!opencv-matrix
   rows: 3
   cols: 3
   dt: d
   data: [ 3.6684495620748953e+02, 0., 3.7586764757372902e+02, 0.,
       3.6714722400637692e+02, 2.2165240635390552e+02, 0., 0., 1. ]
D2: !!opencv-matrix
   rows: 5
   cols: 1
   dt: d
   data: [ -2.2125888778928394e-02, -1.1613594850445373e-03,
       2.4824541603873712e-04, -1.2117770058109102e-04,
       4.8874862320422683e-04 ]
P2: !!opencv-matrix
   rows: 3
   cols: 4
   dt: f
   data: [ 3.56956299e+02, 0., 3.84210510e+02, -6.49307070e+04, 0.,
       3.56956299e+02, 2.24640579e+02, 0., 0., 0., 1., 0. ]
R2: !!opencv-matrix
   rows: 3
   cols: 3
   dt: f
   data: [ 9.99906301e-01, 9.43360105e-03, -9.92198382e-03,
       -9.43654403e-03, 9.99955416e-01, -2.49830657e-04, 9.91918519e-03,
       3.43436463e-04, 9.99950767e-01 ]
