%YAML:1.0
---
Q: !!opencv-matrix
   rows: 4
   cols: 4
   dt: f
   data: [ 1., 0., 0., -3.89009766e+02, 0., 1., 0., -2.24586166e+02, 0.,
       0., 0., 3.57795074e+02, 0., 0., 5.51346503e-03, 0. ]
R: !!opencv-matrix
   rows: 3
   cols: 3
   dt: d
   data: [ 9.9953210506555723e-01, 1.0172665742817999e-02,
       1.2534017937439195e-03, -9.9614677323663931e-03,
       1.0000870147246421e+00, 7.7741766781816110e-04,
       -1.3826935178997911e-03, -1.1565921842162497e-04,
       1.0002631787791223e+00 ]
T: !!opencv-matrix
   rows: 3
   cols: 1
   dt: d
   data: [ -1.8151429638817348e+02, -1.3447112686841307e+00,
       1.8916416188330600e+00 ]
E: !!opencv-matrix
   rows: 0
   cols: 0
   dt: u
   data: []
F: !!opencv-matrix
   rows: 0
   cols: 0
   dt: u
   data: []
K1: !!opencv-matrix
   rows: 3
   cols: 3
   dt: d
   data: [ 3.6619442195486482e+02, 0., 3.7800900657017900e+02, 0.,
       3.6631176586975289e+02, 2.2959692910978347e+02, 0., 0., 1. ]
D1: !!opencv-matrix
   rows: 5
   cols: 1
   dt: d
   data: [ -2.1502618721754269e-02, -1.2951184946942121e-03,
       -3.4127852927748451e-04, 2.7086966768530415e-04,
       4.7803342796299170e-04 ]
P1: !!opencv-matrix
   rows: 3
   cols: 4
   dt: f
   data: [ 3.57795074e+02, 0., 3.89009766e+02, 0., 0., 3.57795074e+02,
       2.24586166e+02, 0., 0., 0., 1., 0. ]
R1: !!opencv-matrix
   rows: 3
   cols: 3
   dt: f
   data: [ 9.99692261e-01, 1.99372843e-02, -1.47592789e-02,
       -1.99344140e-02, 9.99801219e-01, 3.41633102e-04, 1.47631569e-02,
       -4.73104155e-05, 9.99891043e-01 ]
K2: !!opencv-matrix
   rows: 3
   cols: 3
   dt: d
   data: [ 3.6684495620748953e+02, 0., 3.7586764757372902e+02, 0.,
       3.6714722400637692e+02, 2.2165240635390552e+02, 0., 0., 1. ]
D2: !!opencv-matrix
   rows: 5
   cols: 1
   dt: d
   data: [ -2.2125888778928394e-02, -1.1613594850445373e-03,
       2.4824541603873712e-04, -1.2117770058109102e-04,
       4.8874862320422683e-04 ]
P2: !!opencv-matrix
   rows: 3
   cols: 4
   dt: f
   data: [ 3.57795074e+02, 0., 3.89009766e+02, -6.48947773e+04, 0.,
       3.57795074e+02, 2.24586166e+02, 0., 0., 0., 1., 0. ]
R2: !!opencv-matrix
   rows: 3
   cols: 3
   dt: f
   data: [ 9.99823451e-01, 9.84042790e-03, -1.60054825e-02,
       -9.84354131e-03, 9.99951541e-01, -1.15713054e-04, 1.60035677e-02,
       2.73243233e-04, 9.99871910e-01 ]
