%YAML:1.0
---
Q: !!opencv-matrix
   rows: 4
   cols: 4
   dt: f
   data: [ 1., 0., 0., -3.99132141e+02, 0., 1., 0., -2.24571075e+02, 0.,
       0., 0., 3.57512848e+02, 0., 0., 5.63607831e-03, 0. ]
R: !!opencv-matrix
   rows: 3
   cols: 3
   dt: d
   data: [ 1.0000339858320573e+00, 9.9006292000376073e-03,
       7.6580920077712203e-04, -9.7758654256800432e-03,
       1.0004114280768743e+00, 7.3761257723106960e-04,
       -5.7322702503348922e-04, -3.5789248774787622e-04,
       9.9993192653570784e-01 ]
T: !!opencv-matrix
   rows: 3
   cols: 1
   dt: d
   data: [ -1.7716820954229308e+02, -7.0504113612246455e-01,
       4.9700748041807525e+00 ]
E: !!opencv-matrix
   rows: 0
   cols: 0
   dt: u
   data: []
F: !!opencv-matrix
   rows: 0
   cols: 0
   dt: u
   data: []
K1: !!opencv-matrix
   rows: 3
   cols: 3
   dt: d
   data: [ 3.6619442195486482e+02, 0., 3.7800900657017900e+02, 0.,
       3.6631176586975289e+02, 2.2959692910978347e+02, 0., 0., 1. ]
D1: !!opencv-matrix
   rows: 5
   cols: 1
   dt: d
   data: [ -2.1502618721754269e-02, -1.2951184946942121e-03,
       -3.4127852927748451e-04, 2.7086966768530415e-04,
       4.7803342796299170e-04 ]
P1: !!opencv-matrix
   rows: 3
   cols: 4
   dt: f
   data: [ 3.57512848e+02, 0., 3.99132141e+02, 0., 0., 3.57512848e+02,
       2.24571075e+02, 0., 0., 0., 1., 0. ]
R1: !!opencv-matrix
   rows: 3
   cols: 3
   dt: f
   data: [ 9.99518931e-01, 1.36913927e-02, -2.78298911e-02,
       -1.36841033e-02, 9.99906242e-01, 4.52370732e-04, 2.78334767e-02,
       -7.13259942e-05, 9.99612570e-01 ]
K2: !!opencv-matrix
   rows: 3
   cols: 3
   dt: d
   data: [ 3.6684495620748953e+02, 0., 3.7586764757372902e+02, 0.,
       3.6714722400637692e+02, 2.2165240635390552e+02, 0., 0., 1. ]
D2: !!opencv-matrix
   rows: 5
   cols: 1
   dt: d
   data: [ -2.2125888778928394e-02, -1.1613594850445373e-03,
       2.4824541603873712e-04, -1.2117770058109102e-04,
       4.8874862320422683e-04 ]
P2: !!opencv-matrix
   rows: 3
   cols: 4
   dt: f
   data: [ 3.57512848e+02, 0., 3.99132141e+02, -6.34329141e+04, 0.,
       3.57512848e+02, 2.24571075e+02, 0., 0., 0., 1., 0. ]
R2: !!opencv-matrix
   rows: 3
   cols: 3
   dt: f
   data: [ 9.99584854e-01, 3.81605816e-03, -2.85589602e-02,
       -3.82353785e-03, 9.99992669e-01, -2.07297591e-04, 2.85579599e-02,
       3.16407793e-04, 9.99592066e-01 ]
