%YAML:1.0
---
Q: !!opencv-matrix
   rows: 4
   cols: 4
   dt: f
   data: [ 1., 0., 0., -3.97977295e+02, 0., 1., 0., -2.24517593e+02, 0.,
       0., 0., 3.57795563e+02, 0., 0., 5.51087270e-03, 0. ]
R: !!opencv-matrix
   rows: 3
   cols: 3
   dt: d
   data: [ 1.0004408928250030e+00, 1.0018167389238476e-02,
       9.5529873448584621e-04, -9.9782152600565218e-03,
       1.0004871341507293e+00, 8.0907737802071061e-04,
       -7.2102432748261341e-04, -6.3926479398770117e-04,
       9.9959020369914897e-01 ]
T: !!opencv-matrix
   rows: 3
   cols: 1
   dt: d
   data: [ -1.8154017583247452e+02, -1.5865796808052761e+00,
       4.9187201784681180e+00 ]
E: !!opencv-matrix
   rows: 0
   cols: 0
   dt: u
   data: []
F: !!opencv-matrix
   rows: 0
   cols: 0
   dt: u
   data: []
K1: !!opencv-matrix
   rows: 3
   cols: 3
   dt: d
   data: [ 3.6619442195486482e+02, 0., 3.7800900657017900e+02, 0.,
       3.6631176586975289e+02, 2.2959692910978347e+02, 0., 0., 1. ]
D1: !!opencv-matrix
   rows: 5
   cols: 1
   dt: d
   data: [ -2.1502618721754269e-02, -1.2951184946942121e-03,
       -3.4127852927748451e-04, 2.7086966768530415e-04,
       4.7803342796299170e-04 ]
P1: !!opencv-matrix
   rows: 3
   cols: 4
   dt: f
   data: [ 3.57795563e+02, 0., 3.97977295e+02, 0., 0., 3.57795563e+02,
       2.24517593e+02, 0., 0., 0., 1., 0. ]
R1: !!opencv-matrix
   rows: 3
   cols: 3
   dt: f
   data: [ 9.99493301e-01, 1.77982207e-02, -2.63886005e-02,
       -1.77892875e-02, 9.99841571e-01, 5.73262922e-04, 2.63946224e-02,
       -1.03538012e-04, 9.99651611e-01 ]
K2: !!opencv-matrix
   rows: 3
   cols: 3
   dt: d
   data: [ 3.6684495620748953e+02, 0., 3.7586764757372902e+02, 0.,
       3.6714722400637692e+02, 2.2165240635390552e+02, 0., 0., 1. ]
D2: !!opencv-matrix
   rows: 5
   cols: 1
   dt: d
   data: [ -2.2125888778928394e-02, -1.1613594850445373e-03,
       2.4824541603873712e-04, -1.2117770058109102e-04,
       4.8874862320422683e-04 ]
P2: !!opencv-matrix
   rows: 3
   cols: 4
   dt: f
   data: [ 3.57795563e+02, 0., 3.97977295e+02, -6.49253906e+04, 0.,
       3.57795563e+02, 2.24517593e+02, 0., 0., 0., 1., 0. ]
R2: !!opencv-matrix
   rows: 3
   cols: 3
   dt: f
   data: [ 9.99599576e-01, 7.77604384e-03, -2.72069406e-02,
       -7.78525230e-03, 9.99969661e-01, -2.32549559e-04, 2.72043068e-02,
       4.44269332e-04, 9.99629796e-01 ]
