%YAML:1.0
---
Q: !!opencv-matrix
   rows: 4
   cols: 4
   dt: f
   data: [ 1., 0., 0., -3.96922760e+02, 0., 1., 0., -2.24549271e+02, 0.,
       0., 0., 3.57663910e+02, 0., 0., 5.64503530e-03, 0. ]
R: !!opencv-matrix
   rows: 3
   cols: 3
   dt: d
   data: [ 1.0004621971371686e+00, 9.7303636184362715e-03,
       4.2702564770911652e-04, -9.6877246731427533e-03,
       1.0005742434836313e+00, 1.0420027358652986e-03,
       -4.1396970109399192e-04, -9.5060729256234784e-04,
       9.9968507027391407e-01 ]
T: !!opencv-matrix
   rows: 3
   cols: 1
   dt: d
   data: [ -1.7711791949220796e+02, -1.2360805960029593e+00,
       5.6658558878743008e+00 ]
E: !!opencv-matrix
   rows: 0
   cols: 0
   dt: u
   data: []
F: !!opencv-matrix
   rows: 0
   cols: 0
   dt: u
   data: []
K1: !!opencv-matrix
   rows: 3
   cols: 3
   dt: d
   data: [ 3.6619442195486482e+02, 0., 3.7800900657017900e+02, 0.,
       3.6631176586975289e+02, 2.2959692910978347e+02, 0., 0., 1. ]
D1: !!opencv-matrix
   rows: 5
   cols: 1
   dt: d
   data: [ -2.1502618721754269e-02, -1.2951184946942121e-03,
       -3.4127852927748451e-04, 2.7086966768530415e-04,
       4.7803342796299170e-04 ]
P1: !!opencv-matrix
   rows: 3
   cols: 4
   dt: f
   data: [ 3.57663910e+02, 0., 3.96922760e+02, 0., 0., 3.57663910e+02,
       2.24549271e+02, 0., 0., 0., 1., 0. ]
R1: !!opencv-matrix
   rows: 3
   cols: 3
   dt: f
   data: [ 9.99551237e-01, 1.62183382e-02, -2.51860842e-02,
       -1.62076894e-02, 9.99868453e-01, 6.26832014e-04, 2.51929387e-02,
       -2.18342437e-04, 9.99682605e-01 ]
K2: !!opencv-matrix
   rows: 3
   cols: 3
   dt: d
   data: [ 3.6684495620748953e+02, 0., 3.7586764757372902e+02, 0.,
       3.6714722400637692e+02, 2.2165240635390552e+02, 0., 0., 1. ]
D2: !!opencv-matrix
   rows: 5
   cols: 1
   dt: d
   data: [ -2.2125888778928394e-02, -1.1613594850445373e-03,
       2.4824541603873712e-04, -1.2117770058109102e-04,
       4.8874862320422683e-04 ]
P2: !!opencv-matrix
   rows: 3
   cols: 4
   dt: f
   data: [ 3.57663910e+02, 0., 3.96922760e+02, -6.33590234e+04, 0.,
       3.57663910e+02, 2.24549271e+02, 0., 0., 0., 1., 0. ]
R2: !!opencv-matrix
   rows: 3
   cols: 3
   dt: f
   data: [ 9.99649584e-01, 6.48322189e-03, -2.56647356e-02,
       -6.49406901e-03, 9.99978840e-01, -3.39322811e-04, 2.56619938e-02,
       5.05872478e-04, 9.99670565e-01 ]
