%YAML:1.0
---
Q: !!opencv-matrix
   rows: 4
   cols: 4
   dt: f
   data: [ 1., 0., 0., -3.94219330e+02, 0., 1., 0., -2.24540161e+02, 0.,
       0., 0., 3.57744415e+02, 0., 0., 5.54648088e-03, 0. ]
R: !!opencv-matrix
   rows: 3
   cols: 3
   dt: d
   data: [ 9.9998762504727534e-01, 9.9567769342453986e-03,
       1.1155290815155251e-03, -9.8925798285316169e-03,
       1.0002391357301674e+00, 1.0017805114452987e-03,
       -1.0989539724511424e-03, -5.6990329306232850e-04,
       9.9992754134110640e-01 ]
T: !!opencv-matrix
   rows: 3
   cols: 1
   dt: d
   data: [ -1.8001479907883305e+02, -1.7607771676215909e+00,
       3.5341501886981943e+00 ]
E: !!opencv-matrix
   rows: 0
   cols: 0
   dt: u
   data: []
F: !!opencv-matrix
   rows: 0
   cols: 0
   dt: u
   data: []
K1: !!opencv-matrix
   rows: 3
   cols: 3
   dt: d
   data: [ 3.6619442195486482e+02, 0., 3.7800900657017900e+02, 0.,
       3.6631176586975289e+02, 2.2959692910978347e+02, 0., 0., 1. ]
D1: !!opencv-matrix
   rows: 5
   cols: 1
   dt: d
   data: [ -2.1502618721754269e-02, -1.2951184946942121e-03,
       -3.4127852927748451e-04, 2.7086966768530415e-04,
       4.7803342796299170e-04 ]
P1: !!opencv-matrix
   rows: 3
   cols: 4
   dt: f
   data: [ 3.57744415e+02, 0., 3.94219330e+02, 0., 0., 3.57744415e+02,
       2.24540161e+02, 0., 0., 0., 1., 0. ]
R1: !!opencv-matrix
   rows: 3
   cols: 3
   dt: f
   data: [ 9.99589801e-01, 1.89658068e-02, -2.14586444e-02,
       -1.89597011e-02, 9.99820113e-01, 4.87944315e-04, 2.14640386e-02,
       -8.08946716e-05, 9.99769628e-01 ]
K2: !!opencv-matrix
   rows: 3
   cols: 3
   dt: d
   data: [ 3.6684495620748953e+02, 0., 3.7586764757372902e+02, 0.,
       3.6714722400637692e+02, 2.2165240635390552e+02, 0., 0., 1. ]
D2: !!opencv-matrix
   rows: 5
   cols: 1
   dt: d
   data: [ -2.2125888778928394e-02, -1.1613594850445373e-03,
       2.4824541603873712e-04, -1.2117770058109102e-04,
       4.8874862320422683e-04 ]
P2: !!opencv-matrix
   rows: 3
   cols: 4
   dt: f
   data: [ 3.57744415e+02, 0., 3.94219330e+02, -6.44993477e+04, 0.,
       3.57744415e+02, 2.24540161e+02, 0., 0., 0., 1., 0. ]
R2: !!opencv-matrix
   rows: 3
   cols: 3
   dt: f
   data: [ 9.99704242e-01, 9.01038758e-03, -2.25893930e-02,
       -9.01681371e-03, 9.99959350e-01, -1.82612464e-04, 2.25868281e-02,
       3.86242784e-04, 9.99744833e-01 ]
