%YAML:1.0
---
Q: !!opencv-matrix
   rows: 4
   cols: 4
   dt: f
   data: [ 1., 0., 0., -4.04358337e+02, 0., 1., 0., -2.24541641e+02, 0.,
       0., 0., 3.57490814e+02, 0., 0., 5.60606411e-03, 0. ]
R: !!opencv-matrix
   rows: 3
   cols: 3
   dt: d
   data: [ 9.9982584378977113e-01, 9.5243641838316986e-03,
       4.2297671744795845e-04, -9.5870039246629922e-03,
       1.0005468382239651e+00, 6.0630292364931542e-04,
       -4.2853957041610354e-04, -9.2276455364952528e-04,
       1.0000129610434254e+00 ]
T: !!opencv-matrix
   rows: 3
   cols: 1
   dt: d
   data: [ -1.7775075805211571e+02, -3.2000646659261411e-01,
       5.8301463303112131e+00 ]
E: !!opencv-matrix
   rows: 0
   cols: 0
   dt: u
   data: []
F: !!opencv-matrix
   rows: 0
   cols: 0
   dt: u
   data: []
K1: !!opencv-matrix
   rows: 3
   cols: 3
   dt: d
   data: [ 3.6619442195486482e+02, 0., 3.7800900657017900e+02, 0.,
       3.6631176586975289e+02, 2.2959692910978347e+02, 0., 0., 1. ]
D1: !!opencv-matrix
   rows: 5
   cols: 1
   dt: d
   data: [ -2.1502618721754269e-02, -1.2951184946942121e-03,
       -3.4127852927748451e-04, 2.7086966768530415e-04,
       4.7803342796299170e-04 ]
P1: !!opencv-matrix
   rows: 3
   cols: 4
   dt: f
   data: [ 3.57490814e+02, 0., 4.04358337e+02, 0., 0., 3.57490814e+02,
       2.24541641e+02, 0., 0., 0., 1., 0. ]
R1: !!opencv-matrix
   rows: 3
   cols: 3
   dt: f
   data: [ 9.99317348e-01, 1.29876481e-02, -3.45857069e-02,
       -1.29800187e-02, 9.99915659e-01, 4.45122860e-04, 3.45885716e-02,
       4.10415169e-06, 9.99401629e-01 ]
K2: !!opencv-matrix
   rows: 3
   cols: 3
   dt: d
   data: [ 3.6684495620748953e+02, 0., 3.7586764757372902e+02, 0.,
       3.6714722400637692e+02, 2.2165240635390552e+02, 0., 0., 1. ]
D2: !!opencv-matrix
   rows: 5
   cols: 1
   dt: d
   data: [ -2.2125888778928394e-02, -1.1613594850445373e-03,
       2.4824541603873712e-04, -1.2117770058109102e-04,
       4.8874862320422683e-04 ]
P2: !!opencv-matrix
   rows: 3
   cols: 4
   dt: f
   data: [ 3.57490814e+02, 0., 4.04358337e+02, -6.37685898e+04, 0.,
       3.57490814e+02, 2.24541641e+02, 0., 0., 0., 1., 0. ]
R2: !!opencv-matrix
   rows: 3
   cols: 3
   dt: f
   data: [ 9.99378383e-01, 3.33374902e-03, -3.50956507e-02,
       -3.34149040e-03, 9.99994397e-01, -1.61927150e-04, 3.50949131e-02,
       2.79098283e-04, 9.99383926e-01 ]
