%YAML:1.0
---
Q: !!opencv-matrix
   rows: 4
   cols: 4
   dt: f
   data: [ 1., 0., 0., -3.97688232e+02, 0., 1., 0., -2.24297058e+02, 0.,
       0., 0., 3.59087402e+02, 0., 0., 5.52361086e-03, 0. ]
R: !!opencv-matrix
   rows: 3
   cols: 3
   dt: d
   data: [ 9.9929569219995362e-01, 1.0237149977559879e-02,
       9.0166971990058003e-04, -1.0034643051201846e-02,
       1.0007646735608360e+00, 1.7713565308741666e-03,
       -1.0604981193800063e-03, 9.5490149509115771e-04,
       1.0003381051620539e+00 ]
T: !!opencv-matrix
   rows: 3
   cols: 1
   dt: d
   data: [ -1.8174705041070203e+02, -3.8901413839288455e+00,
       3.2604057528779733e+00 ]
E: !!opencv-matrix
   rows: 0
   cols: 0
   dt: u
   data: []
F: !!opencv-matrix
   rows: 0
   cols: 0
   dt: u
   data: []
K1: !!opencv-matrix
   rows: 3
   cols: 3
   dt: d
   data: [ 3.6619442195486482e+02, 0., 3.7800900657017900e+02, 0.,
       3.6631176586975289e+02, 2.2959692910978347e+02, 0., 0., 1. ]
D1: !!opencv-matrix
   rows: 5
   cols: 1
   dt: d
   data: [ -2.1502618721754269e-02, -1.2951184946942121e-03,
       -3.4127852927748451e-04, 2.7086966768530415e-04,
       4.7803342796299170e-04 ]
P1: !!opencv-matrix
   rows: 3
   cols: 4
   dt: f
   data: [ 3.59087402e+02, 0., 3.97688232e+02, 0., 0., 3.59087402e+02,
       2.24297058e+02, 0., 0., 0., 1., 0. ]
R1: !!opencv-matrix
   rows: 3
   cols: 3
   dt: f
   data: [ 9.99127090e-01, 3.24374884e-02, -2.63227224e-02,
       -3.24319117e-02, 9.99473751e-01, 6.38895668e-04, 2.63295937e-02,
       2.15358290e-04, 9.99653280e-01 ]
K2: !!opencv-matrix
   rows: 3
   cols: 3
   dt: d
   data: [ 3.6684495620748953e+02, 0., 3.7586764757372902e+02, 0.,
       3.6714722400637692e+02, 2.2165240635390552e+02, 0., 0., 1. ]
D2: !!opencv-matrix
   rows: 5
   cols: 1
   dt: d
   data: [ -2.2125888778928394e-02, -1.1613594850445373e-03,
       2.4824541603873712e-04, -1.2117770058109102e-04,
       4.8874862320422683e-04 ]
P2: !!opencv-matrix
   rows: 3
   cols: 4
   dt: f
   data: [ 3.59087402e+02, 0., 3.97688232e+02, -6.50095391e+04, 0.,
       3.59087402e+02, 2.24297058e+02, 0., 0., 0., 1., 0. ]
R2: !!opencv-matrix
   rows: 3
   cols: 3
   dt: f
   data: [ 9.99382973e-01, 2.23513488e-02, -2.70931851e-02,
       -2.23570876e-02, 9.99750018e-01, 9.11082243e-05, 2.70884484e-02,
       5.14672720e-04, 9.99632895e-01 ]
