%YAML:1.0
---
Q: !!opencv-matrix
   rows: 4
   cols: 4
   dt: f
   data: [ 1., 0., 0., -4.12420654e+02, 0., 1., 0., -2.24245453e+02, 0.,
       0., 0., 3.58426361e+02, 0., 0., 5.66009898e-03, 0. ]
R: !!opencv-matrix
   rows: 3
   cols: 3
   dt: d
   data: [ 9.9992586489733670e-01, 9.8325021321376826e-03,
       4.4316796853732468e-04, -9.8606203336703887e-03,
       1.0008629766022821e+00, 1.2795007861506264e-03,
       -4.4062601621595382e-04, -1.3318026620193955e-03,
       9.9991015714783882e-01 ]
T: !!opencv-matrix
   rows: 3
   cols: 1
   dt: d
   data: [ -1.7669500603083785e+02, -1.9015283964999457e+00,
       7.6134106998058630e+00 ]
E: !!opencv-matrix
   rows: 0
   cols: 0
   dt: u
   data: []
F: !!opencv-matrix
   rows: 0
   cols: 0
   dt: u
   data: []
K1: !!opencv-matrix
   rows: 3
   cols: 3
   dt: d
   data: [ 3.6619442195486482e+02, 0., 3.7800900657017900e+02, 0.,
       3.6631176586975289e+02, 2.2959692910978347e+02, 0., 0., 1. ]
D1: !!opencv-matrix
   rows: 5
   cols: 1
   dt: d
   data: [ -2.1502618721754269e-02, -1.2951184946942121e-03,
       -3.4127852927748451e-04, 2.7086966768530415e-04,
       4.7803342796299170e-04 ]
P1: !!opencv-matrix
   rows: 3
   cols: 4
   dt: f
   data: [ 3.58426361e+02, 0., 4.12420654e+02, 0., 0., 3.58426361e+02,
       2.24245453e+02, 0., 0., 0., 1., 0. ]
R1: !!opencv-matrix
   rows: 3
   cols: 3
   dt: f
   data: [ 9.98734415e-01, 2.23742146e-02, -4.50442731e-02,
       -2.23477688e-02, 9.99749660e-01, 1.09067187e-03, 4.50574011e-02,
       -8.26525575e-05, 9.98984396e-01 ]
K2: !!opencv-matrix
   rows: 3
   cols: 3
   dt: d
   data: [ 3.6684495620748953e+02, 0., 3.7586764757372902e+02, 0.,
       3.6714722400637692e+02, 2.2165240635390552e+02, 0., 0., 1. ]
D2: !!opencv-matrix
   rows: 5
   cols: 1
   dt: d
   data: [ -2.2125888778928394e-02, -1.1613594850445373e-03,
       2.4824541603873712e-04, -1.2117770058109102e-04,
       4.8874862320422683e-04 ]
P2: !!opencv-matrix
   rows: 3
   cols: 4
   dt: f
   data: [ 3.58426361e+02, 0., 4.12420654e+02, -6.33251016e+04, 0.,
       3.58426361e+02, 2.24245453e+02, 0., 0., 0., 1., 0. ]
R2: !!opencv-matrix
   rows: 3
   cols: 3
   dt: f
   data: [ 9.98887777e-01, 1.24994023e-02, -4.54634055e-02,
       -1.25260875e-02, 9.99921501e-01, -3.02113447e-04, 4.54560630e-02,
       8.71256052e-04, 9.98965979e-01 ]
