%YAML:1.0
---
Q: !!opencv-matrix
   rows: 4
   cols: 4
   dt: f
   data: [ 1., 0., 0., -3.86048492e+02, 0., 1., 0., -2.24540131e+02, 0.,
       0., 0., 3.57932037e+02, 0., 0., 5.48236724e-03, 0. ]
R: !!opencv-matrix
   rows: 3
   cols: 3
   dt: d
   data: [ 9.9925716883603899e-01, 1.0377108430811854e-02,
       1.1374998893810605e-03, -1.0046238748709633e-02,
       1.0004546620387547e+00, 1.3484729030347432e-03,
       -1.3063172351539744e-03, 1.0315753465675187e-03,
       1.0004230600655795e+00 ]
T: !!opencv-matrix
   rows: 3
   cols: 1
   dt: d
   data: [ -1.8279225551726049e+02, -3.3635035580203350e+00,
       1.0675463842649302e+00 ]
E: !!opencv-matrix
   rows: 0
   cols: 0
   dt: u
   data: []
F: !!opencv-matrix
   rows: 0
   cols: 0
   dt: u
   data: []
K1: !!opencv-matrix
   rows: 3
   cols: 3
   dt: d
   data: [ 3.6619442195486482e+02, 0., 3.7800900657017900e+02, 0.,
       3.6631176586975289e+02, 2.2959692910978347e+02, 0., 0., 1. ]
D1: !!opencv-matrix
   rows: 5
   cols: 1
   dt: d
   data: [ -2.1502618721754269e-02, -1.2951184946942121e-03,
       -3.4127852927748451e-04, 2.7086966768530415e-04,
       4.7803342796299170e-04 ]
P1: !!opencv-matrix
   rows: 3
   cols: 4
   dt: f
   data: [ 3.57932037e+02, 0., 3.86048492e+02, 0., 0., 3.57932037e+02,
       2.24540131e+02, 0., 0., 0., 1., 0. ]
R1: !!opencv-matrix
   rows: 3
   cols: 3
   dt: f
   data: [ 9.99481976e-01, 3.01597621e-02, -1.12338169e-02,
       -3.01588383e-02, 9.99545097e-01, 2.51792691e-04, 1.12362998e-02,
       8.71365992e-05, 9.99936879e-01 ]
K2: !!opencv-matrix
   rows: 3
   cols: 3
   dt: d
   data: [ 3.6684495620748953e+02, 0., 3.7586764757372902e+02, 0.,
       3.6714722400637692e+02, 2.2165240635390552e+02, 0., 0., 1. ]
D2: !!opencv-matrix
   rows: 5
   cols: 1
   dt: d
   data: [ -2.2125888778928394e-02, -1.1613594850445373e-03,
       2.4824541603873712e-04, -1.2117770058109102e-04,
       4.8874862320422683e-04 ]
P2: !!opencv-matrix
   rows: 3
   cols: 4
   dt: f
   data: [ 3.57932037e+02, 0., 3.86048492e+02, -6.52878633e+04, 0.,
       3.57932037e+02, 2.24540131e+02, 0., 0., 0., 1., 0. ]
R2: !!opencv-matrix
   rows: 3
   cols: 3
   dt: f
   data: [ 9.99724388e-01, 1.99706499e-02, -1.23410216e-02,
       -1.99716669e-02, 9.99800563e-01, 4.09079912e-05, 1.23393768e-02,
       2.05574062e-04, 9.99923825e-01 ]
