%YAML:1.0
---
Q: !!opencv-matrix
   rows: 4
   cols: 4
   dt: f
   data: [ 1., 0., 0., -3.82705811e+02, 0., 1., 0., -2.24650833e+02, 0.,
       0., 0., 3.56278839e+02, 0., 0., 5.61704859e-03, 0. ]
R: !!opencv-matrix
   rows: 3
   cols: 3
   dt: d
   data: [ 9.9978783461748422e-01, 9.9915410890705179e-03,
       1.4186574469509346e-03, -9.9261952201506257e-03,
       1.0000831331293165e+00, 7.6257361782232521e-04,
       -1.6077302376319908e-03, -1.3561481520489574e-03,
       1.0001385939757030e+00 ]
T: !!opencv-matrix
   rows: 3
   cols: 1
   dt: d
   data: [ -1.7828267709529152e+02, -1.5205034231242633e+00,
       1.6917515344113003e+00 ]
E: !!opencv-matrix
   rows: 0
   cols: 0
   dt: u
   data: []
F: !!opencv-matrix
   rows: 0
   cols: 0
   dt: u
   data: []
K1: !!opencv-matrix
   rows: 3
   cols: 3
   dt: d
   data: [ 3.6619442195486482e+02, 0., 3.7800900657017900e+02, 0.,
       3.6631176586975289e+02, 2.2959692910978347e+02, 0., 0., 1. ]
D1: !!opencv-matrix
   rows: 5
   cols: 1
   dt: d
   data: [ -2.1502618721754269e-02, -1.2951184946942121e-03,
       -3.4127852927748451e-04, 2.7086966768530415e-04,
       4.7803342796299170e-04 ]
P1: !!opencv-matrix
   rows: 3
   cols: 4
   dt: f
   data: [ 3.56278839e+02, 0., 3.82705811e+02, 0., 0., 3.56278839e+02,
       2.24650833e+02, 0., 0., 0., 1., 0. ]
R1: !!opencv-matrix
   rows: 3
   cols: 3
   dt: f
   data: [ 9.99771535e-01, 2.03343704e-02, -6.58655353e-03,
       -2.03312561e-02, 9.99793172e-01, 5.39344153e-04, 6.59615872e-03,
       -4.05308034e-04, 9.99978185e-01 ]
K2: !!opencv-matrix
   rows: 3
   cols: 3
   dt: d
   data: [ 3.6684495620748953e+02, 0., 3.7586764757372902e+02, 0.,
       3.6714722400637692e+02, 2.2165240635390552e+02, 0., 0., 1. ]
D2: !!opencv-matrix
   rows: 5
   cols: 1
   dt: d
   data: [ -2.2125888778928394e-02, -1.1613594850445373e-03,
       2.4824541603873712e-04, -1.2117770058109102e-04,
       4.8874862320422683e-04 ]
P2: !!opencv-matrix
   rows: 3
   cols: 4
   dt: f
   data: [ 3.56278839e+02, 0., 3.82705811e+02, -6.34281250e+04, 0.,
       3.56278839e+02, 2.24650833e+02, 0., 0., 0., 1., 0. ]
R2: !!opencv-matrix
   rows: 3
   cols: 3
   dt: f
   data: [ 9.99913812e-01, 1.03625748e-02, -8.06150772e-03,
       -1.03663811e-02, 9.99946177e-01, -4.30577144e-04, 8.05661269e-03,
       5.14108688e-04, 9.99967396e-01 ]
