%YAML:1.0
---
Q: !!opencv-matrix
   rows: 4
   cols: 4
   dt: f
   data: [ 1., 0., 0., -3.90184540e+02, 0., 1., 0., -2.24607635e+02, 0.,
       0., 0., 3.57747772e+02, 0., 0., 5.52354753e-03, 0. ]
R: !!opencv-matrix
   rows: 3
   cols: 3
   dt: d
   data: [ 1.0000560841066179e+00, 1.0021483084959516e-02,
       1.1803307841254961e-03, -9.9921839137200458e-03,
       1.0003986643787108e+00, 1.1817352861232910e-03,
       -9.4951400940549444e-04, -2.9911590385297459e-04,
       9.9982134297538072e-01 ]
T: !!opencv-matrix
   rows: 3
   cols: 1
   dt: d
   data: [ -1.8058269341238503e+02, -2.0585735725348147e+00,
       4.6562176408145284e+00 ]
E: !!opencv-matrix
   rows: 0
   cols: 0
   dt: u
   data: []
F: !!opencv-matrix
   rows: 0
   cols: 0
   dt: u
   data: []
K1: !!opencv-matrix
   rows: 3
   cols: 3
   dt: d
   data: [ 3.6619442195486482e+02, 0., 3.7800900657017900e+02, 0.,
       3.6631176586975289e+02, 2.2959692910978347e+02, 0., 0., 1. ]
D1: !!opencv-matrix
   rows: 5
   cols: 1
   dt: d
   data: [ -2.1502618721754269e-02, -1.2951184946942121e-03,
       -3.4127852927748451e-04, 2.7086966768530415e-04,
       4.7803342796299170e-04 ]
P1: !!opencv-matrix
   rows: 3
   cols: 4
   dt: f
   data: [ 3.57747772e+02, 0., 3.90184540e+02, 0., 0., 3.57747772e+02,
       2.24607635e+02, 0., 0., 0., 1., 0. ]
R1: !!opencv-matrix
   rows: 3
   cols: 3
   dt: f
   data: [ 9.99731839e-01, 1.65549479e-02, -1.61921177e-02,
       -1.65495537e-02, 9.99862909e-01, 4.67150792e-04, 1.61976311e-02,
       -1.99053218e-04, 9.99868810e-01 ]
K2: !!opencv-matrix
   rows: 3
   cols: 3
   dt: d
   data: [ 3.6684495620748953e+02, 0., 3.7586764757372902e+02, 0.,
       3.6714722400637692e+02, 2.2165240635390552e+02, 0., 0., 1. ]
D2: !!opencv-matrix
   rows: 5
   cols: 1
   dt: d
   data: [ -2.2125888778928394e-02, -1.1613594850445373e-03,
       2.4824541603873712e-04, -1.2117770058109102e-04,
       4.8874862320422683e-04 ]
P2: !!opencv-matrix
   rows: 3
   cols: 4
   dt: f
   data: [ 3.57747772e+02, 0., 3.90184540e+02, -6.47677578e+04, 0.,
       3.57747772e+02, 2.24607635e+02, 0., 0., 0., 1., 0. ]
R2: !!opencv-matrix
   rows: 3
   cols: 3
   dt: f
   data: [ 9.99825954e-01, 6.59517990e-03, -1.74516216e-02,
       -6.60099322e-03, 9.99978185e-01, -2.75534810e-04, 1.74494237e-02,
       3.90684902e-04, 9.99847651e-01 ]
