%YAML:1.0
---
Q: !!opencv-matrix
   rows: 4
   cols: 4
   dt: f
   data: [ 1., 0., 0., -4.05981445e+02, 0., 1., 0., -2.24620758e+02, 0.,
       0., 0., 3.57203705e+02, 0., 0., 5.71772875e-03, 0. ]
R: !!opencv-matrix
   rows: 3
   cols: 3
   dt: d
   data: [ 9.9997600345459681e-01, 9.5856553482448186e-03,
       4.8586374079308210e-04, -9.8180275998097106e-03,
       1.0002490757639908e+00, 4.8395870899320647e-04,
       -5.8470881758828600e-04, -1.3649791551429541e-03,
       1.0000505532019399e+00 ]
T: !!opencv-matrix
   rows: 3
   cols: 1
   dt: d
   data: [ -1.7512213104324954e+02, 4.0730012090830503e-01,
       5.3885123269322666e+00 ]
E: !!opencv-matrix
   rows: 0
   cols: 0
   dt: u
   data: []
F: !!opencv-matrix
   rows: 0
   cols: 0
   dt: u
   data: []
K1: !!opencv-matrix
   rows: 3
   cols: 3
   dt: d
   data: [ 3.6619442195486482e+02, 0., 3.7800900657017900e+02, 0.,
       3.6631176586975289e+02, 2.2959692910978347e+02, 0., 0., 1. ]
D1: !!opencv-matrix
   rows: 5
   cols: 1
   dt: d
   data: [ -2.1502618721754269e-02, -1.2951184946942121e-03,
       -3.4127852927748451e-04, 2.7086966768530415e-04,
       4.7803342796299170e-04 ]
P1: !!opencv-matrix
   rows: 3
   cols: 4
   dt: f
   data: [ 3.57203705e+02, 0., 4.05981445e+02, 0., 0., 3.57203705e+02,
       2.24620758e+02, 0., 0., 0., 1., 0. ]
R1: !!opencv-matrix
   rows: 3
   cols: 3
   dt: f
   data: [ 9.99292850e-01, 8.57804250e-03, -3.66081558e-02,
       -8.56115483e-03, 9.99963164e-01, 6.18063495e-04, 3.66121083e-02,
       -3.04218382e-04, 9.99329507e-01 ]
K2: !!opencv-matrix
   rows: 3
   cols: 3
   dt: d
   data: [ 3.6684495620748953e+02, 0., 3.7586764757372902e+02, 0.,
       3.6714722400637692e+02, 2.2165240635390552e+02, 0., 0., 1. ]
D2: !!opencv-matrix
   rows: 5
   cols: 1
   dt: d
   data: [ -2.2125888778928394e-02, -1.1613594850445373e-03,
       2.4824541603873712e-04, -1.2117770058109102e-04,
       4.8874862320422683e-04 ]
P2: !!opencv-matrix
   rows: 3
   cols: 4
   dt: f
   data: [ 3.57203705e+02, 0., 4.05981445e+02, -6.24730039e+04, 0.,
       3.57203705e+02, 2.24620758e+02, 0., 0., 0., 1., 0. ]
R2: !!opencv-matrix
   rows: 3
   cols: 3
   dt: f
   data: [ 9.99313414e-01, -1.13492145e-03, -3.70328091e-02,
       1.11783808e-03, 9.99999285e-01, -4.82007134e-04, 3.70333306e-02,
       4.40279517e-04, 9.99313951e-01 ]
