%YAML:1.0
---
Q: !!opencv-matrix
   rows: 4
   cols: 4
   dt: f
   data: [ 1., 0., 0., -3.95366669e+02, 0., 1., 0., -2.24477890e+02, 0.,
       0., 0., 3.58063751e+02, 0., 0., 5.53611899e-03, 0. ]
R: !!opencv-matrix
   rows: 3
   cols: 3
   dt: d
   data: [ 9.9997282051444947e-01, 1.0072586402619899e-02,
       1.1676733670682741e-03, -1.0001588644428861e-02,
       1.0004170492597275e+00, 1.2534955862115030e-03,
       -1.0239916352116291e-03, -1.8407044699597056e-04,
       9.9987113481477430e-01 ]
T: !!opencv-matrix
   rows: 3
   cols: 1
   dt: d
   data: [ -1.8074614396337464e+02, -2.3695761361534413e+00,
       4.4297259780424012e+00 ]
E: !!opencv-matrix
   rows: 0
   cols: 0
   dt: u
   data: []
F: !!opencv-matrix
   rows: 0
   cols: 0
   dt: u
   data: []
K1: !!opencv-matrix
   rows: 3
   cols: 3
   dt: d
   data: [ 3.6619442195486482e+02, 0., 3.7800900657017900e+02, 0.,
       3.6631176586975289e+02, 2.2959692910978347e+02, 0., 0., 1. ]
D1: !!opencv-matrix
   rows: 5
   cols: 1
   dt: d
   data: [ -2.1502618721754269e-02, -1.2951184946942121e-03,
       -3.4127852927748451e-04, 2.7086966768530415e-04,
       4.7803342796299170e-04 ]
P1: !!opencv-matrix
   rows: 3
   cols: 4
   dt: f
   data: [ 3.58063751e+02, 0., 3.95366669e+02, 0., 0., 3.58063751e+02,
       2.24477890e+02, 0., 0., 0., 1., 0. ]
R1: !!opencv-matrix
   rows: 3
   cols: 3
   dt: f
   data: [ 9.99478817e-01, 2.26288512e-02, -2.30222717e-02,
       -2.26218998e-02, 9.99743938e-01, 5.62357949e-04, 2.30291020e-02,
       -4.12573499e-05, 9.99734819e-01 ]
K2: !!opencv-matrix
   rows: 3
   cols: 3
   dt: d
   data: [ 3.6684495620748953e+02, 0., 3.7586764757372902e+02, 0.,
       3.6714722400637692e+02, 2.2165240635390552e+02, 0., 0., 1. ]
D2: !!opencv-matrix
   rows: 5
   cols: 1
   dt: d
   data: [ -2.2125888778928394e-02, -1.1613594850445373e-03,
       2.4824541603873712e-04, -1.2117770058109102e-04,
       4.8874862320422683e-04 ]
P2: !!opencv-matrix
   rows: 3
   cols: 4
   dt: f
   data: [ 3.58063751e+02, 0., 3.95366669e+02, -6.46777578e+04, 0.,
       3.58063751e+02, 2.24477890e+02, 0., 0., 0., 1., 0. ]
R2: !!opencv-matrix
   rows: 3
   cols: 3
   dt: f
   data: [ 9.99630272e-01, 1.26013076e-02, -2.40937714e-02,
       -1.26085803e-02, 9.99920487e-01, -1.49952684e-04, 2.40899660e-02,
       4.53685498e-04, 9.99709666e-01 ]
