%YAML:1.0
---
Q: !!opencv-matrix
   rows: 4
   cols: 4
   dt: f
   data: [ 1., 0., 0., -3.87858002e+02, 0., 1., 0., -2.24557709e+02, 0.,
       0., 0., 3.58005280e+02, 0., 0., 5.49628120e-03, 0. ]
R: !!opencv-matrix
   rows: 3
   cols: 3
   dt: d
   data: [ 9.9958796914778236e-01, 1.0342458452674652e-02,
       1.3246937646663587e-03, -1.0038241314543997e-02,
       1.0004376353097630e+00, 1.2060937184566994e-03,
       -1.5016970517319405e-03, 3.8879625050480690e-04,
       1.0002012134047349e+00 ]
T: !!opencv-matrix
   rows: 3
   cols: 1
   dt: d
   data: [ -1.8224287345071491e+02, -2.4423261749584091e+00,
       2.5763900083098639e+00 ]
E: !!opencv-matrix
   rows: 0
   cols: 0
   dt: u
   data: []
F: !!opencv-matrix
   rows: 0
   cols: 0
   dt: u
   data: []
K1: !!opencv-matrix
   rows: 3
   cols: 3
   dt: d
   data: [ 3.6619442195486482e+02, 0., 3.7800900657017900e+02, 0.,
       3.6631176586975289e+02, 2.2959692910978347e+02, 0., 0., 1. ]
D1: !!opencv-matrix
   rows: 5
   cols: 1
   dt: d
   data: [ -2.1502618721754269e-02, -1.2951184946942121e-03,
       -3.4127852927748451e-04, 2.7086966768530415e-04,
       4.7803342796299170e-04 ]
P1: !!opencv-matrix
   rows: 3
   cols: 4
   dt: f
   data: [ 3.58005280e+02, 0., 3.87858002e+02, 0., 0., 3.58005280e+02,
       2.24557709e+02, 0., 0., 0., 1., 0. ]
R1: !!opencv-matrix
   rows: 3
   cols: 3
   dt: f
   data: [ 9.99607742e-01, 2.46365573e-02, -1.33183533e-02,
       -2.46343948e-02, 9.99696493e-01, 3.26410285e-04, 1.33223524e-02,
       1.80730456e-06, 9.99911249e-01 ]
K2: !!opencv-matrix
   rows: 3
   cols: 3
   dt: d
   data: [ 3.6684495620748953e+02, 0., 3.7586764757372902e+02, 0.,
       3.6714722400637692e+02, 2.2165240635390552e+02, 0., 0., 1. ]
D2: !!opencv-matrix
   rows: 5
   cols: 1
   dt: d
   data: [ -2.2125888778928394e-02, -1.1613594850445373e-03,
       2.4824541603873712e-04, -1.2117770058109102e-04,
       4.8874862320422683e-04 ]
P2: !!opencv-matrix
   rows: 3
   cols: 4
   dt: f
   data: [ 3.58005280e+02, 0., 3.87858002e+02, -6.51359063e+04, 0.,
       3.58005280e+02, 2.24557709e+02, 0., 0., 0., 1., 0. ]
R2: !!opencv-matrix
   rows: 3
   cols: 3
   dt: f
   data: [ 9.99787807e-01, 1.44544793e-02, -1.46768615e-02,
       -1.44568617e-02, 9.99895513e-01, -5.62240893e-05, 1.46745145e-02,
       2.68393516e-04, 9.99892294e-01 ]
