%YAML:1.0
---
Q: !!opencv-matrix
   rows: 4
   cols: 4
   dt: f
   data: [ 1., 0., 0., -4.05828308e+02, 0., 1., 0., -2.24164474e+02, 0.,
       0., 0., 3.59188171e+02, 0., 0., 5.58475964e-03, 0. ]
R: !!opencv-matrix
   rows: 3
   cols: 3
   dt: d
   data: [ 9.9970428799694699e-01, 1.0178997239711369e-02,
       8.0107985387796780e-04, -1.0001232144161603e-02,
       1.0010361329589397e+00, 1.4723096603983649e-03,
       -7.5317920926202587e-04, -2.1646849602671210e-04,
       9.9997293825382305e-01 ]
T: !!opencv-matrix
   rows: 3
   cols: 1
   dt: d
   data: [ -1.7865739614207928e+02, -3.3338728490569780e+00,
       6.2708145451832653e+00 ]
E: !!opencv-matrix
   rows: 0
   cols: 0
   dt: u
   data: []
F: !!opencv-matrix
   rows: 0
   cols: 0
   dt: u
   data: []
K1: !!opencv-matrix
   rows: 3
   cols: 3
   dt: d
   data: [ 3.6619442195486482e+02, 0., 3.7800900657017900e+02, 0.,
       3.6631176586975289e+02, 2.2959692910978347e+02, 0., 0., 1. ]
D1: !!opencv-matrix
   rows: 5
   cols: 1
   dt: d
   data: [ -2.1502618721754269e-02, -1.2951184946942121e-03,
       -3.4127852927748451e-04, 2.7086966768530415e-04,
       4.7803342796299170e-04 ]
P1: !!opencv-matrix
   rows: 3
   cols: 4
   dt: f
   data: [ 3.59188171e+02, 0., 4.05828308e+02, 0., 0., 3.59188171e+02,
       2.24164474e+02, 0., 0., 0., 1., 0. ]
R1: !!opencv-matrix
   rows: 3
   cols: 3
   dt: f
   data: [ 9.98849452e-01, 3.09539400e-02, -3.66276205e-02,
       -3.09418961e-02, 9.99520779e-01, 8.95767414e-04, 3.66377942e-02,
       2.38591223e-04, 9.99328554e-01 ]
K2: !!opencv-matrix
   rows: 3
   cols: 3
   dt: d
   data: [ 3.6684495620748953e+02, 0., 3.7586764757372902e+02, 0.,
       3.6714722400637692e+02, 2.2165240635390552e+02, 0., 0., 1. ]
D2: !!opencv-matrix
   rows: 5
   cols: 1
   dt: d
   data: [ -2.2125888778928394e-02, -1.1613594850445373e-03,
       2.4824541603873712e-04, -1.2117770058109102e-04,
       4.8874862320422683e-04 ]
P2: !!opencv-matrix
   rows: 3
   cols: 4
   dt: f
   data: [ 3.59188171e+02, 0., 4.05828308e+02, -6.43157813e+04, 0.,
       3.59188171e+02, 2.24164474e+02, 0., 0., 0., 1., 0. ]
R2: !!opencv-matrix
   rows: 3
   cols: 3
   dt: f
   data: [ 9.99080837e-01, 2.08225716e-02, -3.74680273e-02,
       -2.08348893e-02, 9.99782920e-01, 6.17423575e-05, 3.74611802e-02,
       7.18956580e-04, 9.99297798e-01 ]
