%YAML:1.0
---
Q: !!opencv-matrix
   rows: 4
   cols: 4
   dt: f
   data: [ 1., 0., 0., -3.93238495e+02, 0., 1., 0., -2.24566589e+02, 0.,
       0., 0., 3.57624207e+02, 0., 0., 5.52074984e-03, 0. ]
R: !!opencv-matrix
   rows: 3
   cols: 3
   dt: d
   data: [ 1.0000215511508579e+00, 9.9726708504324132e-03,
       1.2417028476432014e-03, -9.9511551122541363e-03,
       1.0001829033333602e+00, 7.3226706974061377e-04,
       -1.1463472614514671e-03, -8.5615917025720785e-04,
       9.9990130647265696e-01 ]
T: !!opencv-matrix
   rows: 3
   cols: 1
   dt: d
   data: [ -1.8086522571150894e+02, -1.2035011645499274e+00,
       3.8835217044043095e+00 ]
E: !!opencv-matrix
   rows: 0
   cols: 0
   dt: u
   data: []
F: !!opencv-matrix
   rows: 0
   cols: 0
   dt: u
   data: []
K1: !!opencv-matrix
   rows: 3
   cols: 3
   dt: d
   data: [ 3.6619442195486482e+02, 0., 3.7800900657017900e+02, 0.,
       3.6631176586975289e+02, 2.2959692910978347e+02, 0., 0., 1. ]
D1: !!opencv-matrix
   rows: 5
   cols: 1
   dt: d
   data: [ -2.1502618721754269e-02, -1.2951184946942121e-03,
       -3.4127852927748451e-04, 2.7086966768530415e-04,
       4.7803342796299170e-04 ]
P1: !!opencv-matrix
   rows: 3
   cols: 4
   dt: f
   data: [ 3.57624207e+02, 0., 3.93238495e+02, 0., 0., 3.57624207e+02,
       2.24566589e+02, 0., 0., 0., 1., 0. ]
R1: !!opencv-matrix
   rows: 3
   cols: 3
   dt: f
   data: [ 9.99640942e-01, 1.76998172e-02, -2.01166701e-02,
       -1.76927801e-02, 9.99843359e-01, 5.27777127e-04, 2.01228596e-02,
       -1.71667838e-04, 9.99797523e-01 ]
K2: !!opencv-matrix
   rows: 3
   cols: 3
   dt: d
   data: [ 3.6684495620748953e+02, 0., 3.7586764757372902e+02, 0.,
       3.6714722400637692e+02, 2.2165240635390552e+02, 0., 0., 1. ]
D2: !!opencv-matrix
   rows: 5
   cols: 1
   dt: d
   data: [ -2.2125888778928394e-02, -1.1613594850445373e-03,
       2.4824541603873712e-04, -1.2117770058109102e-04,
       4.8874862320422683e-04 ]
P2: !!opencv-matrix
   rows: 3
   cols: 4
   dt: f
   data: [ 3.57624207e+02, 0., 3.93238495e+02, -6.47781992e+04, 0.,
       3.57624207e+02, 2.24566589e+02, 0., 0., 0., 1., 0. ]
R2: !!opencv-matrix
   rows: 3
   cols: 3
   dt: f
   data: [ 9.99741852e-01, 7.70257646e-03, -2.13762801e-02,
       -7.71005312e-03, 9.99970257e-01, -2.67359690e-04, 2.13735830e-02,
       4.32102912e-04, 9.99771476e-01 ]
