%YAML:1.0
---
Q: !!opencv-matrix
   rows: 4
   cols: 4
   dt: f
   data: [ 1., 0., 0., -3.97952942e+02, 0., 1., 0., -2.24532990e+02, 0.,
       0., 0., 3.57663422e+02, 0., 0., 5.65576460e-03, 0. ]
R: !!opencv-matrix
   rows: 3
   cols: 3
   dt: d
   data: [ 1.0001580724000017e+00, 9.7882837612362286e-03,
       7.9837993991698809e-04, -9.8039014557569568e-03,
       1.0002711864658449e+00, 8.0058022580492614e-04,
       -8.5916069836719673e-04, -1.0149797330003898e-03,
       9.9985977649791857e-01 ]
T: !!opencv-matrix
   rows: 3
   cols: 1
   dt: d
   data: [ -1.7674126679895329e+02, -1.2213954481849409e+00,
       4.8036848236453098e+00 ]
E: !!opencv-matrix
   rows: 0
   cols: 0
   dt: u
   data: []
F: !!opencv-matrix
   rows: 0
   cols: 0
   dt: u
   data: []
K1: !!opencv-matrix
   rows: 3
   cols: 3
   dt: d
   data: [ 3.6619442195486482e+02, 0., 3.7800900657017900e+02, 0.,
       3.6631176586975289e+02, 2.2959692910978347e+02, 0., 0., 1. ]
D1: !!opencv-matrix
   rows: 5
   cols: 1
   dt: d
   data: [ -2.1502618721754269e-02, -1.2951184946942121e-03,
       -3.4127852927748451e-04, 2.7086966768530415e-04,
       4.7803342796299170e-04 ]
P1: !!opencv-matrix
   rows: 3
   cols: 4
   dt: f
   data: [ 3.57663422e+02, 0., 3.97952942e+02, 0., 0., 3.57663422e+02,
       2.24532990e+02, 0., 0., 0., 1., 0. ]
R1: !!opencv-matrix
   rows: 3
   cols: 3
   dt: f
   data: [ 9.99513447e-01, 1.67216770e-02, -2.63288822e-02,
       -1.67115163e-02, 9.99860168e-01, 6.05870446e-04, 2.63353307e-02,
       -1.65580132e-04, 9.99653161e-01 ]
K2: !!opencv-matrix
   rows: 3
   cols: 3
   dt: d
   data: [ 3.6684495620748953e+02, 0., 3.7586764757372902e+02, 0.,
       3.6714722400637692e+02, 2.2165240635390552e+02, 0., 0., 1. ]
D2: !!opencv-matrix
   rows: 5
   cols: 1
   dt: d
   data: [ -2.2125888778928394e-02, -1.1613594850445373e-03,
       2.4824541603873712e-04, -1.2117770058109102e-04,
       4.8874862320422683e-04 ]
P2: !!opencv-matrix
   rows: 3
   cols: 4
   dt: f
   data: [ 3.57663422e+02, 0., 3.97952942e+02, -6.32387383e+04, 0.,
       3.57663422e+02, 2.24532990e+02, 0., 0., 0., 1., 0. ]
R2: !!opencv-matrix
   rows: 3
   cols: 3
   dt: f
   data: [ 9.99607027e-01, 6.90792501e-03, -2.71685105e-02,
       -6.91840658e-03, 9.99976039e-01, -2.91810255e-04, 2.71658432e-02,
       4.79658367e-04, 9.99630809e-01 ]
