%YAML:1.0
---
Q: !!opencv-matrix
   rows: 4
   cols: 4
   dt: f
   data: [ 1., 0., 0., -4.04440765e+02, 0., 1., 0., -2.24535370e+02, 0.,
       0., 0., 3.57544647e+02, 0., 0., 5.68061322e-03, 0. ]
R: !!opencv-matrix
   rows: 3
   cols: 3
   dt: d
   data: [ 9.9981095867457581e-01, 1.0007121509643975e-02,
       7.0802052483740407e-04, -9.6846732957285610e-03,
       1.0007021923764090e+00, 1.0829424972301474e-03,
       -6.6242559290390318e-04, 1.9424002971582402e-04,
       1.0000002834077037e+00 ]
T: !!opencv-matrix
   rows: 3
   cols: 1
   dt: d
   data: [ -1.7625677327023161e+02, -3.8863926939671711e-01,
       6.0287727036609402e+00 ]
E: !!opencv-matrix
   rows: 0
   cols: 0
   dt: u
   data: []
F: !!opencv-matrix
   rows: 0
   cols: 0
   dt: u
   data: []
K1: !!opencv-matrix
   rows: 3
   cols: 3
   dt: d
   data: [ 3.6619442195486482e+02, 0., 3.7800900657017900e+02, 0.,
       3.6631176586975289e+02, 2.2959692910978347e+02, 0., 0., 1. ]
D1: !!opencv-matrix
   rows: 5
   cols: 1
   dt: d
   data: [ -2.1502618721754269e-02, -1.2951184946942121e-03,
       -3.4127852927748451e-04, 2.7086966768530415e-04,
       4.7803342796299170e-04 ]
P1: !!opencv-matrix
   rows: 3
   cols: 4
   dt: f
   data: [ 3.57544647e+02, 0., 4.04440765e+02, 0., 0., 3.57544647e+02,
       2.24535370e+02, 0., 0., 0., 1., 0. ]
R1: !!opencv-matrix
   rows: 3
   cols: 3
   dt: f
   data: [ 9.99310255e-01, 1.33663518e-02, -3.46457697e-02,
       -1.33598307e-02, 9.99910653e-01, 4.19712451e-04, 3.46482843e-02,
       4.34387002e-05, 9.99399543e-01 ]
K2: !!opencv-matrix
   rows: 3
   cols: 3
   dt: d
   data: [ 3.6684495620748953e+02, 0., 3.7586764757372902e+02, 0.,
       3.6714722400637692e+02, 2.2165240635390552e+02, 0., 0., 1. ]
D2: !!opencv-matrix
   rows: 5
   cols: 1
   dt: d
   data: [ -2.2125888778928394e-02, -1.1613594850445373e-03,
       2.4824541603873712e-04, -1.2117770058109102e-04,
       4.8874862320422683e-04 ]
P2: !!opencv-matrix
   rows: 3
   cols: 4
   dt: f
   data: [ 3.57544647e+02, 0., 4.04440765e+02, -6.29412070e+04, 0.,
       3.57544647e+02, 2.24535370e+02, 0., 0., 0., 1., 0. ]
R2: !!opencv-matrix
   rows: 3
   cols: 3
   dt: f
   data: [ 9.99372125e-01, 3.52713116e-03, -3.52554210e-02,
       -3.53376614e-03, 9.99993742e-01, -1.25887091e-04, 3.52547541e-02,
       2.50392448e-04, 9.99378324e-01 ]
