%YAML:1.0
---
Q: !!opencv-matrix
   rows: 4
   cols: 4
   dt: f
   data: [ 1., 0., 0., -3.68587036e+02, 0., 1., 0., -2.24784348e+02, 0.,
       0., 0., 3.52044647e+02, 0., 0., 5.47983591e-03, 0. ]
R: !!opencv-matrix
   rows: 3
   cols: 3
   dt: d
   data: [ 1.0002035885386980e+00, 9.7948044928253125e-03,
       1.4722766697857293e-03, -9.8653920805373326e-03,
       9.9950016589932955e-01, 3.2895598612271048e-04,
       -1.4392510259375278e-03, -1.7520465683281152e-03,
       1.0000186279534797e+00 ]
T: !!opencv-matrix
   rows: 3
   cols: 1
   dt: d
   data: [ -1.8242011742999256e+02, -1.0136945116324241e+00,
       -9.4934798270761378e-01 ]
E: !!opencv-matrix
   rows: 0
   cols: 0
   dt: u
   data: []
F: !!opencv-matrix
   rows: 0
   cols: 0
   dt: u
   data: []
K1: !!opencv-matrix
   rows: 3
   cols: 3
   dt: d
   data: [ 3.6619442195486482e+02, 0., 3.7800900657017900e+02, 0.,
       3.6631176586975289e+02, 2.2959692910978347e+02, 0., 0., 1. ]
D1: !!opencv-matrix
   rows: 5
   cols: 1
   dt: d
   data: [ -2.1502618721754269e-02, -1.2951184946942121e-03,
       -3.4127852927748451e-04, 2.7086966768530415e-04,
       4.7803342796299170e-04 ]
P1: !!opencv-matrix
   rows: 3
   cols: 4
   dt: f
   data: [ 3.52044647e+02, 0., 3.68587036e+02, 0., 0., 3.52044647e+02,
       2.24784348e+02, 0., 0., 0., 1., 0. ]
R1: !!opencv-matrix
   rows: 3
   cols: 3
   dt: f
   data: [ 9.99769986e-01, 1.80798210e-02, 1.15392786e-02,
       -1.80827528e-02, 9.99836504e-01, 1.49760075e-04, -1.15346834e-02,
       -3.58387537e-04, 9.99933422e-01 ]
K2: !!opencv-matrix
   rows: 3
   cols: 3
   dt: d
   data: [ 3.6684495620748953e+02, 0., 3.7586764757372902e+02, 0.,
       3.6714722400637692e+02, 2.2165240635390552e+02, 0., 0., 1. ]
D2: !!opencv-matrix
   rows: 5
   cols: 1
   dt: d
   data: [ -2.2125888778928394e-02, -1.1613594850445373e-03,
       2.4824541603873712e-04, -1.2117770058109102e-04,
       4.8874862320422683e-04 ]
P2: !!opencv-matrix
   rows: 3
   cols: 4
   dt: f
   data: [ 3.52044647e+02, 0., 3.68587036e+02, -6.42436484e+04, 0.,
       3.52044647e+02, 2.24784348e+02, 0., 0., 0., 1., 0. ]
R2: !!opencv-matrix
   rows: 3
   cols: 3
   dt: f
   data: [ 9.99916136e-01, 8.16149730e-03, 1.00578107e-02,
       -8.15894082e-03, 9.99966681e-01, -2.95126025e-04, -1.00598847e-02,
       2.13040170e-04, 9.99949396e-01 ]
