%YAML:1.0
---
Q: !!opencv-matrix
   rows: 4
   cols: 4
   dt: f
   data: [ 1., 0., 0., -3.92324188e+02, 0., 1., 0., -2.24599609e+02, 0.,
       0., 0., 3.57727631e+02, 0., 0., 5.63754281e-03, 0. ]
R: !!opencv-matrix
   rows: 3
   cols: 3
   dt: d
   data: [ 9.9989870938296954e-01, 9.9392297194586983e-03,
       7.5075535466187049e-04, -9.7739904375951162e-03,
       1.0004104936986438e+00, 9.3319297628171791e-04,
       -6.3599093663826024e-04, -1.0160277425359233e-04,
       1.0000267955131046e+00 ]
T: !!opencv-matrix
   rows: 3
   cols: 1
   dt: d
   data: [ -1.7725461474586032e+02, -1.3096406789294599e+00,
       4.5136732578148431e+00 ]
E: !!opencv-matrix
   rows: 0
   cols: 0
   dt: u
   data: []
F: !!opencv-matrix
   rows: 0
   cols: 0
   dt: u
   data: []
K1: !!opencv-matrix
   rows: 3
   cols: 3
   dt: d
   data: [ 3.6619442195486482e+02, 0., 3.7800900657017900e+02, 0.,
       3.6631176586975289e+02, 2.2959692910978347e+02, 0., 0., 1. ]
D1: !!opencv-matrix
   rows: 5
   cols: 1
   dt: d
   data: [ -2.1502618721754269e-02, -1.2951184946942121e-03,
       -3.4127852927748451e-04, 2.7086966768530415e-04,
       4.7803342796299170e-04 ]
P1: !!opencv-matrix
   rows: 3
   cols: 4
   dt: f
   data: [ 3.57727631e+02, 0., 3.92324188e+02, 0., 0., 3.57727631e+02,
       2.24599609e+02, 0., 0., 0., 1., 0. ]
R1: !!opencv-matrix
   rows: 3
   cols: 3
   dt: f
   data: [ 9.99695837e-01, 1.55309793e-02, -1.91576518e-02,
       -1.55277401e-02, 9.99879360e-01, 3.17802100e-04, 1.91602763e-02,
       -2.02303927e-05, 9.99816418e-01 ]
K2: !!opencv-matrix
   rows: 3
   cols: 3
   dt: d
   data: [ 3.6684495620748953e+02, 0., 3.7586764757372902e+02, 0.,
       3.6714722400637692e+02, 2.2165240635390552e+02, 0., 0., 1. ]
D2: !!opencv-matrix
   rows: 5
   cols: 1
   dt: d
   data: [ -2.2125888778928394e-02, -1.1613594850445373e-03,
       2.4824541603873712e-04, -1.2117770058109102e-04,
       4.8874862320422683e-04 ]
P2: !!opencv-matrix
   rows: 3
   cols: 4
   dt: f
   data: [ 3.57727631e+02, 0., 3.92324188e+02, -6.34545273e+04, 0.,
       3.57727631e+02, 2.24599609e+02, 0., 0., 0., 1., 0. ]
R2: !!opencv-matrix
   rows: 3
   cols: 3
   dt: f
   data: [ 9.99785542e-01, 5.66700194e-03, -1.99195985e-02,
       -5.67036867e-03, 9.99983907e-01, -1.12556372e-04, 1.99186411e-02,
       2.25483702e-04, 9.99801576e-01 ]
