%YAML:1.0
---
Q: !!opencv-matrix
   rows: 4
   cols: 4
   dt: f
   data: [ 1., 0., 0., -4.01635956e+02, 0., 1., 0., -2.24390488e+02, 0.,
       0., 0., 3.58256927e+02, 0., 0., 5.64641645e-03, 0. ]
R: !!opencv-matrix
   rows: 3
   cols: 3
   dt: d
   data: [ 9.9966211015889961e-01, 9.9891997097655907e-03,
       7.6423287265386334e-04, -9.8267342421151770e-03,
       1.0006041069293712e+00, 1.2009752442032062e-03,
       -8.6024113197140947e-04, 1.2626645639206510e-04,
       1.0001031116529930e+00 ]
T: !!opencv-matrix
   rows: 3
   cols: 1
   dt: d
   data: [ -1.7729924771502331e+02, -2.0229435418368418e+00,
       5.2490312159360784e+00 ]
E: !!opencv-matrix
   rows: 0
   cols: 0
   dt: u
   data: []
F: !!opencv-matrix
   rows: 0
   cols: 0
   dt: u
   data: []
K1: !!opencv-matrix
   rows: 3
   cols: 3
   dt: d
   data: [ 3.6619442195486482e+02, 0., 3.7800900657017900e+02, 0.,
       3.6631176586975289e+02, 2.2959692910978347e+02, 0., 0., 1. ]
D1: !!opencv-matrix
   rows: 5
   cols: 1
   dt: d
   data: [ -2.1502618721754269e-02, -1.2951184946942121e-03,
       -3.4127852927748451e-04, 2.7086966768530415e-04,
       4.7803342796299170e-04 ]
P1: !!opencv-matrix
   rows: 3
   cols: 4
   dt: f
   data: [ 3.58256927e+02, 0., 4.01635956e+02, 0., 0., 3.58256927e+02,
       2.24390488e+02, 0., 0., 0., 1., 0. ]
R1: !!opencv-matrix
   rows: 3
   cols: 3
   dt: f
   data: [ 9.99254763e-01, 2.27377340e-02, -3.11915930e-02,
       -2.27326397e-02, 9.99741435e-01, 5.17956330e-04, 3.11953072e-02,
       1.91496903e-04, 9.99513268e-01 ]
K2: !!opencv-matrix
   rows: 3
   cols: 3
   dt: d
   data: [ 3.6684495620748953e+02, 0., 3.7586764757372902e+02, 0.,
       3.6714722400637692e+02, 2.2165240635390552e+02, 0., 0., 1. ]
D2: !!opencv-matrix
   rows: 5
   cols: 1
   dt: d
   data: [ -2.2125888778928394e-02, -1.1613594850445373e-03,
       2.4824541603873712e-04, -1.2117770058109102e-04,
       4.8874862320422683e-04 ]
P2: !!opencv-matrix
   rows: 3
   cols: 4
   dt: f
   data: [ 3.58256927e+02, 0., 4.01635956e+02, -6.34485430e+04, 0.,
       3.58256927e+02, 2.24390488e+02, 0., 0., 0., 1., 0. ]
R2: !!opencv-matrix
   rows: 3
   cols: 3
   dt: f
   data: [ 9.99408007e-01, 1.28257349e-02, -3.19232829e-02,
       -1.28309475e-02, 9.99917686e-01, 4.15792965e-05, 3.19211856e-02,
       3.68051260e-04, 9.99490321e-01 ]
