%YAML:1.0
---
Q: !!opencv-matrix
   rows: 4
   cols: 4
   dt: f
   data: [ 1., 0., 0., -4.04139496e+02, 0., 1., 0., -2.24410538e+02, 0.,
       0., 0., 3.58015533e+02, 0., 0., 5.60706202e-03, 0. ]
R: !!opencv-matrix
   rows: 3
   cols: 3
   dt: d
   data: [ 1.0003169351621715e+00, 1.0001076101846322e-02,
       6.7495963994687515e-04, -9.9198280387783663e-03,
       1.0012797936563849e+00, 2.2005440000012273e-03,
       -1.7506930958328945e-04, 4.4312437612856642e-04,
       9.9945006202022524e-01 ]
T: !!opencv-matrix
   rows: 3
   cols: 1
   dt: d
   data: [ -1.7769485251324434e+02, -4.3213998701049947e+00,
       9.3988972199964440e+00 ]
E: !!opencv-matrix
   rows: 0
   cols: 0
   dt: u
   data: []
F: !!opencv-matrix
   rows: 0
   cols: 0
   dt: u
   data: []
K1: !!opencv-matrix
   rows: 3
   cols: 3
   dt: d
   data: [ 3.6619442195486482e+02, 0., 3.7800900657017900e+02, 0.,
       3.6631176586975289e+02, 2.2959692910978347e+02, 0., 0., 1. ]
D1: !!opencv-matrix
   rows: 5
   cols: 1
   dt: d
   data: [ -2.1502618721754269e-02, -1.2951184946942121e-03,
       -3.4127852927748451e-04, 2.7086966768530415e-04,
       4.7803342796299170e-04 ]
P1: !!opencv-matrix
   rows: 3
   cols: 4
   dt: f
   data: [ 3.58015533e+02, 0., 4.04139496e+02, 0., 0., 3.58015533e+02,
       2.24410538e+02, 0., 0., 0., 1., 0. ]
R1: !!opencv-matrix
   rows: 3
   cols: 3
   dt: f
   data: [ 9.99213159e-01, 1.99032966e-02, -3.43064405e-02,
       -1.98887195e-02, 9.99801934e-01, 7.66092562e-04, 3.43148932e-02,
       -8.31785219e-05, 9.99411047e-01 ]
K2: !!opencv-matrix
   rows: 3
   cols: 3
   dt: d
   data: [ 3.6684495620748953e+02, 0., 3.7586764757372902e+02, 0.,
       3.6714722400637692e+02, 2.2165240635390552e+02, 0., 0., 1. ]
D2: !!opencv-matrix
   rows: 5
   cols: 1
   dt: d
   data: [ -2.2125888778928394e-02, -1.1613594850445373e-03,
       2.4824541603873712e-04, -1.2117770058109102e-04,
       4.8874862320422683e-04 ]
P2: !!opencv-matrix
   rows: 3
   cols: 4
   dt: f
   data: [ 3.58015533e+02, 0., 4.04139496e+02, -6.38508242e+04, 0.,
       3.58015533e+02, 2.24410538e+02, 0., 0., 0., 1., 0. ]
R2: !!opencv-matrix
   rows: 3
   cols: 3
   dt: f
   data: [ 9.99334097e-01, 1.00525096e-02, -3.50761563e-02,
       -1.00674089e-02, 9.99949276e-01, -2.48168013e-04, 3.50718834e-02,
       6.01128733e-04, 9.99384582e-01 ]
