%YAML:1.0
---
Q: !!opencv-matrix
   rows: 4
   cols: 4
   dt: f
   data: [ 1., 0., 0., -4.68460419e+02, 0., 1., 0., -2.18764313e+02, 0.,
       0., 0., 3.78081177e+02, 0., 0., 5.51842945e-03, 0. ]
R: !!opencv-matrix
   rows: 3
   cols: 3
   dt: d
   data: [ 1.0007788619859115e+00, 1.0282257967230297e-02,
       2.4434100378695097e-04, -1.0488101628441817e-02,
       1.0031631728845238e+00, 3.7366678448489082e-03,
       2.5041006160618311e-04, 1.0325784584907882e-03,
       9.9865601785660707e-01 ]
T: !!opencv-matrix
   rows: 3
   cols: 1
   dt: d
   data: [ -1.7753515035968880e+02, -1.0142073959043568e+01,
       1.6296332798358403e+01 ]
E: !!opencv-matrix
   rows: 0
   cols: 0
   dt: u
   data: []
F: !!opencv-matrix
   rows: 0
   cols: 0
   dt: u
   data: []
K1: !!opencv-matrix
   rows: 3
   cols: 3
   dt: d
   data: [ 3.6619442195486482e+02, 0., 3.7800900657017900e+02, 0.,
       3.6631176586975289e+02, 2.2959692910978347e+02, 0., 0., 1. ]
D1: !!opencv-matrix
   rows: 5
   cols: 1
   dt: d
   data: [ -2.1502618721754269e-02, -1.2951184946942121e-03,
       -3.4127852927748451e-04, 2.7086966768530415e-04,
       4.7803342796299170e-04 ]
P1: !!opencv-matrix
   rows: 3
   cols: 4
   dt: f
   data: [ 3.78081177e+02, 0., 4.68460419e+02, 0., 0., 3.78081177e+02,
       2.18764313e+02, 0., 0., 0., 1., 0. ]
R1: !!opencv-matrix
   rows: 3
   cols: 3
   dt: f
   data: [ 9.88601327e-01, 9.59865153e-02, -1.15991324e-01,
       -9.59360152e-02, 9.95369256e-01, 6.03107596e-03, 1.16033092e-01,
       5.16541488e-03, 9.93231893e-01 ]
K2: !!opencv-matrix
   rows: 3
   cols: 3
   dt: d
   data: [ 3.6684495620748953e+02, 0., 3.7586764757372902e+02, 0.,
       3.6714722400637692e+02, 2.2165240635390552e+02, 0., 0., 1. ]
D2: !!opencv-matrix
   rows: 5
   cols: 1
   dt: d
   data: [ -2.2125888778928394e-02, -1.1613594850445373e-03,
       2.4824541603873712e-04, -1.2117770058109102e-04,
       4.8874862320422683e-04 ]
P2: !!opencv-matrix
   rows: 3
   cols: 4
   dt: f
   data: [ 3.78081177e+02, 0., 4.68460419e+02, -6.85124609e+04, 0.,
       3.78081177e+02, 2.18764313e+02, 0., 0., 0., 1., 0. ]
R2: !!opencv-matrix
   rows: 3
   cols: 3
   dt: f
   data: [ 9.89587426e-01, 8.50491896e-02, -1.16117790e-01,
       -8.50997195e-02, 9.96362150e-01, 4.53144964e-03, 1.16080768e-01,
       5.39732538e-03, 9.93225098e-01 ]
