%YAML:1.0
---
Q: !!opencv-matrix
   rows: 4
   cols: 4
   dt: f
   data: [ 1., 0., 0., -3.84360992e+02, 0., 1., 0., -2.24665649e+02, 0.,
       0., 0., 3.57241272e+02, 0., 0., 5.51320286e-03, 0. ]
R: !!opencv-matrix
   rows: 3
   cols: 3
   dt: d
   data: [ 9.9968990657858525e-01, 1.0084806162917624e-02,
       1.2867777101661332e-03, -9.8862335158278122e-03,
       1.0000022751447268e+00, 6.6638690365193533e-04,
       -1.4357801053078414e-03, -3.1274760067516330e-04,
       1.0001711832948743e+00 ]
T: !!opencv-matrix
   rows: 3
   cols: 1
   dt: d
   data: [ -1.8164020121316568e+02, -1.0809318034279232e+00,
       1.6868218996568602e+00 ]
E: !!opencv-matrix
   rows: 0
   cols: 0
   dt: u
   data: []
F: !!opencv-matrix
   rows: 0
   cols: 0
   dt: u
   data: []
K1: !!opencv-matrix
   rows: 3
   cols: 3
   dt: d
   data: [ 3.6619442195486482e+02, 0., 3.7800900657017900e+02, 0.,
       3.6631176586975289e+02, 2.2959692910978347e+02, 0., 0., 1. ]
D1: !!opencv-matrix
   rows: 5
   cols: 1
   dt: d
   data: [ -2.1502618721754269e-02, -1.2951184946942121e-03,
       -3.4127852927748451e-04, 2.7086966768530415e-04,
       4.7803342796299170e-04 ]
P1: !!opencv-matrix
   rows: 3
   cols: 4
   dt: f
   data: [ 3.57241272e+02, 0., 3.84360992e+02, 0., 0., 3.57241272e+02,
       2.24665649e+02, 0., 0., 0., 1., 0. ]
R1: !!opencv-matrix
   rows: 3
   cols: 3
   dt: f
   data: [ 9.99845147e-01, 1.52987167e-02, -8.69483128e-03,
       -1.52969658e-02, 9.99882936e-01, 2.67806317e-04, 8.69791117e-03,
       -1.34760310e-04, 9.99962151e-01 ]
K2: !!opencv-matrix
   rows: 3
   cols: 3
   dt: d
   data: [ 3.6684495620748953e+02, 0., 3.7586764757372902e+02, 0.,
       3.6714722400637692e+02, 2.2165240635390552e+02, 0., 0., 1. ]
D2: !!opencv-matrix
   rows: 5
   cols: 1
   dt: d
   data: [ -2.2125888778928394e-02, -1.1613594850445373e-03,
       2.4824541603873712e-04, -1.2117770058109102e-04,
       4.8874862320422683e-04 ]
P2: !!opencv-matrix
   rows: 3
   cols: 4
   dt: f
   data: [ 3.57241272e+02, 0., 3.84360992e+02, -6.47974141e+04, 0.,
       3.57241272e+02, 2.24665649e+02, 0., 0., 0., 1., 0. ]
R2: !!opencv-matrix
   rows: 3
   cols: 3
   dt: f
   data: [ 9.99936044e-01, 5.28755132e-03, -9.99964774e-03,
       -5.28956437e-03, 9.99985993e-01, -1.74846587e-04, 9.99858323e-03,
       2.27729179e-04, 9.99949992e-01 ]
