%YAML:1.0
---
Q: !!opencv-matrix
   rows: 4
   cols: 4
   dt: f
   data: [ 1., 0., 0., -4.07124451e+02, 0., 1., 0., -2.24334015e+02, 0.,
       0., 0., 3.58320923e+02, 0., 0., 5.60357515e-03, 0. ]
R: !!opencv-matrix
   rows: 3
   cols: 3
   dt: d
   data: [ 9.9978800556556147e-01, 1.0178984469699700e-02,
       5.9700193031728794e-04, -9.9811621808317125e-03,
       1.0010508073591238e+00, 2.0042829879097983e-03,
       -4.8030612606145468e-04, 5.8947399831013017e-04,
       9.9997982876916791e-01 ]
T: !!opencv-matrix
   rows: 3
   cols: 1
   dt: d
   data: [ -1.7873646337739035e+02, -4.4545040158924127e+00,
       6.7266950921347188e+00 ]
E: !!opencv-matrix
   rows: 0
   cols: 0
   dt: u
   data: []
F: !!opencv-matrix
   rows: 0
   cols: 0
   dt: u
   data: []
K1: !!opencv-matrix
   rows: 3
   cols: 3
   dt: d
   data: [ 3.6619442195486482e+02, 0., 3.7800900657017900e+02, 0.,
       3.6631176586975289e+02, 2.2959692910978347e+02, 0., 0., 1. ]
D1: !!opencv-matrix
   rows: 5
   cols: 1
   dt: d
   data: [ -2.1502618721754269e-02, -1.2951184946942121e-03,
       -3.4127852927748451e-04, 2.7086966768530415e-04,
       4.7803342796299170e-04 ]
P1: !!opencv-matrix
   rows: 3
   cols: 4
   dt: f
   data: [ 3.58320923e+02, 0., 4.07124451e+02, 0., 0., 3.58320923e+02,
       2.24334015e+02, 0., 0., 0., 1., 0. ]
R1: !!opencv-matrix
   rows: 3
   cols: 3
   dt: f
   data: [ 9.99029458e-01, 2.18055584e-02, -3.82709876e-02,
       -2.17948258e-02, 9.99762237e-01, 6.97647629e-04, 3.82771008e-02,
       1.37139010e-04, 9.99267161e-01 ]
K2: !!opencv-matrix
   rows: 3
   cols: 3
   dt: d
   data: [ 3.6684495620748953e+02, 0., 3.7586764757372902e+02, 0.,
       3.6714722400637692e+02, 2.2165240635390552e+02, 0., 0., 1. ]
D2: !!opencv-matrix
   rows: 5
   cols: 1
   dt: d
   data: [ -2.2125888778928394e-02, -1.1613594850445373e-03,
       2.4824541603873712e-04, -1.2117770058109102e-04,
       4.8874862320422683e-04 ]
P2: !!opencv-matrix
   rows: 3
   cols: 4
   dt: f
   data: [ 3.58320923e+02, 0., 4.07124451e+02, -6.39450586e+04, 0.,
       3.58320923e+02, 2.24334015e+02, 0., 0., 0., 1., 0. ]
R2: !!opencv-matrix
   rows: 3
   cols: 3
   dt: f
   data: [ 9.99177992e-01, 1.18347481e-02, -3.87727022e-02,
       -1.18456194e-02, 9.99929845e-01, -5.06422184e-05, 3.87693793e-02,
       5.09887235e-04, 9.99248028e-01 ]
