%YAML:1.0
---
Q: !!opencv-matrix
   rows: 4
   cols: 4
   dt: f
   data: [ 1., 0., 0., -4.00060059e+02, 0., 1., 0., -2.24596344e+02, 0.,
       0., 0., 3.57366638e+02, 0., 0., 5.64950472e-03, 0. ]
R: !!opencv-matrix
   rows: 3
   cols: 3
   dt: d
   data: [ 9.9984157762064696e-01, 9.9550620302581213e-03,
       8.2639961645367610e-04, -9.6724155835041115e-03,
       1.0006571381341640e+00, 7.8113133598972488e-04,
       -8.0386347085289914e-04, -1.8136278376039669e-04,
       9.9997445691306885e-01 ]
T: !!opencv-matrix
   rows: 3
   cols: 1
   dt: d
   data: [ -1.7687094885644566e+02, -2.7564172757934391e-01,
       5.7495961490601450e+00 ]
E: !!opencv-matrix
   rows: 0
   cols: 0
   dt: u
   data: []
F: !!opencv-matrix
   rows: 0
   cols: 0
   dt: u
   data: []
K1: !!opencv-matrix
   rows: 3
   cols: 3
   dt: d
   data: [ 3.6619442195486482e+02, 0., 3.7800900657017900e+02, 0.,
       3.6631176586975289e+02, 2.2959692910978347e+02, 0., 0., 1. ]
D1: !!opencv-matrix
   rows: 5
   cols: 1
   dt: d
   data: [ -2.1502618721754269e-02, -1.2951184946942121e-03,
       -3.4127852927748451e-04, 2.7086966768530415e-04,
       4.7803342796299170e-04 ]
P1: !!opencv-matrix
   rows: 3
   cols: 4
   dt: f
   data: [ 3.57366638e+02, 0., 4.00060059e+02, 0., 0., 3.57366638e+02,
       2.24596344e+02, 0., 0., 0., 1., 0. ]
R1: !!opencv-matrix
   rows: 3
   cols: 3
   dt: f
   data: [ 9.99512792e-01, 1.17548648e-02, -2.89130043e-02,
       -1.17503796e-02, 9.99930918e-01, 3.25036614e-04, 2.89148279e-02,
       1.48605277e-05, 9.99581873e-01 ]
K2: !!opencv-matrix
   rows: 3
   cols: 3
   dt: d
   data: [ 3.6684495620748953e+02, 0., 3.7586764757372902e+02, 0.,
       3.6714722400637692e+02, 2.2165240635390552e+02, 0., 0., 1. ]
D2: !!opencv-matrix
   rows: 5
   cols: 1
   dt: d
   data: [ -2.2125888778928394e-02, -1.1613594850445373e-03,
       2.4824541603873712e-04, -1.2117770058109102e-04,
       4.8874862320422683e-04 ]
P2: !!opencv-matrix
   rows: 3
   cols: 4
   dt: f
   data: [ 3.57366638e+02, 0., 4.00060059e+02, -6.32562773e+04, 0.,
       3.57366638e+02, 2.24596344e+02, 0., 0., 0., 1., 0. ]
R2: !!opencv-matrix
   rows: 3
   cols: 3
   dt: f
   data: [ 9.99554932e-01, 1.91649119e-03, -2.97696330e-02,
       -1.92110916e-03, 9.99998152e-01, -1.26522471e-04, 2.97693349e-02,
       1.83656870e-04, 9.99556780e-01 ]
