%YAML:1.0
---
Q: !!opencv-matrix
   rows: 4
   cols: 4
   dt: f
   data: [ 1., 0., 0., -4.11952759e+02, 0., 1., 0., -2.24193451e+02, 0.,
       0., 0., 3.58708679e+02, 0., 0., 5.60724922e-03, 0. ]
R: !!opencv-matrix
   rows: 3
   cols: 3
   dt: d
   data: [ 9.9947899693830433e-01, 1.0002978232817214e-02,
       4.7668223466429448e-04, -9.9116320025078117e-03,
       1.0009334827753205e+00, 1.1062165436325445e-03,
       -5.5516777027238024e-04, -7.4525697992852767e-04,
       1.0002564865678101e+00 ]
T: !!opencv-matrix
   rows: 3
   cols: 1
   dt: d
   data: [ -1.7816452246079120e+02, -2.1167191572845145e+00,
       6.1643338241995860e+00 ]
E: !!opencv-matrix
   rows: 0
   cols: 0
   dt: u
   data: []
F: !!opencv-matrix
   rows: 0
   cols: 0
   dt: u
   data: []
K1: !!opencv-matrix
   rows: 3
   cols: 3
   dt: d
   data: [ 3.6619442195486482e+02, 0., 3.7800900657017900e+02, 0.,
       3.6631176586975289e+02, 2.2959692910978347e+02, 0., 0., 1. ]
D1: !!opencv-matrix
   rows: 5
   cols: 1
   dt: d
   data: [ -2.1502618721754269e-02, -1.2951184946942121e-03,
       -3.4127852927748451e-04, 2.7086966768530415e-04,
       4.7803342796299170e-04 ]
P1: !!opencv-matrix
   rows: 3
   cols: 4
   dt: f
   data: [ 3.58708679e+02, 0., 4.11952759e+02, 0., 0., 3.58708679e+02,
       2.24193451e+02, 0., 0., 0., 1., 0. ]
R1: !!opencv-matrix
   rows: 3
   cols: 3
   dt: f
   data: [ 9.98702109e-01, 2.48239078e-02, -4.44732942e-02,
       -2.48041470e-02, 9.99691844e-01, 9.96203395e-04, 4.44843173e-02,
       1.08211643e-04, 9.99010086e-01 ]
K2: !!opencv-matrix
   rows: 3
   cols: 3
   dt: d
   data: [ 3.6684495620748953e+02, 0., 3.7586764757372902e+02, 0.,
       3.6714722400637692e+02, 2.2165240635390552e+02, 0., 0., 1. ]
D2: !!opencv-matrix
   rows: 5
   cols: 1
   dt: d
   data: [ -2.2125888778928394e-02, -1.1613594850445373e-03,
       2.4824541603873712e-04, -1.2117770058109102e-04,
       4.8874862320422683e-04 ]
P2: !!opencv-matrix
   rows: 3
   cols: 4
   dt: f
   data: [ 3.58708679e+02, 0., 4.11952759e+02, -6.39723086e+04, 0.,
       3.58708679e+02, 2.24193451e+02, 0., 0., 0., 1., 0. ]
R2: !!opencv-matrix
   rows: 3
   cols: 3
   dt: f
   data: [ 9.98879969e-01, 1.48083903e-02, -4.49392721e-02,
       -1.48283532e-02, 9.99890029e-01, -1.10890040e-04, 4.49326895e-02,
       7.77141249e-04, 9.98989701e-01 ]
