%YAML:1.0
---
Q: !!opencv-matrix
   rows: 4
   cols: 4
   dt: f
   data: [ 1., 0., 0., -3.89566040e+02, 0., 1., 0., -2.24630524e+02, 0.,
       0., 0., 3.57861603e+02, 0., 0., 5.67217264e-03, 0. ]
R: !!opencv-matrix
   rows: 3
   cols: 3
   dt: d
   data: [ 9.9962327837173470e-01, 9.7244818575583578e-03,
       3.2813339957106968e-04, -9.7856828429806648e-03,
       1.0005830085859029e+00, 1.1460080578618026e-03,
       -6.5850927060776964e-04, -4.0755384660449078e-04,
       1.0001995828057073e+00 ]
T: !!opencv-matrix
   rows: 3
   cols: 1
   dt: d
   data: [ -1.7650319527583227e+02, -1.8574734601068799e+00,
       4.0189956564969123e+00 ]
E: !!opencv-matrix
   rows: 0
   cols: 0
   dt: u
   data: []
F: !!opencv-matrix
   rows: 0
   cols: 0
   dt: u
   data: []
K1: !!opencv-matrix
   rows: 3
   cols: 3
   dt: d
   data: [ 3.6619442195486482e+02, 0., 3.7800900657017900e+02, 0.,
       3.6631176586975289e+02, 2.2959692910978347e+02, 0., 0., 1. ]
D1: !!opencv-matrix
   rows: 5
   cols: 1
   dt: d
   data: [ -2.1502618721754269e-02, -1.2951184946942121e-03,
       -3.4127852927748451e-04, 2.7086966768530415e-04,
       4.7803342796299170e-04 ]
P1: !!opencv-matrix
   rows: 3
   cols: 4
   dt: f
   data: [ 3.57861603e+02, 0., 3.89566040e+02, 0., 0., 3.57861603e+02,
       2.24630524e+02, 0., 0., 0., 1., 0. ]
R1: !!opencv-matrix
   rows: 3
   cols: 3
   dt: f
   data: [ 9.99769926e-01, 1.45761035e-02, -1.57373622e-02,
       -1.45683568e-02, 9.99893665e-01, 6.06747344e-04, 1.57445334e-02,
       -3.77340242e-04, 9.99875963e-01 ]
K2: !!opencv-matrix
   rows: 3
   cols: 3
   dt: d
   data: [ 3.6684495620748953e+02, 0., 3.7586764757372902e+02, 0.,
       3.6714722400637692e+02, 2.2165240635390552e+02, 0., 0., 1. ]
D2: !!opencv-matrix
   rows: 5
   cols: 1
   dt: d
   data: [ -2.2125888778928394e-02, -1.1613594850445373e-03,
       2.4824541603873712e-04, -1.2117770058109102e-04,
       4.8874862320422683e-04 ]
P2: !!opencv-matrix
   rows: 3
   cols: 4
   dt: f
   data: [ 3.57861603e+02, 0., 3.89566040e+02, -6.30907500e+04, 0.,
       3.57861603e+02, 2.24630524e+02, 0., 0., 0., 1., 0. ]
R2: !!opencv-matrix
   rows: 3
   cols: 3
   dt: f
   data: [ 9.99855876e-01, 4.89624729e-03, -1.62551925e-02,
       -4.90424596e-03, 9.99987900e-01, -4.52227221e-04, 1.62527803e-02,
       5.31881524e-04, 9.99867797e-01 ]
