%YAML:1.0
---
Q: !!opencv-matrix
   rows: 4
   cols: 4
   dt: f
   data: [ 1., 0., 0., -4.00011169e+02, 0., 1., 0., -2.24535858e+02, 0.,
       0., 0., 3.57594666e+02, 0., 0., 5.54578425e-03, 0. ]
R: !!opencv-matrix
   rows: 3
   cols: 3
   dt: d
   data: [ 1.0005456298054267e+00, 9.7407394274616477e-03,
       7.9209822234646782e-04, -9.7872275714062738e-03,
       1.0005651514779574e+00, 1.1887905985733301e-03,
       -3.0630936536761133e-04, -6.9665845342719299e-04,
       9.9955481908872468e-01 ]
T: !!opencv-matrix
   rows: 3
   cols: 1
   dt: d
   data: [ -1.7949919651355259e+02, -1.5981951869330515e+00,
       5.9589296884204108e+00 ]
E: !!opencv-matrix
   rows: 0
   cols: 0
   dt: u
   data: []
F: !!opencv-matrix
   rows: 0
   cols: 0
   dt: u
   data: []
K1: !!opencv-matrix
   rows: 3
   cols: 3
   dt: d
   data: [ 3.6619442195486482e+02, 0., 3.7800900657017900e+02, 0.,
       3.6631176586975289e+02, 2.2959692910978347e+02, 0., 0., 1. ]
D1: !!opencv-matrix
   rows: 5
   cols: 1
   dt: d
   data: [ -2.1502618721754269e-02, -1.2951184946942121e-03,
       -3.4127852927748451e-04, 2.7086966768530415e-04,
       4.7803342796299170e-04 ]
P1: !!opencv-matrix
   rows: 3
   cols: 4
   dt: f
   data: [ 3.57594666e+02, 0., 4.00011169e+02, 0., 0., 3.57594666e+02,
       2.24535858e+02, 0., 0., 0., 1., 0. ]
R1: !!opencv-matrix
   rows: 3
   cols: 3
   dt: f
   data: [ 9.99462605e-01, 1.53503288e-02, -2.89623048e-02,
       -1.53378388e-02, 9.99882162e-01, 6.53359981e-04, 2.89689209e-02,
       -2.08789701e-04, 9.99580264e-01 ]
K2: !!opencv-matrix
   rows: 3
   cols: 3
   dt: d
   data: [ 3.6684495620748953e+02, 0., 3.7586764757372902e+02, 0.,
       3.6714722400637692e+02, 2.2165240635390552e+02, 0., 0., 1. ]
D2: !!opencv-matrix
   rows: 5
   cols: 1
   dt: d
   data: [ -2.2125888778928394e-02, -1.1613594850445373e-03,
       2.4824541603873712e-04, -1.2117770058109102e-04,
       4.8874862320422683e-04 ]
P2: !!opencv-matrix
   rows: 3
   cols: 4
   dt: f
   data: [ 3.57594666e+02, 0., 4.00011169e+02, -6.44804453e+04, 0.,
       3.57594666e+02, 2.24535858e+02, 0., 0., 0., 1., 0. ]
R2: !!opencv-matrix
   rows: 3
   cols: 3
   dt: f
   data: [ 9.99542415e-01, 5.56586590e-03, -2.97327843e-02,
       -5.57868602e-03, 9.99984384e-01, -3.48228175e-04, 2.97303814e-02,
       5.13938663e-04, 9.99557793e-01 ]
