%YAML:1.0
---
Q: !!opencv-matrix
   rows: 4
   cols: 4
   dt: f
   data: [ 1., 0., 0., -3.83011810e+02, 0., 1., 0., -2.24663803e+02, 0.,
       0., 0., 3.56574341e+02, 0., 0., 5.49560366e-03, 0. ]
R: !!opencv-matrix
   rows: 3
   cols: 3
   dt: d
   data: [ 1.0001263454394118e+00, 9.9899592905134324e-03,
       1.3540676169057461e-03, -9.8532417697852655e-03,
       1.0002413170520281e+00, 7.2763706398723874e-04,
       -1.1207657150595540e-03, 1.2893365075805833e-04,
       9.9988073644088071e-01 ]
T: !!opencv-matrix
   rows: 3
   cols: 1
   dt: d
   data: [ -1.8189865722805101e+02, -1.5111510676583111e+00,
       2.2907197131732193e+00 ]
E: !!opencv-matrix
   rows: 0
   cols: 0
   dt: u
   data: []
F: !!opencv-matrix
   rows: 0
   cols: 0
   dt: u
   data: []
K1: !!opencv-matrix
   rows: 3
   cols: 3
   dt: d
   data: [ 3.6619442195486482e+02, 0., 3.7800900657017900e+02, 0.,
       3.6631176586975289e+02, 2.2959692910978347e+02, 0., 0., 1. ]
D1: !!opencv-matrix
   rows: 5
   cols: 1
   dt: d
   data: [ -2.1502618721754269e-02, -1.2951184946942121e-03,
       -3.4127852927748451e-04, 2.7086966768530415e-04,
       4.7803342796299170e-04 ]
P1: !!opencv-matrix
   rows: 3
   cols: 4
   dt: f
   data: [ 3.56574341e+02, 0., 3.83011810e+02, 0., 0., 3.56574341e+02,
       2.24663803e+02, 0., 0., 0., 1., 0. ]
R1: !!opencv-matrix
   rows: 3
   cols: 3
   dt: f
   data: [ 9.99824345e-01, 1.73769556e-02, -7.01980852e-03,
       -1.73764583e-02, 9.99849021e-01, 1.31663430e-04, 7.02103646e-03,
       -9.66089556e-06, 9.99975324e-01 ]
K2: !!opencv-matrix
   rows: 3
   cols: 3
   dt: d
   data: [ 3.6684495620748953e+02, 0., 3.7586764757372902e+02, 0.,
       3.6714722400637692e+02, 2.2165240635390552e+02, 0., 0., 1. ]
D2: !!opencv-matrix
   rows: 5
   cols: 1
   dt: d
   data: [ -2.2125888778928394e-02, -1.1613594850445373e-03,
       2.4824541603873712e-04, -1.2117770058109102e-04,
       4.8874862320422683e-04 ]
P2: !!opencv-matrix
   rows: 3
   cols: 4
   dt: f
   data: [ 3.56574341e+02, 0., 3.83011810e+02, -6.48835586e+04, 0.,
       3.56574341e+02, 2.24663803e+02, 0., 0., 0., 1., 0. ]
R2: !!opencv-matrix
   rows: 3
   cols: 3
   dt: f
   data: [ 9.99937773e-01, 7.44915521e-03, -8.30162410e-03,
       -7.44974148e-03, 9.99972224e-01, -3.97429249e-05, 8.30109790e-03,
       1.01585407e-04, 9.99965549e-01 ]
