%YAML:1.0
---
Q: !!opencv-matrix
   rows: 4
   cols: 4
   dt: f
   data: [ 1., 0., 0., -3.82325531e+02, 0., 1., 0., -2.24638550e+02, 0.,
       0., 0., 3.56028748e+02, 0., 0., 5.48055628e-03, 0. ]
R: !!opencv-matrix
   rows: 3
   cols: 3
   dt: d
   data: [ 9.9970955740048106e-01, 1.0088920279070516e-02,
       1.4469521050802789e-03, -9.8989824750538042e-03,
       9.9990356192527496e-01, 9.1358529701662209e-04,
       -1.5209745691545096e-03, 5.5693225716539599e-05,
       1.0002534986785521e+00 ]
T: !!opencv-matrix
   rows: 3
   cols: 1
   dt: d
   data: [ -1.8274236197068836e+02, -1.9846078910505569e+00,
       2.0553464044634742e-01 ]
E: !!opencv-matrix
   rows: 0
   cols: 0
   dt: u
   data: []
F: !!opencv-matrix
   rows: 0
   cols: 0
   dt: u
   data: []
K1: !!opencv-matrix
   rows: 3
   cols: 3
   dt: d
   data: [ 3.6619442195486482e+02, 0., 3.7800900657017900e+02, 0.,
       3.6631176586975289e+02, 2.2959692910978347e+02, 0., 0., 1. ]
D1: !!opencv-matrix
   rows: 5
   cols: 1
   dt: d
   data: [ -2.1502618721754269e-02, -1.2951184946942121e-03,
       -3.4127852927748451e-04, 2.7086966768530415e-04,
       4.7803342796299170e-04 ]
P1: !!opencv-matrix
   rows: 3
   cols: 4
   dt: f
   data: [ 3.56028748e+02, 0., 3.82325531e+02, 0., 0., 3.56028748e+02,
       2.24638550e+02, 0., 0., 0., 1., 0. ]
R1: !!opencv-matrix
   rows: 3
   cols: 3
   dt: f
   data: [ 9.99704838e-01, 2.34897342e-02, -6.20581675e-03,
       -2.34882496e-02, 9.99724090e-01, 3.11889278e-04, 6.21143077e-03,
       -1.66033424e-04, 9.99980688e-01 ]
K2: !!opencv-matrix
   rows: 3
   cols: 3
   dt: d
   data: [ 3.6684495620748953e+02, 0., 3.7586764757372902e+02, 0.,
       3.6714722400637692e+02, 2.2165240635390552e+02, 0., 0., 1. ]
D2: !!opencv-matrix
   rows: 5
   cols: 1
   dt: d
   data: [ -2.2125888778928394e-02, -1.1613594850445373e-03,
       2.4824541603873712e-04, -1.2117770058109102e-04,
       4.8874862320422683e-04 ]
P2: !!opencv-matrix
   rows: 3
   cols: 4
   dt: f
   data: [ 3.56028748e+02, 0., 3.82325531e+02, -6.49621523e+04, 0.,
       3.56028748e+02, 2.24638550e+02, 0., 0., 0., 1., 0. ]
R2: !!opencv-matrix
   rows: 3
   cols: 3
   dt: f
   data: [ 9.99880254e-01, 1.34882750e-02, -7.58818723e-03,
       -1.34900883e-02, 9.99908984e-01, -1.87800426e-04, 7.58496346e-03,
       2.90143245e-04, 9.99971211e-01 ]
