%YAML:1.0
---
Q: !!opencv-matrix
   rows: 4
   cols: 4
   dt: f
   data: [ 1., 0., 0., -3.84717529e+02, 0., 1., 0., -2.24626846e+02, 0.,
       0., 0., 3.57079468e+02, 0., 0., 5.49654849e-03, 0. ]
R: !!opencv-matrix
   rows: 3
   cols: 3
   dt: d
   data: [ 9.9995891674471471e-01, 9.9483603575661623e-03,
       1.4157738575695351e-03, -9.9685266203712840e-03,
       1.0001107813856907e+00, 9.3876630010254118e-04,
       -1.3227934265800348e-03, -7.0895805334505709e-04,
       9.9995396526054492e-01 ]
T: !!opencv-matrix
   rows: 3
   cols: 1
   dt: d
   data: [ -1.8116210066663078e+02, -2.2131693398766732e+00,
       2.7159606418426541e+00 ]
E: !!opencv-matrix
   rows: 0
   cols: 0
   dt: u
   data: []
F: !!opencv-matrix
   rows: 0
   cols: 0
   dt: u
   data: []
K1: !!opencv-matrix
   rows: 3
   cols: 3
   dt: d
   data: [ 3.6619442195486482e+02, 0., 3.7800900657017900e+02, 0.,
       3.6631176586975289e+02, 2.2959692910978347e+02, 0., 0., 1. ]
D1: !!opencv-matrix
   rows: 5
   cols: 1
   dt: d
   data: [ -2.1502618721754269e-02, -1.2951184946942121e-03,
       -3.4127852927748451e-04, 2.7086966768530415e-04,
       4.7803342796299170e-04 ]
P1: !!opencv-matrix
   rows: 3
   cols: 4
   dt: f
   data: [ 3.57079468e+02, 0., 3.84717529e+02, 0., 0., 3.57079468e+02,
       2.24626846e+02, 0., 0., 0., 1., 0. ]
R1: !!opencv-matrix
   rows: 3
   cols: 3
   dt: f
   data: [ 9.99743581e-01, 2.07241364e-02, -9.12276655e-03,
       -2.07213853e-02, 9.99785185e-01, 3.96110729e-04, 9.12901573e-03,
       -2.06972822e-04, 9.99958336e-01 ]
K2: !!opencv-matrix
   rows: 3
   cols: 3
   dt: d
   data: [ 3.6684495620748953e+02, 0., 3.7586764757372902e+02, 0.,
       3.6714722400637692e+02, 2.2165240635390552e+02, 0., 0., 1. ]
D2: !!opencv-matrix
   rows: 5
   cols: 1
   dt: d
   data: [ -2.2125888778928394e-02, -1.1613594850445373e-03,
       2.4824541603873712e-04, -1.2117770058109102e-04,
       4.8874862320422683e-04 ]
P2: !!opencv-matrix
   rows: 3
   cols: 4
   dt: f
   data: [ 3.57079468e+02, 0., 3.84717529e+02, -6.49643086e+04, 0.,
       3.57079468e+02, 2.24626846e+02, 0., 0., 0., 1., 0. ]
R2: !!opencv-matrix
   rows: 3
   cols: 3
   dt: f
   data: [ 9.99885380e-01, 1.07194753e-02, -1.06903780e-02,
       -1.07226986e-02, 9.99942482e-01, -2.44251627e-04, 1.06871445e-02,
       3.58853315e-04, 9.99942839e-01 ]
