%YAML:1.0
---
Q: !!opencv-matrix
   rows: 4
   cols: 4
   dt: f
   data: [ 1., 0., 0., -3.82993225e+02, 0., 1., 0., -2.24665390e+02, 0.,
       0., 0., 3.56550018e+02, 0., 0., 5.49591472e-03, 0. ]
R: !!opencv-matrix
   rows: 3
   cols: 3
   dt: d
   data: [ 1.0001404249585422e+00, 9.9788164757397772e-03,
       1.4220665258375474e-03, -9.9376950983222027e-03,
       1.0000685101550502e+00, 8.5620775355443716e-04,
       -1.3185329340670369e-03, -4.4162787925067763e-04,
       9.9991818656990994e-01 ]
T: !!opencv-matrix
   rows: 3
   cols: 1
   dt: d
   data: [ -1.8188394330248155e+02, -1.7159813481737392e+00,
       1.8048186738988046e+00 ]
E: !!opencv-matrix
   rows: 0
   cols: 0
   dt: u
   data: []
F: !!opencv-matrix
   rows: 0
   cols: 0
   dt: u
   data: []
K1: !!opencv-matrix
   rows: 3
   cols: 3
   dt: d
   data: [ 3.6619442195486482e+02, 0., 3.7800900657017900e+02, 0.,
       3.6631176586975289e+02, 2.2959692910978347e+02, 0., 0., 1. ]
D1: !!opencv-matrix
   rows: 5
   cols: 1
   dt: d
   data: [ -2.1502618721754269e-02, -1.2951184946942121e-03,
       -3.4127852927748451e-04, 2.7086966768530415e-04,
       4.7803342796299170e-04 ]
P1: !!opencv-matrix
   rows: 3
   cols: 4
   dt: f
   data: [ 3.56550018e+02, 0., 3.82993225e+02, 0., 0., 3.56550018e+02,
       2.24665390e+02, 0., 0., 0., 1., 0. ]
R1: !!opencv-matrix
   rows: 3
   cols: 3
   dt: f
   data: [ 9.99828756e-01, 1.71585418e-02, -6.93015149e-03,
       -1.71565469e-02, 9.99852777e-01, 3.47103400e-04, 6.93508703e-03,
       -2.28146484e-04, 9.99975920e-01 ]
K2: !!opencv-matrix
   rows: 3
   cols: 3
   dt: d
   data: [ 3.6684495620748953e+02, 0., 3.7586764757372902e+02, 0.,
       3.6714722400637692e+02, 2.2165240635390552e+02, 0., 0., 1. ]
D2: !!opencv-matrix
   rows: 5
   cols: 1
   dt: d
   data: [ -2.2125888778928394e-02, -1.1613594850445373e-03,
       2.4824541603873712e-04, -1.2117770058109102e-04,
       4.8874862320422683e-04 ]
P2: !!opencv-matrix
   rows: 3
   cols: 4
   dt: f
   data: [ 3.56550018e+02, 0., 3.82993225e+02, -6.48754648e+04, 0.,
       3.56550018e+02, 2.24665390e+02, 0., 0., 0., 1., 0. ]
R2: !!opencv-matrix
   rows: 3
   cols: 3
   dt: f
   data: [ 9.99939322e-01, 7.20283948e-03, -8.33423249e-03,
       -7.20523670e-03, 9.99974012e-01, -2.57615640e-04, 8.33216030e-03,
       3.17650149e-04, 9.99965250e-01 ]
