%YAML:1.0
---
Q: !!opencv-matrix
   rows: 4
   cols: 4
   dt: f
   data: [ 1., 0., 0., -4.00632477e+02, 0., 1., 0., -2.24538147e+02, 0.,
       0., 0., 3.57580841e+02, 0., 0., 5.64026553e-03, 0. ]
R: !!opencv-matrix
   rows: 3
   cols: 3
   dt: d
   data: [ 1.0002081215603666e+00, 9.8829372751660545e-03,
       9.9531944441632551e-04, -9.7837597964330145e-03,
       1.0004925639730886e+00, 5.5201464082786276e-04,
       -8.4919075611428532e-04, -4.8017163937658010e-04,
       9.9975858518183391e-01 ]
T: !!opencv-matrix
   rows: 3
   cols: 1
   dt: d
   data: [ -1.7719711197047005e+02, -3.8932386144910225e-01,
       5.8326478004762210e+00 ]
E: !!opencv-matrix
   rows: 0
   cols: 0
   dt: u
   data: []
F: !!opencv-matrix
   rows: 0
   cols: 0
   dt: u
   data: []
K1: !!opencv-matrix
   rows: 3
   cols: 3
   dt: d
   data: [ 3.6619442195486482e+02, 0., 3.7800900657017900e+02, 0.,
       3.6631176586975289e+02, 2.2959692910978347e+02, 0., 0., 1. ]
D1: !!opencv-matrix
   rows: 5
   cols: 1
   dt: d
   data: [ -2.1502618721754269e-02, -1.2951184946942121e-03,
       -3.4127852927748451e-04, 2.7086966768530415e-04,
       4.7803342796299170e-04 ]
P1: !!opencv-matrix
   rows: 3
   cols: 4
   dt: f
   data: [ 3.57580841e+02, 0., 4.00632477e+02, 0., 0., 3.57580841e+02,
       2.24538147e+02, 0., 0., 0., 1., 0. ]
R1: !!opencv-matrix
   rows: 3
   cols: 3
   dt: f
   data: [ 9.99448001e-01, 1.49546778e-02, -2.96659656e-02,
       -1.49494493e-02, 9.99888182e-01, 3.98056407e-04, 2.96686012e-02,
       4.56531816e-05, 9.99559760e-01 ]
K2: !!opencv-matrix
   rows: 3
   cols: 3
   dt: d
   data: [ 3.6684495620748953e+02, 0., 3.7586764757372902e+02, 0.,
       3.6714722400637692e+02, 2.2165240635390552e+02, 0., 0., 1. ]
D2: !!opencv-matrix
   rows: 5
   cols: 1
   dt: d
   data: [ -2.2125888778928394e-02, -1.1613594850445373e-03,
       2.4824541603873712e-04, -1.2117770058109102e-04,
       4.8874862320422683e-04 ]
P2: !!opencv-matrix
   rows: 3
   cols: 4
   dt: f
   data: [ 3.57580841e+02, 0., 4.00632477e+02, -6.33978750e+04, 0.,
       3.57580841e+02, 2.24538147e+02, 0., 0., 0., 1., 0. ]
R2: !!opencv-matrix
   rows: 3
   cols: 3
   dt: f
   data: [ 9.99518991e-01, 5.07075712e-03, -3.05961706e-02,
       -5.07614948e-03, 9.99987125e-01, -9.85730730e-05, 3.05952746e-02,
       2.53836391e-04, 9.99531806e-01 ]
