%YAML:1.0
---
Q: !!opencv-matrix
   rows: 4
   cols: 4
   dt: f
   data: [ 1., 0., 0., -3.87017487e+02, 0., 1., 0., -2.24630753e+02, 0.,
       0., 0., 3.57907898e+02, 0., 0., 5.61471935e-03, 0. ]
R: !!opencv-matrix
   rows: 3
   cols: 3
   dt: d
   data: [ 1.0002922449678291e+00, 1.0072587817400641e-02,
       1.2606865028700358e-03, -9.9488850482731869e-03,
       1.0004111707883787e+00, 8.3917918967049915e-04,
       -1.0639165678904877e-03, -1.5384648734669223e-04,
       9.9970117393844016e-01 ]
T: !!opencv-matrix
   rows: 3
   cols: 1
   dt: d
   data: [ -1.7781669942012621e+02, -1.5490038389011607e+00,
       3.8842660606002442e+00 ]
E: !!opencv-matrix
   rows: 0
   cols: 0
   dt: u
   data: []
F: !!opencv-matrix
   rows: 0
   cols: 0
   dt: u
   data: []
K1: !!opencv-matrix
   rows: 3
   cols: 3
   dt: d
   data: [ 3.6619442195486482e+02, 0., 3.7800900657017900e+02, 0.,
       3.6631176586975289e+02, 2.2959692910978347e+02, 0., 0., 1. ]
D1: !!opencv-matrix
   rows: 5
   cols: 1
   dt: d
   data: [ -2.1502618721754269e-02, -1.2951184946942121e-03,
       -3.4127852927748451e-04, 2.7086966768530415e-04,
       4.7803342796299170e-04 ]
P1: !!opencv-matrix
   rows: 3
   cols: 4
   dt: f
   data: [ 3.57907898e+02, 0., 3.87017487e+02, 0., 0., 3.57907898e+02,
       2.24630753e+02, 0., 0., 0., 1., 0. ]
R1: !!opencv-matrix
   rows: 3
   cols: 3
   dt: f
   data: [ 9.99779999e-01, 1.71054769e-02, -1.21414186e-02,
       -1.71038248e-02, 9.99853671e-01, 2.39857953e-04, 1.21437451e-02,
       -3.21404732e-05, 9.99926269e-01 ]
K2: !!opencv-matrix
   rows: 3
   cols: 3
   dt: d
   data: [ 3.6684495620748953e+02, 0., 3.7586764757372902e+02, 0.,
       3.6714722400637692e+02, 2.2165240635390552e+02, 0., 0., 1. ]
D2: !!opencv-matrix
   rows: 5
   cols: 1
   dt: d
   data: [ -2.2125888778928394e-02, -1.1613594850445373e-03,
       2.4824541603873712e-04, -1.2117770058109102e-04,
       4.8874862320422683e-04 ]
P2: !!opencv-matrix
   rows: 3
   cols: 4
   dt: f
   data: [ 3.57907898e+02, 0., 3.87017487e+02, -6.37445781e+04, 0.,
       3.57907898e+02, 2.24630753e+02, 0., 0., 0., 1., 0. ]
R2: !!opencv-matrix
   rows: 3
   cols: 3
   dt: f
   data: [ 9.99884903e-01, 7.07473978e-03, -1.34204850e-02,
       -7.07656518e-03, 9.99974966e-01, -8.85224072e-05, 1.34195220e-02,
       1.83483149e-04, 9.99909937e-01 ]
