%YAML:1.0
---
Q: !!opencv-matrix
   rows: 4
   cols: 4
   dt: f
   data: [ 1., 0., 0., -3.92594910e+02, 0., 1., 0., -2.24619507e+02, 0.,
       0., 0., 3.57690338e+02, 0., 0., 5.64487465e-03, 0. ]
R: !!opencv-matrix
   rows: 3
   cols: 3
   dt: d
   data: [ 1.0002129529365533e+00, 9.7490775036509422e-03,
       8.5612644543837967e-04, -9.7300709887666263e-03,
       1.0002141324227516e+00, 8.4818259207500584e-04,
       -8.4011344606333208e-04, -9.5414326259922791e-04,
       9.9984595862471470e-01 ]
T: !!opencv-matrix
   rows: 3
   cols: 1
   dt: d
   data: [ -1.7717479180315701e+02, -8.6237261906049456e-01,
       4.1953878760310737e+00 ]
E: !!opencv-matrix
   rows: 0
   cols: 0
   dt: u
   data: []
F: !!opencv-matrix
   rows: 0
   cols: 0
   dt: u
   data: []
K1: !!opencv-matrix
   rows: 3
   cols: 3
   dt: d
   data: [ 3.6619442195486482e+02, 0., 3.7800900657017900e+02, 0.,
       3.6631176586975289e+02, 2.2959692910978347e+02, 0., 0., 1. ]
D1: !!opencv-matrix
   rows: 5
   cols: 1
   dt: d
   data: [ -2.1502618721754269e-02, -1.2951184946942121e-03,
       -3.4127852927748451e-04, 2.7086966768530415e-04,
       4.7803342796299170e-04 ]
P1: !!opencv-matrix
   rows: 3
   cols: 4
   dt: f
   data: [ 3.57690338e+02, 0., 3.92594910e+02, 0., 0., 3.57690338e+02,
       2.24619507e+02, 0., 0., 0., 1., 0. ]
R1: !!opencv-matrix
   rows: 3
   cols: 3
   dt: f
   data: [ 9.99718606e-01, 1.36205619e-02, -1.94217749e-02,
       -1.36136999e-02, 9.99907196e-01, 4.85482888e-04, 1.94265842e-02,
       -2.20944057e-04, 9.99811232e-01 ]
K2: !!opencv-matrix
   rows: 3
   cols: 3
   dt: d
   data: [ 3.6684495620748953e+02, 0., 3.7586764757372902e+02, 0.,
       3.6714722400637692e+02, 2.2165240635390552e+02, 0., 0., 1. ]
D2: !!opencv-matrix
   rows: 5
   cols: 1
   dt: d
   data: [ -2.2125888778928394e-02, -1.1613594850445373e-03,
       2.4824541603873712e-04, -1.2117770058109102e-04,
       4.8874862320422683e-04 ]
P2: !!opencv-matrix
   rows: 3
   cols: 4
   dt: f
   data: [ 3.57690338e+02, 0., 3.92594910e+02, -6.33655078e+04, 0.,
       3.57690338e+02, 2.24619507e+02, 0., 0., 0., 1., 0. ]
R2: !!opencv-matrix
   rows: 3
   cols: 3
   dt: f
   data: [ 9.99786854e-01, 3.87842883e-03, -2.02773828e-02,
       -3.88559187e-03, 9.99992430e-01, -3.13858123e-04, 2.02760119e-02,
       3.92580871e-04, 9.99794364e-01 ]
