%YAML:1.0
---
Q: !!opencv-matrix
   rows: 4
   cols: 4
   dt: f
   data: [ 1., 0., 0., -4.22207550e+02, 0., 1., 0., -2.23352402e+02, 0.,
       0., 0., 3.61964386e+02, 0., 0., 5.63192181e-03, 0. ]
R: !!opencv-matrix
   rows: 3
   cols: 3
   dt: d
   data: [ 1.0002480873656199e+00, 1.0142851193932666e-02,
       7.3426494922458250e-04, -1.0196003374169853e-02,
       1.0016351771570762e+00, 2.5054832481959072e-03,
       -3.3394252189146819e-04, 1.8991682204773445e-04,
       9.9939593234519353e-01 ]
T: !!opencv-matrix
   rows: 3
   cols: 1
   dt: d
   data: [ -1.7717998981263088e+02, -6.2732477677690603e+00,
       1.0074870380188802e+01 ]
E: !!opencv-matrix
   rows: 0
   cols: 0
   dt: u
   data: []
F: !!opencv-matrix
   rows: 0
   cols: 0
   dt: u
   data: []
K1: !!opencv-matrix
   rows: 3
   cols: 3
   dt: d
   data: [ 3.6619442195486482e+02, 0., 3.7800900657017900e+02, 0.,
       3.6631176586975289e+02, 2.2959692910978347e+02, 0., 0., 1. ]
D1: !!opencv-matrix
   rows: 5
   cols: 1
   dt: d
   data: [ -2.1502618721754269e-02, -1.2951184946942121e-03,
       -3.4127852927748451e-04, 2.7086966768530415e-04,
       4.7803342796299170e-04 ]
P1: !!opencv-matrix
   rows: 3
   cols: 4
   dt: f
   data: [ 3.61964386e+02, 0., 4.22207550e+02, 0., 0., 3.61964386e+02,
       2.23352402e+02, 0., 0., 0., 1., 0. ]
R1: !!opencv-matrix
   rows: 3
   cols: 3
   dt: f
   data: [ 9.97255504e-01, 4.62707095e-02, -5.77972010e-02,
       -4.62470986e-02, 9.98928487e-01, 1.74672517e-03, 5.78160919e-02,
       9.31021641e-04, 9.98326838e-01 ]
K2: !!opencv-matrix
   rows: 3
   cols: 3
   dt: d
   data: [ 3.6684495620748953e+02, 0., 3.7586764757372902e+02, 0.,
       3.6714722400637692e+02, 2.2165240635390552e+02, 0., 0., 1. ]
D2: !!opencv-matrix
   rows: 5
   cols: 1
   dt: d
   data: [ -2.2125888778928394e-02, -1.1613594850445373e-03,
       2.4824541603873712e-04, -1.2117770058109102e-04,
       4.8874862320422683e-04 ]
P2: !!opencv-matrix
   rows: 3
   cols: 4
   dt: f
   data: [ 3.61964386e+02, 0., 4.22207550e+02, -6.42701406e+04, 0.,
       3.61964386e+02, 2.23352402e+02, 0., 0., 0., 1., 0. ]
R2: !!opencv-matrix
   rows: 3
   cols: 3
   dt: f
   data: [ 9.97643054e-01, 3.60982791e-02, -5.83542883e-02,
       -3.61221060e-02, 9.99347150e-01, 6.46810804e-04, 5.83395436e-02,
       1.46259344e-03, 9.98295724e-01 ]
