%YAML:1.0
---
Q: !!opencv-matrix
   rows: 4
   cols: 4
   dt: f
   data: [ 1., 0., 0., -4.04027954e+02, 0., 1., 0., -2.24608414e+02, 0.,
       0., 0., 3.57263611e+02, 0., 0., 5.72352344e-03, 0. ]
R: !!opencv-matrix
   rows: 3
   cols: 3
   dt: d
   data: [ 1.0003105639539167e+00, 9.4317968904640802e-03,
       4.1680404427340190e-04, -9.8293635199320582e-03,
       1.0002440617817423e+00, 2.6133252467078753e-04,
       -4.2875718061771738e-04, -2.0252575581744827e-03,
       9.9982639849289456e-01 ]
T: !!opencv-matrix
   rows: 3
   cols: 1
   dt: d
   data: [ -1.7473456326483301e+02, 4.5453526152550527e-01,
       6.1821105807990966e+00 ]
E: !!opencv-matrix
   rows: 0
   cols: 0
   dt: u
   data: []
F: !!opencv-matrix
   rows: 0
   cols: 0
   dt: u
   data: []
K1: !!opencv-matrix
   rows: 3
   cols: 3
   dt: d
   data: [ 3.6619442195486482e+02, 0., 3.7800900657017900e+02, 0.,
       3.6631176586975289e+02, 2.2959692910978347e+02, 0., 0., 1. ]
D1: !!opencv-matrix
   rows: 5
   cols: 1
   dt: d
   data: [ -2.1502618721754269e-02, -1.2951184946942121e-03,
       -3.4127852927748451e-04, 2.7086966768530415e-04,
       4.7803342796299170e-04 ]
P1: !!opencv-matrix
   rows: 3
   cols: 4
   dt: f
   data: [ 3.57263611e+02, 0., 4.04027954e+02, 0., 0., 3.57263611e+02,
       2.24608414e+02, 0., 0., 0., 1., 0. ]
R1: !!opencv-matrix
   rows: 3
   cols: 3
   dt: f
   data: [ 9.99369860e-01, 9.67283919e-03, -3.41522098e-02,
       -9.65357944e-03, 9.99953151e-01, 7.28784304e-04, 3.41576599e-02,
       -3.98633973e-04, 9.99416351e-01 ]
K2: !!opencv-matrix
   rows: 3
   cols: 3
   dt: d
   data: [ 3.6684495620748953e+02, 0., 3.7586764757372902e+02, 0.,
       3.6714722400637692e+02, 2.2165240635390552e+02, 0., 0., 1. ]
D2: !!opencv-matrix
   rows: 5
   cols: 1
   dt: d
   data: [ -2.2125888778928394e-02, -1.1613594850445373e-03,
       2.4824541603873712e-04, -1.2117770058109102e-04,
       4.8874862320422683e-04 ]
P2: !!opencv-matrix
   rows: 3
   cols: 4
   dt: f
   data: [ 3.57263611e+02, 0., 4.04027954e+02, -6.24202188e+04, 0.,
       3.57263611e+02, 2.24608414e+02, 0., 0., 0., 1., 0. ]
R2: !!opencv-matrix
   rows: 3
   cols: 3
   dt: f
   data: [ 9.99402583e-01, 9.41846065e-06, -3.45616117e-02,
       -2.89071359e-05, 9.99999821e-01, -5.63382520e-04, 3.45616005e-02,
       5.64044982e-04, 9.99402404e-01 ]
