%YAML:1.0
---
Q: !!opencv-matrix
   rows: 4
   cols: 4
   dt: f
   data: [ 1., 0., 0., -4.00498901e+02, 0., 1., 0., -2.24626617e+02, 0.,
       0., 0., 3.57329681e+02, 0., 0., 5.62426448e-03, 0. ]
R: !!opencv-matrix
   rows: 3
   cols: 3
   dt: d
   data: [ 9.9972238329709873e-01, 9.4421833014397341e-03,
       4.2039066959450081e-04, -9.5807423324611660e-03,
       1.0002867812500373e+00, 4.3162947507615262e-04,
       -5.5608388083110670e-04, -1.1291941201116351e-03,
       1.0001655716033293e+00 ]
T: !!opencv-matrix
   rows: 3
   cols: 1
   dt: d
   data: [ -1.7767659389645354e+02, 2.4072481474296162e-01,
       4.5345778637322329e+00 ]
E: !!opencv-matrix
   rows: 0
   cols: 0
   dt: u
   data: []
F: !!opencv-matrix
   rows: 0
   cols: 0
   dt: u
   data: []
K1: !!opencv-matrix
   rows: 3
   cols: 3
   dt: d
   data: [ 3.6619442195486482e+02, 0., 3.7800900657017900e+02, 0.,
       3.6631176586975289e+02, 2.2959692910978347e+02, 0., 0., 1. ]
D1: !!opencv-matrix
   rows: 5
   cols: 1
   dt: d
   data: [ -2.1502618721754269e-02, -1.2951184946942121e-03,
       -3.4127852927748451e-04, 2.7086966768530415e-04,
       4.7803342796299170e-04 ]
P1: !!opencv-matrix
   rows: 3
   cols: 4
   dt: f
   data: [ 3.57329681e+02, 0., 4.00498901e+02, 0., 0., 3.57329681e+02,
       2.24626617e+02, 0., 0., 0., 1., 0. ]
R1: !!opencv-matrix
   rows: 3
   cols: 3
   dt: f
   data: [ 9.99513984e-01, 9.65935644e-03, -2.96390504e-02,
       -9.65053588e-03, 9.99953330e-01, 4.40620905e-04, 2.96419226e-02,
       -1.54374022e-04, 9.99560595e-01 ]
K2: !!opencv-matrix
   rows: 3
   cols: 3
   dt: d
   data: [ 3.6684495620748953e+02, 0., 3.7586764757372902e+02, 0.,
       3.6714722400637692e+02, 2.2165240635390552e+02, 0., 0., 1. ]
D2: !!opencv-matrix
   rows: 5
   cols: 1
   dt: d
   data: [ -2.2125888778928394e-02, -1.1613594850445373e-03,
       2.4824541603873712e-04, -1.2117770058109102e-04,
       4.8874862320422683e-04 ]
P2: !!opencv-matrix
   rows: 3
   cols: 4
   dt: f
   data: [ 3.57329681e+02, 0., 4.00498901e+02, -6.35335820e+04, 0.,
       3.57329681e+02, 2.24626617e+02, 0., 0., 0., 1., 0. ]
R2: !!opencv-matrix
   rows: 3
   cols: 3
   dt: f
   data: [ 9.99547243e-01, 1.01476944e-04, -3.00888121e-02,
       -1.10430388e-04, 9.99999940e-01, -2.95905571e-04, 3.00887804e-02,
       2.99094303e-04, 9.99547184e-01 ]
