%YAML:1.0
---
Q: !!opencv-matrix
   rows: 4
   cols: 4
   dt: f
   data: [ 1., 0., 0., -3.96045227e+02, 0., 1., 0., -2.24676697e+02, 0.,
       0., 0., 3.57513336e+02, 0., 0., 5.53022884e-03, 0. ]
R: !!opencv-matrix
   rows: 3
   cols: 3
   dt: d
   data: [ 1.0001726850498307e+00, 9.4417703052505943e-03,
       1.1260474848160248e-03, -9.6968276680348929e-03,
       9.9983296664257104e-01, 2.3150523645877377e-04,
       -1.0204692730370120e-03, -2.2011520352362970e-03,
       9.9990226127780868e-01 ]
T: !!opencv-matrix
   rows: 3
   cols: 1
   dt: d
   data: [ -1.8047886718260673e+02, 7.1721173508537772e-01,
       4.6650470247764622e+00 ]
E: !!opencv-matrix
   rows: 0
   cols: 0
   dt: u
   data: []
F: !!opencv-matrix
   rows: 0
   cols: 0
   dt: u
   data: []
K1: !!opencv-matrix
   rows: 3
   cols: 3
   dt: d
   data: [ 3.6619442195486482e+02, 0., 3.7800900657017900e+02, 0.,
       3.6631176586975289e+02, 2.2959692910978347e+02, 0., 0., 1. ]
D1: !!opencv-matrix
   rows: 5
   cols: 1
   dt: d
   data: [ -2.1502618721754269e-02, -1.2951184946942121e-03,
       -3.4127852927748451e-04, 2.7086966768530415e-04,
       4.7803342796299170e-04 ]
P1: !!opencv-matrix
   rows: 3
   cols: 4
   dt: f
   data: [ 3.57513336e+02, 0., 3.96045227e+02, 0., 0., 3.57513336e+02,
       2.24676697e+02, 0., 0., 0., 1., 0. ]
R1: !!opencv-matrix
   rows: 3
   cols: 3
   dt: f
   data: [ 9.99692082e-01, 7.76895508e-03, -2.35666819e-02,
       -7.75469281e-03, 9.99969661e-01, 6.96517760e-04, 2.35713776e-02,
       -5.13550942e-04, 9.99722004e-01 ]
K2: !!opencv-matrix
   rows: 3
   cols: 3
   dt: d
   data: [ 3.6684495620748953e+02, 0., 3.7586764757372902e+02, 0.,
       3.6714722400637692e+02, 2.2165240635390552e+02, 0., 0., 1. ]
D2: !!opencv-matrix
   rows: 5
   cols: 1
   dt: d
   data: [ -2.2125888778928394e-02, -1.1613594850445373e-03,
       2.4824541603873712e-04, -1.2117770058109102e-04,
       4.8874862320422683e-04 ]
P2: !!opencv-matrix
   rows: 3
   cols: 4
   dt: f
   data: [ 3.57513336e+02, 0., 3.96045227e+02, -6.46471133e+04, 0.,
       3.57513336e+02, 2.24676697e+02, 0., 0., 0., 1., 0. ]
R2: !!opencv-matrix
   rows: 3
   cols: 3
   dt: f
   data: [ 9.99692559e-01, -1.83346600e-03, -2.47271676e-02,
       1.81850255e-03, 9.99998152e-01, -6.27614092e-04, 2.47282721e-02,
       5.82454726e-04, 9.99694049e-01 ]
