%YAML:1.0
---
Q: !!opencv-matrix
   rows: 4
   cols: 4
   dt: f
   data: [ 1., 0., 0., -4.02837524e+02, 0., 1., 0., -2.24263062e+02, 0.,
       0., 0., 3.58875671e+02, 0., 0., 5.54191414e-03, 0. ]
R: !!opencv-matrix
   rows: 3
   cols: 3
   dt: d
   data: [ 9.9966075507554408e-01, 1.0010688668017506e-02,
       6.6879703650717342e-04, -9.8979797355946125e-03,
       1.0010448550965965e+00, 1.8365749787415124e-03,
       -5.4619984440514165e-04, 5.6698479543148335e-04,
       1.0000344877130141e+00 ]
T: !!opencv-matrix
   rows: 3
   cols: 1
   dt: d
   data: [ -1.8031009038034463e+02, -3.3781499137428517e+00,
       6.0464272340370595e+00 ]
E: !!opencv-matrix
   rows: 0
   cols: 0
   dt: u
   data: []
F: !!opencv-matrix
   rows: 0
   cols: 0
   dt: u
   data: []
K1: !!opencv-matrix
   rows: 3
   cols: 3
   dt: d
   data: [ 3.6619442195486482e+02, 0., 3.7800900657017900e+02, 0.,
       3.6631176586975289e+02, 2.2959692910978347e+02, 0., 0., 1. ]
D1: !!opencv-matrix
   rows: 5
   cols: 1
   dt: d
   data: [ -2.1502618721754269e-02, -1.2951184946942121e-03,
       -3.4127852927748451e-04, 2.7086966768530415e-04,
       4.7803342796299170e-04 ]
P1: !!opencv-matrix
   rows: 3
   cols: 4
   dt: f
   data: [ 3.58875671e+02, 0., 4.02837524e+02, 0., 0., 3.58875671e+02,
       2.24263062e+02, 0., 0., 0., 1., 0. ]
R1: !!opencv-matrix
   rows: 3
   cols: 3
   dt: f
   data: [ 9.99047160e-01, 2.86843181e-02, -3.28926668e-02,
       -2.86767129e-02, 9.99588490e-01, 7.03027355e-04, 3.28992978e-02,
       2.40896043e-04, 9.99458671e-01 ]
K2: !!opencv-matrix
   rows: 3
   cols: 3
   dt: d
   data: [ 3.6684495620748953e+02, 0., 3.7586764757372902e+02, 0.,
       3.6714722400637692e+02, 2.2165240635390552e+02, 0., 0., 1. ]
D2: !!opencv-matrix
   rows: 5
   cols: 1
   dt: d
   data: [ -2.2125888778928394e-02, -1.1613594850445373e-03,
       2.4824541603873712e-04, -1.2117770058109102e-04,
       4.8874862320422683e-04 ]
P2: !!opencv-matrix
   rows: 3
   cols: 4
   dt: f
   data: [ 3.58875671e+02, 0., 4.02837524e+02, -6.47566250e+04, 0.,
       3.58875671e+02, 2.24263062e+02, 0., 0., 0., 1., 0. ]
R2: !!opencv-matrix
   rows: 3
   cols: 3
   dt: f
   data: [ 9.99263048e-01, 1.87214166e-02, -3.35087813e-02,
       -1.87291633e-02, 9.99824584e-01, 8.27480690e-05, 3.35044526e-02,
       5.44904324e-04, 9.99438405e-01 ]
