%YAML:1.0
---
Q: !!opencv-matrix
   rows: 4
   cols: 4
   dt: f
   data: [ 1., 0., 0., -3.99306549e+02, 0., 1., 0., -2.24610611e+02, 0.,
       0., 0., 3.57367828e+02, 0., 0., 5.59693715e-03, 0. ]
R: !!opencv-matrix
   rows: 3
   cols: 3
   dt: d
   data: [ 1.0004299816749351e+00, 9.5119860563233818e-03,
       5.2085877567649539e-04, -9.6122480128825027e-03,
       1.0006851750500589e+00, 4.2385443299131358e-04,
       -2.6026417743466458e-04, -1.1638385853572986e-03,
       9.9953537499871148e-01 ]
T: !!opencv-matrix
   rows: 3
   cols: 1
   dt: d
   data: [ -1.7801621095398968e+02, 2.7102065709757528e-01,
       8.1009652864858843e+00 ]
E: !!opencv-matrix
   rows: 0
   cols: 0
   dt: u
   data: []
F: !!opencv-matrix
   rows: 0
   cols: 0
   dt: u
   data: []
K1: !!opencv-matrix
   rows: 3
   cols: 3
   dt: d
   data: [ 3.6619442195486482e+02, 0., 3.7800900657017900e+02, 0.,
       3.6631176586975289e+02, 2.2959692910978347e+02, 0., 0., 1. ]
D1: !!opencv-matrix
   rows: 5
   cols: 1
   dt: d
   data: [ -2.1502618721754269e-02, -1.2951184946942121e-03,
       -3.4127852927748451e-04, 2.7086966768530415e-04,
       4.7803342796299170e-04 ]
P1: !!opencv-matrix
   rows: 3
   cols: 4
   dt: f
   data: [ 3.57367828e+02, 0., 3.99306549e+02, 0., 0., 3.57367828e+02,
       2.24610611e+02, 0., 0., 0., 1., 0. ]
R1: !!opencv-matrix
   rows: 3
   cols: 3
   dt: f
   data: [ 9.99545276e-01, 1.10559436e-02, -2.80538462e-02,
       -1.10487305e-02, 9.99938905e-01, 4.12122317e-04, 2.80566886e-02,
       -1.01975515e-04, 9.99606311e-01 ]
K2: !!opencv-matrix
   rows: 3
   cols: 3
   dt: d
   data: [ 3.6684495620748953e+02, 0., 3.7586764757372902e+02, 0.,
       3.6714722400637692e+02, 2.2165240635390552e+02, 0., 0., 1. ]
D2: !!opencv-matrix
   rows: 5
   cols: 1
   dt: d
   data: [ -2.2125888778928394e-02, -1.1613594850445373e-03,
       2.4824541603873712e-04, -1.2117770058109102e-04,
       4.8874862320422683e-04 ]
P2: !!opencv-matrix
   rows: 3
   cols: 4
   dt: f
   data: [ 3.57367828e+02, 0., 3.99306549e+02, -6.38506094e+04, 0.,
       3.57367828e+02, 2.24610611e+02, 0., 0., 0., 1., 0. ]
R2: !!opencv-matrix
   rows: 3
   cols: 3
   dt: f
   data: [ 9.99587417e-01, 1.44350040e-03, -2.86860596e-02,
       -1.45087566e-03, 9.99998927e-01, -2.36290405e-04, 2.86856871e-02,
       2.77812826e-04, 9.99588430e-01 ]
