%YAML:1.0
---
Q: !!opencv-matrix
   rows: 4
   cols: 4
   dt: f
   data: [ 1., 0., 0., -3.99164215e+02, 0., 1., 0., -2.24321609e+02, 0.,
       0., 0., 3.58778656e+02, 0., 0., 5.62527589e-03, 0. ]
R: !!opencv-matrix
   rows: 3
   cols: 3
   dt: d
   data: [ 9.9922071504023713e-01, 1.0089525811696930e-02,
       8.6350212885729716e-04, -9.9485237994914062e-03,
       1.0006362334855952e+00, 1.3440878318142406e-03,
       -1.0356503243966234e-03, 2.4676713020770080e-04,
       1.0004225840268792e+00 ]
T: !!opencv-matrix
   rows: 3
   cols: 1
   dt: d
   data: [ -1.7813903319490049e+02, -2.9450590385578637e+00,
       3.2253296324330050e+00 ]
E: !!opencv-matrix
   rows: 0
   cols: 0
   dt: u
   data: []
F: !!opencv-matrix
   rows: 0
   cols: 0
   dt: u
   data: []
K1: !!opencv-matrix
   rows: 3
   cols: 3
   dt: d
   data: [ 3.6619442195486482e+02, 0., 3.7800900657017900e+02, 0.,
       3.6631176586975289e+02, 2.2959692910978347e+02, 0., 0., 1. ]
D1: !!opencv-matrix
   rows: 5
   cols: 1
   dt: d
   data: [ -2.1502618721754269e-02, -1.2951184946942121e-03,
       -3.4127852927748451e-04, 2.7086966768530415e-04,
       4.7803342796299170e-04 ]
P1: !!opencv-matrix
   rows: 3
   cols: 4
   dt: f
   data: [ 3.58778656e+02, 0., 3.99164215e+02, 0., 0., 3.58778656e+02,
       2.24321609e+02, 0., 0., 0., 1., 0. ]
R1: !!opencv-matrix
   rows: 3
   cols: 3
   dt: f
   data: [ 9.99180734e-01, 2.90908683e-02, -2.81358734e-02,
       -2.90832203e-02, 9.99576747e-01, 6.81053381e-04, 2.81437784e-02,
       1.37786425e-04, 9.99603868e-01 ]
K2: !!opencv-matrix
   rows: 3
   cols: 3
   dt: d
   data: [ 3.6684495620748953e+02, 0., 3.7586764757372902e+02, 0.,
       3.6714722400637692e+02, 2.2165240635390552e+02, 0., 0., 1. ]
D2: !!opencv-matrix
   rows: 5
   cols: 1
   dt: d
   data: [ -2.2125888778928394e-02, -1.1613594850445373e-03,
       2.4824541603873712e-04, -1.2117770058109102e-04,
       4.8874862320422683e-04 ]
P2: !!opencv-matrix
   rows: 3
   cols: 4
   dt: f
   data: [ 3.58778656e+02, 0., 3.99164215e+02, -6.37797422e+04, 0.,
       3.58778656e+02, 2.24321609e+02, 0., 0., 0., 1., 0. ]
R2: !!opencv-matrix
   rows: 3
   cols: 3
   dt: f
   data: [ 9.99399304e-01, 1.90968830e-02, -2.89191790e-02,
       -1.91047397e-02, 9.99817491e-01, 4.59974990e-06, 2.89139878e-02,
       5.47896372e-04, 9.99581754e-01 ]
