%YAML:1.0
---
Q: !!opencv-matrix
   rows: 4
   cols: 4
   dt: f
   data: [ 1., 0., 0., -3.78101044e+02, 0., 1., 0., -2.24723328e+02, 0.,
       0., 0., 3.56023895e+02, 0., 0., 5.66553045e-03, 0. ]
R: !!opencv-matrix
   rows: 3
   cols: 3
   dt: d
   data: [ 9.9932486285099986e-01, 9.4791163875846355e-03,
       2.4735565294938769e-04, -9.8464103474943578e-03,
       1.0002394716342518e+00, 5.0804353660344258e-04,
       -7.6213740052403437e-04, -1.6231673072415089e-03,
       1.0005191976083871e+00 ]
T: !!opencv-matrix
   rows: 3
   cols: 1
   dt: d
   data: [ -1.7627388344217044e+02, -8.6320496053249152e-01,
       2.8657788649833318e+00 ]
E: !!opencv-matrix
   rows: 0
   cols: 0
   dt: u
   data: []
F: !!opencv-matrix
   rows: 0
   cols: 0
   dt: u
   data: []
K1: !!opencv-matrix
   rows: 3
   cols: 3
   dt: d
   data: [ 3.6619442195486482e+02, 0., 3.7800900657017900e+02, 0.,
       3.6631176586975289e+02, 2.2959692910978347e+02, 0., 0., 1. ]
D1: !!opencv-matrix
   rows: 5
   cols: 1
   dt: d
   data: [ -2.1502618721754269e-02, -1.2951184946942121e-03,
       -3.4127852927748451e-04, 2.7086966768530415e-04,
       4.7803342796299170e-04 ]
P1: !!opencv-matrix
   rows: 3
   cols: 4
   dt: f
   data: [ 3.56023895e+02, 0., 3.78101044e+02, 0., 0., 3.56023895e+02,
       2.24723328e+02, 0., 0., 0., 1., 0. ]
R1: !!opencv-matrix
   rows: 3
   cols: 3
   dt: f
   data: [ 9.99955058e-01, 9.43659991e-03, -8.86512396e-04,
       -9.43601504e-03, 9.99955237e-01, 6.62456325e-04, 8.92724085e-04,
       -6.54061441e-04, 9.99999404e-01 ]
K2: !!opencv-matrix
   rows: 3
   cols: 3
   dt: d
   data: [ 3.6684495620748953e+02, 0., 3.7586764757372902e+02, 0.,
       3.6714722400637692e+02, 2.2165240635390552e+02, 0., 0., 1. ]
D2: !!opencv-matrix
   rows: 5
   cols: 1
   dt: d
   data: [ -2.2125888778928394e-02, -1.1613594850445373e-03,
       2.4824541603873712e-04, -1.2117770058109102e-04,
       4.8874862320422683e-04 ]
P2: !!opencv-matrix
   rows: 3
   cols: 4
   dt: f
   data: [ 3.56023895e+02, 0., 3.78101044e+02, -6.28403438e+04, 0.,
       3.56023895e+02, 2.24723328e+02, 0., 0., 0., 1., 0. ]
R2: !!opencv-matrix
   rows: 3
   cols: 3
   dt: f
   data: [ 9.99998748e-01, -1.71550113e-04, -1.56310678e-03,
       1.70521133e-04, 9.99999762e-01, -6.58399775e-04, 1.56321935e-03,
       6.58132427e-04, 9.99998569e-01 ]
