%YAML:1.0
---
Q: !!opencv-matrix
   rows: 4
   cols: 4
   dt: f
   data: [ 1., 0., 0., -3.84819122e+02, 0., 1., 0., -2.24687927e+02, 0.,
       0., 0., 3.57934235e+02, 0., 0., 5.57951722e-03, 0. ]
R: !!opencv-matrix
   rows: 3
   cols: 3
   dt: d
   data: [ 1.0001532439980902e+00, 9.5771653472419404e-03,
       9.1957063578458295e-04, -9.6632263266164583e-03,
       9.9985297220187852e-01, 4.4183066210657328e-04,
       -9.0747116071986848e-04, -1.3068290383670389e-03,
       9.9995058860554786e-01 ]
T: !!opencv-matrix
   rows: 3
   cols: 1
   dt: d
   data: [ -1.7884917885775806e+02, 1.0055311690584971e-01,
       2.4418713917513508e+00 ]
E: !!opencv-matrix
   rows: 0
   cols: 0
   dt: u
   data: []
F: !!opencv-matrix
   rows: 0
   cols: 0
   dt: u
   data: []
K1: !!opencv-matrix
   rows: 3
   cols: 3
   dt: d
   data: [ 3.6619442195486482e+02, 0., 3.7800900657017900e+02, 0.,
       3.6631176586975289e+02, 2.2959692910978347e+02, 0., 0., 1. ]
D1: !!opencv-matrix
   rows: 5
   cols: 1
   dt: d
   data: [ -2.1502618721754269e-02, -1.2951184946942121e-03,
       -3.4127852927748451e-04, 2.7086966768530415e-04,
       4.7803342796299170e-04 ]
P1: !!opencv-matrix
   rows: 3
   cols: 4
   dt: f
   data: [ 3.57934235e+02, 0., 3.84819122e+02, 0., 0., 3.57934235e+02,
       2.24687927e+02, 0., 0., 0., 1., 0. ]
R1: !!opencv-matrix
   rows: 3
   cols: 3
   dt: f
   data: [ 9.99892354e-01, 1.13005955e-02, -9.35744587e-03,
       -1.12966420e-02, 9.99936104e-01, 4.75198700e-04, 9.36221797e-03,
       -3.69439833e-04, 9.99956131e-01 ]
K2: !!opencv-matrix
   rows: 3
   cols: 3
   dt: d
   data: [ 3.6684495620748953e+02, 0., 3.7586764757372902e+02, 0.,
       3.6714722400637692e+02, 2.2165240635390552e+02, 0., 0., 1. ]
D2: !!opencv-matrix
   rows: 5
   cols: 1
   dt: d
   data: [ -2.2125888778928394e-02, -1.1613594850445373e-03,
       2.4824541603873712e-04, -1.2117770058109102e-04,
       4.8874862320422683e-04 ]
P2: !!opencv-matrix
   rows: 3
   cols: 4
   dt: f
   data: [ 3.57934235e+02, 0., 3.84819122e+02, -6.41514727e+04, 0.,
       3.57934235e+02, 2.24687927e+02, 0., 0., 0., 1., 0. ]
R2: !!opencv-matrix
   rows: 3
   cols: 3
   dt: f
   data: [ 9.99944925e-01, 1.63109810e-03, -1.03655234e-02,
       -1.63547578e-03, 9.99998569e-01, -4.13859932e-04, 1.03648333e-02,
       4.30789718e-04, 9.99946177e-01 ]
