%YAML:1.0
---
Q: !!opencv-matrix
   rows: 4
   cols: 4
   dt: f
   data: [ 1., 0., 0., -4.17844971e+02, 0., 1., 0., -2.24436081e+02, 0.,
       0., 0., 3.57439331e+02, 0., 0., 5.56463655e-03, 0. ]
R: !!opencv-matrix
   rows: 3
   cols: 3
   dt: d
   data: [ 1.0004944708265562e+00, 9.7455603940191891e-03,
       1.1385364509424907e-03, -9.8354200720881715e-03,
       1.0010054924837402e+00, 1.0579683853128052e-03,
       -5.4302773182193570e-04, -1.2816995452232252e-03,
       9.9935173600995797e-01 ]
T: !!opencv-matrix
   rows: 3
   cols: 1
   dt: d
   data: [ -1.7949101485738146e+02, -9.6708501933531887e-01,
       1.0236655934031877e+01 ]
E: !!opencv-matrix
   rows: 0
   cols: 0
   dt: u
   data: []
F: !!opencv-matrix
   rows: 0
   cols: 0
   dt: u
   data: []
K1: !!opencv-matrix
   rows: 3
   cols: 3
   dt: d
   data: [ 3.6619442195486482e+02, 0., 3.7800900657017900e+02, 0.,
       3.6631176586975289e+02, 2.2959692910978347e+02, 0., 0., 1. ]
D1: !!opencv-matrix
   rows: 5
   cols: 1
   dt: d
   data: [ -2.1502618721754269e-02, -1.2951184946942121e-03,
       -3.4127852927748451e-04, 2.7086966768530415e-04,
       4.7803342796299170e-04 ]
P1: !!opencv-matrix
   rows: 3
   cols: 4
   dt: f
   data: [ 3.57439331e+02, 0., 4.17844971e+02, 0., 0., 3.57439331e+02,
       2.24436081e+02, 0., 0., 0., 1., 0. ]
R1: !!opencv-matrix
   rows: 3
   cols: 3
   dt: f
   data: [ 9.98590767e-01, 1.28681827e-02, -5.14872670e-02,
       -1.28494715e-02, 9.99917209e-01, 6.94420247e-04, 5.14919385e-02,
       -3.18575003e-05, 9.98673439e-01 ]
K2: !!opencv-matrix
   rows: 3
   cols: 3
   dt: d
   data: [ 3.6684495620748953e+02, 0., 3.7586764757372902e+02, 0.,
       3.6714722400637692e+02, 2.2165240635390552e+02, 0., 0., 1. ]
D2: !!opencv-matrix
   rows: 5
   cols: 1
   dt: d
   data: [ -2.2125888778928394e-02, -1.1613594850445373e-03,
       2.4824541603873712e-04, -1.2117770058109102e-04,
       4.8874862320422683e-04 ]
P2: !!opencv-matrix
   rows: 3
   cols: 4
   dt: f
   data: [ 3.57439331e+02, 0., 4.17844971e+02, -6.42340820e+04, 0.,
       3.57439331e+02, 2.24436081e+02, 0., 0., 0., 1., 0. ]
R2: !!opencv-matrix
   rows: 3
   cols: 3
   dt: f
   data: [ 9.98622119e-01, 3.11569264e-03, -5.23848683e-02,
       -3.13472864e-03, 9.99995053e-01, -2.81229324e-04, 5.23837321e-02,
       4.45054146e-04, 9.98626947e-01 ]
