%YAML:1.0
---
Q: !!opencv-matrix
   rows: 4
   cols: 4
   dt: f
   data: [ 1., 0., 0., -3.88629639e+02, 0., 1., 0., -2.24587936e+02, 0.,
       0., 0., 3.57734100e+02, 0., 0., 5.50243538e-03, 0. ]
R: !!opencv-matrix
   rows: 3
   cols: 3
   dt: d
   data: [ 9.9974042232207816e-01, 1.0055450870539617e-02,
       1.5331990803417264e-03, -9.9425602996024778e-03,
       9.9998339517680590e-01, 9.1116381579507113e-04,
       -1.5840630875825260e-03, -4.1916374427370447e-04,
       1.0001262288390784e+00 ]
T: !!opencv-matrix
   rows: 3
   cols: 1
   dt: d
   data: [ -1.8191150808464727e+02, -1.9502194645721305e+00,
       1.9449256492454681e+00 ]
E: !!opencv-matrix
   rows: 0
   cols: 0
   dt: u
   data: []
F: !!opencv-matrix
   rows: 0
   cols: 0
   dt: u
   data: []
K1: !!opencv-matrix
   rows: 3
   cols: 3
   dt: d
   data: [ 3.6619442195486482e+02, 0., 3.7800900657017900e+02, 0.,
       3.6631176586975289e+02, 2.2959692910978347e+02, 0., 0., 1. ]
D1: !!opencv-matrix
   rows: 5
   cols: 1
   dt: d
   data: [ -2.1502618721754269e-02, -1.2951184946942121e-03,
       -3.4127852927748451e-04, 2.7086966768530415e-04,
       4.7803342796299170e-04 ]
P1: !!opencv-matrix
   rows: 3
   cols: 4
   dt: f
   data: [ 3.57734100e+02, 0., 3.88629639e+02, 0., 0., 3.57734100e+02,
       2.24587936e+02, 0., 0., 0., 1., 0. ]
R1: !!opencv-matrix
   rows: 3
   cols: 3
   dt: f
   data: [ 9.99696314e-01, 2.01727226e-02, -1.41530549e-02,
       -2.01684572e-02, 9.99796510e-01, 4.44047299e-04, 1.41591327e-02,
       -1.58467185e-04, 9.99899745e-01 ]
K2: !!opencv-matrix
   rows: 3
   cols: 3
   dt: d
   data: [ 3.6684495620748953e+02, 0., 3.7586764757372902e+02, 0.,
       3.6714722400637692e+02, 2.2165240635390552e+02, 0., 0., 1. ]
D2: !!opencv-matrix
   rows: 5
   cols: 1
   dt: d
   data: [ -2.2125888778928394e-02, -1.1613594850445373e-03,
       2.4824541603873712e-04, -1.2117770058109102e-04,
       4.8874862320422683e-04 ]
P2: !!opencv-matrix
   rows: 3
   cols: 4
   dt: f
   data: [ 3.57734100e+02, 0., 3.88629639e+02, -6.50137734e+04, 0.,
       3.57734100e+02, 2.24587936e+02, 0., 0., 0., 1., 0. ]
R2: !!opencv-matrix
   rows: 3
   cols: 3
   dt: f
   data: [ 9.99825597e-01, 1.01888981e-02, -1.56508870e-02,
       -1.01936134e-02, 9.99948025e-01, -2.21516762e-04, 1.56478155e-02,
       3.81017220e-04, 9.99877512e-01 ]
