%YAML:1.0
---
Q: !!opencv-matrix
   rows: 4
   cols: 4
   dt: f
   data: [ 1., 0., 0., -3.89859985e+02, 0., 1., 0., -2.24628235e+02, 0.,
       0., 0., 3.57851349e+02, 0., 0., 5.67490561e-03, 0. ]
R: !!opencv-matrix
   rows: 3
   cols: 3
   dt: d
   data: [ 9.9969170620766712e-01, 9.7648643602437357e-03,
       6.7874417451239467e-04, -9.8013614464476286e-03,
       1.0001479389785579e+00, 7.7152071965679372e-04,
       -8.4083786215572527e-04, -5.1672936222791829e-04,
       1.0002453956816795e+00 ]
T: !!opencv-matrix
   rows: 3
   cols: 1
   dt: d
   data: [ -1.7630038244413191e+02, -1.0070274269929238e+00,
       3.3768304434290224e+00 ]
E: !!opencv-matrix
   rows: 0
   cols: 0
   dt: u
   data: []
F: !!opencv-matrix
   rows: 0
   cols: 0
   dt: u
   data: []
K1: !!opencv-matrix
   rows: 3
   cols: 3
   dt: d
   data: [ 3.6619442195486482e+02, 0., 3.7800900657017900e+02, 0.,
       3.6631176586975289e+02, 2.2959692910978347e+02, 0., 0., 1. ]
D1: !!opencv-matrix
   rows: 5
   cols: 1
   dt: d
   data: [ -2.1502618721754269e-02, -1.2951184946942121e-03,
       -3.4127852927748451e-04, 2.7086966768530415e-04,
       4.7803342796299170e-04 ]
P1: !!opencv-matrix
   rows: 3
   cols: 4
   dt: f
   data: [ 3.57851349e+02, 0., 3.89859985e+02, 0., 0., 3.57851349e+02,
       2.24628235e+02, 0., 0., 0., 1., 0. ]
R1: !!opencv-matrix
   rows: 3
   cols: 3
   dt: f
   data: [ 9.99764383e-01, 1.46621400e-02, -1.60059482e-02,
       -1.46589065e-02, 9.99892473e-01, 3.19325773e-04, 1.60089098e-02,
       -8.46208277e-05, 9.99871850e-01 ]
K2: !!opencv-matrix
   rows: 3
   cols: 3
   dt: d
   data: [ 3.6684495620748953e+02, 0., 3.7586764757372902e+02, 0.,
       3.6714722400637692e+02, 2.2165240635390552e+02, 0., 0., 1. ]
D2: !!opencv-matrix
   rows: 5
   cols: 1
   dt: d
   data: [ -2.2125888778928394e-02, -1.1613594850445373e-03,
       2.4824541603873712e-04, -1.2117770058109102e-04,
       4.8874862320422683e-04 ]
P2: !!opencv-matrix
   rows: 3
   cols: 4
   dt: f
   data: [ 3.57851349e+02, 0., 3.89859985e+02, -6.30585547e+04, 0.,
       3.57851349e+02, 2.24628235e+02, 0., 0., 0., 1., 0. ]
R2: !!opencv-matrix
   rows: 3
   cols: 3
   dt: f
   data: [ 9.99848068e-01, 4.86455578e-03, -1.67397652e-02,
       -4.86793695e-03, 9.99988139e-01, -1.61245713e-04, 1.67387817e-02,
       2.42709328e-04, 9.99859869e-01 ]
