%YAML:1.0
---
Q: !!opencv-matrix
   rows: 4
   cols: 4
   dt: f
   data: [ 1., 0., 0., -4.01021912e+02, 0., 1., 0., -2.24664642e+02, 0.,
       0., 0., 3.57270935e+02, 0., 0., 5.70758386e-03, 0. ]
R: !!opencv-matrix
   rows: 3
   cols: 3
   dt: d
   data: [ 9.9993188471821326e-01, 9.9275321653069949e-03,
       6.4894846585089811e-04, -9.7323426260009869e-03,
       1.0006963853955948e+00, 1.1365983220286368e-03,
       -5.6759582220384998e-04, 3.5090788955095534e-05,
       9.9992525186038095e-01 ]
T: !!opencv-matrix
   rows: 3
   cols: 1
   dt: d
   data: [ -1.7592680408507275e+02, -6.2090679159111972e-01,
       6.2062701583436084e+00 ]
E: !!opencv-matrix
   rows: 0
   cols: 0
   dt: u
   data: []
F: !!opencv-matrix
   rows: 0
   cols: 0
   dt: u
   data: []
K1: !!opencv-matrix
   rows: 3
   cols: 3
   dt: d
   data: [ 3.6619442195486482e+02, 0., 3.7800900657017900e+02, 0.,
       3.6631176586975289e+02, 2.2959692910978347e+02, 0., 0., 1. ]
D1: !!opencv-matrix
   rows: 5
   cols: 1
   dt: d
   data: [ -2.1502618721754269e-02, -1.2951184946942121e-03,
       -3.4127852927748451e-04, 2.7086966768530415e-04,
       4.7803342796299170e-04 ]
P1: !!opencv-matrix
   rows: 3
   cols: 4
   dt: f
   data: [ 3.57270935e+02, 0., 4.01021912e+02, 0., 0., 3.57270935e+02,
       2.24664642e+02, 0., 0., 0., 1., 0. ]
R1: !!opencv-matrix
   rows: 3
   cols: 3
   dt: f
   data: [ 9.99516010e-01, 7.39943143e-03, -3.02158426e-02,
       -7.38771446e-03, 9.99972582e-01, 4.99394722e-04, 3.02187093e-02,
       -2.75927043e-04, 9.99543250e-01 ]
K2: !!opencv-matrix
   rows: 3
   cols: 3
   dt: d
   data: [ 3.6684495620748953e+02, 0., 3.7586764757372902e+02, 0.,
       3.6714722400637692e+02, 2.2165240635390552e+02, 0., 0., 1. ]
D2: !!opencv-matrix
   rows: 5
   cols: 1
   dt: d
   data: [ -2.2125888778928394e-02, -1.1613594850445373e-03,
       2.4824541603873712e-04, -1.2117770058109102e-04,
       4.8874862320422683e-04 ]
P2: !!opencv-matrix
   rows: 3
   cols: 4
   dt: f
   data: [ 3.57270935e+02, 0., 4.01021912e+02, -6.25958281e+04, 0.,
       3.57270935e+02, 2.24664642e+02, 0., 0., 0., 1., 0. ]
R2: !!opencv-matrix
   rows: 3
   cols: 3
   dt: f
   data: [ 9.99524236e-01, -2.32469966e-03, -3.07553858e-02,
       2.31277384e-03, 9.99997258e-01, -4.23327525e-04, 3.07562854e-02,
       3.51995870e-04, 9.99526858e-01 ]
