%YAML:1.0
---
Q: !!opencv-matrix
   rows: 4
   cols: 4
   dt: f
   data: [ 1., 0., 0., -4.12639282e+02, 0., 1., 0., -2.24597916e+02, 0.,
       0., 0., 3.57123566e+02, 0., 0., 5.61165204e-03, 0. ]
R: !!opencv-matrix
   rows: 3
   cols: 3
   dt: d
   data: [ 1.0003782004724957e+00, 9.5639459177646307e-03,
       4.8886190251470321e-04, -9.6859910331535907e-03,
       1.0008015402662311e+00, 6.6764870646975007e-04,
       -2.1891866176678749e-04, -9.6202954656553631e-04,
       9.9953812608058523e-01 ]
T: !!opencv-matrix
   rows: 3
   cols: 1
   dt: d
   data: [ -1.7797105852897616e+02, -3.0146397886502851e-01,
       8.4859897809685325e+00 ]
E: !!opencv-matrix
   rows: 0
   cols: 0
   dt: u
   data: []
F: !!opencv-matrix
   rows: 0
   cols: 0
   dt: u
   data: []
K1: !!opencv-matrix
   rows: 3
   cols: 3
   dt: d
   data: [ 3.6619442195486482e+02, 0., 3.7800900657017900e+02, 0.,
       3.6631176586975289e+02, 2.2959692910978347e+02, 0., 0., 1. ]
D1: !!opencv-matrix
   rows: 5
   cols: 1
   dt: d
   data: [ -2.1502618721754269e-02, -1.2951184946942121e-03,
       -3.4127852927748451e-04, 2.7086966768530415e-04,
       4.7803342796299170e-04 ]
P1: !!opencv-matrix
   rows: 3
   cols: 4
   dt: f
   data: [ 3.57123566e+02, 0., 4.12639282e+02, 0., 0., 3.57123566e+02,
       2.24597916e+02, 0., 0., 0., 1., 0. ]
R1: !!opencv-matrix
   rows: 3
   cols: 3
   dt: f
   data: [ 9.98951495e-01, 8.06181878e-03, -4.50652614e-02,
       -8.04880913e-03, 9.99967515e-01, 4.70122322e-04, 4.50675860e-02,
       -1.06907712e-04, 9.98983920e-01 ]
K2: !!opencv-matrix
   rows: 3
   cols: 3
   dt: d
   data: [ 3.6684495620748953e+02, 0., 3.7586764757372902e+02, 0.,
       3.6714722400637692e+02, 2.2165240635390552e+02, 0., 0., 1. ]
D2: !!opencv-matrix
   rows: 5
   cols: 1
   dt: d
   data: [ -2.2125888778928394e-02, -1.1613594850445373e-03,
       2.4824541603873712e-04, -1.2117770058109102e-04,
       4.8874862320422683e-04 ]
P2: !!opencv-matrix
   rows: 3
   cols: 4
   dt: f
   data: [ 3.57123566e+02, 0., 4.12639282e+02, -6.36396484e+04, 0.,
       3.57123566e+02, 2.24597916e+02, 0., 0., 0., 1., 0. ]
R2: !!opencv-matrix
   rows: 3
   cols: 3
   dt: f
   data: [ 9.98965025e-01, -1.52087363e-03, -4.54597957e-02,
       1.50775083e-03, 9.99998808e-01, -3.22954147e-04, 4.54602353e-02,
       2.54077837e-04, 9.98966098e-01 ]
