%YAML:1.0
---
Q: !!opencv-matrix
   rows: 4
   cols: 4
   dt: f
   data: [ 1., 0., 0., -3.96978394e+02, 0., 1., 0., -2.24595139e+02, 0.,
       0., 0., 3.57488037e+02, 0., 0., 5.60708158e-03, 0. ]
R: !!opencv-matrix
   rows: 3
   cols: 3
   dt: d
   data: [ 9.9976307840536227e-01, 9.8964926473339779e-03,
       6.4579580446314714e-04, -9.5952587834858220e-03,
       1.0005472806794229e+00, 1.0444288648701087e-03,
       -4.1712038061410034e-04, 4.6171393380406856e-04,
       1.0000521065989558e+00 ]
T: !!opencv-matrix
   rows: 3
   cols: 1
   dt: d
   data: [ -1.7810755959962700e+02, -9.0938952916036331e-01,
       3.8096281528340850e+00 ]
E: !!opencv-matrix
   rows: 0
   cols: 0
   dt: u
   data: []
F: !!opencv-matrix
   rows: 0
   cols: 0
   dt: u
   data: []
K1: !!opencv-matrix
   rows: 3
   cols: 3
   dt: d
   data: [ 3.6619442195486482e+02, 0., 3.7800900657017900e+02, 0.,
       3.6631176586975289e+02, 2.2959692910978347e+02, 0., 0., 1. ]
D1: !!opencv-matrix
   rows: 5
   cols: 1
   dt: d
   data: [ -2.1502618721754269e-02, -1.2951184946942121e-03,
       -3.4127852927748451e-04, 2.7086966768530415e-04,
       4.7803342796299170e-04 ]
P1: !!opencv-matrix
   rows: 3
   cols: 4
   dt: f
   data: [ 3.57488037e+02, 0., 3.96978394e+02, 0., 0., 3.57488037e+02,
       2.24595139e+02, 0., 0., 0., 1., 0. ]
R1: !!opencv-matrix
   rows: 3
   cols: 3
   dt: f
   data: [ 9.99598920e-01, 1.30605204e-02, -2.51280479e-02,
       -1.30527690e-02, 9.99914706e-01, 4.72455722e-04, 2.51320750e-02,
       -1.44275604e-04, 9.99684155e-01 ]
K2: !!opencv-matrix
   rows: 3
   cols: 3
   dt: d
   data: [ 3.6684495620748953e+02, 0., 3.7586764757372902e+02, 0.,
       3.6714722400637692e+02, 2.2165240635390552e+02, 0., 0., 1. ]
D2: !!opencv-matrix
   rows: 5
   cols: 1
   dt: d
   data: [ -2.2125888778928394e-02, -1.1613594850445373e-03,
       2.4824541603873712e-04, -1.2117770058109102e-04,
       4.8874862320422683e-04 ]
P2: !!opencv-matrix
   rows: 3
   cols: 4
   dt: f
   data: [ 3.57488037e+02, 0., 3.96978394e+02, -6.37565234e+04, 0.,
       3.57488037e+02, 2.24595139e+02, 0., 0., 0., 1., 0. ]
R2: !!opencv-matrix
   rows: 3
   cols: 3
   dt: f
   data: [ 9.99662757e-01, 3.39113944e-03, -2.57468931e-02,
       -3.39908013e-03, 9.99994159e-01, -2.64657341e-04, 2.57458445e-02,
       3.52083822e-04, 9.99668479e-01 ]
