%YAML:1.0
---
Q: !!opencv-matrix
   rows: 4
   cols: 4
   dt: f
   data: [ 1., 0., 0., -4.07512695e+02, 0., 1., 0., -2.24348129e+02, 0.,
       0., 0., 3.58156525e+02, 0., 0., 5.63420588e-03, 0. ]
R: !!opencv-matrix
   rows: 3
   cols: 3
   dt: d
   data: [ 9.9993250678684009e-01, 1.0152875726747692e-02,
       9.1465476187381283e-04, -9.9764554290100570e-03,
       1.0013878045475861e+00, 2.2307471381134273e-03,
       -5.8602209252228081e-04, 5.6666045277295875e-04,
       9.9969029302436829e-01 ]
T: !!opencv-matrix
   rows: 3
   cols: 1
   dt: d
   data: [ -1.7809463099081032e+02, -4.7634266488952726e+00,
       8.3232436289331737e+00 ]
E: !!opencv-matrix
   rows: 0
   cols: 0
   dt: u
   data: []
F: !!opencv-matrix
   rows: 0
   cols: 0
   dt: u
   data: []
K1: !!opencv-matrix
   rows: 3
   cols: 3
   dt: d
   data: [ 3.6619442195486482e+02, 0., 3.7800900657017900e+02, 0.,
       3.6631176586975289e+02, 2.2959692910978347e+02, 0., 0., 1. ]
D1: !!opencv-matrix
   rows: 5
   cols: 1
   dt: d
   data: [ -2.1502618721754269e-02, -1.2951184946942121e-03,
       -3.4127852927748451e-04, 2.7086966768530415e-04,
       4.7803342796299170e-04 ]
P1: !!opencv-matrix
   rows: 3
   cols: 4
   dt: f
   data: [ 3.58156525e+02, 0., 4.07512695e+02, 0., 0., 3.58156525e+02,
       2.24348129e+02, 0., 0., 0., 1., 0. ]
R1: !!opencv-matrix
   rows: 3
   cols: 3
   dt: f
   data: [ 9.99035954e-01, 2.08552275e-02, -3.86287645e-02,
       -2.08427366e-02, 9.99782503e-01, 7.26099533e-04, 3.86355035e-02,
       7.97295797e-05, 9.99253392e-01 ]
K2: !!opencv-matrix
   rows: 3
   cols: 3
   dt: d
   data: [ 3.6684495620748953e+02, 0., 3.7586764757372902e+02, 0.,
       3.6714722400637692e+02, 2.2165240635390552e+02, 0., 0., 1. ]
D2: !!opencv-matrix
   rows: 5
   cols: 1
   dt: d
   data: [ -2.2125888778928394e-02, -1.1613594850445373e-03,
       2.4824541603873712e-04, -1.2117770058109102e-04,
       4.8874862320422683e-04 ]
P2: !!opencv-matrix
   rows: 3
   cols: 4
   dt: f
   data: [ 3.58156525e+02, 0., 4.07512695e+02, -6.35682383e+04, 0.,
       3.58156525e+02, 2.24348129e+02, 0., 0., 0., 1., 0. ]
R2: !!opencv-matrix
   rows: 3
   cols: 3
   dt: f
   data: [ 9.99163806e-01, 1.10334856e-02, -3.93689796e-02,
       -1.10462150e-02, 9.99938965e-01, -1.05800435e-04, 3.93654108e-02,
       5.40590205e-04, 9.99224722e-01 ]
