%YAML:1.0
---
Q: !!opencv-matrix
   rows: 4
   cols: 4
   dt: f
   data: [ 1., 0., 0., -3.96978394e+02, 0., 1., 0., -2.24595139e+02, 0.,
       0., 0., 3.57488037e+02, 0., 0., 5.60708158e-03, 0. ]
R: !!opencv-matrix
   rows: 3
   cols: 3
   dt: d
   data: [ 9.9978254649401499e-01, 9.6035128550789311e-03,
       5.7394496219851255e-04, -9.7054062028698838e-03,
       1.0002451648020425e+00, 8.0373707949096395e-04,
       -6.5250874106820571e-04, -6.8129532051603217e-04,
       1.0001204172406961e+00 ]
T: !!opencv-matrix
   rows: 3
   cols: 1
   dt: d
   data: [ -1.7828575227847350e+02, -6.0479580240947772e-01,
       4.5918527245273406e+00 ]
E: !!opencv-matrix
   rows: 0
   cols: 0
   dt: u
   data: []
F: !!opencv-matrix
   rows: 0
   cols: 0
   dt: u
   data: []
K1: !!opencv-matrix
   rows: 3
   cols: 3
   dt: d
   data: [ 3.6619442195486482e+02, 0., 3.7800900657017900e+02, 0.,
       3.6631176586975289e+02, 2.2959692910978347e+02, 0., 0., 1. ]
D1: !!opencv-matrix
   rows: 5
   cols: 1
   dt: d
   data: [ -2.1502618721754269e-02, -1.2951184946942121e-03,
       -3.4127852927748451e-04, 2.7086966768530415e-04,
       4.7803342796299170e-04 ]
P1: !!opencv-matrix
   rows: 3
   cols: 4
   dt: f
   data: [ 3.57488037e+02, 0., 3.96978394e+02, 0., 0., 3.57488037e+02,
       2.24595139e+02, 0., 0., 0., 1., 0. ]
R1: !!opencv-matrix
   rows: 3
   cols: 3
   dt: f
   data: [ 9.99598920e-01, 1.30605204e-02, -2.51280479e-02,
       -1.30527690e-02, 9.99914706e-01, 4.72455722e-04, 2.51320750e-02,
       -1.44275604e-04, 9.99684155e-01 ]
K2: !!opencv-matrix
   rows: 3
   cols: 3
   dt: d
   data: [ 3.6684495620748953e+02, 0., 3.7586764757372902e+02, 0.,
       3.6714722400637692e+02, 2.2165240635390552e+02, 0., 0., 1. ]
D2: !!opencv-matrix
   rows: 5
   cols: 1
   dt: d
   data: [ -2.2125888778928394e-02, -1.1613594850445373e-03,
       2.4824541603873712e-04, -1.2117770058109102e-04,
       4.8874862320422683e-04 ]
P2: !!opencv-matrix
   rows: 3
   cols: 4
   dt: f
   data: [ 3.57488037e+02, 0., 3.96978394e+02, -6.37565234e+04, 0.,
       3.57488037e+02, 2.24595139e+02, 0., 0., 0., 1., 0. ]
R2: !!opencv-matrix
   rows: 3
   cols: 3
   dt: f
   data: [ 9.99662757e-01, 3.39113944e-03, -2.57468931e-02,
       -3.39908013e-03, 9.99994159e-01, -2.64657341e-04, 2.57458445e-02,
       3.52083822e-04, 9.99668479e-01 ]
