%YAML:1.0
---
Q: !!opencv-matrix
   rows: 4
   cols: 4
   dt: f
   data: [ 1., 0., 0., -3.94035889e+02, 0., 1., 0., -2.24527832e+02, 0.,
       0., 0., 3.57866394e+02, 0., 0., 5.64464740e-03, 0. ]
R: !!opencv-matrix
   rows: 3
   cols: 3
   dt: d
   data: [ 9.9942883672075855e-01, 9.9173642506838848e-03,
       8.2584911897195981e-04, -9.8447205580533929e-03,
       1.0002419460815173e+00, 9.3240979940440469e-04,
       -1.0646527561577199e-03, -1.2584003059960776e-04,
       1.0003727391571671e+00 ]
T: !!opencv-matrix
   rows: 3
   cols: 1
   dt: d
   data: [ -1.7742527226055043e+02, -1.6284146909932744e+00,
       2.7758034667116629e+00 ]
E: !!opencv-matrix
   rows: 0
   cols: 0
   dt: u
   data: []
F: !!opencv-matrix
   rows: 0
   cols: 0
   dt: u
   data: []
K1: !!opencv-matrix
   rows: 3
   cols: 3
   dt: d
   data: [ 3.6619442195486482e+02, 0., 3.7800900657017900e+02, 0.,
       3.6631176586975289e+02, 2.2959692910978347e+02, 0., 0., 1. ]
D1: !!opencv-matrix
   rows: 5
   cols: 1
   dt: d
   data: [ -2.1502618721754269e-02, -1.2951184946942121e-03,
       -3.4127852927748451e-04, 2.7086966768530415e-04,
       4.7803342796299170e-04 ]
P1: !!opencv-matrix
   rows: 3
   cols: 4
   dt: f
   data: [ 3.57866394e+02, 0., 3.94035889e+02, 0., 0., 3.57866394e+02,
       2.24527832e+02, 0., 0., 0., 1., 0. ]
R1: !!opencv-matrix
   rows: 3
   cols: 3
   dt: f
   data: [ 9.99570489e-01, 2.00251155e-02, -2.13981327e-02,
       -2.00210046e-02, 9.99799490e-01, 4.06349922e-04, 2.14019790e-02,
       2.22367635e-05, 9.99770939e-01 ]
K2: !!opencv-matrix
   rows: 3
   cols: 3
   dt: d
   data: [ 3.6684495620748953e+02, 0., 3.7586764757372902e+02, 0.,
       3.6714722400637692e+02, 2.2165240635390552e+02, 0., 0., 1. ]
D2: !!opencv-matrix
   rows: 5
   cols: 1
   dt: d
   data: [ -2.2125888778928394e-02, -1.1613594850445373e-03,
       2.4824541603873712e-04, -1.2117770058109102e-04,
       4.8874862320422683e-04 ]
P2: !!opencv-matrix
   rows: 3
   cols: 4
   dt: f
   data: [ 3.57866394e+02, 0., 3.94035889e+02, -6.33992461e+04, 0.,
       3.57866394e+02, 2.24527832e+02, 0., 0., 0., 1., 0. ]
R2: !!opencv-matrix
   rows: 3
   cols: 3
   dt: f
   data: [ 9.99701798e-01, 1.01233842e-02, -2.22228002e-02,
       -1.01276524e-02, 9.99948740e-01, -7.95423402e-05, 2.22208537e-02,
       3.04583431e-04, 9.99753058e-01 ]
