%YAML:1.0
---
Q: !!opencv-matrix
   rows: 4
   cols: 4
   dt: f
   data: [ 1., 0., 0., -3.96916107e+02, 0., 1., 0., -2.24666382e+02, 0.,
       0., 0., 3.57556946e+02, 0., 0., 5.62636601e-03, 0. ]
R: !!opencv-matrix
   rows: 3
   cols: 3
   dt: d
   data: [ 1.0001989924294870e+00, 9.4222454384197494e-03,
       4.1322428456999670e-04, -9.6438482544154887e-03,
       1.0006180777584999e+00, 6.2675592324884196e-04,
       -3.7177841973803981e-04, -1.5121659054988298e-03,
       9.9972724689917070e-01 ]
T: !!opencv-matrix
   rows: 3
   cols: 1
   dt: d
   data: [ -1.7769561427143040e+02, -3.6529652529490753e-01,
       7.3066661556443684e+00 ]
E: !!opencv-matrix
   rows: 0
   cols: 0
   dt: u
   data: []
F: !!opencv-matrix
   rows: 0
   cols: 0
   dt: u
   data: []
K1: !!opencv-matrix
   rows: 3
   cols: 3
   dt: d
   data: [ 3.6619442195486482e+02, 0., 3.7800900657017900e+02, 0.,
       3.6631176586975289e+02, 2.2959692910978347e+02, 0., 0., 1. ]
D1: !!opencv-matrix
   rows: 5
   cols: 1
   dt: d
   data: [ -2.1502618721754269e-02, -1.2951184946942121e-03,
       -3.4127852927748451e-04, 2.7086966768530415e-04,
       4.7803342796299170e-04 ]
P1: !!opencv-matrix
   rows: 3
   cols: 4
   dt: f
   data: [ 3.57556946e+02, 0., 3.96916107e+02, 0., 0., 3.57556946e+02,
       2.24666382e+02, 0., 0., 0., 1., 0. ]
R1: !!opencv-matrix
   rows: 3
   cols: 3
   dt: f
   data: [ 9.99653518e-01, 8.17336142e-03, -2.50207614e-02,
       -8.16511735e-03, 9.99966562e-01, 4.31611465e-04, 2.50234529e-02,
       -2.27164448e-04, 9.99686837e-01 ]
K2: !!opencv-matrix
   rows: 3
   cols: 3
   dt: d
   data: [ 3.6684495620748953e+02, 0., 3.7586764757372902e+02, 0.,
       3.6714722400637692e+02, 2.2165240635390552e+02, 0., 0., 1. ]
D2: !!opencv-matrix
   rows: 5
   cols: 1
   dt: d
   data: [ -2.2125888778928394e-02, -1.1613594850445373e-03,
       2.4824541603873712e-04, -1.2117770058109102e-04,
       4.8874862320422683e-04 ]
P2: !!opencv-matrix
   rows: 3
   cols: 4
   dt: f
   data: [ 3.57556946e+02, 0., 3.96916107e+02, -6.35502422e+04, 0.,
       3.57556946e+02, 2.24666382e+02, 0., 0., 0., 1., 0. ]
R2: !!opencv-matrix
   rows: 3
   cols: 3
   dt: f
   data: [ 9.99673545e-01, -1.35440589e-03, -2.55131945e-02,
       1.34600070e-03, 9.99999046e-01, -3.46616580e-04, 2.55136397e-02,
       3.12162651e-04, 9.99674439e-01 ]
