%YAML:1.0
---
Q: !!opencv-matrix
   rows: 4
   cols: 4
   dt: f
   data: [ 1., 0., 0., -3.96451202e+02, 0., 1., 0., -2.24734772e+02, 0.,
       0., 0., 3.56260345e+02, 0., 0., 5.57790510e-03, 0. ]
R: !!opencv-matrix
   rows: 3
   cols: 3
   dt: d
   data: [ 1.0008245626446628e+00, 9.6105998421860041e-03,
       1.2501119376271724e-03, -9.7212338059036105e-03,
       1.0005786220310693e+00, 7.7649834536003520e-04,
       -6.4395892623439347e-04, -1.2911211295031670e-03,
       9.9923923952977234e-01 ]
T: !!opencv-matrix
   rows: 3
   cols: 1
   dt: d
   data: [ -1.7954879009221784e+02, -2.3373025472323197e-01,
       8.6712277993924989e+00 ]
E: !!opencv-matrix
   rows: 0
   cols: 0
   dt: u
   data: []
F: !!opencv-matrix
   rows: 0
   cols: 0
   dt: u
   data: []
K1: !!opencv-matrix
   rows: 3
   cols: 3
   dt: d
   data: [ 3.6619442195486482e+02, 0., 3.7800900657017900e+02, 0.,
       3.6631176586975289e+02, 2.2959692910978347e+02, 0., 0., 1. ]
D1: !!opencv-matrix
   rows: 5
   cols: 1
   dt: d
   data: [ -2.1502618721754269e-02, -1.2951184946942121e-03,
       -3.4127852927748451e-04, 2.7086966768530415e-04,
       4.7803342796299170e-04 ]
P1: !!opencv-matrix
   rows: 3
   cols: 4
   dt: f
   data: [ 3.56260345e+02, 0., 3.96451202e+02, 0., 0., 3.56260345e+02,
       2.24734772e+02, 0., 0., 0., 1., 0. ]
R1: !!opencv-matrix
   rows: 3
   cols: 3
   dt: f
   data: [ 9.99704421e-01, 3.60064558e-03, -2.40440406e-02,
       -3.59412958e-03, 9.99993503e-01, 3.14208766e-04, 2.40450148e-02,
       -2.27698489e-04, 9.99710858e-01 ]
K2: !!opencv-matrix
   rows: 3
   cols: 3
   dt: d
   data: [ 3.6684495620748953e+02, 0., 3.7586764757372902e+02, 0.,
       3.6714722400637692e+02, 2.2165240635390552e+02, 0., 0., 1. ]
D2: !!opencv-matrix
   rows: 5
   cols: 1
   dt: d
   data: [ -2.2125888778928394e-02, -1.1613594850445373e-03,
       2.4824541603873712e-04, -1.2117770058109102e-04,
       4.8874862320422683e-04 ]
P2: !!opencv-matrix
   rows: 3
   cols: 4
   dt: f
   data: [ 3.56260345e+02, 0., 3.96451202e+02, -6.38699219e+04, 0.,
       3.56260345e+02, 2.24734772e+02, 0., 0., 0., 1., 0. ]
R2: !!opencv-matrix
   rows: 3
   cols: 3
   dt: f
   data: [ 9.99666452e-01, -5.94779337e-03, -2.51306631e-02,
       5.94098307e-03, 9.99982297e-01, -3.45659122e-04, 2.51322743e-02,
       1.96242996e-04, 9.99684095e-01 ]
