%YAML:1.0
---
Q: !!opencv-matrix
   rows: 4
   cols: 4
   dt: f
   data: [ 1., 0., 0., -3.84260437e+02, 0., 1., 0., -2.24613586e+02, 0.,
       0., 0., 3.56883636e+02, 0., 0., 5.61632123e-03, 0. ]
R: !!opencv-matrix
   rows: 3
   cols: 3
   dt: d
   data: [ 9.9937229866116928e-01, 1.0074831315215402e-02,
       8.8303263634062880e-04, -1.0041393951865393e-02,
       1.0004491519386103e+00, 1.2527361033974449e-03,
       -1.0960664912416113e-03, 2.6139850930173992e-04,
       1.0003681851308774e+00 ]
T: !!opencv-matrix
   rows: 3
   cols: 1
   dt: d
   data: [ -1.7805746607569057e+02, -2.9591701522705209e+00,
       1.8011807539239399e+00 ]
E: !!opencv-matrix
   rows: 0
   cols: 0
   dt: u
   data: []
F: !!opencv-matrix
   rows: 0
   cols: 0
   dt: u
   data: []
K1: !!opencv-matrix
   rows: 3
   cols: 3
   dt: d
   data: [ 3.6619442195486482e+02, 0., 3.7800900657017900e+02, 0.,
       3.6631176586975289e+02, 2.2959692910978347e+02, 0., 0., 1. ]
D1: !!opencv-matrix
   rows: 5
   cols: 1
   dt: d
   data: [ -2.1502618721754269e-02, -1.2951184946942121e-03,
       -3.4127852927748451e-04, 2.7086966768530415e-04,
       4.7803342796299170e-04 ]
P1: !!opencv-matrix
   rows: 3
   cols: 4
   dt: f
   data: [ 3.56883636e+02, 0., 3.84260437e+02, 0., 0., 3.56883636e+02,
       2.24613586e+02, 0., 0., 0., 1., 0. ]
R1: !!opencv-matrix
   rows: 3
   cols: 3
   dt: f
   data: [ 9.99685407e-01, 2.34603379e-02, -8.87365825e-03,
       -2.34581213e-02, 9.99724746e-01, 3.53862881e-04, 8.87951721e-03,
       -1.45592217e-04, 9.99960542e-01 ]
K2: !!opencv-matrix
   rows: 3
   cols: 3
   dt: d
   data: [ 3.6684495620748953e+02, 0., 3.7586764757372902e+02, 0.,
       3.6714722400637692e+02, 2.2165240635390552e+02, 0., 0., 1. ]
D2: !!opencv-matrix
   rows: 5
   cols: 1
   dt: d
   data: [ -2.2125888778928394e-02, -1.1613594850445373e-03,
       2.4824541603873712e-04, -1.2117770058109102e-04,
       4.8874862320422683e-04 ]
P2: !!opencv-matrix
   rows: 3
   cols: 4
   dt: f
   data: [ 3.56883636e+02, 0., 3.84260437e+02, -6.35440234e+04, 0.,
       3.56883636e+02, 2.24613586e+02, 0., 0., 0., 1., 0. ]
R2: !!opencv-matrix
   rows: 3
   cols: 3
   dt: f
   data: [ 9.99860764e-01, 1.34549187e-02, -9.87299252e-03,
       -1.34573840e-02, 9.99909401e-01, -1.83318945e-04, 9.86963231e-03,
       3.16158053e-04, 9.99951243e-01 ]
