%YAML:1.0
---
Q: !!opencv-matrix
   rows: 4
   cols: 4
   dt: f
   data: [ 1., 0., 0., -3.91900330e+02, 0., 1., 0., -2.24532455e+02, 0.,
       0., 0., 3.57895111e+02, 0., 0., 5.65071357e-03, 0. ]
R: !!opencv-matrix
   rows: 3
   cols: 3
   dt: d
   data: [ 9.9991779429618144e-01, 9.9897267212291207e-03,
       1.2351676904938827e-03, -9.9416498657382748e-03,
       1.0001739702333130e+00, 9.8966156721675444e-04,
       -1.2782063187238206e-03, -9.7620412958311035e-04,
       1.0000497726921220e+00 ]
T: !!opencv-matrix
   rows: 3
   cols: 1
   dt: d
   data: [ -1.7728053652499389e+02, -2.0840304552405660e+00,
       2.2398551069149097e+00 ]
E: !!opencv-matrix
   rows: 0
   cols: 0
   dt: u
   data: []
F: !!opencv-matrix
   rows: 0
   cols: 0
   dt: u
   data: []
K1: !!opencv-matrix
   rows: 3
   cols: 3
   dt: d
   data: [ 3.6619442195486482e+02, 0., 3.7800900657017900e+02, 0.,
       3.6631176586975289e+02, 2.2959692910978347e+02, 0., 0., 1. ]
D1: !!opencv-matrix
   rows: 5
   cols: 1
   dt: d
   data: [ -2.1502618721754269e-02, -1.2951184946942121e-03,
       -3.4127852927748451e-04, 2.7086966768530415e-04,
       4.7803342796299170e-04 ]
P1: !!opencv-matrix
   rows: 3
   cols: 4
   dt: f
   data: [ 3.57895111e+02, 0., 3.91900330e+02, 0., 0., 3.57895111e+02,
       2.24532455e+02, 0., 0., 0., 1., 0. ]
R1: !!opencv-matrix
   rows: 3
   cols: 3
   dt: f
   data: [ 9.99590278e-01, 2.17987690e-02, -1.85486618e-02,
       -2.17907354e-02, 9.99762356e-01, 6.35140343e-04, 1.85580980e-02,
       -2.30691177e-04, 9.99827743e-01 ]
K2: !!opencv-matrix
   rows: 3
   cols: 3
   dt: d
   data: [ 3.6684495620748953e+02, 0., 3.7586764757372902e+02, 0.,
       3.6714722400637692e+02, 2.2165240635390552e+02, 0., 0., 1. ]
D2: !!opencv-matrix
   rows: 5
   cols: 1
   dt: d
   data: [ -2.2125888778928394e-02, -1.1613594850445373e-03,
       2.4824541603873712e-04, -1.2117770058109102e-04,
       4.8874862320422683e-04 ]
P2: !!opencv-matrix
   rows: 3
   cols: 4
   dt: f
   data: [ 3.57895111e+02, 0., 3.91900330e+02, -6.33362695e+04, 0.,
       3.57895111e+02, 2.24532455e+02, 0., 0., 0., 1., 0. ]
R2: !!opencv-matrix
   rows: 3
   cols: 3
   dt: f
   data: [ 9.99736667e-01, 1.18030217e-02, -1.96799468e-02,
       -1.18115423e-02, 9.99930203e-01, -3.16748046e-04, 1.96748339e-02,
       5.49115182e-04, 9.99806285e-01 ]
