%YAML:1.0
---
Q: !!opencv-matrix
   rows: 4
   cols: 4
   dt: f
   data: [ 1., 0., 0., -3.86797211e+02, 0., 1., 0., -2.24631958e+02, 0.,
       0., 0., 3.57872925e+02, 0., 0., 5.49419876e-03, 0. ]
R: !!opencv-matrix
   rows: 3
   cols: 3
   dt: d
   data: [ 1.0002953672817494e+00, 9.9793992514516736e-03,
       1.3925901631409768e-03, -9.9109722692823973e-03,
       1.0003127831349112e+00, 8.7675788835278004e-04,
       -1.2606953115943424e-03, -4.7040290619300402e-04,
       9.9973457792749487e-01 ]
T: !!opencv-matrix
   rows: 3
   cols: 1
   dt: d
   data: [ -1.8199209317898575e+02, -1.6685904127401021e+00,
       3.4527473111632085e+00 ]
E: !!opencv-matrix
   rows: 0
   cols: 0
   dt: u
   data: []
F: !!opencv-matrix
   rows: 0
   cols: 0
   dt: u
   data: []
K1: !!opencv-matrix
   rows: 3
   cols: 3
   dt: d
   data: [ 3.6619442195486482e+02, 0., 3.7800900657017900e+02, 0.,
       3.6631176586975289e+02, 2.2959692910978347e+02, 0., 0., 1. ]
D1: !!opencv-matrix
   rows: 5
   cols: 1
   dt: d
   data: [ -2.1502618721754269e-02, -1.2951184946942121e-03,
       -3.4127852927748451e-04, 2.7086966768530415e-04,
       4.7803342796299170e-04 ]
P1: !!opencv-matrix
   rows: 3
   cols: 4
   dt: f
   data: [ 3.57872925e+02, 0., 3.86797211e+02, 0., 0., 3.57872925e+02,
       2.24631958e+02, 0., 0., 0., 1., 0. ]
R1: !!opencv-matrix
   rows: 3
   cols: 3
   dt: f
   data: [ 9.99782741e-01, 1.71739794e-02, -1.18125267e-02,
       -1.71708297e-02, 9.99852479e-01, 3.67916829e-04, 1.18171023e-02,
       -1.65006015e-04, 9.99930143e-01 ]
K2: !!opencv-matrix
   rows: 3
   cols: 3
   dt: d
   data: [ 3.6684495620748953e+02, 0., 3.7586764757372902e+02, 0.,
       3.6714722400637692e+02, 2.2165240635390552e+02, 0., 0., 1. ]
D2: !!opencv-matrix
   rows: 5
   cols: 1
   dt: d
   data: [ -2.2125888778928394e-02, -1.1613594850445373e-03,
       2.4824541603873712e-04, -1.2117770058109102e-04,
       4.8874862320422683e-04 ]
P2: !!opencv-matrix
   rows: 3
   cols: 4
   dt: f
   data: [ 3.57872925e+02, 0., 3.86797211e+02, -6.51365078e+04, 0.,
       3.57872925e+02, 2.24631958e+02, 0., 0., 0., 1., 0. ]
R2: !!opencv-matrix
   rows: 3
   cols: 3
   dt: f
   data: [ 9.99886870e-01, 7.23099848e-03, -1.31901000e-02,
       -7.23451329e-03, 9.99973834e-01, -2.18768750e-04, 1.31881731e-02,
       3.14167963e-04, 9.99912977e-01 ]
