%YAML:1.0
---
Q: !!opencv-matrix
   rows: 4
   cols: 4
   dt: f
   data: [ 1., 0., 0., -3.78471039e+02, 0., 1., 0., -2.24713806e+02, 0.,
       0., 0., 3.55508514e+02, 0., 0., 5.57354465e-03, 0. ]
R: !!opencv-matrix
   rows: 3
   cols: 3
   dt: d
   data: [ 1.0004024724809224e+00, 9.7092750827339654e-03,
       9.4562606190027340e-04, -9.7086040802624139e-03,
       9.9963919266053569e-01, 4.7445235474726974e-04,
       -1.0017695430182307e-03, -8.9431797874696644e-04,
       9.9982665820282246e-01 ]
T: !!opencv-matrix
   rows: 3
   cols: 1
   dt: d
   data: [ -1.7905361928841967e+02, -4.6910351203215844e-01,
       1.1273614028771217e+00 ]
E: !!opencv-matrix
   rows: 0
   cols: 0
   dt: u
   data: []
F: !!opencv-matrix
   rows: 0
   cols: 0
   dt: u
   data: []
K1: !!opencv-matrix
   rows: 3
   cols: 3
   dt: d
   data: [ 3.6619442195486482e+02, 0., 3.7800900657017900e+02, 0.,
       3.6631176586975289e+02, 2.2959692910978347e+02, 0., 0., 1. ]
D1: !!opencv-matrix
   rows: 5
   cols: 1
   dt: d
   data: [ -2.1502618721754269e-02, -1.2951184946942121e-03,
       -3.4127852927748451e-04, 2.7086966768530415e-04,
       4.7803342796299170e-04 ]
P1: !!opencv-matrix
   rows: 3
   cols: 4
   dt: f
   data: [ 3.55508514e+02, 0., 3.78471039e+02, 0., 0., 3.55508514e+02,
       2.24713806e+02, 0., 0., 0., 1., 0. ]
R1: !!opencv-matrix
   rows: 3
   cols: 3
   dt: f
   data: [ 9.99916077e-01, 1.28949629e-02, -1.23350008e-03,
       -1.28946165e-02, 9.99916792e-01, 2.89067364e-04, 1.23712502e-03,
       -2.73137615e-04, 9.99999225e-01 ]
K2: !!opencv-matrix
   rows: 3
   cols: 3
   dt: d
   data: [ 3.6684495620748953e+02, 0., 3.7586764757372902e+02, 0.,
       3.6714722400637692e+02, 2.2165240635390552e+02, 0., 0., 1. ]
D2: !!opencv-matrix
   rows: 5
   cols: 1
   dt: d
   data: [ -2.2125888778928394e-02, -1.1613594850445373e-03,
       2.4824541603873712e-04, -1.2117770058109102e-04,
       4.8874862320422683e-04 ]
P2: !!opencv-matrix
   rows: 3
   cols: 4
   dt: f
   data: [ 3.55508514e+02, 0., 3.78471039e+02, -6.37849961e+04, 0.,
       3.55508514e+02, 2.24713806e+02, 0., 0., 0., 1., 0. ]
R2: !!opencv-matrix
   rows: 3
   cols: 3
   dt: f
   data: [ 9.99992371e-01, 3.15930531e-03, -2.29310873e-03,
       -3.15995002e-03, 9.99994993e-01, -2.77485873e-04, 2.29222048e-03,
       2.84729846e-04, 9.99997318e-01 ]
