%YAML:1.0
---
Q: !!opencv-matrix
   rows: 4
   cols: 4
   dt: f
   data: [ 1., 0., 0., -3.92072144e+02, 0., 1., 0., -2.24579620e+02, 0.,
       0., 0., 3.57570862e+02, 0., 0., 5.51503990e-03, 0. ]
R: !!opencv-matrix
   rows: 3
   cols: 3
   dt: d
   data: [ 1.0004019967587037e+00, 9.6171417978553470e-03,
       1.2912182717094158e-03, -9.7405723685241741e-03,
       9.9996621265020025e-01, 7.8480940870219234e-04,
       -1.2069454606821134e-03, -1.6896381327126467e-03,
       9.9967492491387788e-01 ]
T: !!opencv-matrix
   rows: 3
   cols: 1
   dt: d
   data: [ -1.8128108857161658e+02, -1.3994665810535227e+00,
       3.6060048730690761e+00 ]
E: !!opencv-matrix
   rows: 0
   cols: 0
   dt: u
   data: []
F: !!opencv-matrix
   rows: 0
   cols: 0
   dt: u
   data: []
K1: !!opencv-matrix
   rows: 3
   cols: 3
   dt: d
   data: [ 3.6619442195486482e+02, 0., 3.7800900657017900e+02, 0.,
       3.6631176586975289e+02, 2.2959692910978347e+02, 0., 0., 1. ]
D1: !!opencv-matrix
   rows: 5
   cols: 1
   dt: d
   data: [ -2.1502618721754269e-02, -1.2951184946942121e-03,
       -3.4127852927748451e-04, 2.7086966768530415e-04,
       4.7803342796299170e-04 ]
P1: !!opencv-matrix
   rows: 3
   cols: 4
   dt: f
   data: [ 3.57570862e+02, 0., 3.92072144e+02, 0., 0., 3.57570862e+02,
       2.24579620e+02, 0., 0., 0., 1., 0. ]
R1: !!opencv-matrix
   rows: 3
   cols: 3
   dt: f
   data: [ 9.99674916e-01, 1.74164213e-02, -1.86208226e-02,
       -1.74058359e-02, 9.99848247e-01, 7.30391883e-04, 1.86307169e-02,
       -4.06043488e-04, 9.99826372e-01 ]
K2: !!opencv-matrix
   rows: 3
   cols: 3
   dt: d
   data: [ 3.6684495620748953e+02, 0., 3.7586764757372902e+02, 0.,
       3.6714722400637692e+02, 2.2165240635390552e+02, 0., 0., 1. ]
D2: !!opencv-matrix
   rows: 5
   cols: 1
   dt: d
   data: [ -2.2125888778928394e-02, -1.1613594850445373e-03,
       2.4824541603873712e-04, -1.2117770058109102e-04,
       4.8874862320422683e-04 ]
P2: !!opencv-matrix
   rows: 3
   cols: 4
   dt: f
   data: [ 3.57570862e+02, 0., 3.92072144e+02, -6.48355898e+04, 0.,
       3.57570862e+02, 2.24579620e+02, 0., 0., 0., 1., 0. ]
R2: !!opencv-matrix
   rows: 3
   cols: 3
   dt: f
   data: [ 9.99772429e-01, 7.71811418e-03, -1.98872611e-02,
       -7.72941485e-03, 9.99970019e-01, -4.91429004e-04, 1.98828708e-02,
       6.45034073e-04, 9.99802113e-01 ]
