%YAML:1.0
---
Q: !!opencv-matrix
   rows: 4
   cols: 4
   dt: f
   data: [ 1., 0., 0., -4.22945496e+02, 0., 1., 0., -2.23321335e+02, 0.,
       0., 0., 3.62043915e+02, 0., 0., 5.62204747e-03, 0. ]
R: !!opencv-matrix
   rows: 3
   cols: 3
   dt: d
   data: [ 1.0004885337861500e+00, 1.0114668068853847e-02,
       7.8575701929759119e-04, -1.0173728378592121e-02,
       1.0015991200866023e+00, 2.6345230335720585e-03,
       -2.5380189744753171e-04, 3.9229274909555125e-04,
       9.9923002153801710e-01 ]
T: !!opencv-matrix
   rows: 3
   cols: 1
   dt: d
   data: [ -1.7714078819023462e+02, -6.4095842948657848e+00,
       1.0361345686614140e+01 ]
E: !!opencv-matrix
   rows: 0
   cols: 0
   dt: u
   data: []
F: !!opencv-matrix
   rows: 0
   cols: 0
   dt: u
   data: []
K1: !!opencv-matrix
   rows: 3
   cols: 3
   dt: d
   data: [ 3.6619442195486482e+02, 0., 3.7800900657017900e+02, 0.,
       3.6631176586975289e+02, 2.2959692910978347e+02, 0., 0., 1. ]
D1: !!opencv-matrix
   rows: 5
   cols: 1
   dt: d
   data: [ -2.1502618721754269e-02, -1.2951184946942121e-03,
       -3.4127852927748451e-04, 2.7086966768530415e-04,
       4.7803342796299170e-04 ]
P1: !!opencv-matrix
   rows: 3
   cols: 4
   dt: f
   data: [ 3.62043915e+02, 0., 4.22945496e+02, 0., 0., 3.62043915e+02,
       2.23321335e+02, 0., 0., 0., 1., 0. ]
R1: !!opencv-matrix
   rows: 3
   cols: 3
   dt: f
   data: [ 9.97189641e-01, 4.65345904e-02, -5.87142222e-02,
       -4.65135388e-02, 9.98916149e-01, 1.72592979e-03, 5.87309040e-02,
       1.00992701e-03, 9.98273313e-01 ]
K2: !!opencv-matrix
   rows: 3
   cols: 3
   dt: d
   data: [ 3.6684495620748953e+02, 0., 3.7586764757372902e+02, 0.,
       3.6714722400637692e+02, 2.2165240635390552e+02, 0., 0., 1. ]
D2: !!opencv-matrix
   rows: 5
   cols: 1
   dt: d
   data: [ -2.2125888778928394e-02, -1.1613594850445373e-03,
       2.4824541603873712e-04, -1.2117770058109102e-04,
       4.8874862320422683e-04 ]
P2: !!opencv-matrix
   rows: 3
   cols: 4
   dt: f
   data: [ 3.62043915e+02, 0., 4.22945496e+02, -6.43971641e+04, 0.,
       3.62043915e+02, 2.23321335e+02, 0., 0., 0., 1., 0. ]
R2: !!opencv-matrix
   rows: 3
   cols: 3
   dt: f
   data: [ 9.97577786e-01, 3.63521576e-02, -5.93052320e-02,
       -3.63734141e-02, 9.99338031e-01, 7.21404387e-04, 5.92921972e-02,
       1.43747672e-03, 9.98239636e-01 ]
