%YAML:1.0
---
Q: !!opencv-matrix
   rows: 4
   cols: 4
   dt: f
   data: [ 1., 0., 0., -4.05005585e+02, 0., 1., 0., -2.24441055e+02, 0.,
       0., 0., 3.57885010e+02, 0., 0., 5.66528132e-03, 0. ]
R: !!opencv-matrix
   rows: 3
   cols: 3
   dt: d
   data: [ 9.9970044152005844e-01, 1.0006578360714943e-02,
       7.2172264227430454e-04, -9.8044825155047931e-03,
       1.0006638984661016e+00, 1.3249345812165472e-03,
       -7.3340759883087036e-04, 3.4577204270250955e-04,
       1.0000662138612044e+00 ]
T: !!opencv-matrix
   rows: 3
   cols: 1
   dt: d
   data: [ -1.7699863261724698e+02, -2.2714821663422011e+00,
       5.6537240627926071e+00 ]
E: !!opencv-matrix
   rows: 0
   cols: 0
   dt: u
   data: []
F: !!opencv-matrix
   rows: 0
   cols: 0
   dt: u
   data: []
K1: !!opencv-matrix
   rows: 3
   cols: 3
   dt: d
   data: [ 3.6619442195486482e+02, 0., 3.7800900657017900e+02, 0.,
       3.6631176586975289e+02, 2.2959692910978347e+02, 0., 0., 1. ]
D1: !!opencv-matrix
   rows: 5
   cols: 1
   dt: d
   data: [ -2.1502618721754269e-02, -1.2951184946942121e-03,
       -3.4127852927748451e-04, 2.7086966768530415e-04,
       4.7803342796299170e-04 ]
P1: !!opencv-matrix
   rows: 3
   cols: 4
   dt: f
   data: [ 3.57885010e+02, 0., 4.05005585e+02, 0., 0., 3.57885010e+02,
       2.24441055e+02, 0., 0., 0., 1., 0. ]
R1: !!opencv-matrix
   rows: 3
   cols: 3
   dt: f
   data: [ 9.99212384e-01, 1.78205259e-02, -3.54552902e-02,
       -1.78128500e-02, 9.99841213e-01, 5.32391714e-04, 3.54591459e-02,
       9.95873997e-05, 9.99371111e-01 ]
K2: !!opencv-matrix
   rows: 3
   cols: 3
   dt: d
   data: [ 3.6684495620748953e+02, 0., 3.7586764757372902e+02, 0.,
       3.6714722400637692e+02, 2.2165240635390552e+02, 0., 0., 1. ]
D2: !!opencv-matrix
   rows: 5
   cols: 1
   dt: d
   data: [ -2.2125888778928394e-02, -1.1613594850445373e-03,
       2.4824541603873712e-04, -1.2117770058109102e-04,
       4.8874862320422683e-04 ]
P2: !!opencv-matrix
   rows: 3
   cols: 4
   dt: f
   data: [ 3.57885010e+02, 0., 4.05005585e+02, -6.31716211e+04, 0.,
       3.57885010e+02, 2.24441055e+02, 0., 0., 0., 1., 0. ]
R2: !!opencv-matrix
   rows: 3
   cols: 3
   dt: f
   data: [ 9.99317586e-01, 8.03375244e-03, -3.60534824e-02,
       -8.04155692e-03, 9.99967635e-01, -7.14691632e-05, 3.60517427e-02,
       3.61346523e-04, 9.99349833e-01 ]
