%YAML:1.0
---
Q: !!opencv-matrix
   rows: 4
   cols: 4
   dt: f
   data: [ 1., 0., 0., -4.15762390e+02, 0., 1., 0., -2.23972473e+02, 0.,
       0., 0., 3.59474091e+02, 0., 0., 5.62796835e-03, 0. ]
R: !!opencv-matrix
   rows: 3
   cols: 3
   dt: d
   data: [ 9.9866081394369588e-01, 9.2774096714893211e-03,
       2.7680347166118569e-04, -9.9208151235297155e-03,
       9.9974969111538847e-01, -1.2227833994799336e-04,
       -1.0496948787438373e-03, -2.7749797321331938e-03,
       1.0011249526261472e+00 ]
T: !!opencv-matrix
   rows: 3
   cols: 1
   dt: d
   data: [ -1.7650575433413522e+02, 3.0279619143629082e-02,
       2.7589768940758758e-01 ]
E: !!opencv-matrix
   rows: 0
   cols: 0
   dt: u
   data: []
F: !!opencv-matrix
   rows: 0
   cols: 0
   dt: u
   data: []
K1: !!opencv-matrix
   rows: 3
   cols: 3
   dt: d
   data: [ 3.6619442195486482e+02, 0., 3.7800900657017900e+02, 0.,
       3.6631176586975289e+02, 2.2959692910978347e+02, 0., 0., 1. ]
D1: !!opencv-matrix
   rows: 5
   cols: 1
   dt: d
   data: [ -2.1502618721754269e-02, -1.2951184946942121e-03,
       -3.4127852927748451e-04, 2.7086966768530415e-04,
       4.7803342796299170e-04 ]
P1: !!opencv-matrix
   rows: 3
   cols: 4
   dt: f
   data: [ 3.59474091e+02, 0., 4.15762390e+02, 0., 0., 3.59474091e+02,
       2.23972473e+02, 0., 0., 0., 1., 0. ]
R1: !!opencv-matrix
   rows: 3
   cols: 3
   dt: f
   data: [ 9.98306692e-01, 3.06600053e-02, -4.94343415e-02,
       -3.06445304e-02, 9.99529779e-01, 1.07111107e-03, 4.94439378e-02,
       4.45594836e-04, 9.98776793e-01 ]
K2: !!opencv-matrix
   rows: 3
   cols: 3
   dt: d
   data: [ 3.6684495620748953e+02, 0., 3.7586764757372902e+02, 0.,
       3.6714722400637692e+02, 2.2165240635390552e+02, 0., 0., 1. ]
D2: !!opencv-matrix
   rows: 5
   cols: 1
   dt: d
   data: [ -2.2125888778928394e-02, -1.1613594850445373e-03,
       2.4824541603873712e-04, -1.2117770058109102e-04,
       4.8874862320422683e-04 ]
P2: !!opencv-matrix
   rows: 3
   cols: 4
   dt: f
   data: [ 3.59474091e+02, 0., 4.15762390e+02, -6.38727969e+04, 0.,
       3.59474091e+02, 2.23972473e+02, 0., 0., 0., 1., 0. ]
R2: !!opencv-matrix
   rows: 3
   cols: 3
   dt: f
   data: [ 9.98542070e-01, 2.07044333e-02, -4.98498864e-02,
       -2.07200348e-02, 9.99785304e-01, 2.03817704e-04, 4.98434007e-02,
       8.29370809e-04, 9.98756707e-01 ]
