%YAML:1.0
---
Q: !!opencv-matrix
   rows: 4
   cols: 4
   dt: f
   data: [ 1., 0., 0., -4.17684265e+02, 0., 1., 0., -2.24188553e+02, 0.,
       0., 0., 3.58354126e+02, 0., 0., 5.57676284e-03, 0. ]
R: !!opencv-matrix
   rows: 3
   cols: 3
   dt: d
   data: [ 9.9918170691602359e-01, 9.7400418142230549e-03,
       7.9502315277224641e-04, -9.9282555263137274e-03,
       1.0003761785784173e+00, 1.0965955837399768e-03,
       -1.0843136256558086e-03, -1.0822270673604116e-03,
       1.0005033774715411e+00 ]
T: !!opencv-matrix
   rows: 3
   cols: 1
   dt: d
   data: [ -1.7878819856283025e+02, -1.4786791917608746e+00,
       5.1206817187379672e+00 ]
E: !!opencv-matrix
   rows: 0
   cols: 0
   dt: u
   data: []
F: !!opencv-matrix
   rows: 0
   cols: 0
   dt: u
   data: []
K1: !!opencv-matrix
   rows: 3
   cols: 3
   dt: d
   data: [ 3.6619442195486482e+02, 0., 3.7800900657017900e+02, 0.,
       3.6631176586975289e+02, 2.2959692910978347e+02, 0., 0., 1. ]
D1: !!opencv-matrix
   rows: 5
   cols: 1
   dt: d
   data: [ -2.1502618721754269e-02, -1.2951184946942121e-03,
       -3.4127852927748451e-04, 2.7086966768530415e-04,
       4.7803342796299170e-04 ]
P1: !!opencv-matrix
   rows: 3
   cols: 4
   dt: f
   data: [ 3.58354126e+02, 0., 4.17684265e+02, 0., 0., 3.58354126e+02,
       2.24188553e+02, 0., 0., 0., 1., 0. ]
R1: !!opencv-matrix
   rows: 3
   cols: 3
   dt: f
   data: [ 9.98437822e-01, 2.16925237e-02, -5.14915772e-02,
       -2.16646474e-02, 9.99764681e-01, 1.09952455e-03, 5.15033118e-02,
       1.77400198e-05, 9.98672843e-01 ]
K2: !!opencv-matrix
   rows: 3
   cols: 3
   dt: d
   data: [ 3.6684495620748953e+02, 0., 3.7586764757372902e+02, 0.,
       3.6714722400637692e+02, 2.2165240635390552e+02, 0., 0., 1. ]
D2: !!opencv-matrix
   rows: 5
   cols: 1
   dt: d
   data: [ -2.2125888778928394e-02, -1.1613594850445373e-03,
       2.4824541603873712e-04, -1.2117770058109102e-04,
       4.8874862320422683e-04 ]
P2: !!opencv-matrix
   rows: 3
   cols: 4
   dt: f
   data: [ 3.58354126e+02, 0., 4.17684265e+02, -6.42584453e+04, 0.,
       3.58354126e+02, 2.24188553e+02, 0., 0., 0., 1., 0. ]
R2: !!opencv-matrix
   rows: 3
   cols: 3
   dt: f
   data: [ 9.98561382e-01, 1.17944749e-02, -5.23069687e-02,
       -1.18227871e-02, 9.99930084e-01, -2.31868718e-04, 5.23005761e-02,
       8.49949312e-04, 9.98631001e-01 ]
