%YAML:1.0
---
Q: !!opencv-matrix
   rows: 4
   cols: 4
   dt: f
   data: [ 1., 0., 0., -3.95843018e+02, 0., 1., 0., -2.24580826e+02, 0.,
       0., 0., 3.57497162e+02, 0., 0., 5.52663999e-03, 0. ]
R: !!opencv-matrix
   rows: 3
   cols: 3
   dt: d
   data: [ 1.0006926606592073e+00, 9.7379911020935919e-03,
       9.5407315367876291e-04, -9.7913439922488622e-03,
       1.0003056739160321e+00, 9.2708186180407012e-04,
       -5.6588345374679642e-04, -1.0900708011405448e-03,
       9.9950066151367534e-01 ]
T: !!opencv-matrix
   rows: 3
   cols: 1
   dt: d
   data: [ -1.8023462513951091e+02, -1.0036210652355364e+00,
       5.3613304810391744e+00 ]
E: !!opencv-matrix
   rows: 0
   cols: 0
   dt: u
   data: []
F: !!opencv-matrix
   rows: 0
   cols: 0
   dt: u
   data: []
K1: !!opencv-matrix
   rows: 3
   cols: 3
   dt: d
   data: [ 3.6619442195486482e+02, 0., 3.7800900657017900e+02, 0.,
       3.6631176586975289e+02, 2.2959692910978347e+02, 0., 0., 1. ]
D1: !!opencv-matrix
   rows: 5
   cols: 1
   dt: d
   data: [ -2.1502618721754269e-02, -1.2951184946942121e-03,
       -3.4127852927748451e-04, 2.7086966768530415e-04,
       4.7803342796299170e-04 ]
P1: !!opencv-matrix
   rows: 3
   cols: 4
   dt: f
   data: [ 3.57497162e+02, 0., 3.95843018e+02, 0., 0., 3.57497162e+02,
       2.24580826e+02, 0., 0., 0., 1., 0. ]
R1: !!opencv-matrix
   rows: 3
   cols: 3
   dt: f
   data: [ 9.99614239e-01, 1.47462497e-02, -2.35347841e-02,
       -1.47354808e-02, 9.99891222e-01, 6.30942523e-04, 2.35415287e-02,
       -2.83902773e-04, 9.99722838e-01 ]
K2: !!opencv-matrix
   rows: 3
   cols: 3
   dt: d
   data: [ 3.6684495620748953e+02, 0., 3.7586764757372902e+02, 0.,
       3.6714722400637692e+02, 2.2165240635390552e+02, 0., 0., 1. ]
D2: !!opencv-matrix
   rows: 5
   cols: 1
   dt: d
   data: [ -2.2125888778928394e-02, -1.1613594850445373e-03,
       2.4824541603873712e-04, -1.2117770058109102e-04,
       4.8874862320422683e-04 ]
P2: !!opencv-matrix
   rows: 3
   cols: 4
   dt: f
   data: [ 3.57497162e+02, 0., 3.95843018e+02, -6.46861719e+04, 0.,
       3.57497162e+02, 2.24580826e+02, 0., 0., 0., 1., 0. ]
R2: !!opencv-matrix
   rows: 3
   cols: 3
   dt: f
   data: [ 9.99687612e-01, 4.93286597e-03, -2.45023295e-02,
       -4.94407536e-03, 9.99987721e-01, -3.96922347e-04, 2.45000701e-02,
       5.17939683e-04, 9.99699712e-01 ]
