%YAML:1.0
---
Q: !!opencv-matrix
   rows: 4
   cols: 4
   dt: f
   data: [ 1., 0., 0., -3.96551910e+02, 0., 1., 0., -2.24649704e+02, 0.,
       0., 0., 3.57583466e+02, 0., 0., 5.68765868e-03, 0. ]
R: !!opencv-matrix
   rows: 3
   cols: 3
   dt: d
   data: [ 9.9988602280249728e-01, 9.7720911496468176e-03,
       6.6000562860604696e-04, -9.6686410297532454e-03,
       1.0002445023484889e+00, 5.1930399667392843e-04,
       -5.9303283470976838e-04, -6.6343199469238176e-04,
       1.0000975523214544e+00 ]
T: !!opencv-matrix
   rows: 3
   cols: 1
   dt: d
   data: [ -1.7576370172911993e+02, 3.5592333348474940e-02,
       4.4201466552153903e+00 ]
E: !!opencv-matrix
   rows: 0
   cols: 0
   dt: u
   data: []
F: !!opencv-matrix
   rows: 0
   cols: 0
   dt: u
   data: []
K1: !!opencv-matrix
   rows: 3
   cols: 3
   dt: d
   data: [ 3.6619442195486482e+02, 0., 3.7800900657017900e+02, 0.,
       3.6631176586975289e+02, 2.2959692910978347e+02, 0., 0., 1. ]
D1: !!opencv-matrix
   rows: 5
   cols: 1
   dt: d
   data: [ -2.1502618721754269e-02, -1.2951184946942121e-03,
       -3.4127852927748451e-04, 2.7086966768530415e-04,
       4.7803342796299170e-04 ]
P1: !!opencv-matrix
   rows: 3
   cols: 4
   dt: f
   data: [ 3.57583466e+02, 0., 3.96551910e+02, 0., 0., 3.57583466e+02,
       2.24649704e+02, 0., 0., 0., 1., 0. ]
R1: !!opencv-matrix
   rows: 3
   cols: 3
   dt: f
   data: [ 9.99654174e-01, 9.52856056e-03, -2.45108902e-02,
       -9.52280965e-03, 9.99954581e-01, 3.51360039e-04, 2.45131254e-02,
       -1.17825992e-04, 9.99699473e-01 ]
K2: !!opencv-matrix
   rows: 3
   cols: 3
   dt: d
   data: [ 3.6684495620748953e+02, 0., 3.7586764757372902e+02, 0.,
       3.6714722400637692e+02, 2.2165240635390552e+02, 0., 0., 1. ]
D2: !!opencv-matrix
   rows: 5
   cols: 1
   dt: d
   data: [ -2.2125888778928394e-02, -1.1613594850445373e-03,
       2.4824541603873712e-04, -1.2117770058109102e-04,
       4.8874862320422683e-04 ]
P2: !!opencv-matrix
   rows: 3
   cols: 4
   dt: f
   data: [ 3.57583466e+02, 0., 3.96551910e+02, -6.28700664e+04, 0.,
       3.57583466e+02, 2.24649704e+02, 0., 0., 0., 1., 0. ]
R2: !!opencv-matrix
   rows: 3
   cols: 3
   dt: f
   data: [ 9.99683917e-01, -2.02437033e-04, -2.51402855e-02,
       1.96538327e-04, 9.99999940e-01, -2.37102751e-04, 2.51403321e-02,
       2.32086779e-04, 9.99683917e-01 ]
