%YAML:1.0
---
Q: !!opencv-matrix
   rows: 4
   cols: 4
   dt: f
   data: [ 1., 0., 0., -3.95025391e+02, 0., 1., 0., -2.24419968e+02, 0.,
       0., 0., 3.58415222e+02, 0., 0., 5.61019359e-03, 0. ]
R: !!opencv-matrix
   rows: 3
   cols: 3
   dt: d
   data: [ 9.9978663010564406e-01, 1.0216185950021332e-02,
       1.3983973042963197e-03, -9.9881327406449259e-03,
       1.0003544074190218e+00, 1.2798098999512281e-03,
       -1.3891360523671180e-03, 3.0369510276166604e-05,
       1.0000576079476791e+00 ]
T: !!opencv-matrix
   rows: 3
   cols: 1
   dt: d
   data: [ -1.7841846052443830e+02, -2.6106587652651161e+00,
       3.3788154026184962e+00 ]
E: !!opencv-matrix
   rows: 0
   cols: 0
   dt: u
   data: []
F: !!opencv-matrix
   rows: 0
   cols: 0
   dt: u
   data: []
K1: !!opencv-matrix
   rows: 3
   cols: 3
   dt: d
   data: [ 3.6619442195486482e+02, 0., 3.7800900657017900e+02, 0.,
       3.6631176586975289e+02, 2.2959692910978347e+02, 0., 0., 1. ]
D1: !!opencv-matrix
   rows: 5
   cols: 1
   dt: d
   data: [ -2.1502618721754269e-02, -1.2951184946942121e-03,
       -3.4127852927748451e-04, 2.7086966768530415e-04,
       4.7803342796299170e-04 ]
P1: !!opencv-matrix
   rows: 3
   cols: 4
   dt: f
   data: [ 3.58415222e+02, 0., 3.95025391e+02, 0., 0., 3.58415222e+02,
       2.24419968e+02, 0., 0., 0., 1., 0. ]
R1: !!opencv-matrix
   rows: 3
   cols: 3
   dt: f
   data: [ 9.99372661e-01, 2.73079295e-02, -2.25508660e-02,
       -2.73010433e-02, 9.99627054e-01, 6.13213633e-04, 2.25592013e-02,
       2.83319400e-06, 9.99745488e-01 ]
K2: !!opencv-matrix
   rows: 3
   cols: 3
   dt: d
   data: [ 3.6684495620748953e+02, 0., 3.7586764757372902e+02, 0.,
       3.6714722400637692e+02, 2.2165240635390552e+02, 0., 0., 1. ]
D2: !!opencv-matrix
   rows: 5
   cols: 1
   dt: d
   data: [ -2.2125888778928394e-02, -1.1613594850445373e-03,
       2.4824541603873712e-04, -1.2117770058109102e-04,
       4.8874862320422683e-04 ]
P2: !!opencv-matrix
   rows: 3
   cols: 4
   dt: f
   data: [ 3.58415222e+02, 0., 3.95025391e+02, -6.38864219e+04, 0.,
       3.58415222e+02, 2.24419968e+02, 0., 0., 0., 1., 0. ]
R2: !!opencv-matrix
   rows: 3
   cols: 3
   dt: f
   data: [ 9.99567449e-01, 1.71781238e-02, -2.38699503e-02,
       -1.71854105e-02, 9.99852300e-01, -1.00119301e-04, 2.38647051e-02,
       5.10290905e-04, 9.99715090e-01 ]
