%YAML:1.0
---
Q: !!opencv-matrix
   rows: 4
   cols: 4
   dt: f
   data: [ 1., 0., 0., -3.78766388e+02, 0., 1., 0., -2.24704010e+02, 0.,
       0., 0., 3.55166687e+02, 0., 0., 5.48748486e-03, 0. ]
R: !!opencv-matrix
   rows: 3
   cols: 3
   dt: d
   data: [ 1.0000931282758201e+00, 9.9809751974440676e-03,
       1.4347571738222494e-03, -9.9249797344410761e-03,
       1.0000270147425161e+00, 6.6280530369289010e-04,
       -1.3591571312213536e-03, -5.8045405338663864e-04,
       9.9996294252795592e-01 ]
T: !!opencv-matrix
   rows: 3
   cols: 1
   dt: d
   data: [ -1.8194229511199558e+02, -1.3105806669536872e+00,
       1.5164413918360780e+00 ]
E: !!opencv-matrix
   rows: 0
   cols: 0
   dt: u
   data: []
F: !!opencv-matrix
   rows: 0
   cols: 0
   dt: u
   data: []
K1: !!opencv-matrix
   rows: 3
   cols: 3
   dt: d
   data: [ 3.6619442195486482e+02, 0., 3.7800900657017900e+02, 0.,
       3.6631176586975289e+02, 2.2959692910978347e+02, 0., 0., 1. ]
D1: !!opencv-matrix
   rows: 5
   cols: 1
   dt: d
   data: [ -2.1502618721754269e-02, -1.2951184946942121e-03,
       -3.4127852927748451e-04, 2.7086966768530415e-04,
       4.7803342796299170e-04 ]
P1: !!opencv-matrix
   rows: 3
   cols: 4
   dt: f
   data: [ 3.55166687e+02, 0., 3.78766388e+02, 0., 0., 3.55166687e+02,
       2.24704010e+02, 0., 0., 0., 1., 0. ]
R1: !!opencv-matrix
   rows: 3
   cols: 3
   dt: f
   data: [ 9.99869227e-01, 1.61053501e-02, -1.45449408e-03,
       -1.61050707e-02, 9.99870300e-01, 2.04167809e-04, 1.45759352e-03,
       -1.80716394e-04, 9.99998927e-01 ]
K2: !!opencv-matrix
   rows: 3
   cols: 3
   dt: d
   data: [ 3.6684495620748953e+02, 0., 3.7586764757372902e+02, 0.,
       3.6714722400637692e+02, 2.2165240635390552e+02, 0., 0., 1. ]
D2: !!opencv-matrix
   rows: 5
   cols: 1
   dt: d
   data: [ -2.2125888778928394e-02, -1.1613594850445373e-03,
       2.4824541603873712e-04, -1.2117770058109102e-04,
       4.8874862320422683e-04 ]
P2: !!opencv-matrix
   rows: 3
   cols: 4
   dt: f
   data: [ 3.55166687e+02, 0., 3.78766388e+02, -6.47230391e+04, 0.,
       3.55166687e+02, 2.24704010e+02, 0., 0., 0., 1., 0. ]
R2: !!opencv-matrix
   rows: 3
   cols: 3
   dt: f
   data: [ 9.99976873e-01, 6.13059662e-03, -2.94504454e-03,
       -6.13116333e-03, 9.99981165e-01, -1.83421129e-04, 2.94386479e-03,
       2.01473435e-04, 9.99995649e-01 ]
