%YAML:1.0
---
Q: !!opencv-matrix
   rows: 4
   cols: 4
   dt: f
   data: [ 1., 0., 0., -3.86367920e+02, 0., 1., 0., -2.24627319e+02, 0.,
       0., 0., 3.57897003e+02, 0., 0., 5.49694104e-03, 0. ]
R: !!opencv-matrix
   rows: 3
   cols: 3
   dt: d
   data: [ 1.0002588304176392e+00, 9.9343259233867307e-03,
       1.2917952401971982e-03, -9.8838513069096252e-03,
       1.0003834978337824e+00, 8.1487677708260244e-04,
       -1.0790154269480611e-03, -1.8549278943390973e-04,
       9.9974714958373523e-01 ]
T: !!opencv-matrix
   rows: 3
   cols: 1
   dt: d
   data: [ -1.8181033200270116e+02, -1.9755367380841358e+00,
       3.2055452770862711e+00 ]
E: !!opencv-matrix
   rows: 0
   cols: 0
   dt: u
   data: []
F: !!opencv-matrix
   rows: 0
   cols: 0
   dt: u
   data: []
K1: !!opencv-matrix
   rows: 3
   cols: 3
   dt: d
   data: [ 3.6619442195486482e+02, 0., 3.7800900657017900e+02, 0.,
       3.6631176586975289e+02, 2.2959692910978347e+02, 0., 0., 1. ]
D1: !!opencv-matrix
   rows: 5
   cols: 1
   dt: d
   data: [ -2.1502618721754269e-02, -1.2951184946942121e-03,
       -3.4127852927748451e-04, 2.7086966768530415e-04,
       4.7803342796299170e-04 ]
P1: !!opencv-matrix
   rows: 3
   cols: 4
   dt: f
   data: [ 3.57897003e+02, 0., 3.86367920e+02, 0., 0., 3.57897003e+02,
       2.24627319e+02, 0., 0., 0., 1., 0. ]
R1: !!opencv-matrix
   rows: 3
   cols: 3
   dt: f
   data: [ 9.99769390e-01, 1.82278734e-02, -1.13529386e-02,
       -1.82265546e-02, 9.99833882e-01, 2.19616253e-04, 1.13550555e-02,
       -1.26406549e-05, 9.99935508e-01 ]
K2: !!opencv-matrix
   rows: 3
   cols: 3
   dt: d
   data: [ 3.6684495620748953e+02, 0., 3.7586764757372902e+02, 0.,
       3.6714722400637692e+02, 2.2165240635390552e+02, 0., 0., 1. ]
D2: !!opencv-matrix
   rows: 5
   cols: 1
   dt: d
   data: [ -2.2125888778928394e-02, -1.1613594850445373e-03,
       2.4824541603873712e-04, -1.2117770058109102e-04,
       4.8874862320422683e-04 ]
P2: !!opencv-matrix
   rows: 3
   cols: 4
   dt: f
   data: [ 3.57897003e+02, 0., 3.86367920e+02, -6.51083945e+04, 0.,
       3.57897003e+02, 2.24627319e+02, 0., 0., 0., 1., 0. ]
R2: !!opencv-matrix
   rows: 3
   cols: 3
   dt: f
   data: [ 9.99886215e-01, 8.30670819e-03, -1.25919515e-02,
       -8.30817129e-03, 9.99965489e-01, -6.38274360e-05, 1.25909867e-02,
       1.68436251e-04, 9.99920726e-01 ]
