%YAML:1.0
---
Q: !!opencv-matrix
   rows: 4
   cols: 4
   dt: f
   data: [ 1., 0., 0., -4.02837524e+02, 0., 1., 0., -2.24263062e+02, 0.,
       0., 0., 3.58875671e+02, 0., 0., 5.54191414e-03, 0. ]
R: !!opencv-matrix
   rows: 3
   cols: 3
   dt: d
   data: [ 9.9951107915406057e-01, 1.0136795424234180e-02,
       7.6575352182761789e-04, -1.0026376946137642e-02,
       1.0009592533392966e+00, 1.8887578876552948e-03,
       -7.5825211599486991e-04, 7.5068800382507893e-04,
       1.0001492842421356e+00 ]
T: !!opencv-matrix
   rows: 3
   cols: 1
   dt: d
   data: [ -1.8092929243612576e+02, -4.0465103972333099e+00,
       4.9049771722824946e+00 ]
E: !!opencv-matrix
   rows: 0
   cols: 0
   dt: u
   data: []
F: !!opencv-matrix
   rows: 0
   cols: 0
   dt: u
   data: []
K1: !!opencv-matrix
   rows: 3
   cols: 3
   dt: d
   data: [ 3.6619442195486482e+02, 0., 3.7800900657017900e+02, 0.,
       3.6631176586975289e+02, 2.2959692910978347e+02, 0., 0., 1. ]
D1: !!opencv-matrix
   rows: 5
   cols: 1
   dt: d
   data: [ -2.1502618721754269e-02, -1.2951184946942121e-03,
       -3.4127852927748451e-04, 2.7086966768530415e-04,
       4.7803342796299170e-04 ]
P1: !!opencv-matrix
   rows: 3
   cols: 4
   dt: f
   data: [ 3.58875671e+02, 0., 4.02837524e+02, 0., 0., 3.58875671e+02,
       2.24263062e+02, 0., 0., 0., 1., 0. ]
R1: !!opencv-matrix
   rows: 3
   cols: 3
   dt: f
   data: [ 9.99047160e-01, 2.86843181e-02, -3.28926668e-02,
       -2.86767129e-02, 9.99588490e-01, 7.03027355e-04, 3.28992978e-02,
       2.40896043e-04, 9.99458671e-01 ]
K2: !!opencv-matrix
   rows: 3
   cols: 3
   dt: d
   data: [ 3.6684495620748953e+02, 0., 3.7586764757372902e+02, 0.,
       3.6714722400637692e+02, 2.2165240635390552e+02, 0., 0., 1. ]
D2: !!opencv-matrix
   rows: 5
   cols: 1
   dt: d
   data: [ -2.2125888778928394e-02, -1.1613594850445373e-03,
       2.4824541603873712e-04, -1.2117770058109102e-04,
       4.8874862320422683e-04 ]
P2: !!opencv-matrix
   rows: 3
   cols: 4
   dt: f
   data: [ 3.58875671e+02, 0., 4.02837524e+02, -6.47566250e+04, 0.,
       3.58875671e+02, 2.24263062e+02, 0., 0., 0., 1., 0. ]
R2: !!opencv-matrix
   rows: 3
   cols: 3
   dt: f
   data: [ 9.99263048e-01, 1.87214166e-02, -3.35087813e-02,
       -1.87291633e-02, 9.99824584e-01, 8.27480690e-05, 3.35044526e-02,
       5.44904324e-04, 9.99438405e-01 ]
