%YAML:1.0
---
Q: !!opencv-matrix
   rows: 4
   cols: 4
   dt: f
   data: [ 1., 0., 0., -3.93167969e+02, 0., 1., 0., -2.24608017e+02, 0.,
       0., 0., 3.57690613e+02, 0., 0., 5.69111202e-03, 0. ]
R: !!opencv-matrix
   rows: 3
   cols: 3
   dt: d
   data: [ 1.0002948205875477e+00, 9.7266886025862056e-03,
       4.0329685133624633e-04, -9.7096352678923466e-03,
       1.0004454957057296e+00, 1.0011073347321944e-03,
       -5.3270152785954146e-04, -9.4293044877667915e-04,
       9.9984345717728018e-01 ]
T: !!opencv-matrix
   rows: 3
   cols: 1
   dt: d
   data: [ -1.7708474133055520e+02, -1.1484820969168077e+00,
       4.5464262829889455e+00 ]
E: !!opencv-matrix
   rows: 0
   cols: 0
   dt: u
   data: []
F: !!opencv-matrix
   rows: 0
   cols: 0
   dt: u
   data: []
K1: !!opencv-matrix
   rows: 3
   cols: 3
   dt: d
   data: [ 3.6619442195486482e+02, 0., 3.7800900657017900e+02, 0.,
       3.6631176586975289e+02, 2.2959692910978347e+02, 0., 0., 1. ]
D1: !!opencv-matrix
   rows: 5
   cols: 1
   dt: d
   data: [ -2.1502618721754269e-02, -1.2951184946942121e-03,
       -3.4127852927748451e-04, 2.7086966768530415e-04,
       4.7803342796299170e-04 ]
P1: !!opencv-matrix
   rows: 3
   cols: 4
   dt: f
   data: [ 3.57690613e+02, 0., 3.93167969e+02, 0., 0., 3.57690613e+02,
       2.24608017e+02, 0., 0., 0., 1., 0. ]
R1: !!opencv-matrix
   rows: 3
   cols: 3
   dt: f
   data: [ 9.99691606e-01, 1.40667278e-02, -2.04644892e-02,
       -1.40566221e-02, 9.99900997e-01, 6.37610268e-04, 2.04714313e-02,
       -3.49752081e-04, 9.99790370e-01 ]
K2: !!opencv-matrix
   rows: 3
   cols: 3
   dt: d
   data: [ 3.6684495620748953e+02, 0., 3.7586764757372902e+02, 0.,
       3.6714722400637692e+02, 2.2165240635390552e+02, 0., 0., 1. ]
D2: !!opencv-matrix
   rows: 5
   cols: 1
   dt: d
   data: [ -2.2125888778928394e-02, -1.1613594850445373e-03,
       2.4824541603873712e-04, -1.2117770058109102e-04,
       4.8874862320422683e-04 ]
P2: !!opencv-matrix
   rows: 3
   cols: 4
   dt: f
   data: [ 3.57690613e+02, 0., 3.93167969e+02, -6.28507422e+04, 0.,
       3.57690613e+02, 2.24608017e+02, 0., 0., 0., 1., 0. ]
R2: !!opencv-matrix
   rows: 3
   cols: 3
   dt: f
   data: [ 9.99774933e-01, 4.55477554e-03, -2.07205843e-02,
       -4.56500566e-03, 9.99989510e-01, -4.46446909e-04, 2.07183324e-02,
       5.40936016e-04, 9.99785185e-01 ]
