%YAML:1.0
---
Q: !!opencv-matrix
   rows: 4
   cols: 4
   dt: f
   data: [ 1., 0., 0., -3.72421417e+02, 0., 1., 0., -2.24749329e+02, 0.,
       0., 0., 3.53122772e+02, 0., 0., 5.48169250e-03, 0. ]
R: !!opencv-matrix
   rows: 3
   cols: 3
   dt: d
   data: [ 1.0004214093052208e+00, 9.7499870602642015e-03,
       1.3985094830624241e-03, -9.8481916286525199e-03,
       9.9956561830592427e-01, 2.3759097670269475e-04,
       -1.2797679896442654e-03, -1.9981137962185461e-03,
       9.9985241031170990e-01 ]
T: !!opencv-matrix
   rows: 3
   cols: 1
   dt: d
   data: [ -1.8205676385846797e+02, -5.8790246882240127e-01,
       3.8366586042713757e-01 ]
E: !!opencv-matrix
   rows: 0
   cols: 0
   dt: u
   data: []
F: !!opencv-matrix
   rows: 0
   cols: 0
   dt: u
   data: []
K1: !!opencv-matrix
   rows: 3
   cols: 3
   dt: d
   data: [ 3.6619442195486482e+02, 0., 3.7800900657017900e+02, 0.,
       3.6631176586975289e+02, 2.2959692910978347e+02, 0., 0., 1. ]
D1: !!opencv-matrix
   rows: 5
   cols: 1
   dt: d
   data: [ -2.1502618721754269e-02, -1.2951184946942121e-03,
       -3.4127852927748451e-04, 2.7086966768530415e-04,
       4.7803342796299170e-04 ]
P1: !!opencv-matrix
   rows: 3
   cols: 4
   dt: f
   data: [ 3.53122772e+02, 0., 3.72421417e+02, 0., 0., 3.53122772e+02,
       2.24749329e+02, 0., 0., 0., 1., 0. ]
R1: !!opencv-matrix
   rows: 3
   cols: 3
   dt: f
   data: [ 9.99859452e-01, 1.53815839e-02, 6.67388830e-03,
       -1.53851267e-02, 9.99881506e-01, 4.79853508e-04, -6.66571688e-03,
       -5.82464680e-04, 9.99977589e-01 ]
K2: !!opencv-matrix
   rows: 3
   cols: 3
   dt: d
   data: [ 3.6684495620748953e+02, 0., 3.7586764757372902e+02, 0.,
       3.6714722400637692e+02, 2.2165240635390552e+02, 0., 0., 1. ]
D2: !!opencv-matrix
   rows: 5
   cols: 1
   dt: d
   data: [ -2.2125888778928394e-02, -1.1613594850445373e-03,
       2.4824541603873712e-04, -1.2117770058109102e-04,
       4.8874862320422683e-04 ]
P2: !!opencv-matrix
   rows: 3
   cols: 4
   dt: f
   data: [ 3.53122772e+02, 0., 3.72421417e+02, -6.44185625e+04, 0.,
       3.53122772e+02, 2.24749329e+02, 0., 0., 0., 1., 0. ]
R2: !!opencv-matrix
   rows: 3
   cols: 3
   dt: f
   data: [ 9.99971032e-01, 5.55676175e-03, 5.20403404e-03,
       -5.55399666e-03, 9.99984443e-01, -5.45633433e-04, -5.20698493e-03,
       5.16714412e-04, 9.99986291e-01 ]
