%YAML:1.0
---
Q: !!opencv-matrix
   rows: 4
   cols: 4
   dt: f
   data: [ 1., 0., 0., -3.90133575e+02, 0., 1., 0., -2.24608719e+02, 0.,
       0., 0., 3.57798859e+02, 0., 0., 5.59914205e-03, 0. ]
R: !!opencv-matrix
   rows: 3
   cols: 3
   dt: d
   data: [ 1.0003856933152468e+00, 9.9947964353700597e-03,
       9.9483910226894501e-04, -9.9533046272332806e-03,
       1.0005235937032373e+00, 5.3128679715384181e-04,
       -8.3077984579714437e-04, -7.9146472035271928e-04,
       9.9961861707373623e-01 ]
T: !!opencv-matrix
   rows: 3
   cols: 1
   dt: d
   data: [ -1.7812983464627354e+02, -1.0392464458254598e+00,
       4.5449026294325936e+00 ]
E: !!opencv-matrix
   rows: 0
   cols: 0
   dt: u
   data: []
F: !!opencv-matrix
   rows: 0
   cols: 0
   dt: u
   data: []
K1: !!opencv-matrix
   rows: 3
   cols: 3
   dt: d
   data: [ 3.6619442195486482e+02, 0., 3.7800900657017900e+02, 0.,
       3.6631176586975289e+02, 2.2959692910978347e+02, 0., 0., 1. ]
D1: !!opencv-matrix
   rows: 5
   cols: 1
   dt: d
   data: [ -2.1502618721754269e-02, -1.2951184946942121e-03,
       -3.4127852927748451e-04, 2.7086966768530415e-04,
       4.7803342796299170e-04 ]
P1: !!opencv-matrix
   rows: 3
   cols: 4
   dt: f
   data: [ 3.57798859e+02, 0., 3.90133575e+02, 0., 0., 3.57798859e+02,
       2.24608719e+02, 0., 0., 0., 1., 0. ]
R1: !!opencv-matrix
   rows: 3
   cols: 3
   dt: f
   data: [ 9.99732435e-01, 1.64901782e-02, -1.62231401e-02,
       -1.64863989e-02, 9.99864042e-01, 3.66663735e-04, 1.62269808e-02,
       -9.91044435e-05, 9.99868333e-01 ]
K2: !!opencv-matrix
   rows: 3
   cols: 3
   dt: d
   data: [ 3.6684495620748953e+02, 0., 3.7586764757372902e+02, 0.,
       3.6714722400637692e+02, 2.2165240635390552e+02, 0., 0., 1. ]
D2: !!opencv-matrix
   rows: 5
   cols: 1
   dt: d
   data: [ -2.2125888778928394e-02, -1.1613594850445373e-03,
       2.4824541603873712e-04, -1.2117770058109102e-04,
       4.8874862320422683e-04 ]
P2: !!opencv-matrix
   rows: 3
   cols: 4
   dt: f
   data: [ 3.57798859e+02, 0., 3.90133575e+02, -6.39024414e+04, 0.,
       3.57798859e+02, 2.24608719e+02, 0., 0., 0., 1., 0. ]
R2: !!opencv-matrix
   rows: 3
   cols: 3
   dt: f
   data: [ 9.99829531e-01, 6.48783008e-03, -1.72869079e-02,
       -6.49185618e-03, 9.99978900e-01, -1.76792746e-04, 1.72853973e-02,
       2.88986746e-04, 9.99850571e-01 ]
