%YAML:1.0
---
Q: !!opencv-matrix
   rows: 4
   cols: 4
   dt: f
   data: [ 1., 0., 0., -3.95262054e+02, 0., 1., 0., -2.24439560e+02, 0.,
       0., 0., 3.58262451e+02, 0., 0., 5.65300509e-03, 0. ]
R: !!opencv-matrix
   rows: 3
   cols: 3
   dt: d
   data: [ 1.0001584069541634e+00, 9.9973426498426478e-03,
       1.1730119281676901e-03, -9.9817378518009137e-03,
       1.0006336414435053e+00, 1.1973159588141722e-03,
       -1.1311499545571756e-03, -1.4499790323304823e-04,
       9.9973438063705322e-01 ]
T: !!opencv-matrix
   rows: 3
   cols: 1
   dt: d
   data: [ -1.7706709022634340e+02, -2.7231366785811666e+00,
       4.9330321029002713e+00 ]
E: !!opencv-matrix
   rows: 0
   cols: 0
   dt: u
   data: []
F: !!opencv-matrix
   rows: 0
   cols: 0
   dt: u
   data: []
K1: !!opencv-matrix
   rows: 3
   cols: 3
   dt: d
   data: [ 3.6619442195486482e+02, 0., 3.7800900657017900e+02, 0.,
       3.6631176586975289e+02, 2.2959692910978347e+02, 0., 0., 1. ]
D1: !!opencv-matrix
   rows: 5
   cols: 1
   dt: d
   data: [ -2.1502618721754269e-02, -1.2951184946942121e-03,
       -3.4127852927748451e-04, 2.7086966768530415e-04,
       4.7803342796299170e-04 ]
P1: !!opencv-matrix
   rows: 3
   cols: 4
   dt: f
   data: [ 3.58262451e+02, 0., 3.95262054e+02, 0., 0., 3.58262451e+02,
       2.24439560e+02, 0., 0., 0., 1., 0. ]
R1: !!opencv-matrix
   rows: 3
   cols: 3
   dt: f
   data: [ 9.99412298e-01, 2.55047902e-02, -2.29043551e-02,
       -2.54981313e-02, 9.99674678e-01, 5.82780456e-04, 2.29117684e-02,
       1.58029570e-06, 9.99737501e-01 ]
K2: !!opencv-matrix
   rows: 3
   cols: 3
   dt: d
   data: [ 3.6684495620748953e+02, 0., 3.7586764757372902e+02, 0.,
       3.6714722400637692e+02, 2.2165240635390552e+02, 0., 0., 1. ]
D2: !!opencv-matrix
   rows: 5
   cols: 1
   dt: d
   data: [ -2.2125888778928394e-02, -1.1613594850445373e-03,
       2.4824541603873712e-04, -1.2117770058109102e-04,
       4.8874862320422683e-04 ]
P2: !!opencv-matrix
   rows: 3
   cols: 4
   dt: f
   data: [ 3.58262451e+02, 0., 3.95262054e+02, -6.33755742e+04, 0.,
       3.58262451e+02, 2.24439560e+02, 0., 0., 0., 1., 0. ]
R2: !!opencv-matrix
   rows: 3
   cols: 3
   dt: f
   data: [ 9.99589682e-01, 1.55477840e-02, -2.40561087e-02,
       -1.55547755e-02, 9.99879003e-01, -1.03540537e-04, 2.40515880e-02,
       4.77685418e-04, 9.99710619e-01 ]
