%YAML:1.0
---
Q: !!opencv-matrix
   rows: 4
   cols: 4
   dt: f
   data: [ 1., 0., 0., -3.91166321e+02, 0., 1., 0., -2.24510101e+02, 0.,
       0., 0., 3.58076630e+02, 0., 0., 5.60319703e-03, 0. ]
R: !!opencv-matrix
   rows: 3
   cols: 3
   dt: d
   data: [ 9.9970028924633492e-01, 1.0169040581185397e-02,
       1.3804828541393354e-03, -9.9776301159923125e-03,
       1.0003701693840792e+00, 1.0311416174794493e-03,
       -1.3836514754923233e-03, -3.8757470106932544e-05,
       1.0001197367934702e+00 ]
T: !!opencv-matrix
   rows: 3
   cols: 1
   dt: d
   data: [ -1.7830914252465013e+02, -2.0119366374803547e+00,
       2.8055604800184231e+00 ]
E: !!opencv-matrix
   rows: 0
   cols: 0
   dt: u
   data: []
F: !!opencv-matrix
   rows: 0
   cols: 0
   dt: u
   data: []
K1: !!opencv-matrix
   rows: 3
   cols: 3
   dt: d
   data: [ 3.6619442195486482e+02, 0., 3.7800900657017900e+02, 0.,
       3.6631176586975289e+02, 2.2959692910978347e+02, 0., 0., 1. ]
D1: !!opencv-matrix
   rows: 5
   cols: 1
   dt: d
   data: [ -2.1502618721754269e-02, -1.2951184946942121e-03,
       -3.4127852927748451e-04, 2.7086966768530415e-04,
       4.7803342796299170e-04 ]
P1: !!opencv-matrix
   rows: 3
   cols: 4
   dt: f
   data: [ 3.58076630e+02, 0., 3.91166321e+02, 0., 0., 3.58076630e+02,
       2.24510101e+02, 0., 0., 0., 1., 0. ]
R1: !!opencv-matrix
   rows: 3
   cols: 3
   dt: f
   data: [ 9.99540329e-01, 2.47363821e-02, -1.75298993e-02,
       -2.47318354e-02, 9.99693990e-01, 4.76196496e-04, 1.75363161e-02,
       -4.24310019e-05, 9.99846220e-01 ]
K2: !!opencv-matrix
   rows: 3
   cols: 3
   dt: d
   data: [ 3.6684495620748953e+02, 0., 3.7586764757372902e+02, 0.,
       3.6714722400637692e+02, 2.2165240635390552e+02, 0., 0., 1. ]
D2: !!opencv-matrix
   rows: 5
   cols: 1
   dt: d
   data: [ -2.2125888778928394e-02, -1.1613594850445373e-03,
       2.4824541603873712e-04, -1.2117770058109102e-04,
       4.8874862320422683e-04 ]
P2: !!opencv-matrix
   rows: 3
   cols: 4
   dt: f
   data: [ 3.58076630e+02, 0., 3.91166321e+02, -6.39057734e+04, 0.,
       3.58076630e+02, 2.24510101e+02, 0., 0., 0., 1., 0. ]
R2: !!opencv-matrix
   rows: 3
   cols: 3
   dt: f
   data: [ 9.99713778e-01, 1.46280350e-02, -1.89321674e-02,
       -1.46329449e-02, 9.99892950e-01, -1.20825607e-04, 1.89283732e-02,
       3.97824391e-04, 9.99820769e-01 ]
