%YAML:1.0
---
Q: !!opencv-matrix
   rows: 4
   cols: 4
   dt: f
   data: [ 1., 0., 0., -3.88420441e+02, 0., 1., 0., -2.24510132e+02, 0.,
       0., 0., 3.58347504e+02, 0., 0., 5.52912476e-03, 0. ]
R: !!opencv-matrix
   rows: 3
   cols: 3
   dt: d
   data: [ 9.9946740923286392e-01, 1.0299783691630281e-02,
       1.3369483518970685e-03, -1.0050916810670302e-02,
       1.0004514023826079e+00, 1.3713606944068804e-03,
       -1.4155519484674111e-03, 7.8817004603722691e-04,
       1.0002194118530983e+00 ]
T: !!opencv-matrix
   rows: 3
   cols: 1
   dt: d
   data: [ -1.8078188676114146e+02, -3.2504571521254024e+00,
       2.2877068691527391e+00 ]
E: !!opencv-matrix
   rows: 0
   cols: 0
   dt: u
   data: []
F: !!opencv-matrix
   rows: 0
   cols: 0
   dt: u
   data: []
K1: !!opencv-matrix
   rows: 3
   cols: 3
   dt: d
   data: [ 3.6619442195486482e+02, 0., 3.7800900657017900e+02, 0.,
       3.6631176586975289e+02, 2.2959692910978347e+02, 0., 0., 1. ]
D1: !!opencv-matrix
   rows: 5
   cols: 1
   dt: d
   data: [ -2.1502618721754269e-02, -1.2951184946942121e-03,
       -3.4127852927748451e-04, 2.7086966768530415e-04,
       4.7803342796299170e-04 ]
P1: !!opencv-matrix
   rows: 3
   cols: 4
   dt: f
   data: [ 3.58347504e+02, 0., 3.88420441e+02, 0., 0., 3.58347504e+02,
       2.24510132e+02, 0., 0., 0., 1., 0. ]
R1: !!opencv-matrix
   rows: 3
   cols: 3
   dt: f
   data: [ 9.99480844e-01, 2.89682914e-02, -1.41020752e-02,
       -2.89667323e-02, 9.99580324e-01, 3.14892677e-04, 1.41052790e-02,
       9.37618533e-05, 9.99900520e-01 ]
K2: !!opencv-matrix
   rows: 3
   cols: 3
   dt: d
   data: [ 3.6684495620748953e+02, 0., 3.7586764757372902e+02, 0.,
       3.6714722400637692e+02, 2.2165240635390552e+02, 0., 0., 1. ]
D2: !!opencv-matrix
   rows: 5
   cols: 1
   dt: d
   data: [ -2.2125888778928394e-02, -1.1613594850445373e-03,
       2.4824541603873712e-04, -1.2117770058109102e-04,
       4.8874862320422683e-04 ]
P2: !!opencv-matrix
   rows: 3
   cols: 4
   dt: f
   data: [ 3.58347504e+02, 0., 3.88420441e+02, -6.48108945e+04, 0.,
       3.58347504e+02, 2.24510132e+02, 0., 0., 0., 1., 0. ]
R2: !!opencv-matrix
   rows: 3
   cols: 3
   dt: f
   data: [ 9.99703407e-01, 1.87856667e-02, -1.54972933e-02,
       -1.87873803e-02, 9.99823511e-01, 3.50104056e-05, 1.54952155e-02,
       2.56153522e-04, 9.99879897e-01 ]
