%YAML:1.0
---
Q: !!opencv-matrix
   rows: 4
   cols: 4
   dt: f
   data: [ 1., 0., 0., -4.09775635e+02, 0., 1., 0., -2.24011505e+02, 0.,
       0., 0., 3.59689423e+02, 0., 0., 5.61299920e-03, 0. ]
R: !!opencv-matrix
   rows: 3
   cols: 3
   dt: d
   data: [ 9.9947337751790222e-01, 1.0032393093867734e-02,
       7.8878392026169469e-04, -9.9352833317477747e-03,
       1.0009322965785066e+00, 1.5491382615688363e-03,
       -7.5373682114760485e-04, 1.5818115331958364e-04,
       1.0001702544997793e+00 ]
T: !!opencv-matrix
   rows: 3
   cols: 1
   dt: d
   data: [ -1.7766227386418774e+02, -3.3948347467454041e+00,
       5.1409350341921005e+00 ]
E: !!opencv-matrix
   rows: 0
   cols: 0
   dt: u
   data: []
F: !!opencv-matrix
   rows: 0
   cols: 0
   dt: u
   data: []
K1: !!opencv-matrix
   rows: 3
   cols: 3
   dt: d
   data: [ 3.6619442195486482e+02, 0., 3.7800900657017900e+02, 0.,
       3.6631176586975289e+02, 2.2959692910978347e+02, 0., 0., 1. ]
D1: !!opencv-matrix
   rows: 5
   cols: 1
   dt: d
   data: [ -2.1502618721754269e-02, -1.2951184946942121e-03,
       -3.4127852927748451e-04, 2.7086966768530415e-04,
       4.7803342796299170e-04 ]
P1: !!opencv-matrix
   rows: 3
   cols: 4
   dt: f
   data: [ 3.59689423e+02, 0., 4.09775635e+02, 0., 0., 3.59689423e+02,
       2.24011505e+02, 0., 0., 0., 1., 0. ]
R1: !!opencv-matrix
   rows: 3
   cols: 3
   dt: f
   data: [ 9.98544216e-01, 3.41531858e-02, -4.17499170e-02,
       -3.41415368e-02, 9.99416530e-01, 9.92161687e-04, 4.17594425e-02,
       4.34689107e-04, 9.99127626e-01 ]
K2: !!opencv-matrix
   rows: 3
   cols: 3
   dt: d
   data: [ 3.6684495620748953e+02, 0., 3.7586764757372902e+02, 0.,
       3.6714722400637692e+02, 2.2165240635390552e+02, 0., 0., 1. ]
D2: !!opencv-matrix
   rows: 5
   cols: 1
   dt: d
   data: [ -2.2125888778928394e-02, -1.1613594850445373e-03,
       2.4824541603873712e-04, -1.2117770058109102e-04,
       4.8874862320422683e-04 ]
P2: !!opencv-matrix
   rows: 3
   cols: 4
   dt: f
   data: [ 3.59689423e+02, 0., 4.09775635e+02, -6.40815039e+04, 0.,
       3.59689423e+02, 2.24011505e+02, 0., 0., 0., 1., 0. ]
R2: !!opencv-matrix
   rows: 3
   cols: 3
   dt: f
   data: [ 9.98805702e-01, 2.41043475e-02, -4.24994268e-02,
       -2.41161995e-02, 9.99709129e-01, 2.33847430e-04, 4.24926989e-02,
       7.91356491e-04, 9.99096453e-01 ]
