%YAML:1.0
---
Q: !!opencv-matrix
   rows: 4
   cols: 4
   dt: f
   data: [ 1., 0., 0., -4.02887177e+02, 0., 1., 0., -2.24622772e+02, 0.,
       0., 0., 3.57214783e+02, 0., 0., 5.67335263e-03, 0. ]
R: !!opencv-matrix
   rows: 3
   cols: 3
   dt: d
   data: [ 1.0002752977732245e+00, 9.8850684341290750e-03,
       7.6924286472012510e-04, -9.8158336882151007e-03,
       1.0012305209745755e+00, 1.1103014888203394e-03,
       -4.4202449739312691e-04, -2.5201584082838038e-06,
       9.9951058117687219e-01 ]
T: !!opencv-matrix
   rows: 3
   cols: 1
   dt: d
   data: [ -1.7651138987048611e+02, -1.3246745579907651e+00,
       8.7103090283974396e+00 ]
E: !!opencv-matrix
   rows: 0
   cols: 0
   dt: u
   data: []
F: !!opencv-matrix
   rows: 0
   cols: 0
   dt: u
   data: []
K1: !!opencv-matrix
   rows: 3
   cols: 3
   dt: d
   data: [ 3.6619442195486482e+02, 0., 3.7800900657017900e+02, 0.,
       3.6631176586975289e+02, 2.2959692910978347e+02, 0., 0., 1. ]
D1: !!opencv-matrix
   rows: 5
   cols: 1
   dt: d
   data: [ -2.1502618721754269e-02, -1.2951184946942121e-03,
       -3.4127852927748451e-04, 2.7086966768530415e-04,
       4.7803342796299170e-04 ]
P1: !!opencv-matrix
   rows: 3
   cols: 4
   dt: f
   data: [ 3.57214783e+02, 0., 4.02887177e+02, 0., 0., 3.57214783e+02,
       2.24622772e+02, 0., 0., 0., 1., 0. ]
R1: !!opencv-matrix
   rows: 3
   cols: 3
   dt: f
   data: [ 9.99427080e-01, 9.27459076e-03, -3.25498916e-02,
       -9.26733389e-03, 9.99956965e-01, 3.73810442e-04, 3.25519554e-02,
       -7.19455784e-05, 9.99470055e-01 ]
K2: !!opencv-matrix
   rows: 3
   cols: 3
   dt: d
   data: [ 3.6684495620748953e+02, 0., 3.7586764757372902e+02, 0.,
       3.6714722400637692e+02, 2.2165240635390552e+02, 0., 0., 1. ]
D2: !!opencv-matrix
   rows: 5
   cols: 1
   dt: d
   data: [ -2.2125888778928394e-02, -1.1613594850445373e-03,
       2.4824541603873712e-04, -1.2117770058109102e-04,
       4.8874862320422683e-04 ]
P2: !!opencv-matrix
   rows: 3
   cols: 4
   dt: f
   data: [ 3.57214783e+02, 0., 4.02887177e+02, -6.29636133e+04, 0.,
       3.57214783e+02, 2.24622772e+02, 0., 0., 0., 1., 0. ]
R2: !!opencv-matrix
   rows: 3
   cols: 3
   dt: f
   data: [ 9.99447167e-01, -4.39023803e-04, -3.32446210e-02,
       4.31612192e-04, 9.99999881e-01, -2.30117133e-04, 3.32447179e-02,
       2.15641136e-04, 9.99447227e-01 ]
