%YAML:1.0
---
Q: !!opencv-matrix
   rows: 4
   cols: 4
   dt: f
   data: [ 1., 0., 0., -4.07858765e+02, 0., 1., 0., -2.24425491e+02, 0.,
       0., 0., 3.57858765e+02, 0., 0., 5.64216264e-03, 0. ]
R: !!opencv-matrix
   rows: 3
   cols: 3
   dt: d
   data: [ 1.0000181615077997e+00, 9.5813205593190554e-03,
       3.6918734390127176e-04, -9.7996244359820281e-03,
       1.0004080797268424e+00, 8.8790318461458729e-04,
       -3.5855352425545606e-04, -1.5076728226024378e-03,
       1.0000591147885982e+00 ]
T: !!opencv-matrix
   rows: 3
   cols: 1
   dt: d
   data: [ -1.7679723985675753e+02, -1.1456604274941491e+00,
       5.8450527589067303e+00 ]
E: !!opencv-matrix
   rows: 0
   cols: 0
   dt: u
   data: []
F: !!opencv-matrix
   rows: 0
   cols: 0
   dt: u
   data: []
K1: !!opencv-matrix
   rows: 3
   cols: 3
   dt: d
   data: [ 3.6619442195486482e+02, 0., 3.7800900657017900e+02, 0.,
       3.6631176586975289e+02, 2.2959692910978347e+02, 0., 0., 1. ]
D1: !!opencv-matrix
   rows: 5
   cols: 1
   dt: d
   data: [ -2.1502618721754269e-02, -1.2951184946942121e-03,
       -3.4127852927748451e-04, 2.7086966768530415e-04,
       4.7803342796299170e-04 ]
P1: !!opencv-matrix
   rows: 3
   cols: 4
   dt: f
   data: [ 3.57858765e+02, 0., 4.07858765e+02, 0., 0., 3.57858765e+02,
       2.24425491e+02, 0., 0., 0., 1., 0. ]
R1: !!opencv-matrix
   rows: 3
   cols: 3
   dt: f
   data: [ 9.99086618e-01, 1.70715135e-02, -3.91718857e-02,
       -1.70509126e-02, 9.99854267e-01, 8.59986932e-04, 3.91808599e-02,
       -1.91285071e-04, 9.99232113e-01 ]
K2: !!opencv-matrix
   rows: 3
   cols: 3
   dt: d
   data: [ 3.6684495620748953e+02, 0., 3.7586764757372902e+02, 0.,
       3.6714722400637692e+02, 2.2165240635390552e+02, 0., 0., 1. ]
D2: !!opencv-matrix
   rows: 5
   cols: 1
   dt: d
   data: [ -2.2125888778928394e-02, -1.1613594850445373e-03,
       2.4824541603873712e-04, -1.2117770058109102e-04,
       4.8874862320422683e-04 ]
P2: !!opencv-matrix
   rows: 3
   cols: 4
   dt: f
   data: [ 3.57858765e+02, 0., 4.07858765e+02, -6.34258125e+04, 0.,
       3.57858765e+02, 2.24425491e+02, 0., 0., 0., 1., 0. ]
R2: !!opencv-matrix
   rows: 3
   cols: 3
   dt: f
   data: [ 9.99190271e-01, 7.32816290e-03, -3.95618528e-02,
       -7.34896632e-03, 9.99972939e-01, -3.80434300e-04, 3.95579934e-02,
       6.70864945e-04, 9.99217033e-01 ]
