%YAML:1.0
---
Q: !!opencv-matrix
   rows: 4
   cols: 4
   dt: f
   data: [ 1., 0., 0., -4.06074799e+02, 0., 1., 0., -2.24302002e+02, 0.,
       0., 0., 3.58450775e+02, 0., 0., 5.59179252e-03, 0. ]
R: !!opencv-matrix
   rows: 3
   cols: 3
   dt: d
   data: [ 1.0002548145202637e+00, 1.0088329549630253e-02,
       9.6844042168223708e-04, -9.9345559399547749e-03,
       1.0008828126690235e+00, 1.2431718371743007e-03,
       -8.1020619827755665e-04, 1.3294434576175025e-04,
       9.9959036118428723e-01 ]
T: !!opencv-matrix
   rows: 3
   cols: 1
   dt: d
   data: [ -1.7873649121930509e+02, -2.7467179177630898e+00,
       5.9783799017337316e+00 ]
E: !!opencv-matrix
   rows: 0
   cols: 0
   dt: u
   data: []
F: !!opencv-matrix
   rows: 0
   cols: 0
   dt: u
   data: []
K1: !!opencv-matrix
   rows: 3
   cols: 3
   dt: d
   data: [ 3.6619442195486482e+02, 0., 3.7800900657017900e+02, 0.,
       3.6631176586975289e+02, 2.2959692910978347e+02, 0., 0., 1. ]
D1: !!opencv-matrix
   rows: 5
   cols: 1
   dt: d
   data: [ -2.1502618721754269e-02, -1.2951184946942121e-03,
       -3.4127852927748451e-04, 2.7086966768530415e-04,
       4.7803342796299170e-04 ]
P1: !!opencv-matrix
   rows: 3
   cols: 4
   dt: f
   data: [ 3.58450775e+02, 0., 4.06074799e+02, 0., 0., 3.58450775e+02,
       2.24302002e+02, 0., 0., 0., 1., 0. ]
R1: !!opencv-matrix
   rows: 3
   cols: 3
   dt: f
   data: [ 9.99033451e-01, 2.40447856e-02, -3.67974415e-02,
       -2.40375586e-02, 9.99710858e-01, 6.38855563e-04, 3.68021615e-02,
       2.46282609e-04, 9.99322534e-01 ]
K2: !!opencv-matrix
   rows: 3
   cols: 3
   dt: d
   data: [ 3.6684495620748953e+02, 0., 3.7586764757372902e+02, 0.,
       3.6714722400637692e+02, 2.2165240635390552e+02, 0., 0., 1. ]
D2: !!opencv-matrix
   rows: 5
   cols: 1
   dt: d
   data: [ -2.2125888778928394e-02, -1.1613594850445373e-03,
       2.4824541603873712e-04, -1.2117770058109102e-04,
       4.8874862320422683e-04 ]
P2: !!opencv-matrix
   rows: 3
   cols: 4
   dt: f
   data: [ 3.58450775e+02, 0., 4.06074799e+02, -6.41030156e+04, 0.,
       3.58450775e+02, 2.24302002e+02, 0., 0., 0., 1., 0. ]
R2: !!opencv-matrix
   rows: 3
   cols: 3
   dt: f
   data: [ 9.99191225e-01, 1.40800523e-02, -3.76642980e-02,
       -1.40874488e-02, 9.99900758e-01, 6.90306479e-05, 3.76615338e-02,
       4.61619056e-04, 9.99290466e-01 ]
