%YAML:1.0
---
Q: !!opencv-matrix
   rows: 4
   cols: 4
   dt: f
   data: [ 1., 0., 0., -3.79638885e+02, 0., 1., 0., -2.24713959e+02, 0.,
       0., 0., 3.56328827e+02, 0., 0., 5.70256263e-03, 0. ]
R: !!opencv-matrix
   rows: 3
   cols: 3
   dt: d
   data: [ 9.9931395510306487e-01, 9.0642445957550520e-03,
       -1.3397450240758884e-04, -9.7982072136068212e-03,
       1.0004563667949760e+00, 4.5306260933405566e-04,
       -5.8776708182407518e-04, -1.8238414575850205e-03,
       1.0005941664369795e+00 ]
T: !!opencv-matrix
   rows: 3
   cols: 1
   dt: d
   data: [ -1.7557570719172665e+02, -3.5723823766850638e-01,
       2.5591988264185632e+00 ]
E: !!opencv-matrix
   rows: 0
   cols: 0
   dt: u
   data: []
F: !!opencv-matrix
   rows: 0
   cols: 0
   dt: u
   data: []
K1: !!opencv-matrix
   rows: 3
   cols: 3
   dt: d
   data: [ 3.6619442195486482e+02, 0., 3.7800900657017900e+02, 0.,
       3.6631176586975289e+02, 2.2959692910978347e+02, 0., 0., 1. ]
D1: !!opencv-matrix
   rows: 5
   cols: 1
   dt: d
   data: [ -2.1502618721754269e-02, -1.2951184946942121e-03,
       -3.4127852927748451e-04, 2.7086966768530415e-04,
       4.7803342796299170e-04 ]
P1: !!opencv-matrix
   rows: 3
   cols: 4
   dt: f
   data: [ 3.56328827e+02, 0., 3.79638885e+02, 0., 0., 3.56328827e+02,
       2.24713959e+02, 0., 0., 0., 1., 0. ]
R1: !!opencv-matrix
   rows: 3
   cols: 3
   dt: f
   data: [ 9.99939978e-01, 1.05041666e-02, -3.10757128e-03,
       -1.05024735e-02, 9.99944687e-01, 5.60666726e-04, 3.11328867e-03,
       -5.27995871e-04, 9.99994993e-01 ]
K2: !!opencv-matrix
   rows: 3
   cols: 3
   dt: d
   data: [ 3.6684495620748953e+02, 0., 3.7586764757372902e+02, 0.,
       3.6714722400637692e+02, 2.2165240635390552e+02, 0., 0., 1. ]
D2: !!opencv-matrix
   rows: 5
   cols: 1
   dt: d
   data: [ -2.2125888778928394e-02, -1.1613594850445373e-03,
       2.4824541603873712e-04, -1.2117770058109102e-04,
       4.8874862320422683e-04 ]
P2: !!opencv-matrix
   rows: 3
   cols: 4
   dt: f
   data: [ 3.56328827e+02, 0., 3.79638885e+02, -6.24857344e+04, 0.,
       3.56328827e+02, 2.24713959e+02, 0., 0., 0., 1., 0. ]
R2: !!opencv-matrix
   rows: 3
   cols: 3
   dt: f
   data: [ 9.99993861e-01, 1.10074598e-03, -3.32625723e-03,
       -1.10255647e-03, 9.99999225e-01, -5.42506576e-04, 3.32565745e-03,
       5.46170631e-04, 9.99994338e-01 ]
