%YAML:1.0
---
Q: !!opencv-matrix
   rows: 4
   cols: 4
   dt: f
   data: [ 1., 0., 0., -4.04141724e+02, 0., 1., 0., -2.24597809e+02, 0.,
       0., 0., 3.57274780e+02, 0., 0., 5.65786986e-03, 0. ]
R: !!opencv-matrix
   rows: 3
   cols: 3
   dt: d
   data: [ 1.0001240104051781e+00, 9.6776999625494166e-03,
       7.8111562978490595e-04, -9.7268476493896916e-03,
       1.0004997655081147e+00, 4.3289515739123458e-04,
       -6.0207406758714570e-04, -7.8045841270001656e-04,
       9.9984698344287160e-01 ]
T: !!opencv-matrix
   rows: 3
   cols: 1
   dt: d
   data: [ -1.7616516945379246e+02, 7.7383482338836643e-02,
       5.8597838076647477e+00 ]
E: !!opencv-matrix
   rows: 0
   cols: 0
   dt: u
   data: []
F: !!opencv-matrix
   rows: 0
   cols: 0
   dt: u
   data: []
K1: !!opencv-matrix
   rows: 3
   cols: 3
   dt: d
   data: [ 3.6619442195486482e+02, 0., 3.7800900657017900e+02, 0.,
       3.6631176586975289e+02, 2.2959692910978347e+02, 0., 0., 1. ]
D1: !!opencv-matrix
   rows: 5
   cols: 1
   dt: d
   data: [ -2.1502618721754269e-02, -1.2951184946942121e-03,
       -3.4127852927748451e-04, 2.7086966768530415e-04,
       4.7803342796299170e-04 ]
P1: !!opencv-matrix
   rows: 3
   cols: 4
   dt: f
   data: [ 3.57274780e+02, 0., 4.04141724e+02, 0., 0., 3.57274780e+02,
       2.24597809e+02, 0., 0., 0., 1., 0. ]
R1: !!opencv-matrix
   rows: 3
   cols: 3
   dt: f
   data: [ 9.99365211e-01, 1.02597298e-02, -3.41156311e-02,
       -1.02524664e-02, 9.99947369e-01, 3.87837877e-04, 3.41178142e-02,
       -3.78223194e-05, 9.99417841e-01 ]
K2: !!opencv-matrix
   rows: 3
   cols: 3
   dt: d
   data: [ 3.6684495620748953e+02, 0., 3.7586764757372902e+02, 0.,
       3.6714722400637692e+02, 2.2165240635390552e+02, 0., 0., 1. ]
D2: !!opencv-matrix
   rows: 5
   cols: 1
   dt: d
   data: [ -2.2125888778928394e-02, -1.1613594850445373e-03,
       2.4824541603873712e-04, -1.2117770058109102e-04,
       4.8874862320422683e-04 ]
P2: !!opencv-matrix
   rows: 3
   cols: 4
   dt: f
   data: [ 3.57274780e+02, 0., 4.04141724e+02, -6.31465156e+04, 0.,
       3.57274780e+02, 2.24597809e+02, 0., 0., 0., 1., 0. ]
R2: !!opencv-matrix
   rows: 3
   cols: 3
   dt: f
   data: [ 9.99390364e-01, 4.87161626e-04, -3.49085517e-02,
       -4.94593522e-04, 9.99999881e-01, -2.04260927e-04, 3.49084474e-02,
       2.21401948e-04, 9.99390483e-01 ]
