%YAML:1.0
---
Q: !!opencv-matrix
   rows: 4
   cols: 4
   dt: f
   data: [ 1., 0., 0., -3.93615997e+02, 0., 1., 0., -2.24638504e+02, 0.,
       0., 0., 3.57712616e+02, 0., 0., 5.68802888e-03, 0. ]
R: !!opencv-matrix
   rows: 3
   cols: 3
   dt: d
   data: [ 9.9986175325494753e-01, 9.6650188434306995e-03,
       5.4603554833050692e-04, -9.7389432341350845e-03,
       1.0003759988449579e+00, 7.4431715442839822e-04,
       -5.6498170314609288e-04, -5.3609935690315737e-04,
       1.0000678223029853e+00 ]
T: !!opencv-matrix
   rows: 3
   cols: 1
   dt: d
   data: [ -1.7584231051081144e+02, -7.4004232818277982e-01,
       4.8817227277336812e+00 ]
E: !!opencv-matrix
   rows: 0
   cols: 0
   dt: u
   data: []
F: !!opencv-matrix
   rows: 0
   cols: 0
   dt: u
   data: []
K1: !!opencv-matrix
   rows: 3
   cols: 3
   dt: d
   data: [ 3.6619442195486482e+02, 0., 3.7800900657017900e+02, 0.,
       3.6631176586975289e+02, 2.2959692910978347e+02, 0., 0., 1. ]
D1: !!opencv-matrix
   rows: 5
   cols: 1
   dt: d
   data: [ -2.1502618721754269e-02, -1.2951184946942121e-03,
       -3.4127852927748451e-04, 2.7086966768530415e-04,
       4.7803342796299170e-04 ]
P1: !!opencv-matrix
   rows: 3
   cols: 4
   dt: f
   data: [ 3.57712616e+02, 0., 3.93615997e+02, 0., 0., 3.57712616e+02,
       2.24638504e+02, 0., 0., 0., 1., 0. ]
R1: !!opencv-matrix
   rows: 3
   cols: 3
   dt: f
   data: [ 9.99717355e-01, 1.14808138e-02, -2.08197124e-02,
       -1.14758452e-02, 9.99934077e-01, 3.58140533e-04, 2.08224524e-02,
       -1.19115510e-04, 9.99783158e-01 ]
K2: !!opencv-matrix
   rows: 3
   cols: 3
   dt: d
   data: [ 3.6684495620748953e+02, 0., 3.7586764757372902e+02, 0.,
       3.6714722400637692e+02, 2.2165240635390552e+02, 0., 0., 1. ]
D2: !!opencv-matrix
   rows: 5
   cols: 1
   dt: d
   data: [ -2.2125888778928394e-02, -1.1613594850445373e-03,
       2.4824541603873712e-04, -1.2117770058109102e-04,
       4.8874862320422683e-04 ]
P2: !!opencv-matrix
   rows: 3
   cols: 4
   dt: f
   data: [ 3.57712616e+02, 0., 3.93615997e+02, -6.28886797e+04, 0.,
       3.57712616e+02, 2.24638504e+02, 0., 0., 0., 1., 0. ]
R2: !!opencv-matrix
   rows: 3
   cols: 3
   dt: f
   data: [ 9.99769211e-01, 1.78692269e-03, -2.14086268e-02,
       -1.79203192e-03, 9.99998391e-01, -2.19473979e-04, 2.14082003e-02,
       2.57788284e-04, 9.99770761e-01 ]
