%YAML:1.0
---
Q: !!opencv-matrix
   rows: 4
   cols: 4
   dt: f
   data: [ 1., 0., 0., -3.96428528e+02, 0., 1., 0., -2.24566101e+02, 0.,
       0., 0., 3.57579681e+02, 0., 0., 5.67433424e-03, 0. ]
R: !!opencv-matrix
   rows: 3
   cols: 3
   dt: d
   data: [ 9.9941036402711125e-01, 9.7508355662935999e-03,
       6.7634942805170305e-04, -9.8828961940919217e-03,
       1.0003494922012326e+00, 7.4692452035300368e-04,
       -8.9015933585339497e-04, -6.0293764494430261e-04,
       1.0003921134988922e+00 ]
T: !!opencv-matrix
   rows: 3
   cols: 1
   dt: d
   data: [ -1.7631749920005959e+02, -9.7162716812096506e-01,
       3.6941550020678298e+00 ]
E: !!opencv-matrix
   rows: 0
   cols: 0
   dt: u
   data: []
F: !!opencv-matrix
   rows: 0
   cols: 0
   dt: u
   data: []
K1: !!opencv-matrix
   rows: 3
   cols: 3
   dt: d
   data: [ 3.6619442195486482e+02, 0., 3.7800900657017900e+02, 0.,
       3.6631176586975289e+02, 2.2959692910978347e+02, 0., 0., 1. ]
D1: !!opencv-matrix
   rows: 5
   cols: 1
   dt: d
   data: [ -2.1502618721754269e-02, -1.2951184946942121e-03,
       -3.4127852927748451e-04, 2.7086966768530415e-04,
       4.7803342796299170e-04 ]
P1: !!opencv-matrix
   rows: 3
   cols: 4
   dt: f
   data: [ 3.57579681e+02, 0., 3.96428528e+02, 0., 0., 3.57579681e+02,
       2.24566101e+02, 0., 0., 0., 1., 0. ]
R1: !!opencv-matrix
   rows: 3
   cols: 3
   dt: f
   data: [ 9.99583125e-01, 1.54153854e-02, -2.44126879e-02,
       -1.54084302e-02, 9.99881148e-01, 4.72993153e-04, 2.44170781e-02,
       -9.66347725e-05, 9.99701858e-01 ]
K2: !!opencv-matrix
   rows: 3
   cols: 3
   dt: d
   data: [ 3.6684495620748953e+02, 0., 3.7586764757372902e+02, 0.,
       3.6714722400637692e+02, 2.2165240635390552e+02, 0., 0., 1. ]
D2: !!opencv-matrix
   rows: 5
   cols: 1
   dt: d
   data: [ -2.2125888778928394e-02, -1.1613594850445373e-03,
       2.4824541603873712e-04, -1.2117770058109102e-04,
       4.8874862320422683e-04 ]
P2: !!opencv-matrix
   rows: 3
   cols: 4
   dt: f
   data: [ 3.57579681e+02, 0., 3.96428528e+02, -6.30170273e+04, 0.,
       3.57579681e+02, 2.24566101e+02, 0., 0., 0., 1., 0. ]
R2: !!opencv-matrix
   rows: 3
   cols: 3
   dt: f
   data: [ 9.99668062e-01, 5.61283436e-03, -2.51451265e-02,
       -5.61999716e-03, 9.99984205e-01, -2.14197804e-04, 2.51435265e-02,
       3.55442229e-04, 9.99683797e-01 ]
