%YAML:1.0
---
Q: !!opencv-matrix
   rows: 4
   cols: 4
   dt: f
   data: [ 1., 0., 0., -4.28171204e+02, 0., 1., 0., -2.33935272e+02, 0.,
       0., 0., 3.72285034e+02, 0., 0., 5.54144429e-03, 0. ]
R: !!opencv-matrix
   rows: 3
   cols: 3
   dt: d
   data: [ 1.0012878591188699e+00, 9.4425419712040395e-03,
       -3.5079504419422429e-03, -9.6898006778138555e-03,
       1.0004794024272929e+00, -4.3181617923436812e-02,
       3.2549338990555420e-03, 4.3211614987414070e-02,
       1.0005031141517635e+00 ]
T: !!opencv-matrix
   rows: 3
   cols: 1
   dt: d
   data: [ -1.7978341878769808e+02, 1.1416693196913833e+01,
       1.1348961941370449e+01 ]
E: !!opencv-matrix
   rows: 0
   cols: 0
   dt: u
   data: []
F: !!opencv-matrix
   rows: 0
   cols: 0
   dt: u
   data: []
K1: !!opencv-matrix
   rows: 3
   cols: 3
   dt: d
   data: [ 3.6627756984521932e+02, 0., 3.8060969928433269e+02, 0.,
       3.6653175179255015e+02, 2.3878059668569790e+02, 0., 0., 1. ]
D1: !!opencv-matrix
   rows: 5
   cols: 1
   dt: d
   data: [ -2.1859934914563901e-02, -9.9468572971318997e-04,
       1.6448003429794193e-03, -3.1164985765511365e-04,
       3.5195408316194161e-04 ]
P1: !!opencv-matrix
   rows: 3
   cols: 4
   dt: f
   data: [ 3.72285034e+02, 0., 4.28171204e+02, 0., 0., 3.72285034e+02,
       2.33935272e+02, 0., 0., 0., 1., 0. ]
R1: !!opencv-matrix
   rows: 3
   cols: 3
   dt: f
   data: [ 9.96373951e-01, -5.65388203e-02, -6.35795370e-02,
       5.51409312e-02, 9.98201251e-01, -2.35317312e-02, 6.47956282e-02,
       1.99405700e-02, 9.97699320e-01 ]
K2: !!opencv-matrix
   rows: 3
   cols: 3
   dt: d
   data: [ 3.6687495098581172e+02, 0., 3.7621769200552956e+02, 0.,
       3.6726361788508825e+02, 2.2399932895774910e+02, 0., 0., 1. ]
D2: !!opencv-matrix
   rows: 5
   cols: 1
   dt: d
   data: [ -2.2201337830972428e-02, -1.1445843221826492e-03,
       2.9199201696882579e-04, -7.1705872414221615e-04,
       5.1284674356775366e-04 ]
P2: !!opencv-matrix
   rows: 3
   cols: 4
   dt: f
   data: [ 3.72285034e+02, 0., 4.28171204e+02, -6.71819531e+04, 0.,
       3.72285034e+02, 2.33935272e+02, 0., 0., 0., 1., 0. ]
R2: !!opencv-matrix
   rows: 3
   cols: 3
   dt: f
   data: [ 9.96015251e-01, -6.32494390e-02, -6.28742129e-02,
       6.46036863e-02, 9.97715712e-01, 1.97425801e-02, 6.14818782e-02,
       -2.37258151e-02, 9.97826159e-01 ]
