%YAML:1.0
---
Q: !!opencv-matrix
   rows: 4
   cols: 4
   dt: f
   data: [ 1., 0., 0., -4.07690063e+02, 0., 1., 0., -2.33439850e+02, 0.,
       0., 0., 3.70127838e+02, 0., 0., 5.56603028e-03, 0. ]
R: !!opencv-matrix
   rows: 3
   cols: 3
   dt: d
   data: [ 1.0009440622954422e+00, -4.2821394320470038e-02,
       4.8806120382240664e-02, 4.5019774618765371e-02,
       1.0010945991778304e+00, -4.3688793258788342e-02,
       -4.6865352728841493e-02, 4.5786164194485272e-02,
       1.0009211925828003e+00 ]
T: !!opencv-matrix
   rows: 3
   cols: 1
   dt: d
   data: [ -1.7910905519538437e+02, 1.1373888819982229e+01,
       1.1306445576767461e+01 ]
E: !!opencv-matrix
   rows: 0
   cols: 0
   dt: u
   data: []
F: !!opencv-matrix
   rows: 0
   cols: 0
   dt: u
   data: []
K1: !!opencv-matrix
   rows: 3
   cols: 3
   dt: d
   data: [ 3.6627756984521932e+02, 0., 3.8060969928433269e+02, 0.,
       3.6653175179255015e+02, 2.3878059668569790e+02, 0., 0., 1. ]
D1: !!opencv-matrix
   rows: 5
   cols: 1
   dt: d
   data: [ -2.1859934914563901e-02, -9.9468572971318997e-04,
       1.6448003429794193e-03, -3.1164985765511365e-04,
       3.5195408316194161e-04 ]
P1: !!opencv-matrix
   rows: 3
   cols: 4
   dt: f
   data: [ 3.70127838e+02, 0., 4.07690063e+02, 0., 0., 3.70127838e+02,
       2.33439850e+02, 0., 0., 0., 1., 0. ]
R1: !!opencv-matrix
   rows: 3
   cols: 3
   dt: f
   data: [ 9.94024932e-01, -1.08544067e-01, -1.15160625e-02,
       1.08279847e-01, 9.93887663e-01, -2.15124749e-02, 1.37807233e-02,
       2.01369785e-02, 9.99702275e-01 ]
K2: !!opencv-matrix
   rows: 3
   cols: 3
   dt: d
   data: [ 3.6687495098581172e+02, 0., 3.7621769200552956e+02, 0.,
       3.6726361788508825e+02, 2.2399932895774910e+02, 0., 0., 1. ]
D2: !!opencv-matrix
   rows: 5
   cols: 1
   dt: d
   data: [ -2.2201337830972428e-02, -1.1445843221826492e-03,
       2.9199201696882579e-04, -7.1705872414221615e-04,
       5.1284674356775366e-04 ]
P2: !!opencv-matrix
   rows: 3
   cols: 4
   dt: f
   data: [ 3.70127838e+02, 0., 4.07690063e+02, -6.64976328e+04, 0.,
       3.70127838e+02, 2.33439850e+02, 0., 0., 0., 1., 0. ]
R2: !!opencv-matrix
   rows: 3
   cols: 3
   dt: f
   data: [ 9.96015191e-01, -6.32495433e-02, -6.28744960e-02,
       6.45483732e-02, 9.97736633e-01, 1.88434385e-02, 6.15403503e-02,
       -2.28267983e-02, 9.97843564e-01 ]
