%YAML:1.0
---
Q: !!opencv-matrix
   rows: 4
   cols: 4
   dt: f
   data: [ 1., 0., 0., -4.07700592e+02, 0., 1., 0., -2.33439545e+02, 0.,
       0., 0., 3.70153381e+02, 0., 0., 5.55655966e-03, 0. ]
R: !!opencv-matrix
   rows: 3
   cols: 3
   dt: d
   data: [ 1.0009753420047751e+00, -4.2810007809420951e-02,
       4.8784113590472369e-02, 4.5017581463690733e-02,
       1.0010919743837696e+00, -4.3687318464079902e-02,
       -4.6867358348930889e-02, 4.5785363346551110e-02,
       1.0009206693239885e+00 ]
T: !!opencv-matrix
   rows: 3
   cols: 1
   dt: d
   data: [ -1.7882001542057790e+02, 1.1355534064471355e+01,
       1.1288199673372608e+01 ]
E: !!opencv-matrix
   rows: 0
   cols: 0
   dt: u
   data: []
F: !!opencv-matrix
   rows: 0
   cols: 0
   dt: u
   data: []
K1: !!opencv-matrix
   rows: 3
   cols: 3
   dt: d
   data: [ 3.6627756984521932e+02, 0., 3.8060969928433269e+02, 0.,
       3.6653175179255015e+02, 2.3878059668569790e+02, 0., 0., 1. ]
D1: !!opencv-matrix
   rows: 5
   cols: 1
   dt: d
   data: [ -2.1859934914563901e-02, -9.9468572971318997e-04,
       1.6448003429794193e-03, -3.1164985765511365e-04,
       3.5195408316194161e-04 ]
P1: !!opencv-matrix
   rows: 3
   cols: 4
   dt: f
   data: [ 3.70153381e+02, 0., 4.07700592e+02, 0., 0., 3.70153381e+02,
       2.33439545e+02, 0., 0., 0., 1., 0. ]
R1: !!opencv-matrix
   rows: 3
   cols: 3
   dt: f
   data: [ 9.94043708e-01, -1.08369179e-01, -1.15437498e-02,
       1.08104438e-01, 9.93906796e-01, -2.15116497e-02, 1.38046108e-02,
       2.01355889e-02, 9.99701977e-01 ]
K2: !!opencv-matrix
   rows: 3
   cols: 3
   dt: d
   data: [ 3.6687495098581172e+02, 0., 3.7621769200552956e+02, 0.,
       3.6726361788508825e+02, 2.2399932895774910e+02, 0., 0., 1. ]
D2: !!opencv-matrix
   rows: 5
   cols: 1
   dt: d
   data: [ -2.2201337830972428e-02, -1.1445843221826492e-03,
       2.9199201696882579e-04, -7.1705872414221615e-04,
       5.1284674356775366e-04 ]
P2: !!opencv-matrix
   rows: 3
   cols: 4
   dt: f
   data: [ 3.70153381e+02, 0., 4.07700592e+02, -6.66155625e+04, 0.,
       3.70153381e+02, 2.33439545e+02, 0., 0., 0., 1., 0. ]
R2: !!opencv-matrix
   rows: 3
   cols: 3
   dt: f
   data: [ 9.96015191e-01, -6.32495433e-02, -6.28744960e-02,
       6.45482987e-02, 9.97736692e-01, 1.88422333e-02, 6.15404285e-02,
       -2.28255913e-02, 9.97843564e-01 ]
