%YAML:1.0
---
Q: !!opencv-matrix
   rows: 4
   cols: 4
   dt: f
   data: [ 1., 0., 0., -4.29451721e+02, 0., 1., 0., -2.33899200e+02, 0.,
       0., 0., 3.65851288e+02, 0., 0., 5.48440265e-03, 0. ]
R: !!opencv-matrix
   rows: 3
   cols: 3
   dt: d
   data: [ 9.9885641365613009e-01, 1.0751516417541429e-02,
       -3.5368090821032080e-03, -9.5962900365276233e-03,
       1.0001632410289663e+00, 9.2619061657490381e-03,
       3.3333816875431754e-03, -9.2721233699526832e-03,
       1.0002950811670765e+00 ]
T: !!opencv-matrix
   rows: 3
   cols: 1
   dt: d
   data: [ -1.8151483597119284e+02, 1.1526628318524674e+01,
       1.1458051724620825e+01 ]
E: !!opencv-matrix
   rows: 0
   cols: 0
   dt: u
   data: []
F: !!opencv-matrix
   rows: 0
   cols: 0
   dt: u
   data: []
K1: !!opencv-matrix
   rows: 3
   cols: 3
   dt: d
   data: [ 3.6627756984521932e+02, 0., 3.8060969928433269e+02, 0.,
       3.6653175179255015e+02, 2.3878059668569790e+02, 0., 0., 1. ]
D1: !!opencv-matrix
   rows: 5
   cols: 1
   dt: d
   data: [ -2.1859934914563901e-02, -9.9468572971318997e-04,
       1.6448003429794193e-03, -3.1164985765511365e-04,
       3.5195408316194161e-04 ]
P1: !!opencv-matrix
   rows: 3
   cols: 4
   dt: f
   data: [ 3.65851288e+02, 0., 4.29451721e+02, 0., 0., 3.65851288e+02,
       2.33899200e+02, 0., 0., 0., 1., 0. ]
R1: !!opencv-matrix
   rows: 3
   cols: 3
   dt: f
   data: [ 9.96386409e-01, -5.23038134e-02, -6.69214129e-02,
       5.25991954e-02, 9.98612165e-01, 2.65832129e-03, 6.66894987e-02,
       -6.16872776e-03, 9.97754693e-01 ]
K2: !!opencv-matrix
   rows: 3
   cols: 3
   dt: d
   data: [ 3.6687495098581172e+02, 0., 3.7621769200552956e+02, 0.,
       3.6726361788508825e+02, 2.2399932895774910e+02, 0., 0., 1. ]
D2: !!opencv-matrix
   rows: 5
   cols: 1
   dt: d
   data: [ -2.2201337830972428e-02, -1.1445843221826492e-03,
       2.9199201696882579e-04, -7.1705872414221615e-04,
       5.1284674356775366e-04 ]
P2: !!opencv-matrix
   rows: 3
   cols: 4
   dt: f
   data: [ 3.65851288e+02, 0., 4.29451721e+02, -6.67075938e+04, 0.,
       3.65851288e+02, 2.33899200e+02, 0., 0., 0., 1., 0. ]
R2: !!opencv-matrix
   rows: 3
   cols: 3
   dt: f
   data: [ 9.96015310e-01, -6.32493645e-02, -6.28730729e-02,
       6.29707277e-02, 9.97994840e-01, -6.40545785e-03, 6.31521419e-02,
       2.42077094e-03, 9.98000979e-01 ]
