%YAML:1.0
---
Q: !!opencv-matrix
   rows: 4
   cols: 4
   dt: f
   data: [ 1., 0., 0., -3.83188477e+02, 0., 1., 0., -2.32192947e+02, 0.,
       0., 0., 3.61824829e+02, 0., 0., 5.57061750e-03, 0. ]
R: !!opencv-matrix
   rows: 3
   cols: 3
   dt: d
   data: [ 9.9990249121130870e-01, 9.7487768859266990e-03,
       -3.1600175289883941e-03, -9.6782988606820015e-03,
       9.9993780535143528e-01, 9.2353665265092737e-03,
       3.2437387788576688e-03, -9.2042379495369305e-03,
       9.9998199955772815e-01 ]
T: !!opencv-matrix
   rows: 3
   cols: 1
   dt: d
   data: [ -1.7912612016092791e+02, 1.1374983599453600e+01,
       7.6919761710672641e-01 ]
E: !!opencv-matrix
   rows: 0
   cols: 0
   dt: u
   data: []
F: !!opencv-matrix
   rows: 0
   cols: 0
   dt: u
   data: []
K1: !!opencv-matrix
   rows: 3
   cols: 3
   dt: d
   data: [ 3.6627756984521932e+02, 0., 3.8060969928433269e+02, 0.,
       3.6653175179255015e+02, 2.3878059668569790e+02, 0., 0., 1. ]
D1: !!opencv-matrix
   rows: 5
   cols: 1
   dt: d
   data: [ -2.1859934914563901e-02, -9.9468572971318997e-04,
       1.6448003429794193e-03, -3.1164985765511365e-04,
       3.5195408316194161e-04 ]
P1: !!opencv-matrix
   rows: 3
   cols: 4
   dt: f
   data: [ 3.61824829e+02, 0., 3.83188477e+02, 0., 0., 3.61824829e+02,
       2.32192947e+02, 0., 0., 0., 1., 0. ]
R1: !!opencv-matrix
   rows: 3
   cols: 3
   dt: f
   data: [ 9.98529494e-01, -5.36141470e-02, -8.02044757e-03,
       5.36500663e-02, 9.98550415e-01, 4.33244323e-03, 7.77654117e-03,
       -4.75637009e-03, 9.99958456e-01 ]
K2: !!opencv-matrix
   rows: 3
   cols: 3
   dt: d
   data: [ 3.6687495098581172e+02, 0., 3.7621769200552956e+02, 0.,
       3.6726361788508825e+02, 2.2399932895774910e+02, 0., 0., 1. ]
D2: !!opencv-matrix
   rows: 5
   cols: 1
   dt: d
   data: [ -2.2201337830972428e-02, -1.1445843221826492e-03,
       2.9199201696882579e-04, -7.1705872414221615e-04,
       5.1284674356775366e-04 ]
P2: !!opencv-matrix
   rows: 3
   cols: 4
   dt: f
   data: [ 3.61824829e+02, 0., 3.83188477e+02, -6.49523750e+04, 0.,
       3.61824829e+02, 2.32192947e+02, 0., 0., 0., 1., 0. ]
R2: !!opencv-matrix
   rows: 3
   cols: 3
   dt: f
   data: [ 9.97980595e-01, -6.33744076e-02, -4.28548595e-03,
       6.33542612e-02, 9.97980118e-01, -4.68426431e-03, 4.57369210e-03,
       4.40330105e-03, 9.99979854e-01 ]
