%YAML:1.0
---
Q: !!opencv-matrix
   rows: 4
   cols: 4
   dt: f
   data: [ 1., 0., 0., -4.14033081e+02, 0., 1., 0., -2.33930710e+02, 0.,
       0., 0., 3.67750854e+02, 0., 0., 6.12439489e+00, 0. ]
R: !!opencv-matrix
   rows: 3
   cols: 3
   dt: d
   data: [ 1.0750623352788469e+00, -5.2307771953562142e-02,
       1.7501247086575036e-02, 4.7943441727064641e-02,
       1.0718555674055790e+00, -4.4553207525250361e-02,
       -5.0396966596884814e-02, 4.9412437431687280e-02,
       1.0734512619353913e+00 ]
T: !!opencv-matrix
   rows: 3
   cols: 1
   dt: d
   data: [ -8.9656693643700588e-02, 5.6934232041363315e-03,
       5.6599973693245067e-03 ]
E: !!opencv-matrix
   rows: 0
   cols: 0
   dt: u
   data: []
F: !!opencv-matrix
   rows: 0
   cols: 0
   dt: u
   data: []
K1: !!opencv-matrix
   rows: 3
   cols: 3
   dt: d
   data: [ 3.6627756984521932e+02, 0., 3.8060969928433269e+02, 0.,
       3.6653175179255015e+02, 2.3878059668569790e+02, 0., 0., 1. ]
D1: !!opencv-matrix
   rows: 5
   cols: 1
   dt: d
   data: [ -2.1859934914563901e-02, -9.9468572971318997e-04,
       1.6448003429794193e-03, -3.1164985765511365e-04,
       3.5195408316194161e-04 ]
P1: !!opencv-matrix
   rows: 3
   cols: 4
   dt: f
   data: [ 3.67750854e+02, 0., 4.14033081e+02, 0., 0., 3.67750854e+02,
       2.33930710e+02, 0., 0., 0., 1., 0. ]
R1: !!opencv-matrix
   rows: 3
   cols: 3
   dt: f
   data: [ 9.93406415e-01, -1.11248575e-01, -2.77029835e-02,
       1.10658608e-01, 9.93615091e-01, -2.19936147e-02, 2.99728606e-02,
       1.87830254e-02, 9.99374211e-01 ]
K2: !!opencv-matrix
   rows: 3
   cols: 3
   dt: d
   data: [ 3.6687495098581172e+02, 0., 3.7621769200552956e+02, 0.,
       3.6726361788508825e+02, 2.2399932895774910e+02, 0., 0., 1. ]
D2: !!opencv-matrix
   rows: 5
   cols: 1
   dt: d
   data: [ -2.2201337830972428e-02, -1.1445843221826492e-03,
       2.9199201696882579e-04, -7.1705872414221615e-04,
       5.1284674356775366e-04 ]
P2: !!opencv-matrix
   rows: 3
   cols: 4
   dt: f
   data: [ 3.67750854e+02, 0., 4.14033081e+02, -6.00468941e+01, 0.,
       3.67750854e+02, 2.33930710e+02, 0., 0., 0., 1., 0. ]
R2: !!opencv-matrix
   rows: 3
   cols: 3
   dt: f
   data: [ 9.96015012e-01, -6.32494316e-02, -6.28780946e-02,
       6.45215958e-02, 9.97746468e-01, 1.84098408e-02, 6.15719855e-02,
       -2.23934725e-02, 9.97851431e-01 ]
