%YAML:1.0
---
Q: !!opencv-matrix
   rows: 4
   cols: 4
   dt: f
   data: [ 1., 0., 0., -4.28304779e+02, 0., 1., 0., -2.33936218e+02, 0.,
       0., 0., 3.72272186e+02, 0., 0., 8.36691726e-03, 0. ]
R: !!opencv-matrix
   rows: 3
   cols: 3
   dt: d
   data: [ 1.0114426085852370e+00, 9.8407549634250083e-03,
       -4.0749310158844946e-03, -9.7959761975408392e-03,
       1.0104599625948150e+00, -4.3579501515113771e-02,
       3.2786076675161905e-03, 4.3624439966921821e-02,
       1.0105368645639394e+00 ]
T: !!opencv-matrix
   rows: 3
   cols: 1
   dt: d
   data: [ -1.1904208444388007e+02, 7.5596252731641895e+00,
       7.5144598448223139e+00 ]
E: !!opencv-matrix
   rows: 0
   cols: 0
   dt: u
   data: []
F: !!opencv-matrix
   rows: 0
   cols: 0
   dt: u
   data: []
K1: !!opencv-matrix
   rows: 3
   cols: 3
   dt: d
   data: [ 3.6627756984521932e+02, 0., 3.8060969928433269e+02, 0.,
       3.6653175179255015e+02, 2.3878059668569790e+02, 0., 0., 1. ]
D1: !!opencv-matrix
   rows: 5
   cols: 1
   dt: d
   data: [ -2.1859934914563901e-02, -9.9468572971318997e-04,
       1.6448003429794193e-03, -3.1164985765511365e-04,
       3.5195408316194161e-04 ]
P1: !!opencv-matrix
   rows: 3
   cols: 4
   dt: f
   data: [ 3.72272186e+02, 0., 4.28304779e+02, 0., 0., 3.72272186e+02,
       2.33936218e+02, 0., 0., 0., 1., 0. ]
R1: !!opencv-matrix
   rows: 3
   cols: 3
   dt: f
   data: [ 9.96365607e-01, -5.63061759e-02, -6.39154390e-02,
       5.49015738e-02, 9.98214602e-01, -2.35249214e-02, 6.51259199e-02,
       1.99303646e-02, 9.97677982e-01 ]
K2: !!opencv-matrix
   rows: 3
   cols: 3
   dt: d
   data: [ 3.6687495098581172e+02, 0., 3.7621769200552956e+02, 0.,
       3.6726361788508825e+02, 2.2399932895774910e+02, 0., 0., 1. ]
D2: !!opencv-matrix
   rows: 5
   cols: 1
   dt: d
   data: [ -2.2201337830972428e-02, -1.1445843221826492e-03,
       2.9199201696882579e-04, -7.1705872414221615e-04,
       5.1284674356775366e-04 ]
P2: !!opencv-matrix
   rows: 3
   cols: 4
   dt: f
   data: [ 3.72272186e+02, 0., 4.28304779e+02, -4.44933516e+04, 0.,
       3.72272186e+02, 2.33936218e+02, 0., 0., 0., 1., 0. ]
R2: !!opencv-matrix
   rows: 3
   cols: 3
   dt: f
   data: [ 9.96015251e-01, -6.32507578e-02, -6.28728643e-02,
       6.46044537e-02, 9.97715831e-01, 1.97341219e-02, 6.14810511e-02,
       -2.37173531e-02, 9.97826397e-01 ]
