%YAML:1.0
---
Q: !!opencv-matrix
   rows: 4
   cols: 4
   dt: f
   data: [ 1., 0., 0., -3.82541718e+02, 0., 1., 0., -2.31851227e+02, 0.,
       0., 0., 3.58743256e+02, 0., 0., 5.55662531e-03, 0. ]
R: !!opencv-matrix
   rows: 3
   cols: 3
   dt: d
   data: [ 9.9994866178226094e-01, 9.7353022216128265e-03,
       -3.1519281626736129e-03, -9.6827722279094492e-03,
       9.9991054775967692e-01, 9.2346613021195619e-03,
       3.2435941998280077e-03, -9.2039176227719250e-03,
       9.9995253485854241e-01 ]
T: !!opencv-matrix
   rows: 3
   cols: 1
   dt: d
   data: [ -1.7997287594194694e+02, 8.4071199459565937e-01,
       7.7258538084257722e-01 ]
E: !!opencv-matrix
   rows: 0
   cols: 0
   dt: u
   data: []
F: !!opencv-matrix
   rows: 0
   cols: 0
   dt: u
   data: []
K1: !!opencv-matrix
   rows: 3
   cols: 3
   dt: d
   data: [ 3.6627756984521932e+02, 0., 3.8060969928433269e+02, 0.,
       3.6653175179255015e+02, 2.3878059668569790e+02, 0., 0., 1. ]
D1: !!opencv-matrix
   rows: 5
   cols: 1
   dt: d
   data: [ -2.1859934914563901e-02, -9.9468572971318997e-04,
       1.6448003429794193e-03, -3.1164985765511365e-04,
       3.5195408316194161e-04 ]
P1: !!opencv-matrix
   rows: 3
   cols: 4
   dt: f
   data: [ 3.58743256e+02, 0., 3.82541718e+02, 0., 0., 3.58743256e+02,
       2.31851227e+02, 0., 0., 0., 1., 0. ]
R1: !!opencv-matrix
   rows: 3
   cols: 3
   dt: f
   data: [ 9.99958992e-01, 5.09159034e-03, -7.48933200e-03,
       -5.05711837e-03, 9.99976575e-01, 4.61458182e-03, 7.51265185e-03,
       -4.57651820e-03, 9.99961317e-01 ]
K2: !!opencv-matrix
   rows: 3
   cols: 3
   dt: d
   data: [ 3.6687495098581172e+02, 0., 3.7621769200552956e+02, 0.,
       3.6726361788508825e+02, 2.2399932895774910e+02, 0., 0., 1. ]
D2: !!opencv-matrix
   rows: 5
   cols: 1
   dt: d
   data: [ -2.2201337830972428e-02, -1.1445843221826492e-03,
       2.9199201696882579e-04, -7.1705872414221615e-04,
       5.1284674356775366e-04 ]
P2: !!opencv-matrix
   rows: 3
   cols: 4
   dt: f
   data: [ 3.58743256e+02, 0., 3.82541718e+02, -6.45613555e+04, 0.,
       3.58743256e+02, 2.31851227e+02, 0., 0., 0., 1., 0. ]
R2: !!opencv-matrix
   rows: 3
   cols: 3
   dt: f
   data: [ 9.99979854e-01, -4.67123138e-03, -4.29269811e-03,
       4.65145474e-03, 9.99978602e-01, -4.60560434e-03, 4.31411993e-03,
       4.58554411e-03, 9.99980152e-01 ]
