%YAML:1.0
---
Q: !!opencv-matrix
   rows: 4
   cols: 4
   dt: f
   data: [ 1., 0., 0., -4.13932922e+02, 0., 1., 0., -2.33934128e+02, 0.,
       0., 0., 3.67616943e+02, 0., 0., 1.92894661e+00, 0. ]
R: !!opencv-matrix
   rows: 3
   cols: 3
   dt: d
   data: [ 1.0682475158062958e+00, -5.2470773761363713e-02,
       1.7504909320511471e-02, 4.7653168848728132e-02,
       1.0652179029892599e+00, -4.4283161352070742e-02,
       -5.0075449538195406e-02, 4.9135846979109707e-02,
       1.0667655473420956e+00 ]
T: !!opencv-matrix
   rows: 3
   cols: 1
   dt: d
   data: [ -2.9363273765619630e-01, 1.8646409700423219e-02,
       1.8536937457067398e-02 ]
E: !!opencv-matrix
   rows: 0
   cols: 0
   dt: u
   data: []
F: !!opencv-matrix
   rows: 0
   cols: 0
   dt: u
   data: []
K1: !!opencv-matrix
   rows: 3
   cols: 3
   dt: d
   data: [ 3.6627756984521932e+02, 0., 3.8060969928433269e+02, 0.,
       3.6653175179255015e+02, 2.3878059668569790e+02, 0., 0., 1. ]
D1: !!opencv-matrix
   rows: 5
   cols: 1
   dt: d
   data: [ -2.1859934914563901e-02, -9.9468572971318997e-04,
       1.6448003429794193e-03, -3.1164985765511365e-04,
       3.5195408316194161e-04 ]
P1: !!opencv-matrix
   rows: 3
   cols: 4
   dt: f
   data: [ 3.67616943e+02, 0., 4.13932922e+02, 0., 0., 3.67616943e+02,
       2.33934128e+02, 0., 0., 0., 1., 0. ]
R1: !!opencv-matrix
   rows: 3
   cols: 3
   dt: f
   data: [ 9.93293285e-01, -1.12317622e-01, -2.74438616e-02,
       1.11732423e-01, 9.93494689e-01, -2.20045205e-02, 2.97368262e-02,
       1.87905747e-02, 9.99381125e-01 ]
K2: !!opencv-matrix
   rows: 3
   cols: 3
   dt: d
   data: [ 3.6687495098581172e+02, 0., 3.7621769200552956e+02, 0.,
       3.6726361788508825e+02, 2.2399932895774910e+02, 0., 0., 1. ]
D2: !!opencv-matrix
   rows: 5
   cols: 1
   dt: d
   data: [ -2.2201337830972428e-02, -1.1445843221826492e-03,
       2.9199201696882579e-04, -7.1705872414221615e-04,
       5.1284674356775366e-04 ]
P2: !!opencv-matrix
   rows: 3
   cols: 4
   dt: f
   data: [ 3.67616943e+02, 0., 4.13932922e+02, -1.90579117e+02, 0.,
       3.67616943e+02, 2.33934128e+02, 0., 0., 0., 1., 0. ]
R2: !!opencv-matrix
   rows: 3
   cols: 3
   dt: f
   data: [ 9.96015012e-01, -6.32494316e-02, -6.28780946e-02,
       6.45221993e-02, 9.97746289e-01, 1.84196550e-02, 6.15713522e-02,
       -2.24032849e-02, 9.97851193e-01 ]
