%YAML:1.0
---
Q: !!opencv-matrix
   rows: 4
   cols: 4
   dt: f
   data: [ 1., 0., 0., -4.13632690e+02, 0., 1., 0., -2.33924316e+02, 0.,
       0., 0., 3.67510590e+02, 0., 0., 5.47213821e+01, 0. ]
R: !!opencv-matrix
   rows: 3
   cols: 3
   dt: d
   data: [ 1.0885853415730191e+00, -5.7678524084613464e-02,
       1.9536516215350956e-02, 4.8652905381980471e-02,
       1.0866157482808092e+00, -4.5268669649900527e-02,
       -5.1014905569593011e-02, 5.0373717322802151e-02,
       1.0878231664523170e+00 ]
T: !!opencv-matrix
   rows: 3
   cols: 1
   dt: d
   data: [ -1.0867602611765885e-02, 6.9011981558291858e-04,
       6.8606815279136817e-04 ]
E: !!opencv-matrix
   rows: 0
   cols: 0
   dt: u
   data: []
F: !!opencv-matrix
   rows: 0
   cols: 0
   dt: u
   data: []
K1: !!opencv-matrix
   rows: 3
   cols: 3
   dt: d
   data: [ 3.6627756984521932e+02, 0., 3.8060969928433269e+02, 0.,
       3.6653175179255015e+02, 2.3878059668569790e+02, 0., 0., 1. ]
D1: !!opencv-matrix
   rows: 5
   cols: 1
   dt: d
   data: [ -2.1859934914563901e-02, -9.9468572971318997e-04,
       1.6448003429794193e-03, -3.1164985765511365e-04,
       3.5195408316194161e-04 ]
P1: !!opencv-matrix
   rows: 3
   cols: 4
   dt: f
   data: [ 3.67510590e+02, 0., 4.13632690e+02, 0., 0., 3.67510590e+02,
       2.33924316e+02, 0., 0., 0., 1., 0. ]
R1: !!opencv-matrix
   rows: 3
   cols: 3
   dt: f
   data: [ 9.93167758e-01, -1.13605849e-01, -2.66738124e-02,
       1.13035418e-01, 9.93347287e-01, -2.20038891e-02, 2.89961286e-02,
       1.88384671e-02, 9.99401987e-01 ]
K2: !!opencv-matrix
   rows: 3
   cols: 3
   dt: d
   data: [ 3.6687495098581172e+02, 0., 3.7621769200552956e+02, 0.,
       3.6726361788508825e+02, 2.2399932895774910e+02, 0., 0., 1. ]
D2: !!opencv-matrix
   rows: 5
   cols: 1
   dt: d
   data: [ -2.2201337830972428e-02, -1.1445843221826492e-03,
       2.9199201696882579e-04, -7.1705872414221615e-04,
       5.1284674356775366e-04 ]
P2: !!opencv-matrix
   rows: 3
   cols: 4
   dt: f
   data: [ 3.67510590e+02, 0., 4.13632690e+02, -6.71603251e+00, 0.,
       3.67510590e+02, 2.33924316e+02, 0., 0., 0., 1., 0. ]
R2: !!opencv-matrix
   rows: 3
   cols: 3
   dt: f
   data: [ 9.96015012e-01, -6.32494316e-02, -6.28780946e-02,
       6.45236969e-02, 9.97745693e-01, 1.84439458e-02, 6.15697838e-02,
       -2.24275738e-02, 9.97850776e-01 ]
