%YAML:1.0
---
Q: !!opencv-matrix
   rows: 4
   cols: 4
   dt: f
   data: [ 1., 0., 0., -4.28067688e+02, 0., 1., 0., -2.33933334e+02, 0.,
       0., 0., 3.72304596e+02, 0., 0., 5.48069924e-03, 0. ]
R: !!opencv-matrix
   rows: 3
   cols: 3
   dt: d
   data: [ 1.0011574476611980e+00, 9.1696307611274300e-03,
       -3.0412025165254203e-03, -9.6814430949703732e-03,
       1.0004985956043650e+00, -4.3211334050006864e-02,
       3.2632621103281458e-03, 4.3228842520450589e-02,
       1.0004756132111321e+00 ]
T: !!opencv-matrix
   rows: 3
   cols: 1
   dt: d
   data: [ -1.8169727489412520e+02, 1.1538228273963000e+01,
       1.1469566162871624e+01 ]
E: !!opencv-matrix
   rows: 0
   cols: 0
   dt: u
   data: []
F: !!opencv-matrix
   rows: 0
   cols: 0
   dt: u
   data: []
K1: !!opencv-matrix
   rows: 3
   cols: 3
   dt: d
   data: [ 3.6627756984521932e+02, 0., 3.8060969928433269e+02, 0.,
       3.6653175179255015e+02, 2.3878059668569790e+02, 0., 0., 1. ]
D1: !!opencv-matrix
   rows: 5
   cols: 1
   dt: d
   data: [ -2.1859934914563901e-02, -9.9468572971318997e-04,
       1.6448003429794193e-03, -3.1164985765511365e-04,
       3.5195408316194161e-04 ]
P1: !!opencv-matrix
   rows: 3
   cols: 4
   dt: f
   data: [ 3.72304596e+02, 0., 4.28067688e+02, 0., 0., 3.72304596e+02,
       2.33933334e+02, 0., 0., 0., 1., 0. ]
R1: !!opencv-matrix
   rows: 3
   cols: 3
   dt: f
   data: [ 9.96383607e-01, -5.66572770e-02, -6.33215606e-02,
       5.52646220e-02, 9.98194337e-01, -2.35339869e-02, 6.45405948e-02,
       1.99494381e-02, 9.97715652e-01 ]
K2: !!opencv-matrix
   rows: 3
   cols: 3
   dt: d
   data: [ 3.6687495098581172e+02, 0., 3.7621769200552956e+02, 0.,
       3.6726361788508825e+02, 2.2399932895774910e+02, 0., 0., 1. ]
D2: !!opencv-matrix
   rows: 5
   cols: 1
   dt: d
   data: [ -2.2201337830972428e-02, -1.1445843221826492e-03,
       2.9199201696882579e-04, -7.1705872414221615e-04,
       5.1284674356775366e-04 ]
P2: !!opencv-matrix
   rows: 3
   cols: 4
   dt: f
   data: [ 3.72304596e+02, 0., 4.28067688e+02, -6.79301250e+04, 0.,
       3.72304596e+02, 2.33933334e+02, 0., 0., 0., 1., 0. ]
R2: !!opencv-matrix
   rows: 3
   cols: 3
   dt: f
   data: [ 9.96015310e-01, -6.32494465e-02, -6.28730580e-02,
       6.46040067e-02, 9.97715533e-01, 1.97481252e-02, 6.14803694e-02,
       -2.37312876e-02, 9.97826159e-01 ]
