%YAML:1.0
---
Q: !!opencv-matrix
   rows: 4
   cols: 4
   dt: f
   data: [ 1., 0., 0., -3.83184998e+02, 0., 1., 0., -2.32192917e+02, 0.,
       0., 0., 3.61820587e+02, 0., 0., 5.56445913e-03, 0. ]
R: !!opencv-matrix
   rows: 3
   cols: 3
   dt: d
   data: [ 9.9724295555321507e-01, 1.2366440590269511e-02,
       -3.8326231906139932e-03, -9.4772635532444638e-03,
       1.0003697752426814e+00, 9.2834515407834925e-03,
       3.4556334275424676e-03, -9.3767855459157712e-03,
       1.0006225822152568e+00 ]
T: !!opencv-matrix
   rows: 3
   cols: 1
   dt: d
   data: [ -1.8226755266892354e+02, 1.1574574822584319e+01,
       1.1505817257683038e+01 ]
E: !!opencv-matrix
   rows: 0
   cols: 0
   dt: u
   data: []
F: !!opencv-matrix
   rows: 0
   cols: 0
   dt: u
   data: []
K1: !!opencv-matrix
   rows: 3
   cols: 3
   dt: d
   data: [ 3.6627756984521932e+02, 0., 3.8060969928433269e+02, 0.,
       3.6653175179255015e+02, 2.3878059668569790e+02, 0., 0., 1. ]
D1: !!opencv-matrix
   rows: 5
   cols: 1
   dt: d
   data: [ -2.1859934914563901e-02, -9.9468572971318997e-04,
       1.6448003429794193e-03, -3.1164985765511365e-04,
       3.5195408316194161e-04 ]
P1: !!opencv-matrix
   rows: 3
   cols: 4
   dt: f
   data: [ 3.61820587e+02, 0., 3.83184998e+02, 0., 0., 3.61820587e+02,
       2.32192917e+02, 0., 0., 0., 1., 0. ]
R1: !!opencv-matrix
   rows: 3
   cols: 3
   dt: f
   data: [ 9.98528421e-01, -5.36351353e-02, -8.01394414e-03,
       5.36710247e-02, 9.98549283e-01, 4.33242414e-03, 7.76994787e-03,
       -4.75616520e-03, 9.99958515e-01 ]
K2: !!opencv-matrix
   rows: 3
   cols: 3
   dt: d
   data: [ 3.6687495098581172e+02, 0., 3.7621769200552956e+02, 0.,
       3.6726361788508825e+02, 2.2399932895774910e+02, 0., 0., 1. ]
D2: !!opencv-matrix
   rows: 5
   cols: 1
   dt: d
   data: [ -2.2201337830972428e-02, -1.1445843221826492e-03,
       2.9199201696882579e-04, -7.1705872414221615e-04,
       5.1284674356775366e-04 ]
P2: !!opencv-matrix
   rows: 3
   cols: 4
   dt: f
   data: [ 3.61820587e+02, 0., 3.83184998e+02, -6.50235000e+04, 0.,
       3.61820587e+02, 2.32192917e+02, 0., 0., 0., 1., 0. ]
R2: !!opencv-matrix
   rows: 3
   cols: 3
   dt: f
   data: [ 9.97980654e-01, -6.33740127e-02, -4.28312225e-03,
       6.33538738e-02, 9.97980118e-01, -4.68407758e-03, 4.57132002e-03,
       4.40326612e-03, 9.99979854e-01 ]
