%YAML:1.0
---
Q: !!opencv-matrix
   rows: 4
   cols: 4
   dt: f
   data: [ 1., 0., 0., -4.07630615e+02, 0., 1., 0., -2.33125687e+02, 0.,
       0., 0., 3.79600067e+02, 0., 0., 5.57563920e-03, 0. ]
R: !!opencv-matrix
   rows: 3
   cols: 3
   dt: d
   data: [ 1.0016314743010151e+00, 9.4737710483274382e-03,
       4.8610541913804338e-02, -7.4738035235998495e-03,
       1.0011933703645315e+00, -4.3640135716892445e-02,
       -4.9198584969250517e-02, 4.3241014105271237e-02,
       1.0000376600185770e+00 ]
T: !!opencv-matrix
   rows: 3
   cols: 1
   dt: d
   data: [ -1.7860257777919480e+02, 1.1341653971935097e+01,
       1.1273663301935208e+01 ]
E: !!opencv-matrix
   rows: 0
   cols: 0
   dt: u
   data: []
F: !!opencv-matrix
   rows: 0
   cols: 0
   dt: u
   data: []
K1: !!opencv-matrix
   rows: 3
   cols: 3
   dt: d
   data: [ 3.6627756984521932e+02, 0., 3.8060969928433269e+02, 0.,
       3.6653175179255015e+02, 2.3878059668569790e+02, 0., 0., 1. ]
D1: !!opencv-matrix
   rows: 5
   cols: 1
   dt: d
   data: [ -2.1859934914563901e-02, -9.9468572971318997e-04,
       1.6448003429794193e-03, -3.1164985765511365e-04,
       3.5195408316194161e-04 ]
P1: !!opencv-matrix
   rows: 3
   cols: 4
   dt: f
   data: [ 3.79600067e+02, 0., 4.07630615e+02, 0., 0., 3.79600067e+02,
       2.33125687e+02, 0., 0., 0., 1., 0. ]
R1: !!opencv-matrix
   rows: 3
   cols: 3
   dt: f
   data: [ 9.98338461e-01, -5.64412326e-02, -1.16060860e-02,
       5.61847277e-02, 9.98192072e-01, -2.13519838e-02, 1.27902357e-02,
       2.06644218e-02, 9.99704659e-01 ]
K2: !!opencv-matrix
   rows: 3
   cols: 3
   dt: d
   data: [ 3.6687495098581172e+02, 0., 3.7621769200552956e+02, 0.,
       3.6726361788508825e+02, 2.2399932895774910e+02, 0., 0., 1. ]
D2: !!opencv-matrix
   rows: 5
   cols: 1
   dt: d
   data: [ -2.2201337830972428e-02, -1.1445843221826492e-03,
       2.9199201696882579e-04, -7.1705872414221615e-04,
       5.1284674356775366e-04 ]
P2: !!opencv-matrix
   rows: 3
   cols: 4
   dt: f
   data: [ 3.79600067e+02, 0., 4.07630615e+02, -6.80818906e+04, 0.,
       3.79600067e+02, 2.33125687e+02, 0., 0., 0., 1., 0. ]
R2: !!opencv-matrix
   rows: 3
   cols: 3
   dt: f
   data: [ 9.96015489e-01, -6.32491633e-02, -6.28699958e-02,
       6.45578131e-02, 9.97732997e-01, 1.90044735e-02, 6.15254529e-02,
       -2.29875017e-02, 9.97840762e-01 ]
