%YAML:1.0
---
Q: !!opencv-matrix
   rows: 4
   cols: 4
   dt: f
   data: [ 1., 0., 0., -4.08850891e+02, 0., 1., 0., -2.33531830e+02, 0.,
       0., 0., 3.69591492e+02, 0., 0., 1.08005665e-01, 0. ]
R: !!opencv-matrix
   rows: 3
   cols: 3
   dt: d
   data: [ 1.0357396366190919e+00, -4.7376645682103757e-02,
       4.2813886628312613e-02, 4.6481917304004493e-02,
       1.0351443634279134e+00, -4.4680839758715410e-02,
       -4.8509673316821350e-02, 4.7530456250269512e-02,
       1.0352500787357646e+00 ]
T: !!opencv-matrix
   rows: 3
   cols: 1
   dt: d
   data: [ -8.5879915654099221e+00, 5.4535884419572556e-01,
       5.4215738247487122e-01 ]
E: !!opencv-matrix
   rows: 0
   cols: 0
   dt: u
   data: []
F: !!opencv-matrix
   rows: 0
   cols: 0
   dt: u
   data: []
K1: !!opencv-matrix
   rows: 3
   cols: 3
   dt: d
   data: [ 3.6627756984521932e+02, 0., 3.8060969928433269e+02, 0.,
       3.6653175179255015e+02, 2.3878059668569790e+02, 0., 0., 1. ]
D1: !!opencv-matrix
   rows: 5
   cols: 1
   dt: d
   data: [ -2.1859934914563901e-02, -9.9468572971318997e-04,
       1.6448003429794193e-03, -3.1164985765511365e-04,
       3.5195408316194161e-04 ]
P1: !!opencv-matrix
   rows: 3
   cols: 4
   dt: f
   data: [ 3.69591492e+02, 0., 4.08850891e+02, 0., 0., 3.69591492e+02,
       2.33531830e+02, 0., 0., 0., 1., 0. ]
R1: !!opencv-matrix
   rows: 3
   cols: 3
   dt: f
   data: [ 9.93863583e-01, -1.09661065e-01, -1.44771552e-02,
       1.09336048e-01, 9.93770063e-01, -2.16040593e-02, 1.67560875e-02,
       1.98886134e-02, 9.99661803e-01 ]
K2: !!opencv-matrix
   rows: 3
   cols: 3
   dt: d
   data: [ 3.6687495098581172e+02, 0., 3.7621769200552956e+02, 0.,
       3.6726361788508825e+02, 2.2399932895774910e+02, 0., 0., 1. ]
D2: !!opencv-matrix
   rows: 5
   cols: 1
   dt: d
   data: [ -2.2201337830972428e-02, -1.1445843221826492e-03,
       2.9199201696882579e-04, -7.1705872414221615e-04,
       5.1284674356775366e-04 ]
P2: !!opencv-matrix
   rows: 3
   cols: 4
   dt: f
   data: [ 3.69591492e+02, 0., 4.08850891e+02, -3.42196387e+03, 0.,
       3.69591492e+02, 2.33531830e+02, 0., 0., 0., 1., 0. ]
R2: !!opencv-matrix
   rows: 3
   cols: 3
   dt: f
   data: [ 9.96015012e-01, -6.32494316e-02, -6.28781170e-02,
       6.45435452e-02, 9.97738421e-01, 1.87657289e-02, 6.15489930e-02,
       -2.27493234e-02, 9.97844756e-01 ]
