%YAML:1.0
---
Q: !!opencv-matrix
   rows: 4
   cols: 4
   dt: f
   data: [ 1., 0., 0., -4.09135681e+02, 0., 1., 0., -2.33554977e+02, 0.,
       0., 0., 3.69453186e+02, 0., 0., 1.15977637e-01, 0. ]
R: !!opencv-matrix
   rows: 3
   cols: 3
   dt: d
   data: [ 1.0381664464870015e+00, -4.8529671370821349e-02,
       4.0330403809880747e-02, 4.6584110921039951e-02,
       1.0375741915890946e+00, -4.4618941589462550e-02,
       -4.8624345725240013e-02, 4.7704941863664037e-02,
       1.0377767514523590e+00 ]
T: !!opencv-matrix
   rows: 3
   cols: 1
   dt: d
   data: [ -7.6238590161260777e+00, 4.8413402351092516e-01,
       4.8129169539316152e-01 ]
E: !!opencv-matrix
   rows: 0
   cols: 0
   dt: u
   data: []
F: !!opencv-matrix
   rows: 0
   cols: 0
   dt: u
   data: []
K1: !!opencv-matrix
   rows: 3
   cols: 3
   dt: d
   data: [ 3.6627756984521932e+02, 0., 3.8060969928433269e+02, 0.,
       3.6653175179255015e+02, 2.3878059668569790e+02, 0., 0., 1. ]
D1: !!opencv-matrix
   rows: 5
   cols: 1
   dt: d
   data: [ -2.1859934914563901e-02, -9.9468572971318997e-04,
       1.6448003429794193e-03, -3.1164985765511365e-04,
       3.5195408316194161e-04 ]
P1: !!opencv-matrix
   rows: 3
   cols: 4
   dt: f
   data: [ 3.69453186e+02, 0., 4.09135681e+02, 0., 0., 3.69453186e+02,
       2.33554977e+02, 0., 0., 0., 1., 0. ]
R1: !!opencv-matrix
   rows: 3
   cols: 3
   dt: f
   data: [ 9.93817747e-01, -1.09977655e-01, -1.52040720e-02,
       1.09637767e-01, 9.93736267e-01, -2.16274802e-02, 1.74873769e-02,
       1.98268332e-02, 9.99650478e-01 ]
K2: !!opencv-matrix
   rows: 3
   cols: 3
   dt: d
   data: [ 3.6687495098581172e+02, 0., 3.7621769200552956e+02, 0.,
       3.6726361788508825e+02, 2.2399932895774910e+02, 0., 0., 1. ]
D2: !!opencv-matrix
   rows: 5
   cols: 1
   dt: d
   data: [ -2.2201337830972428e-02, -1.1445843221826492e-03,
       2.9199201696882579e-04, -7.1705872414221615e-04,
       5.1284674356775366e-04 ]
P2: !!opencv-matrix
   rows: 3
   cols: 4
   dt: f
   data: [ 3.69453186e+02, 0., 4.09135681e+02, -3.18555518e+03, 0.,
       3.69453186e+02, 2.33554977e+02, 0., 0., 0., 1., 0. ]
R2: !!opencv-matrix
   rows: 3
   cols: 3
   dt: f
   data: [ 9.96015012e-01, -6.32494316e-02, -6.28781319e-02,
       6.45423830e-02, 9.97738838e-01, 1.87467765e-02, 6.15502335e-02,
       -2.27303747e-02, 9.97845113e-01 ]
