%YAML:1.0
---
Q: !!opencv-matrix
   rows: 4
   cols: 4
   dt: f
   data: [ 1., 0., 0., -4.07588531e+02, 0., 1., 0., -2.33123795e+02, 0.,
       0., 0., 3.79625153e+02, 0., 0., 5.57489973e-03, 0. ]
R: !!opencv-matrix
   rows: 3
   cols: 3
   dt: d
   data: [ 1.0009695874774387e+00, -4.2462892461722565e-02,
       4.8740431037775749e-02, 4.5011254248930564e-02,
       1.0010082810758052e+00, -4.3682005745273499e-02,
       -4.6867981775920407e-02, 4.5760891692837917e-02,
       1.0008615542235262e+00 ]
T: !!opencv-matrix
   rows: 3
   cols: 1
   dt: d
   data: [ -1.8228836643979389e+02, 1.1575575874106724e+01,
       1.1506325138893475e+01 ]
E: !!opencv-matrix
   rows: 0
   cols: 0
   dt: u
   data: []
F: !!opencv-matrix
   rows: 0
   cols: 0
   dt: u
   data: []
K1: !!opencv-matrix
   rows: 3
   cols: 3
   dt: d
   data: [ 3.6627756984521932e+02, 0., 3.8060969928433269e+02, 0.,
       3.6653175179255015e+02, 2.3878059668569790e+02, 0., 0., 1. ]
D1: !!opencv-matrix
   rows: 5
   cols: 1
   dt: d
   data: [ -2.1859934914563901e-02, -9.9468572971318997e-04,
       1.6448003429794193e-03, -3.1164985765511365e-04,
       3.5195408316194161e-04 ]
P1: !!opencv-matrix
   rows: 3
   cols: 4
   dt: f
   data: [ 3.79625153e+02, 0., 4.07588531e+02, 0., 0., 3.79625153e+02,
       2.33123795e+02, 0., 0., 0., 1., 0. ]
R1: !!opencv-matrix
   rows: 3
   cols: 3
   dt: f
   data: [ 9.98342454e-01, -5.63927740e-02, -1.14988498e-02,
       5.61385192e-02, 9.98194695e-01, -2.13500652e-02, 1.26820803e-02,
       2.06691474e-02, 9.99705911e-01 ]
K2: !!opencv-matrix
   rows: 3
   cols: 3
   dt: d
   data: [ 3.6687495098581172e+02, 0., 3.7621769200552956e+02, 0.,
       3.6726361788508825e+02, 2.2399932895774910e+02, 0., 0., 1. ]
D2: !!opencv-matrix
   rows: 5
   cols: 1
   dt: d
   data: [ -2.2201337830972428e-02, -1.1445843221826492e-03,
       2.9199201696882579e-04, -7.1705872414221615e-04,
       5.1284674356775366e-04 ]
P2: !!opencv-matrix
   rows: 3
   cols: 4
   dt: f
   data: [ 3.79625153e+02, 0., 4.07588531e+02, -6.80954297e+04, 0.,
       3.79625153e+02, 2.33123795e+02, 0., 0., 0., 1., 0. ]
R2: !!opencv-matrix
   rows: 3
   cols: 3
   dt: f
   data: [ 9.96015489e-01, -6.32491633e-02, -6.28700033e-02,
       6.45579025e-02, 9.97732937e-01, 1.90058555e-02, 6.15253672e-02,
       -2.29888838e-02, 9.97840762e-01 ]
