%YAML:1.0
---
Q: !!opencv-matrix
   rows: 4
   cols: 4
   dt: f
   data: [ 1., 0., 0., -4.09623047e+02, 0., 1., 0., -2.33594574e+02, 0.,
       0., 0., 3.69224915e+02, 0., 0., 1.30644470e-01, 0. ]
R: !!opencv-matrix
   rows: 3
   cols: 3
   dt: d
   data: [ 1.0413344651054535e+00, -5.0025964184858114e-02,
       3.7028950337335803e-02, 4.6720401743106078e-02,
       1.0407721088391078e+00, -4.4535441144221026e-02,
       -4.8773606859322860e-02, 4.7933301199736954e-02,
       1.0411055578564625e+00 ]
T: !!opencv-matrix
   rows: 3
   cols: 1
   dt: d
   data: [ -6.3845999015719723e+00, 4.0543798518968288e-01,
       4.0305768037844425e-01 ]
E: !!opencv-matrix
   rows: 0
   cols: 0
   dt: u
   data: []
F: !!opencv-matrix
   rows: 0
   cols: 0
   dt: u
   data: []
K1: !!opencv-matrix
   rows: 3
   cols: 3
   dt: d
   data: [ 3.6627756984521932e+02, 0., 3.8060969928433269e+02, 0.,
       3.6653175179255015e+02, 2.3878059668569790e+02, 0., 0., 1. ]
D1: !!opencv-matrix
   rows: 5
   cols: 1
   dt: d
   data: [ -2.1859934914563901e-02, -9.9468572971318997e-04,
       1.6448003429794193e-03, -3.1164985765511365e-04,
       3.5195408316194161e-04 ]
P1: !!opencv-matrix
   rows: 3
   cols: 4
   dt: f
   data: [ 3.69224915e+02, 0., 4.09623047e+02, 0., 0., 3.69224915e+02,
       2.33594574e+02, 0., 0., 0., 1., 0. ]
R1: !!opencv-matrix
   rows: 3
   cols: 3
   dt: f
   data: [ 9.93743300e-01, -1.10470377e-01, -1.64482072e-02,
       1.10105120e-01, 9.93683755e-01, -2.16675177e-02, 1.87379364e-02,
       1.97209194e-02, 9.99629915e-01 ]
K2: !!opencv-matrix
   rows: 3
   cols: 3
   dt: d
   data: [ 3.6687495098581172e+02, 0., 3.7621769200552956e+02, 0.,
       3.6726361788508825e+02, 2.2399932895774910e+02, 0., 0., 1. ]
D2: !!opencv-matrix
   rows: 5
   cols: 1
   dt: d
   data: [ -2.2201337830972428e-02, -1.1445843221826492e-03,
       2.9199201696882579e-04, -7.1705872414221615e-04,
       5.1284674356775366e-04 ]
P2: !!opencv-matrix
   rows: 3
   cols: 4
   dt: f
   data: [ 3.69224915e+02, 0., 4.09623047e+02, -2.82618091e+03, 0.,
       3.69224915e+02, 2.33594574e+02, 0., 0., 0., 1., 0. ]
R2: !!opencv-matrix
   rows: 3
   cols: 3
   dt: f
   data: [ 9.96015012e-01, -6.32494316e-02, -6.28780946e-02,
       6.45403713e-02, 9.97739613e-01, 1.87142063e-02, 6.15523048e-02,
       -2.26978064e-02, 9.97845769e-01 ]
