%YAML:1.0
---
Q: !!opencv-matrix
   rows: 4
   cols: 4
   dt: f
   data: [ 1., 0., 0., -4.28261475e+02, 0., 1., 0., -2.33901001e+02, 0.,
       0., 0., 3.72567505e+02, 0., 0., 8.28870758e-03, 0. ]
R: !!opencv-matrix
   rows: 3
   cols: 3
   dt: d
   data: [ 1.0116646749867342e+00, 1.1573698923139834e-02,
       -3.9541815862637695e-03, -9.8194023271526033e-03,
       1.0101767256200014e+00, -4.3579660519079078e-02,
       3.2530919065276694e-03, 4.3507470218285403e-02,
       1.0103561919099020e+00 ]
T: !!opencv-matrix
   rows: 3
   cols: 1
   dt: d
   data: [ -1.1977661070100498e+02, 7.6062704946539945e+00,
       7.5608261186357186e+00 ]
E: !!opencv-matrix
   rows: 0
   cols: 0
   dt: u
   data: []
F: !!opencv-matrix
   rows: 0
   cols: 0
   dt: u
   data: []
K1: !!opencv-matrix
   rows: 3
   cols: 3
   dt: d
   data: [ 3.6627756984521932e+02, 0., 3.8060969928433269e+02, 0.,
       3.6653175179255015e+02, 2.3878059668569790e+02, 0., 0., 1. ]
D1: !!opencv-matrix
   rows: 5
   cols: 1
   dt: d
   data: [ -2.1859934914563901e-02, -9.9468572971318997e-04,
       1.6448003429794193e-03, -3.1164985765511365e-04,
       3.5195408316194161e-04 ]
P1: !!opencv-matrix
   rows: 3
   cols: 4
   dt: f
   data: [ 3.72567505e+02, 0., 4.28261475e+02, 0., 0., 3.72567505e+02,
       2.33901001e+02, 0., 0., 0., 1., 0. ]
R1: !!opencv-matrix
   rows: 3
   cols: 3
   dt: f
   data: [ 9.96467650e-01, -5.45878895e-02, -6.38150647e-02,
       5.31875901e-02, 9.98309374e-01, -2.34410074e-02, 6.49867728e-02,
       1.99640375e-02, 9.97686386e-01 ]
K2: !!opencv-matrix
   rows: 3
   cols: 3
   dt: d
   data: [ 3.6687495098581172e+02, 0., 3.7621769200552956e+02, 0.,
       3.6726361788508825e+02, 2.2399932895774910e+02, 0., 0., 1. ]
D2: !!opencv-matrix
   rows: 5
   cols: 1
   dt: d
   data: [ -2.2201337830972428e-02, -1.1445843221826492e-03,
       2.9199201696882579e-04, -7.1705872414221615e-04,
       5.1284674356775366e-04 ]
P2: !!opencv-matrix
   rows: 3
   cols: 4
   dt: f
   data: [ 3.72567505e+02, 0., 4.28261475e+02, -4.49488008e+04, 0.,
       3.72567505e+02, 2.33901001e+02, 0., 0., 0., 1., 0. ]
R2: !!opencv-matrix
   rows: 3
   cols: 3
   dt: f
   data: [ 9.96015251e-01, -6.32507578e-02, -6.28728569e-02,
       6.46028742e-02, 9.97716427e-01, 1.97084453e-02, 6.14827089e-02,
       -2.36916803e-02, 9.97826934e-01 ]
