%YAML:1.0
---
Q: !!opencv-matrix
   rows: 4
   cols: 4
   dt: f
   data: [ 1., 0., 0., -4.09015137e+02, 0., 1., 0., -2.33541473e+02, 0.,
       0., 0., 3.69597504e+02, 0., 0., 1.06859863e-01, 0. ]
R: !!opencv-matrix
   rows: 3
   cols: 3
   dt: d
   data: [ 1.0342578121803465e+00, -4.6644574386408150e-02,
       4.4254747710026736e-02, 4.6416048067249617e-02,
       1.0336270183986591e+00, -4.4712539522170414e-02,
       -4.8440176329695050e-02, 4.7420769675169581e-02,
       1.0336799717976142e+00 ]
T: !!opencv-matrix
   rows: 3
   cols: 1
   dt: d
   data: [ -9.2218771910370272e+00, 5.8561215809669698e-01,
       5.8217425697700653e-01 ]
E: !!opencv-matrix
   rows: 0
   cols: 0
   dt: u
   data: []
F: !!opencv-matrix
   rows: 0
   cols: 0
   dt: u
   data: []
K1: !!opencv-matrix
   rows: 3
   cols: 3
   dt: d
   data: [ 3.6627756984521932e+02, 0., 3.8060969928433269e+02, 0.,
       3.6653175179255015e+02, 2.3878059668569790e+02, 0., 0., 1. ]
D1: !!opencv-matrix
   rows: 5
   cols: 1
   dt: d
   data: [ -2.1859934914563901e-02, -9.9468572971318997e-04,
       1.6448003429794193e-03, -3.1164985765511365e-04,
       3.5195408316194161e-04 ]
P1: !!opencv-matrix
   rows: 3
   cols: 4
   dt: f
   data: [ 3.69597504e+02, 0., 4.09015137e+02, 0., 0., 3.69597504e+02,
       2.33541473e+02, 0., 0., 0., 1., 0. ]
R1: !!opencv-matrix
   rows: 3
   cols: 3
   dt: f
   data: [ 9.93895650e-01, -1.09313689e-01, -1.48986811e-02,
       1.08980186e-01, 9.93808985e-01, -2.16119401e-02, 1.71689242e-02,
       1.98563505e-02, 9.99655426e-01 ]
K2: !!opencv-matrix
   rows: 3
   cols: 3
   dt: d
   data: [ 3.6687495098581172e+02, 0., 3.7621769200552956e+02, 0.,
       3.6726361788508825e+02, 2.2399932895774910e+02, 0., 0., 1. ]
D2: !!opencv-matrix
   rows: 5
   cols: 1
   dt: d
   data: [ -2.2201337830972428e-02, -1.1445843221826492e-03,
       2.9199201696882579e-04, -7.1705872414221615e-04,
       5.1284674356775366e-04 ]
P2: !!opencv-matrix
   rows: 3
   cols: 4
   dt: f
   data: [ 3.69597504e+02, 0., 4.09015137e+02, -3.45871216e+03, 0.,
       3.69597504e+02, 2.33541473e+02, 0., 0., 0., 1., 0. ]
R2: !!opencv-matrix
   rows: 3
   cols: 3
   dt: f
   data: [ 9.96015012e-01, -6.32494316e-02, -6.28781244e-02,
       6.45427853e-02, 9.97738719e-01, 1.87533647e-02, 6.15497977e-02,
       -2.27369610e-02, 9.97844994e-01 ]
