%YAML:1.0
---
Q: !!opencv-matrix
   rows: 4
   cols: 4
   dt: f
   data: [ 1., 0., 0., -4.29447998e+02, 0., 1., 0., -2.33896469e+02, 0.,
       0., 0., 3.65877319e+02, 0., 0., 5.46398200e-03, 0. ]
R: !!opencv-matrix
   rows: 3
   cols: 3
   dt: d
   data: [ 9.9881905881970412e-01, 1.0933674055503868e-02,
       -3.5070053506944632e-03, -9.5976118013914539e-03,
       1.0000840886939231e+00, 9.2593724688469839e-03,
       3.3311554967867044e-03, -9.2831065996275275e-03,
       1.0002256466565567e+00 ]
T: !!opencv-matrix
   rows: 3
   cols: 1
   dt: d
   data: [ -1.8225388616699192e+02, 1.1573707221866087e+01,
       1.1504955089815818e+01 ]
E: !!opencv-matrix
   rows: 0
   cols: 0
   dt: u
   data: []
F: !!opencv-matrix
   rows: 0
   cols: 0
   dt: u
   data: []
K1: !!opencv-matrix
   rows: 3
   cols: 3
   dt: d
   data: [ 3.6627756984521932e+02, 0., 3.8060969928433269e+02, 0.,
       3.6653175179255015e+02, 2.3878059668569790e+02, 0., 0., 1. ]
D1: !!opencv-matrix
   rows: 5
   cols: 1
   dt: d
   data: [ -2.1859934914563901e-02, -9.9468572971318997e-04,
       1.6448003429794193e-03, -3.1164985765511365e-04,
       3.5195408316194161e-04 ]
P1: !!opencv-matrix
   rows: 3
   cols: 4
   dt: f
   data: [ 3.65877319e+02, 0., 4.29447998e+02, 0., 0., 3.65877319e+02,
       2.33896469e+02, 0., 0., 0., 1., 0. ]
R1: !!opencv-matrix
   rows: 3
   cols: 3
   dt: f
   data: [ 9.96394038e-01, -5.21723591e-02, -6.69102296e-02,
       5.24678305e-02, 9.98619080e-01, 2.66506476e-03, 6.66787922e-02,
       -6.16608933e-03, 9.97755468e-01 ]
K2: !!opencv-matrix
   rows: 3
   cols: 3
   dt: d
   data: [ 3.6687495098581172e+02, 0., 3.7621769200552956e+02, 0.,
       3.6726361788508825e+02, 2.2399932895774910e+02, 0., 0., 1. ]
D2: !!opencv-matrix
   rows: 5
   cols: 1
   dt: d
   data: [ -2.2201337830972428e-02, -1.1445843221826492e-03,
       2.9199201696882579e-04, -7.1705872414221615e-04,
       5.1284674356775366e-04 ]
P2: !!opencv-matrix
   rows: 3
   cols: 4
   dt: f
   data: [ 3.65877319e+02, 0., 4.29447998e+02, -6.69616641e+04, 0.,
       3.65877319e+02, 2.33896469e+02, 0., 0., 0., 1., 0. ]
R2: !!opencv-matrix
   rows: 3
   cols: 3
   dt: f
   data: [ 9.96015191e-01, -6.32501617e-02, -6.28744364e-02,
       6.29713908e-02, 9.97994781e-01, -6.40756963e-03, 6.31536320e-02,
       2.42274627e-03, 9.98000860e-01 ]
