%YAML:1.0
---
Q: !!opencv-matrix
   rows: 4
   cols: 4
   dt: f
   data: [ 1., 0., 0., -4.07680939e+02, 0., 1., 0., -2.33439316e+02, 0.,
       0., 0., 3.70126190e+02, 0., 0., 5.43512125e-03, 0. ]
R: !!opencv-matrix
   rows: 3
   cols: 3
   dt: d
   data: [ 1.0008497059887218e+00, -4.2842523774192648e-02,
       4.8819522033850121e-02, 4.5016526086502855e-02,
       1.0010108657201451e+00, -4.3686152968438842e-02,
       -4.6860766548902602e-02, 4.5783925886445462e-02,
       1.0008349184395566e+00 ]
T: !!opencv-matrix
   rows: 3
   cols: 1
   dt: d
   data: [ -1.8364084857034203e+02, 1.1661459907014919e+01,
       1.1591694735061791e+01 ]
E: !!opencv-matrix
   rows: 0
   cols: 0
   dt: u
   data: []
F: !!opencv-matrix
   rows: 0
   cols: 0
   dt: u
   data: []
K1: !!opencv-matrix
   rows: 3
   cols: 3
   dt: d
   data: [ 3.6627756984521932e+02, 0., 3.8060969928433269e+02, 0.,
       3.6653175179255015e+02, 2.3878059668569790e+02, 0., 0., 1. ]
D1: !!opencv-matrix
   rows: 5
   cols: 1
   dt: d
   data: [ -2.1859934914563901e-02, -9.9468572971318997e-04,
       1.6448003429794193e-03, -3.1164985765511365e-04,
       3.5195408316194161e-04 ]
P1: !!opencv-matrix
   rows: 3
   cols: 4
   dt: f
   data: [ 3.70126190e+02, 0., 4.07680939e+02, 0., 0., 3.70126190e+02,
       2.33439316e+02, 0., 0., 0., 1., 0. ]
R1: !!opencv-matrix
   rows: 3
   cols: 3
   dt: f
   data: [ 9.94023621e-01, -1.08558170e-01, -1.14971818e-02,
       1.08294338e-01, 9.93886113e-01, -2.15120558e-02, 1.37621984e-02,
       2.01384109e-02, 9.99702454e-01 ]
K2: !!opencv-matrix
   rows: 3
   cols: 3
   dt: d
   data: [ 3.6687495098581172e+02, 0., 3.7621769200552956e+02, 0.,
       3.6726361788508825e+02, 2.2399932895774910e+02, 0., 0., 1. ]
D2: !!opencv-matrix
   rows: 5
   cols: 1
   dt: d
   data: [ -2.2201337830972428e-02, -1.1445843221826492e-03,
       2.9199201696882579e-04, -7.1705872414221615e-04,
       5.1284674356775366e-04 ]
P2: !!opencv-matrix
   rows: 3
   cols: 4
   dt: f
   data: [ 3.70126190e+02, 0., 4.07680939e+02, -6.80989766e+04, 0.,
       3.70126190e+02, 2.33439316e+02, 0., 0., 0., 1., 0. ]
R2: !!opencv-matrix
   rows: 3
   cols: 3
   dt: f
   data: [ 9.96015549e-01, -6.32484332e-02, -6.28700405e-02,
       6.45471960e-02, 9.97736692e-01, 1.88441332e-02, 6.15358911e-02,
       -2.28271335e-02, 9.97843802e-01 ]
