%YAML:1.0
---
Q: !!opencv-matrix
   rows: 4
   cols: 4
   dt: f
   data: [ 1., 0., 0., -3.83185760e+02, 0., 1., 0., -2.32192780e+02, 0.,
       0., 0., 3.61828552e+02, 0., 0., 5.57442242e-03, 0. ]
R: !!opencv-matrix
   rows: 3
   cols: 3
   dt: d
   data: [ 1.0000427715355240e+00, 9.7898577472230724e-03,
       -3.1537746424096418e-03, -9.6847769901365587e-03,
       9.9997965383155185e-01, 9.2353507634909508e-03,
       3.2438824373811825e-03, -9.2048848063475495e-03,
       1.0000264746913237e+00 ]
T: !!opencv-matrix
   rows: 3
   cols: 1
   dt: d
   data: [ -1.7902852131050847e+02, 1.1368752625820303e+01,
       7.6836393158351668e-01 ]
E: !!opencv-matrix
   rows: 0
   cols: 0
   dt: u
   data: []
F: !!opencv-matrix
   rows: 0
   cols: 0
   dt: u
   data: []
K1: !!opencv-matrix
   rows: 3
   cols: 3
   dt: d
   data: [ 3.6627756984521932e+02, 0., 3.8060969928433269e+02, 0.,
       3.6653175179255015e+02, 2.3878059668569790e+02, 0., 0., 1. ]
D1: !!opencv-matrix
   rows: 5
   cols: 1
   dt: d
   data: [ -2.1859934914563901e-02, -9.9468572971318997e-04,
       1.6448003429794193e-03, -3.1164985765511365e-04,
       3.5195408316194161e-04 ]
P1: !!opencv-matrix
   rows: 3
   cols: 4
   dt: f
   data: [ 3.61828552e+02, 0., 3.83185760e+02, 0., 0., 3.61828552e+02,
       2.32192780e+02, 0., 0., 0., 1., 0. ]
R1: !!opencv-matrix
   rows: 3
   cols: 3
   dt: f
   data: [ 9.98530447e-01, -5.35975434e-02, -8.01572483e-03,
       5.36334403e-02, 9.98551309e-01, 4.33264766e-03, 7.77189247e-03,
       -4.75619128e-03, 9.99958515e-01 ]
K2: !!opencv-matrix
   rows: 3
   cols: 3
   dt: d
   data: [ 3.6687495098581172e+02, 0., 3.7621769200552956e+02, 0.,
       3.6726361788508825e+02, 2.2399932895774910e+02, 0., 0., 1. ]
D2: !!opencv-matrix
   rows: 5
   cols: 1
   dt: d
   data: [ -2.2201337830972428e-02, -1.1445843221826492e-03,
       2.9199201696882579e-04, -7.1705872414221615e-04,
       5.1284674356775366e-04 ]
P2: !!opencv-matrix
   rows: 3
   cols: 4
   dt: f
   data: [ 3.61828552e+02, 0., 3.83185760e+02, -6.49087070e+04, 0.,
       3.61828552e+02, 2.32192780e+02, 0., 0., 0., 1., 0. ]
R2: !!opencv-matrix
   rows: 3
   cols: 3
   dt: f
   data: [ 9.97980654e-01, -6.33742288e-02, -4.28318512e-03,
       6.33540973e-02, 9.97980118e-01, -4.68420237e-03, 4.57139174e-03,
       4.40338627e-03, 9.99979854e-01 ]
