%YAML:1.0
---
Q: !!opencv-matrix
   rows: 4
   cols: 4
   dt: f
   data: [ 1., 0., 0., -3.83190643e+02, 0., 1., 0., -2.32193268e+02, 0.,
       0., 0., 3.61810913e+02, 0., 0., 5.57758706e-03, 0. ]
R: !!opencv-matrix
   rows: 3
   cols: 3
   dt: d
   data: [ 9.9990388503360950e-01, 9.6992521534650968e-03,
       -3.1740914289332014e-03, -9.6731171502241892e-03,
       1.0000382101712770e+00, 9.2371178551671762e-03,
       3.2448769438243770e-03, -9.2049814853448642e-03,
       1.0000793336068599e+00 ]
T: !!opencv-matrix
   rows: 3
   cols: 1
   dt: d
   data: [ -1.7893619218715168e+02, 1.1362888715802837e+01,
       7.6796794634807475e-01 ]
E: !!opencv-matrix
   rows: 0
   cols: 0
   dt: u
   data: []
F: !!opencv-matrix
   rows: 0
   cols: 0
   dt: u
   data: []
K1: !!opencv-matrix
   rows: 3
   cols: 3
   dt: d
   data: [ 3.6627756984521932e+02, 0., 3.8060969928433269e+02, 0.,
       3.6653175179255015e+02, 2.3878059668569790e+02, 0., 0., 1. ]
D1: !!opencv-matrix
   rows: 5
   cols: 1
   dt: d
   data: [ -2.1859934914563901e-02, -9.9468572971318997e-04,
       1.6448003429794193e-03, -3.1164985765511365e-04,
       3.5195408316194161e-04 ]
P1: !!opencv-matrix
   rows: 3
   cols: 4
   dt: f
   data: [ 3.61810913e+02, 0., 3.83190643e+02, 0., 0., 3.61810913e+02,
       2.32193268e+02, 0., 0., 0., 1., 0. ]
R1: !!opencv-matrix
   rows: 3
   cols: 3
   dt: f
   data: [ 9.98526454e-01, -5.36698028e-02, -8.02844670e-03,
       5.37057593e-02, 9.98547435e-01, 4.33204416e-03, 7.78428512e-03,
       -4.75683436e-03, 9.99958396e-01 ]
K2: !!opencv-matrix
   rows: 3
   cols: 3
   dt: d
   data: [ 3.6687495098581172e+02, 0., 3.7621769200552956e+02, 0.,
       3.6726361788508825e+02, 2.2399932895774910e+02, 0., 0., 1. ]
D2: !!opencv-matrix
   rows: 5
   cols: 1
   dt: d
   data: [ -2.2201337830972428e-02, -1.1445843221826492e-03,
       2.9199201696882579e-04, -7.1705872414221615e-04,
       5.1284674356775366e-04 ]
P2: !!opencv-matrix
   rows: 3
   cols: 4
   dt: f
   data: [ 3.61810913e+02, 0., 3.83190643e+02, -6.48687188e+04, 0.,
       3.61810913e+02, 2.32193268e+02, 0., 0., 0., 1., 0. ]
R2: !!opencv-matrix
   rows: 3
   cols: 3
   dt: f
   data: [ 9.97980654e-01, -6.33742288e-02, -4.28318372e-03,
       6.33540899e-02, 9.97980118e-01, -4.68422659e-03, 4.57139127e-03,
       4.40341048e-03, 9.99979854e-01 ]
