%YAML:1.0
---
Q: !!opencv-matrix
   rows: 4
   cols: 4
   dt: f
   data: [ 1., 0., 0., -4.07641541e+02, 0., 1., 0., -2.33126205e+02, 0.,
       0., 0., 3.79592346e+02, 0., 0., 5.57501661e-03, 0. ]
R: !!opencv-matrix
   rows: 3
   cols: 3
   dt: d
   data: [ 1.0019048542340876e+00, 9.4203267955942811e-03,
       4.8547501058181446e-02, -7.4947568743619327e-03,
       1.0011326374560316e+00, -4.3633536566691916e-02,
       -4.9216738979097535e-02, 4.3241581386954303e-02,
       9.9997742865678274e-01 ]
T: !!opencv-matrix
   rows: 3
   cols: 1
   dt: d
   data: [ -1.7863701724247977e+02, 1.1343840855251468e+01,
       1.1275836948148434e+01 ]
E: !!opencv-matrix
   rows: 0
   cols: 0
   dt: u
   data: []
F: !!opencv-matrix
   rows: 0
   cols: 0
   dt: u
   data: []
K1: !!opencv-matrix
   rows: 3
   cols: 3
   dt: d
   data: [ 3.6627756984521932e+02, 0., 3.8060969928433269e+02, 0.,
       3.6653175179255015e+02, 2.3878059668569790e+02, 0., 0., 1. ]
D1: !!opencv-matrix
   rows: 5
   cols: 1
   dt: d
   data: [ -2.1859934914563901e-02, -9.9468572971318997e-04,
       1.6448003429794193e-03, -3.1164985765511365e-04,
       3.5195408316194161e-04 ]
P1: !!opencv-matrix
   rows: 3
   cols: 4
   dt: f
   data: [ 3.79592346e+02, 0., 4.07641541e+02, 0., 0., 3.79592346e+02,
       2.33126205e+02, 0., 0., 0., 1., 0. ]
R1: !!opencv-matrix
   rows: 3
   cols: 3
   dt: f
   data: [ 9.98337090e-01, -5.64597696e-02, -1.16339372e-02,
       5.62026836e-02, 9.98190999e-01, -2.13525351e-02, 1.28184510e-02,
       2.06631701e-02, 9.99704301e-01 ]
K2: !!opencv-matrix
   rows: 3
   cols: 3
   dt: d
   data: [ 3.6687495098581172e+02, 0., 3.7621769200552956e+02, 0.,
       3.6726361788508825e+02, 2.2399932895774910e+02, 0., 0., 1. ]
D2: !!opencv-matrix
   rows: 5
   cols: 1
   dt: d
   data: [ -2.2201337830972428e-02, -1.1445843221826492e-03,
       2.9199201696882579e-04, -7.1705872414221615e-04,
       5.1284674356775366e-04 ]
P2: !!opencv-matrix
   rows: 3
   cols: 4
   dt: f
   data: [ 3.79592346e+02, 0., 4.07641541e+02, -6.80881094e+04, 0.,
       3.79592346e+02, 2.33126205e+02, 0., 0., 0., 1., 0. ]
R2: !!opencv-matrix
   rows: 3
   cols: 3
   dt: f
   data: [ 9.96015489e-01, -6.32491633e-02, -6.28699958e-02,
       6.45577908e-02, 9.97732997e-01, 1.90041307e-02, 6.15254715e-02,
       -2.29871590e-02, 9.97840762e-01 ]
