%YAML:1.0
---
Q: !!opencv-matrix
   rows: 4
   cols: 4
   dt: f
   data: [ 1., 0., 0., -4.07772461e+02, 0., 1., 0., -2.33130844e+02, 0.,
       0., 0., 3.79555450e+02, 0., 0., 5.61752496e-03, 0. ]
R: !!opencv-matrix
   rows: 3
   cols: 3
   dt: d
   data: [ 1.0021722052678053e+00, 9.3638778108278767e-03,
       4.8484950293381207e-02, -7.5152571977642165e-03,
       1.0010733477419000e+00, -4.3627019245221846e-02,
       -4.9234494889003673e-02, 4.3242393132225658e-02,
       9.9991842036556233e-01 ]
T: !!opencv-matrix
   rows: 3
   cols: 1
   dt: d
   data: [ -1.7865696067011322e+02, 1.1345107239487319e+01,
       1.1277095653472264e+01 ]
E: !!opencv-matrix
   rows: 0
   cols: 0
   dt: u
   data: []
F: !!opencv-matrix
   rows: 0
   cols: 0
   dt: u
   data: []
K1: !!opencv-matrix
   rows: 3
   cols: 3
   dt: d
   data: [ 3.6627756984521932e+02, 0., 3.8060969928433269e+02, 0.,
       3.6653175179255015e+02, 2.3878059668569790e+02, 0., 0., 1. ]
D1: !!opencv-matrix
   rows: 5
   cols: 1
   dt: d
   data: [ -2.1859934914563901e-02, -9.9468572971318997e-04,
       1.6448003429794193e-03, -3.1164985765511365e-04,
       3.5195408316194161e-04 ]
P1: !!opencv-matrix
   rows: 3
   cols: 4
   dt: f
   data: [ 3.79555450e+02, 0., 4.07772461e+02, 0., 0., 3.79555450e+02,
       2.33130844e+02, 0., 0., 0., 1., 0. ]
R1: !!opencv-matrix
   rows: 3
   cols: 3
   dt: f
   data: [ 9.98336494e-01, -5.64008728e-02, -1.19685214e-02,
       5.61368279e-02, 9.98194635e-01, -2.13566646e-02, 1.31514482e-02,
       2.06492618e-02, 9.99700308e-01 ]
K2: !!opencv-matrix
   rows: 3
   cols: 3
   dt: d
   data: [ 3.6687495098581172e+02, 0., 3.7621769200552956e+02, 0.,
       3.6726361788508825e+02, 2.2399932895774910e+02, 0., 0., 1. ]
D2: !!opencv-matrix
   rows: 5
   cols: 1
   dt: d
   data: [ -2.2201337830972428e-02, -1.1445843221826492e-03,
       2.9199201696882579e-04, -7.1705872414221615e-04,
       5.1284674356775366e-04 ]
P2: !!opencv-matrix
   rows: 3
   cols: 4
   dt: f
   data: [ 3.79555450e+02, 0., 4.07772461e+02, -6.75663125e+04, 0.,
       3.79555450e+02, 2.33130844e+02, 0., 0., 0., 1., 0. ]
R2: !!opencv-matrix
   rows: 3
   cols: 3
   dt: f
   data: [ 9.96015489e-01, -6.32491633e-02, -6.28700033e-02,
       6.45575002e-02, 9.97733116e-01, 1.89992469e-02, 6.15257993e-02,
       -2.29822751e-02, 9.97840881e-01 ]
