%YAML:1.0
---
Q: !!opencv-matrix
   rows: 4
   cols: 4
   dt: f
   data: [ 1., 0., 0., -4.13328613e+02, 0., 1., 0., -2.33903046e+02, 0.,
       0., 0., 3.67571075e+02, 0., 0., 5.90633452e-01, 0. ]
R: !!opencv-matrix
   rows: 3
   cols: 3
   dt: d
   data: [ 1.0606040098751301e+00, -5.6052286119634323e-02,
       1.8862606830270315e-02, 4.7404999572203510e-02,
       1.0587005943213597e+00, -4.4095167251616121e-02,
       -4.9703199358824564e-02, 4.9070891870073026e-02,
       1.0598970796137426e+00 ]
T: !!opencv-matrix
   rows: 3
   cols: 1
   dt: d
   data: [ -9.4373088525571691e-01, 5.9929260183679244e-02,
       5.9577418159057302e-02 ]
E: !!opencv-matrix
   rows: 0
   cols: 0
   dt: u
   data: []
F: !!opencv-matrix
   rows: 0
   cols: 0
   dt: u
   data: []
K1: !!opencv-matrix
   rows: 3
   cols: 3
   dt: d
   data: [ 3.6627756984521932e+02, 0., 3.8060969928433269e+02, 0.,
       3.6653175179255015e+02, 2.3878059668569790e+02, 0., 0., 1. ]
D1: !!opencv-matrix
   rows: 5
   cols: 1
   dt: d
   data: [ -2.1859934914563901e-02, -9.9468572971318997e-04,
       1.6448003429794193e-03, -3.1164985765511365e-04,
       3.5195408316194161e-04 ]
P1: !!opencv-matrix
   rows: 3
   cols: 4
   dt: f
   data: [ 3.67571075e+02, 0., 4.13328613e+02, 0., 0., 3.67571075e+02,
       2.33903046e+02, 0., 0., 0., 1., 0. ]
R1: !!opencv-matrix
   rows: 3
   cols: 3
   dt: f
   data: [ 9.93164539e-01, -1.13813274e-01, -2.58976351e-02,
       1.13258086e-01, 9.93322372e-01, -2.19845138e-02, 2.82268282e-02,
       1.89011227e-02, 9.99422848e-01 ]
K2: !!opencv-matrix
   rows: 3
   cols: 3
   dt: d
   data: [ 3.6687495098581172e+02, 0., 3.7621769200552956e+02, 0.,
       3.6726361788508825e+02, 2.2399932895774910e+02, 0., 0., 1. ]
D2: !!opencv-matrix
   rows: 5
   cols: 1
   dt: d
   data: [ -2.2201337830972428e-02, -1.1445843221826492e-03,
       2.9199201696882579e-04, -7.1705872414221615e-04,
       5.1284674356775366e-04 ]
P2: !!opencv-matrix
   rows: 3
   cols: 4
   dt: f
   data: [ 3.67571075e+02, 0., 4.13328613e+02, -6.22333679e+02, 0.,
       3.67571075e+02, 2.33903046e+02, 0., 0., 0., 1., 0. ]
R2: !!opencv-matrix
   rows: 3
   cols: 3
   dt: f
   data: [ 9.96015012e-01, -6.32494316e-02, -6.28780946e-02,
       6.45250306e-02, 9.97745216e-01, 1.84656195e-02, 6.15683794e-02,
       -2.24492457e-02, 9.97850358e-01 ]
