%YAML:1.0
---
Q: !!opencv-matrix
   rows: 4
   cols: 4
   dt: f
   data: [ 1., 0., 0., -4.29411896e+02, 0., 1., 0., -2.33900116e+02, 0.,
       0., 0., 3.65848389e+02, 0., 0., 5.46498736e-03, 0. ]
R: !!opencv-matrix
   rows: 3
   cols: 3
   dt: d
   data: [ 9.9936840291216578e-01, 1.0369179972262475e-02,
       -3.3483336580063350e-03, -9.6392231777680335e-03,
       9.9999488618259402e-01, 9.2481671553155346e-03,
       3.2881829516418926e-03, -9.2463986453410977e-03,
       1.0000906773841363e+00 ]
T: !!opencv-matrix
   rows: 3
   cols: 1
   dt: d
   data: [ -1.8221358360168139e+02, 1.1571147866357798e+01,
       1.1502410922360866e+01 ]
E: !!opencv-matrix
   rows: 0
   cols: 0
   dt: u
   data: []
F: !!opencv-matrix
   rows: 0
   cols: 0
   dt: u
   data: []
K1: !!opencv-matrix
   rows: 3
   cols: 3
   dt: d
   data: [ 3.6627756984521932e+02, 0., 3.8060969928433269e+02, 0.,
       3.6653175179255015e+02, 2.3878059668569790e+02, 0., 0., 1. ]
D1: !!opencv-matrix
   rows: 5
   cols: 1
   dt: d
   data: [ -2.1859934914563901e-02, -9.9468572971318997e-04,
       1.6448003429794193e-03, -3.1164985765511365e-04,
       3.5195408316194161e-04 ]
P1: !!opencv-matrix
   rows: 3
   cols: 4
   dt: f
   data: [ 3.65848389e+02, 0., 4.29411896e+02, 0., 0., 3.65848389e+02,
       2.33900116e+02, 0., 0., 0., 1., 0. ]
R1: !!opencv-matrix
   rows: 3
   cols: 3
   dt: f
   data: [ 9.96387124e-01, -5.24177104e-02, -6.68211281e-02,
       5.27124330e-02, 9.98606205e-01, 2.65394268e-03, 6.65888786e-02,
       -6.16665836e-03, 9.97761428e-01 ]
K2: !!opencv-matrix
   rows: 3
   cols: 3
   dt: d
   data: [ 3.6687495098581172e+02, 0., 3.7621769200552956e+02, 0.,
       3.6726361788508825e+02, 2.2399932895774910e+02, 0., 0., 1. ]
D2: !!opencv-matrix
   rows: 5
   cols: 1
   dt: d
   data: [ -2.2201337830972428e-02, -1.1445843221826492e-03,
       2.9199201696882579e-04, -7.1705872414221615e-04,
       5.1284674356775366e-04 ]
P2: !!opencv-matrix
   rows: 3
   cols: 4
   dt: f
   data: [ 3.65848389e+02, 0., 4.29411896e+02, -6.69440469e+04, 0.,
       3.65848389e+02, 2.33900116e+02, 0., 0., 0., 1., 0. ]
R2: !!opencv-matrix
   rows: 3
   cols: 3
   dt: f
   data: [ 9.96015191e-01, -6.32501617e-02, -6.28744364e-02,
       6.29717261e-02, 9.97994781e-01, -6.40230160e-03, 6.31533042e-02,
       2.41747801e-03, 9.98000920e-01 ]
