%YAML:1.0
---
Q: !!opencv-matrix
   rows: 4
   cols: 4
   dt: f
   data: [ 1., 0., 0., -4.07634857e+02, 0., 1., 0., -2.33125488e+02, 0.,
       0., 0., 3.79611786e+02, 0., 0., 5.58758713e-03, 0. ]
R: !!opencv-matrix
   rows: 3
   cols: 3
   dt: d
   data: [ 1.0012609490925937e+00, 9.5782803565204137e-03,
       4.8647683127805534e-02, -7.4516869269153430e-03,
       1.0011604206645557e+00, -4.3641457456748779e-02,
       -4.9175416546325984e-02, 4.3233198924429235e-02,
       1.0000087829149920e+00 ]
T: !!opencv-matrix
   rows: 3
   cols: 1
   dt: d
   data: [ -1.7825336134557580e+02, 1.1319504166691420e+01,
       1.1252276251969217e+01 ]
E: !!opencv-matrix
   rows: 0
   cols: 0
   dt: u
   data: []
F: !!opencv-matrix
   rows: 0
   cols: 0
   dt: u
   data: []
K1: !!opencv-matrix
   rows: 3
   cols: 3
   dt: d
   data: [ 3.6627756984521932e+02, 0., 3.8060969928433269e+02, 0.,
       3.6653175179255015e+02, 2.3878059668569790e+02, 0., 0., 1. ]
D1: !!opencv-matrix
   rows: 5
   cols: 1
   dt: d
   data: [ -2.1859934914563901e-02, -9.9468572971318997e-04,
       1.6448003429794193e-03, -3.1164985765511365e-04,
       3.5195408316194161e-04 ]
P1: !!opencv-matrix
   rows: 3
   cols: 4
   dt: f
   data: [ 3.79611786e+02, 0., 4.07634857e+02, 0., 0., 3.79611786e+02,
       2.33125488e+02, 0., 0., 0., 1., 0. ]
R1: !!opencv-matrix
   rows: 3
   cols: 3
   dt: f
   data: [ 9.98341799e-01, -5.63811585e-02, -1.16134835e-02,
       5.61245158e-02, 9.98195469e-01, -2.13516057e-02, 1.27963545e-02,
       2.06643976e-02, 9.99704599e-01 ]
K2: !!opencv-matrix
   rows: 3
   cols: 3
   dt: d
   data: [ 3.6687495098581172e+02, 0., 3.7621769200552956e+02, 0.,
       3.6726361788508825e+02, 2.2399932895774910e+02, 0., 0., 1. ]
D2: !!opencv-matrix
   rows: 5
   cols: 1
   dt: d
   data: [ -2.2201337830972428e-02, -1.1445843221826492e-03,
       2.9199201696882579e-04, -7.1705872414221615e-04,
       5.1284674356775366e-04 ]
P2: !!opencv-matrix
   rows: 3
   cols: 4
   dt: f
   data: [ 3.79611786e+02, 0., 4.07634857e+02, -6.79384063e+04, 0.,
       3.79611786e+02, 2.33125488e+02, 0., 0., 0., 1., 0. ]
R2: !!opencv-matrix
   rows: 3
   cols: 3
   dt: f
   data: [ 9.96015251e-01, -6.32492900e-02, -6.28736466e-02,
       6.45580143e-02, 9.97732997e-01, 1.90041326e-02, 6.15291148e-02,
       -2.29874030e-02, 9.97840524e-01 ]
