%YAML:1.0
---
Q: !!opencv-matrix
   rows: 4
   cols: 4
   dt: f
   data: [ 1., 0., 0., -4.29539764e+02, 0., 1., 0., -2.33895264e+02, 0.,
       0., 0., 3.65875275e+02, 0., 0., 5.36598684e-03, 0. ]
R: !!opencv-matrix
   rows: 3
   cols: 3
   dt: d
   data: [ 9.9083580570648488e-01, 1.2035211020106837e-02,
       -2.9541835937526291e-03, -8.9461670059385046e-03,
       1.0026992461903068e+00, 9.2485190936285201e-03,
       4.0131240418256045e-03, -9.3755008545823477e-03,
       1.0028739684203292e+00 ]
T: !!opencv-matrix
   rows: 3
   cols: 1
   dt: d
   data: [ -1.8707959427403918e+02, 1.1880066627322885e+01,
       1.1808422169694746e+01 ]
E: !!opencv-matrix
   rows: 0
   cols: 0
   dt: u
   data: []
F: !!opencv-matrix
   rows: 0
   cols: 0
   dt: u
   data: []
K1: !!opencv-matrix
   rows: 3
   cols: 3
   dt: d
   data: [ 3.6627756984521932e+02, 0., 3.8060969928433269e+02, 0.,
       3.6653175179255015e+02, 2.3878059668569790e+02, 0., 0., 1. ]
D1: !!opencv-matrix
   rows: 5
   cols: 1
   dt: d
   data: [ -2.1859934914563901e-02, -9.9468572971318997e-04,
       1.6448003429794193e-03, -3.1164985765511365e-04,
       3.5195408316194161e-04 ]
P1: !!opencv-matrix
   rows: 3
   cols: 4
   dt: f
   data: [ 3.65875275e+02, 0., 4.29539764e+02, 0., 0., 3.65875275e+02,
       2.33895264e+02, 0., 0., 0., 1., 0. ]
R1: !!opencv-matrix
   rows: 3
   cols: 3
   dt: f
   data: [ 9.96389627e-01, -5.19555919e-02, -6.71443269e-02,
       5.22525534e-02, 9.98630345e-01, 2.67291977e-03, 6.69134930e-02,
       -6.17173221e-03, 9.97739673e-01 ]
K2: !!opencv-matrix
   rows: 3
   cols: 3
   dt: d
   data: [ 3.6687495098581172e+02, 0., 3.7621769200552956e+02, 0.,
       3.6726361788508825e+02, 2.2399932895774910e+02, 0., 0., 1. ]
D2: !!opencv-matrix
   rows: 5
   cols: 1
   dt: d
   data: [ -2.2201337830972428e-02, -1.1445843221826492e-03,
       2.9199201696882579e-04, -7.1705872414221615e-04,
       5.1284674356775366e-04 ]
P2: !!opencv-matrix
   rows: 3
   cols: 4
   dt: f
   data: [ 3.65875275e+02, 0., 4.29539764e+02, -6.81841563e+04, 0.,
       3.65875275e+02, 2.33895264e+02, 0., 0., 0., 1., 0. ]
R2: !!opencv-matrix
   rows: 3
   cols: 3
   dt: f
   data: [ 9.96015608e-01, -6.32497147e-02, -6.28682822e-02,
       6.29705414e-02, 9.97994781e-01, -6.41411496e-03, 6.31479025e-02,
       2.42970837e-03, 9.98001218e-01 ]
