%YAML:1.0
---
Q: !!opencv-matrix
   rows: 4
   cols: 4
   dt: f
   data: [ 1., 0., 0., -4.09536102e+02, 0., 1., 0., -2.33569443e+02, 0.,
       0., 0., 3.69663452e+02, 0., 0., 1.85111478e-01, 0. ]
R: !!opencv-matrix
   rows: 3
   cols: 3
   dt: d
   data: [ 1.0415343754055506e+00, -4.4373975661903785e-02,
       3.8545439683137027e-02, 4.6683175555179104e-02,
       1.0401873954848411e+00, -4.4622559414219595e-02,
       -4.8790274311962034e-02, 4.7566676792238381e-02,
       1.0407831042801887e+00 ]
T: !!opencv-matrix
   rows: 3
   cols: 1
   dt: d
   data: [ -4.7825768170658254e+00, 3.0370539341197406e-01,
       3.0187293356401007e-01 ]
E: !!opencv-matrix
   rows: 0
   cols: 0
   dt: u
   data: []
F: !!opencv-matrix
   rows: 0
   cols: 0
   dt: u
   data: []
K1: !!opencv-matrix
   rows: 3
   cols: 3
   dt: d
   data: [ 3.6627756984521932e+02, 0., 3.8060969928433269e+02, 0.,
       3.6653175179255015e+02, 2.3878059668569790e+02, 0., 0., 1. ]
D1: !!opencv-matrix
   rows: 5
   cols: 1
   dt: d
   data: [ -2.1859934914563901e-02, -9.9468572971318997e-04,
       1.6448003429794193e-03, -3.1164985765511365e-04,
       3.5195408316194161e-04 ]
P1: !!opencv-matrix
   rows: 3
   cols: 4
   dt: f
   data: [ 3.69663452e+02, 0., 4.09536102e+02, 0., 0., 3.69663452e+02,
       2.33569443e+02, 0., 0., 0., 1., 0. ]
R1: !!opencv-matrix
   rows: 3
   cols: 3
   dt: f
   data: [ 9.94029522e-01, -1.07895270e-01, -1.62470248e-02,
       1.07534796e-01, 9.93965924e-01, -2.16324590e-02, 1.84830297e-02,
       1.97561812e-02, 9.99633968e-01 ]
K2: !!opencv-matrix
   rows: 3
   cols: 3
   dt: d
   data: [ 3.6687495098581172e+02, 0., 3.7621769200552956e+02, 0.,
       3.6726361788508825e+02, 2.2399932895774910e+02, 0., 0., 1. ]
D2: !!opencv-matrix
   rows: 5
   cols: 1
   dt: d
   data: [ -2.2201337830972428e-02, -1.1445843221826492e-03,
       2.9199201696882579e-04, -7.1705872414221615e-04,
       5.1284674356775366e-04 ]
P2: !!opencv-matrix
   rows: 3
   cols: 4
   dt: f
   data: [ 3.69663452e+02, 0., 4.09536102e+02, -1.99697754e+03, 0.,
       3.69663452e+02, 2.33569443e+02, 0., 0., 0., 1., 0. ]
R2: !!opencv-matrix
   rows: 3
   cols: 3
   dt: f
   data: [ 9.96015608e-01, -6.32494390e-02, -6.28678128e-02,
       6.45400807e-02, 9.97739673e-01, 1.87131576e-02, 6.15421124e-02,
       -2.26960927e-02, 9.97846425e-01 ]
