%YAML:1.0
---
Q: !!opencv-matrix
   rows: 4
   cols: 4
   dt: f
   data: [ 1., 0., 0., -4.28122223e+02, 0., 1., 0., -2.33931793e+02, 0.,
       0., 0., 3.72315765e+02, 0., 0., 5.48389833e-03, 0. ]
R: !!opencv-matrix
   rows: 3
   cols: 3
   dt: d
   data: [ 1.0011049249404860e+00, 9.4747616170958952e-03,
       -3.3006639465514801e-03, -9.6887367082718681e-03,
       1.0002811994863492e+00, -4.3186294351991596e-02,
       3.2535072643554677e-03, 4.3200960969947515e-02,
       1.0002939983156858e+00 ]
T: !!opencv-matrix
   rows: 3
   cols: 1
   dt: d
   data: [ -1.8162301379095140e+02, 1.1533495810884920e+01,
       1.1465036565401343e+01 ]
E: !!opencv-matrix
   rows: 0
   cols: 0
   dt: u
   data: []
F: !!opencv-matrix
   rows: 0
   cols: 0
   dt: u
   data: []
K1: !!opencv-matrix
   rows: 3
   cols: 3
   dt: d
   data: [ 3.6627756984521932e+02, 0., 3.8060969928433269e+02, 0.,
       3.6653175179255015e+02, 2.3878059668569790e+02, 0., 0., 1. ]
D1: !!opencv-matrix
   rows: 5
   cols: 1
   dt: d
   data: [ -2.1859934914563901e-02, -9.9468572971318997e-04,
       1.6448003429794193e-03, -3.1164985765511365e-04,
       3.5195408316194161e-04 ]
P1: !!opencv-matrix
   rows: 3
   cols: 4
   dt: f
   data: [ 3.72315765e+02, 0., 4.28122223e+02, 0., 0., 3.72315765e+02,
       2.33931793e+02, 0., 0., 0., 1., 0. ]
R1: !!opencv-matrix
   rows: 3
   cols: 3
   dt: f
   data: [ 9.96385992e-01, -5.64625710e-02, -6.34578317e-02,
       5.50673194e-02, 9.98205423e-01, -2.35264823e-02, 6.46723136e-02,
       1.99470054e-02, 9.97707188e-01 ]
K2: !!opencv-matrix
   rows: 3
   cols: 3
   dt: d
   data: [ 3.6687495098581172e+02, 0., 3.7621769200552956e+02, 0.,
       3.6726361788508825e+02, 2.2399932895774910e+02, 0., 0., 1. ]
D2: !!opencv-matrix
   rows: 5
   cols: 1
   dt: d
   data: [ -2.2201337830972428e-02, -1.1445843221826492e-03,
       2.9199201696882579e-04, -7.1705872414221615e-04,
       5.1284674356775366e-04 ]
P2: !!opencv-matrix
   rows: 3
   cols: 4
   dt: f
   data: [ 3.72315765e+02, 0., 4.28122223e+02, -6.78925313e+04, 0.,
       3.72315765e+02, 2.33931793e+02, 0., 0., 0., 1., 0. ]
R2: !!opencv-matrix
   rows: 3
   cols: 3
   dt: f
   data: [ 9.96015251e-01, -6.32493496e-02, -6.28739223e-02,
       6.46036267e-02, 9.97715652e-01, 1.97431184e-02, 6.14815578e-02,
       -2.37263311e-02, 9.97826159e-01 ]
