%YAML:1.0
---
Q: !!opencv-matrix
   rows: 4
   cols: 4
   dt: f
   data: [ 1., 0., 0., -4.11364136e+02, 0., 1., 0., -2.33706421e+02, 0.,
       0., 0., 3.69015137e+02, 0., 0., 2.90376782e-01, 0. ]
R: !!opencv-matrix
   rows: 3
   cols: 3
   dt: d
   data: [ 1.0570250451484333e+00, -4.5228283203110800e-02,
       2.1641329502355543e-02, 4.7387340515995406e-02,
       1.0557609331575624e+00, -4.4180051982599611e-02,
       -4.9514448976441666e-02, 4.8290307104414273e-02,
       1.0574568324262830e+00 ]
T: !!opencv-matrix
   rows: 3
   cols: 1
   dt: d
   data: [ -1.7228862136508190e+00, 1.0940751301945142e-01,
       1.0874738359984086e-01 ]
E: !!opencv-matrix
   rows: 0
   cols: 0
   dt: u
   data: []
F: !!opencv-matrix
   rows: 0
   cols: 0
   dt: u
   data: []
K1: !!opencv-matrix
   rows: 3
   cols: 3
   dt: d
   data: [ 3.6627756984521932e+02, 0., 3.8060969928433269e+02, 0.,
       3.6653175179255015e+02, 2.3878059668569790e+02, 0., 0., 1. ]
D1: !!opencv-matrix
   rows: 5
   cols: 1
   dt: d
   data: [ -2.1859934914563901e-02, -9.9468572971318997e-04,
       1.6448003429794193e-03, -3.1164985765511365e-04,
       3.5195408316194161e-04 ]
P1: !!opencv-matrix
   rows: 3
   cols: 4
   dt: f
   data: [ 3.69015137e+02, 0., 4.11364136e+02, 0., 0., 3.69015137e+02,
       2.33706421e+02, 0., 0., 0., 1., 0. ]
R1: !!opencv-matrix
   rows: 3
   cols: 3
   dt: f
   data: [ 9.93885934e-01, -1.08412854e-01, -2.09155008e-02,
       1.07958272e-01, 9.93917167e-01, -2.17634924e-02, 2.31477171e-02,
       1.93724260e-02, 9.99544322e-01 ]
K2: !!opencv-matrix
   rows: 3
   cols: 3
   dt: d
   data: [ 3.6687495098581172e+02, 0., 3.7621769200552956e+02, 0.,
       3.6726361788508825e+02, 2.2399932895774910e+02, 0., 0., 1. ]
D2: !!opencv-matrix
   rows: 5
   cols: 1
   dt: d
   data: [ -2.2201337830972428e-02, -1.1445843221826492e-03,
       2.9199201696882579e-04, -7.1705872414221615e-04,
       5.1284674356775366e-04 ]
P2: !!opencv-matrix
   rows: 3
   cols: 4
   dt: f
   data: [ 3.69015137e+02, 0., 4.11364136e+02, -1.27081494e+03, 0.,
       3.69015137e+02, 2.33706421e+02, 0., 0., 0., 1., 0. ]
R2: !!opencv-matrix
   rows: 3
   cols: 3
   dt: f
   data: [ 9.96015608e-01, -6.32494465e-02, -6.28678203e-02,
       6.45323321e-02, 9.97742474e-01, 1.85874682e-02, 6.15502447e-02,
       -2.25704163e-02, 9.97848749e-01 ]
