%YAML:1.0
---
Q: !!opencv-matrix
   rows: 4
   cols: 4
   dt: f
   data: [ 1., 0., 0., -3.83190125e+02, 0., 1., 0., -2.32193054e+02, 0.,
       0., 0., 3.61821716e+02, 0., 0., 5.57103474e-03, 0. ]
R: !!opencv-matrix
   rows: 3
   cols: 3
   dt: d
   data: [ 9.9994512047910922e-01, 9.7345239210676875e-03,
       -3.1664888089338382e-03, -9.6815417960771939e-03,
       9.9992835691174864e-01, 9.2356540603881886e-03,
       3.2435109232911786e-03, -9.2039717830153540e-03,
       9.9997163136270395e-01 ]
T: !!opencv-matrix
   rows: 3
   cols: 1
   dt: d
   data: [ -1.7914017186003889e+02, 1.1375869452292017e+01,
       7.6903385250754086e-01 ]
E: !!opencv-matrix
   rows: 0
   cols: 0
   dt: u
   data: []
F: !!opencv-matrix
   rows: 0
   cols: 0
   dt: u
   data: []
K1: !!opencv-matrix
   rows: 3
   cols: 3
   dt: d
   data: [ 3.6627756984521932e+02, 0., 3.8060969928433269e+02, 0.,
       3.6653175179255015e+02, 2.3878059668569790e+02, 0., 0., 1. ]
D1: !!opencv-matrix
   rows: 5
   cols: 1
   dt: d
   data: [ -2.1859934914563901e-02, -9.9468572971318997e-04,
       1.6448003429794193e-03, -3.1164985765511365e-04,
       3.5195408316194161e-04 ]
P1: !!opencv-matrix
   rows: 3
   cols: 4
   dt: f
   data: [ 3.61821716e+02, 0., 3.83190125e+02, 0., 0., 3.61821716e+02,
       2.32193054e+02, 0., 0., 0., 1., 0. ]
R1: !!opencv-matrix
   rows: 3
   cols: 3
   dt: f
   data: [ 9.98529017e-01, -5.36231734e-02, -8.02590605e-03,
       5.36591187e-02, 9.98549938e-01, 4.33230028e-03, 7.78195634e-03,
       -4.75659035e-03, 9.99958396e-01 ]
K2: !!opencv-matrix
   rows: 3
   cols: 3
   dt: d
   data: [ 3.6687495098581172e+02, 0., 3.7621769200552956e+02, 0.,
       3.6726361788508825e+02, 2.2399932895774910e+02, 0., 0., 1. ]
D2: !!opencv-matrix
   rows: 5
   cols: 1
   dt: d
   data: [ -2.2201337830972428e-02, -1.1445843221826492e-03,
       2.9199201696882579e-04, -7.1705872414221615e-04,
       5.1284674356775366e-04 ]
P2: !!opencv-matrix
   rows: 3
   cols: 4
   dt: f
   data: [ 3.61821716e+02, 0., 3.83190125e+02, -6.49469531e+04, 0.,
       3.61821716e+02, 2.32193054e+02, 0., 0., 0., 1., 0. ]
R2: !!opencv-matrix
   rows: 3
   cols: 3
   dt: f
   data: [ 9.97980654e-01, -6.33743778e-02, -4.28424776e-03,
       6.33542389e-02, 9.97980118e-01, -4.68426384e-03, 4.57245624e-03,
       4.40337928e-03, 9.99979854e-01 ]
