%YAML:1.0
---
Q: !!opencv-matrix
   rows: 4
   cols: 4
   dt: f
   data: [ 1., 0., 0., -4.14215485e+02, 0., 1., 0., -2.33384140e+02, 0.,
       0., 0., 3.77054840e+02, 0., 0., 1.51461735e-01, 0. ]
R: !!opencv-matrix
   rows: 3
   cols: 3
   dt: d
   data: [ 1.0396004285943954e+00, -4.3268689514285537e-02,
       4.0726420855103786e-02, 4.6521486826328499e-02,
       1.0375013371536135e+00, -4.4654707453211290e-02,
       -4.8710947757096140e-02, 4.7384028004378367e-02,
       1.0380148296103984e+00 ]
T: !!opencv-matrix
   rows: 3
   cols: 1
   dt: d
   data: [ -5.3806260053772768e+00, 3.4168298495097982e-01,
       3.3962136602590626e-01 ]
E: !!opencv-matrix
   rows: 0
   cols: 0
   dt: u
   data: []
F: !!opencv-matrix
   rows: 0
   cols: 0
   dt: u
   data: []
K1: !!opencv-matrix
   rows: 3
   cols: 3
   dt: d
   data: [ 3.6627756984521932e+02, 0., 3.8060969928433269e+02, 0.,
       3.6653175179255015e+02, 2.3878059668569790e+02, 0., 0., 1. ]
D1: !!opencv-matrix
   rows: 5
   cols: 1
   dt: d
   data: [ -2.1859934914563901e-02, -9.9468572971318997e-04,
       1.6448003429794193e-03, -3.1164985765511365e-04,
       3.5195408316194161e-04 ]
P1: !!opencv-matrix
   rows: 3
   cols: 4
   dt: f
   data: [ 3.77054840e+02, 0., 4.14215485e+02, 0., 0., 3.77054840e+02,
       2.33384140e+02, 0., 0., 0., 1., 0. ]
R1: !!opencv-matrix
   rows: 3
   cols: 3
   dt: f
   data: [ 9.97974098e-01, -5.69381788e-02, -2.83857230e-02,
       5.63356914e-02, 9.98178363e-01, -2.15917323e-02, 2.95634083e-02,
       1.99488606e-02, 9.99363840e-01 ]
K2: !!opencv-matrix
   rows: 3
   cols: 3
   dt: d
   data: [ 3.6687495098581172e+02, 0., 3.7621769200552956e+02, 0.,
       3.6726361788508825e+02, 2.2399932895774910e+02, 0., 0., 1. ]
D2: !!opencv-matrix
   rows: 5
   cols: 1
   dt: d
   data: [ -2.2201337830972428e-02, -1.1445843221826492e-03,
       2.9199201696882579e-04, -7.1705872414221615e-04,
       5.1284674356775366e-04 ]
P2: !!opencv-matrix
   rows: 3
   cols: 4
   dt: f
   data: [ 3.77054840e+02, 0., 4.14215485e+02, -2.48943945e+03, 0.,
       3.77054840e+02, 2.33384140e+02, 0., 0., 0., 1., 0. ]
R2: !!opencv-matrix
   rows: 3
   cols: 3
   dt: f
   data: [ 9.96015310e-01, -6.32483736e-02, -6.28741458e-02,
       6.45425692e-02, 9.97738421e-01, 1.87684745e-02, 6.15448728e-02,
       -2.27517467e-02, 9.97844994e-01 ]
