%YAML:1.0
---
Q: !!opencv-matrix
   rows: 4
   cols: 4
   dt: f
   data: [ 1., 0., 0., -4.07682312e+02, 0., 1., 0., -2.33439301e+02, 0.,
       0., 0., 3.70129242e+02, 0., 0., 5.40968776e-03, 0. ]
R: !!opencv-matrix
   rows: 3
   cols: 3
   dt: d
   data: [ 1.0007646837327882e+00, -4.2808605046846436e-02,
       4.8819252273219330e-02, 4.5011270084328252e-02,
       1.0009106883751986e+00, -4.3682181779453724e-02,
       -4.6856989189842373e-02, 4.5777553256727173e-02,
       1.0007362338311188e+00 ]
T: !!opencv-matrix
   rows: 3
   cols: 1
   dt: d
   data: [ -1.8424075437363848e+02, 1.1699691904775934e+01,
       1.1630026359376686e+01 ]
E: !!opencv-matrix
   rows: 0
   cols: 0
   dt: u
   data: []
F: !!opencv-matrix
   rows: 0
   cols: 0
   dt: u
   data: []
K1: !!opencv-matrix
   rows: 3
   cols: 3
   dt: d
   data: [ 3.6627756984521932e+02, 0., 3.8060969928433269e+02, 0.,
       3.6653175179255015e+02, 2.3878059668569790e+02, 0., 0., 1. ]
D1: !!opencv-matrix
   rows: 5
   cols: 1
   dt: d
   data: [ -2.1859934914563901e-02, -9.9468572971318997e-04,
       1.6448003429794193e-03, -3.1164985765511365e-04,
       3.5195408316194161e-04 ]
P1: !!opencv-matrix
   rows: 3
   cols: 4
   dt: f
   data: [ 3.70129242e+02, 0., 4.07682312e+02, 0., 0., 3.70129242e+02,
       2.33439301e+02, 0., 0., 0., 1., 0. ]
R1: !!opencv-matrix
   rows: 3
   cols: 3
   dt: f
   data: [ 9.94025111e-01, -1.08544588e-01, -1.14982193e-02,
       1.08280733e-01, 9.93887603e-01, -2.15119980e-02, 1.37629481e-02,
       2.01384295e-02, 9.99702454e-01 ]
K2: !!opencv-matrix
   rows: 3
   cols: 3
   dt: d
   data: [ 3.6687495098581172e+02, 0., 3.7621769200552956e+02, 0.,
       3.6726361788508825e+02, 2.2399932895774910e+02, 0., 0., 1. ]
D2: !!opencv-matrix
   rows: 5
   cols: 1
   dt: d
   data: [ -2.2201337830972428e-02, -1.1445843221826492e-03,
       2.9199201696882579e-04, -7.1705872414221615e-04,
       5.1284674356775366e-04 ]
P2: !!opencv-matrix
   rows: 3
   cols: 4
   dt: f
   data: [ 3.70129242e+02, 0., 4.07682312e+02, -6.84197031e+04, 0.,
       3.70129242e+02, 2.33439301e+02, 0., 0., 0., 1., 0. ]
R2: !!opencv-matrix
   rows: 3
   cols: 3
   dt: f
   data: [ 9.96015370e-01, -6.32491559e-02, -6.28725439e-02,
       6.45479783e-02, 9.97736692e-01, 1.88440010e-02, 6.15383759e-02,
       -2.28272099e-02, 9.97843623e-01 ]
