%YAML:1.0
---
Q: !!opencv-matrix
   rows: 4
   cols: 4
   dt: f
   data: [ 1., 0., 0., -4.07591675e+02, 0., 1., 0., -2.33123871e+02, 0.,
       0., 0., 3.79627228e+02, 0., 0., 5.58548514e-03, 0. ]
R: !!opencv-matrix
   rows: 3
   cols: 3
   dt: d
   data: [ 1.0009867999825379e+00, 9.5960512668861585e-03,
       4.8778252103242978e-02, -7.4296735090683894e-03,
       1.0012414656355415e+00, -4.3653075324596217e-02,
       -4.9156960031095126e-02, 4.3235673085207676e-02,
       1.0000828217264788e+00 ]
T: !!opencv-matrix
   rows: 3
   cols: 1
   dt: d
   data: [ -1.7832207179579865e+02, 1.1323867444341639e+01,
       1.1256613608264065e+01 ]
E: !!opencv-matrix
   rows: 0
   cols: 0
   dt: u
   data: []
F: !!opencv-matrix
   rows: 0
   cols: 0
   dt: u
   data: []
K1: !!opencv-matrix
   rows: 3
   cols: 3
   dt: d
   data: [ 3.6627756984521932e+02, 0., 3.8060969928433269e+02, 0.,
       3.6653175179255015e+02, 2.3878059668569790e+02, 0., 0., 1. ]
D1: !!opencv-matrix
   rows: 5
   cols: 1
   dt: d
   data: [ -2.1859934914563901e-02, -9.9468572971318997e-04,
       1.6448003429794193e-03, -3.1164985765511365e-04,
       3.5195408316194161e-04 ]
P1: !!opencv-matrix
   rows: 3
   cols: 4
   dt: f
   data: [ 3.79627228e+02, 0., 4.07591675e+02, 0., 0., 3.79627228e+02,
       2.33123871e+02, 0., 0., 0., 1., 0. ]
R1: !!opencv-matrix
   rows: 3
   cols: 3
   dt: f
   data: [ 9.98342872e-01, -5.63837513e-02, -1.15032345e-02,
       5.61294071e-02, 9.98195231e-01, -2.13500969e-02, 1.26862722e-02,
       2.06690468e-02, 9.99705911e-01 ]
K2: !!opencv-matrix
   rows: 3
   cols: 3
   dt: d
   data: [ 3.6687495098581172e+02, 0., 3.7621769200552956e+02, 0.,
       3.6726361788508825e+02, 2.2399932895774910e+02, 0., 0., 1. ]
D2: !!opencv-matrix
   rows: 5
   cols: 1
   dt: d
   data: [ -2.2201337830972428e-02, -1.1445843221826492e-03,
       2.9199201696882579e-04, -7.1705872414221615e-04,
       5.1284674356775366e-04 ]
P2: !!opencv-matrix
   rows: 3
   cols: 4
   dt: f
   data: [ 3.79627228e+02, 0., 4.07591675e+02, -6.79667422e+04, 0.,
       3.79627228e+02, 2.33123871e+02, 0., 0., 0., 1., 0. ]
R2: !!opencv-matrix
   rows: 3
   cols: 3
   dt: f
   data: [ 9.96015251e-01, -6.32492900e-02, -6.28736466e-02,
       6.45581037e-02, 9.97732937e-01, 1.90056954e-02, 6.15290143e-02,
       -2.29889657e-02, 9.97840524e-01 ]
