%YAML:1.0
---
Q: !!opencv-matrix
   rows: 4
   cols: 4
   dt: f
   data: [ 1., 0., 0., -3.83178284e+02, 0., 1., 0., -2.32192749e+02, 0.,
       0., 0., 3.61817322e+02, 0., 0., 5.56785520e-03, 0. ]
R: !!opencv-matrix
   rows: 3
   cols: 3
   dt: d
   data: [ 9.9987780558657668e-01, 9.7333429943242296e-03,
       -3.1506802237376255e-03, -9.6720779415351583e-03,
       1.0000251747536120e+00, 9.2355238744846260e-03,
       3.2445027098124382e-03, -9.2050720421731815e-03,
       1.0000686240259680e+00 ]
T: !!opencv-matrix
   rows: 3
   cols: 1
   dt: d
   data: [ -1.7924071926610074e+02, 1.1382294253869265e+01,
       7.6805008775650319e-01 ]
E: !!opencv-matrix
   rows: 0
   cols: 0
   dt: u
   data: []
F: !!opencv-matrix
   rows: 0
   cols: 0
   dt: u
   data: []
K1: !!opencv-matrix
   rows: 3
   cols: 3
   dt: d
   data: [ 3.6627756984521932e+02, 0., 3.8060969928433269e+02, 0.,
       3.6653175179255015e+02, 2.3878059668569790e+02, 0., 0., 1. ]
D1: !!opencv-matrix
   rows: 5
   cols: 1
   dt: d
   data: [ -2.1859934914563901e-02, -9.9468572971318997e-04,
       1.6448003429794193e-03, -3.1164985765511365e-04,
       3.5195408316194161e-04 ]
P1: !!opencv-matrix
   rows: 3
   cols: 4
   dt: f
   data: [ 3.61817322e+02, 0., 3.83178284e+02, 0., 0., 3.61817322e+02,
       2.32192749e+02, 0., 0., 0., 1., 0. ]
R1: !!opencv-matrix
   rows: 3
   cols: 3
   dt: f
   data: [ 9.98527646e-01, -5.36515266e-02, -8.00354499e-03,
       5.36873713e-02, 9.98548388e-01, 4.33261087e-03, 7.75947608e-03,
       -4.75592120e-03, 9.99958575e-01 ]
K2: !!opencv-matrix
   rows: 3
   cols: 3
   dt: d
   data: [ 3.6687495098581172e+02, 0., 3.7621769200552956e+02, 0.,
       3.6726361788508825e+02, 2.2399932895774910e+02, 0., 0., 1. ]
D2: !!opencv-matrix
   rows: 5
   cols: 1
   dt: d
   data: [ -2.2201337830972428e-02, -1.1445843221826492e-03,
       2.9199201696882579e-04, -7.1705872414221615e-04,
       5.1284674356775366e-04 ]
P2: !!opencv-matrix
   rows: 3
   cols: 4
   dt: f
   data: [ 3.61817322e+02, 0., 3.83178284e+02, -6.49832461e+04, 0.,
       3.61817322e+02, 2.32192749e+02, 0., 0., 0., 1., 0. ]
R2: !!opencv-matrix
   rows: 3
   cols: 3
   dt: f
   data: [ 9.97980654e-01, -6.33746013e-02, -4.27635945e-03,
       6.33544996e-02, 9.97980118e-01, -4.68383636e-03, 4.56455769e-03,
       4.40345146e-03, 9.99979913e-01 ]
