%YAML:1.0
---
Q: !!opencv-matrix
   rows: 4
   cols: 4
   dt: f
   data: [ 1., 0., 0., -4.07684998e+02, 0., 1., 0., -2.33439453e+02, 0.,
       0., 0., 3.70129883e+02, 0., 0., 5.47659118e-03, 0. ]
R: !!opencv-matrix
   rows: 3
   cols: 3
   dt: d
   data: [ 1.0008082708646076e+00, -4.2803254250213502e-02,
       4.8814663724833118e-02, 4.5012715859516765e-02,
       1.0009490943470007e+00, -4.3683465632042971e-02,
       -4.6859107773140785e-02, 4.5778888121619184e-02,
       1.0007754874593242e+00 ]
T: !!opencv-matrix
   rows: 3
   cols: 1
   dt: d
   data: [ -1.8207944191301479e+02, 1.1562444080234512e+01,
       1.1493594724892322e+01 ]
E: !!opencv-matrix
   rows: 0
   cols: 0
   dt: u
   data: []
F: !!opencv-matrix
   rows: 0
   cols: 0
   dt: u
   data: []
K1: !!opencv-matrix
   rows: 3
   cols: 3
   dt: d
   data: [ 3.6627756984521932e+02, 0., 3.8060969928433269e+02, 0.,
       3.6653175179255015e+02, 2.3878059668569790e+02, 0., 0., 1. ]
D1: !!opencv-matrix
   rows: 5
   cols: 1
   dt: d
   data: [ -2.1859934914563901e-02, -9.9468572971318997e-04,
       1.6448003429794193e-03, -3.1164985765511365e-04,
       3.5195408316194161e-04 ]
P1: !!opencv-matrix
   rows: 3
   cols: 4
   dt: f
   data: [ 3.70129883e+02, 0., 4.07684998e+02, 0., 0., 3.70129883e+02,
       2.33439453e+02, 0., 0., 0., 1., 0. ]
R1: !!opencv-matrix
   rows: 3
   cols: 3
   dt: f
   data: [ 9.94025946e-01, -1.08535722e-01, -1.15051707e-02,
       1.08271733e-01, 9.93888557e-01, -2.15121061e-02, 1.37696890e-02,
       2.01379079e-02, 9.99702394e-01 ]
K2: !!opencv-matrix
   rows: 3
   cols: 3
   dt: d
   data: [ 3.6687495098581172e+02, 0., 3.7621769200552956e+02, 0.,
       3.6726361788508825e+02, 2.2399932895774910e+02, 0., 0., 1. ]
D2: !!opencv-matrix
   rows: 5
   cols: 1
   dt: d
   data: [ -2.2201337830972428e-02, -1.1445843221826492e-03,
       2.9199201696882579e-04, -7.1705872414221615e-04,
       5.1284674356775366e-04 ]
P2: !!opencv-matrix
   rows: 3
   cols: 4
   dt: f
   data: [ 3.70129883e+02, 0., 4.07684998e+02, -6.75839844e+04, 0.,
       3.70129883e+02, 2.33439453e+02, 0., 0., 0., 1., 0. ]
R2: !!opencv-matrix
   rows: 3
   cols: 3
   dt: f
   data: [ 9.96015370e-01, -6.32491633e-02, -6.28725365e-02,
       6.45479634e-02, 9.97736692e-01, 1.88437887e-02, 6.15383834e-02,
       -2.28269976e-02, 9.97843623e-01 ]
