%YAML:1.0
---
Q: !!opencv-matrix
   rows: 4
   cols: 4
   dt: f
   data: [ 1., 0., 0., -4.29375641e+02, 0., 1., 0., -2.33905502e+02, 0.,
       0., 0., 3.65802765e+02, 0., 0., 5.50025608e-03, 0. ]
R: !!opencv-matrix
   rows: 3
   cols: 3
   dt: d
   data: [ 1.0010878678419159e+00, 9.4482644514933736e-03,
       -2.7552136931985058e-03, -9.6862703703551531e-03,
       1.0003085743750011e+00, -4.3222045698222605e-02,
       3.2562897042769118e-03, 4.3203757922260291e-02,
       1.0002852383238976e+00 ]
T: !!opencv-matrix
   rows: 3
   cols: 1
   dt: d
   data: [ -1.8166263473705362e+02, 1.1536011827561877e+01,
       1.1467537612285909e+01 ]
E: !!opencv-matrix
   rows: 0
   cols: 0
   dt: u
   data: []
F: !!opencv-matrix
   rows: 0
   cols: 0
   dt: u
   data: []
K1: !!opencv-matrix
   rows: 3
   cols: 3
   dt: d
   data: [ 3.6627756984521932e+02, 0., 3.8060969928433269e+02, 0.,
       3.6653175179255015e+02, 2.3878059668569790e+02, 0., 0., 1. ]
D1: !!opencv-matrix
   rows: 5
   cols: 1
   dt: d
   data: [ -2.1859934914563901e-02, -9.9468572971318997e-04,
       1.6448003429794193e-03, -3.1164985765511365e-04,
       3.5195408316194161e-04 ]
P1: !!opencv-matrix
   rows: 3
   cols: 4
   dt: f
   data: [ 3.65802765e+02, 0., 4.29375641e+02, 0., 0., 3.65802765e+02,
       2.33905502e+02, 0., 0., 0., 1., 0. ]
R1: !!opencv-matrix
   rows: 3
   cols: 3
   dt: f
   data: [ 9.96375382e-01, -5.27522340e-02, -6.67331666e-02,
       5.30461147e-02, 9.98588562e-01, 2.63833092e-03, 6.64997995e-02,
       -6.16870355e-03, 9.97767389e-01 ]
K2: !!opencv-matrix
   rows: 3
   cols: 3
   dt: d
   data: [ 3.6687495098581172e+02, 0., 3.7621769200552956e+02, 0.,
       3.6726361788508825e+02, 2.2399932895774910e+02, 0., 0., 1. ]
D2: !!opencv-matrix
   rows: 5
   cols: 1
   dt: d
   data: [ -2.2201337830972428e-02, -1.1445843221826492e-03,
       2.9199201696882579e-04, -7.1705872414221615e-04,
       5.1284674356775366e-04 ]
P2: !!opencv-matrix
   rows: 3
   cols: 4
   dt: f
   data: [ 3.65802765e+02, 0., 4.29375641e+02, -6.65065000e+04, 0.,
       3.65802765e+02, 2.33905502e+02, 0., 0., 0., 1., 0. ]
R2: !!opencv-matrix
   rows: 3
   cols: 3
   dt: f
   data: [ 9.96015310e-01, -6.32494688e-02, -6.28732666e-02,
       6.29714578e-02, 9.97994840e-01, -6.39547268e-03, 6.31517023e-02,
       2.41076713e-03, 9.98001039e-01 ]
