%YAML:1.0
---
Q: !!opencv-matrix
   rows: 4
   cols: 4
   dt: f
   data: [ 1., 0., 0., -4.28308472e+02, 0., 1., 0., -2.33862244e+02, 0.,
       0., 0., 3.72887482e+02, 0., 0., 5.35121746e-03, 0. ]
R: !!opencv-matrix
   rows: 3
   cols: 3
   dt: d
   data: [ 1.0063442878734781e+00, 1.5543245544523025e-02,
       -3.9630273158188008e-03, -9.7923420000444131e-03,
       1.0041513435335532e+00, -4.3328757987502693e-02,
       3.2054324953538051e-03, 4.3004023365730427e-02,
       1.0045883001881681e+00 ]
T: !!opencv-matrix
   rows: 3
   cols: 1
   dt: d
   data: [ -1.8691326354054516e+02, 1.1869554648447917e+01,
       1.1797570548979850e+01 ]
E: !!opencv-matrix
   rows: 0
   cols: 0
   dt: u
   data: []
F: !!opencv-matrix
   rows: 0
   cols: 0
   dt: u
   data: []
K1: !!opencv-matrix
   rows: 3
   cols: 3
   dt: d
   data: [ 3.6627756984521932e+02, 0., 3.8060969928433269e+02, 0.,
       3.6653175179255015e+02, 2.3878059668569790e+02, 0., 0., 1. ]
D1: !!opencv-matrix
   rows: 5
   cols: 1
   dt: d
   data: [ -2.1859934914563901e-02, -9.9468572971318997e-04,
       1.6448003429794193e-03, -3.1164985765511365e-04,
       3.5195408316194161e-04 ]
P1: !!opencv-matrix
   rows: 3
   cols: 4
   dt: f
   data: [ 3.72887482e+02, 0., 4.28308472e+02, 0., 0., 3.72887482e+02,
       2.33862244e+02, 0., 0., 0., 1., 0. ]
R1: !!opencv-matrix
   rows: 3
   cols: 3
   dt: f
   data: [ 9.96571124e-01, -5.25036603e-02, -6.39483109e-02,
       5.11032678e-02, 9.98420537e-01, -2.33421307e-02, 6.50728568e-02,
       1.99941266e-02, 9.97680187e-01 ]
K2: !!opencv-matrix
   rows: 3
   cols: 3
   dt: d
   data: [ 3.6687495098581172e+02, 0., 3.7621769200552956e+02, 0.,
       3.6726361788508825e+02, 2.2399932895774910e+02, 0., 0., 1. ]
D2: !!opencv-matrix
   rows: 5
   cols: 1
   dt: d
   data: [ -2.2201337830972428e-02, -1.1445843221826492e-03,
       2.9199201696882579e-04, -7.1705872414221615e-04,
       5.1284674356775366e-04 ]
P2: !!opencv-matrix
   rows: 3
   cols: 4
   dt: f
   data: [ 3.72887482e+02, 0., 4.28308472e+02, -6.96827422e+04, 0.,
       3.72887482e+02, 2.33862244e+02, 0., 0., 0., 1., 0. ]
R2: !!opencv-matrix
   rows: 3
   cols: 3
   dt: f
   data: [ 9.96015668e-01, -6.32499903e-02, -6.28664047e-02,
       6.45998120e-02, 9.97717321e-01, 1.96737275e-02, 6.14785403e-02,
       -2.36565005e-02, 9.97828007e-01 ]
