%YAML:1.0
---
Q: !!opencv-matrix
   rows: 4
   cols: 4
   dt: f
   data: [ 1., 0., 0., -4.07682312e+02, 0., 1., 0., -2.33439301e+02, 0.,
       0., 0., 3.70129242e+02, 0., 0., 5.44167589e-03, 0. ]
R: !!opencv-matrix
   rows: 3
   cols: 3
   dt: d
   data: [ 1.0007771297587604e+00, -4.2810428106701999e-02,
       4.8818646801186083e-02, 4.5011898557267928e-02,
       1.0009238495836656e+00, -4.3682673700458925e-02,
       -4.6857561575739608e-02, 4.5778231247927556e-02,
       1.0007493910199137e+00 ]
T: !!opencv-matrix
   rows: 3
   cols: 1
   dt: d
   data: [ -1.8353279070336683e+02, 1.1654734643890469e+01,
       1.1585336872771464e+01 ]
E: !!opencv-matrix
   rows: 0
   cols: 0
   dt: u
   data: []
F: !!opencv-matrix
   rows: 0
   cols: 0
   dt: u
   data: []
K1: !!opencv-matrix
   rows: 3
   cols: 3
   dt: d
   data: [ 3.6627756984521932e+02, 0., 3.8060969928433269e+02, 0.,
       3.6653175179255015e+02, 2.3878059668569790e+02, 0., 0., 1. ]
D1: !!opencv-matrix
   rows: 5
   cols: 1
   dt: d
   data: [ -2.1859934914563901e-02, -9.9468572971318997e-04,
       1.6448003429794193e-03, -3.1164985765511365e-04,
       3.5195408316194161e-04 ]
P1: !!opencv-matrix
   rows: 3
   cols: 4
   dt: f
   data: [ 3.70129242e+02, 0., 4.07682312e+02, 0., 0., 3.70129242e+02,
       2.33439301e+02, 0., 0., 0., 1., 0. ]
R1: !!opencv-matrix
   rows: 3
   cols: 3
   dt: f
   data: [ 9.94025052e-01, -1.08544640e-01, -1.14982743e-02,
       1.08280785e-01, 9.93887544e-01, -2.15119999e-02, 1.37630040e-02,
       2.01384258e-02, 9.99702454e-01 ]
K2: !!opencv-matrix
   rows: 3
   cols: 3
   dt: d
   data: [ 3.6687495098581172e+02, 0., 3.7621769200552956e+02, 0.,
       3.6726361788508825e+02, 2.2399932895774910e+02, 0., 0., 1. ]
D2: !!opencv-matrix
   rows: 5
   cols: 1
   dt: d
   data: [ -2.2201337830972428e-02, -1.1445843221826492e-03,
       2.9199201696882579e-04, -7.1705872414221615e-04,
       5.1284674356775366e-04 ]
P2: !!opencv-matrix
   rows: 3
   cols: 4
   dt: f
   data: [ 3.70129242e+02, 0., 4.07682312e+02, -6.80175078e+04, 0.,
       3.70129242e+02, 2.33439301e+02, 0., 0., 0., 1., 0. ]
R2: !!opencv-matrix
   rows: 3
   cols: 3
   dt: f
   data: [ 9.96015370e-01, -6.32491559e-02, -6.28725439e-02,
       6.45479783e-02, 9.97736692e-01, 1.88439991e-02, 6.15383759e-02,
       -2.28272080e-02, 9.97843623e-01 ]
