%YAML:1.0
---
Q: !!opencv-matrix
   rows: 4
   cols: 4
   dt: f
   data: [ 1., 0., 0., -4.29286285e+02, 0., 1., 0., -2.33903046e+02, 0.,
       0., 0., 3.65832397e+02, 0., 0., 5.31122508e-03, 0. ]
R: !!opencv-matrix
   rows: 3
   cols: 3
   dt: d
   data: [ 1.0069787856538039e+00, 1.8970387758178726e-02,
       -4.5501383247231672e-03, -9.8252928039902036e-03,
       1.0040700796810962e+00, -4.3297387306484025e-02,
       3.1744368853728160e-03, 4.2793677250733866e-02,
       1.0047616183593984e+00 ]
T: !!opencv-matrix
   rows: 3
   cols: 1
   dt: d
   data: [ -1.8479541102375626e+02, 1.1735064489857310e+01,
       1.1663898094749237e+01 ]
E: !!opencv-matrix
   rows: 0
   cols: 0
   dt: u
   data: []
F: !!opencv-matrix
   rows: 0
   cols: 0
   dt: u
   data: []
K1: !!opencv-matrix
   rows: 3
   cols: 3
   dt: d
   data: [ 3.6627756984521932e+02, 0., 3.8060969928433269e+02, 0.,
       3.6653175179255015e+02, 2.3878059668569790e+02, 0., 0., 1. ]
D1: !!opencv-matrix
   rows: 5
   cols: 1
   dt: d
   data: [ -2.1859934914563901e-02, -9.9468572971318997e-04,
       1.6448003429794193e-03, -3.1164985765511365e-04,
       3.5195408316194161e-04 ]
P1: !!opencv-matrix
   rows: 3
   cols: 4
   dt: f
   data: [ 3.65832397e+02, 0., 4.29286285e+02, 0., 0., 3.65832397e+02,
       2.33903046e+02, 0., 0., 0., 1., 0. ]
R1: !!opencv-matrix
   rows: 3
   cols: 3
   dt: f
   data: [ 9.96388197e-01, -5.27848564e-02, -6.65153265e-02,
       5.30775525e-02, 9.98586893e-01, 2.63971812e-03, 6.62819967e-02,
       -6.16065459e-03, 9.97781932e-01 ]
K2: !!opencv-matrix
   rows: 3
   cols: 3
   dt: d
   data: [ 3.6687495098581172e+02, 0., 3.7621769200552956e+02, 0.,
       3.6726361788508825e+02, 2.2399932895774910e+02, 0., 0., 1. ]
D2: !!opencv-matrix
   rows: 5
   cols: 1
   dt: d
   data: [ -2.2201337830972428e-02, -1.1445843221826492e-03,
       2.9199201696882579e-04, -7.1705872414221615e-04,
       5.1284674356775366e-04 ]
P2: !!opencv-matrix
   rows: 3
   cols: 4
   dt: f
   data: [ 3.65832397e+02, 0., 4.29286285e+02, -6.88791016e+04, 0.,
       3.65832397e+02, 2.33903046e+02, 0., 0., 0., 1., 0. ]
R2: !!opencv-matrix
   rows: 3
   cols: 3
   dt: f
   data: [ 9.96015608e-01, -6.32497147e-02, -6.28682822e-02,
       6.29719421e-02, 9.97994840e-01, -6.39197882e-03, 6.31465092e-02,
       2.40757270e-03, 9.98001337e-01 ]
