%YAML:1.0
---
Q: !!opencv-matrix
   rows: 4
   cols: 4
   dt: f
   data: [ 1., 0., 0., -4.07649597e+02, 0., 1., 0., -2.33126053e+02, 0.,
       0., 0., 3.79606384e+02, 0., 0., 5.58587210e-03, 0. ]
R: !!opencv-matrix
   rows: 3
   cols: 3
   dt: d
   data: [ 1.0015227454308089e+00, 9.5600382497708445e-03,
       4.8542055758952429e-02, -7.4728723841786041e-03,
       1.0010801824847320e+00, -4.3631454887309386e-02,
       -4.9193082408061577e-02, 4.3230788500483487e-02,
       9.9993394754613696e-01 ]
T: !!opencv-matrix
   rows: 3
   cols: 1
   dt: d
   data: [ -1.7825499242819572e+02, 1.1319607739145484e+01,
       1.1252379223711621e+01 ]
E: !!opencv-matrix
   rows: 0
   cols: 0
   dt: u
   data: []
F: !!opencv-matrix
   rows: 0
   cols: 0
   dt: u
   data: []
K1: !!opencv-matrix
   rows: 3
   cols: 3
   dt: d
   data: [ 3.6627756984521932e+02, 0., 3.8060969928433269e+02, 0.,
       3.6653175179255015e+02, 2.3878059668569790e+02, 0., 0., 1. ]
D1: !!opencv-matrix
   rows: 5
   cols: 1
   dt: d
   data: [ -2.1859934914563901e-02, -9.9468572971318997e-04,
       1.6448003429794193e-03, -3.1164985765511365e-04,
       3.5195408316194161e-04 ]
P1: !!opencv-matrix
   rows: 3
   cols: 4
   dt: f
   data: [ 3.79606384e+02, 0., 4.07649597e+02, 0., 0., 3.79606384e+02,
       2.33126053e+02, 0., 0., 0., 1., 0. ]
R1: !!opencv-matrix
   rows: 3
   cols: 3
   dt: f
   data: [ 9.98341322e-01, -5.63808456e-02, -1.16511490e-02,
       5.61234169e-02, 9.98195469e-01, -2.13521253e-02, 1.28339753e-02,
       2.06628069e-02, 9.99704123e-01 ]
K2: !!opencv-matrix
   rows: 3
   cols: 3
   dt: d
   data: [ 3.6687495098581172e+02, 0., 3.7621769200552956e+02, 0.,
       3.6726361788508825e+02, 2.2399932895774910e+02, 0., 0., 1. ]
D2: !!opencv-matrix
   rows: 5
   cols: 1
   dt: d
   data: [ -2.2201337830972428e-02, -1.1445843221826492e-03,
       2.9199201696882579e-04, -7.1705872414221615e-04,
       5.1284674356775366e-04 ]
P2: !!opencv-matrix
   rows: 3
   cols: 4
   dt: f
   data: [ 3.79606384e+02, 0., 4.07649597e+02, -6.79582969e+04, 0.,
       3.79606384e+02, 2.33126053e+02, 0., 0., 0., 1., 0. ]
R2: !!opencv-matrix
   rows: 3
   cols: 3
   dt: f
   data: [ 9.96015251e-01, -6.32492900e-02, -6.28736466e-02,
       6.45579770e-02, 9.97732997e-01, 1.90035999e-02, 6.15291484e-02,
       -2.29868703e-02, 9.97840524e-01 ]
