%YAML:1.0
---
Q: !!opencv-matrix
   rows: 4
   cols: 4
   dt: f
   data: [ 1., 0., 0., -3.83180939e+02, 0., 1., 0., -2.32192657e+02, 0.,
       0., 0., 3.61824951e+02, 0., 0., 5.56722423e-03, 0. ]
R: !!opencv-matrix
   rows: 3
   cols: 3
   dt: d
   data: [ 1.0000338624384644e+00, 9.8049495529184561e-03,
       -3.1589036805776184e-03, -9.6846443843746841e-03,
       9.9997124329138998e-01, 9.2356001337165761e-03,
       3.2434620555583755e-03, -9.2049246103435081e-03,
       1.0000193032078188e+00 ]
T: !!opencv-matrix
   rows: 3
   cols: 1
   dt: d
   data: [ -1.7929378329292845e+02, 1.1385664322374707e+01,
       7.6828031992397339e-01 ]
E: !!opencv-matrix
   rows: 0
   cols: 0
   dt: u
   data: []
F: !!opencv-matrix
   rows: 0
   cols: 0
   dt: u
   data: []
K1: !!opencv-matrix
   rows: 3
   cols: 3
   dt: d
   data: [ 3.6627756984521932e+02, 0., 3.8060969928433269e+02, 0.,
       3.6653175179255015e+02, 2.3878059668569790e+02, 0., 0., 1. ]
D1: !!opencv-matrix
   rows: 5
   cols: 1
   dt: d
   data: [ -2.1859934914563901e-02, -9.9468572971318997e-04,
       1.6448003429794193e-03, -3.1164985765511365e-04,
       3.5195408316194161e-04 ]
P1: !!opencv-matrix
   rows: 3
   cols: 4
   dt: f
   data: [ 3.61824951e+02, 0., 3.83180939e+02, 0., 0., 3.61824951e+02,
       2.32192657e+02, 0., 0., 0., 1., 0. ]
R1: !!opencv-matrix
   rows: 3
   cols: 3
   dt: f
   data: [ 9.98529732e-01, -5.36115989e-02, -8.01020581e-03,
       5.36474735e-02, 9.98550534e-01, 4.33275942e-03, 7.76630919e-03,
       -4.75611677e-03, 9.99958515e-01 ]
K2: !!opencv-matrix
   rows: 3
   cols: 3
   dt: d
   data: [ 3.6687495098581172e+02, 0., 3.7621769200552956e+02, 0.,
       3.6726361788508825e+02, 2.2399932895774910e+02, 0., 0., 1. ]
D2: !!opencv-matrix
   rows: 5
   cols: 1
   dt: d
   data: [ -2.2201337830972428e-02, -1.1445843221826492e-03,
       2.9199201696882579e-04, -7.1705872414221615e-04,
       5.1284674356775366e-04 ]
P2: !!opencv-matrix
   rows: 3
   cols: 4
   dt: f
   data: [ 3.61824951e+02, 0., 3.83180939e+02, -6.49919805e+04, 0.,
       3.61824951e+02, 2.32192657e+02, 0., 0., 0., 1., 0. ]
R2: !!opencv-matrix
   rows: 3
   cols: 3
   dt: f
   data: [ 9.97980654e-01, -6.33746013e-02, -4.27637529e-03,
       6.33544996e-02, 9.97980118e-01, -4.68400680e-03, 4.56458423e-03,
       4.40362049e-03, 9.99979913e-01 ]
