%YAML:1.0
---
Q: !!opencv-matrix
   rows: 4
   cols: 4
   dt: f
   data: [ 1., 0., 0., -4.29352112e+02, 0., 1., 0., -2.33897034e+02, 0.,
       0., 0., 3.65879791e+02, 0., 0., 5.29183587e-03, 0. ]
R: !!opencv-matrix
   rows: 3
   cols: 3
   dt: d
   data: [ 9.9620516381279778e-01, 1.0800659825594068e-02,
       -2.7266757048167163e-03, -9.3903268030440350e-03,
       1.0008591812242817e+00, 9.2167486909631793e-03,
       3.5469701470980091e-03, -9.2811043607140820e-03,
       1.0009426293672929e+00 ]
T: !!opencv-matrix
   rows: 3
   cols: 1
   dt: d
   data: [ -1.8859250495785361e+02, 1.1976140535643703e+01,
       1.1903917089721054e+01 ]
E: !!opencv-matrix
   rows: 0
   cols: 0
   dt: u
   data: []
F: !!opencv-matrix
   rows: 0
   cols: 0
   dt: u
   data: []
K1: !!opencv-matrix
   rows: 3
   cols: 3
   dt: d
   data: [ 3.6627756984521932e+02, 0., 3.8060969928433269e+02, 0.,
       3.6653175179255015e+02, 2.3878059668569790e+02, 0., 0., 1. ]
D1: !!opencv-matrix
   rows: 5
   cols: 1
   dt: d
   data: [ -2.1859934914563901e-02, -9.9468572971318997e-04,
       1.6448003429794193e-03, -3.1164985765511365e-04,
       3.5195408316194161e-04 ]
P1: !!opencv-matrix
   rows: 3
   cols: 4
   dt: f
   data: [ 3.65879791e+02, 0., 4.29352112e+02, 0., 0., 3.65879791e+02,
       2.33897034e+02, 0., 0., 0., 1., 0. ]
R1: !!opencv-matrix
   rows: 3
   cols: 3
   dt: f
   data: [ 9.96399343e-01, -5.23676574e-02, -6.66778684e-02,
       5.26616797e-02, 9.98608887e-01, 2.65840488e-03, 6.64458945e-02,
       -6.16020150e-03, 9.97771025e-01 ]
K2: !!opencv-matrix
   rows: 3
   cols: 3
   dt: d
   data: [ 3.6687495098581172e+02, 0., 3.7621769200552956e+02, 0.,
       3.6726361788508825e+02, 2.2399932895774910e+02, 0., 0., 1. ]
D2: !!opencv-matrix
   rows: 5
   cols: 1
   dt: d
   data: [ -2.2201337830972428e-02, -1.1445843221826492e-03,
       2.9199201696882579e-04, -7.1705872414221615e-04,
       5.1284674356775366e-04 ]
P2: !!opencv-matrix
   rows: 3
   cols: 4
   dt: f
   data: [ 3.65879791e+02, 0., 4.29352112e+02, -6.91404219e+04, 0.,
       3.65879791e+02, 2.33897034e+02, 0., 0., 0., 1., 0. ]
R2: !!opencv-matrix
   rows: 3
   cols: 3
   dt: f
   data: [ 9.96015608e-01, -6.32497147e-02, -6.28682822e-02,
       6.29713684e-02, 9.97994781e-01, -6.40108250e-03, 6.31470829e-02,
       2.41667614e-03, 9.98001277e-01 ]
