%YAML:1.0
---
Q: !!opencv-matrix
   rows: 4
   cols: 4
   dt: f
   data: [ 1., 0., 0., -4.07682068e+02, 0., 1., 0., -2.33439285e+02, 0.,
       0., 0., 3.70129425e+02, 0., 0., 5.42373676e-03, 0. ]
R: !!opencv-matrix
   rows: 3
   cols: 3
   dt: d
   data: [ 1.0007756754836026e+00, -4.2809048470419712e-02,
       4.8819809209837951e-02, 4.5011761463397748e-02,
       1.0009216524915998e+00, -4.3682661753477479e-02,
       -4.6857504287567180e-02, 4.5778053171234546e-02,
       1.0007471962663264e+00 ]
T: !!opencv-matrix
   rows: 3
   cols: 1
   dt: d
   data: [ -1.8364006706932275e+02, 1.1661546944088661e+01,
       1.1592108529919679e+01 ]
E: !!opencv-matrix
   rows: 0
   cols: 0
   dt: u
   data: []
F: !!opencv-matrix
   rows: 0
   cols: 0
   dt: u
   data: []
K1: !!opencv-matrix
   rows: 3
   cols: 3
   dt: d
   data: [ 3.6627756984521932e+02, 0., 3.8060969928433269e+02, 0.,
       3.6653175179255015e+02, 2.3878059668569790e+02, 0., 0., 1. ]
D1: !!opencv-matrix
   rows: 5
   cols: 1
   dt: d
   data: [ -2.1859934914563901e-02, -9.9468572971318997e-04,
       1.6448003429794193e-03, -3.1164985765511365e-04,
       3.5195408316194161e-04 ]
P1: !!opencv-matrix
   rows: 3
   cols: 4
   dt: f
   data: [ 3.70129425e+02, 0., 4.07682068e+02, 0., 0., 3.70129425e+02,
       2.33439285e+02, 0., 0., 0., 1., 0. ]
R1: !!opencv-matrix
   rows: 3
   cols: 3
   dt: f
   data: [ 9.94025171e-01, -1.08543962e-01, -1.14976335e-02,
       1.08280122e-01, 9.93887663e-01, -2.15119757e-02, 1.37623511e-02,
       2.01384798e-02, 9.99702454e-01 ]
K2: !!opencv-matrix
   rows: 3
   cols: 3
   dt: d
   data: [ 3.6687495098581172e+02, 0., 3.7621769200552956e+02, 0.,
       3.6726361788508825e+02, 2.2399932895774910e+02, 0., 0., 1. ]
D2: !!opencv-matrix
   rows: 5
   cols: 1
   dt: d
   data: [ -2.2201337830972428e-02, -1.1445843221826492e-03,
       2.9199201696882579e-04, -7.1705872414221615e-04,
       5.1284674356775366e-04 ]
P2: !!opencv-matrix
   rows: 3
   cols: 4
   dt: f
   data: [ 3.70129425e+02, 0., 4.07682068e+02, -6.82425156e+04, 0.,
       3.70129425e+02, 2.33439285e+02, 0., 0., 0., 1., 0. ]
R2: !!opencv-matrix
   rows: 3
   cols: 3
   dt: f
   data: [ 9.96015370e-01, -6.32491559e-02, -6.28725439e-02,
       6.45479783e-02, 9.97736692e-01, 1.88440159e-02, 6.15383722e-02,
       -2.28272248e-02, 9.97843623e-01 ]
