%YAML:1.0
---
Q: !!opencv-matrix
   rows: 4
   cols: 4
   dt: f
   data: [ 1., 0., 0., -4.09968628e+02, 0., 1., 0., -2.33604630e+02, 0.,
       0., 0., 3.69447906e+02, 0., 0., 2.08259210e-01, 0. ]
R: !!opencv-matrix
   rows: 3
   cols: 3
   dt: d
   data: [ 1.0485332200995392e+00, -4.4721885545926231e-02,
       3.1334376517370893e-02, 4.6975961978562387e-02,
       1.0469880627324617e+00, -4.4440225823987302e-02,
       -4.9121274193654259e-02, 4.7881153546107995e-02,
       1.0480550391710934e+00 ]
T: !!opencv-matrix
   rows: 3
   cols: 1
   dt: d
   data: [ -3.4300800228150905e+00, 2.1781851882643333e-01,
       2.1650427360431812e-01 ]
E: !!opencv-matrix
   rows: 0
   cols: 0
   dt: u
   data: []
F: !!opencv-matrix
   rows: 0
   cols: 0
   dt: u
   data: []
K1: !!opencv-matrix
   rows: 3
   cols: 3
   dt: d
   data: [ 3.6627756984521932e+02, 0., 3.8060969928433269e+02, 0.,
       3.6653175179255015e+02, 2.3878059668569790e+02, 0., 0., 1. ]
D1: !!opencv-matrix
   rows: 5
   cols: 1
   dt: d
   data: [ -2.1859934914563901e-02, -9.9468572971318997e-04,
       1.6448003429794193e-03, -3.1164985765511365e-04,
       3.5195408316194161e-04 ]
P1: !!opencv-matrix
   rows: 3
   cols: 4
   dt: f
   data: [ 3.69447906e+02, 0., 4.09968628e+02, 0., 0., 3.69447906e+02,
       2.33604630e+02, 0., 0., 0., 1., 0. ]
R1: !!opencv-matrix
   rows: 3
   cols: 3
   dt: f
   data: [ 9.93955612e-01, -1.08402818e-01, -1.73504893e-02,
       1.08019896e-01, 9.93912578e-01, -2.16678306e-02, 1.95937231e-02,
       1.96626652e-02, 9.99614656e-01 ]
K2: !!opencv-matrix
   rows: 3
   cols: 3
   dt: d
   data: [ 3.6687495098581172e+02, 0., 3.7621769200552956e+02, 0.,
       3.6726361788508825e+02, 2.2399932895774910e+02, 0., 0., 1. ]
D2: !!opencv-matrix
   rows: 5
   cols: 1
   dt: d
   data: [ -2.2201337830972428e-02, -1.1445843221826492e-03,
       2.9199201696882579e-04, -7.1705872414221615e-04,
       5.1284674356775366e-04 ]
P2: !!opencv-matrix
   rows: 3
   cols: 4
   dt: f
   data: [ 3.69447906e+02, 0., 4.09968628e+02, -1.77398120e+03, 0.,
       3.69447906e+02, 2.33604630e+02, 0., 0., 0., 1., 0. ]
R2: !!opencv-matrix
   rows: 3
   cols: 3
   dt: f
   data: [ 9.96015608e-01, -6.32494465e-02, -6.28678128e-02,
       6.45383149e-02, 9.97740269e-01, 1.86844524e-02, 6.15439713e-02,
       -2.26673894e-02, 9.97846961e-01 ]
