%YAML:1.0
---
R: !!opencv-matrix
   rows: 3
   cols: 3
   dt: d
   data: [ 9.9994786107858491e-01, 9.7122672864599323e-03,
       -3.1538846712214478e-03, -9.6827774839271553e-03,
       9.9991047802584609e-01, 9.2347038025383243e-03,
       3.2432922408809684e-03, -9.2036839515610668e-03,
       9.9995238549500942e-01 ]
T: !!opencv-matrix
   rows: 3
   cols: 1
   dt: d
   data: [ -1.7997624825260075e+02, 7.9388896410685417e-01,
       5.7294557266447468e+00 ]
Q: !!opencv-matrix
   rows: 4
   cols: 4
   dt: d
   data: [ 1., 0., 0., -4.0408387756347656e+02, 0., 1., 0.,
       -2.3180553054809570e+02, 0., 0., 0., 3.5624134886931665e+02, 0.,
       0., 5.5534214243059153e-03, 0. ]
K1: !!opencv-matrix
   rows: 3
   cols: 3
   dt: d
   data: [ 3.6627756984521932e+02, 0., 3.8060969928433269e+02, 0.,
       3.6653175179255015e+02, 2.3878059668569790e+02, 0., 0., 1. ]
K2: !!opencv-matrix
   rows: 3
   cols: 3
   dt: d
   data: [ 3.6687495098581172e+02, 0., 3.7621769200552956e+02, 0.,
       3.6726361788508825e+02, 2.2399932895774910e+02, 0., 0., 1. ]
D1: !!opencv-matrix
   rows: 5
   cols: 1
   dt: d
   data: [ -2.1859934914563901e-02, -9.9468572971318997e-04,
       1.6448003429794193e-03, -3.1164985765511365e-04,
       3.5195408316194161e-04 ]
D2: !!opencv-matrix
   rows: 5
   cols: 1
   dt: d
   data: [ -2.2201337830972428e-02, -1.1445843221826492e-03,
       2.9199201696882579e-04, -7.1705872414221615e-04,
       5.1284674356775366e-04 ]
R1: !!opencv-matrix
   rows: 3
   cols: 3
   dt: d
   data: [ 9.9937133498705066e-01, 5.5916935742336589e-03,
       -3.5009538259902745e-02, -5.4334151900233482e-03,
       9.9997459179360659e-01, 4.6145169392800426e-03,
       3.5034451695046424e-02, -4.4213945969516109e-03,
       9.9937632474671201e-01 ]
R2: !!opencv-matrix
   rows: 3
   cols: 3
   dt: d
   data: [ 9.9948395291219272e-01, -4.4087999817910449e-03,
       -3.1818082181961180e-02, 4.2643349633012615e-03,
       9.9998029634143448e-01, -4.6067750344360335e-03,
       3.1837765599021552e-02, 4.4687147612815859e-03,
       9.9948306002155141e-01 ]
P1: !!opencv-matrix
   rows: 3
   cols: 4
   dt: d
   data: [ 3.5624134886931665e+02, 0., 4.0408387756347656e+02, 0., 0.,
       3.5624134886931665e+02, 2.3180553054809570e+02, 0., 0., 0., 1.,
       0. ]
P2: !!opencv-matrix
   rows: 3
   cols: 4
   dt: d
   data: [ 3.5624134886931665e+02, 0., 4.0408387756347656e+02,
       -6.4148084874333275e+04, 0., 3.5624134886931665e+02,
       2.3180553054809570e+02, 0., 0., 0., 1., 0. ]
