%YAML:1.0
---
Q: !!opencv-matrix
   rows: 4
   cols: 4
   dt: f
   data: [ 1., 0., 0., -4.13786072e+02, 0., 1., 0., -2.31172836e+02, 0.,
       0., 0., 3.60090149e+02, 0., 0., 2.33438760e-01, 0. ]
R: !!opencv-matrix
   rows: 3
   cols: 3
   dt: d
   data: [ 1.0070394378816150e+00, 6.6862881324512551e-03,
       -6.1782334538727033e-03, -9.8859217209122836e-03,
       1.0069989004947419e+00, 1.0273587351427542e-02,
       1.7749475630522726e-03, -1.1154779242031980e-02,
       1.0056491803917120e+00 ]
T: !!opencv-matrix
   rows: 3
   cols: 1
   dt: d
   data: [ -4.2424597199835565e+00, -8.6798409689799655e-02,
       1.8283847915296411e-01 ]
E: !!opencv-matrix
   rows: 0
   cols: 0
   dt: u
   data: []
F: !!opencv-matrix
   rows: 0
   cols: 0
   dt: u
   data: []
K1: !!opencv-matrix
   rows: 3
   cols: 3
   dt: d
   data: [ 3.6627756984521932e+02, 0., 3.8060969928433269e+02, 0.,
       3.6653175179255015e+02, 2.3878059668569790e+02, 0., 0., 1. ]
D1: !!opencv-matrix
   rows: 5
   cols: 1
   dt: d
   data: [ -2.1859934914563901e-02, -9.9468572971318997e-04,
       1.6448003429794193e-03, -3.1164985765511365e-04,
       3.5195408316194161e-04 ]
P1: !!opencv-matrix
   rows: 3
   cols: 4
   dt: f
   data: [ 3.60090149e+02, 0., 4.13786072e+02, 0., 0., 3.60090149e+02,
       2.31172836e+02, 0., 0., 0., 1., 0. ]
R1: !!opencv-matrix
   rows: 3
   cols: 3
   dt: f
   data: [ 9.98420000e-01, 2.96277497e-02, -4.77459244e-02,
       -2.93770805e-02, 9.99550760e-01, 5.94341755e-03, 4.79005650e-02,
       -4.53139096e-03, 9.98841822e-01 ]
K2: !!opencv-matrix
   rows: 3
   cols: 3
   dt: d
   data: [ 3.6687495098581172e+02, 0., 3.7621769200552956e+02, 0.,
       3.6726361788508825e+02, 2.2399932895774910e+02, 0., 0., 1. ]
D2: !!opencv-matrix
   rows: 5
   cols: 1
   dt: d
   data: [ -2.2201337830972428e-02, -1.1445843221826492e-03,
       2.9199201696882579e-04, -7.1705872414221615e-04,
       5.1284674356775366e-04 ]
P2: !!opencv-matrix
   rows: 3
   cols: 4
   dt: f
   data: [ 3.60090149e+02, 0., 4.13786072e+02, -1.54254663e+03, 0.,
       3.60090149e+02, 2.31172836e+02, 0., 0., 0., 1., 0. ]
R2: !!opencv-matrix
   rows: 3
   cols: 3
   dt: f
   data: [ 9.98804271e-01, 2.09349934e-02, -4.41787466e-02,
       -2.11662501e-02, 9.99764562e-01, -4.77321260e-03, 4.40684184e-02,
       5.70260314e-03, 9.99012232e-01 ]
