%YAML:1.0
---
Q: !!opencv-matrix
   rows: 4
   cols: 4
   dt: f
   data: [ 1., 0., 0., -3.29358948e+02, 0., 1., 0., -2.39086426e+02, 0.,
       0., 0., 4.65406952e+02, 0., 0., 2.20835835e-01, 0. ]
R: !!opencv-matrix
   rows: 3
   cols: 3
   dt: d
   data: [ 1.0059084517829511e+00, 7.6463815232060304e-03,
       -4.6557987861591231e-03, -1.0319169317140015e-02,
       1.0093553601337297e+00, 1.6594408652724567e-02,
       3.4342477194677437e-03, -6.0041267869903091e-03,
       1.0054198837416852e+00 ]
T: !!opencv-matrix
   rows: 3
   cols: 1
   dt: d
   data: [ -4.3519794966934047e+00, -1.0899097714440007e+00,
       -2.8130952053001895e-01 ]
E: !!opencv-matrix
   rows: 0
   cols: 0
   dt: u
   data: []
F: !!opencv-matrix
   rows: 0
   cols: 0
   dt: u
   data: []
K1: !!opencv-matrix
   rows: 3
   cols: 3
   dt: d
   data: [ 3.6627756984521932e+02, 0., 3.8060969928433269e+02, 0.,
       3.6653175179255015e+02, 2.3878059668569790e+02, 0., 0., 1. ]
D1: !!opencv-matrix
   rows: 5
   cols: 1
   dt: d
   data: [ -2.1859934914563901e-02, -9.9468572971318997e-04,
       1.6448003429794193e-03, -3.1164985765511365e-04,
       3.5195408316194161e-04 ]
P1: !!opencv-matrix
   rows: 3
   cols: 4
   dt: f
   data: [ 4.65406952e+02, 0., 3.29358948e+02, 0., 0., 4.65406952e+02,
       2.39086426e+02, 0., 0., 0., 1., 0. ]
R1: !!opencv-matrix
   rows: 3
   cols: 3
   dt: f
   data: [ 9.66648996e-01, 2.49119937e-01, 5.94049841e-02,
       -2.49471053e-01, 9.68380988e-01, -1.54968805e-03, -5.79127185e-02,
       -1.33218197e-02, 9.98232782e-01 ]
K2: !!opencv-matrix
   rows: 3
   cols: 3
   dt: d
   data: [ 3.6687495098581172e+02, 0., 3.7621769200552956e+02, 0.,
       3.6726361788508825e+02, 2.2399932895774910e+02, 0., 0., 1. ]
D2: !!opencv-matrix
   rows: 5
   cols: 1
   dt: d
   data: [ -2.2201337830972428e-02, -1.1445843221826492e-03,
       2.9199201696882579e-04, -7.1705872414221615e-04,
       5.1284674356775366e-04 ]
P2: !!opencv-matrix
   rows: 3
   cols: 4
   dt: f
   data: [ 4.65406952e+02, 0., 3.29358948e+02, -2.10747925e+03, 0.,
       4.65406952e+02, 2.39086426e+02, 0., 0., 0., 1., 0. ]
R2: !!opencv-matrix
   rows: 3
   cols: 3
   dt: f
   data: [ 9.68626857e-01, 2.41051391e-01, 6.04672357e-02,
       -2.40685299e-01, 9.70511019e-01, -1.33756306e-02, -6.19083345e-02,
       -1.59758015e-03, 9.98080552e-01 ]
