%YAML:1.0
---
Q: !!opencv-matrix
   rows: 4
   cols: 4
   dt: f
   data: [ 1., 0., 0., -4.77161224e+02, 0., 1., 0., -2.31958679e+02, 0.,
       0., 0., 3.50445740e+02, 0., 0., 1.22355692e-01, 0. ]
R: !!opencv-matrix
   rows: 3
   cols: 3
   dt: d
   data: [ 1.0058051632383584e+00, -6.2176986374706412e-03,
       -2.0632049139673116e-02, -9.8399812892856486e-03,
       1.0035574493178478e+00, 9.6630889488654882e-03,
       1.5716038516419275e-03, -1.1506412235233611e-02,
       1.0028089943397938e+00 ]
T: !!opencv-matrix
   rows: 3
   cols: 1
   dt: d
   data: [ -7.6634560240096512e+00, 4.6422329488538458e-02,
       9.0019406946759384e-01 ]
E: !!opencv-matrix
   rows: 0
   cols: 0
   dt: u
   data: []
F: !!opencv-matrix
   rows: 0
   cols: 0
   dt: u
   data: []
K1: !!opencv-matrix
   rows: 3
   cols: 3
   dt: d
   data: [ 3.6627756984521932e+02, 0., 3.8060969928433269e+02, 0.,
       3.6653175179255015e+02, 2.3878059668569790e+02, 0., 0., 1. ]
D1: !!opencv-matrix
   rows: 5
   cols: 1
   dt: d
   data: [ -2.1859934914563901e-02, -9.9468572971318997e-04,
       1.6448003429794193e-03, -3.1164985765511365e-04,
       3.5195408316194161e-04 ]
P1: !!opencv-matrix
   rows: 3
   cols: 4
   dt: f
   data: [ 3.50445740e+02, 0., 4.77161224e+02, 0., 0., 3.50445740e+02,
       2.31958679e+02, 0., 0., 0., 1., 0. ]
R1: !!opencv-matrix
   rows: 3
   cols: 3
   dt: f
   data: [ 9.91644561e-01, -2.42359657e-03, -1.28977329e-01,
       3.09145194e-03, 9.99982834e-01, 4.97813523e-03, 1.28963053e-01,
       -5.33526763e-03, 9.91635025e-01 ]
K2: !!opencv-matrix
   rows: 3
   cols: 3
   dt: d
   data: [ 3.6687495098581172e+02, 0., 3.7621769200552956e+02, 0.,
       3.6726361788508825e+02, 2.2399932895774910e+02, 0., 0., 1. ]
D2: !!opencv-matrix
   rows: 5
   cols: 1
   dt: d
   data: [ -2.2201337830972428e-02, -1.1445843221826492e-03,
       2.9199201696882579e-04, -7.1705872414221615e-04,
       5.1284674356775366e-04 ]
P2: !!opencv-matrix
   rows: 3
   cols: 4
   dt: f
   data: [ 3.50445740e+02, 0., 4.77161224e+02, -2.86415576e+03, 0.,
       3.50445740e+02, 2.31958679e+02, 0., 0., 0., 1., 0. ]
R2: !!opencv-matrix
   rows: 3
   cols: 3
   dt: f
   data: [ 9.92972493e-01, -5.50770015e-03, -1.18216909e-01,
       4.89566382e-03, 9.99973059e-01, -5.46700507e-03, 1.18243836e-01,
       4.84983576e-03, 9.92972732e-01 ]
