%YAML:1.0
---
Q: !!opencv-matrix
   rows: 4
   cols: 4
   dt: f
   data: [ 1., 0., 0., -3.59212646e+02, 0., 1., 0., -2.32090729e+02, 0.,
       0., 0., 3.55118927e+02, 0., 0., 2.45141730e-01, 0. ]
R: !!opencv-matrix
   rows: 3
   cols: 3
   dt: d
   data: [ 1.0060358576413468e+00, 2.9839079193354420e-03,
       -7.3044900026887202e-03, -9.7735726387909363e-03,
       1.0057159149464270e+00, 1.0357655209280336e-02,
       1.5158263230881058e-03, -9.4913078547224118e-03,
       1.0062733533878230e+00 ]
T: !!opencv-matrix
   rows: 3
   cols: 1
   dt: d
   data: [ -4.0652347304009107e+00, -8.7249228008251273e-02,
       -1.0178646439713716e-01 ]
E: !!opencv-matrix
   rows: 0
   cols: 0
   dt: u
   data: []
F: !!opencv-matrix
   rows: 0
   cols: 0
   dt: u
   data: []
K1: !!opencv-matrix
   rows: 3
   cols: 3
   dt: d
   data: [ 3.6627756984521932e+02, 0., 3.8060969928433269e+02, 0.,
       3.6653175179255015e+02, 2.3878059668569790e+02, 0., 0., 1. ]
D1: !!opencv-matrix
   rows: 5
   cols: 1
   dt: d
   data: [ -2.1859934914563901e-02, -9.9468572971318997e-04,
       1.6448003429794193e-03, -3.1164985765511365e-04,
       3.5195408316194161e-04 ]
P1: !!opencv-matrix
   rows: 3
   cols: 4
   dt: f
   data: [ 3.55118927e+02, 0., 3.59212646e+02, 0., 0., 3.55118927e+02,
       2.32090729e+02, 0., 0., 0., 1., 0. ]
R1: !!opencv-matrix
   rows: 3
   cols: 3
   dt: f
   data: [ 9.99386430e-01, 2.75347251e-02, 2.16475744e-02,
       -2.76424121e-02, 9.99606848e-01, 4.69110440e-03, -2.15098970e-02,
       -5.28661720e-03, 9.99754667e-01 ]
K2: !!opencv-matrix
   rows: 3
   cols: 3
   dt: d
   data: [ 3.6687495098581172e+02, 0., 3.7621769200552956e+02, 0.,
       3.6726361788508825e+02, 2.2399932895774910e+02, 0., 0., 1. ]
D2: !!opencv-matrix
   rows: 5
   cols: 1
   dt: d
   data: [ -2.2201337830972428e-02, -1.1445843221826492e-03,
       2.9199201696882579e-04, -7.1705872414221615e-04,
       5.1284674356775366e-04 ]
P2: !!opencv-matrix
   rows: 3
   cols: 4
   dt: f
   data: [ 3.55118927e+02, 0., 3.59212646e+02, -1.44862708e+03, 0.,
       3.55118927e+02, 2.32090729e+02, 0., 0., 0., 1., 0. ]
R2: !!opencv-matrix
   rows: 3
   cols: 3
   dt: f
   data: [ 9.99437094e-01, 2.14958247e-02, 2.57562790e-02,
       -2.13670246e-02, 9.99757826e-01, -5.26557351e-03, -2.58632284e-02,
       4.71227476e-03, 9.99654412e-01 ]
