%YAML:1.0
---
Q: !!opencv-matrix
   rows: 4
   cols: 4
   dt: f
   data: [ 1., 0., 0., -3.50964661e+02, 0., 1., 0., -2.32657837e+02, 0.,
       0., 0., 3.58986755e+02, 0., 0., 2.17288226e-01, 0. ]
R: !!opencv-matrix
   rows: 3
   cols: 3
   dt: d
   data: [ 1.0068646881356831e+00, 8.0373803435901964e-03,
       -3.9506638296672612e-03, -9.9563266840701596e-03,
       1.0061154683796889e+00, 1.0958394354262393e-02,
       1.5301092440666887e-03, -8.8030991246706575e-03,
       1.0057573173820391e+00 ]
T: !!opencv-matrix
   rows: 3
   cols: 1
   dt: d
   data: [ -4.6086914291410723e+00, -1.9802020541541213e-01,
       -1.1486622883149841e-01 ]
E: !!opencv-matrix
   rows: 0
   cols: 0
   dt: u
   data: []
F: !!opencv-matrix
   rows: 0
   cols: 0
   dt: u
   data: []
K1: !!opencv-matrix
   rows: 3
   cols: 3
   dt: d
   data: [ 3.6627756984521932e+02, 0., 3.8060969928433269e+02, 0.,
       3.6653175179255015e+02, 2.3878059668569790e+02, 0., 0., 1. ]
D1: !!opencv-matrix
   rows: 5
   cols: 1
   dt: d
   data: [ -2.1859934914563901e-02, -9.9468572971318997e-04,
       1.6448003429794193e-03, -3.1164985765511365e-04,
       3.5195408316194161e-04 ]
P1: !!opencv-matrix
   rows: 3
   cols: 4
   dt: f
   data: [ 3.58986755e+02, 0., 3.50964661e+02, 0., 0., 3.58986755e+02,
       2.32657837e+02, 0., 0., 0., 1., 0. ]
R1: !!opencv-matrix
   rows: 3
   cols: 3
   dt: f
   data: [ 9.97775733e-01, 5.79995215e-02, 3.28586772e-02,
       -5.81625588e-02, 9.98299003e-01, 4.02703881e-03, -3.25692184e-02,
       -5.92922652e-03, 9.99451876e-01 ]
K2: !!opencv-matrix
   rows: 3
   cols: 3
   dt: d
   data: [ 3.6687495098581172e+02, 0., 3.7621769200552956e+02, 0.,
       3.6726361788508825e+02, 2.2399932895774910e+02, 0., 0., 1. ]
D2: !!opencv-matrix
   rows: 5
   cols: 1
   dt: d
   data: [ -2.2201337830972428e-02, -1.1445843221826492e-03,
       2.9199201696882579e-04, -7.1705872414221615e-04,
       5.1284674356775366e-04 ]
P2: !!opencv-matrix
   rows: 3
   cols: 4
   dt: f
   data: [ 3.58986755e+02, 0., 3.50964661e+02, -1.65212244e+03, 0.,
       3.58986755e+02, 2.32657837e+02, 0., 0., 0., 1., 0. ]
R2: !!opencv-matrix
   rows: 3
   cols: 3
   dt: f
   data: [ 9.98160005e-01, 4.94627208e-02, 3.50717902e-02,
       -4.92873378e-02, 9.98767495e-01, -5.84828947e-03, -3.53178382e-02,
       4.10893327e-03, 9.99367654e-01 ]
