%YAML:1.0
---
Q: !!opencv-matrix
   rows: 4
   cols: 4
   dt: f
   data: [ 1., 0., 0., -4.46498566e+02, 0., 1., 0., -2.31735870e+02, 0.,
       0., 0., 3.53087585e+02, 0., 0., 1.96305543e-01, 0. ]
R: !!opencv-matrix
   rows: 3
   cols: 3
   dt: d
   data: [ 1.0075623915938459e+00, -6.7010384239665783e-03,
       -2.1577660902004185e-02, -9.6097901604439272e-03,
       1.0034639759502131e+00, 9.7621787154928731e-03,
       1.7809645205824798e-03, -1.1072818428703579e-02,
       1.0032948260965502e+00 ]
T: !!opencv-matrix
   rows: 3
   cols: 1
   dt: d
   data: [ -4.7207095834870607e+00, 5.3615063122477331e-03,
       3.4464229970921412e-01 ]
E: !!opencv-matrix
   rows: 0
   cols: 0
   dt: u
   data: []
F: !!opencv-matrix
   rows: 0
   cols: 0
   dt: u
   data: []
K1: !!opencv-matrix
   rows: 3
   cols: 3
   dt: d
   data: [ 3.6627756984521932e+02, 0., 3.8060969928433269e+02, 0.,
       3.6653175179255015e+02, 2.3878059668569790e+02, 0., 0., 1. ]
D1: !!opencv-matrix
   rows: 5
   cols: 1
   dt: d
   data: [ -2.1859934914563901e-02, -9.9468572971318997e-04,
       1.6448003429794193e-03, -3.1164985765511365e-04,
       3.5195408316194161e-04 ]
P1: !!opencv-matrix
   rows: 3
   cols: 4
   dt: f
   data: [ 3.53087585e+02, 0., 4.46498566e+02, 0., 0., 3.53087585e+02,
       2.31735870e+02, 0., 0., 0., 1., 0. ]
R1: !!opencv-matrix
   rows: 3
   cols: 3
   dt: f
   data: [ 9.95723307e-01, 2.07990571e-03, -9.23622772e-02,
       -1.61123427e-03, 9.99985456e-01, 5.14855282e-03, 9.23716426e-02,
       -4.97771706e-03, 9.95712161e-01 ]
K2: !!opencv-matrix
   rows: 3
   cols: 3
   dt: d
   data: [ 3.6687495098581172e+02, 0., 3.7621769200552956e+02, 0.,
       3.6726361788508825e+02, 2.2399932895774910e+02, 0., 0., 1. ]
D2: !!opencv-matrix
   rows: 5
   cols: 1
   dt: d
   data: [ -2.2201337830972428e-02, -1.1445843221826492e-03,
       2.9199201696882579e-04, -7.1705872414221615e-04,
       5.1284674356775366e-04 ]
P2: !!opencv-matrix
   rows: 3
   cols: 4
   dt: f
   data: [ 3.53087585e+02, 0., 4.46498566e+02, -1.79866333e+03, 0.,
       3.53087585e+02, 2.31735870e+02, 0., 0., 0., 1., 0. ]
R2: !!opencv-matrix
   rows: 3
   cols: 3
   dt: f
   data: [ 9.96724069e-01, 1.63241893e-05, -8.08774829e-02,
       -4.26592247e-04, 9.99987125e-01, -5.05543407e-03, 8.08763579e-02,
       5.07337414e-03, 9.96711254e-01 ]
