%YAML:1.0
---
Q: !!opencv-matrix
   rows: 4
   cols: 4
   dt: f
   data: [ 1., 0., 0., -3.27838928e+02, 0., 1., 0., -2.33331650e+02, 0.,
       0., 0., 3.59587952e+02, 0., 0., 2.10811108e-01, 0. ]
R: !!opencv-matrix
   rows: 3
   cols: 3
   dt: d
   data: [ 1.0054336937167903e+00, 9.3285800065693071e-03,
       -1.9445128532981982e-03, -9.7771498062738157e-03,
       1.0057907886692143e+00, 1.1037373167661048e-02,
       1.7165863480486537e-03, -8.3452195872314779e-03,
       1.0066444438247344e+00 ]
T: !!opencv-matrix
   rows: 3
   cols: 1
   dt: d
   data: [ -4.7288877202616550e+00, -2.1707220594673118e-01,
       -3.0344908698395490e-01 ]
E: !!opencv-matrix
   rows: 0
   cols: 0
   dt: u
   data: []
F: !!opencv-matrix
   rows: 0
   cols: 0
   dt: u
   data: []
K1: !!opencv-matrix
   rows: 3
   cols: 3
   dt: d
   data: [ 3.6627756984521932e+02, 0., 3.8060969928433269e+02, 0.,
       3.6653175179255015e+02, 2.3878059668569790e+02, 0., 0., 1. ]
D1: !!opencv-matrix
   rows: 5
   cols: 1
   dt: d
   data: [ -2.1859934914563901e-02, -9.9468572971318997e-04,
       1.6448003429794193e-03, -3.1164985765511365e-04,
       3.5195408316194161e-04 ]
P1: !!opencv-matrix
   rows: 3
   cols: 4
   dt: f
   data: [ 3.59587952e+02, 0., 3.27838928e+02, 0., 0., 3.59587952e+02,
       2.33331650e+02, 0., 0., 0., 1., 0. ]
R1: !!opencv-matrix
   rows: 3
   cols: 3
   dt: f
   data: [ 9.96540785e-01, 5.46202511e-02, 6.26350120e-02,
       -5.49320392e-02, 9.98484731e-01, 3.26542696e-03, -6.23617433e-02,
       -6.69479975e-03, 9.98031139e-01 ]
K2: !!opencv-matrix
   rows: 3
   cols: 3
   dt: d
   data: [ 3.6687495098581172e+02, 0., 3.7621769200552956e+02, 0.,
       3.6726361788508825e+02, 2.2399932895774910e+02, 0., 0., 1. ]
D2: !!opencv-matrix
   rows: 5
   cols: 1
   dt: d
   data: [ -2.2201337830972428e-02, -1.1445843221826492e-03,
       2.9199201696882579e-04, -7.1705872414221615e-04,
       5.1284674356775366e-04 ]
P2: !!opencv-matrix
   rows: 3
   cols: 4
   dt: f
   data: [ 3.59587952e+02, 0., 3.27838928e+02, -1.70573535e+03, 0.,
       3.59587952e+02, 2.33331650e+02, 0., 0., 0., 1., 0. ]
R2: !!opencv-matrix
   rows: 3
   cols: 3
   dt: f
   data: [ 9.96902049e-01, 4.57612313e-02, 6.39704391e-02,
       -4.54415604e-02, 9.98946190e-01, -6.44400390e-03, -6.41979128e-02,
       3.51712410e-03, 9.97931004e-01 ]
