%YAML:1.0
---
Q: !!opencv-matrix
   rows: 4
   cols: 4
   dt: f
   data: [ 1., 0., 0., -5.17957947e+02, 0., 1., 0., -2.35156494e+02, 0.,
       0., 0., 3.61567078e+02, 0., 0., 6.23783236e-03, 0. ]
R: !!opencv-matrix
   rows: 3
   cols: 3
   dt: d
   data: [ 1.0030067735336641e+00, 5.6360709550001770e-03,
       -7.4976515242284941e-03, -9.7394929586310346e-03,
       1.0011301390317928e+00, 8.6090885529474890e-03,
       1.5365051012400906e-03, -1.3627473041212361e-02,
       9.9782444905824330e-01 ]
T: !!opencv-matrix
   rows: 3
   cols: 1
   dt: d
   data: [ -1.5789326883490901e+02, 6.9659207802588758e+00,
       2.6854410001375427e+01 ]
E: !!opencv-matrix
   rows: 0
   cols: 0
   dt: u
   data: []
F: !!opencv-matrix
   rows: 0
   cols: 0
   dt: u
   data: []
K1: !!opencv-matrix
   rows: 3
   cols: 3
   dt: d
   data: [ 3.6627756984521932e+02, 0., 3.8060969928433269e+02, 0.,
       3.6653175179255015e+02, 2.3878059668569790e+02, 0., 0., 1. ]
D1: !!opencv-matrix
   rows: 5
   cols: 1
   dt: d
   data: [ -2.1859934914563901e-02, -9.9468572971318997e-04,
       1.6448003429794193e-03, -3.1164985765511365e-04,
       3.5195408316194161e-04 ]
P1: !!opencv-matrix
   rows: 3
   cols: 4
   dt: f
   data: [ 3.61567078e+02, 0., 5.17957947e+02, 0., 0., 3.61567078e+02,
       2.35156494e+02, 0., 0., 0., 1., 0. ]
R1: !!opencv-matrix
   rows: 3
   cols: 3
   dt: f
   data: [ 9.84444439e-01, -3.40324454e-02, -1.72368780e-01,
       3.49253044e-02, 9.99387622e-01, 2.14896258e-03, 1.72190085e-01,
       -8.13556649e-03, 9.85030174e-01 ]
K2: !!opencv-matrix
   rows: 3
   cols: 3
   dt: d
   data: [ 3.6687495098581172e+02, 0., 3.7621769200552956e+02, 0.,
       3.6726361788508825e+02, 2.2399932895774910e+02, 0., 0., 1. ]
D2: !!opencv-matrix
   rows: 5
   cols: 1
   dt: d
   data: [ -2.2201337830972428e-02, -1.1445843221826492e-03,
       2.9199201696882579e-04, -7.1705872414221615e-04,
       5.1284674356775366e-04 ]
P2: !!opencv-matrix
   rows: 3
   cols: 4
   dt: f
   data: [ 3.61567078e+02, 0., 5.17957947e+02, -5.79635742e+04, 0.,
       3.61567078e+02, 2.35156494e+02, 0., 0., 0., 1., 0. ]
R2: !!opencv-matrix
   rows: 3
   cols: 3
   dt: f
   data: [ 9.84911740e-01, -4.34522480e-02, -1.67513311e-01,
       4.25836146e-02, 9.99054372e-01, -8.77573621e-03, 1.67736232e-01,
       1.51000358e-03, 9.85830784e-01 ]
