%YAML:1.0
---
Q: !!opencv-matrix
   rows: 4
   cols: 4
   dt: f
   data: [ 1., 0., 0., -4.99810669e+02, 0., 1., 0., -2.32278015e+02, 0.,
       0., 0., 3.51142517e+02, 0., 0., 8.64275470e-02, 0. ]
R: !!opencv-matrix
   rows: 3
   cols: 3
   dt: d
   data: [ 1.0062823216320536e+00, -3.9991526376513785e-03,
       -1.7220401533300837e-02, -9.8868081088892591e-03,
       1.0033288026187814e+00, 9.5541343794517553e-03,
       1.6582541324224858e-03, -1.2075290077694525e-02,
       1.0018726556273569e+00 ]
T: !!opencv-matrix
   rows: 3
   cols: 1
   dt: d
   data: [ -1.0669582143902392e+01, 1.0874830812543300e-01,
       1.5508284812811461e+00 ]
E: !!opencv-matrix
   rows: 0
   cols: 0
   dt: u
   data: []
F: !!opencv-matrix
   rows: 0
   cols: 0
   dt: u
   data: []
K1: !!opencv-matrix
   rows: 3
   cols: 3
   dt: d
   data: [ 3.6627756984521932e+02, 0., 3.8060969928433269e+02, 0.,
       3.6653175179255015e+02, 2.3878059668569790e+02, 0., 0., 1. ]
D1: !!opencv-matrix
   rows: 5
   cols: 1
   dt: d
   data: [ -2.1859934914563901e-02, -9.9468572971318997e-04,
       1.6448003429794193e-03, -3.1164985765511365e-04,
       3.5195408316194161e-04 ]
P1: !!opencv-matrix
   rows: 3
   cols: 4
   dt: f
   data: [ 3.51142517e+02, 0., 4.99810669e+02, 0., 0., 3.51142517e+02,
       2.32278015e+02, 0., 0., 0., 1., 0. ]
R1: !!opencv-matrix
   rows: 3
   cols: 3
   dt: f
   data: [ 9.88007367e-01, -5.86299179e-03, -1.54295281e-01,
       6.67307805e-03, 9.99966562e-01, 4.73284116e-03, 1.54262364e-01,
       -5.70570631e-03, 9.88013446e-01 ]
K2: !!opencv-matrix
   rows: 3
   cols: 3
   dt: d
   data: [ 3.6687495098581172e+02, 0., 3.7621769200552956e+02, 0.,
       3.6726361788508825e+02, 2.2399932895774910e+02, 0., 0., 1. ]
D2: !!opencv-matrix
   rows: 5
   cols: 1
   dt: d
   data: [ -2.2201337830972428e-02, -1.1445843221826492e-03,
       2.9199201696882579e-04, -7.1705872414221615e-04,
       5.1284674356775366e-04 ]
P2: !!opencv-matrix
   rows: 3
   cols: 4
   dt: f
   data: [ 3.51142517e+02, 0., 4.99810669e+02, -4.06285400e+03, 0.,
       3.51142517e+02, 2.32278015e+02, 0., 0., 0., 1., 0. ]
R2: !!opencv-matrix
   rows: 3
   cols: 3
   dt: f
   data: [ 9.89311516e-01, -1.07012792e-02, -1.45424426e-01,
       9.93779302e-03, 9.99932766e-01, -5.97551884e-03, 1.45478591e-01,
       4.46645170e-03, 9.89351332e-01 ]
