%YAML:1.0
---
Q: !!opencv-matrix
   rows: 4
   cols: 4
   dt: f
   data: [ 1., 0., 0., -3.62423279e+02, 0., 1., 0., -2.32115112e+02, 0.,
       0., 0., 3.54830414e+02, 0., 0., 2.14611143e-01, 0. ]
R: !!opencv-matrix
   rows: 3
   cols: 3
   dt: d
   data: [ 1.0057766622260023e+00, 8.8978169604251901e-03,
       -2.0346070693356322e-03, -9.7072498973951784e-03,
       1.0061682354118813e+00, 1.0649139259322727e-02,
       1.8984116939926574e-03, -9.3675747804566022e-03,
       1.0063259300406568e+00 ]
T: !!opencv-matrix
   rows: 3
   cols: 1
   dt: d
   data: [ -4.6544208907554703e+00, -1.4816684275215422e-01,
       -1.2396948606260813e-01 ]
E: !!opencv-matrix
   rows: 0
   cols: 0
   dt: u
   data: []
F: !!opencv-matrix
   rows: 0
   cols: 0
   dt: u
   data: []
K1: !!opencv-matrix
   rows: 3
   cols: 3
   dt: d
   data: [ 3.6627756984521932e+02, 0., 3.8060969928433269e+02, 0.,
       3.6653175179255015e+02, 2.3878059668569790e+02, 0., 0., 1. ]
D1: !!opencv-matrix
   rows: 5
   cols: 1
   dt: d
   data: [ -2.1859934914563901e-02, -9.9468572971318997e-04,
       1.6448003429794193e-03, -3.1164985765511365e-04,
       3.5195408316194161e-04 ]
P1: !!opencv-matrix
   rows: 3
   cols: 4
   dt: f
   data: [ 3.54830414e+02, 0., 3.62423279e+02, 0., 0., 3.54830414e+02,
       2.32115112e+02, 0., 0., 0., 1., 0. ]
R1: !!opencv-matrix
   rows: 3
   cols: 3
   dt: f
   data: [ 9.99067485e-01, 3.89032103e-02, 1.87278129e-02,
       -3.89975943e-02, 9.99228239e-01, 4.70103882e-03, -1.85304750e-02,
       -5.42699499e-03, 9.99813557e-01 ]
K2: !!opencv-matrix
   rows: 3
   cols: 3
   dt: d
   data: [ 3.6687495098581172e+02, 0., 3.7621769200552956e+02, 0.,
       3.6726361788508825e+02, 2.2399932895774910e+02, 0., 0., 1. ]
D2: !!opencv-matrix
   rows: 5
   cols: 1
   dt: d
   data: [ -2.2201337830972428e-02, -1.1445843221826492e-03,
       2.9199201696882579e-04, -7.1705872414221615e-04,
       5.1284674356775366e-04 ]
P2: !!opencv-matrix
   rows: 3
   cols: 4
   dt: f
   data: [ 3.54830414e+02, 0., 3.62423279e+02, -1.65336438e+03, 0.,
       3.54830414e+02, 2.32115112e+02, 0., 0., 0., 1., 0. ]
R2: !!opencv-matrix
   rows: 3
   cols: 3
   dt: f
   data: [ 9.99347091e-01, 2.98775062e-02, 2.03144569e-02,
       -2.97742095e-02, 9.99542236e-01, -5.36854705e-03, -2.04655565e-02,
       4.76019504e-03, 9.99779224e-01 ]
