%YAML:1.0
---
Q: !!opencv-matrix
   rows: 4
   cols: 4
   dt: f
   data: [ 1., 0., 0., -3.61366394e+02, 0., 1., 0., -2.32064499e+02, 0.,
       0., 0., 3.54822632e+02, 0., 0., 2.41126239e-01, 0. ]
R: !!opencv-matrix
   rows: 3
   cols: 3
   dt: d
   data: [ 1.0058112999203968e+00, 4.7502083038131436e-03,
       -5.7498031357401669e-03, -9.7755915290663152e-03,
       1.0059160901655313e+00, 1.0384886498033910e-02,
       1.6512754848212879e-03, -9.6251305465072969e-03,
       1.0064739961347831e+00 ]
T: !!opencv-matrix
   rows: 3
   cols: 1
   dt: d
   data: [ -4.1907847372095324e+00, -1.0111271352506362e-01,
       -1.1690824020304219e-01 ]
E: !!opencv-matrix
   rows: 0
   cols: 0
   dt: u
   data: []
F: !!opencv-matrix
   rows: 0
   cols: 0
   dt: u
   data: []
K1: !!opencv-matrix
   rows: 3
   cols: 3
   dt: d
   data: [ 3.6627756984521932e+02, 0., 3.8060969928433269e+02, 0.,
       3.6653175179255015e+02, 2.3878059668569790e+02, 0., 0., 1. ]
D1: !!opencv-matrix
   rows: 5
   cols: 1
   dt: d
   data: [ -2.1859934914563901e-02, -9.9468572971318997e-04,
       1.6448003429794193e-03, -3.1164985765511365e-04,
       3.5195408316194161e-04 ]
P1: !!opencv-matrix
   rows: 3
   cols: 4
   dt: f
   data: [ 3.54822632e+02, 0., 3.61366394e+02, 0., 0., 3.54822632e+02,
       2.32064499e+02, 0., 0., 0., 1., 0. ]
R1: !!opencv-matrix
   rows: 3
   cols: 3
   dt: f
   data: [ 9.99401152e-01, 2.88290400e-02, 1.91375166e-02,
       -2.89250594e-02, 9.99570251e-01, 4.75957058e-03, -1.89920776e-02,
       -5.31027373e-03, 9.99805510e-01 ]
K2: !!opencv-matrix
   rows: 3
   cols: 3
   dt: d
   data: [ 3.6687495098581172e+02, 0., 3.7621769200552956e+02, 0.,
       3.6726361788508825e+02, 2.2399932895774910e+02, 0., 0., 1. ]
D2: !!opencv-matrix
   rows: 5
   cols: 1
   dt: d
   data: [ -2.2201337830972428e-02, -1.1445843221826492e-03,
       2.9199201696882579e-04, -7.1705872414221615e-04,
       5.1284674356775366e-04 ]
P2: !!opencv-matrix
   rows: 3
   cols: 4
   dt: f
   data: [ 3.54822632e+02, 0., 3.61366394e+02, -1.47152222e+03, 0.,
       3.54822632e+02, 2.32064499e+02, 0., 0., 0., 1., 0. ]
R2: !!opencv-matrix
   rows: 3
   cols: 3
   dt: f
   data: [ 9.99498248e-01, 2.20337100e-02, 2.27533281e-02,
       -2.19188388e-02, 9.99745786e-01, -5.28573385e-03, -2.28640083e-02,
       4.78435541e-03, 9.99727130e-01 ]
