%YAML:1.0
---
Q: !!opencv-matrix
   rows: 4
   cols: 4
   dt: f
   data: [ 1., 0., 0., -4.11933746e+02, 0., 1., 0., -2.31129059e+02, 0.,
       0., 0., 3.60470612e+02, 0., 0., 2.32972234e-01, 0. ]
R: !!opencv-matrix
   rows: 3
   cols: 3
   dt: d
   data: [ 1.0065211605450020e+00, 7.3225480869684436e-03,
       -5.3839997576646363e-03, -9.9000456090786552e-03,
       1.0073287826662736e+00, 1.0367935995116748e-02,
       1.7582900297130821e-03, -1.1179652099130508e-02,
       1.0059616209344446e+00 ]
T: !!opencv-matrix
   rows: 3
   cols: 1
   dt: d
   data: [ -4.3166977491903973e+00, -9.9951464442384702e-02,
       1.7873415414677091e-01 ]
E: !!opencv-matrix
   rows: 0
   cols: 0
   dt: u
   data: []
F: !!opencv-matrix
   rows: 0
   cols: 0
   dt: u
   data: []
K1: !!opencv-matrix
   rows: 3
   cols: 3
   dt: d
   data: [ 3.6627756984521932e+02, 0., 3.8060969928433269e+02, 0.,
       3.6653175179255015e+02, 2.3878059668569790e+02, 0., 0., 1. ]
D1: !!opencv-matrix
   rows: 5
   cols: 1
   dt: d
   data: [ -2.1859934914563901e-02, -9.9468572971318997e-04,
       1.6448003429794193e-03, -3.1164985765511365e-04,
       3.5195408316194161e-04 ]
P1: !!opencv-matrix
   rows: 3
   cols: 4
   dt: f
   data: [ 3.60470612e+02, 0., 4.11933746e+02, 0., 0., 3.60470612e+02,
       2.31129059e+02, 0., 0., 0., 1., 0. ]
R1: !!opencv-matrix
   rows: 3
   cols: 3
   dt: f
   data: [ 9.98432875e-01, 3.28142233e-02, -4.53326888e-02,
       -3.25743109e-02, 9.99451160e-01, 6.02113735e-03, 4.55053896e-02,
       -4.53502033e-03, 9.98953819e-01 ]
K2: !!opencv-matrix
   rows: 3
   cols: 3
   dt: d
   data: [ 3.6687495098581172e+02, 0., 3.7621769200552956e+02, 0.,
       3.6726361788508825e+02, 2.2399932895774910e+02, 0., 0., 1. ]
D2: !!opencv-matrix
   rows: 5
   cols: 1
   dt: d
   data: [ -2.2201337830972428e-02, -1.1445843221826492e-03,
       2.9199201696882579e-04, -7.1705872414221615e-04,
       5.1284674356775366e-04 ]
P2: !!opencv-matrix
   rows: 3
   cols: 4
   dt: f
   data: [ 3.60470612e+02, 0., 4.11933746e+02, -1.54726855e+03, 0.,
       3.60470612e+02, 2.31129059e+02, 0., 0., 0., 1., 0. ]
R2: !!opencv-matrix
   rows: 3
   cols: 3
   dt: f
   data: [ 9.98833060e-01, 2.39127241e-02, -4.19611968e-02,
       -2.41340175e-02, 9.99697328e-01, -4.77504730e-03, 4.18343134e-02,
       5.78216743e-03, 9.99107838e-01 ]
