%YAML:1.0
---
Q: !!opencv-matrix
   rows: 4
   cols: 4
   dt: f
   data: [ 1., 0., 0., -3.21584229e+02, 0., 1., 0., -2.40395538e+02, 0.,
       0., 0., 4.70089294e+02, 0., 0., 2.18029246e-01, 0. ]
R: !!opencv-matrix
   rows: 3
   cols: 3
   dt: d
   data: [ 1.0058014348064603e+00, 8.0227615363791440e-03,
       -4.1740532366093090e-03, -1.0369469291427843e-02,
       1.0093400505439321e+00, 1.6740443634759843e-02,
       3.4552648210528390e-03, -5.7852375684416110e-03,
       1.0054685646260821e+00 ]
T: !!opencv-matrix
   rows: 3
   cols: 1
   dt: d
   data: [ -4.4211370442981597e+00, -1.1071579612880555e+00,
       -2.9452568615126978e-01 ]
E: !!opencv-matrix
   rows: 0
   cols: 0
   dt: u
   data: []
F: !!opencv-matrix
   rows: 0
   cols: 0
   dt: u
   data: []
K1: !!opencv-matrix
   rows: 3
   cols: 3
   dt: d
   data: [ 3.6627756984521932e+02, 0., 3.8060969928433269e+02, 0.,
       3.6653175179255015e+02, 2.3878059668569790e+02, 0., 0., 1. ]
D1: !!opencv-matrix
   rows: 5
   cols: 1
   dt: d
   data: [ -2.1859934914563901e-02, -9.9468572971318997e-04,
       1.6448003429794193e-03, -3.1164985765511365e-04,
       3.5195408316194161e-04 ]
P1: !!opencv-matrix
   rows: 3
   cols: 4
   dt: f
   data: [ 4.70089294e+02, 0., 3.21584229e+02, 0., 0., 4.70089294e+02,
       2.40395538e+02, 0., 0., 0., 1., 0. ]
R1: !!opencv-matrix
   rows: 3
   cols: 3
   dt: f
   data: [ 9.65612113e-01, 2.50570595e-01, 6.93373680e-02,
       -2.50978947e-01, 9.67988193e-01, -2.89995456e-03, -6.78443983e-02,
       -1.46019878e-02, 9.97589052e-01 ]
K2: !!opencv-matrix
   rows: 3
   cols: 3
   dt: d
   data: [ 3.6687495098581172e+02, 0., 3.7621769200552956e+02, 0.,
       3.6726361788508825e+02, 2.2399932895774910e+02, 0., 0., 1. ]
D2: !!opencv-matrix
   rows: 5
   cols: 1
   dt: d
   data: [ -2.2201337830972428e-02, -1.1445843221826492e-03,
       2.9199201696882579e-04, -7.1705872414221615e-04,
       5.1284674356775366e-04 ]
P2: !!opencv-matrix
   rows: 3
   cols: 4
   dt: f
   data: [ 4.70089294e+02, 0., 3.21584229e+02, -2.15608374e+03, 0.,
       4.70089294e+02, 2.40395538e+02, 0., 0., 0., 1., 0. ]
R2: !!opencv-matrix
   rows: 3
   cols: 3
   dt: f
   data: [ 9.67615783e-01, 2.42465198e-01, 7.02166557e-02,
       -2.42043093e-01, 9.70155835e-01, -1.45879351e-02, -7.16581643e-02,
       -2.87993951e-03, 9.97425079e-01 ]
