%YAML:1.0
---
Q: !!opencv-matrix
   rows: 4
   cols: 4
   dt: f
   data: [ 1., 0., 0., -4.98970093e+02, 0., 1., 0., -2.32590454e+02, 0.,
       0., 0., 3.51481110e+02, 0., 0., 1.13256797e-01, 0. ]
R: !!opencv-matrix
   rows: 3
   cols: 3
   dt: d
   data: [ 1.0057952053945767e+00, -6.1266908115957894e-03,
       -2.0196816434158566e-02, -9.8542191508238005e-03,
       1.0034901603839097e+00, 9.6690244377990054e-03,
       1.5854152451966026e-03, -1.1477167300258983e-02,
       1.0026955954165901e+00 ]
T: !!opencv-matrix
   rows: 3
   cols: 1
   dt: d
   data: [ -8.1154584906403890e+00, 4.5013846591657948e-02,
       9.6617420390517927e-01 ]
E: !!opencv-matrix
   rows: 0
   cols: 0
   dt: u
   data: []
F: !!opencv-matrix
   rows: 0
   cols: 0
   dt: u
   data: []
K1: !!opencv-matrix
   rows: 3
   cols: 3
   dt: d
   data: [ 3.6627756984521932e+02, 0., 3.8060969928433269e+02, 0.,
       3.6653175179255015e+02, 2.3878059668569790e+02, 0., 0., 1. ]
D1: !!opencv-matrix
   rows: 5
   cols: 1
   dt: d
   data: [ -2.1859934914563901e-02, -9.9468572971318997e-04,
       1.6448003429794193e-03, -3.1164985765511365e-04,
       3.5195408316194161e-04 ]
P1: !!opencv-matrix
   rows: 3
   cols: 4
   dt: f
   data: [ 3.51481110e+02, 0., 4.98970093e+02, 0., 0., 3.51481110e+02,
       2.32590454e+02, 0., 0., 0., 1., 0. ]
R1: !!opencv-matrix
   rows: 3
   cols: 3
   dt: f
   data: [ 9.88002598e-01, -1.02171358e-02, -1.54099017e-01,
       1.10171055e-02, 9.99929905e-01, 4.33817878e-03, 1.54043883e-01,
       -5.98385697e-03, 9.88045871e-01 ]
K2: !!opencv-matrix
   rows: 3
   cols: 3
   dt: d
   data: [ 3.6687495098581172e+02, 0., 3.7621769200552956e+02, 0.,
       3.6726361788508825e+02, 2.2399932895774910e+02, 0., 0., 1. ]
D2: !!opencv-matrix
   rows: 5
   cols: 1
   dt: d
   data: [ -2.2201337830972428e-02, -1.1445843221826492e-03,
       2.9199201696882579e-04, -7.1705872414221615e-04,
       5.1284674356775366e-04 ]
P2: !!opencv-matrix
   rows: 3
   cols: 4
   dt: f
   data: [ 3.51481110e+02, 0., 4.98970093e+02, -3.10339941e+03, 0.,
       3.51481110e+02, 2.32590454e+02, 0., 0., 0., 1., 0. ]
R2: !!opencv-matrix
   rows: 3
   cols: 3
   dt: f
   data: [ 9.89534259e-01, -1.38607007e-02, -1.43631056e-01,
       1.31150456e-02, 9.99895155e-01, -6.13698363e-03, 1.43701062e-01,
       4.18902747e-03, 9.89612281e-01 ]
