%YAML:1.0
---
Q: !!opencv-matrix
   rows: 4
   cols: 4
   dt: f
   data: [ 1., 0., 0., -3.74185944e+02, 0., 1., 0., -2.31867493e+02, 0.,
       0., 0., 3.58761414e+02, 0., 0., 7.34132603e-02, 0. ]
R: !!opencv-matrix
   rows: 3
   cols: 3
   dt: d
   data: [ 1.0043814986364290e+00, -9.6316270503645669e-03,
       -2.7163953450424952e-02, -9.8989781605408628e-03,
       1.0015603632250369e+00, 9.8323691720137510e-03,
       1.1810175065940390e-03, -1.0292723777721701e-02,
       1.0017359766008929e+00 ]
T: !!opencv-matrix
   rows: 3
   cols: 1
   dt: d
   data: [ -1.2490851498982794e+01, -3.8186950179862017e-01,
       -4.7177327521836517e-02 ]
E: !!opencv-matrix
   rows: 0
   cols: 0
   dt: u
   data: []
F: !!opencv-matrix
   rows: 0
   cols: 0
   dt: u
   data: []
K1: !!opencv-matrix
   rows: 3
   cols: 3
   dt: d
   data: [ 3.6627756984521932e+02, 0., 3.8060969928433269e+02, 0.,
       3.6653175179255015e+02, 2.3878059668569790e+02, 0., 0., 1. ]
D1: !!opencv-matrix
   rows: 5
   cols: 1
   dt: d
   data: [ -2.1859934914563901e-02, -9.9468572971318997e-04,
       1.6448003429794193e-03, -3.1164985765511365e-04,
       3.5195408316194161e-04 ]
P1: !!opencv-matrix
   rows: 3
   cols: 4
   dt: f
   data: [ 3.58761414e+02, 0., 3.74185944e+02, 0., 0., 3.58761414e+02,
       2.31867493e+02, 0., 0., 0., 1., 0. ]
R1: !!opencv-matrix
   rows: 3
   cols: 3
   dt: f
   data: [ 9.99470651e-01, 3.24445479e-02, -2.40718946e-03,
       -3.24319229e-02, 9.99460876e-01, 5.10981586e-03, 2.57167732e-03,
       -5.02904085e-03, 9.99984026e-01 ]
K2: !!opencv-matrix
   rows: 3
   cols: 3
   dt: d
   data: [ 3.6687495098581172e+02, 0., 3.7621769200552956e+02, 0.,
       3.6726361788508825e+02, 2.2399932895774910e+02, 0., 0., 1. ]
D2: !!opencv-matrix
   rows: 5
   cols: 1
   dt: d
   data: [ -2.2201337830972428e-02, -1.1445843221826492e-03,
       2.9199201696882579e-04, -7.1705872414221615e-04,
       5.1284674356775366e-04 ]
P2: !!opencv-matrix
   rows: 3
   cols: 4
   dt: f
   data: [ 3.58761414e+02, 0., 3.74185944e+02, -4.88687451e+03, 0.,
       3.58761414e+02, 2.31867493e+02, 0., 0., 0., 1., 0. ]
R2: !!opencv-matrix
   rows: 3
   cols: 3
   dt: f
   data: [ 9.99414563e-01, 3.23013254e-02, 1.12782521e-02,
       -3.22437212e-02, 9.99466240e-01, -5.25272125e-03, -1.14419023e-02,
       4.88599297e-03, 9.99922574e-01 ]
