%YAML:1.0
---
Q: !!opencv-matrix
   rows: 4
   cols: 4
   dt: f
   data: [ 1., 0., 0., -3.37043396e+02, 0., 1., 0., -2.32907806e+02, 0.,
       0., 0., 3.57876373e+02, 0., 0., 2.11459771e-01, 0. ]
R: !!opencv-matrix
   rows: 3
   cols: 3
   dt: d
   data: [ 1.0054510454994237e+00, 9.3394225807790117e-03,
       -1.8716745997908394e-03, -9.7436050409984137e-03,
       1.0058868466218476e+00, 1.0979812467738865e-02,
       1.7826926951524703e-03, -8.5242175786162944e-03,
       1.0066095523527585e+00 ]
T: !!opencv-matrix
   rows: 3
   cols: 1
   dt: d
   data: [ -4.7200462363320534e+00, -2.0506207038820828e-01,
       -2.7070299510532925e-01 ]
E: !!opencv-matrix
   rows: 0
   cols: 0
   dt: u
   data: []
F: !!opencv-matrix
   rows: 0
   cols: 0
   dt: u
   data: []
K1: !!opencv-matrix
   rows: 3
   cols: 3
   dt: d
   data: [ 3.6627756984521932e+02, 0., 3.8060969928433269e+02, 0.,
       3.6653175179255015e+02, 2.3878059668569790e+02, 0., 0., 1. ]
D1: !!opencv-matrix
   rows: 5
   cols: 1
   dt: d
   data: [ -2.1859934914563901e-02, -9.9468572971318997e-04,
       1.6448003429794193e-03, -3.1164985765511365e-04,
       3.5195408316194161e-04 ]
P1: !!opencv-matrix
   rows: 3
   cols: 4
   dt: f
   data: [ 3.57876373e+02, 0., 3.37043396e+02, 0., 0., 3.57876373e+02,
       2.32907806e+02, 0., 0., 0., 1., 0. ]
R1: !!opencv-matrix
   rows: 3
   cols: 3
   dt: f
   data: [ 9.97490764e-01, 4.90462296e-02, 5.10550551e-02,
       -4.93011437e-02, 9.98776913e-01, 3.74480290e-03, -5.08089438e-02,
       -6.25247881e-03, 9.98688817e-01 ]
K2: !!opencv-matrix
   rows: 3
   cols: 3
   dt: d
   data: [ 3.6687495098581172e+02, 0., 3.7621769200552956e+02, 0.,
       3.6726361788508825e+02, 2.2399932895774910e+02, 0., 0., 1. ]
D2: !!opencv-matrix
   rows: 5
   cols: 1
   dt: d
   data: [ -2.2201337830972428e-02, -1.1445843221826492e-03,
       2.9199201696882579e-04, -7.1705872414221615e-04,
       5.1284674356775366e-04 ]
P2: !!opencv-matrix
   rows: 3
   cols: 4
   dt: f
   data: [ 3.57876373e+02, 0., 3.37043396e+02, -1.69240881e+03, 0.,
       3.57876373e+02, 2.32907806e+02, 0., 0., 0., 1., 0. ]
R2: !!opencv-matrix
   rows: 3
   cols: 3
   dt: f
   data: [ 9.97819483e-01, 4.00995426e-02, 5.24241999e-02,
       -3.98366824e-02, 9.99187887e-01, -6.04985142e-03, -5.26242219e-02,
       3.94825311e-03, 9.98606563e-01 ]
