%YAML:1.0
---
Q: !!opencv-matrix
   rows: 4
   cols: 4
   dt: f
   data: [ 1., 0., 0., -3.07871765e+02, 0., 1., 0., -2.33785980e+02, 0.,
       0., 0., 3.60108490e+02, 0., 0., 5.58543392e-03, 0. ]
R: !!opencv-matrix
   rows: 3
   cols: 3
   dt: d
   data: [ 9.9896656965319075e-01, 8.9205092772254458e-03,
       -3.9938711541355745e-03, -9.7052773502263375e-03,
       9.9946627720245285e-01, 1.0790776067451215e-02,
       1.9573896625747888e-03, -7.5763251251435154e-03,
       1.0008405379204648e+00 ]
T: !!opencv-matrix
   rows: 3
   cols: 1
   dt: d
   data: [ -1.7734705321945907e+02, -7.1657268407442043e+00,
       -1.4155194471894507e+01 ]
E: !!opencv-matrix
   rows: 0
   cols: 0
   dt: u
   data: []
F: !!opencv-matrix
   rows: 0
   cols: 0
   dt: u
   data: []
K1: !!opencv-matrix
   rows: 3
   cols: 3
   dt: d
   data: [ 3.6627756984521932e+02, 0., 3.8060969928433269e+02, 0.,
       3.6653175179255015e+02, 2.3878059668569790e+02, 0., 0., 1. ]
D1: !!opencv-matrix
   rows: 5
   cols: 1
   dt: d
   data: [ -2.1859934914563901e-02, -9.9468572971318997e-04,
       1.6448003429794193e-03, -3.1164985765511365e-04,
       3.5195408316194161e-04 ]
P1: !!opencv-matrix
   rows: 3
   cols: 4
   dt: f
   data: [ 3.60108490e+02, 0., 3.07871765e+02, 0., 0., 3.60108490e+02,
       2.33785980e+02, 0., 0., 0., 1., 0. ]
R1: !!opencv-matrix
   rows: 3
   cols: 3
   dt: f
   data: [ 9.94907618e-01, 5.09102009e-02, 8.69884416e-02,
       -5.13238646e-02, 9.98678863e-01, 2.52403691e-03, -8.67450163e-02,
       -6.97576627e-03, 9.96206105e-01 ]
K2: !!opencv-matrix
   rows: 3
   cols: 3
   dt: d
   data: [ 3.6687495098581172e+02, 0., 3.7621769200552956e+02, 0.,
       3.6726361788508825e+02, 2.2399932895774910e+02, 0., 0., 1. ]
D2: !!opencv-matrix
   rows: 5
   cols: 1
   dt: d
   data: [ -2.2201337830972428e-02, -1.1445843221826492e-03,
       2.9199201696882579e-04, -7.1705872414221615e-04,
       5.1284674356775366e-04 ]
P2: !!opencv-matrix
   rows: 3
   cols: 4
   dt: f
   data: [ 3.60108490e+02, 0., 3.07871765e+02, -6.44727852e+04, 0.,
       3.60108490e+02, 2.33785980e+02, 0., 0., 0., 1., 0. ]
R2: !!opencv-matrix
   rows: 3
   cols: 3
   dt: f
   data: [ 9.95087147e-01, 4.23825942e-02, 8.94719735e-02,
       -4.19560634e-02, 9.99097347e-01, -6.64338004e-03, -8.96727741e-02,
       2.85685062e-03, 9.95967209e-01 ]
