%YAML:1.0
---
Q: !!opencv-matrix
   rows: 4
   cols: 4
   dt: f
   data: [ 1., 0., 0., -3.57412323e+02, 0., 1., 0., -2.32204987e+02, 0.,
       0., 0., 3.55547821e+02, 0., 0., 2.32711956e-01, 0. ]
R: !!opencv-matrix
   rows: 3
   cols: 3
   dt: d
   data: [ 1.0056546945261071e+00, 6.3323320201783247e-03,
       -4.1269700337766705e-03, -9.7648190831957030e-03,
       1.0060915450041981e+00, 1.0532335362915745e-02,
       1.7961650287056719e-03, -9.5692989684777324e-03,
       1.0065081963613098e+00 ]
T: !!opencv-matrix
   rows: 3
   cols: 1
   dt: d
   data: [ -4.3692032417072824e+00, -1.2810265650491645e-01,
       -1.2459480596604763e-01 ]
E: !!opencv-matrix
   rows: 0
   cols: 0
   dt: u
   data: []
F: !!opencv-matrix
   rows: 0
   cols: 0
   dt: u
   data: []
K1: !!opencv-matrix
   rows: 3
   cols: 3
   dt: d
   data: [ 3.6627756984521932e+02, 0., 3.8060969928433269e+02, 0.,
       3.6653175179255015e+02, 2.3878059668569790e+02, 0., 0., 1. ]
D1: !!opencv-matrix
   rows: 5
   cols: 1
   dt: d
   data: [ -2.1859934914563901e-02, -9.9468572971318997e-04,
       1.6448003429794193e-03, -3.1164985765511365e-04,
       3.5195408316194161e-04 ]
P1: !!opencv-matrix
   rows: 3
   cols: 4
   dt: f
   data: [ 3.55547821e+02, 0., 3.57412323e+02, 0., 0., 3.55547821e+02,
       2.32204987e+02, 0., 0., 0., 1., 0. ]
R1: !!opencv-matrix
   rows: 3
   cols: 3
   dt: f
   data: [ 9.99042988e-01, 3.62417959e-02, 2.44878214e-02,
       -3.63656357e-02, 9.99327838e-01, 4.63080779e-03, -2.43035331e-02,
       -5.51689137e-03, 9.99689400e-01 ]
K2: !!opencv-matrix
   rows: 3
   cols: 3
   dt: d
   data: [ 3.6687495098581172e+02, 0., 3.7621769200552956e+02, 0.,
       3.6726361788508825e+02, 2.2399932895774910e+02, 0., 0., 1. ]
D2: !!opencv-matrix
   rows: 5
   cols: 1
   dt: d
   data: [ -2.2201337830972428e-02, -1.1445843221826492e-03,
       2.9199201696882579e-04, -7.1705872414221615e-04,
       5.1284674356775366e-04 ]
P2: !!opencv-matrix
   rows: 3
   cols: 4
   dt: f
   data: [ 3.55547821e+02, 0., 3.57412323e+02, -1.52784509e+03, 0.,
       3.55547821e+02, 2.32204987e+02, 0., 0., 0., 1., 0. ]
R2: !!opencv-matrix
   rows: 3
   cols: 3
   dt: f
   data: [ 9.99210119e-01, 2.88015828e-02, 2.73788143e-02,
       -2.86622345e-02, 9.99574184e-01, -5.46859065e-03, -2.75246594e-02,
       4.67953319e-03, 9.99610186e-01 ]
