%YAML:1.0
---
Q: !!opencv-matrix
   rows: 4
   cols: 4
   dt: f
   data: [ 1., 0., 0., -3.70642059e+02, 0., 1., 0., -2.31944778e+02, 0.,
       0., 0., 3.59151733e+02, 0., 0., 9.08635184e-02, 0. ]
R: !!opencv-matrix
   rows: 3
   cols: 3
   dt: d
   data: [ 1.0048887351340634e+00, -9.0126909175805448e-03,
       -2.7191054188237539e-02, -9.8389567066899958e-03,
       1.0015239634844226e+00, 9.8552273383050795e-03,
       1.3115089256479529e-03, -1.0167248993818922e-02,
       1.0017125550451778e+00 ]
T: !!opencv-matrix
   rows: 3
   cols: 1
   dt: d
   data: [ -1.0997803881393146e+01, -3.7316779892839141e-01,
       -1.7455389809382060e-01 ]
E: !!opencv-matrix
   rows: 0
   cols: 0
   dt: u
   data: []
F: !!opencv-matrix
   rows: 0
   cols: 0
   dt: u
   data: []
K1: !!opencv-matrix
   rows: 3
   cols: 3
   dt: d
   data: [ 3.6627756984521932e+02, 0., 3.8060969928433269e+02, 0.,
       3.6653175179255015e+02, 2.3878059668569790e+02, 0., 0., 1. ]
D1: !!opencv-matrix
   rows: 5
   cols: 1
   dt: d
   data: [ -2.1859934914563901e-02, -9.9468572971318997e-04,
       1.6448003429794193e-03, -3.1164985765511365e-04,
       3.5195408316194161e-04 ]
P1: !!opencv-matrix
   rows: 3
   cols: 4
   dt: f
   data: [ 3.59151733e+02, 0., 3.70642059e+02, 0., 0., 3.59151733e+02,
       2.31944778e+02, 0., 0., 0., 1., 0. ]
R1: !!opencv-matrix
   rows: 3
   cols: 3
   dt: f
   data: [ 9.99414086e-01, 3.41648981e-02, 2.05082912e-03,
       -3.41748856e-02, 9.99403119e-01, 5.04869130e-03, -1.87711697e-03,
       -5.11582009e-03, 9.99985158e-01 ]
K2: !!opencv-matrix
   rows: 3
   cols: 3
   dt: d
   data: [ 3.6687495098581172e+02, 0., 3.7621769200552956e+02, 0.,
       3.6726361788508825e+02, 2.2399932895774910e+02, 0., 0., 1. ]
D2: !!opencv-matrix
   rows: 5
   cols: 1
   dt: d
   data: [ -2.2201337830972428e-02, -1.1445843221826492e-03,
       2.9199201696882579e-04, -7.1705872414221615e-04,
       5.1284674356775366e-04 ]
P2: !!opencv-matrix
   rows: 3
   cols: 4
   dt: f
   data: [ 3.59151733e+02, 0., 3.70642059e+02, -3.95265039e+03, 0.,
       3.59151733e+02, 2.31944778e+02, 0., 0., 0., 1., 0. ]
R2: !!opencv-matrix
   rows: 3
   cols: 3
   dt: f
   data: [ 9.99299109e-01, 3.39073390e-02, 1.58605799e-02,
       -3.38262655e-02, 9.99413371e-01, -5.35223726e-03, -1.60327572e-02,
       4.81198169e-03, 9.99859869e-01 ]
