%YAML:1.0
---
Q: !!opencv-matrix
   rows: 4
   cols: 4
   dt: f
   data: [ 1., 0., 0., -4.36993195e+02, 0., 1., 0., -2.31830887e+02, 0.,
       0., 0., 3.52648315e+02, 0., 0., 2.35304564e-01, 0. ]
R: !!opencv-matrix
   rows: 3
   cols: 3
   dt: d
   data: [ 1.0085106474043370e+00, -6.2220176464109107e-03,
       -2.1583766777461509e-02, -9.6149397410764600e-03,
       1.0033482749277935e+00, 9.7305445102889888e-03,
       1.5134365627039702e-03, -1.1321027116038346e-02,
       1.0032901951211148e+00 ]
T: !!opencv-matrix
   rows: 3
   cols: 1
   dt: d
   data: [ -3.9759663722722078e+00, 1.3503770424075520e-02,
       2.4849182624666041e-01 ]
E: !!opencv-matrix
   rows: 0
   cols: 0
   dt: u
   data: []
F: !!opencv-matrix
   rows: 0
   cols: 0
   dt: u
   data: []
K1: !!opencv-matrix
   rows: 3
   cols: 3
   dt: d
   data: [ 3.6627756984521932e+02, 0., 3.8060969928433269e+02, 0.,
       3.6653175179255015e+02, 2.3878059668569790e+02, 0., 0., 1. ]
D1: !!opencv-matrix
   rows: 5
   cols: 1
   dt: d
   data: [ -2.1859934914563901e-02, -9.9468572971318997e-04,
       1.6448003429794193e-03, -3.1164985765511365e-04,
       3.5195408316194161e-04 ]
P1: !!opencv-matrix
   rows: 3
   cols: 4
   dt: f
   data: [ 3.52648315e+02, 0., 4.36993195e+02, 0., 0., 3.52648315e+02,
       2.31830887e+02, 0., 0., 0., 1., 0. ]
R1: !!opencv-matrix
   rows: 3
   cols: 3
   dt: f
   data: [ 9.96755242e-01, 7.10863504e-04, -8.04892257e-02,
       -2.95150327e-04, 9.99986529e-01, 5.17661031e-03, 8.04918259e-02,
       -5.13605680e-03, 9.96742010e-01 ]
K2: !!opencv-matrix
   rows: 3
   cols: 3
   dt: d
   data: [ 3.6687495098581172e+02, 0., 3.7621769200552956e+02, 0.,
       3.6726361788508825e+02, 2.2399932895774910e+02, 0., 0., 1. ]
D2: !!opencv-matrix
   rows: 5
   cols: 1
   dt: d
   data: [ -2.2201337830972428e-02, -1.1445843221826492e-03,
       2.9199201696882579e-04, -7.1705872414221615e-04,
       5.1284674356775366e-04 ]
P2: !!opencv-matrix
   rows: 3
   cols: 4
   dt: f
   data: [ 3.52648315e+02, 0., 4.36993195e+02, -1.49868884e+03, 0.,
       3.52648315e+02, 2.31830887e+02, 0., 0., 0., 1., 0. ]
R2: !!opencv-matrix
   rows: 3
   cols: 3
   dt: f
   data: [ 9.97600675e-01, -1.95538695e-03, -6.92027733e-02,
       1.59802416e-03, 9.99985099e-01, -5.21897990e-03, 6.92119449e-02,
       5.09587023e-03, 9.97588992e-01 ]
