%YAML:1.0
---
Q: !!opencv-matrix
   rows: 4
   cols: 4
   dt: f
   data: [ 1., 0., 0., -4.31583954e+02, 0., 1., 0., -2.31900696e+02, 0.,
       0., 0., 3.51838531e+02, 0., 0., 2.51019955e-01, 0. ]
R: !!opencv-matrix
   rows: 3
   cols: 3
   dt: d
   data: [ 1.0085326802098697e+00, -6.4979544083855548e-03,
       -2.1844938554824441e-02, -9.6185331113885914e-03,
       1.0034745388487818e+00, 9.7266580202126831e-03,
       1.5474634153154097e-03, -1.1307780207507077e-02,
       1.0034842837499767e+00 ]
T: !!opencv-matrix
   rows: 3
   cols: 1
   dt: d
   data: [ -3.7213481559045669e+00, 1.5556697271139844e-02,
       2.2685722005561271e-01 ]
E: !!opencv-matrix
   rows: 0
   cols: 0
   dt: u
   data: []
F: !!opencv-matrix
   rows: 0
   cols: 0
   dt: u
   data: []
K1: !!opencv-matrix
   rows: 3
   cols: 3
   dt: d
   data: [ 3.6627756984521932e+02, 0., 3.8060969928433269e+02, 0.,
       3.6653175179255015e+02, 2.3878059668569790e+02, 0., 0., 1. ]
D1: !!opencv-matrix
   rows: 5
   cols: 1
   dt: d
   data: [ -2.1859934914563901e-02, -9.9468572971318997e-04,
       1.6448003429794193e-03, -3.1164985765511365e-04,
       3.5195408316194161e-04 ]
P1: !!opencv-matrix
   rows: 3
   cols: 4
   dt: f
   data: [ 3.51838531e+02, 0., 4.31583954e+02, 0., 0., 3.51838531e+02,
       2.31900696e+02, 0., 0., 0., 1., 0. ]
R1: !!opencv-matrix
   rows: 3
   cols: 3
   dt: f
   data: [ 9.97271657e-01, -1.05305202e-03, -7.38112628e-02,
       1.43572921e-03, 9.99985814e-01, 5.13166981e-03, 7.38048106e-02,
       -5.22364210e-03, 9.97259021e-01 ]
K2: !!opencv-matrix
   rows: 3
   cols: 3
   dt: d
   data: [ 3.6687495098581172e+02, 0., 3.7621769200552956e+02, 0.,
       3.6726361788508825e+02, 2.2399932895774910e+02, 0., 0., 1. ]
D2: !!opencv-matrix
   rows: 5
   cols: 1
   dt: d
   data: [ -2.2201337830972428e-02, -1.1445843221826492e-03,
       2.9199201696882579e-04, -7.1705872414221615e-04,
       5.1284674356775366e-04 ]
P2: !!opencv-matrix
   rows: 3
   cols: 4
   dt: f
   data: [ 3.51838531e+02, 0., 4.31583954e+02, -1.40163562e+03, 0.,
       3.51838531e+02, 2.31900696e+02, 0., 0., 0., 1., 0. ]
R2: !!opencv-matrix
   rows: 3
   cols: 3
   dt: f
   data: [ 9.98046935e-01, -3.38971592e-03, -6.23764098e-02,
       3.06632835e-03, 9.99981344e-01, -5.27944975e-03, 6.23931438e-02,
       5.07787196e-03, 9.98038709e-01 ]
