%YAML:1.0
---
Q: !!opencv-matrix
   rows: 4
   cols: 4
   dt: f
   data: [ 1., 0., 0., -3.64187012e+02, 0., 1., 0., -2.32065414e+02, 0.,
       0., 0., 3.54734680e+02, 0., 0., 2.19834253e-01, 0. ]
R: !!opencv-matrix
   rows: 3
   cols: 3
   dt: d
   data: [ 1.0058921814889932e+00, 7.8526194012511121e-03,
       -2.6652613467444347e-03, -9.7503675142701814e-03,
       1.0063182930006946e+00, 1.0476320770998540e-02,
       1.8416143807528042e-03, -1.0002456293282606e-02,
       1.0062203968371251e+00 ]
T: !!opencv-matrix
   rows: 3
   cols: 1
   dt: d
   data: [ -4.5649225824693280e+00, -1.1969331347375041e-01,
       -4.3358140830794555e-02 ]
E: !!opencv-matrix
   rows: 0
   cols: 0
   dt: u
   data: []
F: !!opencv-matrix
   rows: 0
   cols: 0
   dt: u
   data: []
K1: !!opencv-matrix
   rows: 3
   cols: 3
   dt: d
   data: [ 3.6627756984521932e+02, 0., 3.8060969928433269e+02, 0.,
       3.6653175179255015e+02, 2.3878059668569790e+02, 0., 0., 1. ]
D1: !!opencv-matrix
   rows: 5
   cols: 1
   dt: d
   data: [ -2.1859934914563901e-02, -9.9468572971318997e-04,
       1.6448003429794193e-03, -3.1164985765511365e-04,
       3.5195408316194161e-04 ]
P1: !!opencv-matrix
   rows: 3
   cols: 4
   dt: f
   data: [ 3.54734680e+02, 0., 3.64187012e+02, 0., 0., 3.54734680e+02,
       2.32065414e+02, 0., 0., 0., 1., 0. ]
R1: !!opencv-matrix
   rows: 3
   cols: 3
   dt: f
   data: [ 9.99186099e-01, 3.68970595e-02, 1.63003244e-02,
       -3.69797014e-02, 9.99304473e-01, 4.79794573e-03, -1.61119569e-02,
       -5.39682200e-03, 9.99855638e-01 ]
K2: !!opencv-matrix
   rows: 3
   cols: 3
   dt: d
   data: [ 3.6687495098581172e+02, 0., 3.7621769200552956e+02, 0.,
       3.6726361788508825e+02, 2.2399932895774910e+02, 0., 0., 1. ]
D2: !!opencv-matrix
   rows: 5
   cols: 1
   dt: d
   data: [ -2.2201337830972428e-02, -1.1445843221826492e-03,
       2.9199201696882579e-04, -7.1705872414221615e-04,
       5.1284674356775366e-04 ]
P2: !!opencv-matrix
   rows: 3
   cols: 4
   dt: f
   data: [ 3.54734680e+02, 0., 3.64187012e+02, -1.61364600e+03, 0.,
       3.54734680e+02, 2.32065414e+02, 0., 0., 0., 1., 0. ]
R2: !!opencv-matrix
   rows: 3
   cols: 3
   dt: f
   data: [ 9.99429643e-01, 2.84078009e-02, 1.82576478e-02,
       -2.83143334e-02, 9.99584734e-01, -5.35769854e-03, -1.84022654e-02,
       4.83768992e-03, 9.99818981e-01 ]
