%YAML:1.0
---
Q: !!opencv-matrix
   rows: 4
   cols: 4
   dt: f
   data: [ 1., 0., 0., -3.41647705e+02, 0., 1., 0., -2.32768143e+02, 0.,
       0., 0., 3.59330048e+02, 0., 0., 5.87004907e-02, 0. ]
R: !!opencv-matrix
   rows: 3
   cols: 3
   dt: d
   data: [ 1.0050070237526050e+00, 1.1093023848454612e-03,
       -9.7904322877193813e-03, -9.9067665509210718e-03,
       1.0015974730527974e+00, 1.0416790057425632e-02,
       1.7446222401931897e-03, -9.7984334646274394e-03,
       1.0022111524010144e+00 ]
T: !!opencv-matrix
   rows: 3
   cols: 1
   dt: d
   data: [ -1.6640499742778783e+01, -5.4053106346513569e-01,
       -3.5294700495174131e-01 ]
E: !!opencv-matrix
   rows: 0
   cols: 0
   dt: u
   data: []
F: !!opencv-matrix
   rows: 0
   cols: 0
   dt: u
   data: []
K1: !!opencv-matrix
   rows: 3
   cols: 3
   dt: d
   data: [ 3.6627756984521932e+02, 0., 3.8060969928433269e+02, 0.,
       3.6653175179255015e+02, 2.3878059668569790e+02, 0., 0., 1. ]
D1: !!opencv-matrix
   rows: 5
   cols: 1
   dt: d
   data: [ -2.1859934914563901e-02, -9.9468572971318997e-04,
       1.6448003429794193e-03, -3.1164985765511365e-04,
       3.5195408316194161e-04 ]
P1: !!opencv-matrix
   rows: 3
   cols: 4
   dt: f
   data: [ 3.59330048e+02, 0., 3.41647705e+02, 0., 0., 3.59330048e+02,
       2.32768143e+02, 0., 0., 0., 1., 0. ]
R1: !!opencv-matrix
   rows: 3
   cols: 3
   dt: f
   data: [ 9.97981608e-01, 4.62955274e-02, 4.34677638e-02,
       -4.65159379e-02, 9.98909235e-01, 4.07243799e-03, -4.32318151e-02,
       -6.08616229e-03, 9.99046504e-01 ]
K2: !!opencv-matrix
   rows: 3
   cols: 3
   dt: d
   data: [ 3.6687495098581172e+02, 0., 3.7621769200552956e+02, 0.,
       3.6726361788508825e+02, 2.2399932895774910e+02, 0., 0., 1. ]
D2: !!opencv-matrix
   rows: 5
   cols: 1
   dt: d
   data: [ -2.2201337830972428e-02, -1.1445843221826492e-03,
       2.9199201696882579e-04, -7.1705872414221615e-04,
       5.1284674356775366e-04 ]
P2: !!opencv-matrix
   rows: 3
   cols: 4
   dt: f
   data: [ 3.59330048e+02, 0., 3.41647705e+02, -6.12141504e+03, 0.,
       3.59330048e+02, 2.32768143e+02, 0., 0., 0., 1., 0. ]
R2: !!opencv-matrix
   rows: 3
   cols: 3
   dt: f
   data: [ 9.97971892e-01, 4.14652824e-02, 4.82989512e-02,
       -4.12191749e-02, 9.99131620e-01, -6.08087564e-03, -4.85091582e-02,
       4.07769997e-03, 9.98814404e-01 ]
