%YAML:1.0
---
Q: !!opencv-matrix
   rows: 4
   cols: 4
   dt: f
   data: [ 1., 0., 0., -3.84203186e+02, 0., 1., 0., -2.31698730e+02, 0.,
       0., 0., 3.58891052e+02, 0., 0., 4.26940322e-02, 0. ]
R: !!opencv-matrix
   rows: 3
   cols: 3
   dt: d
   data: [ 1.0036999032147793e+00, -7.5796550229618731e-03,
       -2.5740032003950867e-02, -9.8666328753072574e-03,
       1.0012743294244908e+00, 9.8820934067471826e-03,
       1.2052329487087462e-03, -1.0177416468732148e-02,
       1.0014886119479227e+00 ]
T: !!opencv-matrix
   rows: 3
   cols: 1
   dt: d
   data: [ -2.0853805903594651e+01, -5.8798034939160237e-01,
       -8.6194059938098616e-02 ]
E: !!opencv-matrix
   rows: 0
   cols: 0
   dt: u
   data: []
F: !!opencv-matrix
   rows: 0
   cols: 0
   dt: u
   data: []
K1: !!opencv-matrix
   rows: 3
   cols: 3
   dt: d
   data: [ 3.6627756984521932e+02, 0., 3.8060969928433269e+02, 0.,
       3.6653175179255015e+02, 2.3878059668569790e+02, 0., 0., 1. ]
D1: !!opencv-matrix
   rows: 5
   cols: 1
   dt: d
   data: [ -2.1859934914563901e-02, -9.9468572971318997e-04,
       1.6448003429794193e-03, -3.1164985765511365e-04,
       3.5195408316194161e-04 ]
P1: !!opencv-matrix
   rows: 3
   cols: 4
   dt: f
   data: [ 3.58891052e+02, 0., 3.84203186e+02, 0., 0., 3.58891052e+02,
       2.31698730e+02, 0., 0., 0., 1., 0. ]
R1: !!opencv-matrix
   rows: 3
   cols: 3
   dt: f
   data: [ 9.99552369e-01, 2.60373466e-02, -1.47362165e-02,
       -2.59622838e-02, 9.99649048e-01, 5.26238233e-03, 1.48680639e-02,
       -4.87744110e-03, 9.99877572e-01 ]
K2: !!opencv-matrix
   rows: 3
   cols: 3
   dt: d
   data: [ 3.6687495098581172e+02, 0., 3.7621769200552956e+02, 0.,
       3.6726361788508825e+02, 2.2399932895774910e+02, 0., 0., 1. ]
D2: !!opencv-matrix
   rows: 5
   cols: 1
   dt: d
   data: [ -2.2201337830972428e-02, -1.1445843221826492e-03,
       2.9199201696882579e-04, -7.1705872414221615e-04,
       5.1284674356775366e-04 ]
P2: !!opencv-matrix
   rows: 3
   cols: 4
   dt: f
   data: [ 3.58891052e+02, 0., 3.84203186e+02, -8.40611719e+03, 0.,
       3.58891052e+02, 2.31698730e+02, 0., 0., 0., 1., 0. ]
R2: !!opencv-matrix
   rows: 3
   cols: 3
   dt: f
   data: [ 9.99694824e-01, 2.46310495e-02, -1.87904062e-03,
       -2.46402603e-02, 9.99683619e-01, -5.04771248e-03, 1.75411568e-03,
       5.09247230e-03, 9.99985516e-01 ]
