%YAML:1.0
---
Q: !!opencv-matrix
   rows: 4
   cols: 4
   dt: f
   data: [ 1., 0., 0., -3.60578217e+02, 0., 1., 0., -2.32137589e+02, 0.,
       0., 0., 3.54801178e+02, 0., 0., 2.18073502e-01, 0. ]
R: !!opencv-matrix
   rows: 3
   cols: 3
   dt: d
   data: [ 1.0057986371051468e+00, 8.4667751509433283e-03,
       -2.3715208918164248e-03, -9.7046670861448431e-03,
       1.0061519773826644e+00, 1.0531792944436694e-02,
       1.8643021781291754e-03, -9.5561342391417611e-03,
       1.0063319197844487e+00 ]
T: !!opencv-matrix
   rows: 3
   cols: 1
   dt: d
   data: [ -4.6019123636931569e+00, -1.2954411769603144e-01,
       -1.0113831835022080e-01 ]
E: !!opencv-matrix
   rows: 0
   cols: 0
   dt: u
   data: []
F: !!opencv-matrix
   rows: 0
   cols: 0
   dt: u
   data: []
K1: !!opencv-matrix
   rows: 3
   cols: 3
   dt: d
   data: [ 3.6627756984521932e+02, 0., 3.8060969928433269e+02, 0.,
       3.6653175179255015e+02, 2.3878059668569790e+02, 0., 0., 1. ]
D1: !!opencv-matrix
   rows: 5
   cols: 1
   dt: d
   data: [ -2.1859934914563901e-02, -9.9468572971318997e-04,
       1.6448003429794193e-03, -3.1164985765511365e-04,
       3.5195408316194161e-04 ]
P1: !!opencv-matrix
   rows: 3
   cols: 4
   dt: f
   data: [ 3.54801178e+02, 0., 3.60578217e+02, 0., 0., 3.54801178e+02,
       2.32137589e+02, 0., 0., 0., 1., 0. ]
R1: !!opencv-matrix
   rows: 3
   cols: 3
   dt: f
   data: [ 9.99105155e-01, 3.67287844e-02, 2.09738910e-02,
       -3.68343592e-02, 9.99310493e-01, 4.66940459e-03, -2.07879264e-02,
       -5.43778576e-03, 9.99769092e-01 ]
K2: !!opencv-matrix
   rows: 3
   cols: 3
   dt: d
   data: [ 3.6687495098581172e+02, 0., 3.7621769200552956e+02, 0.,
       3.6726361788508825e+02, 2.2399932895774910e+02, 0., 0., 1. ]
D2: !!opencv-matrix
   rows: 5
   cols: 1
   dt: d
   data: [ -2.2201337830972428e-02, -1.1445843221826492e-03,
       2.9199201696882579e-04, -7.1705872414221615e-04,
       5.1284674356775366e-04 ]
P2: !!opencv-matrix
   rows: 3
   cols: 4
   dt: f
   data: [ 3.54801178e+02, 0., 3.60578217e+02, -1.62697974e+03, 0.,
       3.54801178e+02, 2.32137589e+02, 0., 0., 0., 1., 0. ]
R2: !!opencv-matrix
   rows: 3
   cols: 3
   dt: f
   data: [ 9.99347568e-01, 2.79938783e-02, 2.28218827e-02,
       -2.78781429e-02, 9.99596894e-01, -5.37377037e-03, -2.29631159e-02,
       4.73403232e-03, 9.99725103e-01 ]
