%YAML:1.0
---
Q: !!opencv-matrix
   rows: 4
   cols: 4
   dt: f
   data: [ 1., 0., 0., -4.08725037e+02, 0., 1., 0., -2.31182602e+02, 0.,
       0., 0., 3.60423828e+02, 0., 0., 2.27519110e-01, 0. ]
R: !!opencv-matrix
   rows: 3
   cols: 3
   dt: d
   data: [ 1.0062600628016436e+00, 8.1053310980099286e-03,
       -4.3158333371204225e-03, -9.9036966602576507e-03,
       1.0075047188598016e+00, 1.0453806446356928e-02,
       1.7645560433306119e-03, -1.1169276189803188e-02,
       1.0060841408797740e+00 ]
T: !!opencv-matrix
   rows: 3
   cols: 1
   dt: d
   data: [ -4.4450156125045970e+00, -1.1393390958226306e-01,
       1.7472725124326063e-01 ]
E: !!opencv-matrix
   rows: 0
   cols: 0
   dt: u
   data: []
F: !!opencv-matrix
   rows: 0
   cols: 0
   dt: u
   data: []
K1: !!opencv-matrix
   rows: 3
   cols: 3
   dt: d
   data: [ 3.6627756984521932e+02, 0., 3.8060969928433269e+02, 0.,
       3.6653175179255015e+02, 2.3878059668569790e+02, 0., 0., 1. ]
D1: !!opencv-matrix
   rows: 5
   cols: 1
   dt: d
   data: [ -2.1859934914563901e-02, -9.9468572971318997e-04,
       1.6448003429794193e-03, -3.1164985765511365e-04,
       3.5195408316194161e-04 ]
P1: !!opencv-matrix
   rows: 3
   cols: 4
   dt: f
   data: [ 3.60423828e+02, 0., 4.08725037e+02, 0., 0., 3.60423828e+02,
       2.31182602e+02, 0., 0., 0., 1., 0. ]
R1: !!opencv-matrix
   rows: 3
   cols: 3
   dt: f
   data: [ 9.98599470e-01, 3.33972685e-02, -4.10325713e-02,
       -3.31800692e-02, 9.99431610e-01, 5.96323004e-03, 4.12084013e-02,
       -4.59341519e-03, 9.99140024e-01 ]
K2: !!opencv-matrix
   rows: 3
   cols: 3
   dt: d
   data: [ 3.6687495098581172e+02, 0., 3.7621769200552956e+02, 0.,
       3.6726361788508825e+02, 2.2399932895774910e+02, 0., 0., 1. ]
D2: !!opencv-matrix
   rows: 5
   cols: 1
   dt: d
   data: [ -2.2201337830972428e-02, -1.1445843221826492e-03,
       2.9199201696882579e-04, -7.1705872414221615e-04,
       5.1284674356775366e-04 ]
P2: !!opencv-matrix
   rows: 3
   cols: 4
   dt: f
   data: [ 3.60423828e+02, 0., 4.08725037e+02, -1.58414746e+03, 0.,
       3.60423828e+02, 2.31182602e+02, 0., 0., 0., 1., 0. ]
R2: !!opencv-matrix
   rows: 3
   cols: 3
   dt: f
   data: [ 9.98979568e-01, 2.42064223e-02, -3.81291620e-02,
       -2.44074650e-02, 9.99690473e-01, -4.81596356e-03, 3.80007848e-02,
       5.74168563e-03, 9.99261200e-01 ]
