%YAML:1.0
---
Q: !!opencv-matrix
   rows: 4
   cols: 4
   dt: f
   data: [ 1., 0., 0., -3.21615173e+02, 0., 1., 0., -2.40452820e+02, 0.,
       0., 0., 4.71684906e+02, 0., 0., 2.12541834e-01, 0. ]
R: !!opencv-matrix
   rows: 3
   cols: 3
   dt: d
   data: [ 1.0057608779982838e+00, 8.4226237646258962e-03,
       -3.6709781329074364e-03, -1.0411154048852202e-02,
       1.0093331274435866e+00, 1.6821502769837061e-02,
       3.4684828530696134e-03, -5.6647535327113635e-03,
       1.0054671066417704e+00 ]
T: !!opencv-matrix
   rows: 3
   cols: 1
   dt: d
   data: [ -4.4962861038880515e+00, -1.1137724257747759e+00,
       -2.8954072445208845e-01 ]
E: !!opencv-matrix
   rows: 0
   cols: 0
   dt: u
   data: []
F: !!opencv-matrix
   rows: 0
   cols: 0
   dt: u
   data: []
K1: !!opencv-matrix
   rows: 3
   cols: 3
   dt: d
   data: [ 3.6627756984521932e+02, 0., 3.8060969928433269e+02, 0.,
       3.6653175179255015e+02, 2.3878059668569790e+02, 0., 0., 1. ]
D1: !!opencv-matrix
   rows: 5
   cols: 1
   dt: d
   data: [ -2.1859934914563901e-02, -9.9468572971318997e-04,
       1.6448003429794193e-03, -3.1164985765511365e-04,
       3.5195408316194161e-04 ]
P1: !!opencv-matrix
   rows: 3
   cols: 4
   dt: f
   data: [ 4.71684906e+02, 0., 3.21615173e+02, 0., 0., 4.71684906e+02,
       2.40452820e+02, 0., 0., 0., 1., 0. ]
R1: !!opencv-matrix
   rows: 3
   cols: 3
   dt: f
   data: [ 9.65106785e-01, 2.52469718e-01, 6.94832280e-02,
       -2.52878845e-01, 9.67493355e-01, -2.98895640e-03, -6.79791793e-02,
       -1.46861766e-02, 9.97578621e-01 ]
K2: !!opencv-matrix
   rows: 3
   cols: 3
   dt: d
   data: [ 3.6687495098581172e+02, 0., 3.7621769200552956e+02, 0.,
       3.6726361788508825e+02, 2.2399932895774910e+02, 0., 0., 1. ]
D2: !!opencv-matrix
   rows: 5
   cols: 1
   dt: d
   data: [ -2.2201337830972428e-02, -1.1445843221826492e-03,
       2.9199201696882579e-04, -7.1705872414221615e-04,
       5.1284674356775366e-04 ]
P2: !!opencv-matrix
   rows: 3
   cols: 4
   dt: f
   data: [ 4.71684906e+02, 0., 3.21615173e+02, -2.21925659e+03, 0.,
       4.71684906e+02, 2.40452820e+02, 0., 0., 0., 1., 0. ]
R2: !!opencv-matrix
   rows: 3
   cols: 3
   dt: f
   data: [ 9.67236161e-01, 2.44043022e-01, 6.99799433e-02,
       -2.43622378e-01, 9.69760060e-01, -1.46155488e-02, -7.14305714e-02,
       -2.91199284e-03, 9.97441351e-01 ]
