%YAML:1.0
---
Q: !!opencv-matrix
   rows: 4
   cols: 4
   dt: f
   data: [ 1., 0., 0., -3.60736725e+02, 0., 1., 0., -2.32037552e+02, 0.,
       0., 0., 3.54782379e+02, 0., 0., 2.46073470e-01, 0. ]
R: !!opencv-matrix
   rows: 3
   cols: 3
   dt: d
   data: [ 1.0060542574052991e+00, 2.6677604751331723e-03,
       -7.3409937212870020e-03, -9.7772210860993473e-03,
       1.0056035059686044e+00, 1.0278971641409857e-02,
       1.4667941111834550e-03, -9.4902996749421167e-03,
       1.0062361792042072e+00 ]
T: !!opencv-matrix
   rows: 3
   cols: 1
   dt: d
   data: [ -4.0812222954869242e+00, -7.3151487224798487e-02,
       -9.6294195415528430e-02 ]
E: !!opencv-matrix
   rows: 0
   cols: 0
   dt: u
   data: []
F: !!opencv-matrix
   rows: 0
   cols: 0
   dt: u
   data: []
K1: !!opencv-matrix
   rows: 3
   cols: 3
   dt: d
   data: [ 3.6627756984521932e+02, 0., 3.8060969928433269e+02, 0.,
       3.6653175179255015e+02, 2.3878059668569790e+02, 0., 0., 1. ]
D1: !!opencv-matrix
   rows: 5
   cols: 1
   dt: d
   data: [ -2.1859934914563901e-02, -9.9468572971318997e-04,
       1.6448003429794193e-03, -3.1164985765511365e-04,
       3.5195408316194161e-04 ]
P1: !!opencv-matrix
   rows: 3
   cols: 4
   dt: f
   data: [ 3.54782379e+02, 0., 3.60736725e+02, 0., 0., 3.54782379e+02,
       2.32037552e+02, 0., 0., 0., 1., 0. ]
R1: !!opencv-matrix
   rows: 3
   cols: 3
   dt: f
   data: [ 9.99518156e-01, 2.40190160e-02, 1.96609814e-02,
       -2.41161305e-02, 9.99698043e-01, 4.71729785e-03, -1.95417404e-02,
       -5.18917153e-03, 9.99795556e-01 ]
K2: !!opencv-matrix
   rows: 3
   cols: 3
   dt: d
   data: [ 3.6687495098581172e+02, 0., 3.7621769200552956e+02, 0.,
       3.6726361788508825e+02, 2.2399932895774910e+02, 0., 0., 1. ]
D2: !!opencv-matrix
   rows: 5
   cols: 1
   dt: d
   data: [ -2.2201337830972428e-02, -1.1445843221826492e-03,
       2.9199201696882579e-04, -7.1705872414221615e-04,
       5.1284674356775366e-04 ]
P2: !!opencv-matrix
   rows: 3
   cols: 4
   dt: f
   data: [ 3.54782379e+02, 0., 3.60736725e+02, -1.44177417e+03, 0.,
       3.54782379e+02, 2.32037552e+02, 0., 0., 0., 1., 0. ]
R2: !!opencv-matrix
   rows: 3
   cols: 3
   dt: f
   data: [ 9.99548674e-01, 1.81866009e-02, 2.39112582e-02,
       -1.80679113e-02, 9.99823391e-01, -5.17045241e-03, -2.40010675e-02,
       4.73609241e-03, 9.99700725e-01 ]
