%YAML:1.0
---
Q: !!opencv-matrix
   rows: 4
   cols: 4
   dt: f
   data: [ 1., 0., 0., -2.99714111e+02, 0., 1., 0., -2.33922409e+02, 0.,
       0., 0., 3.59793091e+02, 0., 0., 5.40760765e-03, 0. ]
R: !!opencv-matrix
   rows: 3
   cols: 3
   dt: d
   data: [ 9.9816857883713994e-01, 9.5824936990312522e-03,
       -3.0877257903003160e-03, -9.6683489918812718e-03,
       9.9940008695060767e-01, 1.0875700778612803e-02,
       2.0897580926230721e-03, -6.9416858980546241e-03,
       1.0013778278736267e+00 ]
T: !!opencv-matrix
   rows: 3
   cols: 1
   dt: d
   data: [ -1.8200738031550358e+02, -7.6539088708515379e+00,
       -1.8134322594628426e+01 ]
E: !!opencv-matrix
   rows: 0
   cols: 0
   dt: u
   data: []
F: !!opencv-matrix
   rows: 0
   cols: 0
   dt: u
   data: []
K1: !!opencv-matrix
   rows: 3
   cols: 3
   dt: d
   data: [ 3.6627756984521932e+02, 0., 3.8060969928433269e+02, 0.,
       3.6653175179255015e+02, 2.3878059668569790e+02, 0., 0., 1. ]
D1: !!opencv-matrix
   rows: 5
   cols: 1
   dt: d
   data: [ -2.1859934914563901e-02, -9.9468572971318997e-04,
       1.6448003429794193e-03, -3.1164985765511365e-04,
       3.5195408316194161e-04 ]
P1: !!opencv-matrix
   rows: 3
   cols: 4
   dt: f
   data: [ 3.59793091e+02, 0., 2.99714111e+02, 0., 0., 3.59793091e+02,
       2.33922409e+02, 0., 0., 0., 1., 0. ]
R1: !!opencv-matrix
   rows: 3
   cols: 3
   dt: f
   data: [ 9.94040668e-01, 4.92252111e-02, 9.72623825e-02,
       -4.96823601e-02, 9.98762488e-01, 2.28241575e-03, -9.70296636e-02,
       -7.10103894e-03, 9.95256186e-01 ]
K2: !!opencv-matrix
   rows: 3
   cols: 3
   dt: d
   data: [ 3.6687495098581172e+02, 0., 3.7621769200552956e+02, 0.,
       3.6726361788508825e+02, 2.2399932895774910e+02, 0., 0., 1. ]
D2: !!opencv-matrix
   rows: 5
   cols: 1
   dt: d
   data: [ -2.2201337830972428e-02, -1.1445843221826492e-03,
       2.9199201696882579e-04, -7.1705872414221615e-04,
       5.1284674356775366e-04 ]
P2: !!opencv-matrix
   rows: 3
   cols: 4
   dt: f
   data: [ 3.59793091e+02, 0., 2.99714111e+02, -6.65346172e+04, 0.,
       3.59793091e+02, 2.33922409e+02, 0., 0., 0., 1., 0. ]
R2: !!opencv-matrix
   rows: 3
   cols: 3
   dt: f
   data: [ 9.94237661e-01, 4.03914526e-02, 9.92973074e-02,
       -3.99237610e-02, 9.99180317e-01, -6.69340463e-03, -9.94862691e-02,
       2.69051315e-03, 9.95035291e-01 ]
