%YAML:1.0
---
Q: !!opencv-matrix
   rows: 4
   cols: 4
   dt: f
   data: [ 1., 0., 0., -2.99955902e+02, 0., 1., 0., -2.33982010e+02, 0.,
       0., 0., 3.60188751e+02, 0., 0., 5.46243228e-03, 0. ]
R: !!opencv-matrix
   rows: 3
   cols: 3
   dt: d
   data: [ 9.9825031545665033e-01, 9.3169481388075716e-03,
       -3.3888838491896267e-03, -9.6840077963294587e-03,
       9.9935752803298783e-01, 1.0914630041765794e-02,
       2.0431581648317379e-03, -6.9185049301751945e-03,
       1.0013496564656250e+00 ]
T: !!opencv-matrix
   rows: 3
   cols: 1
   dt: d
   data: [ -1.8034394660370276e+02, -7.9019608859008690e+00,
       -1.8363476387204891e+01 ]
E: !!opencv-matrix
   rows: 0
   cols: 0
   dt: u
   data: []
F: !!opencv-matrix
   rows: 0
   cols: 0
   dt: u
   data: []
K1: !!opencv-matrix
   rows: 3
   cols: 3
   dt: d
   data: [ 3.6627756984521932e+02, 0., 3.8060969928433269e+02, 0.,
       3.6653175179255015e+02, 2.3878059668569790e+02, 0., 0., 1. ]
D1: !!opencv-matrix
   rows: 5
   cols: 1
   dt: d
   data: [ -2.1859934914563901e-02, -9.9468572971318997e-04,
       1.6448003429794193e-03, -3.1164985765511365e-04,
       3.5195408316194161e-04 ]
P1: !!opencv-matrix
   rows: 3
   cols: 4
   dt: f
   data: [ 3.60188751e+02, 0., 2.99955902e+02, 0., 0., 3.60188751e+02,
       2.33982010e+02, 0., 0., 0., 1., 0. ]
R1: !!opencv-matrix
   rows: 3
   cols: 3
   dt: f
   data: [ 9.94012713e-01, 5.05170412e-02, 9.68852788e-02,
       -5.09735830e-02, 9.98697460e-01, 2.24129739e-03, -9.66458619e-02,
       -7.16646807e-03, 9.95293021e-01 ]
K2: !!opencv-matrix
   rows: 3
   cols: 3
   dt: d
   data: [ 3.6687495098581172e+02, 0., 3.7621769200552956e+02, 0.,
       3.6726361788508825e+02, 2.2399932895774910e+02, 0., 0., 1. ]
D2: !!opencv-matrix
   rows: 5
   cols: 1
   dt: d
   data: [ -2.2201337830972428e-02, -1.1445843221826492e-03,
       2.9199201696882579e-04, -7.1705872414221615e-04,
       5.1284674356775366e-04 ]
P2: !!opencv-matrix
   rows: 3
   cols: 4
   dt: f
   data: [ 3.60188751e+02, 0., 2.99955902e+02, -6.59392578e+04, 0.,
       3.60188751e+02, 2.33982010e+02, 0., 0., 0., 1., 0. ]
R2: !!opencv-matrix
   rows: 3
   cols: 3
   dt: f
   data: [ 9.94203031e-01, 4.18089591e-02, 9.90575105e-02,
       -4.13411632e-02, 9.99122143e-01, -6.77131023e-03, -9.92536545e-02,
       2.63690413e-03, 9.95058656e-01 ]
