%YAML:1.0
---
Q: !!opencv-matrix
   rows: 4
   cols: 4
   dt: f
   data: [ 1., 0., 0., -7.69869690e+01, 0., 1., 0., -2.20529587e+02, 0.,
       0., 0., 3.30707642e+02, 0., 0., 1.06511321e-02, 0. ]
R: !!opencv-matrix
   rows: 3
   cols: 3
   dt: d
   data: [ 9.9973942360180046e-01, -4.3852339793134980e-03,
       -1.6491652460954527e-02, -9.6737372439863641e-03,
       9.9828378445275179e-01, 9.5170163299673882e-03,
       1.2078144866783371e-03, -7.8485883623109834e-03,
       1.0020824681146354e+00 ]
T: !!opencv-matrix
   rows: 3
   cols: 1
   dt: d
   data: [ -8.2419453781200900e+01, 5.5721224091828092e-01,
       -1.8930968844122351e+01 ]
E: !!opencv-matrix
   rows: 0
   cols: 0
   dt: u
   data: []
F: !!opencv-matrix
   rows: 0
   cols: 0
   dt: u
   data: []
K1: !!opencv-matrix
   rows: 3
   cols: 3
   dt: d
   data: [ 3.6627756984521932e+02, 0., 3.8060969928433269e+02, 0.,
       3.6653175179255015e+02, 2.3878059668569790e+02, 0., 0., 1. ]
D1: !!opencv-matrix
   rows: 5
   cols: 1
   dt: d
   data: [ -2.1859934914563901e-02, -9.9468572971318997e-04,
       1.6448003429794193e-03, -3.1164985765511365e-04,
       3.5195408316194161e-04 ]
P1: !!opencv-matrix
   rows: 3
   cols: 4
   dt: f
   data: [ 3.30707642e+02, 0., 7.69869690e+01, 0., 0., 3.30707642e+02,
       2.20529587e+02, 0., 0., 0., 1., 0. ]
R1: !!opencv-matrix
   rows: 3
   cols: 3
   dt: f
   data: [ 9.47411120e-01, -5.02236299e-02, 3.16053331e-01,
       4.89754640e-02, 9.98729110e-01, 1.18964138e-02, -3.16249162e-01,
       4.20806324e-03, 9.48666811e-01 ]
K2: !!opencv-matrix
   rows: 3
   cols: 3
   dt: d
   data: [ 3.6687495098581172e+02, 0., 3.7621769200552956e+02, 0.,
       3.6726361788508825e+02, 2.2399932895774910e+02, 0., 0., 1. ]
D2: !!opencv-matrix
   rows: 5
   cols: 1
   dt: d
   data: [ -2.2201337830972428e-02, -1.1445843221826492e-03,
       2.9199201696882579e-04, -7.1705872414221615e-04,
       5.1284674356775366e-04 ]
P2: !!opencv-matrix
   rows: 3
   cols: 4
   dt: f
   data: [ 3.30707642e+02, 0., 7.69869690e+01, -3.10490605e+04, 0.,
       3.30707642e+02, 2.20529587e+02, 0., 0., 0., 1., 0. ]
R2: !!opencv-matrix
   rows: 3
   cols: 3
   dt: f
   data: [ 9.44622815e-01, -5.06272912e-02, 3.24229300e-01,
       5.19078672e-02, 9.98640776e-01, 4.70384583e-03, -3.24026734e-01,
       1.23866908e-02, 9.45966840e-01 ]
