%YAML:1.0
---
Q: !!opencv-matrix
   rows: 4
   cols: 4
   dt: f
   data: [ 1., 0., 0., -3.38099457e+02, 0., 1., 0., -2.32895691e+02, 0.,
       0., 0., 3.57928986e+02, 0., 0., 2.10550278e-01, 0. ]
R: !!opencv-matrix
   rows: 3
   cols: 3
   dt: d
   data: [ 1.0054956202926637e+00, 9.3704830880047552e-03,
       -1.8837577202445830e-03, -9.7761588785409432e-03,
       1.0058438673516952e+00, 1.0988377721331549e-02,
       1.7069785945638930e-03, -8.5033256287933342e-03,
       1.0065828876730634e+00 ]
T: !!opencv-matrix
   rows: 3
   cols: 1
   dt: d
   data: [ -4.7352812288273478e+00, -2.0717795741453710e-01,
       -2.7415865670330114e-01 ]
E: !!opencv-matrix
   rows: 0
   cols: 0
   dt: u
   data: []
F: !!opencv-matrix
   rows: 0
   cols: 0
   dt: u
   data: []
K1: !!opencv-matrix
   rows: 3
   cols: 3
   dt: d
   data: [ 3.6627756984521932e+02, 0., 3.8060969928433269e+02, 0.,
       3.6653175179255015e+02, 2.3878059668569790e+02, 0., 0., 1. ]
D1: !!opencv-matrix
   rows: 5
   cols: 1
   dt: d
   data: [ -2.1859934914563901e-02, -9.9468572971318997e-04,
       1.6448003429794193e-03, -3.1164985765511365e-04,
       3.5195408316194161e-04 ]
P1: !!opencv-matrix
   rows: 3
   cols: 4
   dt: f
   data: [ 3.57928986e+02, 0., 3.38099457e+02, 0., 0., 3.57928986e+02,
       2.32895691e+02, 0., 0., 0., 1., 0. ]
R1: !!opencv-matrix
   rows: 3
   cols: 3
   dt: f
   data: [ 9.97520089e-01, 4.98028919e-02, 4.97330837e-02,
       -5.00512533e-02, 9.98739600e-01, 3.76031711e-03, -4.94831242e-02,
       -6.24019513e-03, 9.98755455e-01 ]
K2: !!opencv-matrix
   rows: 3
   cols: 3
   dt: d
   data: [ 3.6687495098581172e+02, 0., 3.7621769200552956e+02, 0.,
       3.6726361788508825e+02, 2.2399932895774910e+02, 0., 0., 1. ]
D2: !!opencv-matrix
   rows: 5
   cols: 1
   dt: d
   data: [ -2.2201337830972428e-02, -1.1445843221826492e-03,
       2.9199201696882579e-04, -7.1705872414221615e-04,
       5.1284674356775366e-04 ]
P2: !!opencv-matrix
   rows: 3
   cols: 4
   dt: f
   data: [ 3.57928986e+02, 0., 3.38099457e+02, -1.69996912e+03, 0.,
       3.57928986e+02, 2.32895691e+02, 0., 0., 0., 1., 0. ]
R2: !!opencv-matrix
   rows: 3
   cols: 3
   dt: f
   data: [ 9.97862279e-01, 4.07900773e-02, 5.10597639e-02,
       -4.05339599e-02, 9.99159873e-01, -6.04196964e-03, -5.12633212e-02,
       3.95939872e-03, 9.98677313e-01 ]
