%YAML:1.0
---
Q: !!opencv-matrix
   rows: 4
   cols: 4
   dt: f
   data: [ 1., 0., 0., -4.12407654e+02, 0., 1., 0., -2.31220291e+02, 0.,
       0., 0., 3.59914612e+02, 0., 0., 2.26771265e-01, 0. ]
R: !!opencv-matrix
   rows: 3
   cols: 3
   dt: d
   data: [ 1.0073889339526134e+00, 6.6897224724387899e-03,
       -5.8540686637165258e-03, -9.9113166536225327e-03,
       1.0069386953726602e+00, 1.0320519111431259e-02,
       1.7298405901810428e-03, -1.1091959727889235e-02,
       1.0053567190342416e+00 ]
T: !!opencv-matrix
   rows: 3
   cols: 1
   dt: d
   data: [ -4.3125287298040407e+00, -9.3421496996153527e-02,
       2.0475746955743701e-01 ]
E: !!opencv-matrix
   rows: 0
   cols: 0
   dt: u
   data: []
F: !!opencv-matrix
   rows: 0
   cols: 0
   dt: u
   data: []
K1: !!opencv-matrix
   rows: 3
   cols: 3
   dt: d
   data: [ 3.6627756984521932e+02, 0., 3.8060969928433269e+02, 0.,
       3.6653175179255015e+02, 2.3878059668569790e+02, 0., 0., 1. ]
D1: !!opencv-matrix
   rows: 5
   cols: 1
   dt: d
   data: [ -2.1859934914563901e-02, -9.9468572971318997e-04,
       1.6448003429794193e-03, -3.1164985765511365e-04,
       3.5195408316194161e-04 ]
P1: !!opencv-matrix
   rows: 3
   cols: 4
   dt: f
   data: [ 3.59914612e+02, 0., 4.12407654e+02, 0., 0., 3.59914612e+02,
       2.31220291e+02, 0., 0., 0., 1., 0. ]
R1: !!opencv-matrix
   rows: 3
   cols: 3
   dt: f
   data: [ 9.98535514e-01, 2.88054906e-02, -4.57934365e-02,
       -2.85667982e-02, 9.99574721e-01, 5.85841713e-03, 4.59427163e-02,
       -4.54166578e-03, 9.98933733e-01 ]
K2: !!opencv-matrix
   rows: 3
   cols: 3
   dt: d
   data: [ 3.6687495098581172e+02, 0., 3.7621769200552956e+02, 0.,
       3.6726361788508825e+02, 2.2399932895774910e+02, 0., 0., 1. ]
D2: !!opencv-matrix
   rows: 5
   cols: 1
   dt: d
   data: [ -2.2201337830972428e-02, -1.1445843221826492e-03,
       2.9199201696882579e-04, -7.1705872414221615e-04,
       5.1284674356775366e-04 ]
P2: !!opencv-matrix
   rows: 3
   cols: 4
   dt: f
   data: [ 3.59914612e+02, 0., 4.12407654e+02, -1.58712622e+03, 0.,
       3.59914612e+02, 2.31220291e+02, 0., 0., 0., 1., 0. ]
R2: !!opencv-matrix
   rows: 3
   cols: 3
   dt: f
   data: [ 9.98892069e-01, 1.99516192e-02, -4.26215082e-02,
       -2.01731250e-02, 9.99785125e-01, -4.77324473e-03, 4.25171144e-02,
       5.62776532e-03, 9.99079883e-01 ]
