%YAML:1.0
---
Q: !!opencv-matrix
   rows: 4
   cols: 4
   dt: f
   data: [ 1., 0., 0., -4.93976837e+02, 0., 1., 0., -2.32058975e+02, 0.,
       0., 0., 3.51526093e+02, 0., 0., 6.90559074e-02, 0. ]
R: !!opencv-matrix
   rows: 3
   cols: 3
   dt: d
   data: [ 1.0066111864295986e+00, -1.5246698299522081e-03,
       -1.4162789442686344e-02, -9.9326276732784984e-03,
       1.0030874139040786e+00, 9.5394771638196273e-03,
       1.5829774985446469e-03, -1.2331809137535997e-02,
       1.0012925854968748e+00 ]
T: !!opencv-matrix
   rows: 3
   cols: 1
   dt: d
   data: [ -1.3224545502766450e+01, 1.2844969190694905e-01,
       1.8886917051662542e+00 ]
E: !!opencv-matrix
   rows: 0
   cols: 0
   dt: u
   data: []
F: !!opencv-matrix
   rows: 0
   cols: 0
   dt: u
   data: []
K1: !!opencv-matrix
   rows: 3
   cols: 3
   dt: d
   data: [ 3.6627756984521932e+02, 0., 3.8060969928433269e+02, 0.,
       3.6653175179255015e+02, 2.3878059668569790e+02, 0., 0., 1. ]
D1: !!opencv-matrix
   rows: 5
   cols: 1
   dt: d
   data: [ -2.1859934914563901e-02, -9.9468572971318997e-04,
       1.6448003429794193e-03, -3.1164985765511365e-04,
       3.5195408316194161e-04 ]
P1: !!opencv-matrix
   rows: 3
   cols: 4
   dt: f
   data: [ 3.51526093e+02, 0., 4.93976837e+02, 0., 0., 3.51526093e+02,
       2.32058975e+02, 0., 0., 0., 1., 0. ]
R1: !!opencv-matrix
   rows: 3
   cols: 3
   dt: f
   data: [ 9.89168584e-01, -2.55593983e-03, -1.46761522e-01,
       3.33296461e-03, 9.99981701e-01, 5.04880911e-03, 1.46745935e-01,
       -5.48327435e-03, 9.89159048e-01 ]
K2: !!opencv-matrix
   rows: 3
   cols: 3
   dt: d
   data: [ 3.6687495098581172e+02, 0., 3.7621769200552956e+02, 0.,
       3.6726361788508825e+02, 2.2399932895774910e+02, 0., 0., 1. ]
D2: !!opencv-matrix
   rows: 5
   cols: 1
   dt: d
   data: [ -2.2201337830972428e-02, -1.1445843221826492e-03,
       2.9199201696882579e-04, -7.1705872414221615e-04,
       5.1284674356775366e-04 ]
P2: !!opencv-matrix
   rows: 3
   cols: 4
   dt: f
   data: [ 3.51526093e+02, 0., 4.93976837e+02, -5.09045654e+03, 0.,
       3.51526093e+02, 2.32058975e+02, 0., 0., 0., 1., 0. ]
R2: !!opencv-matrix
   rows: 3
   cols: 3
   dt: f
   data: [ 9.90162313e-01, -8.75206944e-03, -1.39649659e-01,
       8.01272690e-03, 9.99950767e-01, -5.85564738e-03, 1.39694035e-01,
       4.67906659e-03, 9.90183651e-01 ]
