%YAML:1.0
---
Q: !!opencv-matrix
   rows: 4
   cols: 4
   dt: f
   data: [ 1., 0., 0., -5.01776794e+02, 0., 1., 0., -2.32409103e+02, 0.,
       0., 0., 3.51064392e+02, 0., 0., 9.91834775e-02, 0. ]
R: !!opencv-matrix
   rows: 3
   cols: 3
   dt: d
   data: [ 1.0061180367747937e+00, -5.1815993413574261e-03,
       -1.8782224362518442e-02, -9.8651849473372355e-03,
       1.0034579689649423e+00, 9.5383372986774136e-03,
       1.6407289233284340e-03, -1.1949821883892188e-02,
       1.0022082233948735e+00 ]
T: !!opencv-matrix
   rows: 3
   cols: 1
   dt: d
   data: [ -9.3403234798029082e+00, 1.2535142727385884e-01,
       1.3825495919885584e+00 ]
E: !!opencv-matrix
   rows: 0
   cols: 0
   dt: u
   data: []
F: !!opencv-matrix
   rows: 0
   cols: 0
   dt: u
   data: []
K1: !!opencv-matrix
   rows: 3
   cols: 3
   dt: d
   data: [ 3.6627756984521932e+02, 0., 3.8060969928433269e+02, 0.,
       3.6653175179255015e+02, 2.3878059668569790e+02, 0., 0., 1. ]
D1: !!opencv-matrix
   rows: 5
   cols: 1
   dt: d
   data: [ -2.1859934914563901e-02, -9.9468572971318997e-04,
       1.6448003429794193e-03, -3.1164985765511365e-04,
       3.5195408316194161e-04 ]
P1: !!opencv-matrix
   rows: 3
   cols: 4
   dt: f
   data: [ 3.51064392e+02, 0., 5.01776794e+02, 0., 0., 3.51064392e+02,
       2.32409103e+02, 0., 0., 0., 1., 0. ]
R1: !!opencv-matrix
   rows: 3
   cols: 3
   dt: f
   data: [ 9.87574577e-01, -7.70186866e-03, -1.56962082e-01,
       8.52140784e-03, 9.99953330e-01, 4.54897620e-03, 1.56919733e-01,
       -5.82999131e-03, 9.87594128e-01 ]
K2: !!opencv-matrix
   rows: 3
   cols: 3
   dt: d
   data: [ 3.6687495098581172e+02, 0., 3.7621769200552956e+02, 0.,
       3.6726361788508825e+02, 2.2399932895774910e+02, 0., 0., 1. ]
D2: !!opencv-matrix
   rows: 5
   cols: 1
   dt: d
   data: [ -2.2201337830972428e-02, -1.1445843221826492e-03,
       2.9199201696882579e-04, -7.1705872414221615e-04,
       5.1284674356775366e-04 ]
P2: !!opencv-matrix
   rows: 3
   cols: 4
   dt: f
   data: [ 3.51064392e+02, 0., 5.01776794e+02, -3.53954492e+03, 0.,
       3.51064392e+02, 2.32409103e+02, 0., 0., 0., 1., 0. ]
R2: !!opencv-matrix
   rows: 3
   cols: 3
   dt: f
   data: [ 9.89035726e-01, -1.18686957e-02, -1.47198841e-01,
       1.11001544e-02, 9.99920130e-01, -6.04147604e-03, 1.47258803e-01,
       4.34130570e-03, 9.89088476e-01 ]
