%YAML:1.0
---
Q: !!opencv-matrix
   rows: 4
   cols: 4
   dt: f
   data: [ 1., 0., 0., -4.92127167e+02, 0., 1., 0., -2.31647446e+02, 0.,
       0., 0., 3.50644043e+02, 0., 0., 1.53673217e-01, 0. ]
R: !!opencv-matrix
   rows: 3
   cols: 3
   dt: d
   data: [ 1.0061189701798219e+00, -5.0190554283190214e-03,
       -2.1560359083877531e-02, -9.8225634437702353e-03,
       1.0042932017263217e+00, 9.7386563193164397e-03,
       1.8475728183959207e-03, -1.1633298159210220e-02,
       1.0034716121066121e+00 ]
T: !!opencv-matrix
   rows: 3
   cols: 1
   dt: d
   data: [ -6.1224347119190865e+00, 1.3718445597077578e-02,
       8.1016538022078499e-01 ]
E: !!opencv-matrix
   rows: 0
   cols: 0
   dt: u
   data: []
F: !!opencv-matrix
   rows: 0
   cols: 0
   dt: u
   data: []
K1: !!opencv-matrix
   rows: 3
   cols: 3
   dt: d
   data: [ 3.6627756984521932e+02, 0., 3.8060969928433269e+02, 0.,
       3.6653175179255015e+02, 2.3878059668569790e+02, 0., 0., 1. ]
D1: !!opencv-matrix
   rows: 5
   cols: 1
   dt: d
   data: [ -2.1859934914563901e-02, -9.9468572971318997e-04,
       1.6448003429794193e-03, -3.1164985765511365e-04,
       3.5195408316194161e-04 ]
P1: !!opencv-matrix
   rows: 3
   cols: 4
   dt: f
   data: [ 3.50644043e+02, 0., 4.92127167e+02, 0., 0., 3.50644043e+02,
       2.31647446e+02, 0., 0., 0., 1., 0. ]
R1: !!opencv-matrix
   rows: 3
   cols: 3
   dt: f
   data: [ 9.89166737e-01, 1.61392207e-03, -1.46787509e-01,
       -8.52415513e-04, 9.99985874e-01, 5.25057036e-03, 1.46793917e-01,
       -5.06856525e-03, 9.89154100e-01 ]
K2: !!opencv-matrix
   rows: 3
   cols: 3
   dt: d
   data: [ 3.6687495098581172e+02, 0., 3.7621769200552956e+02, 0.,
       3.6726361788508825e+02, 2.2399932895774910e+02, 0., 0., 1. ]
D2: !!opencv-matrix
   rows: 5
   cols: 1
   dt: d
   data: [ -2.2201337830972428e-02, -1.1445843221826492e-03,
       2.9199201696882579e-04, -7.1705872414221615e-04,
       5.1284674356775366e-04 ]
P2: !!opencv-matrix
   rows: 3
   cols: 4
   dt: f
   data: [ 3.50644043e+02, 0., 4.92127167e+02, -2.28175098e+03, 0.,
       3.50644043e+02, 2.31647446e+02, 0., 0., 0., 1., 0. ]
R2: !!opencv-matrix
   rows: 3
   cols: 3
   dt: f
   data: [ 9.90783751e-01, -2.00160244e-03, -1.35438502e-01,
       1.29925099e-03, 9.99985278e-01, -5.27395168e-03, 1.35447070e-01,
       5.04937721e-03, 9.90771711e-01 ]
