%YAML:1.0
---
Q: !!opencv-matrix
   rows: 4
   cols: 4
   dt: f
   data: [ 1., 0., 0., -3.73665070e+02, 0., 1., 0., -2.31864594e+02, 0.,
       0., 0., 3.53769623e+02, 0., 0., 2.18479812e-01, 0. ]
R: !!opencv-matrix
   rows: 3
   cols: 3
   dt: d
   data: [ 1.0057736692351993e+00, 7.9863434496307457e-03,
       -2.7528427492215846e-03, -9.7233444847919757e-03,
       1.0062212100862034e+00, 1.0553826862563049e-02,
       1.8860650124461423e-03, -9.6862738508150768e-03,
       1.0063494598519835e+00 ]
T: !!opencv-matrix
   rows: 3
   cols: 1
   dt: d
   data: [ -4.5435520862068497e+00, -1.3288085979180120e-01,
       -9.6749177209612902e-02 ]
E: !!opencv-matrix
   rows: 0
   cols: 0
   dt: u
   data: []
F: !!opencv-matrix
   rows: 0
   cols: 0
   dt: u
   data: []
K1: !!opencv-matrix
   rows: 3
   cols: 3
   dt: d
   data: [ 3.6627756984521932e+02, 0., 3.8060969928433269e+02, 0.,
       3.6653175179255015e+02, 2.3878059668569790e+02, 0., 0., 1. ]
D1: !!opencv-matrix
   rows: 5
   cols: 1
   dt: d
   data: [ -2.1859934914563901e-02, -9.9468572971318997e-04,
       1.6448003429794193e-03, -3.1164985765511365e-04,
       3.5195408316194161e-04 ]
P1: !!opencv-matrix
   rows: 3
   cols: 4
   dt: f
   data: [ 3.53769623e+02, 0., 3.73665070e+02, 0., 0., 3.53769623e+02,
       2.31864594e+02, 0., 0., 0., 1., 0. ]
R1: !!opencv-matrix
   rows: 3
   cols: 3
   dt: f
   data: [ 9.99419451e-01, 3.38065103e-02, 4.22943756e-03,
       -3.38277519e-02, 9.99414861e-01, 5.05593000e-03, -4.05603927e-03,
       -5.19606704e-03, 9.99978304e-01 ]
K2: !!opencv-matrix
   rows: 3
   cols: 3
   dt: d
   data: [ 3.6687495098581172e+02, 0., 3.7621769200552956e+02, 0.,
       3.6726361788508825e+02, 2.2399932895774910e+02, 0., 0., 1. ]
D2: !!opencv-matrix
   rows: 5
   cols: 1
   dt: d
   data: [ -2.2201337830972428e-02, -1.1445843221826492e-03,
       2.9199201696882579e-04, -7.1705872414221615e-04,
       5.1284674356775366e-04 ]
P2: !!opencv-matrix
   rows: 3
   cols: 4
   dt: f
   data: [ 3.53769623e+02, 0., 3.73665070e+02, -1.61923254e+03, 0.,
       3.53769623e+02, 2.31864594e+02, 0., 0., 0., 1., 0. ]
R2: !!opencv-matrix
   rows: 3
   cols: 3
   dt: f
   data: [ 9.99667287e-01, 2.50553321e-02, 6.13120524e-03,
       -2.50235666e-02, 9.99673307e-01, -5.20389434e-03, -6.25958759e-03,
       5.04873833e-03, 9.99967635e-01 ]
