%YAML:1.0
---
Q: !!opencv-matrix
   rows: 4
   cols: 4
   dt: f
   data: [ 1., 0., 0., -2.27884903e+02, 0., 1., 0., -2.34259491e+02, 0.,
       0., 0., 3.59172119e+02, 0., 0., 1.28129162e-02, 0. ]
R: !!opencv-matrix
   rows: 3
   cols: 3
   dt: d
   data: [ 1.0011486246031849e+00, -5.0691995058318113e-03,
       -1.6977991482108101e-02, -9.7586707887832302e-03,
       9.9880500470535516e-01, 1.0121741715327941e-02,
       1.6848439436420106e-03, -8.1608820382976927e-03,
       1.0016144296630014e+00 ]
T: !!opencv-matrix
   rows: 3
   cols: 1
   dt: d
   data: [ -7.5041943300723375e+01, -2.2470407047594092e+00,
       -1.4282750904182903e+01 ]
E: !!opencv-matrix
   rows: 0
   cols: 0
   dt: u
   data: []
F: !!opencv-matrix
   rows: 0
   cols: 0
   dt: u
   data: []
K1: !!opencv-matrix
   rows: 3
   cols: 3
   dt: d
   data: [ 3.6627756984521932e+02, 0., 3.8060969928433269e+02, 0.,
       3.6653175179255015e+02, 2.3878059668569790e+02, 0., 0., 1. ]
D1: !!opencv-matrix
   rows: 5
   cols: 1
   dt: d
   data: [ -2.1859934914563901e-02, -9.9468572971318997e-04,
       1.6448003429794193e-03, -3.1164985765511365e-04,
       3.5195408316194161e-04 ]
P1: !!opencv-matrix
   rows: 3
   cols: 4
   dt: f
   data: [ 3.59172119e+02, 0., 2.27884903e+02, 0., 0., 3.59172119e+02,
       2.34259491e+02, 0., 0., 0., 1., 0. ]
R1: !!opencv-matrix
   rows: 3
   cols: 3
   dt: f
   data: [ 9.83696163e-01, 2.99095288e-02, 1.77333757e-01,
       -3.07474285e-02, 9.99525249e-01, 1.97818596e-03, -1.77190393e-01,
       -7.39849126e-03, 9.84148800e-01 ]
K2: !!opencv-matrix
   rows: 3
   cols: 3
   dt: d
   data: [ 3.6687495098581172e+02, 0., 3.7621769200552956e+02, 0.,
       3.6726361788508825e+02, 2.2399932895774910e+02, 0., 0., 1. ]
D2: !!opencv-matrix
   rows: 5
   cols: 1
   dt: d
   data: [ -2.2201337830972428e-02, -1.1445843221826492e-03,
       2.9199201696882579e-04, -7.1705872414221615e-04,
       5.1284674356775366e-04 ]
P2: !!opencv-matrix
   rows: 3
   cols: 4
   dt: f
   data: [ 3.59172119e+02, 0., 2.27884903e+02, -2.80320352e+04, 0.,
       3.59172119e+02, 2.34259491e+02, 0., 0., 0., 1., 0. ]
R2: !!opencv-matrix
   rows: 3
   cols: 3
   dt: f
   data: [ 9.82090592e-01, 2.93294732e-02, 1.86112598e-01,
       -2.84490585e-02, 9.99567866e-01, -7.40007032e-03, -1.86249197e-01,
       1.97281130e-03, 9.82500553e-01 ]
