%YAML:1.0
---
Q: !!opencv-matrix
   rows: 4
   cols: 4
   dt: f
   data: [ 1., 0., 0., -3.33560059e+02, 0., 1., 0., -2.37514374e+02, 0.,
       0., 0., 4.34257904e+02, 0., 0., 2.27602199e-01, 0. ]
R: !!opencv-matrix
   rows: 3
   cols: 3
   dt: d
   data: [ 1.0059200575890568e+00, 6.6644347680131569e-03,
       -5.7510627348653330e-03, -1.0135981894650118e-02,
       1.0087001403456948e+00, 1.5450333830588667e-02,
       3.0361608665360460e-03, -6.6138391492041090e-03,
       1.0056974161437278e+00 ]
T: !!opencv-matrix
   rows: 3
   cols: 1
   dt: d
   data: [ -4.2085078232472171e+00, -9.2650786614277747e-01,
       -3.2951289890707530e-01 ]
E: !!opencv-matrix
   rows: 0
   cols: 0
   dt: u
   data: []
F: !!opencv-matrix
   rows: 0
   cols: 0
   dt: u
   data: []
K1: !!opencv-matrix
   rows: 3
   cols: 3
   dt: d
   data: [ 3.6627756984521932e+02, 0., 3.8060969928433269e+02, 0.,
       3.6653175179255015e+02, 2.3878059668569790e+02, 0., 0., 1. ]
D1: !!opencv-matrix
   rows: 5
   cols: 1
   dt: d
   data: [ -2.1859934914563901e-02, -9.9468572971318997e-04,
       1.6448003429794193e-03, -3.1164985765511365e-04,
       3.5195408316194161e-04 ]
P1: !!opencv-matrix
   rows: 3
   cols: 4
   dt: f
   data: [ 4.34257904e+02, 0., 3.33560059e+02, 0., 0., 4.34257904e+02,
       2.37514374e+02, 0., 0., 0., 1., 0. ]
R1: !!opencv-matrix
   rows: 3
   cols: 3
   dt: f
   data: [ 9.74804282e-01, 2.16438293e-01, 5.39541878e-02,
       -2.16751367e-01, 9.76226866e-01, -5.03238698e-05, -5.26824184e-02,
       -1.16455881e-02, 9.98543382e-01 ]
K2: !!opencv-matrix
   rows: 3
   cols: 3
   dt: d
   data: [ 3.6687495098581172e+02, 0., 3.7621769200552956e+02, 0.,
       3.6726361788508825e+02, 2.2399932895774910e+02, 0., 0., 1. ]
D2: !!opencv-matrix
   rows: 5
   cols: 1
   dt: d
   data: [ -2.2201337830972428e-02, -1.1445843221826492e-03,
       2.9199201696882579e-04, -7.1705872414221615e-04,
       5.1284674356775366e-04 ]
P2: !!opencv-matrix
   rows: 3
   cols: 4
   dt: f
   data: [ 4.34257904e+02, 0., 3.33560059e+02, -1.90796887e+03, 0.,
       4.34257904e+02, 2.37514374e+02, 0., 0., 0., 1., 0. ]
R2: !!opencv-matrix
   rows: 3
   cols: 3
   dt: f
   data: [ 9.76403236e-01, 2.08662584e-01, 5.56479841e-02,
       -2.08332375e-01, 9.77987707e-01, -1.17350724e-02, -5.68717122e-02,
       -1.35114795e-04, 9.98381495e-01 ]
