%YAML:1.0
---
Q: !!opencv-matrix
   rows: 4
   cols: 4
   dt: f
   data: [ 1., 0., 0., -3.81473938e+02, 0., 1., 0., -2.31773590e+02, 0.,
       0., 0., 3.56472260e+02, 0., 0., 2.43045911e-01, 0. ]
R: !!opencv-matrix
   rows: 3
   cols: 3
   dt: d
   data: [ 1.0062522748810310e+00, 1.9711920695749496e-03,
       -7.4183521080242046e-03, -9.8277172512755001e-03,
       1.0057299087099618e+00, 1.0282470100513042e-02,
       1.3056945414099878e-03, -9.4962015522614841e-03,
       1.0059863247913887e+00 ]
T: !!opencv-matrix
   rows: 3
   cols: 1
   dt: d
   data: [ -4.0880868709732585e+00, -7.5078213964230769e-02,
       -6.0686021659573618e-02 ]
E: !!opencv-matrix
   rows: 0
   cols: 0
   dt: u
   data: []
F: !!opencv-matrix
   rows: 0
   cols: 0
   dt: u
   data: []
K1: !!opencv-matrix
   rows: 3
   cols: 3
   dt: d
   data: [ 3.6627756984521932e+02, 0., 3.8060969928433269e+02, 0.,
       3.6653175179255015e+02, 2.3878059668569790e+02, 0., 0., 1. ]
D1: !!opencv-matrix
   rows: 5
   cols: 1
   dt: d
   data: [ -2.1859934914563901e-02, -9.9468572971318997e-04,
       1.6448003429794193e-03, -3.1164985765511365e-04,
       3.5195408316194161e-04 ]
P1: !!opencv-matrix
   rows: 3
   cols: 4
   dt: f
   data: [ 3.56472260e+02, 0., 3.81473938e+02, 0., 0., 3.56472260e+02,
       2.31773590e+02, 0., 0., 0., 1., 0. ]
R1: !!opencv-matrix
   rows: 3
   cols: 3
   dt: f
   data: [ 9.99763370e-01, 2.07082108e-02, -6.65970659e-03,
       -2.06760131e-02, 9.99774396e-01, 4.86776605e-03, 6.75900700e-03,
       -4.72891796e-03, 9.99965966e-01 ]
K2: !!opencv-matrix
   rows: 3
   cols: 3
   dt: d
   data: [ 3.6687495098581172e+02, 0., 3.7621769200552956e+02, 0.,
       3.6726361788508825e+02, 2.2399932895774910e+02, 0., 0., 1. ]
D2: !!opencv-matrix
   rows: 5
   cols: 1
   dt: d
   data: [ -2.2201337830972428e-02, -1.1445843221826492e-03,
       2.9199201696882579e-04, -7.1705872414221615e-04,
       5.1284674356775366e-04 ]
P2: !!opencv-matrix
   rows: 3
   cols: 4
   dt: f
   data: [ 3.56472260e+02, 0., 3.81473938e+02, -1.46668689e+03, 0.,
       3.56472260e+02, 2.31773590e+02, 0., 0., 0., 1., 0. ]
R2: !!opencv-matrix
   rows: 3
   cols: 3
   dt: f
   data: [ 9.99881566e-01, 1.51340496e-02, -2.78702076e-03,
       -1.51472501e-02, 9.99873877e-01, -4.77765873e-03, 2.71436386e-03,
       4.81930887e-03, 9.99984682e-01 ]
