%YAML:1.0
---
Q: !!opencv-matrix
   rows: 4
   cols: 4
   dt: f
   data: [ 1., 0., 0., -4.88520447e+02, 0., 1., 0., -2.31672073e+02, 0.,
       0., 0., 3.50795319e+02, 0., 0., 1.61921799e-01, 0. ]
R: !!opencv-matrix
   rows: 3
   cols: 3
   dt: d
   data: [ 1.0062193009694045e+00, -5.0416873140049362e-03,
       -2.1617033706415878e-02, -9.7962545376017781e-03,
       1.0042521689848110e+00, 9.6946241624490965e-03,
       1.6060928761615204e-03, -1.1723632567803155e-02,
       1.0036346837022250e+00 ]
T: !!opencv-matrix
   rows: 3
   cols: 1
   dt: d
   data: [ -5.8486022777465481e+00, 3.0300577139565958e-02,
       6.7044731763528853e-01 ]
E: !!opencv-matrix
   rows: 0
   cols: 0
   dt: u
   data: []
F: !!opencv-matrix
   rows: 0
   cols: 0
   dt: u
   data: []
K1: !!opencv-matrix
   rows: 3
   cols: 3
   dt: d
   data: [ 3.6627756984521932e+02, 0., 3.8060969928433269e+02, 0.,
       3.6653175179255015e+02, 2.3878059668569790e+02, 0., 0., 1. ]
D1: !!opencv-matrix
   rows: 5
   cols: 1
   dt: d
   data: [ -2.1859934914563901e-02, -9.9468572971318997e-04,
       1.6448003429794193e-03, -3.1164985765511365e-04,
       3.5195408316194161e-04 ]
P1: !!opencv-matrix
   rows: 3
   cols: 4
   dt: f
   data: [ 3.50795319e+02, 0., 4.88520447e+02, 0., 0., 3.50795319e+02,
       2.31672073e+02, 0., 0., 0., 1., 0. ]
R1: !!opencv-matrix
   rows: 3
   cols: 3
   dt: f
   data: [ 9.89767015e-01, 1.53853721e-03, -1.42684668e-01,
       -7.94488180e-04, 9.99985814e-01, 5.27146505e-03, 1.42690748e-01,
       -5.10416087e-03, 9.89754140e-01 ]
K2: !!opencv-matrix
   rows: 3
   cols: 3
   dt: d
   data: [ 3.6687495098581172e+02, 0., 3.7621769200552956e+02, 0.,
       3.6726361788508825e+02, 2.2399932895774910e+02, 0., 0., 1. ]
D2: !!opencv-matrix
   rows: 5
   cols: 1
   dt: d
   data: [ -2.2201337830972428e-02, -1.1445843221826492e-03,
       2.9199201696882579e-04, -7.1705872414221615e-04,
       5.1284674356775366e-04 ]
P2: !!opencv-matrix
   rows: 3
   cols: 4
   dt: f
   data: [ 3.50795319e+02, 0., 4.88520447e+02, -2.16644922e+03, 0.,
       3.50795319e+02, 2.31672073e+02, 0., 0., 0., 1., 0. ]
R2: !!opencv-matrix
   rows: 3
   cols: 3
   dt: f
   data: [ 9.91355598e-01, -2.22131540e-03, -1.31183431e-01,
       1.53750298e-03, 9.99984682e-01, -5.31369774e-03, 1.31193236e-01,
       5.06606931e-03, 9.91343856e-01 ]
