%YAML:1.0
---
Q: !!opencv-matrix
   rows: 4
   cols: 4
   dt: f
   data: [ 1., 0., 0., -3.57251953e+02, 0., 1., 0., -2.32153778e+02, 0.,
       0., 0., 3.55160187e+02, 0., 0., 2.38456652e-01, 0. ]
R: !!opencv-matrix
   rows: 3
   cols: 3
   dt: d
   data: [ 1.0057653874667583e+00, 5.0833476897501929e-03,
       -5.4126113591217145e-03, -9.7764570498147726e-03,
       1.0059530558235339e+00, 1.0420438404688308e-02,
       1.6745270314181522e-03, -9.6043907012818876e-03,
       1.0064954986343102e+00 ]
T: !!opencv-matrix
   rows: 3
   cols: 1
   dt: d
   data: [ -4.2249415488299560e+00, -1.0697087138054313e-01,
       -1.2160632934072491e-01 ]
E: !!opencv-matrix
   rows: 0
   cols: 0
   dt: u
   data: []
F: !!opencv-matrix
   rows: 0
   cols: 0
   dt: u
   data: []
K1: !!opencv-matrix
   rows: 3
   cols: 3
   dt: d
   data: [ 3.6627756984521932e+02, 0., 3.8060969928433269e+02, 0.,
       3.6653175179255015e+02, 2.3878059668569790e+02, 0., 0., 1. ]
D1: !!opencv-matrix
   rows: 5
   cols: 1
   dt: d
   data: [ -2.1859934914563901e-02, -9.9468572971318997e-04,
       1.6448003429794193e-03, -3.1164985765511365e-04,
       3.5195408316194161e-04 ]
P1: !!opencv-matrix
   rows: 3
   cols: 4
   dt: f
   data: [ 3.55160187e+02, 0., 3.57251953e+02, 0., 0., 3.55160187e+02,
       2.32153778e+02, 0., 0., 0., 1., 0. ]
R1: !!opencv-matrix
   rows: 3
   cols: 3
   dt: f
   data: [ 9.99217629e-01, 3.10565494e-02, 2.44874079e-02,
       -3.11795231e-02, 9.99502957e-01, 4.65611089e-03, -2.43306346e-02,
       -5.41597372e-03, 9.99689281e-01 ]
K2: !!opencv-matrix
   rows: 3
   cols: 3
   dt: d
   data: [ 3.6687495098581172e+02, 0., 3.7621769200552956e+02, 0.,
       3.6726361788508825e+02, 2.2399932895774910e+02, 0., 0., 1. ]
D2: !!opencv-matrix
   rows: 5
   cols: 1
   dt: d
   data: [ -2.2201337830972428e-02, -1.1445843221826492e-03,
       2.9199201696882579e-04, -7.1705872414221615e-04,
       5.1284674356775366e-04 ]
P2: !!opencv-matrix
   rows: 3
   cols: 4
   dt: f
   data: [ 3.55160187e+02, 0., 3.57251953e+02, -1.48941187e+03, 0.,
       3.55160187e+02, 2.32153778e+02, 0., 0., 0., 1., 0. ]
R2: !!opencv-matrix
   rows: 3
   cols: 3
   dt: f
   data: [ 9.99320507e-01, 2.41109990e-02, 2.78775487e-02,
       -2.39702500e-02, 9.99698222e-01, -5.37211262e-03, -2.79986635e-02,
       4.70023090e-03, 9.99596894e-01 ]
