%YAML:1.0
---
Q: !!opencv-matrix
   rows: 4
   cols: 4
   dt: f
   data: [ 1., 0., 0., -6.91399689e+01, 0., 1., 0., -2.17685577e+02, 0.,
       0., 0., 3.33548035e+02, 0., 0., 6.66497694e-03, 0. ]
R: !!opencv-matrix
   rows: 3
   cols: 3
   dt: d
   data: [ 9.9588861265363404e-01, -2.0435394544861873e-04,
       -1.2445746026107440e-02, -8.9289320854274504e-03,
       9.9632797964573172e-01, 8.0580237938816714e-03,
       6.9217813693154000e-04, -5.4523845969079963e-03,
       1.0048398198759849e+00 ]
T: !!opencv-matrix
   rows: 3
   cols: 1
   dt: d
   data: [ -1.0726361443622014e+02, 8.2067522599260201e+00,
       -3.9260510710329989e+01 ]
E: !!opencv-matrix
   rows: 0
   cols: 0
   dt: u
   data: []
F: !!opencv-matrix
   rows: 0
   cols: 0
   dt: u
   data: []
K1: !!opencv-matrix
   rows: 3
   cols: 3
   dt: d
   data: [ 3.6627756984521932e+02, 0., 3.8060969928433269e+02, 0.,
       3.6653175179255015e+02, 2.3878059668569790e+02, 0., 0., 1. ]
D1: !!opencv-matrix
   rows: 5
   cols: 1
   dt: d
   data: [ -2.1859934914563901e-02, -9.9468572971318997e-04,
       1.6448003429794193e-03, -3.1164985765511365e-04,
       3.5195408316194161e-04 ]
P1: !!opencv-matrix
   rows: 3
   cols: 4
   dt: f
   data: [ 3.33548035e+02, 0., 6.91399689e+01, 0., 0., 3.33548035e+02,
       2.17685577e+02, 0., 0., 0., 1., 0. ]
R1: !!opencv-matrix
   rows: 3
   cols: 3
   dt: f
   data: [ 9.44062829e-01, -6.07475936e-02, 3.24122071e-01,
       5.96766770e-02, 9.98129785e-01, 1.32525638e-02, -3.24320972e-01,
       6.83127623e-03, 9.45922434e-01 ]
K2: !!opencv-matrix
   rows: 3
   cols: 3
   dt: d
   data: [ 3.6687495098581172e+02, 0., 3.7621769200552956e+02, 0.,
       3.6726361788508825e+02, 2.2399932895774910e+02, 0., 0., 1. ]
D2: !!opencv-matrix
   rows: 5
   cols: 1
   dt: d
   data: [ -2.2201337830972428e-02, -1.1445843221826492e-03,
       2.9199201696882579e-04, -7.1705872414221615e-04,
       5.1284674356775366e-04 ]
P2: !!opencv-matrix
   rows: 3
   cols: 4
   dt: f
   data: [ 3.33548035e+02, 0., 6.91399689e+01, -5.00448867e+04, 0.,
       3.33548035e+02, 2.17685577e+02, 0., 0., 0., 1., 0. ]
R2: !!opencv-matrix
   rows: 3
   cols: 3
   dt: f
   data: [ 9.42386925e-01, -6.56650141e-02, 3.28016698e-01,
       6.67485669e-02, 9.97738004e-01, 7.96758104e-03, -3.27797920e-01,
       1.43861007e-02, 9.44638312e-01 ]
