%YAML:1.0
---
Q: !!opencv-matrix
   rows: 4
   cols: 4
   dt: f
   data: [ 1., 0., 0., -2.63208130e+02, 0., 1., 0., -2.35216095e+02, 0.,
       0., 0., 3.65652222e+02, 0., 0., 1.37393661e-02, 0. ]
R: !!opencv-matrix
   rows: 3
   cols: 3
   dt: d
   data: [ 1.0017478328660747e+00, -5.0427298799579409e-03,
       -1.7599658662117511e-02, -9.8188898708593420e-03,
       9.9928213117332376e-01, 1.0367954513900794e-02,
       1.6406690946754099e-03, -8.6309698140051780e-03,
       1.0012896297588842e+00 ]
T: !!opencv-matrix
   rows: 3
   cols: 1
   dt: d
   data: [ -6.9268983664326882e+01, -3.3854829110691878e+00,
       -1.0367114434494757e+01 ]
E: !!opencv-matrix
   rows: 0
   cols: 0
   dt: u
   data: []
F: !!opencv-matrix
   rows: 0
   cols: 0
   dt: u
   data: []
K1: !!opencv-matrix
   rows: 3
   cols: 3
   dt: d
   data: [ 3.6627756984521932e+02, 0., 3.8060969928433269e+02, 0.,
       3.6653175179255015e+02, 2.3878059668569790e+02, 0., 0., 1. ]
D1: !!opencv-matrix
   rows: 5
   cols: 1
   dt: d
   data: [ -2.1859934914563901e-02, -9.9468572971318997e-04,
       1.6448003429794193e-03, -3.1164985765511365e-04,
       3.5195408316194161e-04 ]
P1: !!opencv-matrix
   rows: 3
   cols: 4
   dt: f
   data: [ 3.65652222e+02, 0., 2.63208130e+02, 0., 0., 3.65652222e+02,
       2.35216095e+02, 0., 0., 0., 1., 0. ]
R1: !!opencv-matrix
   rows: 3
   cols: 3
   dt: f
   data: [ 9.89244342e-01, 5.02327755e-02, 1.37376666e-01,
       -5.09103313e-02, 9.98702228e-01, 1.42072013e-03, -1.37127027e-01,
       -8.39933194e-03, 9.90517855e-01 ]
K2: !!opencv-matrix
   rows: 3
   cols: 3
   dt: d
   data: [ 3.6687495098581172e+02, 0., 3.7621769200552956e+02, 0.,
       3.6726361788508825e+02, 2.2399932895774910e+02, 0., 0., 1. ]
D2: !!opencv-matrix
   rows: 5
   cols: 1
   dt: d
   data: [ -2.2201337830972428e-02, -1.1445843221826492e-03,
       2.9199201696882579e-04, -7.1705872414221615e-04,
       5.1284674356775366e-04 ]
P2: !!opencv-matrix
   rows: 3
   cols: 4
   dt: f
   data: [ 3.65652222e+02, 0., 2.63208130e+02, -2.66134707e+04, 0.,
       3.65652222e+02, 2.35216095e+02, 0., 0., 0., 1., 0. ]
R2: !!opencv-matrix
   rows: 3
   cols: 3
   dt: f
   data: [ 9.88035500e-01, 4.91327904e-02, 1.46191001e-01,
       -4.84102890e-02, 9.98791397e-01, -8.49794503e-03, -1.46431834e-01,
       1.31912273e-03, 9.89219904e-01 ]
