%YAML:1.0
---
Q: !!opencv-matrix
   rows: 4
   cols: 4
   dt: f
   data: [ 1., 0., 0., -3.46961548e+02, 0., 1., 0., -2.32534821e+02, 0.,
       0., 0., 3.56333893e+02, 0., 0., 2.11489856e-01, 0. ]
R: !!opencv-matrix
   rows: 3
   cols: 3
   dt: d
   data: [ 1.0054971187863606e+00, 9.2912261238762648e-03,
       -1.8199066420690291e-03, -9.7276198993416774e-03,
       1.0058835941558231e+00, 1.0833520953642123e-02,
       1.7907762817168989e-03, -8.7327807930824702e-03,
       1.0065796612651845e+00 ]
T: !!opencv-matrix
   rows: 3
   cols: 1
   dt: d
   data: [ -4.7168271233588825e+00, -1.8137796969808292e-01,
       -2.4082429359071134e-01 ]
E: !!opencv-matrix
   rows: 0
   cols: 0
   dt: u
   data: []
F: !!opencv-matrix
   rows: 0
   cols: 0
   dt: u
   data: []
K1: !!opencv-matrix
   rows: 3
   cols: 3
   dt: d
   data: [ 3.6627756984521932e+02, 0., 3.8060969928433269e+02, 0.,
       3.6653175179255015e+02, 2.3878059668569790e+02, 0., 0., 1. ]
D1: !!opencv-matrix
   rows: 5
   cols: 1
   dt: d
   data: [ -2.1859934914563901e-02, -9.9468572971318997e-04,
       1.6448003429794193e-03, -3.1164985765511365e-04,
       3.5195408316194161e-04 ]
P1: !!opencv-matrix
   rows: 3
   cols: 4
   dt: f
   data: [ 3.56333893e+02, 0., 3.46961548e+02, 0., 0., 3.56333893e+02,
       2.32534821e+02, 0., 0., 0., 1., 0. ]
R1: !!opencv-matrix
   rows: 3
   cols: 3
   dt: f
   data: [ 9.98302996e-01, 4.36862782e-02, 3.85044403e-02,
       -4.38788943e-02, 9.99028146e-01, 4.17122617e-03, -3.82847935e-02,
       -5.85367996e-03, 9.99249697e-01 ]
K2: !!opencv-matrix
   rows: 3
   cols: 3
   dt: d
   data: [ 3.6687495098581172e+02, 0., 3.7621769200552956e+02, 0.,
       3.6726361788508825e+02, 2.2399932895774910e+02, 0., 0., 1. ]
D2: !!opencv-matrix
   rows: 5
   cols: 1
   dt: d
   data: [ -2.2201337830972428e-02, -1.1445843221826492e-03,
       2.9199201696882579e-04, -7.1705872414221615e-04,
       5.1284674356775366e-04 ]
P2: !!opencv-matrix
   rows: 3
   cols: 4
   dt: f
   data: [ 3.56333893e+02, 0., 3.46961548e+02, -1.68487463e+03, 0.,
       3.56333893e+02, 2.32534821e+02, 0., 0., 0., 1., 0. ]
R2: !!opencv-matrix
   rows: 3
   cols: 3
   dt: f
   data: [ 9.98603642e-01, 3.46191414e-02, 3.99030559e-02,
       -3.44185382e-02, 9.99391258e-01, -5.70351491e-03, -4.00762148e-02,
       4.32214560e-03, 9.99187291e-01 ]
