%YAML:1.0
---
Q: !!opencv-matrix
   rows: 4
   cols: 4
   dt: f
   data: [ 1., 0., 0., -5.37062988e+02, 0., 1., 0., -2.34956848e+02, 0.,
       0., 0., 3.60229095e+02, 0., 0., 5.34323556e-03, 0. ]
R: !!opencv-matrix
   rows: 3
   cols: 3
   dt: d
   data: [ 1.0035994253324321e+00, 8.0637625638399369e-03,
       -5.0554823196708705e-03, -9.7682473790992805e-03,
       1.0015156834200056e+00, 8.6831727291511000e-03,
       1.7294458710279204e-03, -1.4496133350932222e-02,
       9.9704368727019277e-01 ]
T: !!opencv-matrix
   rows: 3
   cols: 1
   dt: d
   data: [ -1.7426334492485901e+02, 6.6885979303494807e+00,
       3.4435235977988981e+01 ]
E: !!opencv-matrix
   rows: 0
   cols: 0
   dt: u
   data: []
F: !!opencv-matrix
   rows: 0
   cols: 0
   dt: u
   data: []
K1: !!opencv-matrix
   rows: 3
   cols: 3
   dt: d
   data: [ 3.6627756984521932e+02, 0., 3.8060969928433269e+02, 0.,
       3.6653175179255015e+02, 2.3878059668569790e+02, 0., 0., 1. ]
D1: !!opencv-matrix
   rows: 5
   cols: 1
   dt: d
   data: [ -2.1859934914563901e-02, -9.9468572971318997e-04,
       1.6448003429794193e-03, -3.1164985765511365e-04,
       3.5195408316194161e-04 ]
P1: !!opencv-matrix
   rows: 3
   cols: 4
   dt: f
   data: [ 3.60229095e+02, 0., 5.37062988e+02, 0., 0., 3.60229095e+02,
       2.34956848e+02, 0., 0., 0., 1., 0. ]
R1: !!opencv-matrix
   rows: 3
   cols: 3
   dt: f
   data: [ 9.80989754e-01, -2.75362991e-02, -1.92095846e-01,
       2.85598505e-02, 9.99588788e-01, 2.56093661e-03, 1.91946343e-01,
       -7.99848139e-03, 9.81372833e-01 ]
K2: !!opencv-matrix
   rows: 3
   cols: 3
   dt: d
   data: [ 3.6687495098581172e+02, 0., 3.7621769200552956e+02, 0.,
       3.6726361788508825e+02, 2.2399932895774910e+02, 0., 0., 1. ]
D2: !!opencv-matrix
   rows: 5
   cols: 1
   dt: d
   data: [ -2.2201337830972428e-02, -1.1445843221826492e-03,
       2.9199201696882579e-04, -7.1705872414221615e-04,
       5.1284674356775366e-04 ]
P2: !!opencv-matrix
   rows: 3
   cols: 4
   dt: f
   data: [ 3.60229095e+02, 0., 5.37062988e+02, -6.74177813e+04, 0.,
       3.60229095e+02, 2.34956848e+02, 0., 0., 0., 1., 0. ]
R2: !!opencv-matrix
   rows: 3
   cols: 3
   dt: f
   data: [ 9.81170475e-01, -3.91473807e-02, -1.89134836e-01,
       3.81387100e-02, 9.99232173e-01, -8.97109043e-03, 1.89340815e-01,
       1.58880977e-03, 9.81910169e-01 ]
