%YAML:1.0
---
Q: !!opencv-matrix
   rows: 4
   cols: 4
   dt: f
   data: [ 1., 0., 0., -3.60957123e+02, 0., 1., 0., -2.32032715e+02, 0.,
       0., 0., 3.54698547e+02, 0., 0., 2.44917139e-01, 0. ]
R: !!opencv-matrix
   rows: 3
   cols: 3
   dt: d
   data: [ 1.0060077310776194e+00, 2.8726047951703241e-03,
       -7.2778701559978714e-03, -9.7800397020307763e-03,
       1.0056847647760339e+00, 1.0363718776453706e-02,
       1.5128729946942046e-03, -9.4943140256193281e-03,
       1.0062758468957558e+00 ]
T: !!opencv-matrix
   rows: 3
   cols: 1
   dt: d
   data: [ -4.0769767230701488e+00, -8.7687337306896068e-02,
       -1.0506688718245683e-01 ]
E: !!opencv-matrix
   rows: 0
   cols: 0
   dt: u
   data: []
F: !!opencv-matrix
   rows: 0
   cols: 0
   dt: u
   data: []
K1: !!opencv-matrix
   rows: 3
   cols: 3
   dt: d
   data: [ 3.6627756984521932e+02, 0., 3.8060969928433269e+02, 0.,
       3.6653175179255015e+02, 2.3878059668569790e+02, 0., 0., 1. ]
D1: !!opencv-matrix
   rows: 5
   cols: 1
   dt: d
   data: [ -2.1859934914563901e-02, -9.9468572971318997e-04,
       1.6448003429794193e-03, -3.1164985765511365e-04,
       3.5195408316194161e-04 ]
P1: !!opencv-matrix
   rows: 3
   cols: 4
   dt: f
   data: [ 3.54698547e+02, 0., 3.60957123e+02, 0., 0., 3.54698547e+02,
       2.32032715e+02, 0., 0., 0., 1., 0. ]
R1: !!opencv-matrix
   rows: 3
   cols: 3
   dt: f
   data: [ 9.99526083e-01, 2.38749906e-02, 1.94303505e-02,
       -2.39710826e-02, 9.99701500e-01, 4.72765602e-03, -1.93116777e-02,
       -5.19118225e-03, 9.99800026e-01 ]
K2: !!opencv-matrix
   rows: 3
   cols: 3
   dt: d
   data: [ 3.6687495098581172e+02, 0., 3.7621769200552956e+02, 0.,
       3.6726361788508825e+02, 2.2399932895774910e+02, 0., 0., 1. ]
D2: !!opencv-matrix
   rows: 5
   cols: 1
   dt: d
   data: [ -2.2201337830972428e-02, -1.1445843221826492e-03,
       2.9199201696882579e-04, -7.1705872414221615e-04,
       5.1284674356775366e-04 ]
P2: !!opencv-matrix
   rows: 3
   cols: 4
   dt: f
   data: [ 3.54698547e+02, 0., 3.60957123e+02, -1.44823889e+03, 0.,
       3.54698547e+02, 2.32032715e+02, 0., 0., 0., 1., 0. ]
R2: !!opencv-matrix
   rows: 3
   cols: 3
   dt: f
   data: [ 9.99561310e-01, 1.79160535e-02, 2.35840995e-02,
       -1.77988429e-02, 9.99828219e-01, -5.17048175e-03, -2.36726832e-02,
       4.74844361e-03, 9.99708474e-01 ]
