%YAML:1.0
---
Q: !!opencv-matrix
   rows: 4
   cols: 4
   dt: f
   data: [ 1., 0., 0., -3.73601166e+02, 0., 1., 0., -2.31873413e+02, 0.,
       0., 0., 3.57178650e+02, 0., 0., 2.48135347e-02, 0. ]
R: !!opencv-matrix
   rows: 3
   cols: 3
   dt: d
   data: [ 1.0030259020227690e+00, -6.5814886638327179e-03,
       -2.2533091286797608e-02, -9.8103725111533223e-03,
       1.0009561984043369e+00, 9.9661073643894666e-03,
       1.3281389208565804e-03, -9.6802295435780839e-03,
       1.0012743884980833e+00 ]
T: !!opencv-matrix
   rows: 3
   cols: 1
   dt: d
   data: [ -3.6702668648347938e+01, -9.3933252210469709e-01,
       -6.5927148964534465e-01 ]
E: !!opencv-matrix
   rows: 0
   cols: 0
   dt: u
   data: []
F: !!opencv-matrix
   rows: 0
   cols: 0
   dt: u
   data: []
K1: !!opencv-matrix
   rows: 3
   cols: 3
   dt: d
   data: [ 3.6627756984521932e+02, 0., 3.8060969928433269e+02, 0.,
       3.6653175179255015e+02, 2.3878059668569790e+02, 0., 0., 1. ]
D1: !!opencv-matrix
   rows: 5
   cols: 1
   dt: d
   data: [ -2.1859934914563901e-02, -9.9468572971318997e-04,
       1.6448003429794193e-03, -3.1164985765511365e-04,
       3.5195408316194161e-04 ]
P1: !!opencv-matrix
   rows: 3
   cols: 4
   dt: f
   data: [ 3.57178650e+02, 0., 3.73601166e+02, 0., 0., 3.57178650e+02,
       2.31873413e+02, 0., 0., 0., 1., 0. ]
R1: !!opencv-matrix
   rows: 3
   cols: 3
   dt: f
   data: [ 9.99690354e-01, 2.48803440e-02, -4.44811390e-04,
       -2.48778313e-02, 9.99678195e-01, 4.96497750e-03, 5.68198564e-04,
       -4.95237438e-03, 9.99987602e-01 ]
K2: !!opencv-matrix
   rows: 3
   cols: 3
   dt: d
   data: [ 3.6687495098581172e+02, 0., 3.7621769200552956e+02, 0.,
       3.6726361788508825e+02, 2.2399932895774910e+02, 0., 0., 1. ]
D2: !!opencv-matrix
   rows: 5
   cols: 1
   dt: d
   data: [ -2.2201337830972428e-02, -1.1445843221826492e-03,
       2.9199201696882579e-04, -7.1705872414221615e-04,
       5.1284674356775366e-04 ]
P2: !!opencv-matrix
   rows: 3
   cols: 4
   dt: f
   data: [ 3.57178650e+02, 0., 3.73601166e+02, -1.43945088e+04, 0.,
       3.57178650e+02, 2.31873413e+02, 0., 0., 0., 1., 0. ]
R2: !!opencv-matrix
   rows: 3
   cols: 3
   dt: f
   data: [ 9.99664605e-01, 2.34503150e-02, 1.09881731e-02,
       -2.33955309e-02, 9.99713361e-01, -5.08803409e-03, -1.11043388e-02,
       4.82925354e-03, 9.99926686e-01 ]
