%YAML:1.0
---
Q: !!opencv-matrix
   rows: 4
   cols: 4
   dt: f
   data: [ 1., 0., 0., -3.28785706e+02, 0., 1., 0., -2.39244507e+02, 0.,
       0., 0., 4.68115967e+02, 0., 0., 2.26220042e-01, 0. ]
R: !!opencv-matrix
   rows: 3
   cols: 3
   dt: d
   data: [ 1.0061208435104712e+00, 7.1223061877329326e-03,
       -5.2766521348935136e-03, -1.0244119591496660e-02,
       1.0095172229494553e+00, 1.6426906991064642e-02,
       3.4648852851892980e-03, -6.4373228345455877e-03,
       1.0052668228947308e+00 ]
T: !!opencv-matrix
   rows: 3
   cols: 1
   dt: d
   data: [ -4.2627371862745322e+00, -1.0714378357847201e+00,
       -2.3762194494447220e-01 ]
E: !!opencv-matrix
   rows: 0
   cols: 0
   dt: u
   data: []
F: !!opencv-matrix
   rows: 0
   cols: 0
   dt: u
   data: []
K1: !!opencv-matrix
   rows: 3
   cols: 3
   dt: d
   data: [ 3.6627756984521932e+02, 0., 3.8060969928433269e+02, 0.,
       3.6653175179255015e+02, 2.3878059668569790e+02, 0., 0., 1. ]
D1: !!opencv-matrix
   rows: 5
   cols: 1
   dt: d
   data: [ -2.1859934914563901e-02, -9.9468572971318997e-04,
       1.6448003429794193e-03, -3.1164985765511365e-04,
       3.5195408316194161e-04 ]
P1: !!opencv-matrix
   rows: 3
   cols: 4
   dt: f
   data: [ 4.68115967e+02, 0., 3.28785706e+02, 0., 0., 4.68115967e+02,
       2.39244507e+02, 0., 0., 0., 1., 0. ]
R1: !!opencv-matrix
   rows: 3
   cols: 3
   dt: f
   data: [ 9.66113508e-01, 2.51057148e-01, 5.99577986e-02,
       -2.51413256e-01, 9.67878401e-01, -1.65227067e-03, -5.84466755e-02,
       -1.34779047e-02, 9.98199522e-01 ]
K2: !!opencv-matrix
   rows: 3
   cols: 3
   dt: d
   data: [ 3.6687495098581172e+02, 0., 3.7621769200552956e+02, 0.,
       3.6726361788508825e+02, 2.2399932895774910e+02, 0., 0., 1. ]
D2: !!opencv-matrix
   rows: 5
   cols: 1
   dt: d
   data: [ -2.2201337830972428e-02, -1.1445843221826492e-03,
       2.9199201696882579e-04, -7.1705872414221615e-04,
       5.1284674356775366e-04 ]
P2: !!opencv-matrix
   rows: 3
   cols: 4
   dt: f
   data: [ 4.68115967e+02, 0., 3.28785706e+02, -2.06929492e+03, 0.,
       4.68115967e+02, 2.39244507e+02, 0., 0., 0., 1., 0. ]
R2: !!opencv-matrix
   rows: 3
   cols: 3
   dt: f
   data: [ 9.68001544e-01, 2.43331626e-01, 6.13412187e-02,
       -2.42958456e-01, 9.69941556e-01, -1.35846836e-02, -6.28029779e-02,
       -1.75337342e-03, 9.98024404e-01 ]
