%YAML:1.0
---
Q: !!opencv-matrix
   rows: 4
   cols: 4
   dt: f
   data: [ 1., 0., 0., -4.36846619e+02, 0., 1., 0., -2.31810303e+02, 0.,
       0., 0., 3.52877411e+02, 0., 0., 2.22238332e-01, 0. ]
R: !!opencv-matrix
   rows: 3
   cols: 3
   dt: d
   data: [ 1.0085609057591436e+00, -5.7168373179387914e-03,
       -2.1325948860225735e-02, -9.6367899620888927e-03,
       1.0032212754727683e+00, 9.7436664977072797e-03,
       1.5116764729256548e-03, -1.1234486109444259e-02,
       1.0030352668383118e+00 ]
T: !!opencv-matrix
   rows: 3
   cols: 1
   dt: d
   data: [ -4.2396147859287421e+00, 8.3100261445523890e-03,
       2.9409872553953387e-01 ]
E: !!opencv-matrix
   rows: 0
   cols: 0
   dt: u
   data: []
F: !!opencv-matrix
   rows: 0
   cols: 0
   dt: u
   data: []
K1: !!opencv-matrix
   rows: 3
   cols: 3
   dt: d
   data: [ 3.6627756984521932e+02, 0., 3.8060969928433269e+02, 0.,
       3.6653175179255015e+02, 2.3878059668569790e+02, 0., 0., 1. ]
D1: !!opencv-matrix
   rows: 5
   cols: 1
   dt: d
   data: [ -2.1859934914563901e-02, -9.9468572971318997e-04,
       1.6448003429794193e-03, -3.1164985765511365e-04,
       3.5195408316194161e-04 ]
P1: !!opencv-matrix
   rows: 3
   cols: 4
   dt: f
   data: [ 3.52877411e+02, 0., 4.36846619e+02, 0., 0., 3.52877411e+02,
       2.31810303e+02, 0., 0., 0., 1., 0. ]
R1: !!opencv-matrix
   rows: 3
   cols: 3
   dt: f
   data: [ 9.96763229e-01, 1.11892493e-03, -8.03857073e-02,
       -7.03287951e-04, 9.99986231e-01, 5.19865984e-03, 8.03904161e-02,
       -5.12529863e-03, 9.96750295e-01 ]
K2: !!opencv-matrix
   rows: 3
   cols: 3
   dt: d
   data: [ 3.6687495098581172e+02, 0., 3.7621769200552956e+02, 0.,
       3.6726361788508825e+02, 2.2399932895774910e+02, 0., 0., 1. ]
D2: !!opencv-matrix
   rows: 5
   cols: 1
   dt: d
   data: [ -2.2201337830972428e-02, -1.1445843221826492e-03,
       2.9199201696882579e-04, -7.1705872414221615e-04,
       5.1284674356775366e-04 ]
P2: !!opencv-matrix
   rows: 3
   cols: 4
   dt: f
   data: [ 3.52877411e+02, 0., 4.36846619e+02, -1.58783325e+03, 0.,
       3.52877411e+02, 2.31810303e+02, 0., 0., 0., 1., 0. ]
R2: !!opencv-matrix
   rows: 3
   cols: 3
   dt: f
   data: [ 9.97618973e-01, -1.31644506e-03, -6.89537674e-02,
       9.59988916e-04, 9.99985993e-01, -5.20237628e-03, 6.89596459e-02,
       5.12379454e-03, 9.97606277e-01 ]
