%YAML:1.0
---
Q: !!opencv-matrix
   rows: 4
   cols: 4
   dt: f
   data: [ 1., 0., 0., -4.80079620e+02, 0., 1., 0., -2.32051865e+02, 0.,
       0., 0., 3.53031525e+02, 0., 0., 5.57471812e-02, 0. ]
R: !!opencv-matrix
   rows: 3
   cols: 3
   dt: d
   data: [ 1.0067902788422414e+00, 1.5827853195716592e-03,
       -9.8119436266220616e-03, -9.9589957700977286e-03,
       1.0028516062130206e+00, 9.4891486001520992e-03,
       1.4535937856041134e-03, -1.2662436605810238e-02,
       1.0007547207907053e+00 ]
T: !!opencv-matrix
   rows: 3
   cols: 1
   dt: d
   data: [ -1.6751417405150679e+01, 1.6632712982522993e-01,
       2.1858852584818860e+00 ]
E: !!opencv-matrix
   rows: 0
   cols: 0
   dt: u
   data: []
F: !!opencv-matrix
   rows: 0
   cols: 0
   dt: u
   data: []
K1: !!opencv-matrix
   rows: 3
   cols: 3
   dt: d
   data: [ 3.6627756984521932e+02, 0., 3.8060969928433269e+02, 0.,
       3.6653175179255015e+02, 2.3878059668569790e+02, 0., 0., 1. ]
D1: !!opencv-matrix
   rows: 5
   cols: 1
   dt: d
   data: [ -2.1859934914563901e-02, -9.9468572971318997e-04,
       1.6448003429794193e-03, -3.1164985765511365e-04,
       3.5195408316194161e-04 ]
P1: !!opencv-matrix
   rows: 3
   cols: 4
   dt: f
   data: [ 3.53031525e+02, 0., 4.80079620e+02, 0., 0., 3.53031525e+02,
       2.32051865e+02, 0., 0., 0., 1., 0. ]
R1: !!opencv-matrix
   rows: 3
   cols: 3
   dt: f
   data: [ 9.91580486e-01, -1.68986805e-03, -1.29480764e-01,
       2.38493201e-03, 9.99983549e-01, 5.21322060e-03, 1.29469827e-01,
       -5.47813065e-03, 9.91568208e-01 ]
K2: !!opencv-matrix
   rows: 3
   cols: 3
   dt: d
   data: [ 3.6687495098581172e+02, 0., 3.7621769200552956e+02, 0.,
       3.6726361788508825e+02, 2.2399932895774910e+02, 0., 0., 1. ]
D2: !!opencv-matrix
   rows: 5
   cols: 1
   dt: d
   data: [ -2.2201337830972428e-02, -1.1445843221826492e-03,
       2.9199201696882579e-04, -7.1705872414221615e-04,
       5.1284674356775366e-04 ]
P2: !!opencv-matrix
   rows: 3
   cols: 4
   dt: f
   data: [ 3.53031525e+02, 0., 4.80079620e+02, -6.33272412e+03, 0.,
       3.53031525e+02, 2.32051865e+02, 0., 0., 0., 1., 0. ]
R2: !!opencv-matrix
   rows: 3
   cols: 3
   dt: f
   data: [ 9.92165446e-01, -9.45706386e-03, -1.24572501e-01,
       8.78828578e-03, 9.99943852e-01, -5.91702852e-03, 1.24621466e-01,
       4.77589248e-03, 9.92192864e-01 ]
