%YAML:1.0
---
Q: !!opencv-matrix
   rows: 4
   cols: 4
   dt: f
   data: [ 1., 0., 0., -4.15735870e+02, 0., 1., 0., -2.31145523e+02, 0.,
       0., 0., 3.60102142e+02, 0., 0., 2.15845749e-01, 0. ]
R: !!opencv-matrix
   rows: 3
   cols: 3
   dt: d
   data: [ 1.0076194536112508e+00, 7.5220215898266539e-03,
       -4.6846696422568569e-03, -9.9052575144308909e-03,
       1.0067551972306092e+00, 1.0323795764193596e-02,
       1.5843789624651297e-03, -1.0912052347028691e-02,
       1.0051281722185030e+00 ]
T: !!opencv-matrix
   rows: 3
   cols: 1
   dt: d
   data: [ -4.5120716481570282e+00, -9.2491722111190097e-02,
       2.0288609053250251e-01 ]
E: !!opencv-matrix
   rows: 0
   cols: 0
   dt: u
   data: []
F: !!opencv-matrix
   rows: 0
   cols: 0
   dt: u
   data: []
K1: !!opencv-matrix
   rows: 3
   cols: 3
   dt: d
   data: [ 3.6627756984521932e+02, 0., 3.8060969928433269e+02, 0.,
       3.6653175179255015e+02, 2.3878059668569790e+02, 0., 0., 1. ]
D1: !!opencv-matrix
   rows: 5
   cols: 1
   dt: d
   data: [ -2.1859934914563901e-02, -9.9468572971318997e-04,
       1.6448003429794193e-03, -3.1164985765511365e-04,
       3.5195408316194161e-04 ]
P1: !!opencv-matrix
   rows: 3
   cols: 4
   dt: f
   data: [ 3.60102142e+02, 0., 4.15735870e+02, 0., 0., 3.60102142e+02,
       2.31145523e+02, 0., 0., 0., 1., 0. ]
R1: !!opencv-matrix
   rows: 3
   cols: 3
   dt: f
   data: [ 9.98324811e-01, 2.96938047e-02, -4.96567413e-02,
       -2.94369180e-02, 9.99549270e-01, 5.89675643e-03, 4.98094559e-02,
       -4.42513684e-03, 9.98748958e-01 ]
K2: !!opencv-matrix
   rows: 3
   cols: 3
   dt: d
   data: [ 3.6687495098581172e+02, 0., 3.7621769200552956e+02, 0.,
       3.6726361788508825e+02, 2.2399932895774910e+02, 0., 0., 1. ]
D2: !!opencv-matrix
   rows: 5
   cols: 1
   dt: d
   data: [ -2.2201337830972428e-02, -1.1445843221826492e-03,
       2.9199201696882579e-04, -7.1705872414221615e-04,
       5.1284674356775366e-04 ]
P2: !!opencv-matrix
   rows: 3
   cols: 4
   dt: f
   data: [ 3.60102142e+02, 0., 4.15735870e+02, -1.66833105e+03, 0.,
       3.60102142e+02, 2.31145523e+02, 0., 0., 0., 1., 0. ]
R2: !!opencv-matrix
   rows: 3
   cols: 3
   dt: f
   data: [ 9.98680472e-01, 2.02615857e-02, -4.71891090e-02,
       -2.05050390e-02, 9.99778807e-01, -4.68068663e-03, 4.70838323e-02,
       5.64212492e-03, 9.98875022e-01 ]
