%YAML:1.0
---
Q: !!opencv-matrix
   rows: 4
   cols: 4
   dt: f
   data: [ 1., 0., 0., -3.38221832e+02, 0., 1., 0., -2.32834503e+02, 0.,
       0., 0., 3.57486420e+02, 0., 0., 2.11575180e-01, 0. ]
R: !!opencv-matrix
   rows: 3
   cols: 3
   dt: d
   data: [ 1.0055066165227713e+00, 9.3106462303788086e-03,
       -1.8589629216074516e-03, -9.7405772012583904e-03,
       1.0058792896331490e+00, 1.0887838758033619e-02,
       1.7682983085106174e-03, -8.6830191332490786e-03,
       1.0065722981650311e+00 ]
T: !!opencv-matrix
   rows: 3
   cols: 1
   dt: d
   data: [ -4.7187203338878660e+00, -1.8963201476242164e-01,
       -2.4791571939813856e-01 ]
E: !!opencv-matrix
   rows: 0
   cols: 0
   dt: u
   data: []
F: !!opencv-matrix
   rows: 0
   cols: 0
   dt: u
   data: []
K1: !!opencv-matrix
   rows: 3
   cols: 3
   dt: d
   data: [ 3.6627756984521932e+02, 0., 3.8060969928433269e+02, 0.,
       3.6653175179255015e+02, 2.3878059668569790e+02, 0., 0., 1. ]
D1: !!opencv-matrix
   rows: 5
   cols: 1
   dt: d
   data: [ -2.1859934914563901e-02, -9.9468572971318997e-04,
       1.6448003429794193e-03, -3.1164985765511365e-04,
       3.5195408316194161e-04 ]
P1: !!opencv-matrix
   rows: 3
   cols: 4
   dt: f
   data: [ 3.57486420e+02, 0., 3.38221832e+02, 0., 0., 3.57486420e+02,
       2.32834503e+02, 0., 0., 0., 1., 0. ]
R1: !!opencv-matrix
   rows: 3
   cols: 3
   dt: f
   data: [ 9.97648716e-01, 4.73217182e-02, 4.95746508e-02,
       -4.75689620e-02, 9.98860657e-01, 3.81874619e-03, -4.93374579e-02,
       -6.16798224e-03, 9.98763144e-01 ]
K2: !!opencv-matrix
   rows: 3
   cols: 3
   dt: d
   data: [ 3.6687495098581172e+02, 0., 3.7621769200552956e+02, 0.,
       3.6726361788508825e+02, 2.2399932895774910e+02, 0., 0., 1. ]
D2: !!opencv-matrix
   rows: 5
   cols: 1
   dt: d
   data: [ -2.2201337830972428e-02, -1.1445843221826492e-03,
       2.9199201696882579e-04, -7.1705872414221615e-04,
       5.1284674356775366e-04 ]
P2: !!opencv-matrix
   rows: 3
   cols: 4
   dt: f
   data: [ 3.57486420e+02, 0., 3.38221832e+02, -1.68964258e+03, 0.,
       3.57486420e+02, 2.32834503e+02, 0., 0., 0., 1., 0. ]
R2: !!opencv-matrix
   rows: 3
   cols: 3
   dt: f
   data: [ 9.97963548e-01, 3.83750759e-02, 5.09524420e-02,
       -3.81198935e-02, 9.99255359e-01, -5.97098842e-03, -5.11436351e-02,
       4.01652697e-03, 9.98683214e-01 ]
