%YAML:1.0
---
Q: !!opencv-matrix
   rows: 4
   cols: 4
   dt: f
   data: [ 1., 0., 0., -3.17880951e+02, 0., 1., 0., -2.33526291e+02, 0.,
       0., 0., 3.59791412e+02, 0., 0., 5.62748499e-03, 0. ]
R: !!opencv-matrix
   rows: 3
   cols: 3
   dt: d
   data: [ 1.0037496167923232e+00, 1.0770050130382876e-02,
       -2.1961462213339195e-03, -9.7258583760667719e-03,
       1.0013723346262600e+00, 8.4942780076928247e-03,
       1.6876053621666031e-03, -1.4895471255843732e-02,
       9.9668726186556300e-01 ]
T: !!opencv-matrix
   rows: 3
   cols: 1
   dt: d
   data: [ -1.9258327167299757e+02, 7.7995208245247003e+00,
       3.6776672825482152e+01 ]
E: !!opencv-matrix
   rows: 0
   cols: 0
   dt: u
   data: []
F: !!opencv-matrix
   rows: 0
   cols: 0
   dt: u
   data: []
K1: !!opencv-matrix
   rows: 3
   cols: 3
   dt: d
   data: [ 3.6627756984521932e+02, 0., 3.8060969928433269e+02, 0.,
       3.6653175179255015e+02, 2.3878059668569790e+02, 0., 0., 1. ]
D1: !!opencv-matrix
   rows: 5
   cols: 1
   dt: d
   data: [ -2.1859934914563901e-02, -9.9468572971318997e-04,
       1.6448003429794193e-03, -3.1164985765511365e-04,
       3.5195408316194161e-04 ]
P1: !!opencv-matrix
   rows: 3
   cols: 4
   dt: f
   data: [ 3.59791412e+02, 0., 3.17880951e+02, 0., 0., 3.59791412e+02,
       2.33526291e+02, 0., 0., 0., 1., 0. ]
R1: !!opencv-matrix
   rows: 3
   cols: 3
   dt: f
   data: [ 9.95888948e-01, 5.14828488e-02, 7.45300874e-02,
       -5.18434681e-02, 9.98650968e-01, 2.91079306e-03, -7.42796883e-02,
       -6.76272484e-03, 9.97214496e-01 ]
K2: !!opencv-matrix
   rows: 3
   cols: 3
   dt: d
   data: [ 3.6687495098581172e+02, 0., 3.7621769200552956e+02, 0.,
       3.6726361788508825e+02, 2.2399932895774910e+02, 0., 0., 1. ]
D2: !!opencv-matrix
   rows: 5
   cols: 1
   dt: d
   data: [ -2.2201337830972428e-02, -1.1445843221826492e-03,
       2.9199201696882579e-04, -7.1705872414221615e-04,
       5.1284674356775366e-04 ]
P2: !!opencv-matrix
   rows: 3
   cols: 4
   dt: f
   data: [ 3.59791412e+02, 0., 3.17880951e+02, -6.39346719e+04, 0.,
       3.59791412e+02, 2.33526291e+02, 0., 0., 0., 1., 0. ]
R2: !!opencv-matrix
   rows: 3
   cols: 3
   dt: f
   data: [ 9.96100187e-01, 4.29500379e-02, 7.70697147e-02,
       -4.25760187e-02, 9.99072134e-01, -6.49033114e-03, -7.72769675e-02,
       3.18369851e-03, 9.97004569e-01 ]
