%YAML:1.0
---
Q: !!opencv-matrix
   rows: 4
   cols: 4
   dt: f
   data: [ 1., 0., 0., -3.32788025e+02, 0., 1., 0., -2.33121170e+02, 0.,
       0., 0., 3.58821869e+02, 0., 0., 2.10626811e-01, 0. ]
R: !!opencv-matrix
   rows: 3
   cols: 3
   dt: d
   data: [ 1.0054336937167903e+00, 9.3285800065693071e-03,
       -1.9445128532981982e-03, -9.7771498062738157e-03,
       1.0057907886692143e+00, 1.1037373167661048e-02,
       1.7165863480486537e-03, -8.3452195872314779e-03,
       1.0066444438247344e+00 ]
T: !!opencv-matrix
   rows: 3
   cols: 1
   dt: d
   data: [ -4.7288877202616550e+00, -2.1707220594673118e-01,
       -3.0344908698395490e-01 ]
E: !!opencv-matrix
   rows: 0
   cols: 0
   dt: u
   data: []
F: !!opencv-matrix
   rows: 0
   cols: 0
   dt: u
   data: []
K1: !!opencv-matrix
   rows: 3
   cols: 3
   dt: d
   data: [ 3.6627756984521932e+02, 0., 3.8060969928433269e+02, 0.,
       3.6653175179255015e+02, 2.3878059668569790e+02, 0., 0., 1. ]
D1: !!opencv-matrix
   rows: 5
   cols: 1
   dt: d
   data: [ -2.1859934914563901e-02, -9.9468572971318997e-04,
       1.6448003429794193e-03, -3.1164985765511365e-04,
       3.5195408316194161e-04 ]
P1: !!opencv-matrix
   rows: 3
   cols: 4
   dt: f
   data: [ 3.58821869e+02, 0., 3.32788025e+02, 0., 0., 3.58821869e+02,
       2.33121170e+02, 0., 0., 0., 1., 0. ]
R1: !!opencv-matrix
   rows: 3
   cols: 3
   dt: f
   data: [ 9.97021377e-01, 5.25772981e-02, 5.64266667e-02,
       -5.28587736e-02, 9.98595834e-01, 3.50646814e-03, -5.61630763e-02,
       -6.47866819e-03, 9.98400569e-01 ]
K2: !!opencv-matrix
   rows: 3
   cols: 3
   dt: d
   data: [ 3.6687495098581172e+02, 0., 3.7621769200552956e+02, 0.,
       3.6726361788508825e+02, 2.2399932895774910e+02, 0., 0., 1. ]
D2: !!opencv-matrix
   rows: 5
   cols: 1
   dt: d
   data: [ -2.2201337830972428e-02, -1.1445843221826492e-03,
       2.9199201696882579e-04, -7.1705872414221615e-04,
       5.1284674356775366e-04 ]
P2: !!opencv-matrix
   rows: 3
   cols: 4
   dt: f
   data: [ 3.58821869e+02, 0., 3.32788025e+02, -1.70359070e+03, 0.,
       3.58821869e+02, 2.33121170e+02, 0., 0., 0., 1., 0. ]
R2: !!opencv-matrix
   rows: 3
   cols: 3
   dt: f
   data: [ 9.97377217e-01, 4.36372347e-02, 5.77451661e-02,
       -4.33479883e-02, 9.99040484e-01, -6.25278102e-03, -5.79626113e-02,
       3.73324472e-03, 9.98311758e-01 ]
