%YAML:1.0
---
Q: !!opencv-matrix
   rows: 4
   cols: 4
   dt: f
   data: [ 1., 0., 0., -4.96087677e+02, 0., 1., 0., -2.32111420e+02, 0.,
       0., 0., 3.51045837e+02, 0., 0., 8.07349533e-02, 0. ]
R: !!opencv-matrix
   rows: 3
   cols: 3
   dt: d
   data: [ 1.0064202140197460e+00, -3.2662400006713945e-03,
       -1.6288763971490237e-02, -9.9075104403163576e-03,
       1.0032514325603301e+00, 9.5421017122289155e-03,
       1.6237956231184619e-03, -1.2159764229148450e-02,
       1.0016633268933572e+00 ]
T: !!opencv-matrix
   rows: 3
   cols: 1
   dt: d
   data: [ -1.1446714928180009e+01, 1.2381791624090878e-01,
       1.6826166637681046e+00 ]
E: !!opencv-matrix
   rows: 0
   cols: 0
   dt: u
   data: []
F: !!opencv-matrix
   rows: 0
   cols: 0
   dt: u
   data: []
K1: !!opencv-matrix
   rows: 3
   cols: 3
   dt: d
   data: [ 3.6627756984521932e+02, 0., 3.8060969928433269e+02, 0.,
       3.6653175179255015e+02, 2.3878059668569790e+02, 0., 0., 1. ]
D1: !!opencv-matrix
   rows: 5
   cols: 1
   dt: d
   data: [ -2.1859934914563901e-02, -9.9468572971318997e-04,
       1.6448003429794193e-03, -3.1164985765511365e-04,
       3.5195408316194161e-04 ]
P1: !!opencv-matrix
   rows: 3
   cols: 4
   dt: f
   data: [ 3.51045837e+02, 0., 4.96087677e+02, 0., 0., 3.51045837e+02,
       2.32111420e+02, 0., 0., 0., 1., 0. ]
R1: !!opencv-matrix
   rows: 3
   cols: 3
   dt: f
   data: [ 9.88707185e-01, -3.67492088e-03, -1.49815112e-01,
       4.46438324e-03, 9.99977887e-01, 4.93360125e-03, 1.49793670e-01,
       -5.54671884e-03, 9.88701701e-01 ]
K2: !!opencv-matrix
   rows: 3
   cols: 3
   dt: d
   data: [ 3.6687495098581172e+02, 0., 3.7621769200552956e+02, 0.,
       3.6726361788508825e+02, 2.2399932895774910e+02, 0., 0., 1. ]
D2: !!opencv-matrix
   rows: 5
   cols: 1
   dt: d
   data: [ -2.2201337830972428e-02, -1.1445843221826492e-03,
       2.9199201696882579e-04, -7.1705872414221615e-04,
       5.1284674356775366e-04 ]
P2: !!opencv-matrix
   rows: 3
   cols: 4
   dt: f
   data: [ 3.51045837e+02, 0., 4.96087677e+02, -4.34812695e+03, 0.,
       3.51045837e+02, 2.32111420e+02, 0., 0., 0., 1., 0. ]
R2: !!opencv-matrix
   rows: 3
   cols: 3
   dt: f
   data: [ 9.89908159e-01, -8.87671113e-03, -1.41432106e-01,
       8.13147798e-03, 9.99949872e-01, -5.84626803e-03, 1.41476899e-01,
       4.63721622e-03, 9.89930689e-01 ]
