%YAML:1.0
---
Q: !!opencv-matrix
   rows: 4
   cols: 4
   dt: f
   data: [ 1., 0., 0., -1.92095993e+02, 0., 1., 0., -2.30445938e+02, 0.,
       0., 0., 3.48430603e+02, 0., 0., 1.18248770e-02, 0. ]
R: !!opencv-matrix
   rows: 3
   cols: 3
   dt: d
   data: [ 9.9998566288956825e-01, -4.6964009267643899e-03,
       -1.6574315265057454e-02, -9.6335598244931212e-03,
       9.9818275923521815e-01, 9.5541215566963388e-03,
       1.3830761046721041e-03, -7.8006035185838891e-03,
       1.0021037742261174e+00 ]
T: !!opencv-matrix
   rows: 3
   cols: 1
   dt: d
   data: [ -8.0482952336562931e+01, 3.9329094999284181e-01,
       -1.9254200212093480e+01 ]
E: !!opencv-matrix
   rows: 0
   cols: 0
   dt: u
   data: []
F: !!opencv-matrix
   rows: 0
   cols: 0
   dt: u
   data: []
K1: !!opencv-matrix
   rows: 3
   cols: 3
   dt: d
   data: [ 3.6627756984521932e+02, 0., 3.8060969928433269e+02, 0.,
       3.6653175179255015e+02, 2.3878059668569790e+02, 0., 0., 1. ]
D1: !!opencv-matrix
   rows: 5
   cols: 1
   dt: d
   data: [ -2.1859934914563901e-02, -9.9468572971318997e-04,
       1.6448003429794193e-03, -3.1164985765511365e-04,
       3.5195408316194161e-04 ]
P1: !!opencv-matrix
   rows: 3
   cols: 4
   dt: f
   data: [ 3.48430603e+02, 0., 1.92095993e+02, 0., 0., 3.48430603e+02,
       2.30445938e+02, 0., 0., 0., 1., 0. ]
R1: !!opencv-matrix
   rows: 3
   cols: 3
   dt: f
   data: [ 9.76550758e-01, -5.93222352e-03, 2.15205431e-01,
       4.97445185e-03, 9.99975145e-01, 4.99184150e-03, -2.15229705e-01,
       -3.80425784e-03, 9.76556063e-01 ]
K2: !!opencv-matrix
   rows: 3
   cols: 3
   dt: d
   data: [ 3.6687495098581172e+02, 0., 3.7621769200552956e+02, 0.,
       3.6726361788508825e+02, 2.2399932895774910e+02, 0., 0., 1. ]
D2: !!opencv-matrix
   rows: 5
   cols: 1
   dt: d
   data: [ -2.2201337830972428e-02, -1.1445843221826492e-03,
       2.9199201696882579e-04, -7.1705872414221615e-04,
       5.1284674356775366e-04 ]
P2: !!opencv-matrix
   rows: 3
   cols: 4
   dt: f
   data: [ 3.48430603e+02, 0., 1.92095993e+02, -2.94658965e+04, 0.,
       3.48430603e+02, 2.30445938e+02, 0., 0., 0., 1., 0. ]
R2: !!opencv-matrix
   rows: 3
   cols: 3
   dt: f
   data: [ 9.74599898e-01, -6.58896612e-03, 2.23856375e-01,
       7.58560421e-03, 9.99964774e-01, -3.59246042e-03, -2.23824814e-01,
       5.19929733e-03, 9.74615514e-01 ]
