%YAML:1.0
---
Q: !!opencv-matrix
   rows: 4
   cols: 4
   dt: f
   data: [ 1., 0., 0., -4.03867310e+02, 0., 1., 0., -2.31267670e+02, 0.,
       0., 0., 3.60319305e+02, 0., 0., 2.21643820e-01, 0. ]
R: !!opencv-matrix
   rows: 3
   cols: 3
   dt: d
   data: [ 1.0058871847266784e+00, 8.6287396540949048e-03,
       -3.3744506034280135e-03, -9.8805806167295059e-03,
       1.0073023706805977e+00, 1.0328112320269943e-02,
       1.7841148226095112e-03, -1.0988096661361703e-02,
       1.0063863058768119e+00 ]
T: !!opencv-matrix
   rows: 3
   cols: 1
   dt: d
   data: [ -4.5501167589637355e+00, -1.0027491000420423e-01,
       1.1455503607098444e-01 ]
E: !!opencv-matrix
   rows: 0
   cols: 0
   dt: u
   data: []
F: !!opencv-matrix
   rows: 0
   cols: 0
   dt: u
   data: []
K1: !!opencv-matrix
   rows: 3
   cols: 3
   dt: d
   data: [ 3.6627756984521932e+02, 0., 3.8060969928433269e+02, 0.,
       3.6653175179255015e+02, 2.3878059668569790e+02, 0., 0., 1. ]
D1: !!opencv-matrix
   rows: 5
   cols: 1
   dt: d
   data: [ -2.1859934914563901e-02, -9.9468572971318997e-04,
       1.6448003429794193e-03, -3.1164985765511365e-04,
       3.5195408316194161e-04 ]
P1: !!opencv-matrix
   rows: 3
   cols: 4
   dt: f
   data: [ 3.60319305e+02, 0., 4.03867310e+02, 0., 0., 3.60319305e+02,
       2.31267670e+02, 0., 0., 0., 1., 0. ]
R1: !!opencv-matrix
   rows: 3
   cols: 3
   dt: f
   data: [ 9.98817265e-01, 3.41333821e-02, -3.46256196e-02,
       -3.39500532e-02, 9.99406278e-01, 5.86894806e-03, 3.48053910e-02,
       -4.68646549e-03, 9.99383092e-01 ]
K2: !!opencv-matrix
   rows: 3
   cols: 3
   dt: d
   data: [ 3.6687495098581172e+02, 0., 3.7621769200552956e+02, 0.,
       3.6726361788508825e+02, 2.2399932895774910e+02, 0., 0., 1. ]
D2: !!opencv-matrix
   rows: 5
   cols: 1
   dt: d
   data: [ -2.2201337830972428e-02, -1.1445843221826492e-03,
       2.9199201696882579e-04, -7.1705872414221615e-04,
       5.1284674356775366e-04 ]
P2: !!opencv-matrix
   rows: 3
   cols: 4
   dt: f
   data: [ 3.60319305e+02, 0., 4.03867310e+02, -1.62566821e+03, 0.,
       3.60319305e+02, 2.31267670e+02, 0., 0., 0., 1., 0. ]
R2: !!opencv-matrix
   rows: 3
   cols: 3
   dt: f
   data: [ 9.99176383e-01, 2.46944744e-02, -3.21992412e-02,
       -2.48641539e-02, 9.99678910e-01, -4.87988675e-03, 3.20683978e-02,
       5.67647442e-03, 9.99469578e-01 ]
