%YAML:1.0
---
Q: !!opencv-matrix
   rows: 4
   cols: 4
   dt: f
   data: [ 1., 0., 0., -3.07685242e+02, 0., 1., 0., -2.33753937e+02, 0.,
       0., 0., 3.59880737e+02, 0., 0., 5.55663230e-03, 0. ]
R: !!opencv-matrix
   rows: 3
   cols: 3
   dt: d
   data: [ 9.9869055190096367e-01, 9.0425629295496079e-03,
       -3.8103033674382887e-03, -9.6878860825037518e-03,
       9.9942941464266077e-01, 1.0861926085588496e-02,
       2.0148570170161030e-03, -7.2350551430500612e-03,
       1.0010403161101096e+00 ]
T: !!opencv-matrix
   rows: 3
   cols: 1
   dt: d
   data: [ -1.7815753463289585e+02, -7.5880571848477922e+00,
       -1.6018803611819965e+01 ]
E: !!opencv-matrix
   rows: 0
   cols: 0
   dt: u
   data: []
F: !!opencv-matrix
   rows: 0
   cols: 0
   dt: u
   data: []
K1: !!opencv-matrix
   rows: 3
   cols: 3
   dt: d
   data: [ 3.6627756984521932e+02, 0., 3.8060969928433269e+02, 0.,
       3.6653175179255015e+02, 2.3878059668569790e+02, 0., 0., 1. ]
D1: !!opencv-matrix
   rows: 5
   cols: 1
   dt: d
   data: [ -2.1859934914563901e-02, -9.9468572971318997e-04,
       1.6448003429794193e-03, -3.1164985765511365e-04,
       3.5195408316194161e-04 ]
P1: !!opencv-matrix
   rows: 3
   cols: 4
   dt: f
   data: [ 3.59880737e+02, 0., 3.07685242e+02, 0., 0., 3.59880737e+02,
       2.33753937e+02, 0., 0., 0., 1., 0. ]
R1: !!opencv-matrix
   rows: 3
   cols: 3
   dt: f
   data: [ 9.94925857e-01, 5.00926301e-02, 8.72543827e-02,
       -5.05062640e-02, 9.98720527e-01, 2.53796531e-03, -8.70156065e-02,
       -6.93198014e-03, 9.96182859e-01 ]
K2: !!opencv-matrix
   rows: 3
   cols: 3
   dt: d
   data: [ 3.6687495098581172e+02, 0., 3.7621769200552956e+02, 0.,
       3.6726361788508825e+02, 2.2399932895774910e+02, 0., 0., 1. ]
D2: !!opencv-matrix
   rows: 5
   cols: 1
   dt: d
   data: [ -2.2201337830972428e-02, -1.1445843221826492e-03,
       2.9199201696882579e-04, -7.1705872414221615e-04,
       5.1284674356775366e-04 ]
P2: !!opencv-matrix
   rows: 3
   cols: 4
   dt: f
   data: [ 3.59880737e+02, 0., 3.07685242e+02, -6.47659805e+04, 0.,
       3.59880737e+02, 2.33753937e+02, 0., 0., 0., 1., 0. ]
R2: !!opencv-matrix
   rows: 3
   cols: 3
   dt: f
   data: [ 9.95105624e-01, 4.14955840e-02, 8.96823630e-02,
       -4.10694107e-02, 9.99134541e-01, -6.59292098e-03, -8.98783281e-02,
       2.87745078e-03, 9.95948613e-01 ]
