%YAML:1.0
---
Q: !!opencv-matrix
   rows: 4
   cols: 4
   dt: f
   data: [ 1., 0., 0., -3.63190247e+02, 0., 1., 0., -2.32106064e+02, 0.,
       0., 0., 3.56666931e+02, 0., 0., 6.00491799e-02, 0. ]
R: !!opencv-matrix
   rows: 3
   cols: 3
   dt: d
   data: [ 1.0069118192771487e+00, 2.9068575711006035e-03,
       -8.5129256795143503e-03, -1.0006898794262017e-02,
       1.0026276639751754e+00, 9.4855196474615978e-03,
       1.3461807802514873e-03, -1.2907345815597751e-02,
       1.0005647861753686e+00 ]
T: !!opencv-matrix
   rows: 3
   cols: 1
   dt: d
   data: [ -1.7797588751219713e+01, 1.6964200053888764e-01,
       2.2345972720327105e+00 ]
E: !!opencv-matrix
   rows: 0
   cols: 0
   dt: u
   data: []
F: !!opencv-matrix
   rows: 0
   cols: 0
   dt: u
   data: []
K1: !!opencv-matrix
   rows: 3
   cols: 3
   dt: d
   data: [ 3.6627756984521932e+02, 0., 3.8060969928433269e+02, 0.,
       3.6653175179255015e+02, 2.3878059668569790e+02, 0., 0., 1. ]
D1: !!opencv-matrix
   rows: 5
   cols: 1
   dt: d
   data: [ -2.1859934914563901e-02, -9.9468572971318997e-04,
       1.6448003429794193e-03, -3.1164985765511365e-04,
       3.5195408316194161e-04 ]
P1: !!opencv-matrix
   rows: 3
   cols: 4
   dt: f
   data: [ 3.56666931e+02, 0., 3.63190247e+02, 0., 0., 3.56666931e+02,
       2.32106064e+02, 0., 0., 0., 1., 0. ]
R1: !!opencv-matrix
   rows: 3
   cols: 3
   dt: f
   data: [ 9.99162316e-01, 3.77381891e-02, 1.58266332e-02,
       -3.78185324e-02, 9.99273062e-01, 4.80835466e-03, -1.56336706e-02,
       -5.40286722e-03, 9.99863207e-01 ]
K2: !!opencv-matrix
   rows: 3
   cols: 3
   dt: d
   data: [ 3.6687495098581172e+02, 0., 3.7621769200552956e+02, 0.,
       3.6726361788508825e+02, 2.2399932895774910e+02, 0., 0., 1. ]
D2: !!opencv-matrix
   rows: 5
   cols: 1
   dt: d
   data: [ -2.2201337830972428e-02, -1.1445843221826492e-03,
       2.9199201696882579e-04, -7.1705872414221615e-04,
       5.1284674356775366e-04 ]
P2: !!opencv-matrix
   rows: 3
   cols: 4
   dt: f
   data: [ 3.56666931e+02, 0., 3.63190247e+02, -5.93958057e+03, 0.,
       3.56666931e+02, 2.32106064e+02, 0., 0., 0., 1., 0. ]
R2: !!opencv-matrix
   rows: 3
   cols: 3
   dt: f
   data: [ 9.99248326e-01, 3.24584469e-02, 2.11941786e-02,
       -3.23497690e-02, 9.99461770e-01, -5.45058260e-03, -2.13596877e-02,
       4.76085907e-03, 9.99760509e-01 ]
