%YAML:1.0
---
Q: !!opencv-matrix
   rows: 4
   cols: 4
   dt: f
   data: [ 1., 0., 0., -3.68208557e+02, 0., 1., 0., -2.31964783e+02, 0.,
       0., 0., 3.57667938e+02, 0., 0., 2.72326656e-02, 0. ]
R: !!opencv-matrix
   rows: 3
   cols: 3
   dt: d
   data: [ 1.0028553189729539e+00, -6.0202860649250433e-03,
       -2.2331495610010334e-02, -9.8286820282798802e-03,
       1.0010805522553328e+00, 1.0025803489465001e-02,
       1.2630852771169277e-03, -9.7129311659128557e-03,
       1.0014889069845390e+00 ]
T: !!opencv-matrix
   rows: 3
   cols: 1
   dt: d
   data: [ -3.5565447454837148e+01, -1.1500820402936340e+00,
       -1.0836638100145937e+00 ]
E: !!opencv-matrix
   rows: 0
   cols: 0
   dt: u
   data: []
F: !!opencv-matrix
   rows: 0
   cols: 0
   dt: u
   data: []
K1: !!opencv-matrix
   rows: 3
   cols: 3
   dt: d
   data: [ 3.6627756984521932e+02, 0., 3.8060969928433269e+02, 0.,
       3.6653175179255015e+02, 2.3878059668569790e+02, 0., 0., 1. ]
D1: !!opencv-matrix
   rows: 5
   cols: 1
   dt: d
   data: [ -2.1859934914563901e-02, -9.9468572971318997e-04,
       1.6448003429794193e-03, -3.1164985765511365e-04,
       3.5195408316194161e-04 ]
P1: !!opencv-matrix
   rows: 3
   cols: 4
   dt: f
   data: [ 3.57667938e+02, 0., 3.68208557e+02, 0., 0., 3.57667938e+02,
       2.31964783e+02, 0., 0., 0., 1., 0. ]
R1: !!opencv-matrix
   rows: 3
   cols: 3
   dt: f
   data: [ 9.99614656e-01, 2.70216800e-02, 6.35093683e-03,
       -2.70528495e-02, 9.99622107e-01, 4.87404317e-03, -6.21683197e-03,
       -5.04397601e-03, 9.99967933e-01 ]
K2: !!opencv-matrix
   rows: 3
   cols: 3
   dt: d
   data: [ 3.6687495098581172e+02, 0., 3.7621769200552956e+02, 0.,
       3.6726361788508825e+02, 2.2399932895774910e+02, 0., 0., 1. ]
D2: !!opencv-matrix
   rows: 5
   cols: 1
   dt: d
   data: [ -2.2201337830972428e-02, -1.1445843221826492e-03,
       2.9199201696882579e-04, -7.1705872414221615e-04,
       5.1284674356775366e-04 ]
P2: !!opencv-matrix
   rows: 3
   cols: 4
   dt: f
   data: [ 3.57667938e+02, 0., 3.68208557e+02, -1.31337832e+04, 0.,
       3.57667938e+02, 2.31964783e+02, 0., 0., 0., 1., 0. ]
R2: !!opencv-matrix
   rows: 3
   cols: 3
   dt: f
   data: [ 9.99511540e-01, 2.55805291e-02, 1.79537199e-02,
       -2.54911631e-02, 9.99661565e-01, -5.18897967e-03, -1.80803817e-02,
       4.72878385e-03, 9.99825358e-01 ]
