%YAML:1.0
---
Q: !!opencv-matrix
   rows: 4
   cols: 4
   dt: f
   data: [ 1., 0., 0., -4.27815125e+02, 0., 1., 0., -2.31952682e+02, 0.,
       0., 0., 3.51631165e+02, 0., 0., 3.16850007e-01, 0. ]
R: !!opencv-matrix
   rows: 3
   cols: 3
   dt: d
   data: [ 1.0085176890203600e+00, -5.9788336734938460e-03,
       -2.3284175020707096e-02, -9.6429054310033114e-03,
       1.0041368685300907e+00, 9.7408174433073844e-03,
       1.5058543867474967e-03, -1.1192833952501310e-02,
       1.0042401005551147e+00 ]
T: !!opencv-matrix
   rows: 3
   cols: 1
   dt: d
   data: [ -2.9476686925129068e+00, 4.3516918760531575e-03,
       1.4803315437259809e-01 ]
E: !!opencv-matrix
   rows: 0
   cols: 0
   dt: u
   data: []
F: !!opencv-matrix
   rows: 0
   cols: 0
   dt: u
   data: []
K1: !!opencv-matrix
   rows: 3
   cols: 3
   dt: d
   data: [ 3.6627756984521932e+02, 0., 3.8060969928433269e+02, 0.,
       3.6653175179255015e+02, 2.3878059668569790e+02, 0., 0., 1. ]
D1: !!opencv-matrix
   rows: 5
   cols: 1
   dt: d
   data: [ -2.1859934914563901e-02, -9.9468572971318997e-04,
       1.6448003429794193e-03, -3.1164985765511365e-04,
       3.5195408316194161e-04 ]
P1: !!opencv-matrix
   rows: 3
   cols: 4
   dt: f
   data: [ 3.51631165e+02, 0., 4.27815125e+02, 0., 0., 3.51631165e+02,
       2.31952682e+02, 0., 0., 0., 1., 0. ]
R1: !!opencv-matrix
   rows: 3
   cols: 3
   dt: f
   data: [ 9.97584879e-01, -2.36518378e-03, -6.94178566e-02,
       2.72644451e-03, 9.99983251e-01, 5.10986149e-03, 6.94046021e-02,
       -5.28678438e-03, 9.97574568e-01 ]
K2: !!opencv-matrix
   rows: 3
   cols: 3
   dt: d
   data: [ 3.6687495098581172e+02, 0., 3.7621769200552956e+02, 0.,
       3.6726361788508825e+02, 2.2399932895774910e+02, 0., 0., 1. ]
D2: !!opencv-matrix
   rows: 5
   cols: 1
   dt: d
   data: [ -2.2201337830972428e-02, -1.1445843221826492e-03,
       2.9199201696882579e-04, -7.1705872414221615e-04,
       5.1284674356775366e-04 ]
P2: !!opencv-matrix
   rows: 3
   cols: 4
   dt: f
   data: [ 3.51631165e+02, 0., 4.27815125e+02, -1.10977161e+03, 0.,
       3.51631165e+02, 2.31952682e+02, 0., 0., 0., 1., 0. ]
R2: !!opencv-matrix
   rows: 3
   cols: 3
   dt: f
   data: [ 9.98344183e-01, -4.99278959e-03, -5.73059916e-02,
       4.69452376e-03, 9.99974728e-01, -5.33824274e-03, 5.73311932e-02,
       5.06037893e-03, 9.98342395e-01 ]
