%YAML:1.0
---
Q: !!opencv-matrix
   rows: 4
   cols: 4
   dt: f
   data: [ 1., 0., 0., -2.27201675e+02, 0., 1., 0., -2.34277328e+02, 0.,
       0., 0., 3.59188599e+02, 0., 0., 1.30852181e-02, 0. ]
R: !!opencv-matrix
   rows: 3
   cols: 3
   dt: d
   data: [ 1.0016722858186322e+00, -5.1349582207425616e-03,
       -1.7399366695762621e-02, -9.8310850971306679e-03,
       9.9927688185068431e-01, 1.0401704664634370e-02,
       1.7615950371040400e-03, -8.5681313671872768e-03,
       1.0012077415583649e+00 ]
T: !!opencv-matrix
   rows: 3
   cols: 1
   dt: d
   data: [ -7.2063339724207054e+01, -3.5699965099028854e+00,
       -1.0580127118169727e+01 ]
E: !!opencv-matrix
   rows: 0
   cols: 0
   dt: u
   data: []
F: !!opencv-matrix
   rows: 0
   cols: 0
   dt: u
   data: []
K1: !!opencv-matrix
   rows: 3
   cols: 3
   dt: d
   data: [ 3.6627756984521932e+02, 0., 3.8060969928433269e+02, 0.,
       3.6653175179255015e+02, 2.3878059668569790e+02, 0., 0., 1. ]
D1: !!opencv-matrix
   rows: 5
   cols: 1
   dt: d
   data: [ -2.1859934914563901e-02, -9.9468572971318997e-04,
       1.6448003429794193e-03, -3.1164985765511365e-04,
       3.5195408316194161e-04 ]
P1: !!opencv-matrix
   rows: 3
   cols: 4
   dt: f
   data: [ 3.59188599e+02, 0., 2.27201675e+02, 0., 0., 3.59188599e+02,
       2.34277328e+02, 0., 0., 0., 1., 0. ]
R1: !!opencv-matrix
   rows: 3
   cols: 3
   dt: f
   data: [ 9.83565688e-01, 3.00179068e-02, 1.78037688e-01,
       -3.08584198e-02, 9.99521852e-01, 1.95312221e-03, -1.77893937e-01,
       -7.41498591e-03, 9.84021723e-01 ]
K2: !!opencv-matrix
   rows: 3
   cols: 3
   dt: d
   data: [ 3.6687495098581172e+02, 0., 3.7621769200552956e+02, 0.,
       3.6726361788508825e+02, 2.2399932895774910e+02, 0., 0., 1. ]
D2: !!opencv-matrix
   rows: 5
   cols: 1
   dt: d
   data: [ -2.2201337830972428e-02, -1.1445843221826492e-03,
       2.9199201696882579e-04, -7.1705872414221615e-04,
       5.1284674356775366e-04 ]
P2: !!opencv-matrix
   rows: 3
   cols: 4
   dt: f
   data: [ 3.59188599e+02, 0., 2.27201675e+02, -2.74499512e+04, 0.,
       3.59188599e+02, 2.34277328e+02, 0., 0., 0., 1., 0. ]
R2: !!opencv-matrix
   rows: 3
   cols: 3
   dt: f
   data: [ 9.81940150e-01, 2.94030178e-02, 1.86892912e-01,
       -2.85196584e-02, 9.99565721e-01, -7.41414446e-03, -1.87029749e-01,
       1.95012451e-03, 9.82352316e-01 ]
