%YAML:1.0
---
Q: !!opencv-matrix
   rows: 4
   cols: 4
   dt: f
   data: [ 1., 0., 0., -4.09523376e+02, 0., 1., 0., -2.31131882e+02, 0.,
       0., 0., 3.60653015e+02, 0., 0., 2.24723786e-01, 0. ]
R: !!opencv-matrix
   rows: 3
   cols: 3
   dt: d
   data: [ 1.0061334742303292e+00, 8.3077733579132642e-03,
       -3.9765645981112117e-03, -9.9035905127864091e-03,
       1.0074610823274810e+00, 1.0426674446641268e-02,
       1.7512540395488068e-03, -1.1139425978279495e-02,
       1.0061794391369079e+00 ]
T: !!opencv-matrix
   rows: 3
   cols: 1
   dt: d
   data: [ -4.4847878762939741e+00, -1.1075894542171194e-01,
       1.5827019730382275e-01 ]
E: !!opencv-matrix
   rows: 0
   cols: 0
   dt: u
   data: []
F: !!opencv-matrix
   rows: 0
   cols: 0
   dt: u
   data: []
K1: !!opencv-matrix
   rows: 3
   cols: 3
   dt: d
   data: [ 3.6627756984521932e+02, 0., 3.8060969928433269e+02, 0.,
       3.6653175179255015e+02, 2.3878059668569790e+02, 0., 0., 1. ]
D1: !!opencv-matrix
   rows: 5
   cols: 1
   dt: d
   data: [ -2.1859934914563901e-02, -9.9468572971318997e-04,
       1.6448003429794193e-03, -3.1164985765511365e-04,
       3.5195408316194161e-04 ]
P1: !!opencv-matrix
   rows: 3
   cols: 4
   dt: f
   data: [ 3.60653015e+02, 0., 4.09523376e+02, 0., 0., 3.60653015e+02,
       2.31131882e+02, 0., 0., 0., 1., 0. ]
R1: !!opencv-matrix
   rows: 3
   cols: 3
   dt: f
   data: [ 9.98507738e-01, 3.49630266e-02, -4.19514999e-02,
       -3.47402878e-02, 9.99378204e-01, 6.02695625e-03, 4.21361327e-02,
       -4.56055487e-03, 9.99101460e-01 ]
K2: !!opencv-matrix
   rows: 3
   cols: 3
   dt: d
   data: [ 3.6687495098581172e+02, 0., 3.7621769200552956e+02, 0.,
       3.6726361788508825e+02, 2.2399932895774910e+02, 0., 0., 1. ]
D2: !!opencv-matrix
   rows: 5
   cols: 1
   dt: d
   data: [ -2.2201337830972428e-02, -1.1445843221826492e-03,
       2.9199201696882579e-04, -7.1705872414221615e-04,
       5.1284674356775366e-04 ]
P2: !!opencv-matrix
   rows: 3
   cols: 4
   dt: f
   data: [ 3.60653015e+02, 0., 4.09523376e+02, -1.60487256e+03, 0.,
       3.60653015e+02, 2.31131882e+02, 0., 0., 0., 1., 0. ]
R2: !!opencv-matrix
   rows: 3
   cols: 3
   dt: f
   data: [ 9.98900712e-01, 2.56036595e-02, -3.92653681e-02,
       -2.58112960e-02, 9.99655366e-01, -4.79016406e-03, 3.91291901e-02,
       5.79838827e-03, 9.99217331e-01 ]
