%YAML:1.0
---
Q: !!opencv-matrix
   rows: 4
   cols: 4
   dt: f
   data: [ 1., 0., 0., -2.55469131e+02, 0., 1., 0., -2.38271591e+02, 0.,
       0., 0., 3.77939880e+02, 0., 0., 5.74485175e-02, 0. ]
R: !!opencv-matrix
   rows: 3
   cols: 3
   dt: d
   data: [ 1.0041876569378347e+00, -2.4253524843972582e-04,
       -8.5802586576791528e-03, -1.0161121598372971e-02,
       1.0005658214347792e+00, 1.1155898071139370e-02,
       1.2676952225886980e-03, -8.8726999200232290e-03,
       1.0028791020679391e+00 ]
T: !!opencv-matrix
   rows: 3
   cols: 1
   dt: d
   data: [ -1.7121486270758599e+01, -1.1113308264545902e+00,
       -1.8042455429897641e+00 ]
E: !!opencv-matrix
   rows: 0
   cols: 0
   dt: u
   data: []
F: !!opencv-matrix
   rows: 0
   cols: 0
   dt: u
   data: []
K1: !!opencv-matrix
   rows: 3
   cols: 3
   dt: d
   data: [ 3.6627756984521932e+02, 0., 3.8060969928433269e+02, 0.,
       3.6653175179255015e+02, 2.3878059668569790e+02, 0., 0., 1. ]
D1: !!opencv-matrix
   rows: 5
   cols: 1
   dt: d
   data: [ -2.1859934914563901e-02, -9.9468572971318997e-04,
       1.6448003429794193e-03, -3.1164985765511365e-04,
       3.5195408316194161e-04 ]
P1: !!opencv-matrix
   rows: 3
   cols: 4
   dt: f
   data: [ 3.77939880e+02, 0., 2.55469131e+02, 0., 0., 3.77939880e+02,
       2.38271591e+02, 0., 0., 0., 1., 0. ]
R1: !!opencv-matrix
   rows: 3
   cols: 3
   dt: f
   data: [ 9.85003173e-01, 8.75495747e-02, 1.48673654e-01,
       -8.83289352e-02, 9.96090412e-01, -1.36548805e-03, -1.48211956e-01,
       -1.17871752e-02, 9.88885343e-01 ]
K2: !!opencv-matrix
   rows: 3
   cols: 3
   dt: d
   data: [ 3.6687495098581172e+02, 0., 3.7621769200552956e+02, 0.,
       3.6726361788508825e+02, 2.2399932895774910e+02, 0., 0., 1. ]
D2: !!opencv-matrix
   rows: 5
   cols: 1
   dt: d
   data: [ -2.2201337830972428e-02, -1.1445843221826492e-03,
       2.9199201696882579e-04, -7.1705872414221615e-04,
       5.1284674356775366e-04 ]
P2: !!opencv-matrix
   rows: 3
   cols: 4
   dt: f
   data: [ 3.77939880e+02, 0., 2.55469131e+02, -6.57875781e+03, 0.,
       3.77939880e+02, 2.38271591e+02, 0., 0., 0., 1., 0. ]
R2: !!opencv-matrix
   rows: 3
   cols: 3
   dt: f
   data: [ 9.84722674e-01, 8.43436196e-02, 1.52339891e-01,
       -8.35425779e-02, 9.96435940e-01, -1.16629992e-02, -1.52780652e-01,
       -1.24204822e-03, 9.88259315e-01 ]
