%YAML:1.0
---
Q: !!opencv-matrix
   rows: 4
   cols: 4
   dt: f
   data: [ 1., 0., 0., -3.58565216e+02, 0., 1., 0., -2.32115143e+02, 0.,
       0., 0., 3.55202301e+02, 0., 0., 2.45246693e-01, 0. ]
R: !!opencv-matrix
   rows: 3
   cols: 3
   dt: d
   data: [ 1.0059997669169845e+00, 3.6464007210613328e-03,
       -6.7701668810668213e-03, -9.7628505290838826e-03,
       1.0058338919629106e+00, 1.0305415818825296e-02,
       1.6172449554448091e-03, -9.6427326051931085e-03,
       1.0063368599350797e+00 ]
T: !!opencv-matrix
   rows: 3
   cols: 1
   dt: d
   data: [ -4.0976185104490241e+00, -8.4182927131513902e-02,
       -9.4095491081420013e-02 ]
E: !!opencv-matrix
   rows: 0
   cols: 0
   dt: u
   data: []
F: !!opencv-matrix
   rows: 0
   cols: 0
   dt: u
   data: []
K1: !!opencv-matrix
   rows: 3
   cols: 3
   dt: d
   data: [ 3.6627756984521932e+02, 0., 3.8060969928433269e+02, 0.,
       3.6653175179255015e+02, 2.3878059668569790e+02, 0., 0., 1. ]
D1: !!opencv-matrix
   rows: 5
   cols: 1
   dt: d
   data: [ -2.1859934914563901e-02, -9.9468572971318997e-04,
       1.6448003429794193e-03, -3.1164985765511365e-04,
       3.5195408316194161e-04 ]
P1: !!opencv-matrix
   rows: 3
   cols: 4
   dt: f
   data: [ 3.55202301e+02, 0., 3.58565216e+02, 0., 0., 3.55202301e+02,
       2.32115143e+02, 0., 0., 0., 1., 0. ]
R1: !!opencv-matrix
   rows: 3
   cols: 3
   dt: f
   data: [ 9.99321520e-01, 2.91397143e-02, 2.25255787e-02,
       -2.92525105e-02, 9.99561012e-01, 4.69422247e-03, -2.23789029e-02,
       -5.34996716e-03, 9.99735236e-01 ]
K2: !!opencv-matrix
   rows: 3
   cols: 3
   dt: d
   data: [ 3.6687495098581172e+02, 0., 3.7621769200552956e+02, 0.,
       3.6726361788508825e+02, 2.2399932895774910e+02, 0., 0., 1. ]
D2: !!opencv-matrix
   rows: 5
   cols: 1
   dt: d
   data: [ -2.2201337830972428e-02, -1.1445843221826492e-03,
       2.9199201696882579e-04, -7.1705872414221615e-04,
       5.1284674356775366e-04 ]
P2: !!opencv-matrix
   rows: 3
   cols: 4
   dt: f
   data: [ 3.55202301e+02, 0., 3.58565216e+02, -1.44834692e+03, 0.,
       3.55202301e+02, 2.32115143e+02, 0., 0., 0., 1., 0. ]
R2: !!opencv-matrix
   rows: 3
   cols: 3
   dt: f
   data: [ 9.99388337e-01, 2.28105765e-02, 2.65079383e-02,
       -2.26771198e-02, 9.99728680e-01, -5.32436930e-03, -2.66221985e-02,
       4.71998844e-03, 9.99634445e-01 ]
