%YAML:1.0
---
Q: !!opencv-matrix
   rows: 4
   cols: 4
   dt: f
   data: [ 1., 0., 0., -3.62308472e+02, 0., 1., 0., -2.32014679e+02, 0.,
       0., 0., 3.54737122e+02, 0., 0., 2.46447995e-01, 0. ]
R: !!opencv-matrix
   rows: 3
   cols: 3
   dt: d
   data: [ 1.0060649185638406e+00, 2.4319252775513935e-03,
       -7.5168809048172854e-03, -9.7639324116760087e-03,
       1.0055828218742395e+00, 1.0295960736913783e-02,
       1.4897340579975978e-03, -9.4470457848336090e-03,
       1.0062170923230203e+00 ]
T: !!opencv-matrix
   rows: 3
   cols: 1
   dt: d
   data: [ -4.0619927406315792e+00, -7.3907196145463233e-02,
       -9.7171214643797410e-02 ]
E: !!opencv-matrix
   rows: 0
   cols: 0
   dt: u
   data: []
F: !!opencv-matrix
   rows: 0
   cols: 0
   dt: u
   data: []
K1: !!opencv-matrix
   rows: 3
   cols: 3
   dt: d
   data: [ 3.6627756984521932e+02, 0., 3.8060969928433269e+02, 0.,
       3.6653175179255015e+02, 2.3878059668569790e+02, 0., 0., 1. ]
D1: !!opencv-matrix
   rows: 5
   cols: 1
   dt: d
   data: [ -2.1859934914563901e-02, -9.9468572971318997e-04,
       1.6448003429794193e-03, -3.1164985765511365e-04,
       3.5195408316194161e-04 ]
P1: !!opencv-matrix
   rows: 3
   cols: 4
   dt: f
   data: [ 3.54737122e+02, 0., 3.62308472e+02, 0., 0., 3.54737122e+02,
       2.32014679e+02, 0., 0., 0., 1., 0. ]
R1: !!opencv-matrix
   rows: 3
   cols: 3
   dt: f
   data: [ 9.99564826e-01, 2.36422494e-02, 1.76418759e-02,
       -2.37292424e-02, 9.99707222e-01, 4.73806774e-03, -1.75246932e-02,
       -5.15463436e-03, 9.99833167e-01 ]
K2: !!opencv-matrix
   rows: 3
   cols: 3
   dt: d
   data: [ 3.6687495098581172e+02, 0., 3.7621769200552956e+02, 0.,
       3.6726361788508825e+02, 2.2399932895774910e+02, 0., 0., 1. ]
D2: !!opencv-matrix
   rows: 5
   cols: 1
   dt: d
   data: [ -2.2201337830972428e-02, -1.1445843221826492e-03,
       2.9199201696882579e-04, -7.1705872414221615e-04,
       5.1284674356775366e-04 ]
P2: !!opencv-matrix
   rows: 3
   cols: 4
   dt: f
   data: [ 3.54737122e+02, 0., 3.62308472e+02, -1.43939954e+03, 0.,
       3.54737122e+02, 2.32014679e+02, 0., 0., 0., 1., 0. ]
R2: !!opencv-matrix
   rows: 3
   cols: 3
   dt: f
   data: [ 9.99598980e-01, 1.79318208e-02, 2.19165906e-02,
       -1.78231727e-02, 9.99827921e-01, -5.14273578e-03, -2.20050383e-02,
       4.75005060e-03, 9.99746561e-01 ]
