%YAML:1.0
---
Q: !!opencv-matrix
   rows: 4
   cols: 4
   dt: f
   data: [ 1., 0., 0., -3.15471252e+02, 0., 1., 0., -2.33602631e+02, 0.,
       0., 0., 3.59958557e+02, 0., 0., 5.62341791e-03, 0. ]
R: !!opencv-matrix
   rows: 3
   cols: 3
   dt: d
   data: [ 9.9915380767467876e-01, 8.8043664586304662e-03,
       -4.0695260261028859e-03, -9.7344229438430657e-03,
       9.9947768769447576e-01, 1.0862212475288166e-02,
       1.8986145011459165e-03, -7.6929304003440719e-03,
       1.0007103775988464e+00 ]
T: !!opencv-matrix
   rows: 3
   cols: 1
   dt: d
   data: [ -1.7700627536618433e+02, -7.6321905938343129e+00,
       -1.3695232638407663e+01 ]
E: !!opencv-matrix
   rows: 0
   cols: 0
   dt: u
   data: []
F: !!opencv-matrix
   rows: 0
   cols: 0
   dt: u
   data: []
K1: !!opencv-matrix
   rows: 3
   cols: 3
   dt: d
   data: [ 3.6627756984521932e+02, 0., 3.8060969928433269e+02, 0.,
       3.6653175179255015e+02, 2.3878059668569790e+02, 0., 0., 1. ]
D1: !!opencv-matrix
   rows: 5
   cols: 1
   dt: d
   data: [ -2.1859934914563901e-02, -9.9468572971318997e-04,
       1.6448003429794193e-03, -3.1164985765511365e-04,
       3.5195408316194161e-04 ]
P1: !!opencv-matrix
   rows: 3
   cols: 4
   dt: f
   data: [ 3.59958557e+02, 0., 3.15471252e+02, 0., 0., 3.59958557e+02,
       2.33602631e+02, 0., 0., 0., 1., 0. ]
R1: !!opencv-matrix
   rows: 3
   cols: 3
   dt: f
   data: [ 9.95650232e-01, 5.16720526e-02, 7.75280371e-02,
       -5.20456992e-02, 9.98640776e-01, 2.80537247e-03, -7.72777051e-02,
       -6.82817074e-03, 9.96986210e-01 ]
K2: !!opencv-matrix
   rows: 3
   cols: 3
   dt: d
   data: [ 3.6687495098581172e+02, 0., 3.7621769200552956e+02, 0.,
       3.6726361788508825e+02, 2.2399932895774910e+02, 0., 0., 1. ]
D2: !!opencv-matrix
   rows: 5
   cols: 1
   dt: d
   data: [ -2.2201337830972428e-02, -1.1445843221826492e-03,
       2.9199201696882579e-04, -7.1705872414221615e-04,
       5.1284674356775366e-04 ]
P2: !!opencv-matrix
   rows: 3
   cols: 4
   dt: f
   data: [ 3.59958557e+02, 0., 3.15471252e+02, -6.40106328e+04, 0.,
       3.59958557e+02, 2.33602631e+02, 0., 0., 0., 1., 0. ]
R2: !!opencv-matrix
   rows: 3
   cols: 3
   dt: f
   data: [ 9.95854616e-01, 4.31502126e-02, 8.00729543e-02,
       -4.27631959e-02, 9.99063790e-01, -6.54266728e-03, -8.02803114e-02,
       3.09136929e-03, 9.96767521e-01 ]
