%YAML:1.0
---
Q: !!opencv-matrix
   rows: 4
   cols: 4
   dt: f
   data: [ 1., 0., 0., -5.01257568e+02, 0., 1., 0., -2.32539246e+02, 0.,
       0., 0., 3.51324951e+02, 0., 0., 1.05899408e-01, 0. ]
R: !!opencv-matrix
   rows: 3
   cols: 3
   dt: d
   data: [ 1.0060345572637921e+00, -5.5461396168440553e-03,
       -1.9471731696264660e-02, -9.8501752799571383e-03,
       1.0035029038722367e+00, 9.5560477382105879e-03,
       1.6170000178167977e-03, -1.1811265230858247e-02,
       1.0023829926040442e+00 ]
T: !!opencv-matrix
   rows: 3
   cols: 1
   dt: d
   data: [ -8.7370844663744496e+00, 1.2238294559768122e-01,
       1.2681892646142652e+00 ]
E: !!opencv-matrix
   rows: 0
   cols: 0
   dt: u
   data: []
F: !!opencv-matrix
   rows: 0
   cols: 0
   dt: u
   data: []
K1: !!opencv-matrix
   rows: 3
   cols: 3
   dt: d
   data: [ 3.6627756984521932e+02, 0., 3.8060969928433269e+02, 0.,
       3.6653175179255015e+02, 2.3878059668569790e+02, 0., 0., 1. ]
D1: !!opencv-matrix
   rows: 5
   cols: 1
   dt: d
   data: [ -2.1859934914563901e-02, -9.9468572971318997e-04,
       1.6448003429794193e-03, -3.1164985765511365e-04,
       3.5195408316194161e-04 ]
P1: !!opencv-matrix
   rows: 3
   cols: 4
   dt: f
   data: [ 3.51324951e+02, 0., 5.01257568e+02, 0., 0., 3.51324951e+02,
       2.32539246e+02, 0., 0., 0., 1., 0. ]
R1: !!opencv-matrix
   rows: 3
   cols: 3
   dt: f
   data: [ 9.87626553e-01, -9.40662064e-03, -1.56541720e-01,
       1.02233058e-02, 9.99938011e-01, 4.41269390e-03, 1.56490505e-01,
       -5.95846772e-03, 9.87661481e-01 ]
K2: !!opencv-matrix
   rows: 3
   cols: 3
   dt: d
   data: [ 3.6687495098581172e+02, 0., 3.7621769200552956e+02, 0.,
       3.6726361788508825e+02, 2.2399932895774910e+02, 0., 0., 1. ]
D2: !!opencv-matrix
   rows: 5
   cols: 1
   dt: d
   data: [ -2.2201337830972428e-02, -1.1445843221826492e-03,
       2.9199201696882579e-04, -7.1705872414221615e-04,
       5.1284674356775366e-04 ]
P2: !!opencv-matrix
   rows: 3
   cols: 4
   dt: f
   data: [ 3.51324951e+02, 0., 5.01257568e+02, -3.31753442e+03, 0.,
       3.51324951e+02, 2.32539246e+02, 0., 0., 0., 1., 0. ]
R2: !!opencv-matrix
   rows: 3
   cols: 3
   dt: f
   data: [ 9.89134729e-01, -1.32746426e-02, -1.46411180e-01,
       1.25107979e-02, 9.99902904e-01, -6.13674661e-03, 1.46478429e-01,
       4.23834892e-03, 9.89204764e-01 ]
