%YAML:1.0
---
Q: !!opencv-matrix
   rows: 4
   cols: 4
   dt: f
   data: [ 1., 0., 0., -3.60600800e+02, 0., 1., 0., -2.32128555e+02, 0.,
       0., 0., 3.54709747e+02, 0., 0., 2.18842909e-01, 0. ]
R: !!opencv-matrix
   rows: 3
   cols: 3
   dt: d
   data: [ 1.0057719979049828e+00, 8.3231962417131804e-03,
       -2.4778355275072530e-03, -9.7070225215397585e-03,
       1.0061509815137100e+00, 1.0520801565618987e-02,
       1.8965134546569912e-03, -9.5657112603321163e-03,
       1.0063580653326687e+00 ]
T: !!opencv-matrix
   rows: 3
   cols: 1
   dt: d
   data: [ -4.5826177719383185e+00, -1.2836899775971555e-01,
       -1.0465224451223794e-01 ]
E: !!opencv-matrix
   rows: 0
   cols: 0
   dt: u
   data: []
F: !!opencv-matrix
   rows: 0
   cols: 0
   dt: u
   data: []
K1: !!opencv-matrix
   rows: 3
   cols: 3
   dt: d
   data: [ 3.6627756984521932e+02, 0., 3.8060969928433269e+02, 0.,
       3.6653175179255015e+02, 2.3878059668569790e+02, 0., 0., 1. ]
D1: !!opencv-matrix
   rows: 5
   cols: 1
   dt: d
   data: [ -2.1859934914563901e-02, -9.9468572971318997e-04,
       1.6448003429794193e-03, -3.1164985765511365e-04,
       3.5195408316194161e-04 ]
P1: !!opencv-matrix
   rows: 3
   cols: 4
   dt: f
   data: [ 3.54709747e+02, 0., 3.60600800e+02, 0., 0., 3.54709747e+02,
       2.32128555e+02, 0., 0., 0., 1., 0. ]
R1: !!opencv-matrix
   rows: 3
   cols: 3
   dt: f
   data: [ 9.99142766e-01, 3.57195213e-02, 2.09252685e-02,
       -3.58248353e-02, 9.99347150e-01, 4.67969198e-03, -2.07444504e-02,
       -5.42532466e-03, 9.99770105e-01 ]
K2: !!opencv-matrix
   rows: 3
   cols: 3
   dt: d
   data: [ 3.6687495098581172e+02, 0., 3.7621769200552956e+02, 0.,
       3.6726361788508825e+02, 2.2399932895774910e+02, 0., 0., 1. ]
D2: !!opencv-matrix
   rows: 5
   cols: 1
   dt: d
   data: [ -2.2201337830972428e-02, -1.1445843221826492e-03,
       2.9199201696882579e-04, -7.1705872414221615e-04,
       5.1284674356775366e-04 ]
P2: !!opencv-matrix
   rows: 3
   cols: 4
   dt: f
   data: [ 3.54709747e+02, 0., 3.60600800e+02, -1.62084180e+03, 0.,
       3.54709747e+02, 2.32128555e+02, 0., 0., 0., 1., 0. ]
R2: !!opencv-matrix
   rows: 3
   cols: 3
   dt: f
   data: [ 9.99373019e-01, 2.70617139e-02, 2.28305608e-02,
       -2.69459747e-02, 9.99622524e-01, -5.36207622e-03, -2.29670499e-02,
       4.74352250e-03, 9.99724984e-01 ]
