%YAML:1.0
---
Q: !!opencv-matrix
   rows: 4
   cols: 4
   dt: f
   data: [ 1., 0., 0., -2.61869293e+02, 0., 1., 0., -2.35185944e+02, 0.,
       0., 0., 3.65455170e+02, 0., 0., 1.42608080e-02, 0. ]
R: !!opencv-matrix
   rows: 3
   cols: 3
   dt: d
   data: [ 1.0013451900867645e+00, -5.6478176543305709e-03,
       -1.8738581667927384e-02, -9.7367109135391827e-03,
       9.9906054793690025e-01, 1.0432714067592783e-02,
       1.8344845673812912e-03, -7.9128262135576919e-03,
       1.0017057151977460e+00 ]
T: !!opencv-matrix
   rows: 3
   cols: 1
   dt: d
   data: [ -6.2519723432240568e+01, -3.7991504620174612e+00,
       -1.4115177395709280e+01 ]
E: !!opencv-matrix
   rows: 0
   cols: 0
   dt: u
   data: []
F: !!opencv-matrix
   rows: 0
   cols: 0
   dt: u
   data: []
K1: !!opencv-matrix
   rows: 3
   cols: 3
   dt: d
   data: [ 3.6627756984521932e+02, 0., 3.8060969928433269e+02, 0.,
       3.6653175179255015e+02, 2.3878059668569790e+02, 0., 0., 1. ]
D1: !!opencv-matrix
   rows: 5
   cols: 1
   dt: d
   data: [ -2.1859934914563901e-02, -9.9468572971318997e-04,
       1.6448003429794193e-03, -3.1164985765511365e-04,
       3.5195408316194161e-04 ]
P1: !!opencv-matrix
   rows: 3
   cols: 4
   dt: f
   data: [ 3.65455170e+02, 0., 2.61869293e+02, 0., 0., 3.65455170e+02,
       2.35185944e+02, 0., 0., 0., 1., 0. ]
R1: !!opencv-matrix
   rows: 3
   cols: 3
   dt: f
   data: [ 9.89088833e-01, 4.92509790e-02, 1.38843685e-01,
       -4.99344580e-02, 9.98751462e-01, 1.44141272e-03, -1.38599351e-01,
       -8.35877005e-03, 9.90313232e-01 ]
K2: !!opencv-matrix
   rows: 3
   cols: 3
   dt: d
   data: [ 3.6687495098581172e+02, 0., 3.7621769200552956e+02, 0.,
       3.6726361788508825e+02, 2.2399932895774910e+02, 0., 0., 1. ]
D2: !!opencv-matrix
   rows: 5
   cols: 1
   dt: d
   data: [ -2.2201337830972428e-02, -1.1445843221826492e-03,
       2.9199201696882579e-04, -7.1705872414221615e-04,
       5.1284674356775366e-04 ]
P2: !!opencv-matrix
   rows: 3
   cols: 4
   dt: f
   data: [ 3.65455170e+02, 0., 2.61869293e+02, -2.56265410e+04, 0.,
       3.65455170e+02, 2.35185944e+02, 0., 0., 0., 1., 0. ]
R2: !!opencv-matrix
   rows: 3
   cols: 3
   dt: f
   data: [ 9.87831652e-01, 4.82797213e-02, 1.47843421e-01,
       -4.75504845e-02, 9.98832941e-01, -8.46505817e-03, -1.48079574e-01,
       1.33202632e-03, 9.88974571e-01 ]
