%YAML:1.0
---
Q: !!opencv-matrix
   rows: 4
   cols: 4
   dt: f
   data: [ 1., 0., 0., -3.74948578e+02, 0., 1., 0., -2.31850555e+02, 0.,
       0., 0., 3.58317596e+02, 0., 0., 5.35123087e-02, 0. ]
R: !!opencv-matrix
   rows: 3
   cols: 3
   dt: d
   data: [ 1.0038973051066795e+00, -8.4662124982059182e-03,
       -2.6515022787977037e-02, -9.8975741448352906e-03,
       1.0014403216180778e+00, 9.8581713482240752e-03,
       1.1526656817919740e-03, -1.0197037812990405e-02,
       1.0016164950385626e+00 ]
T: !!opencv-matrix
   rows: 3
   cols: 1
   dt: d
   data: [ -1.7141831044345494e+01, -5.4630341800744808e-01,
       -1.3747315973096622e-01 ]
E: !!opencv-matrix
   rows: 0
   cols: 0
   dt: u
   data: []
F: !!opencv-matrix
   rows: 0
   cols: 0
   dt: u
   data: []
K1: !!opencv-matrix
   rows: 3
   cols: 3
   dt: d
   data: [ 3.6627756984521932e+02, 0., 3.8060969928433269e+02, 0.,
       3.6653175179255015e+02, 2.3878059668569790e+02, 0., 0., 1. ]
D1: !!opencv-matrix
   rows: 5
   cols: 1
   dt: d
   data: [ -2.1859934914563901e-02, -9.9468572971318997e-04,
       1.6448003429794193e-03, -3.1164985765511365e-04,
       3.5195408316194161e-04 ]
P1: !!opencv-matrix
   rows: 3
   cols: 4
   dt: f
   data: [ 3.58317596e+02, 0., 3.74948578e+02, 0., 0., 3.58317596e+02,
       2.31850555e+02, 0., 0., 0., 1., 0. ]
R1: !!opencv-matrix
   rows: 3
   cols: 3
   dt: f
   data: [ 9.99506056e-01, 3.12648565e-02, -3.17704794e-03,
       -3.12483422e-02, 9.99498546e-01, 5.12116682e-03, 3.33556742e-03,
       -5.01935976e-03, 9.99981821e-01 ]
K2: !!opencv-matrix
   rows: 3
   cols: 3
   dt: d
   data: [ 3.6687495098581172e+02, 0., 3.7621769200552956e+02, 0.,
       3.6726361788508825e+02, 2.2399932895774910e+02, 0., 0., 1. ]
D2: !!opencv-matrix
   rows: 5
   cols: 1
   dt: d
   data: [ -2.2201337830972428e-02, -1.1445843221826492e-03,
       2.9199201696882579e-04, -7.1705872414221615e-04,
       5.1284674356775366e-04 ]
P2: !!opencv-matrix
   rows: 3
   cols: 4
   dt: f
   data: [ 3.58317596e+02, 0., 3.74948578e+02, -6.69598486e+03, 0.,
       3.58317596e+02, 2.31850555e+02, 0., 0., 0., 1., 0. ]
R2: !!opencv-matrix
   rows: 3
   cols: 3
   dt: f
   data: [ 9.99482036e-01, 3.05451527e-02, 1.01313693e-02,
       -3.04933786e-02, 9.99521315e-01, -5.22605609e-03, -1.02861505e-02,
       4.91440948e-03, 9.99935031e-01 ]
