%YAML:1.0
---
Q: !!opencv-matrix
   rows: 4
   cols: 4
   dt: f
   data: [ 1., 0., 0., -3.57971252e+02, 0., 1., 0., -2.32117950e+02, 0.,
       0., 0., 3.55249847e+02, 0., 0., 2.46761397e-01, 0. ]
R: !!opencv-matrix
   rows: 3
   cols: 3
   dt: d
   data: [ 1.0059561700384758e+00, 3.3044245253869356e-03,
       -7.0871289724865798e-03, -9.7892409064313166e-03,
       1.0057448086966601e+00, 1.0394687604797165e-02,
       1.5361955230076530e-03, -9.5435123164059384e-03,
       1.0063612871065786e+00 ]
T: !!opencv-matrix
   rows: 3
   cols: 1
   dt: d
   data: [ -4.0738266037889392e+00, -9.7191651254790692e-02,
       -1.1717626184716029e-01 ]
E: !!opencv-matrix
   rows: 0
   cols: 0
   dt: u
   data: []
F: !!opencv-matrix
   rows: 0
   cols: 0
   dt: u
   data: []
K1: !!opencv-matrix
   rows: 3
   cols: 3
   dt: d
   data: [ 3.6627756984521932e+02, 0., 3.8060969928433269e+02, 0.,
       3.6653175179255015e+02, 2.3878059668569790e+02, 0., 0., 1. ]
D1: !!opencv-matrix
   rows: 5
   cols: 1
   dt: d
   data: [ -2.1859934914563901e-02, -9.9468572971318997e-04,
       1.6448003429794193e-03, -3.1164985765511365e-04,
       3.5195408316194161e-04 ]
P1: !!opencv-matrix
   rows: 3
   cols: 4
   dt: f
   data: [ 3.55249847e+02, 0., 3.57971252e+02, 0., 0., 3.55249847e+02,
       2.32117950e+02, 0., 0., 0., 1., 0. ]
R1: !!opencv-matrix
   rows: 3
   cols: 3
   dt: f
   data: [ 9.99328613e-01, 2.83496585e-02, 2.32089180e-02,
       -2.84652244e-02, 9.99583900e-01, 4.66419803e-03, -2.30670329e-02,
       -5.32171363e-03, 9.99719739e-01 ]
K2: !!opencv-matrix
   rows: 3
   cols: 3
   dt: d
   data: [ 3.6687495098581172e+02, 0., 3.7621769200552956e+02, 0.,
       3.6726361788508825e+02, 2.2399932895774910e+02, 0., 0., 1. ]
D2: !!opencv-matrix
   rows: 5
   cols: 1
   dt: d
   data: [ -2.2201337830972428e-02, -1.1445843221826492e-03,
       2.9199201696882579e-04, -7.1705872414221615e-04,
       5.1284674356775366e-04 ]
P2: !!opencv-matrix
   rows: 3
   cols: 4
   dt: f
   data: [ 3.55249847e+02, 0., 3.57971252e+02, -1.43964917e+03, 0.,
       3.55249847e+02, 2.32117950e+02, 0., 0., 0., 1., 0. ]
R2: !!opencv-matrix
   rows: 3
   cols: 3
   dt: f
   data: [ 9.99377906e-01, 2.22628657e-02, 2.73516942e-02,
       -2.21259780e-02, 9.99741137e-01, -5.29725663e-03, -2.74625458e-02,
       4.68877843e-03, 9.99611855e-01 ]
