%YAML:1.0
---
Q: !!opencv-matrix
   rows: 4
   cols: 4
   dt: f
   data: [ 1., 0., 0., -3.15959259e+02, 0., 1., 0., -2.33478180e+02, 0.,
       0., 0., 3.59267029e+02, 0., 0., 5.61623229e-03, 0. ]
R: !!opencv-matrix
   rows: 3
   cols: 3
   dt: d
   data: [ 9.9902354456280873e-01, 8.8507115138803435e-03,
       -4.0408740556205332e-03, -9.7161317470878493e-03,
       9.9948209794042353e-01, 1.0873495218692606e-02,
       1.9367545904647922e-03, -7.5743233548536074e-03,
       1.0008001940027866e+00 ]
T: !!opencv-matrix
   rows: 3
   cols: 1
   dt: d
   data: [ -1.7709061892610578e+02, -7.6733069818692146e+00,
       -1.4239196873410947e+01 ]
E: !!opencv-matrix
   rows: 0
   cols: 0
   dt: u
   data: []
F: !!opencv-matrix
   rows: 0
   cols: 0
   dt: u
   data: []
K1: !!opencv-matrix
   rows: 3
   cols: 3
   dt: d
   data: [ 3.6627756984521932e+02, 0., 3.8060969928433269e+02, 0.,
       3.6653175179255015e+02, 2.3878059668569790e+02, 0., 0., 1. ]
D1: !!opencv-matrix
   rows: 5
   cols: 1
   dt: d
   data: [ -2.1859934914563901e-02, -9.9468572971318997e-04,
       1.6448003429794193e-03, -3.1164985765511365e-04,
       3.5195408316194161e-04 ]
P1: !!opencv-matrix
   rows: 3
   cols: 4
   dt: f
   data: [ 3.59267029e+02, 0., 3.15959259e+02, 0., 0., 3.59267029e+02,
       2.33478180e+02, 0., 0., 0., 1., 0. ]
R1: !!opencv-matrix
   rows: 3
   cols: 3
   dt: f
   data: [ 9.95840609e-01, 4.88062128e-02, 7.69381002e-02,
       -4.91752625e-02, 9.98785913e-01, 2.90836091e-03, -7.67027438e-02,
       -6.67971512e-03, 9.97031629e-01 ]
K2: !!opencv-matrix
   rows: 3
   cols: 3
   dt: d
   data: [ 3.6687495098581172e+02, 0., 3.7621769200552956e+02, 0.,
       3.6726361788508825e+02, 2.2399932895774910e+02, 0., 0., 1. ]
D2: !!opencv-matrix
   rows: 5
   cols: 1
   dt: d
   data: [ -2.2201337830972428e-02, -1.1445843221826492e-03,
       2.9199201696882579e-04, -7.1705872414221615e-04,
       5.1284674356775366e-04 ]
P2: !!opencv-matrix
   rows: 3
   cols: 4
   dt: f
   data: [ 3.59267029e+02, 0., 3.15959259e+02, -6.39694023e+04, 0.,
       3.59267029e+02, 2.33478180e+02, 0., 0., 0., 1., 0. ]
R2: !!opencv-matrix
   rows: 3
   cols: 3
   dt: f
   data: [ 9.96022224e-01, 4.02443856e-02, 7.94988573e-02,
       -3.98620255e-02, 9.99184728e-01, -6.39146054e-03, -7.96912685e-02,
       3.19705158e-03, 9.96814489e-01 ]
