%YAML:1.0
---
Q: !!opencv-matrix
   rows: 4
   cols: 4
   dt: f
   data: [ 1., 0., 0., -4.95787292e+02, 0., 1., 0., -2.32149582e+02, 0.,
       0., 0., 3.51420837e+02, 0., 0., 7.48539343e-02, 0. ]
R: !!opencv-matrix
   rows: 3
   cols: 3
   dt: d
   data: [ 1.0064897746650923e+00, -2.4658554093572242e-03,
       -1.5336199572779624e-02, -9.9139518438739315e-03,
       1.0031562498663753e+00, 9.5561976084680856e-03,
       1.6135960138812370e-03, -1.2238929467360531e-02,
       1.0015033984759090e+00 ]
T: !!opencv-matrix
   rows: 3
   cols: 1
   dt: d
   data: [ -1.2261208971920452e+01, 1.0994880003148838e-01,
       1.7518075405792253e+00 ]
E: !!opencv-matrix
   rows: 0
   cols: 0
   dt: u
   data: []
F: !!opencv-matrix
   rows: 0
   cols: 0
   dt: u
   data: []
K1: !!opencv-matrix
   rows: 3
   cols: 3
   dt: d
   data: [ 3.6627756984521932e+02, 0., 3.8060969928433269e+02, 0.,
       3.6653175179255015e+02, 2.3878059668569790e+02, 0., 0., 1. ]
D1: !!opencv-matrix
   rows: 5
   cols: 1
   dt: d
   data: [ -2.1859934914563901e-02, -9.9468572971318997e-04,
       1.6448003429794193e-03, -3.1164985765511365e-04,
       3.5195408316194161e-04 ]
P1: !!opencv-matrix
   rows: 3
   cols: 4
   dt: f
   data: [ 3.51420837e+02, 0., 4.95787292e+02, 0., 0., 3.51420837e+02,
       2.32149582e+02, 0., 0., 0., 1., 0. ]
R1: !!opencv-matrix
   rows: 3
   cols: 3
   dt: f
   data: [ 9.88803089e-01, -3.93505301e-03, -1.49174184e-01,
       4.72173467e-03, 9.99976754e-01, 4.91977995e-03, 1.49151355e-01,
       -5.56905475e-03, 9.88798678e-01 ]
K2: !!opencv-matrix
   rows: 3
   cols: 3
   dt: d
   data: [ 3.6687495098581172e+02, 0., 3.7621769200552956e+02, 0.,
       3.6726361788508825e+02, 2.2399932895774910e+02, 0., 0., 1. ]
D2: !!opencv-matrix
   rows: 5
   cols: 1
   dt: d
   data: [ -2.2201337830972428e-02, -1.1445843221826492e-03,
       2.9199201696882579e-04, -7.1705872414221615e-04,
       5.1284674356775366e-04 ]
P2: !!opencv-matrix
   rows: 3
   cols: 4
   dt: f
   data: [ 3.51420837e+02, 0., 4.95787292e+02, -4.69475439e+03, 0.,
       3.51420837e+02, 2.32149582e+02, 0., 0., 0., 1., 0. ]
R2: !!opencv-matrix
   rows: 3
   cols: 3
   dt: f
   data: [ 9.89909291e-01, -9.61496495e-03, -1.41376004e-01,
       8.86942912e-03, 9.99943256e-01, -5.90261864e-03, 1.41424730e-01,
       4.58913250e-03, 9.89938378e-01 ]
