%YAML:1.0
---
Q: !!opencv-matrix
   rows: 4
   cols: 4
   dt: f
   data: [ 1., 0., 0., -3.27724243e+02, 0., 1., 0., -2.39321579e+02, 0.,
       0., 0., 4.64899200e+02, 0., 0., 2.15460643e-01, 0. ]
R: !!opencv-matrix
   rows: 3
   cols: 3
   dt: d
   data: [ 1.0056857267488781e+00, 8.1175274518010838e-03,
       -4.0590205224262229e-03, -1.0377968088943123e-02,
       1.0092675840934786e+00, 1.6784922119326768e-02,
       3.4302775169841333e-03, -5.6060170339891019e-03,
       1.0055622127920174e+00 ]
T: !!opencv-matrix
   rows: 3
   cols: 1
   dt: d
   data: [ -4.4380089648031502e+00, -1.1120764732730684e+00,
       -3.2205152901335615e-01 ]
E: !!opencv-matrix
   rows: 0
   cols: 0
   dt: u
   data: []
F: !!opencv-matrix
   rows: 0
   cols: 0
   dt: u
   data: []
K1: !!opencv-matrix
   rows: 3
   cols: 3
   dt: d
   data: [ 3.6627756984521932e+02, 0., 3.8060969928433269e+02, 0.,
       3.6653175179255015e+02, 2.3878059668569790e+02, 0., 0., 1. ]
D1: !!opencv-matrix
   rows: 5
   cols: 1
   dt: d
   data: [ -2.1859934914563901e-02, -9.9468572971318997e-04,
       1.6448003429794193e-03, -3.1164985765511365e-04,
       3.5195408316194161e-04 ]
P1: !!opencv-matrix
   rows: 3
   cols: 4
   dt: f
   data: [ 4.64899200e+02, 0., 3.27724243e+02, 0., 0., 4.64899200e+02,
       2.39321579e+02, 0., 0., 0., 1., 0. ]
R1: !!opencv-matrix
   rows: 3
   cols: 3
   dt: f
   data: [ 9.66710031e-01, 2.48335496e-01, 6.16539642e-02,
       -2.48697892e-01, 9.68579352e-01, -1.84723327e-03, -6.01754896e-02,
       -1.35474727e-02, 9.98095870e-01 ]
K2: !!opencv-matrix
   rows: 3
   cols: 3
   dt: d
   data: [ 3.6687495098581172e+02, 0., 3.7621769200552956e+02, 0.,
       3.6726361788508825e+02, 2.2399932895774910e+02, 0., 0., 1. ]
D2: !!opencv-matrix
   rows: 5
   cols: 1
   dt: d
   data: [ -2.2201337830972428e-02, -1.1445843221826492e-03,
       2.9199201696882579e-04, -7.1705872414221615e-04,
       5.1284674356775366e-04 ]
P2: !!opencv-matrix
   rows: 3
   cols: 4
   dt: f
   data: [ 4.64899200e+02, 0., 3.27724243e+02, -2.15769897e+03, 0.,
       4.64899200e+02, 2.39321579e+02, 0., 0., 0., 1., 0. ]
R2: !!opencv-matrix
   rows: 3
   cols: 3
   dt: f
   data: [ 9.68772709e-01, 2.39974126e-01, 6.23846315e-02,
       -2.39598945e-01, 9.70777571e-01, -1.35382134e-02, -6.38104230e-02,
       -1.83184026e-03, 9.97960329e-01 ]
