%YAML:1.0
---
Q: !!opencv-matrix
   rows: 4
   cols: 4
   dt: f
   data: [ 1., 0., 0., -3.77309204e+02, 0., 1., 0., -2.31807037e+02, 0.,
       0., 0., 3.57280121e+02, 0., 0., 3.08080446e-02, 0. ]
R: !!opencv-matrix
   rows: 3
   cols: 3
   dt: d
   data: [ 1.0033522383863120e+00, -6.3677021214451788e-03,
       -2.3820038207080573e-02, -9.8247682601025881e-03,
       1.0011006726702503e+00, 9.9478000998464988e-03,
       1.3553825719447897e-03, -1.0008940174735095e-02,
       1.0013664878994644e+00 ]
T: !!opencv-matrix
   rows: 3
   cols: 1
   dt: d
   data: [ -2.9086746177845971e+01, -8.1115926620122492e-01,
       -2.6666020295027054e-01 ]
E: !!opencv-matrix
   rows: 0
   cols: 0
   dt: u
   data: []
F: !!opencv-matrix
   rows: 0
   cols: 0
   dt: u
   data: []
K1: !!opencv-matrix
   rows: 3
   cols: 3
   dt: d
   data: [ 3.6627756984521932e+02, 0., 3.8060969928433269e+02, 0.,
       3.6653175179255015e+02, 2.3878059668569790e+02, 0., 0., 1. ]
D1: !!opencv-matrix
   rows: 5
   cols: 1
   dt: d
   data: [ -2.1859934914563901e-02, -9.9468572971318997e-04,
       1.6448003429794193e-03, -3.1164985765511365e-04,
       3.5195408316194161e-04 ]
P1: !!opencv-matrix
   rows: 3
   cols: 4
   dt: f
   data: [ 3.57280121e+02, 0., 3.77309204e+02, 0., 0., 3.57280121e+02,
       2.31807037e+02, 0., 0., 0., 1., 0. ]
R1: !!opencv-matrix
   rows: 3
   cols: 3
   dt: f
   data: [ 9.99575317e-01, 2.86359079e-02, -5.40317781e-03,
       -2.86082104e-02, 9.99577522e-01, 5.13581419e-03, 5.54796401e-03,
       -4.97905770e-03, 9.99972224e-01 ]
K2: !!opencv-matrix
   rows: 3
   cols: 3
   dt: d
   data: [ 3.6687495098581172e+02, 0., 3.7621769200552956e+02, 0.,
       3.6726361788508825e+02, 2.2399932895774910e+02, 0., 0., 1. ]
D2: !!opencv-matrix
   rows: 5
   cols: 1
   dt: d
   data: [ -2.2201337830972428e-02, -1.1445843221826492e-03,
       2.9199201696882579e-04, -7.1705872414221615e-04,
       5.1284674356775366e-04 ]
P2: !!opencv-matrix
   rows: 3
   cols: 4
   dt: f
   data: [ 3.57280121e+02, 0., 3.77309204e+02, -1.15969746e+04, 0.,
       3.57280121e+02, 2.31807037e+02, 0., 0., 0., 1., 0. ]
R2: !!opencv-matrix
   rows: 3
   cols: 3
   dt: f
   data: [ 9.99618649e-01, 2.68643945e-02, 6.38778321e-03,
       -2.68317387e-02, 9.99626756e-01, -5.14416909e-03, -6.52359426e-03,
       4.97081224e-03, 9.99966383e-01 ]
