%YAML:1.0
---
Q: !!opencv-matrix
   rows: 4
   cols: 4
   dt: f
   data: [ 1., 0., 0., -3.61820465e+02, 0., 1., 0., -2.32121521e+02, 0.,
       0., 0., 3.54944824e+02, 0., 0., 2.19948232e-01, 0. ]
R: !!opencv-matrix
   rows: 3
   cols: 3
   dt: d
   data: [ 1.0057600385300365e+00, 8.1646042512931276e-03,
       -2.6043994185912553e-03, -9.7099028130799084e-03,
       1.0061335644806639e+00, 1.0493201993517850e-02,
       1.8667169486816814e-03, -9.5919766352796105e-03,
       1.0063757955381274e+00 ]
T: !!opencv-matrix
   rows: 3
   cols: 1
   dt: d
   data: [ -4.5666228706050580e+00, -1.2365817477655472e-01,
       -1.0432397079828302e-01 ]
E: !!opencv-matrix
   rows: 0
   cols: 0
   dt: u
   data: []
F: !!opencv-matrix
   rows: 0
   cols: 0
   dt: u
   data: []
K1: !!opencv-matrix
   rows: 3
   cols: 3
   dt: d
   data: [ 3.6627756984521932e+02, 0., 3.8060969928433269e+02, 0.,
       3.6653175179255015e+02, 2.3878059668569790e+02, 0., 0., 1. ]
D1: !!opencv-matrix
   rows: 5
   cols: 1
   dt: d
   data: [ -2.1859934914563901e-02, -9.9468572971318997e-04,
       1.6448003429794193e-03, -3.1164985765511365e-04,
       3.5195408316194161e-04 ]
P1: !!opencv-matrix
   rows: 3
   cols: 4
   dt: f
   data: [ 3.54944824e+02, 0., 3.61820465e+02, 0., 0., 3.54944824e+02,
       2.32121521e+02, 0., 0., 0., 1., 0. ]
R1: !!opencv-matrix
   rows: 3
   cols: 3
   dt: f
   data: [ 9.99098003e-01, 3.78159843e-02, 1.93156786e-02,
       -3.79138254e-02, 9.99269843e-01, 4.72443411e-03, -1.91229153e-02,
       -5.45250392e-03, 9.99802291e-01 ]
K2: !!opencv-matrix
   rows: 3
   cols: 3
   dt: d
   data: [ 3.6687495098581172e+02, 0., 3.7621769200552956e+02, 0.,
       3.6726361788508825e+02, 2.2399932895774910e+02, 0., 0., 1. ]
D2: !!opencv-matrix
   rows: 5
   cols: 1
   dt: d
   data: [ -2.2201337830972428e-02, -1.1445843221826492e-03,
       2.9199201696882579e-04, -7.1705872414221615e-04,
       5.1284674356775366e-04 ]
P2: !!opencv-matrix
   rows: 3
   cols: 4
   dt: f
   data: [ 3.54944824e+02, 0., 3.61820465e+02, -1.61376526e+03, 0.,
       3.54944824e+02, 2.32121521e+02, 0., 0., 0., 1., 0. ]
R2: !!opencv-matrix
   rows: 3
   cols: 3
   dt: f
   data: [ 9.99346256e-01, 2.92269103e-02, 2.12798100e-02,
       -2.91182082e-02, 9.99561369e-01, -5.40036475e-03, -2.14283131e-02,
       4.77720471e-03, 9.99758959e-01 ]
