%YAML:1.0
---
Q: !!opencv-matrix
   rows: 4
   cols: 4
   dt: f
   data: [ 1., 0., 0., -3.80093414e+02, 0., 1., 0., -2.31750320e+02, 0.,
       0., 0., 3.58249878e+02, 0., 0., 8.00206363e-02, 0. ]
R: !!opencv-matrix
   rows: 3
   cols: 3
   dt: d
   data: [ 1.0045585174638687e+00, -9.3914775297078076e-03,
       -2.7429087016643126e-02, -9.9203321149787041e-03,
       1.0015570653508978e+00, 9.8528137046764493e-03,
       1.1366478207651561e-03, -1.0264093004172414e-02,
       1.0017658095323478e+00 ]
T: !!opencv-matrix
   rows: 3
   cols: 1
   dt: d
   data: [ -1.1396567950693756e+01, -3.9999455304289500e-01,
       -1.8309615655402869e-01 ]
E: !!opencv-matrix
   rows: 0
   cols: 0
   dt: u
   data: []
F: !!opencv-matrix
   rows: 0
   cols: 0
   dt: u
   data: []
K1: !!opencv-matrix
   rows: 3
   cols: 3
   dt: d
   data: [ 3.6627756984521932e+02, 0., 3.8060969928433269e+02, 0.,
       3.6653175179255015e+02, 2.3878059668569790e+02, 0., 0., 1. ]
D1: !!opencv-matrix
   rows: 5
   cols: 1
   dt: d
   data: [ -2.1859934914563901e-02, -9.9468572971318997e-04,
       1.6448003429794193e-03, -3.1164985765511365e-04,
       3.5195408316194161e-04 ]
P1: !!opencv-matrix
   rows: 3
   cols: 4
   dt: f
   data: [ 3.58249878e+02, 0., 3.80093414e+02, 0., 0., 3.58249878e+02,
       2.31750320e+02, 0., 0., 0., 1., 0. ]
R1: !!opencv-matrix
   rows: 3
   cols: 3
   dt: f
   data: [ 9.99480069e-01, 3.06554660e-02, -9.99215245e-03,
       -3.06041520e-02, 9.99517798e-01, 5.24857407e-03, 1.01482319e-02,
       -4.94004367e-03, 9.99936283e-01 ]
K2: !!opencv-matrix
   rows: 3
   cols: 3
   dt: d
   data: [ 3.6687495098581172e+02, 0., 3.7621769200552956e+02, 0.,
       3.6726361788508825e+02, 2.2399932895774910e+02, 0., 0., 1. ]
D2: !!opencv-matrix
   rows: 5
   cols: 1
   dt: d
   data: [ -2.2201337830972428e-02, -1.1445843221826492e-03,
       2.9199201696882579e-04, -7.1705872414221615e-04,
       5.1284674356775366e-04 ]
P2: !!opencv-matrix
   rows: 3
   cols: 4
   dt: f
   data: [ 3.58249878e+02, 0., 3.80093414e+02, -4.47696875e+03, 0.,
       3.58249878e+02, 2.31750320e+02, 0., 0., 0., 1., 0. ]
R2: !!opencv-matrix
   rows: 3
   cols: 3
   dt: f
   data: [ 9.99525905e-01, 3.05574406e-02, 3.77515983e-03,
       -3.05378065e-02, 9.99520302e-01, -5.15323132e-03, -3.93081829e-03,
       5.03550284e-03, 9.99979615e-01 ]
