%YAML:1.0
---
Q: !!opencv-matrix
   rows: 4
   cols: 4
   dt: f
   data: [ 1., 0., 0., -3.61499023e+02, 0., 1., 0., -2.32063629e+02, 0.,
       0., 0., 3.54935852e+02, 0., 0., 2.43294179e-01, 0. ]
R: !!opencv-matrix
   rows: 3
   cols: 3
   dt: d
   data: [ 1.0059484561294572e+00, 4.1256953127485185e-03,
       -6.3761437274375918e-03, -9.7705116686120121e-03,
       1.0058851675844294e+00, 1.0331009269187312e-02,
       1.6385843422819586e-03, -9.7078371870648432e-03,
       1.0063813724862269e+00 ]
T: !!opencv-matrix
   rows: 3
   cols: 1
   dt: d
   data: [ -4.1255285581859660e+00, -9.2090093734988901e-02,
       -9.8747988524309355e-02 ]
E: !!opencv-matrix
   rows: 0
   cols: 0
   dt: u
   data: []
F: !!opencv-matrix
   rows: 0
   cols: 0
   dt: u
   data: []
K1: !!opencv-matrix
   rows: 3
   cols: 3
   dt: d
   data: [ 3.6627756984521932e+02, 0., 3.8060969928433269e+02, 0.,
       3.6653175179255015e+02, 2.3878059668569790e+02, 0., 0., 1. ]
D1: !!opencv-matrix
   rows: 5
   cols: 1
   dt: d
   data: [ -2.1859934914563901e-02, -9.9468572971318997e-04,
       1.6448003429794193e-03, -3.1164985765511365e-04,
       3.5195408316194161e-04 ]
P1: !!opencv-matrix
   rows: 3
   cols: 4
   dt: f
   data: [ 3.54935852e+02, 0., 3.61499023e+02, 0., 0., 3.54935852e+02,
       2.32063629e+02, 0., 0., 0., 1., 0. ]
R1: !!opencv-matrix
   rows: 3
   cols: 3
   dt: f
   data: [ 9.99406159e-01, 2.88334545e-02, 1.88666694e-02,
       -2.89280508e-02, 9.99570131e-01, 4.76041809e-03, -1.87212992e-02,
       -5.30336751e-03, 9.99810696e-01 ]
K2: !!opencv-matrix
   rows: 3
   cols: 3
   dt: d
   data: [ 3.6687495098581172e+02, 0., 3.7621769200552956e+02, 0.,
       3.6726361788508825e+02, 2.2399932895774910e+02, 0., 0., 1. ]
D2: !!opencv-matrix
   rows: 5
   cols: 1
   dt: d
   data: [ -2.2201337830972428e-02, -1.1445843221826492e-03,
       2.9199201696882579e-04, -7.1705872414221615e-04,
       5.1284674356775366e-04 ]
P2: !!opencv-matrix
   rows: 3
   cols: 4
   dt: f
   data: [ 3.54935852e+02, 0., 3.61499023e+02, -1.45887524e+03, 0.,
       3.54935852e+02, 2.32063629e+02, 0., 0., 0., 1., 0. ]
R2: !!opencv-matrix
   rows: 3
   cols: 3
   dt: f
   data: [ 9.99494612e-01, 2.22736578e-02, 2.26797294e-02,
       -2.21592225e-02, 9.99740481e-01, -5.28462185e-03, -2.27915533e-02,
       4.77938633e-03, 9.99728799e-01 ]
