%YAML:1.0
---
Q: !!opencv-matrix
   rows: 4
   cols: 4
   dt: f
   data: [ 1., 0., 0., -3.27838928e+02, 0., 1., 0., -2.33331650e+02, 0.,
       0., 0., 3.59587952e+02, 0., 0., 2.10811108e-01, 0. ]
R: !!opencv-matrix
   rows: 3
   cols: 3
   dt: d
   data: [ 1.0055611596228269e+00, 8.7052824962621216e-03,
       -3.3107995324940099e-03, -1.0468135341757794e-02,
       1.0093049925045317e+00, 1.7079560297094211e-02,
       3.4332136551042708e-03, -5.3658494140355721e-03,
       1.0055878169379437e+00 ]
T: !!opencv-matrix
   rows: 3
   cols: 1
   dt: d
   data: [ -4.5508036706474568e+00, -1.1482117175080913e+00,
       -3.2925255475557719e-01 ]
E: !!opencv-matrix
   rows: 0
   cols: 0
   dt: u
   data: []
F: !!opencv-matrix
   rows: 0
   cols: 0
   dt: u
   data: []
K1: !!opencv-matrix
   rows: 3
   cols: 3
   dt: d
   data: [ 3.6627756984521932e+02, 0., 3.8060969928433269e+02, 0.,
       3.6653175179255015e+02, 2.3878059668569790e+02, 0., 0., 1. ]
D1: !!opencv-matrix
   rows: 5
   cols: 1
   dt: d
   data: [ -2.1859934914563901e-02, -9.9468572971318997e-04,
       1.6448003429794193e-03, -3.1164985765511365e-04,
       3.5195408316194161e-04 ]
P1: !!opencv-matrix
   rows: 3
   cols: 4
   dt: f
   data: [ 3.59587952e+02, 0., 3.27838928e+02, 0., 0., 3.59587952e+02,
       2.33331650e+02, 0., 0., 0., 1., 0. ]
R1: !!opencv-matrix
   rows: 3
   cols: 3
   dt: f
   data: [ 9.96540785e-01, 5.46202511e-02, 6.26350120e-02,
       -5.49320392e-02, 9.98484731e-01, 3.26542696e-03, -6.23617433e-02,
       -6.69479975e-03, 9.98031139e-01 ]
K2: !!opencv-matrix
   rows: 3
   cols: 3
   dt: d
   data: [ 3.6687495098581172e+02, 0., 3.7621769200552956e+02, 0.,
       3.6726361788508825e+02, 2.2399932895774910e+02, 0., 0., 1. ]
D2: !!opencv-matrix
   rows: 5
   cols: 1
   dt: d
   data: [ -2.2201337830972428e-02, -1.1445843221826492e-03,
       2.9199201696882579e-04, -7.1705872414221615e-04,
       5.1284674356775366e-04 ]
P2: !!opencv-matrix
   rows: 3
   cols: 4
   dt: f
   data: [ 3.59587952e+02, 0., 3.27838928e+02, -1.70573535e+03, 0.,
       3.59587952e+02, 2.33331650e+02, 0., 0., 0., 1., 0. ]
R2: !!opencv-matrix
   rows: 3
   cols: 3
   dt: f
   data: [ 9.96902049e-01, 4.57612313e-02, 6.39704391e-02,
       -4.54415604e-02, 9.98946190e-01, -6.44400390e-03, -6.41979128e-02,
       3.51712410e-03, 9.97931004e-01 ]
