%YAML:1.0
---
Q: !!opencv-matrix
   rows: 4
   cols: 4
   dt: f
   data: [ 1., 0., 0., -4.11375763e+02, 0., 1., 0., -2.31150589e+02, 0.,
       0., 0., 3.60398376e+02, 0., 0., 2.34242842e-01, 0. ]
R: !!opencv-matrix
   rows: 3
   cols: 3
   dt: d
   data: [ 1.0066160052591686e+00, 7.1488260980295763e-03,
       -5.6630707794250888e-03, -9.8841673338487430e-03,
       1.0072875878995342e+00, 1.0375171619699284e-02,
       1.7612201138474759e-03, -1.1181299087694755e-02,
       1.0059028352812855e+00 ]
T: !!opencv-matrix
   rows: 3
   cols: 1
   dt: d
   data: [ -4.2873480488787310e+00, -1.0264195238818058e-01,
       1.8011244077688476e-01 ]
E: !!opencv-matrix
   rows: 0
   cols: 0
   dt: u
   data: []
F: !!opencv-matrix
   rows: 0
   cols: 0
   dt: u
   data: []
K1: !!opencv-matrix
   rows: 3
   cols: 3
   dt: d
   data: [ 3.6627756984521932e+02, 0., 3.8060969928433269e+02, 0.,
       3.6653175179255015e+02, 2.3878059668569790e+02, 0., 0., 1. ]
D1: !!opencv-matrix
   rows: 5
   cols: 1
   dt: d
   data: [ -2.1859934914563901e-02, -9.9468572971318997e-04,
       1.6448003429794193e-03, -3.1164985765511365e-04,
       3.5195408316194161e-04 ]
P1: !!opencv-matrix
   rows: 3
   cols: 4
   dt: f
   data: [ 3.60398376e+02, 0., 4.11375763e+02, 0., 0., 3.60398376e+02,
       2.31150589e+02, 0., 0., 0., 1., 0. ]
R1: !!opencv-matrix
   rows: 3
   cols: 3
   dt: f
   data: [ 9.98477340e-01, 3.23515870e-02, -4.46813144e-02,
       -3.21154669e-02, 9.99466181e-01, 5.99248661e-03, 4.48513292e-02,
       -4.54840064e-03, 9.98983324e-01 ]
K2: !!opencv-matrix
   rows: 3
   cols: 3
   dt: d
   data: [ 3.6687495098581172e+02, 0., 3.7621769200552956e+02, 0.,
       3.6726361788508825e+02, 2.2399932895774910e+02, 0., 0., 1. ]
D2: !!opencv-matrix
   rows: 5
   cols: 1
   dt: d
   data: [ -2.2201337830972428e-02, -1.1445843221826492e-03,
       2.9199201696882579e-04, -7.1705872414221615e-04,
       5.1284674356775366e-04 ]
P2: !!opencv-matrix
   rows: 3
   cols: 4
   dt: f
   data: [ 3.60398376e+02, 0., 4.11375763e+02, -1.53856726e+03, 0.,
       3.60398376e+02, 2.31150589e+02, 0., 0., 0., 1., 0. ]
R2: !!opencv-matrix
   rows: 3
   cols: 3
   dt: f
   data: [ 9.98874187e-01, 2.35300399e-02, -4.11902852e-02,
       -2.37469468e-02, 9.99706566e-01, -4.78458824e-03, 4.10656184e-02,
       5.75734535e-03, 9.99139845e-01 ]
