%YAML:1.0
---
Q: !!opencv-matrix
   rows: 4
   cols: 4
   dt: f
   data: [ 1., 0., 0., -3.83225372e+02, 0., 1., 0., -2.31764389e+02, 0.,
       0., 0., 3.58004578e+02, 0., 0., 2.04235408e-02, 0. ]
R: !!opencv-matrix
   rows: 3
   cols: 3
   dt: d
   data: [ 1.0031766463868761e+00, -6.6686255594252414e-03,
       -2.1684800375949276e-02, -9.8136449806982481e-03,
       1.0005995074159619e+00, 9.9543121336005853e-03,
       1.3272692000195205e-03, -9.6145758152402141e-03,
       1.0009460468159075e+00 ]
T: !!opencv-matrix
   rows: 3
   cols: 1
   dt: d
   data: [ -4.4406991094997458e+01, -9.1219768858104056e-01,
       -6.4546924752012169e-01 ]
E: !!opencv-matrix
   rows: 0
   cols: 0
   dt: u
   data: []
F: !!opencv-matrix
   rows: 0
   cols: 0
   dt: u
   data: []
K1: !!opencv-matrix
   rows: 3
   cols: 3
   dt: d
   data: [ 3.6627756984521932e+02, 0., 3.8060969928433269e+02, 0.,
       3.6653175179255015e+02, 2.3878059668569790e+02, 0., 0., 1. ]
D1: !!opencv-matrix
   rows: 5
   cols: 1
   dt: d
   data: [ -2.1859934914563901e-02, -9.9468572971318997e-04,
       1.6448003429794193e-03, -3.1164985765511365e-04,
       3.5195408316194161e-04 ]
P1: !!opencv-matrix
   rows: 3
   cols: 4
   dt: f
   data: [ 3.58004578e+02, 0., 3.83225372e+02, 0., 0., 3.58004578e+02,
       2.31764389e+02, 0., 0., 0., 1., 0. ]
R1: !!opencv-matrix
   rows: 3
   cols: 3
   dt: f
   data: [ 9.99763727e-01, 1.78287141e-02, -1.24327177e-02,
       -1.77672338e-02, 9.99829471e-01, 5.03803138e-03, 1.25204185e-02,
       -4.81594633e-03, 9.99909997e-01 ]
K2: !!opencv-matrix
   rows: 3
   cols: 3
   dt: d
   data: [ 3.6687495098581172e+02, 0., 3.7621769200552956e+02, 0.,
       3.6726361788508825e+02, 2.2399932895774910e+02, 0., 0., 1. ]
D2: !!opencv-matrix
   rows: 5
   cols: 1
   dt: d
   data: [ -2.2201337830972428e-02, -1.1445843221826492e-03,
       2.9199201696882579e-04, -7.1705872414221615e-04,
       5.1284674356775366e-04 ]
P2: !!opencv-matrix
   rows: 3
   cols: 4
   dt: f
   data: [ 3.58004578e+02, 0., 3.83225372e+02, -1.75290156e+04, 0.,
       3.58004578e+02, 2.31764389e+02, 0., 0., 0., 1., 0. ]
R2: !!opencv-matrix
   rows: 3
   cols: 3
   dt: f
   data: [ 9.99870479e-01, 1.60245728e-02, -1.51327718e-03,
       -1.60318352e-02, 9.99859393e-01, -4.91530821e-03, 1.43429870e-03,
       4.93893214e-03, 9.99986768e-01 ]
