%YAML:1.0
---
Q: !!opencv-matrix
   rows: 4
   cols: 4
   dt: f
   data: [ 1., 0., 0., -3.70489380e+02, 0., 1., 0., -2.31951218e+02, 0.,
       0., 0., 3.59338074e+02, 0., 0., 8.76804218e-02, 0. ]
R: !!opencv-matrix
   rows: 3
   cols: 3
   dt: d
   data: [ 1.0048887351340634e+00, -9.0126909175805448e-03,
       -2.7191054188237539e-02, -9.8389567066899958e-03,
       1.0015239634844226e+00, 9.8552273383050795e-03,
       1.3115089256479529e-03, -1.0167248993818922e-02,
       1.0017125550451778e+00 ]
T: !!opencv-matrix
   rows: 3
   cols: 1
   dt: d
   data: [ -1.0997803881393146e+01, -3.7316779892839141e-01,
       -1.7455389809382060e-01 ]
E: !!opencv-matrix
   rows: 0
   cols: 0
   dt: u
   data: []
F: !!opencv-matrix
   rows: 0
   cols: 0
   dt: u
   data: []
K1: !!opencv-matrix
   rows: 3
   cols: 3
   dt: d
   data: [ 3.6627756984521932e+02, 0., 3.8060969928433269e+02, 0.,
       3.6653175179255015e+02, 2.3878059668569790e+02, 0., 0., 1. ]
D1: !!opencv-matrix
   rows: 5
   cols: 1
   dt: d
   data: [ -2.1859934914563901e-02, -9.9468572971318997e-04,
       1.6448003429794193e-03, -3.1164985765511365e-04,
       3.5195408316194161e-04 ]
P1: !!opencv-matrix
   rows: 3
   cols: 4
   dt: f
   data: [ 3.59338074e+02, 0., 3.70489380e+02, 0., 0., 3.59338074e+02,
       2.31951218e+02, 0., 0., 0., 1., 0. ]
R1: !!opencv-matrix
   rows: 3
   cols: 3
   dt: f
   data: [ 9.99378622e-01, 3.51772308e-02, 2.22510891e-03,
       -3.51881422e-02, 9.99367833e-01, 5.07132150e-03, -2.04530731e-03,
       -5.14646759e-03, 9.99984682e-01 ]
K2: !!opencv-matrix
   rows: 3
   cols: 3
   dt: d
   data: [ 3.6687495098581172e+02, 0., 3.7621769200552956e+02, 0.,
       3.6726361788508825e+02, 2.2399932895774910e+02, 0., 0., 1. ]
D2: !!opencv-matrix
   rows: 5
   cols: 1
   dt: d
   data: [ -2.2201337830972428e-02, -1.1445843221826492e-03,
       2.9199201696882579e-04, -7.1705872414221615e-04,
       5.1284674356775366e-04 ]
P2: !!opencv-matrix
   rows: 3
   cols: 4
   dt: f
   data: [ 3.59338074e+02, 0., 3.70489380e+02, -4.09827051e+03, 0.,
       3.59338074e+02, 2.31951218e+02, 0., 0., 0., 1., 0. ]
R2: !!opencv-matrix
   rows: 3
   cols: 3
   dt: f
   data: [ 9.99255836e-01, 3.50716896e-02, 1.60539486e-02,
       -3.49891856e-02, 9.99373138e-01, -5.39160101e-03, -1.62329767e-02,
       4.82587423e-03, 9.99856591e-01 ]
