%YAML:1.0
---
Q: !!opencv-matrix
   rows: 4
   cols: 4
   dt: f
   data: [ 1., 0., 0., -4.89731934e+02, 0., 1., 0., -2.31628281e+02, 0.,
       0., 0., 3.50929047e+02, 0., 0., 1.47031575e-01, 0. ]
R: !!opencv-matrix
   rows: 3
   cols: 3
   dt: d
   data: [ 1.0059709710015574e+00, -5.3815312844302252e-03,
       -2.1243423781523267e-02, -9.8191621225925830e-03,
       1.0043307917287243e+00, 9.7411857900818327e-03,
       1.8705917695568722e-03, -1.1503504851497611e-02,
       1.0033592336576249e+00 ]
T: !!opencv-matrix
   rows: 3
   cols: 1
   dt: d
   data: [ -6.4473413889597673e+00, 1.3025056238411988e-02,
       8.8134095088063247e-01 ]
E: !!opencv-matrix
   rows: 0
   cols: 0
   dt: u
   data: []
F: !!opencv-matrix
   rows: 0
   cols: 0
   dt: u
   data: []
K1: !!opencv-matrix
   rows: 3
   cols: 3
   dt: d
   data: [ 3.6627756984521932e+02, 0., 3.8060969928433269e+02, 0.,
       3.6653175179255015e+02, 2.3878059668569790e+02, 0., 0., 1. ]
D1: !!opencv-matrix
   rows: 5
   cols: 1
   dt: d
   data: [ -2.1859934914563901e-02, -9.9468572971318997e-04,
       1.6448003429794193e-03, -3.1164985765511365e-04,
       3.5195408316194161e-04 ]
P1: !!opencv-matrix
   rows: 3
   cols: 4
   dt: f
   data: [ 3.50929047e+02, 0., 4.89731934e+02, 0., 0., 3.50929047e+02,
       2.31628281e+02, 0., 0., 0., 1., 0. ]
R1: !!opencv-matrix
   rows: 3
   cols: 3
   dt: f
   data: [ 9.89586055e-01, 1.87634781e-03, -1.43930450e-01,
       -1.12720369e-03, 9.99985397e-01, 5.28627122e-03, 1.43938273e-01,
       -5.06898109e-03, 9.89573658e-01 ]
K2: !!opencv-matrix
   rows: 3
   cols: 3
   dt: d
   data: [ 3.6687495098581172e+02, 0., 3.7621769200552956e+02, 0.,
       3.6726361788508825e+02, 2.2399932895774910e+02, 0., 0., 1. ]
D2: !!opencv-matrix
   rows: 5
   cols: 1
   dt: d
   data: [ -2.2201337830972428e-02, -1.1445843221826492e-03,
       2.9199201696882579e-04, -7.1705872414221615e-04,
       5.1284674356775366e-04 ]
P2: !!opencv-matrix
   rows: 3
   cols: 4
   dt: f
   data: [ 3.50929047e+02, 0., 4.89731934e+02, -2.38675977e+03, 0.,
       3.50929047e+02, 2.31628281e+02, 0., 0., 0., 1., 0. ]
R2: !!opencv-matrix
   rows: 3
   cols: 3
   dt: f
   data: [ 9.91146088e-01, -1.50188198e-03, -1.32767454e-01,
       8.11113976e-04, 9.99985874e-01, -5.25677204e-03, 1.32773474e-01,
       5.10253944e-03, 9.91133273e-01 ]
