%YAML:1.0
---
Q: !!opencv-matrix
   rows: 4
   cols: 4
   dt: f
   data: [ 1., 0., 0., -4.06310577e+02, 0., 1., 0., -2.31218567e+02, 0.,
       0., 0., 3.60411316e+02, 0., 0., 2.22769424e-01, 0. ]
R: !!opencv-matrix
   rows: 3
   cols: 3
   dt: d
   data: [ 1.0060457915808760e+00, 8.4231572006068043e-03,
       -3.7536947370981539e-03, -9.8947098856510072e-03,
       1.0074466481184428e+00, 1.0428033548915862e-02,
       1.7772312936459942e-03, -1.1076291585048158e-02,
       1.0062441560596693e+00 ]
T: !!opencv-matrix
   rows: 3
   cols: 1
   dt: d
   data: [ -4.5080272040497027e+00, -1.1141513269160272e-01,
       1.4527471254636615e-01 ]
E: !!opencv-matrix
   rows: 0
   cols: 0
   dt: u
   data: []
F: !!opencv-matrix
   rows: 0
   cols: 0
   dt: u
   data: []
K1: !!opencv-matrix
   rows: 3
   cols: 3
   dt: d
   data: [ 3.6627756984521932e+02, 0., 3.8060969928433269e+02, 0.,
       3.6653175179255015e+02, 2.3878059668569790e+02, 0., 0., 1. ]
D1: !!opencv-matrix
   rows: 5
   cols: 1
   dt: d
   data: [ -2.1859934914563901e-02, -9.9468572971318997e-04,
       1.6448003429794193e-03, -3.1164985765511365e-04,
       3.5195408316194161e-04 ]
P1: !!opencv-matrix
   rows: 3
   cols: 4
   dt: f
   data: [ 3.60411316e+02, 0., 4.06310577e+02, 0., 0., 3.60411316e+02,
       2.31218567e+02, 0., 0., 0., 1., 0. ]
R1: !!opencv-matrix
   rows: 3
   cols: 3
   dt: f
   data: [ 9.98704374e-01, 3.40918712e-02, -3.77805084e-02,
       -3.38915288e-02, 9.99407947e-01, 5.93073480e-03, 3.79603282e-02,
       -4.64261137e-03, 9.99268472e-01 ]
K2: !!opencv-matrix
   rows: 3
   cols: 3
   dt: d
   data: [ 3.6687495098581172e+02, 0., 3.7621769200552956e+02, 0.,
       3.6726361788508825e+02, 2.2399932895774910e+02, 0., 0., 1. ]
D2: !!opencv-matrix
   rows: 5
   cols: 1
   dt: d
   data: [ -2.2201337830972428e-02, -1.1445843221826492e-03,
       2.9199201696882579e-04, -7.1705872414221615e-04,
       5.1284674356775366e-04 ]
P2: !!opencv-matrix
   rows: 3
   cols: 4
   dt: f
   data: [ 3.60411316e+02, 0., 4.06310577e+02, -1.61786707e+03, 0.,
       3.60411316e+02, 2.31218567e+02, 0., 0., 0., 1., 0. ]
R2: !!opencv-matrix
   rows: 3
   cols: 3
   dt: f
   data: [ 9.99073625e-01, 2.46737059e-02, -3.52577604e-02,
       -2.48598605e-02, 9.99679148e-01, -4.85115685e-03, 3.51267532e-02,
       5.72316628e-03, 9.99366462e-01 ]
