%YAML:1.0
---
Q: !!opencv-matrix
   rows: 4
   cols: 4
   dt: f
   data: [ 1., 0., 0., -4.11412811e+02, 0., 1., 0., -2.31157532e+02, 0.,
       0., 0., 3.60356110e+02, 0., 0., 2.31398329e-01, 0. ]
R: !!opencv-matrix
   rows: 3
   cols: 3
   dt: d
   data: [ 1.0064058875660131e+00, 7.5645823612172699e-03,
       -5.0622562293643741e-03, -9.8865005220373833e-03,
       1.0073915864244554e+00, 1.0391199344382703e-02,
       1.7787717376382796e-03, -1.1115337682998371e-02,
       1.0060272026973784e+00 ]
T: !!opencv-matrix
   rows: 3
   cols: 1
   dt: d
   data: [ -4.3517234011528156e+00, -1.0395432763386919e-01,
       1.7092304519544280e-01 ]
E: !!opencv-matrix
   rows: 0
   cols: 0
   dt: u
   data: []
F: !!opencv-matrix
   rows: 0
   cols: 0
   dt: u
   data: []
K1: !!opencv-matrix
   rows: 3
   cols: 3
   dt: d
   data: [ 3.6627756984521932e+02, 0., 3.8060969928433269e+02, 0.,
       3.6653175179255015e+02, 2.3878059668569790e+02, 0., 0., 1. ]
D1: !!opencv-matrix
   rows: 5
   cols: 1
   dt: d
   data: [ -2.1859934914563901e-02, -9.9468572971318997e-04,
       1.6448003429794193e-03, -3.1164985765511365e-04,
       3.5195408316194161e-04 ]
P1: !!opencv-matrix
   rows: 3
   cols: 4
   dt: f
   data: [ 3.60356110e+02, 0., 4.11412811e+02, 0., 0., 3.60356110e+02,
       2.31157532e+02, 0., 0., 0., 1., 0. ]
R1: !!opencv-matrix
   rows: 3
   cols: 3
   dt: f
   data: [ 9.98488545e-01, 3.21181938e-02, -4.45990115e-02,
       -3.18823159e-02, 9.99473691e-01, 5.99034224e-03, 4.47679386e-02,
       -4.55936836e-03, 9.98987019e-01 ]
K2: !!opencv-matrix
   rows: 3
   cols: 3
   dt: d
   data: [ 3.6687495098581172e+02, 0., 3.7621769200552956e+02, 0.,
       3.6726361788508825e+02, 2.2399932895774910e+02, 0., 0., 1. ]
D2: !!opencv-matrix
   rows: 5
   cols: 1
   dt: d
   data: [ -2.2201337830972428e-02, -1.1445843221826492e-03,
       2.9199201696882579e-04, -7.1705872414221615e-04,
       5.1284674356775366e-04 ]
P2: !!opencv-matrix
   rows: 3
   cols: 4
   dt: f
   data: [ 3.60356110e+02, 0., 4.11412811e+02, -1.55729785e+03, 0.,
       3.60356110e+02, 2.31157532e+02, 0., 0., 0., 1., 0. ]
R2: !!opencv-matrix
   rows: 3
   cols: 3
   dt: f
   data: [ 9.98876631e-01, 2.31286008e-02, -4.13587838e-02,
       -2.33465843e-02, 9.99715924e-01, -4.79526771e-03, 4.12361287e-02,
       5.75546734e-03, 9.99132872e-01 ]
