%YAML:1.0
---
Q: !!opencv-matrix
   rows: 4
   cols: 4
   dt: f
   data: [ 1., 0., 0., -3.58311188e+02, 0., 1., 0., -2.32198715e+02, 0.,
       0., 0., 3.58878143e+02, 0., 0., 2.80894656e-02, 0. ]
R: !!opencv-matrix
   rows: 3
   cols: 3
   dt: d
   data: [ 1.0031711826245089e+00, -6.1828659280147294e-03,
       -2.3030869004827332e-02, -9.8538933111047763e-03,
       1.0010715783265931e+00, 9.9659703604640625e-03,
       1.2492501143558038e-03, -1.0074393972232696e-02,
       1.0013763041255874e+00 ]
T: !!opencv-matrix
   rows: 3
   cols: 1
   dt: d
   data: [ -3.2446676479323891e+01, -8.7199283873611821e-01,
       -2.0734140636071505e-01 ]
E: !!opencv-matrix
   rows: 0
   cols: 0
   dt: u
   data: []
F: !!opencv-matrix
   rows: 0
   cols: 0
   dt: u
   data: []
K1: !!opencv-matrix
   rows: 3
   cols: 3
   dt: d
   data: [ 3.6627756984521932e+02, 0., 3.8060969928433269e+02, 0.,
       3.6653175179255015e+02, 2.3878059668569790e+02, 0., 0., 1. ]
D1: !!opencv-matrix
   rows: 5
   cols: 1
   dt: d
   data: [ -2.1859934914563901e-02, -9.9468572971318997e-04,
       1.6448003429794193e-03, -3.1164985765511365e-04,
       3.5195408316194161e-04 ]
P1: !!opencv-matrix
   rows: 3
   cols: 4
   dt: f
   data: [ 3.58878143e+02, 0., 3.58311188e+02, 0., 0., 3.58878143e+02,
       2.32198715e+02, 0., 0., 0., 1., 0. ]
R1: !!opencv-matrix
   rows: 3
   cols: 3
   dt: f
   data: [ 9.99243438e-01, 3.39108706e-02, 1.90417934e-02,
       -3.40058096e-02, 9.99410629e-01, 4.68439888e-03, -1.88717190e-02,
       -5.32838656e-03, 9.99807715e-01 ]
K2: !!opencv-matrix
   rows: 3
   cols: 3
   dt: d
   data: [ 3.6687495098581172e+02, 0., 3.7621769200552956e+02, 0.,
       3.6726361788508825e+02, 2.2399932895774910e+02, 0., 0., 1. ]
D2: !!opencv-matrix
   rows: 5
   cols: 1
   dt: d
   data: [ -2.2201337830972428e-02, -1.1445843221826492e-03,
       2.9199201696882579e-04, -7.1705872414221615e-04,
       5.1284674356775366e-04 ]
P2: !!opencv-matrix
   rows: 3
   cols: 4
   dt: f
   data: [ 3.58878143e+02, 0., 3.58311188e+02, -1.27762539e+04, 0.,
       3.58878143e+02, 2.32198715e+02, 0., 0., 0., 1., 0. ]
R2: !!opencv-matrix
   rows: 3
   cols: 3
   dt: f
   data: [ 9.99014437e-01, 3.23051885e-02, 3.04395370e-02,
       -3.21523249e-02, 9.99467850e-01, -5.49816620e-03, -3.06009594e-02,
       4.51404555e-03, 9.99521494e-01 ]
