%YAML:1.0
---
Q: !!opencv-matrix
   rows: 4
   cols: 4
   dt: f
   data: [ 1., 0., 0., -3.79573792e+02, 0., 1., 0., -2.31764313e+02, 0.,
       0., 0., 3.57737030e+02, 0., 0., 4.79334183e-02, 0. ]
R: !!opencv-matrix
   rows: 3
   cols: 3
   dt: d
   data: [ 1.0037553658529248e+00, -8.2344428462074615e-03,
       -2.6206623281726536e-02, -9.8736935592127571e-03,
       1.0013572409147942e+00, 9.8751715764917279e-03,
       1.2025112403202419e-03, -1.0151306031422070e-02,
       1.0015791305617077e+00 ]
T: !!opencv-matrix
   rows: 3
   cols: 1
   dt: d
   data: [ -1.8677609662250731e+01, -5.7080608948364964e-01,
       -1.8932782471287660e-01 ]
E: !!opencv-matrix
   rows: 0
   cols: 0
   dt: u
   data: []
F: !!opencv-matrix
   rows: 0
   cols: 0
   dt: u
   data: []
K1: !!opencv-matrix
   rows: 3
   cols: 3
   dt: d
   data: [ 3.6627756984521932e+02, 0., 3.8060969928433269e+02, 0.,
       3.6653175179255015e+02, 2.3878059668569790e+02, 0., 0., 1. ]
D1: !!opencv-matrix
   rows: 5
   cols: 1
   dt: d
   data: [ -2.1859934914563901e-02, -9.9468572971318997e-04,
       1.6448003429794193e-03, -3.1164985765511365e-04,
       3.5195408316194161e-04 ]
P1: !!opencv-matrix
   rows: 3
   cols: 4
   dt: f
   data: [ 3.57737030e+02, 0., 3.79573792e+02, 0., 0., 3.57737030e+02,
       2.31764313e+02, 0., 0., 0., 1., 0. ]
R1: !!opencv-matrix
   rows: 3
   cols: 3
   dt: f
   data: [ 9.99530792e-01, 2.92862188e-02, -8.97010788e-03,
       -2.92403586e-02, 9.99558866e-01, 5.20176021e-03, 9.11849085e-03,
       -4.93703038e-03, 9.99946237e-01 ]
K2: !!opencv-matrix
   rows: 3
   cols: 3
   dt: d
   data: [ 3.6687495098581172e+02, 0., 3.7621769200552956e+02, 0.,
       3.6726361788508825e+02, 2.2399932895774910e+02, 0., 0., 1. ]
D2: !!opencv-matrix
   rows: 5
   cols: 1
   dt: d
   data: [ -2.2201337830972428e-02, -1.1445843221826492e-03,
       2.9199201696882579e-04, -7.1705872414221615e-04,
       5.1284674356775366e-04 ]
P2: !!opencv-matrix
   rows: 3
   cols: 4
   dt: f
   data: [ 3.57737030e+02, 0., 3.79573792e+02, -7.46320752e+03, 0.,
       3.57737030e+02, 2.31764313e+02, 0., 0., 0., 1., 0. ]
R2: !!opencv-matrix
   rows: 3
   cols: 3
   dt: f
   data: [ 9.99594212e-01, 2.81839091e-02, 4.13157605e-03,
       -2.81625967e-02, 9.99590218e-01, -5.12869423e-03, -4.27442929e-03,
       5.01025701e-03, 9.99978304e-01 ]
