%YAML:1.0
---
Q: !!opencv-matrix
   rows: 4
   cols: 4
   dt: f
   data: [ 1., 0., 0., -2.83936218e+02, 0., 1., 0., -2.34717834e+02, 0.,
       0., 0., 3.62010712e+02, 0., 0., 5.29923756e-03, 0. ]
R: !!opencv-matrix
   rows: 3
   cols: 3
   dt: d
   data: [ 9.9802773111196430e-01, 9.8402745060163482e-03,
       -2.7539384110664036e-03, -9.6600167006512111e-03,
       9.9940363044510794e-01, 1.0848689789578776e-02,
       2.1189169104820758e-03, -6.9132600098069340e-03,
       1.0014565483216042e+00 ]
T: !!opencv-matrix
   rows: 3
   cols: 1
   dt: d
   data: [ -1.8385907249354113e+02, -7.4693760190525982e+00,
       -1.8362521352179673e+01 ]
E: !!opencv-matrix
   rows: 0
   cols: 0
   dt: u
   data: []
F: !!opencv-matrix
   rows: 0
   cols: 0
   dt: u
   data: []
K1: !!opencv-matrix
   rows: 3
   cols: 3
   dt: d
   data: [ 3.6627756984521932e+02, 0., 3.8060969928433269e+02, 0.,
       3.6653175179255015e+02, 2.3878059668569790e+02, 0., 0., 1. ]
D1: !!opencv-matrix
   rows: 5
   cols: 1
   dt: d
   data: [ -2.1859934914563901e-02, -9.9468572971318997e-04,
       1.6448003429794193e-03, -3.1164985765511365e-04,
       3.5195408316194161e-04 ]
P1: !!opencv-matrix
   rows: 3
   cols: 4
   dt: f
   data: [ 3.62010712e+02, 0., 2.83936218e+02, 0., 0., 3.62010712e+02,
       2.34717834e+02, 0., 0., 0., 1., 0. ]
R1: !!opencv-matrix
   rows: 3
   cols: 3
   dt: f
   data: [ 9.91623819e-01, 5.57240471e-02, 1.16520509e-01,
       -5.62688075e-02, 9.98414695e-01, 1.38844270e-03, -1.16258420e-01,
       -7.93328322e-03, 9.93187308e-01 ]
K2: !!opencv-matrix
   rows: 3
   cols: 3
   dt: d
   data: [ 3.6687495098581172e+02, 0., 3.7621769200552956e+02, 0.,
       3.6726361788508825e+02, 2.2399932895774910e+02, 0., 0., 1. ]
D2: !!opencv-matrix
   rows: 5
   cols: 1
   dt: d
   data: [ -2.2201337830972428e-02, -1.1445843221826492e-03,
       2.9199201696882579e-04, -7.1705872414221615e-04,
       5.1284674356775366e-04 ]
P2: !!opencv-matrix
   rows: 3
   cols: 4
   dt: f
   data: [ 3.62010712e+02, 0., 2.83936218e+02, -6.83137422e+04, 0.,
       3.62010712e+02, 2.34717834e+02, 0., 0., 0., 1., 0. ]
R2: !!opencv-matrix
   rows: 3
   cols: 3
   dt: f
   data: [ 9.91886377e-01, 4.68355715e-02, 1.18185826e-01,
       -4.62819301e-02, 9.98900831e-01, -7.42623117e-03, -1.18403733e-01,
       1.89610908e-03, 9.92963731e-01 ]
