%YAML:1.0
---
Q: !!opencv-matrix
   rows: 4
   cols: 4
   dt: f
   data: [ 1., 0., 0., -4.28364349e+02, 0., 1., 0., -2.31926178e+02, 0.,
       0., 0., 3.51623779e+02, 0., 0., 2.81891763e-01, 0. ]
R: !!opencv-matrix
   rows: 3
   cols: 3
   dt: d
   data: [ 1.0085154371079788e+00, -5.5587185738210608e-03,
       -2.2703547956590443e-02, -9.6120966241257707e-03,
       1.0037266180907987e+00, 9.7292820551048379e-03,
       1.5265598780932641e-03, -1.1433816321223882e-02,
       1.0038890777741443e+00 ]
T: !!opencv-matrix
   rows: 3
   cols: 1
   dt: d
   data: [ -3.3356965595373773e+00, 1.6613569362194922e-02,
       1.9087890527754273e-01 ]
E: !!opencv-matrix
   rows: 0
   cols: 0
   dt: u
   data: []
F: !!opencv-matrix
   rows: 0
   cols: 0
   dt: u
   data: []
K1: !!opencv-matrix
   rows: 3
   cols: 3
   dt: d
   data: [ 3.6627756984521932e+02, 0., 3.8060969928433269e+02, 0.,
       3.6653175179255015e+02, 2.3878059668569790e+02, 0., 0., 1. ]
D1: !!opencv-matrix
   rows: 5
   cols: 1
   dt: d
   data: [ -2.1859934914563901e-02, -9.9468572971318997e-04,
       1.6448003429794193e-03, -3.1164985765511365e-04,
       3.5195408316194161e-04 ]
P1: !!opencv-matrix
   rows: 3
   cols: 4
   dt: f
   data: [ 3.51623779e+02, 0., 4.28364349e+02, 0., 0., 3.51623779e+02,
       2.31926178e+02, 0., 0., 0., 1., 0. ]
R1: !!opencv-matrix
   rows: 3
   cols: 3
   dt: f
   data: [ 9.97549295e-01, -1.59582472e-03, -6.99490309e-02,
       1.96226989e-03, 9.99984682e-01, 5.17034438e-03, 6.99397102e-02,
       -5.29493252e-03, 9.97537196e-01 ]
K2: !!opencv-matrix
   rows: 3
   cols: 3
   dt: d
   data: [ 3.6687495098581172e+02, 0., 3.7621769200552956e+02, 0.,
       3.6726361788508825e+02, 2.2399932895774910e+02, 0., 0., 1. ]
D2: !!opencv-matrix
   rows: 5
   cols: 1
   dt: d
   data: [ -2.2201337830972428e-02, -1.1445843221826492e-03,
       2.9199201696882579e-04, -7.1705872414221615e-04,
       5.1284674356775366e-04 ]
P2: !!opencv-matrix
   rows: 3
   cols: 4
   dt: f
   data: [ 3.51623779e+02, 0., 4.28364349e+02, -1.24737158e+03, 0.,
       3.51623779e+02, 2.31926178e+02, 0., 0., 0., 1., 0. ]
R2: !!opencv-matrix
   rows: 3
   cols: 3
   dt: f
   data: [ 9.98297751e-01, -4.26540617e-03, -5.81665635e-02,
       3.96066671e-03, 9.99977827e-01, -5.35336416e-03, 5.81881106e-02,
       5.11387317e-03, 9.98292565e-01 ]
