%YAML:1.0
---
Q: !!opencv-matrix
   rows: 4
   cols: 4
   dt: f
   data: [ 1., 0., 0., -2.96097260e+02, 0., 1., 0., -2.35128845e+02, 0.,
       0., 0., 3.67837555e+02, 0., 0., 5.79638891e-02, 0. ]
R: !!opencv-matrix
   rows: 3
   cols: 3
   dt: d
   data: [ 1.0049106032733779e+00, 7.2344009939805825e-04,
       -8.9905994956450061e-03, -9.9356152555932567e-03,
       1.0011972186833527e+00, 1.0632721969062163e-02,
       1.6453948056072152e-03, -9.3095116236414782e-03,
       1.0022919322909432e+00 ]
T: !!opencv-matrix
   rows: 3
   cols: 1
   dt: d
   data: [ -1.7001082228093825e+01, -7.0638732422837103e-01,
       -8.2280322588549049e-01 ]
E: !!opencv-matrix
   rows: 0
   cols: 0
   dt: u
   data: []
F: !!opencv-matrix
   rows: 0
   cols: 0
   dt: u
   data: []
K1: !!opencv-matrix
   rows: 3
   cols: 3
   dt: d
   data: [ 3.6627756984521932e+02, 0., 3.8060969928433269e+02, 0.,
       3.6653175179255015e+02, 2.3878059668569790e+02, 0., 0., 1. ]
D1: !!opencv-matrix
   rows: 5
   cols: 1
   dt: d
   data: [ -2.1859934914563901e-02, -9.9468572971318997e-04,
       1.6448003429794193e-03, -3.1164985765511365e-04,
       3.5195408316194161e-04 ]
P1: !!opencv-matrix
   rows: 3
   cols: 4
   dt: f
   data: [ 3.67837555e+02, 0., 2.96097260e+02, 0., 0., 3.67837555e+02,
       2.35128845e+02, 0., 0., 0., 1., 0. ]
R1: !!opencv-matrix
   rows: 3
   cols: 3
   dt: f
   data: [ 9.92601216e-01, 6.82897568e-02, 1.00396112e-01,
       -6.88104331e-02, 9.97628272e-01, 1.72848394e-03, -1.00039959e-01,
       -8.62399489e-03, 9.94946063e-01 ]
K2: !!opencv-matrix
   rows: 3
   cols: 3
   dt: d
   data: [ 3.6687495098581172e+02, 0., 3.7621769200552956e+02, 0.,
       3.6726361788508825e+02, 2.2399932895774910e+02, 0., 0., 1. ]
D2: !!opencv-matrix
   rows: 5
   cols: 1
   dt: d
   data: [ -2.2201337830972428e-02, -1.1445843221826492e-03,
       2.9199201696882579e-04, -7.1705872414221615e-04,
       5.1284674356775366e-04 ]
P2: !!opencv-matrix
   rows: 3
   cols: 4
   dt: f
   data: [ 3.67837555e+02, 0., 2.96097260e+02, -6.34597754e+03, 0.,
       3.67837555e+02, 2.35128845e+02, 0., 0., 0., 1., 0. ]
R2: !!opencv-matrix
   rows: 3
   cols: 3
   dt: f
   data: [ 9.92427945e-01, 6.44170567e-02, 1.04581088e-01,
       -6.38728216e-02, 9.97921407e-01, -8.54832307e-03, -1.04914367e-01,
       1.80370593e-03, 9.94479597e-01 ]
