%YAML:1.0
---
Q: !!opencv-matrix
   rows: 4
   cols: 4
   dt: f
   data: [ 1., 0., 0., -4.13047302e+02, 0., 1., 0., -2.31181488e+02, 0.,
       0., 0., 3.60133820e+02, 0., 0., 2.34939858e-01, 0. ]
R: !!opencv-matrix
   rows: 3
   cols: 3
   dt: d
   data: [ 1.0067086118627098e+00, 7.0039556005645322e-03,
       -5.9107502374321228e-03, -9.8855487248596646e-03,
       1.0071892968697762e+00, 1.0364225621696647e-02,
       1.7446445973225346e-03, -1.1150045628450829e-02,
       1.0058566598213234e+00 ]
T: !!opencv-matrix
   rows: 3
   cols: 1
   dt: d
   data: [ -4.2642679023227483e+00, -1.0045147862539779e-01,
       1.7584438204303782e-01 ]
E: !!opencv-matrix
   rows: 0
   cols: 0
   dt: u
   data: []
F: !!opencv-matrix
   rows: 0
   cols: 0
   dt: u
   data: []
K1: !!opencv-matrix
   rows: 3
   cols: 3
   dt: d
   data: [ 3.6627756984521932e+02, 0., 3.8060969928433269e+02, 0.,
       3.6653175179255015e+02, 2.3878059668569790e+02, 0., 0., 1. ]
D1: !!opencv-matrix
   rows: 5
   cols: 1
   dt: d
   data: [ -2.1859934914563901e-02, -9.9468572971318997e-04,
       1.6448003429794193e-03, -3.1164985765511365e-04,
       3.5195408316194161e-04 ]
P1: !!opencv-matrix
   rows: 3
   cols: 4
   dt: f
   data: [ 3.60133820e+02, 0., 4.13047302e+02, 0., 0., 3.60133820e+02,
       2.31181488e+02, 0., 0., 0., 1., 0. ]
R1: !!opencv-matrix
   rows: 3
   cols: 3
   dt: f
   data: [ 9.98456419e-01, 2.98539195e-02, -4.68350500e-02,
       -2.96076406e-02, 9.99543905e-01, 5.94351720e-03, 4.69911285e-02,
       -4.54766769e-03, 9.98884976e-01 ]
K2: !!opencv-matrix
   rows: 3
   cols: 3
   dt: d
   data: [ 3.6687495098581172e+02, 0., 3.7621769200552956e+02, 0.,
       3.6726361788508825e+02, 2.2399932895774910e+02, 0., 0., 1. ]
D2: !!opencv-matrix
   rows: 5
   cols: 1
   dt: d
   data: [ -2.2201337830972428e-02, -1.1445843221826492e-03,
       2.9199201696882579e-04, -7.1705872414221615e-04,
       5.1284674356775366e-04 ]
P2: !!opencv-matrix
   rows: 3
   cols: 4
   dt: f
   data: [ 3.60133820e+02, 0., 4.13047302e+02, -1.53287671e+03, 0.,
       3.60133820e+02, 2.31181488e+02, 0., 0., 0., 1., 0. ]
R2: !!opencv-matrix
   rows: 3
   cols: 3
   dt: f
   data: [ 9.98843789e-01, 2.10495330e-02, -4.32210304e-02,
       -2.12761164e-02, 9.99762177e-01, -4.78908140e-03, 4.31099422e-02,
       5.70312003e-03, 9.99054074e-01 ]
