%YAML:1.0
---
Q: !!opencv-matrix
   rows: 4
   cols: 4
   dt: f
   data: [ 1., 0., 0., -3.33232544e+02, 0., 1., 0., -2.33099380e+02, 0.,
       0., 0., 3.58743805e+02, 0., 0., 2.11316079e-01, 0. ]
R: !!opencv-matrix
   rows: 3
   cols: 3
   dt: d
   data: [ 1.0055808647422164e+00, 9.4016020788769833e-03,
       -1.8183629450372856e-03, -9.7576165339391379e-03,
       1.0058982116838258e+00, 1.0907364323722385e-02,
       1.7375544882154848e-03, -8.6795103166791635e-03,
       1.0065055366331561e+00 ]
T: !!opencv-matrix
   rows: 3
   cols: 1
   dt: d
   data: [ -4.7393063694352149e+00, -1.9373082591298191e-01,
       -2.4250628129333826e-01 ]
E: !!opencv-matrix
   rows: 0
   cols: 0
   dt: u
   data: []
F: !!opencv-matrix
   rows: 0
   cols: 0
   dt: u
   data: []
K1: !!opencv-matrix
   rows: 3
   cols: 3
   dt: d
   data: [ 3.6627756984521932e+02, 0., 3.8060969928433269e+02, 0.,
       3.6653175179255015e+02, 2.3878059668569790e+02, 0., 0., 1. ]
D1: !!opencv-matrix
   rows: 5
   cols: 1
   dt: d
   data: [ -2.1859934914563901e-02, -9.9468572971318997e-04,
       1.6448003429794193e-03, -3.1164985765511365e-04,
       3.5195408316194161e-04 ]
P1: !!opencv-matrix
   rows: 3
   cols: 4
   dt: f
   data: [ 3.58743805e+02, 0., 3.33232544e+02, 0., 0., 3.58743805e+02,
       2.33099380e+02, 0., 0., 0., 1., 0. ]
R1: !!opencv-matrix
   rows: 3
   cols: 3
   dt: f
   data: [ 9.97071147e-01, 5.22471815e-02, 5.58510609e-02,
       -5.25258668e-02, 9.98613298e-01, 3.53250257e-03, -5.55890501e-02,
       -6.45578187e-03, 9.98432875e-01 ]
K2: !!opencv-matrix
   rows: 3
   cols: 3
   dt: d
   data: [ 3.6687495098581172e+02, 0., 3.7621769200552956e+02, 0.,
       3.6726361788508825e+02, 2.2399932895774910e+02, 0., 0., 1. ]
D2: !!opencv-matrix
   rows: 5
   cols: 1
   dt: d
   data: [ -2.2201337830972428e-02, -1.1445843221826492e-03,
       2.9199201696882579e-04, -7.1705872414221615e-04,
       5.1284674356775366e-04 ]
P2: !!opencv-matrix
   rows: 3
   cols: 4
   dt: f
   data: [ 3.58743805e+02, 0., 3.33232544e+02, -1.69766443e+03, 0.,
       3.58743805e+02, 2.33099380e+02, 0., 0., 0., 1., 0. ]
R2: !!opencv-matrix
   rows: 3
   cols: 3
   dt: f
   data: [ 9.97421682e-01, 4.33329120e-02, 5.72038963e-02,
       -4.30462919e-02, 9.99053657e-01, -6.23382442e-03, -5.74198887e-02,
       3.75533593e-03, 9.98343050e-01 ]
