%YAML:1.0
---
Q: !!opencv-matrix
   rows: 4
   cols: 4
   dt: f
   data: [ 1., 0., 0., -1.79581482e+02, 0., 1., 0., -2.30347733e+02, 0.,
       0., 0., 3.47740692e+02, 0., 0., 1.20351259e-02, 0. ]
R: !!opencv-matrix
   rows: 3
   cols: 3
   dt: d
   data: [ 1.0010160586697010e+00, -5.1368156346618026e-03,
       -1.6759654416088600e-02, -9.7450265557979168e-03,
       9.9882460885302948e-01, 1.0123003371337329e-02,
       1.7434093005662167e-03, -8.1873268541206266e-03,
       1.0016316624261463e+00 ]
T: !!opencv-matrix
   rows: 3
   cols: 1
   dt: d
   data: [ -7.6648479802816695e+01, -2.2890552363671799e+00,
       -1.4525388684665760e+01 ]
E: !!opencv-matrix
   rows: 0
   cols: 0
   dt: u
   data: []
F: !!opencv-matrix
   rows: 0
   cols: 0
   dt: u
   data: []
K1: !!opencv-matrix
   rows: 3
   cols: 3
   dt: d
   data: [ 3.6627756984521932e+02, 0., 3.8060969928433269e+02, 0.,
       3.6653175179255015e+02, 2.3878059668569790e+02, 0., 0., 1. ]
D1: !!opencv-matrix
   rows: 5
   cols: 1
   dt: d
   data: [ -2.1859934914563901e-02, -9.9468572971318997e-04,
       1.6448003429794193e-03, -3.1164985765511365e-04,
       3.5195408316194161e-04 ]
P1: !!opencv-matrix
   rows: 3
   cols: 4
   dt: f
   data: [ 3.47740692e+02, 0., 1.79581482e+02, 0., 0., 3.47740692e+02,
       2.30347733e+02, 0., 0., 0., 1., 0. ]
R1: !!opencv-matrix
   rows: 3
   cols: 3
   dt: f
   data: [ 9.73730147e-01, -5.76534169e-03, 2.27632135e-01,
       4.75819781e-03, 9.99976337e-01, 4.97295521e-03, -2.27655426e-01,
       -3.75919743e-03, 9.73734498e-01 ]
K2: !!opencv-matrix
   rows: 3
   cols: 3
   dt: d
   data: [ 3.6687495098581172e+02, 0., 3.7621769200552956e+02, 0.,
       3.6726361788508825e+02, 2.2399932895774910e+02, 0., 0., 1. ]
D2: !!opencv-matrix
   rows: 5
   cols: 1
   dt: d
   data: [ -2.2201337830972428e-02, -1.1445843221826492e-03,
       2.9199201696882579e-04, -7.1705872414221615e-04,
       5.1284674356775366e-04 ]
P2: !!opencv-matrix
   rows: 3
   cols: 4
   dt: f
   data: [ 3.47740692e+02, 0., 1.79581482e+02, -2.88938164e+04, 0.,
       3.47740692e+02, 2.30347733e+02, 0., 0., 0., 1., 0. ]
R2: !!opencv-matrix
   rows: 3
   cols: 3
   dt: f
   data: [ 9.71678674e-01, -6.16321294e-03, 2.36225724e-01,
       7.20880274e-03, 9.99967694e-01, -3.56280594e-03, -2.36196131e-01,
       5.16480720e-03, 9.71691668e-01 ]
