%YAML:1.0
---
Q: !!opencv-matrix
   rows: 4
   cols: 4
   dt: f
   data: [ 1., 0., 0., -4.14079437e+02, 0., 1., 0., -2.31173843e+02, 0.,
       0., 0., 3.60051147e+02, 0., 0., 2.21357569e-01, 0. ]
R: !!opencv-matrix
   rows: 3
   cols: 3
   dt: d
   data: [ 1.0074525602630506e+00, 7.0293503852524404e-03,
       -5.3349064652942618e-03, -9.9083554892474730e-03,
       1.0067815140393126e+00, 1.0287480443458967e-02,
       1.5943990526233879e-03, -1.0964418781585316e-02,
       1.0053016449467860e+00 ]
T: !!opencv-matrix
   rows: 3
   cols: 1
   dt: d
   data: [ -4.4048440924879069e+00, -8.7981247615891656e-02,
       1.8794933336825864e-01 ]
E: !!opencv-matrix
   rows: 0
   cols: 0
   dt: u
   data: []
F: !!opencv-matrix
   rows: 0
   cols: 0
   dt: u
   data: []
K1: !!opencv-matrix
   rows: 3
   cols: 3
   dt: d
   data: [ 3.6627756984521932e+02, 0., 3.8060969928433269e+02, 0.,
       3.6653175179255015e+02, 2.3878059668569790e+02, 0., 0., 1. ]
D1: !!opencv-matrix
   rows: 5
   cols: 1
   dt: d
   data: [ -2.1859934914563901e-02, -9.9468572971318997e-04,
       1.6448003429794193e-03, -3.1164985765511365e-04,
       3.5195408316194161e-04 ]
P1: !!opencv-matrix
   rows: 3
   cols: 4
   dt: f
   data: [ 3.60051147e+02, 0., 4.14079437e+02, 0., 0., 3.60051147e+02,
       2.31173843e+02, 0., 0., 0., 1., 0. ]
R1: !!opencv-matrix
   rows: 3
   cols: 3
   dt: f
   data: [ 9.98420894e-01, 2.95927208e-02, -4.77490313e-02,
       -2.93443855e-02, 9.99552011e-01, 5.89362765e-03, 4.79020476e-02,
       -4.48315497e-03, 9.98842001e-01 ]
K2: !!opencv-matrix
   rows: 3
   cols: 3
   dt: d
   data: [ 3.6687495098581172e+02, 0., 3.7621769200552956e+02, 0.,
       3.6726361788508825e+02, 2.2399932895774910e+02, 0., 0., 1. ]
D2: !!opencv-matrix
   rows: 5
   cols: 1
   dt: d
   data: [ -2.2201337830972428e-02, -1.1445843221826492e-03,
       2.9199201696882579e-04, -7.1705872414221615e-04,
       5.1284674356775366e-04 ]
P2: !!opencv-matrix
   rows: 3
   cols: 4
   dt: f
   data: [ 3.60051147e+02, 0., 4.14079437e+02, -1.62655908e+03, 0.,
       3.60051147e+02, 2.31173843e+02, 0., 0., 0., 1., 0. ]
R2: !!opencv-matrix
   rows: 3
   cols: 3
   dt: f
   data: [ 9.98781204e-01, 2.04737429e-02, -4.49103713e-02,
       -2.07066424e-02, 9.99774396e-01, -4.72676801e-03, 4.48034666e-02,
       5.65094966e-03, 9.98979867e-01 ]
