%YAML:1.0
---
Q: !!opencv-matrix
   rows: 4
   cols: 4
   dt: f
   data: [ 1., 0., 0., -4.98617706e+02, 0., 1., 0., -2.32243973e+02, 0.,
       0., 0., 3.50903595e+02, 0., 0., 9.27450359e-02, 0. ]
R: !!opencv-matrix
   rows: 3
   cols: 3
   dt: d
   data: [ 1.0062196198066182e+00, -4.6216706595724813e-03,
       -1.8065067868017193e-02, -9.8895046800355230e-03,
       1.0033979584695374e+00, 9.5513131427264805e-03,
       1.6431444415037806e-03, -1.1973849632239646e-02,
       1.0020251077988875e+00 ]
T: !!opencv-matrix
   rows: 3
   cols: 1
   dt: d
   data: [ -9.9717790798023582e+00, 1.1966403982295382e-01,
       1.4841065627688323e+00 ]
E: !!opencv-matrix
   rows: 0
   cols: 0
   dt: u
   data: []
F: !!opencv-matrix
   rows: 0
   cols: 0
   dt: u
   data: []
K1: !!opencv-matrix
   rows: 3
   cols: 3
   dt: d
   data: [ 3.6627756984521932e+02, 0., 3.8060969928433269e+02, 0.,
       3.6653175179255015e+02, 2.3878059668569790e+02, 0., 0., 1. ]
D1: !!opencv-matrix
   rows: 5
   cols: 1
   dt: d
   data: [ -2.1859934914563901e-02, -9.9468572971318997e-04,
       1.6448003429794193e-03, -3.1164985765511365e-04,
       3.5195408316194161e-04 ]
P1: !!opencv-matrix
   rows: 3
   cols: 4
   dt: f
   data: [ 3.50903595e+02, 0., 4.98617706e+02, 0., 0., 3.50903595e+02,
       2.32243973e+02, 0., 0., 0., 1., 0. ]
R1: !!opencv-matrix
   rows: 3
   cols: 3
   dt: f
   data: [ 9.88183200e-01, -5.64053608e-03, -1.53173447e-01,
       6.44399133e-03, 9.99967933e-01, 4.74944524e-03, 1.53141737e-01,
       -5.68037061e-03, 9.88187909e-01 ]
K2: !!opencv-matrix
   rows: 3
   cols: 3
   dt: d
   data: [ 3.6687495098581172e+02, 0., 3.7621769200552956e+02, 0.,
       3.6726361788508825e+02, 2.2399932895774910e+02, 0., 0., 1. ]
D2: !!opencv-matrix
   rows: 5
   cols: 1
   dt: d
   data: [ -2.2201337830972428e-02, -1.1445843221826492e-03,
       2.9199201696882579e-04, -7.1705872414221615e-04,
       5.1284674356775366e-04 ]
P2: !!opencv-matrix
   rows: 3
   cols: 4
   dt: f
   data: [ 3.50903595e+02, 0., 4.98617706e+02, -3.78352954e+03, 0.,
       3.50903595e+02, 2.32243973e+02, 0., 0., 0., 1., 0. ]
R2: !!opencv-matrix
   rows: 3
   cols: 3
   dt: f
   data: [ 9.89550769e-01, -1.00858659e-02, -1.43831640e-01,
       9.33145918e-03, 9.99938965e-01, -5.91870351e-03, 1.43882558e-01,
       4.51469840e-03, 9.89584446e-01 ]
