%YAML:1.0
---
Q: !!opencv-matrix
   rows: 4
   cols: 4
   dt: f
   data: [ 1., 0., 0., -4.84483673e+02, 0., 1., 0., -2.32104446e+02, 0.,
       0., 0., 3.52673065e+02, 0., 0., 5.91917299e-02, 0. ]
R: !!opencv-matrix
   rows: 3
   cols: 3
   dt: d
   data: [ 1.0067924087371383e+00, 5.1042700307562074e-04,
       -1.1271126907269027e-02, -9.9390697091215671e-03,
       1.0030001537761437e+00, 9.5054700710504886e-03,
       1.5461119637819370e-03, -1.2598732169329878e-02,
       1.0008745141904751e+00 ]
T: !!opencv-matrix
   rows: 3
   cols: 1
   dt: d
   data: [ -1.5575019189457331e+01, 1.4796277888142523e-01,
       2.1713159031693601e+00 ]
E: !!opencv-matrix
   rows: 0
   cols: 0
   dt: u
   data: []
F: !!opencv-matrix
   rows: 0
   cols: 0
   dt: u
   data: []
K1: !!opencv-matrix
   rows: 3
   cols: 3
   dt: d
   data: [ 3.6627756984521932e+02, 0., 3.8060969928433269e+02, 0.,
       3.6653175179255015e+02, 2.3878059668569790e+02, 0., 0., 1. ]
D1: !!opencv-matrix
   rows: 5
   cols: 1
   dt: d
   data: [ -2.1859934914563901e-02, -9.9468572971318997e-04,
       1.6448003429794193e-03, -3.1164985765511365e-04,
       3.5195408316194161e-04 ]
P1: !!opencv-matrix
   rows: 3
   cols: 4
   dt: f
   data: [ 3.52673065e+02, 0., 4.84483673e+02, 0., 0., 3.52673065e+02,
       2.32104446e+02, 0., 0., 0., 1., 0. ]
R1: !!opencv-matrix
   rows: 3
   cols: 3
   dt: f
   data: [ 9.90843177e-01, -2.72166426e-03, -1.34990290e-01,
       3.43946251e-03, 9.99981165e-01, 5.08447690e-03, 1.34973899e-01,
       -5.50221326e-03, 9.90833879e-01 ]
K2: !!opencv-matrix
   rows: 3
   cols: 3
   dt: d
   data: [ 3.6687495098581172e+02, 0., 3.7621769200552956e+02, 0.,
       3.6726361788508825e+02, 2.2399932895774910e+02, 0., 0., 1. ]
D2: !!opencv-matrix
   rows: 5
   cols: 1
   dt: d
   data: [ -2.2201337830972428e-02, -1.1445843221826492e-03,
       2.9199201696882579e-04, -7.1705872414221615e-04,
       5.1284674356775366e-04 ]
P2: !!opencv-matrix
   rows: 3
   cols: 4
   dt: f
   data: [ 3.52673065e+02, 0., 4.84483673e+02, -5.95814746e+03, 0.,
       3.52673065e+02, 2.32104446e+02, 0., 0., 0., 1., 0. ]
R2: !!opencv-matrix
   rows: 3
   cols: 3
   dt: f
   data: [ 9.91545379e-01, -9.84519068e-03, -1.29386336e-01,
       9.15713608e-03, 9.99940574e-01, -5.91167295e-03, 1.29436851e-01,
       4.67688404e-03, 9.91576612e-01 ]
