%YAML:1.0
---
Q: !!opencv-matrix
   rows: 4
   cols: 4
   dt: f
   data: [ 1., 0., 0., -3.51155487e+02, 0., 1., 0., -2.32389130e+02, 0.,
       0., 0., 3.55673706e+02, 0., 0., 2.12078348e-01, 0. ]
R: !!opencv-matrix
   rows: 3
   cols: 3
   dt: d
   data: [ 1.0056639862521073e+00, 9.3317313279924763e-03,
       -1.7433754540767661e-03, -9.7103206927530959e-03,
       1.0059793475986056e+00, 1.0725422051177127e-02,
       1.8433244034559782e-03, -9.0223455475810163e-03,
       1.0064315278071987e+00 ]
T: !!opencv-matrix
   rows: 3
   cols: 1
   dt: d
   data: [ -4.7217566523213153e+00, -1.6369172416296318e-01,
       -1.8867598336434349e-01 ]
E: !!opencv-matrix
   rows: 0
   cols: 0
   dt: u
   data: []
F: !!opencv-matrix
   rows: 0
   cols: 0
   dt: u
   data: []
K1: !!opencv-matrix
   rows: 3
   cols: 3
   dt: d
   data: [ 3.6627756984521932e+02, 0., 3.8060969928433269e+02, 0.,
       3.6653175179255015e+02, 2.3878059668569790e+02, 0., 0., 1. ]
D1: !!opencv-matrix
   rows: 5
   cols: 1
   dt: d
   data: [ -2.1859934914563901e-02, -9.9468572971318997e-04,
       1.6448003429794193e-03, -3.1164985765511365e-04,
       3.5195408316194161e-04 ]
P1: !!opencv-matrix
   rows: 3
   cols: 4
   dt: f
   data: [ 3.55673706e+02, 0., 3.51155487e+02, 0., 0., 3.55673706e+02,
       2.32389130e+02, 0., 0., 0., 1., 0. ]
R1: !!opencv-matrix
   rows: 3
   cols: 3
   dt: f
   data: [ 9.98614252e-01, 4.08649445e-02, 3.31614949e-02,
       -4.10308130e-02, 9.99148488e-01, 4.33656247e-03, -3.29560414e-02,
       -5.69119630e-03, 9.99440610e-01 ]
K2: !!opencv-matrix
   rows: 3
   cols: 3
   dt: d
   data: [ 3.6687495098581172e+02, 0., 3.7621769200552956e+02, 0.,
       3.6726361788508825e+02, 2.2399932895774910e+02, 0., 0., 1. ]
D2: !!opencv-matrix
   rows: 5
   cols: 1
   dt: d
   data: [ -2.2201337830972428e-02, -1.1445843221826492e-03,
       2.9199201696882579e-04, -7.1705872414221615e-04,
       5.1284674356775366e-04 ]
P2: !!opencv-matrix
   rows: 3
   cols: 4
   dt: f
   data: [ 3.55673706e+02, 0., 3.51155487e+02, -1.67708643e+03, 0.,
       3.55673706e+02, 2.32389130e+02, 0., 0., 0., 1., 0. ]
R2: !!opencv-matrix
   rows: 3
   cols: 3
   dt: f
   data: [ 9.98894930e-01, 3.17873210e-02, 3.46185267e-02,
       -3.16132419e-02, 9.99484658e-01, -5.56450803e-03, -3.47775668e-02,
       4.46395483e-03, 9.99385118e-01 ]
