%YAML:1.0
---
Q: !!opencv-matrix
   rows: 4
   cols: 4
   dt: f
   data: [ 1., 0., 0., -3.75303314e+02, 0., 1., 0., -2.31842636e+02, 0.,
       0., 0., 3.57602264e+02, 0., 0., 3.43651138e-02, 0. ]
R: !!opencv-matrix
   rows: 3
   cols: 3
   dt: d
   data: [ 1.0035357669858131e+00, -6.5875229502692263e-03,
       -2.4502355256635477e-02, -9.8223835920114699e-03,
       1.0010654633947036e+00, 9.9121930321787160e-03,
       1.2854705985743803e-03, -1.0176239703196333e-02,
       1.0013703394051818e+00 ]
T: !!opencv-matrix
   rows: 3
   cols: 1
   dt: d
   data: [ -2.6219066530905121e+01, -6.8133417316604494e-01,
       -1.6960836199979973e-01 ]
E: !!opencv-matrix
   rows: 0
   cols: 0
   dt: u
   data: []
F: !!opencv-matrix
   rows: 0
   cols: 0
   dt: u
   data: []
K1: !!opencv-matrix
   rows: 3
   cols: 3
   dt: d
   data: [ 3.6627756984521932e+02, 0., 3.8060969928433269e+02, 0.,
       3.6653175179255015e+02, 2.3878059668569790e+02, 0., 0., 1. ]
D1: !!opencv-matrix
   rows: 5
   cols: 1
   dt: d
   data: [ -2.1859934914563901e-02, -9.9468572971318997e-04,
       1.6448003429794193e-03, -3.1164985765511365e-04,
       3.5195408316194161e-04 ]
P1: !!opencv-matrix
   rows: 3
   cols: 4
   dt: f
   data: [ 3.57602264e+02, 0., 3.75303314e+02, 0., 0., 3.57602264e+02,
       2.31842636e+02, 0., 0., 0., 1., 0. ]
R1: !!opencv-matrix
   rows: 3
   cols: 3
   dt: f
   data: [ 9.99559700e-01, 2.95135304e-02, -3.06374999e-03,
       -2.94977017e-02, 9.99551892e-01, 5.08885924e-03, 3.21256719e-03,
       -4.99624526e-03, 9.99982357e-01 ]
K2: !!opencv-matrix
   rows: 3
   cols: 3
   dt: d
   data: [ 3.6687495098581172e+02, 0., 3.7621769200552956e+02, 0.,
       3.6726361788508825e+02, 2.2399932895774910e+02, 0., 0., 1. ]
D2: !!opencv-matrix
   rows: 5
   cols: 1
   dt: d
   data: [ -2.2201337830972428e-02, -1.1445843221826492e-03,
       2.9199201696882579e-04, -7.1705872414221615e-04,
       5.1284674356775366e-04 ]
P2: !!opencv-matrix
   rows: 3
   cols: 4
   dt: f
   data: [ 3.57602264e+02, 0., 3.75303314e+02, -1.04059668e+04, 0.,
       3.57602264e+02, 2.31842636e+02, 0., 0., 0., 1., 0. ]
R2: !!opencv-matrix
   rows: 3
   cols: 3
   dt: f
   data: [ 9.99569416e-01, 2.78755818e-02, 9.16380901e-03,
       -2.78290082e-02, 9.99599338e-01, -5.17118769e-03, -9.30428691e-03,
       4.91394149e-03, 9.99944627e-01 ]
