%YAML:1.0
---
Q: !!opencv-matrix
   rows: 4
   cols: 4
   dt: f
   data: [ 1., 0., 0., -5.41747192e+02, 0., 1., 0., -2.34902374e+02, 0.,
       0., 0., 3.59331818e+02, 0., 0., 5.62559674e-03, 0. ]
R: !!opencv-matrix
   rows: 3
   cols: 3
   dt: d
   data: [ 1.0032859779943313e+00, 6.7280644022657031e-03,
       -6.3917354553612729e-03, -9.7506689153937509e-03,
       1.0012943609668736e+00, 8.6243373163650515e-03,
       1.6206191007094757e-03, -1.4067832333626766e-02,
       9.9746645381796728e-01 ]
T: !!opencv-matrix
   rows: 3
   cols: 1
   dt: d
   data: [ -1.6542512290673127e+02, 6.9566976141626782e+00,
       3.0357804553674939e+01 ]
E: !!opencv-matrix
   rows: 0
   cols: 0
   dt: u
   data: []
F: !!opencv-matrix
   rows: 0
   cols: 0
   dt: u
   data: []
K1: !!opencv-matrix
   rows: 3
   cols: 3
   dt: d
   data: [ 3.6627756984521932e+02, 0., 3.8060969928433269e+02, 0.,
       3.6653175179255015e+02, 2.3878059668569790e+02, 0., 0., 1. ]
D1: !!opencv-matrix
   rows: 5
   cols: 1
   dt: d
   data: [ -2.1859934914563901e-02, -9.9468572971318997e-04,
       1.6448003429794193e-03, -3.1164985765511365e-04,
       3.5195408316194161e-04 ]
P1: !!opencv-matrix
   rows: 3
   cols: 4
   dt: f
   data: [ 3.59331818e+02, 0., 5.41747192e+02, 0., 0., 3.59331818e+02,
       2.34902374e+02, 0., 0., 0., 1., 0. ]
R1: !!opencv-matrix
   rows: 3
   cols: 3
   dt: f
   data: [ 9.79960978e-01, -2.66591106e-02, -1.97397619e-01,
       2.77105812e-02, 9.99612689e-01, 2.56589963e-03, 1.97252765e-01,
       -7.98448455e-03, 9.80320156e-01 ]
K2: !!opencv-matrix
   rows: 3
   cols: 3
   dt: d
   data: [ 3.6687495098581172e+02, 0., 3.7621769200552956e+02, 0.,
       3.6726361788508825e+02, 2.2399932895774910e+02, 0., 0., 1. ]
D2: !!opencv-matrix
   rows: 5
   cols: 1
   dt: d
   data: [ -2.2201337830972428e-02, -1.1445843221826492e-03,
       2.9199201696882579e-04, -7.1705872414221615e-04,
       5.1284674356775366e-04 ]
P2: !!opencv-matrix
   rows: 3
   cols: 4
   dt: f
   data: [ 3.59331818e+02, 0., 5.41747192e+02, -6.38744375e+04, 0.,
       3.59331818e+02, 2.34902374e+02, 0., 0., 0., 1., 0. ]
R2: !!opencv-matrix
   rows: 3
   cols: 3
   dt: f
   data: [ 9.80335236e-01, -3.76273543e-02, -1.93718746e-01,
       3.65946703e-02, 9.99290466e-01, -8.90781172e-03, 1.93916470e-01,
       1.64356886e-03, 9.81016695e-01 ]
