%YAML:1.0
---
Q: !!opencv-matrix
   rows: 4
   cols: 4
   dt: f
   data: [ 1., 0., 0., -3.54577820e+02, 0., 1., 0., -2.32340668e+02, 0.,
       0., 0., 3.55861481e+02, 0., 0., 2.13647157e-01, 0. ]
R: !!opencv-matrix
   rows: 3
   cols: 3
   dt: d
   data: [ 1.0058347767316005e+00, 9.1725764013366202e-03,
       -1.8837117458639070e-03, -9.7023032549717059e-03,
       1.0061377356106918e+00, 1.0692109422319953e-02,
       1.8875014030431932e-03, -9.3123653592904615e-03,
       1.0062764059202849e+00 ]
T: !!opencv-matrix
   rows: 3
   cols: 1
   dt: d
   data: [ -4.6919724233545326e+00, -1.5732617589922607e-01,
       -1.3345171652349339e-01 ]
E: !!opencv-matrix
   rows: 0
   cols: 0
   dt: u
   data: []
F: !!opencv-matrix
   rows: 0
   cols: 0
   dt: u
   data: []
K1: !!opencv-matrix
   rows: 3
   cols: 3
   dt: d
   data: [ 3.6627756984521932e+02, 0., 3.8060969928433269e+02, 0.,
       3.6653175179255015e+02, 2.3878059668569790e+02, 0., 0., 1. ]
D1: !!opencv-matrix
   rows: 5
   cols: 1
   dt: d
   data: [ -2.1859934914563901e-02, -9.9468572971318997e-04,
       1.6448003429794193e-03, -3.1164985765511365e-04,
       3.5195408316194161e-04 ]
P1: !!opencv-matrix
   rows: 3
   cols: 4
   dt: f
   data: [ 3.55861481e+02, 0., 3.54577820e+02, 0., 0., 3.55861481e+02,
       2.32340668e+02, 0., 0., 0., 1., 0. ]
R1: !!opencv-matrix
   rows: 3
   cols: 3
   dt: f
   data: [ 9.98654783e-01, 4.31609675e-02, 2.87358537e-02,
       -4.33055051e-02, 9.99052048e-01, 4.42639086e-03, -2.85175685e-02,
       -5.66485710e-03, 9.99577224e-01 ]
K2: !!opencv-matrix
   rows: 3
   cols: 3
   dt: d
   data: [ 3.6687495098581172e+02, 0., 3.7621769200552956e+02, 0.,
       3.6726361788508825e+02, 2.2399932895774910e+02, 0., 0., 1. ]
D2: !!opencv-matrix
   rows: 5
   cols: 1
   dt: d
   data: [ -2.2201337830972428e-02, -1.1445843221826492e-03,
       2.9199201696882579e-04, -7.1705872414221615e-04,
       5.1284674356775366e-04 ]
P2: !!opencv-matrix
   rows: 3
   cols: 4
   dt: f
   data: [ 3.55861481e+02, 0., 3.54577820e+02, -1.66565039e+03, 0.,
       3.55861481e+02, 2.32340668e+02, 0., 0., 0., 1., 0. ]
R2: !!opencv-matrix
   rows: 3
   cols: 3
   dt: f
   data: [ 9.98959064e-01, 3.41252014e-02, 3.02705877e-02,
       -3.39719392e-02, 9.99407291e-01, -5.56307891e-03, -3.04424874e-02,
       4.52893740e-03, 9.99526262e-01 ]
