%YAML:1.0
---
Q: !!opencv-matrix
   rows: 4
   cols: 4
   dt: f
   data: [ 1., 0., 0., -4.18524048e+02, 0., 1., 0., -2.31026169e+02, 0.,
       0., 0., 3.60509918e+02, 0., 0., 2.09720120e-01, 0. ]
R: !!opencv-matrix
   rows: 3
   cols: 3
   dt: d
   data: [ 1.0077983608976577e+00, 8.0759213371431465e-03,
       -3.9801745130821388e-03, -9.9409857121970299e-03,
       1.0066846419555178e+00, 1.0343919646972143e-02,
       1.5355056724372855e-03, -1.0818358850744003e-02,
       1.0049549813131946e+00 ]
T: !!opencv-matrix
   rows: 3
   cols: 1
   dt: d
   data: [ -4.6268248936189371e+00, -9.3870674762099593e-02,
       2.1862423580198917e-01 ]
E: !!opencv-matrix
   rows: 0
   cols: 0
   dt: u
   data: []
F: !!opencv-matrix
   rows: 0
   cols: 0
   dt: u
   data: []
K1: !!opencv-matrix
   rows: 3
   cols: 3
   dt: d
   data: [ 3.6627756984521932e+02, 0., 3.8060969928433269e+02, 0.,
       3.6653175179255015e+02, 2.3878059668569790e+02, 0., 0., 1. ]
D1: !!opencv-matrix
   rows: 5
   cols: 1
   dt: d
   data: [ -2.1859934914563901e-02, -9.9468572971318997e-04,
       1.6448003429794193e-03, -3.1164985765511365e-04,
       3.5195408316194161e-04 ]
P1: !!opencv-matrix
   rows: 3
   cols: 4
   dt: f
   data: [ 3.60509918e+02, 0., 4.18524048e+02, 0., 0., 3.60509918e+02,
       2.31026169e+02, 0., 0., 0., 1., 0. ]
R1: !!opencv-matrix
   rows: 3
   cols: 3
   dt: f
   data: [ 9.98075545e-01, 3.22430655e-02, -5.29674366e-02,
       -3.19683254e-02, 9.99470711e-01, 6.02626242e-03, 5.31337075e-02,
       -4.32138471e-03, 9.98578072e-01 ]
K2: !!opencv-matrix
   rows: 3
   cols: 3
   dt: d
   data: [ 3.6687495098581172e+02, 0., 3.7621769200552956e+02, 0.,
       3.6726361788508825e+02, 2.2399932895774910e+02, 0., 0., 1. ]
D2: !!opencv-matrix
   rows: 5
   cols: 1
   dt: d
   data: [ -2.2201337830972428e-02, -1.1445843221826492e-03,
       2.9199201696882579e-04, -7.1705872414221615e-04,
       5.1284674356775366e-04 ]
P2: !!opencv-matrix
   rows: 3
   cols: 4
   dt: f
   data: [ 3.60509918e+02, 0., 4.18524048e+02, -1.71900488e+03, 0.,
       3.60509918e+02, 2.31026169e+02, 0., 0., 0., 1., 0. ]
R2: !!opencv-matrix
   rows: 3
   cols: 3
   dt: f
   data: [ 9.98448074e-01, 2.24449057e-02, -5.09670042e-02,
       -2.27085277e-02, 9.99731541e-01, -4.59918194e-03, 5.08500934e-02,
       5.74943004e-03, 9.98689771e-01 ]
