%YAML:1.0
---
Q: !!opencv-matrix
   rows: 4
   cols: 4
   dt: f
   data: [ 1., 0., 0., -1.80882751e+02, 0., 1., 0., -2.30416199e+02, 0.,
       0., 0., 3.47649597e+02, 0., 0., 1.22244069e-02, 0. ]
R: !!opencv-matrix
   rows: 3
   cols: 3
   dt: d
   data: [ 1.0003204772697021e+00, -4.6542573665613518e-03,
       -1.6112874287452575e-02, -9.6188927243791873e-03,
       9.9809044326332907e-01, 9.5408405398213873e-03,
       1.5334241973827198e-03, -7.7202770923135763e-03,
       1.0022307131375086e+00 ]
T: !!opencv-matrix
   rows: 3
   cols: 1
   dt: d
   data: [ -8.0736893204764598e+01, 5.1210206514295298e-01,
       -1.9628023024800289e+01 ]
E: !!opencv-matrix
   rows: 0
   cols: 0
   dt: u
   data: []
F: !!opencv-matrix
   rows: 0
   cols: 0
   dt: u
   data: []
K1: !!opencv-matrix
   rows: 3
   cols: 3
   dt: d
   data: [ 3.6627756984521932e+02, 0., 3.8060969928433269e+02, 0.,
       3.6653175179255015e+02, 2.3878059668569790e+02, 0., 0., 1. ]
D1: !!opencv-matrix
   rows: 5
   cols: 1
   dt: d
   data: [ -2.1859934914563901e-02, -9.9468572971318997e-04,
       1.6448003429794193e-03, -3.1164985765511365e-04,
       3.5195408316194161e-04 ]
P1: !!opencv-matrix
   rows: 3
   cols: 4
   dt: f
   data: [ 3.47649597e+02, 0., 1.80882751e+02, 0., 0., 3.47649597e+02,
       2.30416199e+02, 0., 0., 0., 1., 0. ]
R1: !!opencv-matrix
   rows: 3
   cols: 3
   dt: f
   data: [ 9.74053800e-01, -5.36459265e-03, 2.26253033e-01,
       4.36128350e-03, 9.99978304e-01, 4.93408507e-03, -2.26274595e-01,
       -3.81931057e-03, 9.74056065e-01 ]
K2: !!opencv-matrix
   rows: 3
   cols: 3
   dt: d
   data: [ 3.6687495098581172e+02, 0., 3.7621769200552956e+02, 0.,
       3.6726361788508825e+02, 2.2399932895774910e+02, 0., 0., 1. ]
D2: !!opencv-matrix
   rows: 5
   cols: 1
   dt: d
   data: [ -2.2201337830972428e-02, -1.1445843221826492e-03,
       2.9199201696882579e-04, -7.1705872414221615e-04,
       5.1284674356775366e-04 ]
P2: !!opencv-matrix
   rows: 3
   cols: 4
   dt: f
   data: [ 3.47649597e+02, 0., 1.80882751e+02, -2.84389766e+04, 0.,
       3.47649597e+02, 2.30416199e+02, 0., 0., 0., 1., 0. ]
R2: !!opencv-matrix
   rows: 3
   cols: 3
   dt: f
   data: [ 9.71966982e-01, -5.69958705e-03, 2.35048249e-01,
       6.74233865e-03, 9.99970675e-01, -3.63291707e-03, -2.35020652e-01,
       5.11585036e-03, 9.71976936e-01 ]
