%YAML:1.0
---
Q: !!opencv-matrix
   rows: 4
   cols: 4
   dt: f
   data: [ 1., 0., 0., -3.64577545e+02, 0., 1., 0., -2.32054916e+02, 0.,
       0., 0., 3.54706329e+02, 0., 0., 2.20819652e-01, 0. ]
R: !!opencv-matrix
   rows: 3
   cols: 3
   dt: d
   data: [ 1.0057222129148158e+00, 7.6905790574976320e-03,
       -2.7769518315177645e-03, -9.7568369284443263e-03,
       1.0062371985134897e+00, 1.0545908055936304e-02,
       1.8344587100364289e-03, -9.7616995953511802e-03,
       1.0063686942664380e+00 ]
T: !!opencv-matrix
   rows: 3
   cols: 1
   dt: d
   data: [ -4.5462872242749066e+00, -1.2922372737335233e-01,
       -8.3051874895935018e-02 ]
E: !!opencv-matrix
   rows: 0
   cols: 0
   dt: u
   data: []
F: !!opencv-matrix
   rows: 0
   cols: 0
   dt: u
   data: []
K1: !!opencv-matrix
   rows: 3
   cols: 3
   dt: d
   data: [ 3.6627756984521932e+02, 0., 3.8060969928433269e+02, 0.,
       3.6653175179255015e+02, 2.3878059668569790e+02, 0., 0., 1. ]
D1: !!opencv-matrix
   rows: 5
   cols: 1
   dt: d
   data: [ -2.1859934914563901e-02, -9.9468572971318997e-04,
       1.6448003429794193e-03, -3.1164985765511365e-04,
       3.5195408316194161e-04 ]
P1: !!opencv-matrix
   rows: 3
   cols: 4
   dt: f
   data: [ 3.54706329e+02, 0., 3.64577545e+02, 0., 0., 3.54706329e+02,
       2.32054916e+02, 0., 0., 0., 1., 0. ]
R1: !!opencv-matrix
   rows: 3
   cols: 3
   dt: f
   data: [ 9.99211013e-01, 3.64479162e-02, 1.57765597e-02,
       -3.65280136e-02, 9.99320984e-01, 4.81896987e-03, -1.55902067e-02,
       -5.39145432e-03, 9.99863923e-01 ]
K2: !!opencv-matrix
   rows: 3
   cols: 3
   dt: d
   data: [ 3.6687495098581172e+02, 0., 3.7621769200552956e+02, 0.,
       3.6726361788508825e+02, 2.2399932895774910e+02, 0., 0., 1. ]
D2: !!opencv-matrix
   rows: 5
   cols: 1
   dt: d
   data: [ -2.2201337830972428e-02, -1.1445843221826492e-03,
       2.9199201696882579e-04, -7.1705872414221615e-04,
       5.1284674356775366e-04 ]
P2: !!opencv-matrix
   rows: 3
   cols: 4
   dt: f
   data: [ 3.54706329e+02, 0., 3.64577545e+02, -1.60631677e+03, 0.,
       3.54706329e+02, 2.32054916e+02, 0., 0., 0., 1., 0. ]
R2: !!opencv-matrix
   rows: 3
   cols: 3
   dt: f
   data: [ 9.99447763e-01, 2.80677173e-02, 1.77885238e-02,
       -2.79765073e-02, 9.99594212e-01, -5.35582379e-03, -1.79316327e-02,
       4.85520530e-03, 9.99827445e-01 ]
