%YAML:1.0
---
Q: !!opencv-matrix
   rows: 4
   cols: 4
   dt: f
   data: [ 1., 0., 0., -3.26133331e+02, 0., 1., 0., -2.39654022e+02, 0.,
       0., 0., 4.68157288e+02, 0., 0., 2.18954206e-01, 0. ]
R: !!opencv-matrix
   rows: 3
   cols: 3
   dt: d
   data: [ 1.0059138926923044e+00, 7.8411360174198280e-03,
       -4.4111306623115564e-03, -1.0346766407246688e-02,
       1.0093500930451513e+00, 1.6620672060618326e-02,
       3.4707304671006884e-03, -5.9625652512592673e-03,
       1.0054027065306963e+00 ]
T: !!opencv-matrix
   rows: 3
   cols: 1
   dt: d
   data: [ -4.3861850503242641e+00, -1.0915410769649700e+00,
       -2.7381079077579740e-01 ]
E: !!opencv-matrix
   rows: 0
   cols: 0
   dt: u
   data: []
F: !!opencv-matrix
   rows: 0
   cols: 0
   dt: u
   data: []
K1: !!opencv-matrix
   rows: 3
   cols: 3
   dt: d
   data: [ 3.6627756984521932e+02, 0., 3.8060969928433269e+02, 0.,
       3.6653175179255015e+02, 2.3878059668569790e+02, 0., 0., 1. ]
D1: !!opencv-matrix
   rows: 5
   cols: 1
   dt: d
   data: [ -2.1859934914563901e-02, -9.9468572971318997e-04,
       1.6448003429794193e-03, -3.1164985765511365e-04,
       3.5195408316194161e-04 ]
P1: !!opencv-matrix
   rows: 3
   cols: 4
   dt: f
   data: [ 4.68157288e+02, 0., 3.26133331e+02, 0., 0., 4.68157288e+02,
       2.39654022e+02, 0., 0., 0., 1., 0. ]
R1: !!opencv-matrix
   rows: 3
   cols: 3
   dt: f
   data: [ 9.66019034e-01, 2.50535041e-01, 6.35564104e-02,
       -2.50910431e-01, 9.68007982e-01, -2.13469123e-03, -6.20579273e-02,
       -1.38848135e-02, 9.97975945e-01 ]
K2: !!opencv-matrix
   rows: 3
   cols: 3
   dt: d
   data: [ 3.6687495098581172e+02, 0., 3.7621769200552956e+02, 0.,
       3.6726361788508825e+02, 2.2399932895774910e+02, 0., 0., 1. ]
D2: !!opencv-matrix
   rows: 5
   cols: 1
   dt: d
   data: [ -2.2201337830972428e-02, -1.1445843221826492e-03,
       2.9199201696882579e-04, -7.1705872414221615e-04,
       5.1284674356775366e-04 ]
P2: !!opencv-matrix
   rows: 3
   cols: 4
   dt: f
   data: [ 4.68157288e+02, 0., 3.26133331e+02, -2.13815161e+03, 0.,
       4.68157288e+02, 2.39654022e+02, 0., 0., 0., 1., 0. ]
R2: !!opencv-matrix
   rows: 3
   cols: 3
   dt: f
   data: [ 9.68026519e-01, 2.42416888e-01, 6.44876361e-02,
       -2.42027342e-01, 9.70169783e-01, -1.39042288e-02, -6.59345761e-02,
       -2.14810926e-03, 9.97821629e-01 ]
