%YAML:1.0
---
Q: !!opencv-matrix
   rows: 4
   cols: 4
   dt: f
   data: [ 1., 0., 0., -3.61339142e+02, 0., 1., 0., -2.32051178e+02, 0.,
       0., 0., 3.54799408e+02, 0., 0., 2.43928432e-01, 0. ]
R: !!opencv-matrix
   rows: 3
   cols: 3
   dt: d
   data: [ 1.0059894818516304e+00, 3.8763477318176612e-03,
       -6.6020852108544100e-03, -9.7682951636216993e-03,
       1.0058848095140582e+00, 1.0336900601741028e-02,
       1.6144166144490448e-03, -9.7034232900981288e-03,
       1.0063433465658913e+00 ]
T: !!opencv-matrix
   rows: 3
   cols: 1
   dt: d
   data: [ -4.1081731660606673e+00, -9.1550312076732712e-02,
       -9.3219369375396585e-02 ]
E: !!opencv-matrix
   rows: 0
   cols: 0
   dt: u
   data: []
F: !!opencv-matrix
   rows: 0
   cols: 0
   dt: u
   data: []
K1: !!opencv-matrix
   rows: 3
   cols: 3
   dt: d
   data: [ 3.6627756984521932e+02, 0., 3.8060969928433269e+02, 0.,
       3.6653175179255015e+02, 2.3878059668569790e+02, 0., 0., 1. ]
D1: !!opencv-matrix
   rows: 5
   cols: 1
   dt: d
   data: [ -2.1859934914563901e-02, -9.9468572971318997e-04,
       1.6448003429794193e-03, -3.1164985765511365e-04,
       3.5195408316194161e-04 ]
P1: !!opencv-matrix
   rows: 3
   cols: 4
   dt: f
   data: [ 3.54799408e+02, 0., 3.61339142e+02, 0., 0., 3.54799408e+02,
       2.32051178e+02, 0., 0., 0., 1., 0. ]
R1: !!opencv-matrix
   rows: 3
   cols: 3
   dt: f
   data: [ 9.99454796e-01, 2.69763358e-02, 1.90359447e-02,
       -2.70713456e-02, 9.99622226e-01, 4.75107180e-03, -1.89005863e-02,
       -5.26381005e-03, 9.99807537e-01 ]
K2: !!opencv-matrix
   rows: 3
   cols: 3
   dt: d
   data: [ 3.6687495098581172e+02, 0., 3.7621769200552956e+02, 0.,
       3.6726361788508825e+02, 2.2399932895774910e+02, 0., 0., 1. ]
D2: !!opencv-matrix
   rows: 5
   cols: 1
   dt: d
   data: [ -2.2201337830972428e-02, -1.1445843221826492e-03,
       2.9199201696882579e-04, -7.1705872414221615e-04,
       5.1284674356775366e-04 ]
P2: !!opencv-matrix
   rows: 3
   cols: 4
   dt: f
   data: [ 3.54799408e+02, 0., 3.61339142e+02, -1.45452258e+03, 0.,
       3.54799408e+02, 2.32051178e+02, 0., 0., 0., 1., 0. ]
R2: !!opencv-matrix
   rows: 3
   cols: 3
   dt: f
   data: [ 9.99525666e-01, 2.05346085e-02, 2.29525659e-02,
       -2.04193890e-02, 9.99777734e-01, -5.24311187e-03, -2.30551288e-02,
       4.77194740e-03, 9.99722779e-01 ]
