%YAML:1.0
---
Q: !!opencv-matrix
   rows: 4
   cols: 4
   dt: f
   data: [ 1., 0., 0., -3.57791077e+02, 0., 1., 0., -2.32222610e+02, 0.,
       0., 0., 3.55209564e+02, 0., 0., 2.15483919e-01, 0. ]
R: !!opencv-matrix
   rows: 3
   cols: 3
   dt: d
   data: [ 1.0058581122828232e+00, 8.8537071211048056e-03,
       -2.0463911259337142e-03, -9.7153052648212591e-03,
       1.0062018243803881e+00, 1.0596802589921798e-02,
       1.8414753947394774e-03, -9.5492035827384157e-03,
       1.0062557743545353e+00 ]
T: !!opencv-matrix
   rows: 3
   cols: 1
   dt: d
   data: [ -4.6565479798911831e+00, -1.3921693254809614e-01,
       -9.4657040971717801e-02 ]
E: !!opencv-matrix
   rows: 0
   cols: 0
   dt: u
   data: []
F: !!opencv-matrix
   rows: 0
   cols: 0
   dt: u
   data: []
K1: !!opencv-matrix
   rows: 3
   cols: 3
   dt: d
   data: [ 3.6627756984521932e+02, 0., 3.8060969928433269e+02, 0.,
       3.6653175179255015e+02, 2.3878059668569790e+02, 0., 0., 1. ]
D1: !!opencv-matrix
   rows: 5
   cols: 1
   dt: d
   data: [ -2.1859934914563901e-02, -9.9468572971318997e-04,
       1.6448003429794193e-03, -3.1164985765511365e-04,
       3.5195408316194161e-04 ]
P1: !!opencv-matrix
   rows: 3
   cols: 4
   dt: f
   data: [ 3.55209564e+02, 0., 3.57791077e+02, 0., 0., 3.55209564e+02,
       2.32222610e+02, 0., 0., 0., 1., 0. ]
R1: !!opencv-matrix
   rows: 3
   cols: 3
   dt: f
   data: [ 9.98919785e-01, 3.94109823e-02, 2.46171746e-02,
       -3.95347886e-02, 9.99207795e-01, 4.56286129e-03, -2.44178455e-02,
       -5.53116715e-03, 9.99686539e-01 ]
K2: !!opencv-matrix
   rows: 3
   cols: 3
   dt: d
   data: [ 3.6687495098581172e+02, 0., 3.7621769200552956e+02, 0.,
       3.6726361788508825e+02, 2.2399932895774910e+02, 0., 0., 1. ]
D2: !!opencv-matrix
   rows: 5
   cols: 1
   dt: d
   data: [ -2.2201337830972428e-02, -1.1445843221826492e-03,
       2.9199201696882579e-04, -7.1705872414221615e-04,
       5.1284674356775366e-04 ]
P2: !!opencv-matrix
   rows: 3
   cols: 4
   dt: f
   data: [ 3.55209564e+02, 0., 3.57791077e+02, -1.64842725e+03, 0.,
       3.55209564e+02, 2.32222610e+02, 0., 0., 0., 1., 0. ]
R2: !!opencv-matrix
   rows: 3
   cols: 3
   dt: f
   data: [ 9.99189436e-01, 3.05171143e-02, 2.62530502e-02,
       -3.03841643e-02, 9.99523461e-01, -5.44840144e-03, -2.64068078e-02,
       4.64630779e-03, 9.99640465e-01 ]
