%YAML:1.0
---
Q: !!opencv-matrix
   rows: 4
   cols: 4
   dt: f
   data: [ 1., 0., 0., -4.09671021e+02, 0., 1., 0., -2.31172974e+02, 0.,
       0., 0., 3.60404968e+02, 0., 0., 2.29551584e-01, 0. ]
R: !!opencv-matrix
   rows: 3
   cols: 3
   dt: d
   data: [ 1.0063173475153782e+00, 7.7986441301981088e-03,
       -4.7375778677851968e-03, -9.8966027347619345e-03,
       1.0074186283854323e+00, 1.0401285755027048e-02,
       1.7475344708755445e-03, -1.1143217157484585e-02,
       1.0060786661317274e+00 ]
T: !!opencv-matrix
   rows: 3
   cols: 1
   dt: d
   data: [ -4.3907502086106076e+00, -1.0639292232614500e-01,
       1.6758663567386606e-01 ]
E: !!opencv-matrix
   rows: 0
   cols: 0
   dt: u
   data: []
F: !!opencv-matrix
   rows: 0
   cols: 0
   dt: u
   data: []
K1: !!opencv-matrix
   rows: 3
   cols: 3
   dt: d
   data: [ 3.6627756984521932e+02, 0., 3.8060969928433269e+02, 0.,
       3.6653175179255015e+02, 2.3878059668569790e+02, 0., 0., 1. ]
D1: !!opencv-matrix
   rows: 5
   cols: 1
   dt: d
   data: [ -2.1859934914563901e-02, -9.9468572971318997e-04,
       1.6448003429794193e-03, -3.1164985765511365e-04,
       3.5195408316194161e-04 ]
P1: !!opencv-matrix
   rows: 3
   cols: 4
   dt: f
   data: [ 3.60404968e+02, 0., 4.09671021e+02, 0., 0., 3.60404968e+02,
       2.31172974e+02, 0., 0., 0., 1., 0. ]
R1: !!opencv-matrix
   rows: 3
   cols: 3
   dt: f
   data: [ 9.98560846e-01, 3.29432823e-02, -4.23198044e-02,
       -3.27197164e-02, 9.99446750e-01, 5.96479140e-03, 4.24928926e-02,
       -4.57151514e-03, 9.99086320e-01 ]
K2: !!opencv-matrix
   rows: 3
   cols: 3
   dt: d
   data: [ 3.6687495098581172e+02, 0., 3.7621769200552956e+02, 0.,
       3.6726361788508825e+02, 2.2399932895774910e+02, 0., 0., 1. ]
D2: !!opencv-matrix
   rows: 5
   cols: 1
   dt: d
   data: [ -2.2201337830972428e-02, -1.1445843221826492e-03,
       2.9199201696882579e-04, -7.1705872414221615e-04,
       5.1284674356775366e-04 ]
P2: !!opencv-matrix
   rows: 3
   cols: 4
   dt: f
   data: [ 3.60404968e+02, 0., 4.09671021e+02, -1.57003906e+03, 0.,
       3.60404968e+02, 2.31172974e+02, 0., 0., 0., 1., 0. ]
R2: !!opencv-matrix
   rows: 3
   cols: 3
   dt: f
   data: [ 9.98944998e-01, 2.38628816e-02, -3.92356552e-02,
       -2.40693782e-02, 9.99698758e-01, -4.79900185e-03, 3.91093194e-02,
       5.73831704e-03, 9.99218464e-01 ]
