%YAML:1.0
---
Q: !!opencv-matrix
   rows: 4
   cols: 4
   dt: f
   data: [ 1., 0., 0., -4.30428345e+02, 0., 1., 0., -2.31933380e+02, 0.,
       0., 0., 3.51482269e+02, 0., 0., 2.68219560e-01, 0. ]
R: !!opencv-matrix
   rows: 3
   cols: 3
   dt: d
   data: [ 1.0086249506853617e+00, -5.4605276174428900e-03,
       -2.2200417696025578e-02, -9.5993858088046259e-03,
       1.0034633483114437e+00, 9.7281222248234607e-03,
       1.5787421973343021e-03, -1.1574985759256542e-02,
       1.0036326409100906e+00 ]
T: !!opencv-matrix
   rows: 3
   cols: 1
   dt: d
   data: [ -3.5414223483585450e+00, 1.5131361470743142e-02,
       2.0634361518613467e-01 ]
E: !!opencv-matrix
   rows: 0
   cols: 0
   dt: u
   data: []
F: !!opencv-matrix
   rows: 0
   cols: 0
   dt: u
   data: []
K1: !!opencv-matrix
   rows: 3
   cols: 3
   dt: d
   data: [ 3.6627756984521932e+02, 0., 3.8060969928433269e+02, 0.,
       3.6653175179255015e+02, 2.3878059668569790e+02, 0., 0., 1. ]
D1: !!opencv-matrix
   rows: 5
   cols: 1
   dt: d
   data: [ -2.1859934914563901e-02, -9.9468572971318997e-04,
       1.6448003429794193e-03, -3.1164985765511365e-04,
       3.5195408316194161e-04 ]
P1: !!opencv-matrix
   rows: 3
   cols: 4
   dt: f
   data: [ 3.51482269e+02, 0., 4.30428345e+02, 0., 0., 3.51482269e+02,
       2.31933380e+02, 0., 0., 0., 1., 0. ]
R1: !!opencv-matrix
   rows: 3
   cols: 3
   dt: f
   data: [ 9.97371018e-01, -1.98740442e-03, -7.24369362e-02,
       2.36256630e-03, 9.99984264e-01, 5.09383762e-03, 7.24256709e-02,
       -5.25158271e-03, 9.97359991e-01 ]
K2: !!opencv-matrix
   rows: 3
   cols: 3
   dt: d
   data: [ 3.6687495098581172e+02, 0., 3.7621769200552956e+02, 0.,
       3.6726361788508825e+02, 2.2399932895774910e+02, 0., 0., 1. ]
D2: !!opencv-matrix
   rows: 5
   cols: 1
   dt: d
   data: [ -2.2201337830972428e-02, -1.1445843221826492e-03,
       2.9199201696882579e-04, -7.1705872414221615e-04,
       5.1284674356775366e-04 ]
P2: !!opencv-matrix
   rows: 3
   cols: 4
   dt: f
   data: [ 3.51482269e+02, 0., 4.30428345e+02, -1.31042749e+03, 0.,
       3.51482269e+02, 2.31933380e+02, 0., 0., 0., 1., 0. ]
R2: !!opencv-matrix
   rows: 3
   cols: 3
   dt: f
   data: [ 9.98138368e-01, -4.17261058e-03, -6.08475432e-02,
       3.85745405e-03, 9.99978542e-01, -5.29599143e-03, 6.08683340e-02,
       5.05141588e-03, 9.98133004e-01 ]
