%YAML:1.0
---
Q: !!opencv-matrix
   rows: 4
   cols: 4
   dt: f
   data: [ 1., 0., 0., -3.54877106e+02, 0., 1., 0., -2.32337067e+02, 0.,
       0., 0., 3.55895996e+02, 0., 0., 2.14042097e-01, 0. ]
R: !!opencv-matrix
   rows: 3
   cols: 3
   dt: d
   data: [ 1.0057875724697256e+00, 9.0904866146115527e-03,
       -1.9375067474202035e-03, -9.6998684052053072e-03,
       1.0061458107425023e+00, 1.0713491618057009e-02,
       1.9230952462945567e-03, -9.2575741871165629e-03,
       1.0063153261354874e+00 ]
T: !!opencv-matrix
   rows: 3
   cols: 1
   dt: d
   data: [ -4.6757422152850499e+00, -1.5972691124214602e-01,
       -1.4168495017981020e-01 ]
E: !!opencv-matrix
   rows: 0
   cols: 0
   dt: u
   data: []
F: !!opencv-matrix
   rows: 0
   cols: 0
   dt: u
   data: []
K1: !!opencv-matrix
   rows: 3
   cols: 3
   dt: d
   data: [ 3.6627756984521932e+02, 0., 3.8060969928433269e+02, 0.,
       3.6653175179255015e+02, 2.3878059668569790e+02, 0., 0., 1. ]
D1: !!opencv-matrix
   rows: 5
   cols: 1
   dt: d
   data: [ -2.1859934914563901e-02, -9.9468572971318997e-04,
       1.6448003429794193e-03, -3.1164985765511365e-04,
       3.5195408316194161e-04 ]
P1: !!opencv-matrix
   rows: 3
   cols: 4
   dt: f
   data: [ 3.55895996e+02, 0., 3.54877106e+02, 0., 0., 3.55895996e+02,
       2.32337067e+02, 0., 0., 0., 1., 0. ]
R1: !!opencv-matrix
   rows: 3
   cols: 3
   dt: f
   data: [ 9.98653769e-01, 4.34420928e-02, 2.83458140e-02,
       -4.35848534e-02, 9.99039888e-01, 4.43780562e-03, -2.81258114e-02,
       -5.66727947e-03, 9.99588311e-01 ]
K2: !!opencv-matrix
   rows: 3
   cols: 3
   dt: d
   data: [ 3.6687495098581172e+02, 0., 3.7621769200552956e+02, 0.,
       3.6726361788508825e+02, 2.2399932895774910e+02, 0., 0., 1. ]
D2: !!opencv-matrix
   rows: 5
   cols: 1
   dt: d
   data: [ -2.2201337830972428e-02, -1.1445843221826492e-03,
       2.9199201696882579e-04, -7.1705872414221615e-04,
       5.1284674356775366e-04 ]
P2: !!opencv-matrix
   rows: 3
   cols: 4
   dt: f
   data: [ 3.55895996e+02, 0., 3.54877106e+02, -1.66273828e+03, 0.,
       3.55895996e+02, 2.32337067e+02, 0., 0., 0., 1., 0. ]
R2: !!opencv-matrix
   rows: 3
   cols: 3
   dt: f
   data: [ 9.98960078e-01, 3.44283059e-02, 2.98909172e-02,
       -3.42767499e-02, 9.99396861e-01, -5.56810666e-03, -3.00645903e-02,
       4.53775283e-03, 9.99537647e-01 ]
