%YAML:1.0
---
Q: !!opencv-matrix
   rows: 4
   cols: 4
   dt: f
   data: [ 1., 0., 0., -4.86933289e+02, 0., 1., 0., -2.31746490e+02, 0.,
       0., 0., 3.50212585e+02, 0., 0., 1.39939427e-01, 0. ]
R: !!opencv-matrix
   rows: 3
   cols: 3
   dt: d
   data: [ 1.0058189710364225e+00, -6.2426187098879966e-03,
       -2.1123354653399023e-02, -9.8492710761151642e-03,
       1.0040366473645765e+00, 9.7062162460352323e-03,
       1.7579321925935733e-03, -1.1478727932662317e-02,
       1.0031550125430884e+00 ]
T: !!opencv-matrix
   rows: 3
   cols: 1
   dt: d
   data: [ -6.8240246407968312e+00, 2.0251654015721186e-02,
       8.9683307407746937e-01 ]
E: !!opencv-matrix
   rows: 0
   cols: 0
   dt: u
   data: []
F: !!opencv-matrix
   rows: 0
   cols: 0
   dt: u
   data: []
K1: !!opencv-matrix
   rows: 3
   cols: 3
   dt: d
   data: [ 3.6627756984521932e+02, 0., 3.8060969928433269e+02, 0.,
       3.6653175179255015e+02, 2.3878059668569790e+02, 0., 0., 1. ]
D1: !!opencv-matrix
   rows: 5
   cols: 1
   dt: d
   data: [ -2.1859934914563901e-02, -9.9468572971318997e-04,
       1.6448003429794193e-03, -3.1164985765511365e-04,
       3.5195408316194161e-04 ]
P1: !!opencv-matrix
   rows: 3
   cols: 4
   dt: f
   data: [ 3.50212585e+02, 0., 4.86933289e+02, 0., 0., 3.50212585e+02,
       2.31746490e+02, 0., 0., 0., 1., 0. ]
R1: !!opencv-matrix
   rows: 3
   cols: 3
   dt: f
   data: [ 9.90055561e-01, 3.04282323e-04, -1.40676633e-01,
       4.25128877e-04, 9.99986649e-01, 5.15493844e-03, 1.40676320e-01,
       -5.16348146e-03, 9.90042150e-01 ]
K2: !!opencv-matrix
   rows: 3
   cols: 3
   dt: d
   data: [ 3.6687495098581172e+02, 0., 3.7621769200552956e+02, 0.,
       3.6726361788508825e+02, 2.2399932895774910e+02, 0., 0., 1. ]
D2: !!opencv-matrix
   rows: 5
   cols: 1
   dt: d
   data: [ -2.2201337830972428e-02, -1.1445843221826492e-03,
       2.9199201696882579e-04, -7.1705872414221615e-04,
       5.1284674356775366e-04 ]
P2: !!opencv-matrix
   rows: 3
   cols: 4
   dt: f
   data: [ 3.50212585e+02, 0., 4.86933289e+02, -2.50260132e+03, 0.,
       3.50212585e+02, 2.31746490e+02, 0., 0., 0., 1., 0. ]
R2: !!opencv-matrix
   rows: 3
   cols: 3
   dt: f
   data: [ 9.91576016e-01, -2.78929947e-03, -1.29495949e-01,
       2.11808318e-03, 9.99983609e-01, -5.32073295e-03, 1.29508659e-01,
       5.00162831e-03, 9.91565704e-01 ]
