%YAML:1.0
---
Q: !!opencv-matrix
   rows: 4
   cols: 4
   dt: f
   data: [ 1., 0., 0., -3.27719940e+02, 0., 1., 0., -2.39394287e+02, 0.,
       0., 0., 4.67583374e+02, 0., 0., 2.22459838e-01, 0. ]
R: !!opencv-matrix
   rows: 3
   cols: 3
   dt: d
   data: [ 1.0059923505738038e+00, 7.4416353365367822e-03,
       -4.8921902246735907e-03, -1.0291215574465591e-02,
       1.0093920351445991e+00, 1.6502265846812289e-02,
       3.4768568019457866e-03, -6.1409384325581554e-03,
       1.0053678509968602e+00 ]
T: !!opencv-matrix
   rows: 3
   cols: 1
   dt: d
   data: [ -4.3151452651067066e+00, -1.0786356546636007e+00,
       -2.6387770017085688e-01 ]
E: !!opencv-matrix
   rows: 0
   cols: 0
   dt: u
   data: []
F: !!opencv-matrix
   rows: 0
   cols: 0
   dt: u
   data: []
K1: !!opencv-matrix
   rows: 3
   cols: 3
   dt: d
   data: [ 3.6627756984521932e+02, 0., 3.8060969928433269e+02, 0.,
       3.6653175179255015e+02, 2.3878059668569790e+02, 0., 0., 1. ]
D1: !!opencv-matrix
   rows: 5
   cols: 1
   dt: d
   data: [ -2.1859934914563901e-02, -9.9468572971318997e-04,
       1.6448003429794193e-03, -3.1164985765511365e-04,
       3.5195408316194161e-04 ]
P1: !!opencv-matrix
   rows: 3
   cols: 4
   dt: f
   data: [ 4.67583374e+02, 0., 3.27719940e+02, 0., 0., 4.67583374e+02,
       2.39394287e+02, 0., 0., 0., 1., 0. ]
R1: !!opencv-matrix
   rows: 3
   cols: 3
   dt: f
   data: [ 9.66192544e-01, 2.50394553e-01, 6.14371523e-02,
       -2.50758678e-01, 9.68047917e-01, -1.83534157e-03, -5.99336661e-02,
       -1.36326049e-02, 9.98109281e-01 ]
K2: !!opencv-matrix
   rows: 3
   cols: 3
   dt: d
   data: [ 3.6687495098581172e+02, 0., 3.7621769200552956e+02, 0.,
       3.6726361788508825e+02, 2.2399932895774910e+02, 0., 0., 1. ]
D2: !!opencv-matrix
   rows: 5
   cols: 1
   dt: d
   data: [ -2.2201337830972428e-02, -1.1445843221826492e-03,
       2.9199201696882579e-04, -7.1705872414221615e-04,
       5.1284674356775366e-04 ]
P2: !!opencv-matrix
   rows: 3
   cols: 4
   dt: f
   data: [ 4.67583374e+02, 0., 3.27719940e+02, -2.10187769e+03, 0.,
       4.67583374e+02, 2.39394287e+02, 0., 0., 0., 1., 0. ]
R2: !!opencv-matrix
   rows: 3
   cols: 3
   dt: f
   data: [ 9.68140662e-01, 2.42461145e-01, 6.25800714e-02,
       -2.42081493e-01, 9.70159292e-01, -1.36944400e-02, -6.40330017e-02,
       -1.89133314e-03, 9.97945964e-01 ]
