%YAML:1.0
---
Q: !!opencv-matrix
   rows: 4
   cols: 4
   dt: f
   data: [ 1., 0., 0., -2.64220703e+02, 0., 1., 0., -2.35169922e+02, 0.,
       0., 0., 3.65626587e+02, 0., 0., 1.37130367e-02, 0. ]
R: !!opencv-matrix
   rows: 3
   cols: 3
   dt: d
   data: [ 1.0017231696456554e+00, -4.8251498665770427e-03,
       -1.7193275121880916e-02, -9.8325664735402114e-03,
       9.9923861784526191e-01, 1.0403755674898546e-02,
       1.6850846100715331e-03, -8.6180189071718340e-03,
       1.0012486226403945e+00 ]
T: !!opencv-matrix
   rows: 3
   cols: 1
   dt: d
   data: [ -7.1912742415414840e+01, -3.5760595266469410e+00,
       -1.0640301232336094e+01 ]
E: !!opencv-matrix
   rows: 0
   cols: 0
   dt: u
   data: []
F: !!opencv-matrix
   rows: 0
   cols: 0
   dt: u
   data: []
K1: !!opencv-matrix
   rows: 3
   cols: 3
   dt: d
   data: [ 3.6627756984521932e+02, 0., 3.8060969928433269e+02, 0.,
       3.6653175179255015e+02, 2.3878059668569790e+02, 0., 0., 1. ]
D1: !!opencv-matrix
   rows: 5
   cols: 1
   dt: d
   data: [ -2.1859934914563901e-02, -9.9468572971318997e-04,
       1.6448003429794193e-03, -3.1164985765511365e-04,
       3.5195408316194161e-04 ]
P1: !!opencv-matrix
   rows: 3
   cols: 4
   dt: f
   data: [ 3.65626587e+02, 0., 2.64220703e+02, 0., 0., 3.65626587e+02,
       2.35169922e+02, 0., 0., 0., 1., 0. ]
R1: !!opencv-matrix
   rows: 3
   cols: 3
   dt: f
   data: [ 9.89433050e-01, 4.99169827e-02, 1.36126727e-01,
       -5.05858697e-02, 9.98718679e-01, 1.45681505e-03, -1.35879591e-01,
       -8.32751021e-03, 9.90690351e-01 ]
K2: !!opencv-matrix
   rows: 3
   cols: 3
   dt: d
   data: [ 3.6687495098581172e+02, 0., 3.7621769200552956e+02, 0.,
       3.6726361788508825e+02, 2.2399932895774910e+02, 0., 0., 1. ]
D2: !!opencv-matrix
   rows: 5
   cols: 1
   dt: d
   data: [ -2.2201337830972428e-02, -1.1445843221826492e-03,
       2.9199201696882579e-04, -7.1705872414221615e-04,
       5.1284674356775366e-04 ]
P2: !!opencv-matrix
   rows: 3
   cols: 4
   dt: f
   data: [ 3.65626587e+02, 0., 2.64220703e+02, -2.66626992e+04, 0.,
       3.65626587e+02, 2.35169922e+02, 0., 0., 0., 1., 0. ]
R2: !!opencv-matrix
   rows: 3
   cols: 3
   dt: f
   data: [ 9.88207221e-01, 4.89554927e-02, 1.45085678e-01,
       -4.82411273e-02, 9.98800039e-01, -8.43996834e-03, -1.45324767e-01,
       1.34134153e-03, 9.89383101e-01 ]
