%YAML:1.0
---
Q: !!opencv-matrix
   rows: 4
   cols: 4
   dt: f
   data: [ 1., 0., 0., -3.81406281e+02, 0., 1., 0., -2.31733215e+02, 0.,
       0., 0., 3.58647308e+02, 0., 0., 6.46241531e-02, 0. ]
R: !!opencv-matrix
   rows: 3
   cols: 3
   dt: d
   data: [ 1.0043137584026198e+00, -9.3704669731583708e-03,
       -2.7000860969857904e-02, -9.8763222962492368e-03,
       1.0014783941151315e+00, 9.8368625140669939e-03,
       1.2085260649954278e-03, -1.0162128642990990e-02,
       1.0016389449385155e+00 ]
T: !!opencv-matrix
   rows: 3
   cols: 1
   dt: d
   data: [ -1.3613542190860921e+01, -4.3999306381969966e-01,
       -1.5362690939796642e-01 ]
E: !!opencv-matrix
   rows: 0
   cols: 0
   dt: u
   data: []
F: !!opencv-matrix
   rows: 0
   cols: 0
   dt: u
   data: []
K1: !!opencv-matrix
   rows: 3
   cols: 3
   dt: d
   data: [ 3.6627756984521932e+02, 0., 3.8060969928433269e+02, 0.,
       3.6653175179255015e+02, 2.3878059668569790e+02, 0., 0., 1. ]
D1: !!opencv-matrix
   rows: 5
   cols: 1
   dt: d
   data: [ -2.1859934914563901e-02, -9.9468572971318997e-04,
       1.6448003429794193e-03, -3.1164985765511365e-04,
       3.5195408316194161e-04 ]
P1: !!opencv-matrix
   rows: 3
   cols: 4
   dt: f
   data: [ 3.58647308e+02, 0., 3.81406281e+02, 0., 0., 3.58647308e+02,
       2.31733215e+02, 0., 0., 0., 1., 0. ]
R1: !!opencv-matrix
   rows: 3
   cols: 3
   dt: f
   data: [ 9.99522030e-01, 2.86732055e-02, -1.15556978e-02,
       -2.86141653e-02, 9.99576807e-01, 5.24267042e-03, 1.17011322e-02,
       -4.90950793e-03, 9.99919474e-01 ]
K2: !!opencv-matrix
   rows: 3
   cols: 3
   dt: d
   data: [ 3.6687495098581172e+02, 0., 3.7621769200552956e+02, 0.,
       3.6726361788508825e+02, 2.2399932895774910e+02, 0., 0., 1. ]
D2: !!opencv-matrix
   rows: 5
   cols: 1
   dt: d
   data: [ -2.2201337830972428e-02, -1.1445843221826492e-03,
       2.9199201696882579e-04, -7.1705872414221615e-04,
       5.1284674356775366e-04 ]
P2: !!opencv-matrix
   rows: 3
   cols: 4
   dt: f
   data: [ 3.58647308e+02, 0., 3.81406281e+02, -5.54974121e+03, 0.,
       3.58647308e+02, 2.31733215e+02, 0., 0., 0., 1., 0. ]
R2: !!opencv-matrix
   rows: 3
   cols: 3
   dt: f
   data: [ 9.99601543e-01, 2.81546246e-02, 2.02684314e-03,
       -2.81439703e-02, 9.99590814e-01, -5.10572921e-03, -2.16976367e-03,
       5.04665123e-03, 9.99984920e-01 ]
