%YAML:1.0
---
Q: !!opencv-matrix
   rows: 4
   cols: 4
   dt: f
   data: [ 1., 0., 0., -4.75485901e+02, 0., 1., 0., -2.31981262e+02, 0.,
       0., 0., 3.50463348e+02, 0., 0., 1.35816872e-01, 0. ]
R: !!opencv-matrix
   rows: 3
   cols: 3
   dt: d
   data: [ 1.0058150645332280e+00, -6.3427044290217463e-03,
       -2.1007460287081947e-02, -9.8543761261792664e-03,
       1.0039090336387373e+00, 9.7140558192426157e-03,
       1.7222156017075850e-03, -1.1447771799112666e-02,
       1.0030156997732831e+00 ]
T: !!opencv-matrix
   rows: 3
   cols: 1
   dt: d
   data: [ -7.0857514524886938e+00, 1.9932191093718698e-02,
       9.2537135760986078e-01 ]
E: !!opencv-matrix
   rows: 0
   cols: 0
   dt: u
   data: []
F: !!opencv-matrix
   rows: 0
   cols: 0
   dt: u
   data: []
K1: !!opencv-matrix
   rows: 3
   cols: 3
   dt: d
   data: [ 3.6627756984521932e+02, 0., 3.8060969928433269e+02, 0.,
       3.6653175179255015e+02, 2.3878059668569790e+02, 0., 0., 1. ]
D1: !!opencv-matrix
   rows: 5
   cols: 1
   dt: d
   data: [ -2.1859934914563901e-02, -9.9468572971318997e-04,
       1.6448003429794193e-03, -3.1164985765511365e-04,
       3.5195408316194161e-04 ]
P1: !!opencv-matrix
   rows: 3
   cols: 4
   dt: f
   data: [ 3.50463348e+02, 0., 4.75485901e+02, 0., 0., 3.50463348e+02,
       2.31981262e+02, 0., 0., 0., 1., 0. ]
R1: !!opencv-matrix
   rows: 3
   cols: 3
   dt: f
   data: [ 9.91876125e-01, -2.81116762e-03, -1.27176374e-01,
       3.47025506e-03, 9.99981701e-01, 4.96119726e-03, 1.27160102e-01,
       -5.36222756e-03, 9.91867721e-01 ]
K2: !!opencv-matrix
   rows: 3
   cols: 3
   dt: d
   data: [ 3.6687495098581172e+02, 0., 3.7621769200552956e+02, 0.,
       3.6726361788508825e+02, 2.2399932895774910e+02, 0., 0., 1. ]
D2: !!opencv-matrix
   rows: 5
   cols: 1
   dt: d
   data: [ -2.2201337830972428e-02, -1.1445843221826492e-03,
       2.9199201696882579e-04, -7.1705872414221615e-04,
       5.1284674356775366e-04 ]
P2: !!opencv-matrix
   rows: 3
   cols: 4
   dt: f
   data: [ 3.50463348e+02, 0., 4.75485901e+02, -2.58041089e+03, 0.,
       3.50463348e+02, 2.31981262e+02, 0., 0., 0., 1., 0. ]
R2: !!opencv-matrix
   rows: 3
   cols: 3
   dt: f
   data: [ 9.93227601e-01, -5.72867319e-03, -1.16043411e-01,
       5.12737455e-03, 9.99971867e-01, -5.47951693e-03, 1.16071537e-01,
       4.84740967e-03, 9.93229032e-01 ]
