%YAML:1.0
---
Q: !!opencv-matrix
   rows: 4
   cols: 4
   dt: f
   data: [ 1., 0., 0., -4.22152588e+02, 0., 1., 0., -2.31842773e+02, 0.,
       0., 0., 3.53150543e+02, 0., 0., 3.38823766e-01, 0. ]
R: !!opencv-matrix
   rows: 3
   cols: 3
   dt: d
   data: [ 1.0085204670984715e+00, -6.2966915220844010e-03,
       -2.3364030691875051e-02, -9.6661218133247684e-03,
       1.0043359659738307e+00, 9.7366492479750641e-03,
       1.4844147438219614e-03, -1.1194501335095816e-02,
       1.0043989391874604e+00 ]
T: !!opencv-matrix
   rows: 3
   cols: 1
   dt: d
   data: [ -2.8170775068679674e+00, 1.3783134271537919e-03,
       1.4401480931684529e-01 ]
E: !!opencv-matrix
   rows: 0
   cols: 0
   dt: u
   data: []
F: !!opencv-matrix
   rows: 0
   cols: 0
   dt: u
   data: []
K1: !!opencv-matrix
   rows: 3
   cols: 3
   dt: d
   data: [ 3.6627756984521932e+02, 0., 3.8060969928433269e+02, 0.,
       3.6653175179255015e+02, 2.3878059668569790e+02, 0., 0., 1. ]
D1: !!opencv-matrix
   rows: 5
   cols: 1
   dt: d
   data: [ -2.1859934914563901e-02, -9.9468572971318997e-04,
       1.6448003429794193e-03, -3.1164985765511365e-04,
       3.5195408316194161e-04 ]
P1: !!opencv-matrix
   rows: 3
   cols: 4
   dt: f
   data: [ 3.53150543e+02, 0., 4.22152588e+02, 0., 0., 3.53150543e+02,
       2.31842773e+02, 0., 0., 0., 1., 0. ]
R1: !!opencv-matrix
   rows: 3
   cols: 3
   dt: f
   data: [ 9.98049855e-01, 8.66032089e-04, -6.24153912e-02,
       -5.44134295e-04, 9.99986470e-01, 5.17415954e-03, 6.24190271e-02,
       -5.13010705e-03, 9.98036861e-01 ]
K2: !!opencv-matrix
   rows: 3
   cols: 3
   dt: d
   data: [ 3.6687495098581172e+02, 0., 3.7621769200552956e+02, 0.,
       3.6726361788508825e+02, 2.2399932895774910e+02, 0., 0., 1. ]
D2: !!opencv-matrix
   rows: 5
   cols: 1
   dt: d
   data: [ -2.2201337830972428e-02, -1.1445843221826492e-03,
       2.9199201696882579e-04, -7.1705872414221615e-04,
       5.1284674356775366e-04 ]
P2: !!opencv-matrix
   rows: 3
   cols: 4
   dt: f
   data: [ 3.53150543e+02, 0., 4.22152588e+02, -1.04228381e+03, 0.,
       3.53150543e+02, 2.31842773e+02, 0., 0., 0., 1., 0. ]
R2: !!opencv-matrix
   rows: 3
   cols: 3
   dt: f
   data: [ 9.98740256e-01, -1.47445675e-03, -5.01571521e-02,
       1.21581322e-03, 9.99985814e-01, -5.18678129e-03, 5.01640886e-02,
       5.11926552e-03, 9.98727858e-01 ]
