%YAML:1.0
---
Q: !!opencv-matrix
   rows: 4
   cols: 4
   dt: f
   data: [ 1., 0., 0., -3.56814331e+02, 0., 1., 0., -2.32154800e+02, 0.,
       0., 0., 3.55424164e+02, 0., 0., 2.45298237e-01, 0. ]
R: !!opencv-matrix
   rows: 3
   cols: 3
   dt: d
   data: [ 1.0059957452983272e+00, 3.4756087423523673e-03,
       -7.0047683569561545e-03, -9.7803405517475385e-03,
       1.0057540408873000e+00, 1.0366670601828800e-02,
       1.5618215191342934e-03, -9.6092645569211283e-03,
       1.0063482581294212e+00 ]
T: !!opencv-matrix
   rows: 3
   cols: 1
   dt: d
   data: [ -4.0750327431414295e+00, -9.3010735717801135e-02,
       -1.0808683448130402e-01 ]
E: !!opencv-matrix
   rows: 0
   cols: 0
   dt: u
   data: []
F: !!opencv-matrix
   rows: 0
   cols: 0
   dt: u
   data: []
K1: !!opencv-matrix
   rows: 3
   cols: 3
   dt: d
   data: [ 3.6627756984521932e+02, 0., 3.8060969928433269e+02, 0.,
       3.6653175179255015e+02, 2.3878059668569790e+02, 0., 0., 1. ]
D1: !!opencv-matrix
   rows: 5
   cols: 1
   dt: d
   data: [ -2.1859934914563901e-02, -9.9468572971318997e-04,
       1.6448003429794193e-03, -3.1164985765511365e-04,
       3.5195408316194161e-04 ]
P1: !!opencv-matrix
   rows: 3
   cols: 4
   dt: f
   data: [ 3.55424164e+02, 0., 3.56814331e+02, 0., 0., 3.55424164e+02,
       2.32154800e+02, 0., 0., 0., 1., 0. ]
R1: !!opencv-matrix
   rows: 3
   cols: 3
   dt: f
   data: [ 9.99241590e-01, 3.00673991e-02, 2.47423593e-02,
       -3.01911924e-02, 9.99533355e-01, 4.64497134e-03, -2.45911498e-02,
       -5.38844988e-03, 9.99683082e-01 ]
K2: !!opencv-matrix
   rows: 3
   cols: 3
   dt: d
   data: [ 3.6687495098581172e+02, 0., 3.7621769200552956e+02, 0.,
       3.6726361788508825e+02, 2.2399932895774910e+02, 0., 0., 1. ]
D2: !!opencv-matrix
   rows: 5
   cols: 1
   dt: d
   data: [ -2.2201337830972428e-02, -1.1445843221826492e-03,
       2.9199201696882579e-04, -7.1705872414221615e-04,
       5.1284674356775366e-04 ]
P2: !!opencv-matrix
   rows: 3
   cols: 4
   dt: f
   data: [ 3.55424164e+02, 0., 3.56814331e+02, -1.44894714e+03, 0.,
       3.55424164e+02, 2.32154800e+02, 0., 0., 0., 1., 0. ]
R2: !!opencv-matrix
   rows: 3
   cols: 3
   dt: f
   data: [ 9.99302506e-01, 2.38409415e-02, 2.87431311e-02,
       -2.36963928e-02, 9.99704838e-01, -5.35921007e-03, -2.88624149e-02,
       4.67436342e-03, 9.99572456e-01 ]
