%YAML:1.0
---
Q: !!opencv-matrix
   rows: 4
   cols: 4
   dt: f
   data: [ 1., 0., 0., -2.98232941e+02, 0., 1., 0., -2.34112061e+02, 0.,
       0., 0., 3.60744781e+02, 0., 0., 5.51120238e-03, 0. ]
R: !!opencv-matrix
   rows: 3
   cols: 3
   dt: d
   data: [ 9.9858128155555204e-01, 9.1881839642184160e-03,
       -3.6314071377320564e-03, -9.6783891345257628e-03,
       9.9945978789888912e-01, 1.0845943926810972e-02,
       2.0624978417342894e-03, -7.1876768045503366e-03,
       1.0011000253851425e+00 ]
T: !!opencv-matrix
   rows: 3
   cols: 1
   dt: d
   data: [ -1.7908430829918376e+02, -7.4677579048325242e+00,
       -1.6139698322120491e+01 ]
E: !!opencv-matrix
   rows: 0
   cols: 0
   dt: u
   data: []
F: !!opencv-matrix
   rows: 0
   cols: 0
   dt: u
   data: []
K1: !!opencv-matrix
   rows: 3
   cols: 3
   dt: d
   data: [ 3.6627756984521932e+02, 0., 3.8060969928433269e+02, 0.,
       3.6653175179255015e+02, 2.3878059668569790e+02, 0., 0., 1. ]
D1: !!opencv-matrix
   rows: 5
   cols: 1
   dt: d
   data: [ -2.1859934914563901e-02, -9.9468572971318997e-04,
       1.6448003429794193e-03, -3.1164985765511365e-04,
       3.5195408316194161e-04 ]
P1: !!opencv-matrix
   rows: 3
   cols: 4
   dt: f
   data: [ 3.60744781e+02, 0., 2.98232941e+02, 0., 0., 3.60744781e+02,
       2.34112061e+02, 0., 0., 0., 1., 0. ]
R1: !!opencv-matrix
   rows: 3
   cols: 3
   dt: f
   data: [ 9.93729770e-01, 5.21101691e-02, 9.89226848e-02,
       -5.25771081e-02, 9.98614609e-01, 2.11743102e-03, -9.86753032e-02,
       -7.30522303e-03, 9.95092869e-01 ]
K2: !!opencv-matrix
   rows: 3
   cols: 3
   dt: d
   data: [ 3.6687495098581172e+02, 0., 3.7621769200552956e+02, 0.,
       3.6726361788508825e+02, 2.2399932895774910e+02, 0., 0., 1. ]
D2: !!opencv-matrix
   rows: 5
   cols: 1
   dt: d
   data: [ -2.2201337830972428e-02, -1.1445843221826492e-03,
       2.9199201696882579e-04, -7.1705872414221615e-04,
       5.1284674356775366e-04 ]
P2: !!opencv-matrix
   rows: 3
   cols: 4
   dt: f
   data: [ 3.60744781e+02, 0., 2.98232941e+02, -6.54566406e+04, 0.,
       3.60744781e+02, 2.34112061e+02, 0., 0., 0., 1., 0. ]
R2: !!opencv-matrix
   rows: 3
   cols: 3
   dt: f
   data: [ 9.93911982e-01, 4.35493067e-02, 1.01204835e-01,
       -4.30705324e-02, 9.99048114e-01, -6.91205589e-03, -1.01409517e-01,
       2.51102890e-03, 9.94841576e-01 ]
