%YAML:1.0
---
Q: !!opencv-matrix
   rows: 4
   cols: 4
   dt: f
   data: [ 1., 0., 0., -4.39997711e+02, 0., 1., 0., -2.31801727e+02, 0.,
       0., 0., 3.52746155e+02, 0., 0., 2.11270139e-01, 0. ]
R: !!opencv-matrix
   rows: 3
   cols: 3
   dt: d
   data: [ 1.0080070566893391e+00, -6.1699564734405635e-03,
       -2.1479204461324109e-02, -9.6271355386999390e-03,
       1.0033316849643426e+00, 9.7515202402540559e-03,
       1.6603628899652732e-03, -1.1230094417448915e-02,
       1.0032064622766608e+00 ]
T: !!opencv-matrix
   rows: 3
   cols: 1
   dt: d
   data: [ -4.4889600250975086e+00, 5.9235732886708057e-03,
       3.1026944577570648e-01 ]
E: !!opencv-matrix
   rows: 0
   cols: 0
   dt: u
   data: []
F: !!opencv-matrix
   rows: 0
   cols: 0
   dt: u
   data: []
K1: !!opencv-matrix
   rows: 3
   cols: 3
   dt: d
   data: [ 3.6627756984521932e+02, 0., 3.8060969928433269e+02, 0.,
       3.6653175179255015e+02, 2.3878059668569790e+02, 0., 0., 1. ]
D1: !!opencv-matrix
   rows: 5
   cols: 1
   dt: d
   data: [ -2.1859934914563901e-02, -9.9468572971318997e-04,
       1.6448003429794193e-03, -3.1164985765511365e-04,
       3.5195408316194161e-04 ]
P1: !!opencv-matrix
   rows: 3
   cols: 4
   dt: f
   data: [ 3.52746155e+02, 0., 4.39997711e+02, 0., 0., 3.52746155e+02,
       2.31801727e+02, 0., 0., 0., 1., 0. ]
R1: !!opencv-matrix
   rows: 3
   cols: 3
   dt: f
   data: [ 9.96435583e-01, 1.06623711e-03, -8.43501911e-02,
       -6.32925192e-04, 9.99986470e-01, 5.16363326e-03, 8.43545571e-02,
       -5.09184040e-03, 9.96422768e-01 ]
K2: !!opencv-matrix
   rows: 3
   cols: 3
   dt: d
   data: [ 3.6687495098581172e+02, 0., 3.7621769200552956e+02, 0.,
       3.6726361788508825e+02, 2.2399932895774910e+02, 0., 0., 1. ]
D2: !!opencv-matrix
   rows: 5
   cols: 1
   dt: d
   data: [ -2.2201337830972428e-02, -1.1445843221826492e-03,
       2.9199201696882579e-04, -7.1705872414221615e-04,
       5.1284674356775366e-04 ]
P2: !!opencv-matrix
   rows: 3
   cols: 4
   dt: f
   data: [ 3.52746155e+02, 0., 4.39997711e+02, -1.66964502e+03, 0.,
       3.52746155e+02, 2.31801727e+02, 0., 0., 0., 1., 0. ]
R2: !!opencv-matrix
   rows: 3
   cols: 3
   dt: f
   data: [ 9.97344971e-01, -1.13272620e-03, -7.28126317e-02,
       7.58765847e-04, 9.99986410e-01, -5.16338274e-03, 7.28174821e-02,
       5.09442622e-03, 9.97332275e-01 ]
