%YAML:1.0
---
Q: !!opencv-matrix
   rows: 4
   cols: 4
   dt: f
   data: [ 1., 0., 0., -3.60486816e+02, 0., 1., 0., -2.32080597e+02, 0.,
       0., 0., 3.54936279e+02, 0., 0., 2.42263466e-01, 0. ]
R: !!opencv-matrix
   rows: 3
   cols: 3
   dt: d
   data: [ 1.0059317915640731e+00, 4.3523212591641824e-03,
       -6.1646876404493319e-03, -9.7677659035077923e-03,
       1.0059169537712209e+00, 1.0329911822832367e-02,
       1.6501231073295145e-03, -9.7202758435671870e-03,
       1.0063914775178529e+00 ]
T: !!opencv-matrix
   rows: 3
   cols: 1
   dt: d
   data: [ -4.1451244272644754e+00, -9.1378317519768881e-02,
       -9.4362717726195186e-02 ]
E: !!opencv-matrix
   rows: 0
   cols: 0
   dt: u
   data: []
F: !!opencv-matrix
   rows: 0
   cols: 0
   dt: u
   data: []
K1: !!opencv-matrix
   rows: 3
   cols: 3
   dt: d
   data: [ 3.6627756984521932e+02, 0., 3.8060969928433269e+02, 0.,
       3.6653175179255015e+02, 2.3878059668569790e+02, 0., 0., 1. ]
D1: !!opencv-matrix
   rows: 5
   cols: 1
   dt: d
   data: [ -2.1859934914563901e-02, -9.9468572971318997e-04,
       1.6448003429794193e-03, -3.1164985765511365e-04,
       3.5195408316194161e-04 ]
P1: !!opencv-matrix
   rows: 3
   cols: 4
   dt: f
   data: [ 3.54936279e+02, 0., 3.60486816e+02, 0., 0., 3.54936279e+02,
       2.32080597e+02, 0., 0., 0., 1., 0. ]
R1: !!opencv-matrix
   rows: 3
   cols: 3
   dt: f
   data: [ 9.99375582e-01, 2.89824903e-02, 2.02105958e-02,
       -2.90838946e-02, 9.99565721e-01, 4.74160258e-03, -2.00643949e-02,
       -5.32644428e-03, 9.99784529e-01 ]
K2: !!opencv-matrix
   rows: 3
   cols: 3
   dt: d
   data: [ 3.6687495098581172e+02, 0., 3.7621769200552956e+02, 0.,
       3.6726361788508825e+02, 2.2399932895774910e+02, 0., 0., 1. ]
D2: !!opencv-matrix
   rows: 5
   cols: 1
   dt: d
   data: [ -2.2201337830972428e-02, -1.1445843221826492e-03,
       2.9199201696882579e-04, -7.1705872414221615e-04,
       5.1284674356775366e-04 ]
P2: !!opencv-matrix
   rows: 3
   cols: 4
   dt: f
   data: [ 3.54936279e+02, 0., 3.60486816e+02, -1.46508374e+03, 0.,
       3.54936279e+02, 2.32080597e+02, 0., 0., 0., 1., 0. ]
R2: !!opencv-matrix
   rows: 3
   cols: 3
   dt: f
   data: [ 9.99464810e-01, 2.23100651e-02, 2.39230301e-02,
       -2.21893173e-02, 9.99739707e-01, -5.30097215e-03, -2.40350682e-02,
       4.76729963e-03, 9.99699771e-01 ]
