%YAML:1.0
---
Q: !!opencv-matrix
   rows: 4
   cols: 4
   dt: f
   data: [ 1., 0., 0., -1.83273911e+02, 0., 1., 0., -2.30564392e+02, 0.,
       0., 0., 3.47458557e+02, 0., 0., 1.20838666e-02, 0. ]
R: !!opencv-matrix
   rows: 3
   cols: 3
   dt: d
   data: [ 1.0002165933974581e+00, -4.7780246670074047e-03,
       -1.6534226044135854e-02, -9.6049073854882882e-03,
       9.9812912000670118e-01, 9.5438789344533832e-03,
       1.5277531400434421e-03, -7.7757975104818843e-03,
       1.0021204046860406e+00 ]
T: !!opencv-matrix
   rows: 3
   cols: 1
   dt: d
   data: [ -7.9510362765088914e+01, 4.6624653187922277e-01,
       -1.9227783999391125e+01 ]
E: !!opencv-matrix
   rows: 0
   cols: 0
   dt: u
   data: []
F: !!opencv-matrix
   rows: 0
   cols: 0
   dt: u
   data: []
K1: !!opencv-matrix
   rows: 3
   cols: 3
   dt: d
   data: [ 3.6627756984521932e+02, 0., 3.8060969928433269e+02, 0.,
       3.6653175179255015e+02, 2.3878059668569790e+02, 0., 0., 1. ]
D1: !!opencv-matrix
   rows: 5
   cols: 1
   dt: d
   data: [ -2.1859934914563901e-02, -9.9468572971318997e-04,
       1.6448003429794193e-03, -3.1164985765511365e-04,
       3.5195408316194161e-04 ]
P1: !!opencv-matrix
   rows: 3
   cols: 4
   dt: f
   data: [ 3.47458557e+02, 0., 1.83273911e+02, 0., 0., 3.47458557e+02,
       2.30564392e+02, 0., 0., 0., 1., 0. ]
R1: !!opencv-matrix
   rows: 3
   cols: 3
   dt: f
   data: [ 9.74597156e-01, -4.34636744e-03, 2.23923028e-01,
       3.35055590e-03, 9.99982715e-01, 4.82688239e-03, -2.23940134e-01,
       -3.95399891e-03, 9.74594891e-01 ]
K2: !!opencv-matrix
   rows: 3
   cols: 3
   dt: d
   data: [ 3.6687495098581172e+02, 0., 3.7621769200552956e+02, 0.,
       3.6726361788508825e+02, 2.2399932895774910e+02, 0., 0., 1. ]
D2: !!opencv-matrix
   rows: 5
   cols: 1
   dt: d
   data: [ -2.2201337830972428e-02, -1.1445843221826492e-03,
       2.9199201696882579e-04, -7.1705872414221615e-04,
       5.1284674356775366e-04 ]
P2: !!opencv-matrix
   rows: 3
   cols: 4
   dt: f
   data: [ 3.47458557e+02, 0., 1.83273911e+02, -2.87539219e+04, 0.,
       3.47458557e+02, 2.30564392e+02, 0., 0., 0., 1., 0. ]
R2: !!opencv-matrix
   rows: 3
   cols: 3
   dt: f
   data: [ 9.72545266e-01, -4.75247530e-03, 2.32665196e-01,
       5.78761054e-03, 9.99976158e-01, -3.76657629e-03, -2.32641742e-01,
       5.00974152e-03, 9.72549617e-01 ]
