%YAML:1.0
---
Q: !!opencv-matrix
   rows: 4
   cols: 4
   dt: f
   data: [ 1., 0., 0., -5.00552292e+01, 0., 1., 0., -2.15160385e+02, 0.,
       0., 0., 3.25832489e+02, 0., 0., 8.73230211e-03, 0. ]
R: !!opencv-matrix
   rows: 3
   cols: 3
   dt: d
   data: [ 9.9796873600770242e-01, -3.2666132771171758e-03,
       -1.5448287444801747e-02, -9.3075685971008779e-03,
       9.9698046558575903e-01, 8.6556771190494895e-03,
       1.0819535227168111e-03, -6.6577919524725380e-03,
       1.0034782342994488e+00 ]
T: !!opencv-matrix
   rows: 3
   cols: 1
   dt: d
   data: [ -8.8687549745344469e+01, 4.7532309854280514e+00,
       -3.0440828534693033e+01 ]
E: !!opencv-matrix
   rows: 0
   cols: 0
   dt: u
   data: []
F: !!opencv-matrix
   rows: 0
   cols: 0
   dt: u
   data: []
K1: !!opencv-matrix
   rows: 3
   cols: 3
   dt: d
   data: [ 3.6627756984521932e+02, 0., 3.8060969928433269e+02, 0.,
       3.6653175179255015e+02, 2.3878059668569790e+02, 0., 0., 1. ]
D1: !!opencv-matrix
   rows: 5
   cols: 1
   dt: d
   data: [ -2.1859934914563901e-02, -9.9468572971318997e-04,
       1.6448003429794193e-03, -3.1164985765511365e-04,
       3.5195408316194161e-04 ]
P1: !!opencv-matrix
   rows: 3
   cols: 4
   dt: f
   data: [ 3.25832489e+02, 0., 5.00552292e+01, 0., 0., 3.25832489e+02,
       2.15160385e+02, 0., 0., 0., 1., 0. ]
R1: !!opencv-matrix
   rows: 3
   cols: 3
   dt: f
   data: [ 9.39192235e-01, -6.98537678e-02, 3.36211830e-01,
       6.86352029e-02, 9.97521043e-01, 1.55228125e-02, -3.36462706e-01,
       8.49706307e-03, 9.41658437e-01 ]
K2: !!opencv-matrix
   rows: 3
   cols: 3
   dt: d
   data: [ 3.6687495098581172e+02, 0., 3.7621769200552956e+02, 0.,
       3.6726361788508825e+02, 2.2399932895774910e+02, 0., 0., 1. ]
D2: !!opencv-matrix
   rows: 5
   cols: 1
   dt: d
   data: [ -2.2201337830972428e-02, -1.1445843221826492e-03,
       2.9199201696882579e-04, -7.1705872414221615e-04,
       5.1284674356775366e-04 ]
P2: !!opencv-matrix
   rows: 3
   cols: 4
   dt: f
   data: [ 3.25832489e+02, 0., 5.00552292e+01, -3.73134688e+04, 0.,
       3.25832489e+02, 2.15160385e+02, 0., 0., 0., 1., 0. ]
R2: !!opencv-matrix
   rows: 3
   cols: 3
   dt: f
   data: [ 9.36658263e-01, -7.16638416e-02, 3.42834622e-01,
       7.29062781e-02, 9.97295618e-01, 9.28074960e-03, -3.42572570e-01,
       1.63019076e-02, 9.39349949e-01 ]
