%YAML:1.0
---
Q: !!opencv-matrix
   rows: 4
   cols: 4
   dt: f
   data: [ 1., 0., 0., -4.12938812e+02, 0., 1., 0., -2.31200867e+02, 0.,
       0., 0., 3.60019989e+02, 0., 0., 2.35444531e-01, 0. ]
R: !!opencv-matrix
   rows: 3
   cols: 3
   dt: d
   data: [ 1.0068545168916270e+00, 6.9467213372132490e-03,
       -6.0988377599749590e-03, -9.8685399849296196e-03,
       1.0071026144570816e+00, 1.0301784671874526e-02,
       1.7496699655501309e-03, -1.1134605208762837e-02,
       1.0057649981613805e+00 ]
T: !!opencv-matrix
   rows: 3
   cols: 1
   dt: d
   data: [ -4.2514871572421669e+00, -8.9595416265812425e-02,
       1.8396636840860392e-01 ]
E: !!opencv-matrix
   rows: 0
   cols: 0
   dt: u
   data: []
F: !!opencv-matrix
   rows: 0
   cols: 0
   dt: u
   data: []
K1: !!opencv-matrix
   rows: 3
   cols: 3
   dt: d
   data: [ 3.6627756984521932e+02, 0., 3.8060969928433269e+02, 0.,
       3.6653175179255015e+02, 2.3878059668569790e+02, 0., 0., 1. ]
D1: !!opencv-matrix
   rows: 5
   cols: 1
   dt: d
   data: [ -2.1859934914563901e-02, -9.9468572971318997e-04,
       1.6448003429794193e-03, -3.1164985765511365e-04,
       3.5195408316194161e-04 ]
P1: !!opencv-matrix
   rows: 3
   cols: 4
   dt: f
   data: [ 3.60019989e+02, 0., 4.12938812e+02, 0., 0., 3.60019989e+02,
       2.31200867e+02, 0., 0., 0., 1., 0. ]
R1: !!opencv-matrix
   rows: 3
   cols: 3
   dt: f
   data: [ 9.98483479e-01, 2.91180853e-02, -4.67206836e-02,
       -2.88724285e-02, 9.99565542e-01, 5.92438830e-03, 4.68728952e-02,
       -4.56646457e-03, 9.98890400e-01 ]
K2: !!opencv-matrix
   rows: 3
   cols: 3
   dt: d
   data: [ 3.6687495098581172e+02, 0., 3.7621769200552956e+02, 0.,
       3.6726361788508825e+02, 2.2399932895774910e+02, 0., 0., 1. ]
D2: !!opencv-matrix
   rows: 5
   cols: 1
   dt: d
   data: [ -2.2201337830972428e-02, -1.1445843221826492e-03,
       2.9199201696882579e-04, -7.1705872414221615e-04,
       5.1284674356775366e-04 ]
P2: !!opencv-matrix
   rows: 3
   cols: 4
   dt: f
   data: [ 3.60019989e+02, 0., 4.12938812e+02, -1.52910742e+03, 0.,
       3.60019989e+02, 2.31200867e+02, 0., 0., 0., 1., 0. ]
R2: !!opencv-matrix
   rows: 3
   cols: 3
   dt: f
   data: [ 9.98863935e-01, 2.04362106e-02, -4.30483222e-02,
       -2.06618868e-02, 9.99774992e-01, -4.80392482e-03, 4.29404601e-02,
       5.68792690e-03, 9.99061465e-01 ]
