%YAML:1.0
---
Q: !!opencv-matrix
   rows: 4
   cols: 4
   dt: f
   data: [ 1., 0., 0., -3.55857941e+02, 0., 1., 0., -2.32238174e+02, 0.,
       0., 0., 3.55700684e+02, 0., 0., 2.34026879e-01, 0. ]
R: !!opencv-matrix
   rows: 3
   cols: 3
   dt: d
   data: [ 1.0057258118048911e+00, 5.7287251974723584e-03,
       -4.7635661621769241e-03, -9.7890826476541033e-03,
       1.0060620374477023e+00, 1.0514588087440423e-02,
       1.7309693719561236e-03, -9.6304156719785334e-03,
       1.0064854772099088e+00 ]
T: !!opencv-matrix
   rows: 3
   cols: 1
   dt: d
   data: [ -4.2937635302797998e+00, -1.2376494536013641e-01,
       -1.1765108295922512e-01 ]
E: !!opencv-matrix
   rows: 0
   cols: 0
   dt: u
   data: []
F: !!opencv-matrix
   rows: 0
   cols: 0
   dt: u
   data: []
K1: !!opencv-matrix
   rows: 3
   cols: 3
   dt: d
   data: [ 3.6627756984521932e+02, 0., 3.8060969928433269e+02, 0.,
       3.6653175179255015e+02, 2.3878059668569790e+02, 0., 0., 1. ]
D1: !!opencv-matrix
   rows: 5
   cols: 1
   dt: d
   data: [ -2.1859934914563901e-02, -9.9468572971318997e-04,
       1.6448003429794193e-03, -3.1164985765511365e-04,
       3.5195408316194161e-04 ]
P1: !!opencv-matrix
   rows: 3
   cols: 4
   dt: f
   data: [ 3.55700684e+02, 0., 3.55857941e+02, 0., 0., 3.55700684e+02,
       2.32238174e+02, 0., 0., 0., 1., 0. ]
R1: !!opencv-matrix
   rows: 3
   cols: 3
   dt: f
   data: [ 9.98992562e-01, 3.62786353e-02, 2.64141634e-02,
       -3.64120565e-02, 9.99326348e-01, 4.58760280e-03, -2.62299366e-02,
       -5.54477517e-03, 9.99640584e-01 ]
K2: !!opencv-matrix
   rows: 3
   cols: 3
   dt: d
   data: [ 3.6687495098581172e+02, 0., 3.7621769200552956e+02, 0.,
       3.6726361788508825e+02, 2.2399932895774910e+02, 0., 0., 1. ]
D2: !!opencv-matrix
   rows: 5
   cols: 1
   dt: d
   data: [ -2.2201337830972428e-02, -1.1445843221826492e-03,
       2.9199201696882579e-04, -7.1705872414221615e-04,
       5.1284674356775366e-04 ]
P2: !!opencv-matrix
   rows: 3
   cols: 4
   dt: f
   data: [ 3.55700684e+02, 0., 3.55857941e+02, -1.51991382e+03, 0.,
       3.55700684e+02, 2.32238174e+02, 0., 0., 0., 1., 0. ]
R2: !!opencv-matrix
   rows: 3
   cols: 3
   dt: f
   data: [ 9.99147058e-01, 2.89776288e-02, 2.94179432e-02,
       -2.88281515e-02, 9.99569297e-01, -5.49275940e-03, -2.95644403e-02,
       4.64000972e-03, 9.99552131e-01 ]
