%YAML:1.0
---
Q: !!opencv-matrix
   rows: 4
   cols: 4
   dt: f
   data: [ 1., 0., 0., -3.98304260e+02, 0., 1., 0., -2.31422424e+02, 0.,
       0., 0., 3.59789734e+02, 0., 0., 2.19651669e-01, 0. ]
R: !!opencv-matrix
   rows: 3
   cols: 3
   dt: d
   data: [ 1.0057534542311459e+00, 8.8581841437170416e-03,
       -2.9469203319306405e-03, -9.8877888177190364e-03,
       1.0071930703124392e+00, 1.0250615209716752e-02,
       1.7728905461680759e-03, -1.0961129994250399e-02,
       1.0064962361253622e+00 ]
T: !!opencv-matrix
   rows: 3
   cols: 1
   dt: d
   data: [ -4.6005750527838387e+00, -8.9491578763014099e-02,
       9.5268669800163741e-02 ]
E: !!opencv-matrix
   rows: 0
   cols: 0
   dt: u
   data: []
F: !!opencv-matrix
   rows: 0
   cols: 0
   dt: u
   data: []
K1: !!opencv-matrix
   rows: 3
   cols: 3
   dt: d
   data: [ 3.6627756984521932e+02, 0., 3.8060969928433269e+02, 0.,
       3.6653175179255015e+02, 2.3878059668569790e+02, 0., 0., 1. ]
D1: !!opencv-matrix
   rows: 5
   cols: 1
   dt: d
   data: [ -2.1859934914563901e-02, -9.9468572971318997e-04,
       1.6448003429794193e-03, -3.1164985765511365e-04,
       3.5195408316194161e-04 ]
P1: !!opencv-matrix
   rows: 3
   cols: 4
   dt: f
   data: [ 3.59789734e+02, 0., 3.98304260e+02, 0., 0., 3.59789734e+02,
       2.31422424e+02, 0., 0., 0., 1., 0. ]
R1: !!opencv-matrix
   rows: 3
   cols: 3
   dt: f
   data: [ 9.99127567e-01, 3.14861983e-02, -2.74359006e-02,
       -3.13418061e-02, 9.99492586e-01, 5.67723485e-03, 2.76007336e-02,
       -4.81239147e-03, 9.99607444e-01 ]
K2: !!opencv-matrix
   rows: 3
   cols: 3
   dt: d
   data: [ 3.6687495098581172e+02, 0., 3.7621769200552956e+02, 0.,
       3.6726361788508825e+02, 2.2399932895774910e+02, 0., 0., 1. ]
D2: !!opencv-matrix
   rows: 5
   cols: 1
   dt: d
   data: [ -2.2201337830972428e-02, -1.1445843221826492e-03,
       2.9199201696882579e-04, -7.1705872414221615e-04,
       5.1284674356775366e-04 ]
P2: !!opencv-matrix
   rows: 3
   cols: 4
   dt: f
   data: [ 3.59789734e+02, 0., 3.98304260e+02, -1.63800134e+03, 0.,
       3.59789734e+02, 2.31422424e+02, 0., 0., 0., 1., 0. ]
R2: !!opencv-matrix
   rows: 3
   cols: 3
   dt: f
   data: [ 9.99440730e-01, 2.20255516e-02, -2.51622051e-02,
       -2.21572667e-02, 9.99742150e-01, -4.96785017e-03, 2.50462964e-02,
       5.52259758e-03, 9.99671042e-01 ]
