%YAML:1.0
---
Q: !!opencv-matrix
   rows: 4
   cols: 4
   dt: f
   data: [ 1., 0., 0., -3.34577118e+02, 0., 1., 0., -2.38300034e+02, 0.,
       0., 0., 4.65734283e+02, 0., 0., 2.27182552e-01, 0. ]
R: !!opencv-matrix
   rows: 3
   cols: 3
   dt: d
   data: [ 1.0061956535364660e+00, 7.1350595368841448e-03,
       -5.2410345262929635e-03, -1.0171879861299166e-02,
       1.0088621279085701e+00, 1.5434805075813280e-02,
       3.0776289382415619e-03, -6.8536735509816243e-03,
       1.0054242323672424e+00 ]
T: !!opencv-matrix
   rows: 3
   cols: 1
   dt: d
   data: [ -4.2899551378302165e+00, -9.1678633045903701e-01,
       -2.4449669120965029e-01 ]
E: !!opencv-matrix
   rows: 0
   cols: 0
   dt: u
   data: []
F: !!opencv-matrix
   rows: 0
   cols: 0
   dt: u
   data: []
K1: !!opencv-matrix
   rows: 3
   cols: 3
   dt: d
   data: [ 3.6627756984521932e+02, 0., 3.8060969928433269e+02, 0.,
       3.6653175179255015e+02, 2.3878059668569790e+02, 0., 0., 1. ]
D1: !!opencv-matrix
   rows: 5
   cols: 1
   dt: d
   data: [ -2.1859934914563901e-02, -9.9468572971318997e-04,
       1.6448003429794193e-03, -3.1164985765511365e-04,
       3.5195408316194161e-04 ]
P1: !!opencv-matrix
   rows: 3
   cols: 4
   dt: f
   data: [ 4.65734283e+02, 0., 3.34577118e+02, 0., 0., 4.65734283e+02,
       2.38300034e+02, 0., 0., 0., 1., 0. ]
R1: !!opencv-matrix
   rows: 3
   cols: 3
   dt: f
   data: [ 9.66519892e-01, 2.51148432e-01, 5.25711961e-02,
       -2.51462489e-01, 9.67866838e-01, -6.60289894e-04, -5.10477461e-02,
       -1.25815012e-02, 9.98616934e-01 ]
K2: !!opencv-matrix
   rows: 3
   cols: 3
   dt: d
   data: [ 3.6687495098581172e+02, 0., 3.7621769200552956e+02, 0.,
       3.6726361788508825e+02, 2.2399932895774910e+02, 0., 0., 1. ]
D2: !!opencv-matrix
   rows: 5
   cols: 1
   dt: d
   data: [ -2.2201337830972428e-02, -1.1445843221826492e-03,
       2.9199201696882579e-04, -7.1705872414221615e-04,
       5.1284674356775366e-04 ]
P2: !!opencv-matrix
   rows: 3
   cols: 4
   dt: f
   data: [ 4.65734283e+02, 0., 3.34577118e+02, -2.05004419e+03, 0.,
       4.65734283e+02, 2.38300034e+02, 0., 0., 0., 1., 0. ]
R2: !!opencv-matrix
   rows: 3
   cols: 3
   dt: f
   data: [ 9.68419552e-01, 2.43411988e-01, 5.39835617e-02,
       -2.43080422e-01, 9.69922662e-01, -1.27255972e-02, -5.54574430e-02,
       -7.98629830e-04, 9.98460710e-01 ]
