%YAML:1.0
---
Q: !!opencv-matrix
   rows: 4
   cols: 4
   dt: f
   data: [ 1., 0., 0., -3.59791626e+02, 0., 1., 0., -2.32081589e+02, 0.,
       0., 0., 3.55080933e+02, 0., 0., 2.45854601e-01, 0. ]
R: !!opencv-matrix
   rows: 3
   cols: 3
   dt: d
   data: [ 1.0059945253610383e+00, 3.0090182377141158e-03,
       -7.3209011024763420e-03, -9.7723410258707850e-03,
       1.0057336146761793e+00, 1.0362258385235161e-02,
       1.5541259935759918e-03, -9.4977041398409800e-03,
       1.0063257659843523e+00 ]
T: !!opencv-matrix
   rows: 3
   cols: 1
   dt: d
   data: [ -4.0499769011261533e+00, -9.0220212377014566e-02,
       -1.1084267940202697e-01 ]
E: !!opencv-matrix
   rows: 0
   cols: 0
   dt: u
   data: []
F: !!opencv-matrix
   rows: 0
   cols: 0
   dt: u
   data: []
K1: !!opencv-matrix
   rows: 3
   cols: 3
   dt: d
   data: [ 3.6627756984521932e+02, 0., 3.8060969928433269e+02, 0.,
       3.6653175179255015e+02, 2.3878059668569790e+02, 0., 0., 1. ]
D1: !!opencv-matrix
   rows: 5
   cols: 1
   dt: d
   data: [ -2.1859934914563901e-02, -9.9468572971318997e-04,
       1.6448003429794193e-03, -3.1164985765511365e-04,
       3.5195408316194161e-04 ]
P1: !!opencv-matrix
   rows: 3
   cols: 4
   dt: f
   data: [ 3.55080933e+02, 0., 3.59791626e+02, 0., 0., 3.55080933e+02,
       2.32081589e+02, 0., 0., 0., 1., 0. ]
R1: !!opencv-matrix
   rows: 3
   cols: 3
   dt: f
   data: [ 9.99401927e-01, 2.75488682e-02, 2.09006909e-02,
       -2.76527628e-02, 9.99606550e-01, 4.69820900e-03, -2.07630377e-02,
       -5.27336076e-03, 9.99770522e-01 ]
K2: !!opencv-matrix
   rows: 3
   cols: 3
   dt: d
   data: [ 3.6687495098581172e+02, 0., 3.7621769200552956e+02, 0.,
       3.6726361788508825e+02, 2.2399932895774910e+02, 0., 0., 1. ]
D2: !!opencv-matrix
   rows: 5
   cols: 1
   dt: d
   data: [ -2.2201337830972428e-02, -1.1445843221826492e-03,
       2.9199201696882579e-04, -7.1705872414221615e-04,
       5.1284674356775366e-04 ]
P2: !!opencv-matrix
   rows: 3
   cols: 4
   dt: f
   data: [ 3.55080933e+02, 0., 3.59791626e+02, -1.44427209e+03, 0.,
       3.55080933e+02, 2.32081589e+02, 0., 0., 0., 1., 0. ]
R2: !!opencv-matrix
   rows: 3
   cols: 3
   dt: f
   data: [ 9.99456644e-01, 2.14506239e-02, 2.50246711e-02,
       -2.13255547e-02, 9.99758780e-01, -5.25411312e-03, -2.51313392e-02,
       4.71759308e-03, 9.99673009e-01 ]
