%YAML:1.0
---
Q: !!opencv-matrix
   rows: 4
   cols: 4
   dt: f
   data: [ 1., 0., 0., -1.95702759e+02, 0., 1., 0., -2.38111328e+02, 0.,
       0., 0., 3.70417572e+02, 0., 0., 1.61559246e-02, 0. ]
R: !!opencv-matrix
   rows: 3
   cols: 3
   dt: d
   data: [ 1.0029603290726865e+00, -4.9472880537441621e-03,
       -1.8462575155464161e-02, -9.8232694259083580e-03,
       9.9995215481762512e-01, 9.9756096744888778e-03,
       1.4514449477138743e-03, -9.3423703869459536e-03,
       1.0005299671831114e+00 ]
T: !!opencv-matrix
   rows: 3
   cols: 1
   dt: d
   data: [ -6.3045715111081812e+01, -1.0554650600147202e+00,
       -1.9531565170528862e+00 ]
E: !!opencv-matrix
   rows: 0
   cols: 0
   dt: u
   data: []
F: !!opencv-matrix
   rows: 0
   cols: 0
   dt: u
   data: []
K1: !!opencv-matrix
   rows: 3
   cols: 3
   dt: d
   data: [ 3.6627756984521932e+02, 0., 3.8060969928433269e+02, 0.,
       3.6653175179255015e+02, 2.3878059668569790e+02, 0., 0., 1. ]
D1: !!opencv-matrix
   rows: 5
   cols: 1
   dt: d
   data: [ -2.1859934914563901e-02, -9.9468572971318997e-04,
       1.6448003429794193e-03, -3.1164985765511365e-04,
       3.5195408316194161e-04 ]
P1: !!opencv-matrix
   rows: 3
   cols: 4
   dt: f
   data: [ 3.70417572e+02, 0., 1.95702759e+02, 0., 0., 3.70417572e+02,
       2.38111328e+02, 0., 0., 0., 1., 0. ]
R1: !!opencv-matrix
   rows: 3
   cols: 3
   dt: f
   data: [ 9.75800157e-01, 5.89020103e-02, 2.10581526e-01,
       -5.99135347e-02, 9.98202324e-01, -1.57890480e-03, -2.10295960e-01,
       -1.10759875e-02, 9.77575004e-01 ]
K2: !!opencv-matrix
   rows: 3
   cols: 3
   dt: d
   data: [ 3.6687495098581172e+02, 0., 3.7621769200552956e+02, 0.,
       3.6726361788508825e+02, 2.2399932895774910e+02, 0., 0., 1. ]
D2: !!opencv-matrix
   rows: 5
   cols: 1
   dt: d
   data: [ -2.2201337830972428e-02, -1.1445843221826492e-03,
       2.9199201696882579e-04, -7.1705872414221615e-04,
       5.1284674356775366e-04 ]
P2: !!opencv-matrix
   rows: 3
   cols: 4
   dt: f
   data: [ 3.70417572e+02, 0., 1.95702759e+02, -2.29276621e+04, 0.,
       3.70417572e+02, 2.38111328e+02, 0., 0., 0., 1., 0. ]
R2: !!opencv-matrix
   rows: 3
   cols: 3
   dt: f
   data: [ 9.73690689e-01, 5.88924251e-02, 2.20131934e-01,
       -5.78330681e-02, 9.98262763e-01, -1.12595744e-02, -2.20412612e-01,
       -1.76756259e-03, 9.75405097e-01 ]
