%YAML:1.0
---
Q: !!opencv-matrix
   rows: 4
   cols: 4
   dt: f
   data: [ 1., 0., 0., -3.70777130e+02, 0., 1., 0., -2.31910660e+02, 0.,
       0., 0., 3.57002228e+02, 0., 0., 2.25118510e-02, 0. ]
R: !!opencv-matrix
   rows: 3
   cols: 3
   dt: d
   data: [ 1.0031240169381672e+00, -6.7361758066368195e-03,
       -2.2192645765924106e-02, -9.8070341541436814e-03,
       1.0007882584296626e+00, 9.9567679568921715e-03,
       1.2845886076428056e-03, -9.7233517149098551e-03,
       1.0010986134549420e+00 ]
T: !!opencv-matrix
   rows: 3
   cols: 1
   dt: d
   data: [ -4.0287068783819755e+01, -9.4506140697177898e-01,
       -4.4282979971728337e-01 ]
E: !!opencv-matrix
   rows: 0
   cols: 0
   dt: u
   data: []
F: !!opencv-matrix
   rows: 0
   cols: 0
   dt: u
   data: []
K1: !!opencv-matrix
   rows: 3
   cols: 3
   dt: d
   data: [ 3.6627756984521932e+02, 0., 3.8060969928433269e+02, 0.,
       3.6653175179255015e+02, 2.3878059668569790e+02, 0., 0., 1. ]
D1: !!opencv-matrix
   rows: 5
   cols: 1
   dt: d
   data: [ -2.1859934914563901e-02, -9.9468572971318997e-04,
       1.6448003429794193e-03, -3.1164985765511365e-04,
       3.5195408316194161e-04 ]
P1: !!opencv-matrix
   rows: 3
   cols: 4
   dt: f
   data: [ 3.57002228e+02, 0., 3.70777130e+02, 0., 0., 3.57002228e+02,
       2.31910660e+02, 0., 0., 0., 1., 0. ]
R1: !!opencv-matrix
   rows: 3
   cols: 3
   dt: f
   data: [ 9.99753177e-01, 2.19692122e-02, 3.29866796e-03,
       -2.19851900e-02, 9.99746323e-01, 4.88848472e-03, -3.19043500e-03,
       -4.95980028e-03, 9.99982595e-01 ]
K2: !!opencv-matrix
   rows: 3
   cols: 3
   dt: d
   data: [ 3.6687495098581172e+02, 0., 3.7621769200552956e+02, 0.,
       3.6726361788508825e+02, 2.2399932895774910e+02, 0., 0., 1. ]
D2: !!opencv-matrix
   rows: 5
   cols: 1
   dt: d
   data: [ -2.2201337830972428e-02, -1.1445843221826492e-03,
       2.9199201696882579e-04, -7.1705872414221615e-04,
       5.1284674356775366e-04 ]
P2: !!opencv-matrix
   rows: 3
   cols: 4
   dt: f
   data: [ 3.57002228e+02, 0., 3.70777130e+02, -1.58584131e+04, 0.,
       3.57002228e+02, 2.31910660e+02, 0., 0., 0., 1., 0. ]
R2: !!opencv-matrix
   rows: 3
   cols: 3
   dt: f
   data: [ 9.99683559e-01, 2.05352586e-02, 1.45307072e-02,
       -2.04634480e-02, 9.99777734e-01, -5.07353386e-03, -1.46316634e-02,
       4.77457978e-03, 9.99881566e-01 ]
