%YAML:1.0
---
Q: !!opencv-matrix
   rows: 4
   cols: 4
   dt: f
   data: [ 1., 0., 0., -4.87659485e+02, 0., 1., 0., -2.31753494e+02, 0.,
       0., 0., 3.50116241e+02, 0., 0., 1.45291090e-01, 0. ]
R: !!opencv-matrix
   rows: 3
   cols: 3
   dt: d
   data: [ 1.0058035388387014e+00, -5.8381107917764791e-03,
       -2.0916766881113623e-02, -9.8458207642521788e-03,
       1.0042626032005439e+00, 9.7238019580060415e-03,
       1.8187827996022088e-03, -1.1546914472441093e-02,
       1.0032966445609333e+00 ]
T: !!opencv-matrix
   rows: 3
   cols: 1
   dt: d
   data: [ -6.7410421754174452e+00, 1.0214689584734610e-02,
       9.0298599959741543e-01 ]
E: !!opencv-matrix
   rows: 0
   cols: 0
   dt: u
   data: []
F: !!opencv-matrix
   rows: 0
   cols: 0
   dt: u
   data: []
K1: !!opencv-matrix
   rows: 3
   cols: 3
   dt: d
   data: [ 3.6627756984521932e+02, 0., 3.8060969928433269e+02, 0.,
       3.6653175179255015e+02, 2.3878059668569790e+02, 0., 0., 1. ]
D1: !!opencv-matrix
   rows: 5
   cols: 1
   dt: d
   data: [ -2.1859934914563901e-02, -9.9468572971318997e-04,
       1.6448003429794193e-03, -3.1164985765511365e-04,
       3.5195408316194161e-04 ]
P1: !!opencv-matrix
   rows: 3
   cols: 4
   dt: f
   data: [ 3.50116241e+02, 0., 4.87659485e+02, 0., 0., 3.50116241e+02,
       2.31753494e+02, 0., 0., 0., 1., 0. ]
R1: !!opencv-matrix
   rows: 3
   cols: 3
   dt: f
   data: [ 9.89930153e-01, 2.07493213e-04, -1.41556725e-01,
       5.26848075e-04, 9.99986589e-01, 5.15011325e-03, 1.41555905e-01,
       -5.17283101e-03, 9.89916742e-01 ]
K2: !!opencv-matrix
   rows: 3
   cols: 3
   dt: d
   data: [ 3.6687495098581172e+02, 0., 3.7621769200552956e+02, 0.,
       3.6726361788508825e+02, 2.2399932895774910e+02, 0., 0., 1. ]
D2: !!opencv-matrix
   rows: 5
   cols: 1
   dt: d
   data: [ -2.2201337830972428e-02, -1.1445843221826492e-03,
       2.9199201696882579e-04, -7.1705872414221615e-04,
       5.1284674356775366e-04 ]
P2: !!opencv-matrix
   rows: 3
   cols: 4
   dt: f
   data: [ 3.50116241e+02, 0., 4.87659485e+02, -2.40975708e+03, 0.,
       3.50116241e+02, 2.31753494e+02, 0., 0., 0., 1., 0. ]
R2: !!opencv-matrix
   rows: 3
   cols: 3
   dt: f
   data: [ 9.91469979e-01, -2.94238492e-03, -1.30301863e-01,
       2.26665405e-03, 9.99983191e-01, -5.33389254e-03, 1.30315363e-01,
       4.99304524e-03, 9.91460025e-01 ]
