%YAML:1.0
---
Q: !!opencv-matrix
   rows: 4
   cols: 4
   dt: f
   data: [ 1., 0., 0., -4.27634094e+02, 0., 1., 0., -2.31952133e+02, 0.,
       0., 0., 3.51647705e+02, 0., 0., 2.99294144e-01, 0. ]
R: !!opencv-matrix
   rows: 3
   cols: 3
   dt: d
   data: [ 1.0085612296847863e+00, -5.5407017666293098e-03,
       -2.2936922285723558e-02, -9.6219281583994846e-03,
       1.0038743597005659e+00, 9.7213891421519191e-03,
       1.4942709726404365e-03, -1.1462374316190131e-02,
       1.0040500673797539e+00 ]
T: !!opencv-matrix
   rows: 3
   cols: 1
   dt: d
   data: [ -3.1508416020838239e+00, 1.5757581221912488e-02,
       1.8086157173900391e-01 ]
E: !!opencv-matrix
   rows: 0
   cols: 0
   dt: u
   data: []
F: !!opencv-matrix
   rows: 0
   cols: 0
   dt: u
   data: []
K1: !!opencv-matrix
   rows: 3
   cols: 3
   dt: d
   data: [ 3.6627756984521932e+02, 0., 3.8060969928433269e+02, 0.,
       3.6653175179255015e+02, 2.3878059668569790e+02, 0., 0., 1. ]
D1: !!opencv-matrix
   rows: 5
   cols: 1
   dt: d
   data: [ -2.1859934914563901e-02, -9.9468572971318997e-04,
       1.6448003429794193e-03, -3.1164985765511365e-04,
       3.5195408316194161e-04 ]
P1: !!opencv-matrix
   rows: 3
   cols: 4
   dt: f
   data: [ 3.51647705e+02, 0., 4.27634094e+02, 0., 0., 3.51647705e+02,
       2.31952133e+02, 0., 0., 0., 1., 0. ]
R1: !!opencv-matrix
   rows: 3
   cols: 3
   dt: f
   data: [ 9.97604012e-01, -2.36033206e-03, -6.91423863e-02,
       2.71990849e-03, 9.99983251e-01, 5.10683889e-03, 6.91291690e-02,
       -5.28266421e-03, 9.97593701e-01 ]
K2: !!opencv-matrix
   rows: 3
   cols: 3
   dt: d
   data: [ 3.6687495098581172e+02, 0., 3.7621769200552956e+02, 0.,
       3.6726361788508825e+02, 2.2399932895774910e+02, 0., 0., 1. ]
D2: !!opencv-matrix
   rows: 5
   cols: 1
   dt: d
   data: [ -2.2201337830972428e-02, -1.1445843221826492e-03,
       2.9199201696882579e-04, -7.1705872414221615e-04,
       5.1284674356775366e-04 ]
P2: !!opencv-matrix
   rows: 3
   cols: 4
   dt: f
   data: [ 3.51647705e+02, 0., 4.27634094e+02, -1.17492346e+03, 0.,
       3.51647705e+02, 2.31952133e+02, 0., 0., 0., 1., 0. ]
R2: !!opencv-matrix
   rows: 3
   cols: 3
   dt: f
   data: [ 9.98354435e-01, -4.97234380e-03, -5.71289361e-02,
       4.67520580e-03, 9.99974847e-01, -5.33366017e-03, 5.71540222e-02,
       5.05779404e-03, 9.98352587e-01 ]
