%YAML:1.0
---
Q: !!opencv-matrix
   rows: 4
   cols: 4
   dt: f
   data: [ 1., 0., 0., -3.57483612e+02, 0., 1., 0., -2.32243896e+02, 0.,
       0., 0., 3.55379608e+02, 0., 0., 2.14664668e-01, 0. ]
R: !!opencv-matrix
   rows: 3
   cols: 3
   dt: d
   data: [ 1.0058422597367083e+00, 8.9763902886530536e-03,
       -1.9803684174409157e-03, -9.7105505442328620e-03,
       1.0062158957721348e+00, 1.0660164712167498e-02,
       1.9069491012270407e-03, -9.4240211685550739e-03,
       1.0062608387288687e+00 ]
T: !!opencv-matrix
   rows: 3
   cols: 1
   dt: d
   data: [ -4.6661106916085648e+00, -1.4980097015303409e-01,
       -1.1132052880839810e-01 ]
E: !!opencv-matrix
   rows: 0
   cols: 0
   dt: u
   data: []
F: !!opencv-matrix
   rows: 0
   cols: 0
   dt: u
   data: []
K1: !!opencv-matrix
   rows: 3
   cols: 3
   dt: d
   data: [ 3.6627756984521932e+02, 0., 3.8060969928433269e+02, 0.,
       3.6653175179255015e+02, 2.3878059668569790e+02, 0., 0., 1. ]
D1: !!opencv-matrix
   rows: 5
   cols: 1
   dt: d
   data: [ -2.1859934914563901e-02, -9.9468572971318997e-04,
       1.6448003429794193e-03, -3.1164985765511365e-04,
       3.5195408316194161e-04 ]
P1: !!opencv-matrix
   rows: 3
   cols: 4
   dt: f
   data: [ 3.55379608e+02, 0., 3.57483612e+02, 0., 0., 3.55379608e+02,
       2.32243896e+02, 0., 0., 0., 1., 0. ]
R1: !!opencv-matrix
   rows: 3
   cols: 3
   dt: f
   data: [ 9.98854578e-01, 4.07873318e-02, 2.50192694e-02,
       -4.09131609e-02, 9.99152422e-01, 4.53794701e-03, -2.48129722e-02,
       -5.55636641e-03, 9.99676645e-01 ]
K2: !!opencv-matrix
   rows: 3
   cols: 3
   dt: d
   data: [ 3.6687495098581172e+02, 0., 3.7621769200552956e+02, 0.,
       3.6726361788508825e+02, 2.2399932895774910e+02, 0., 0., 1. ]
D2: !!opencv-matrix
   rows: 5
   cols: 1
   dt: d
   data: [ -2.2201337830972428e-02, -1.1445843221826492e-03,
       2.9199201696882579e-04, -7.1705872414221615e-04,
       5.1284674356775366e-04 ]
P2: !!opencv-matrix
   rows: 3
   cols: 4
   dt: f
   data: [ 3.55379608e+02, 0., 3.57483612e+02, -1.65551050e+03, 0.,
       3.55379608e+02, 2.32243896e+02, 0., 0., 0., 1., 0. ]
R2: !!opencv-matrix
   rows: 3
   cols: 3
   dt: f
   data: [ 9.99139726e-01, 3.18061858e-02, 2.66118683e-02,
       -3.16713974e-02, 9.99483347e-01, -5.47128776e-03, -2.67721415e-02,
       4.62374603e-03, 9.99630868e-01 ]
