%YAML:1.0
---
Q: !!opencv-matrix
   rows: 4
   cols: 4
   dt: f
   data: [ 1., 0., 0., -3.30417328e+02, 0., 1., 0., -2.38942551e+02, 0.,
       0., 0., 4.66083008e+02, 0., 0., 2.24429920e-01, 0. ]
R: !!opencv-matrix
   rows: 3
   cols: 3
   dt: d
   data: [ 1.0059962670267077e+00, 7.2349842675575420e-03,
       -5.1393971955913933e-03, -1.0271341827365313e-02,
       1.0093770637539055e+00, 1.6463199423447518e-02,
       3.4786733474428504e-03, -6.1548783038516226e-03,
       1.0053843572474979e+00 ]
T: !!opencv-matrix
   rows: 3
   cols: 1
   dt: d
   data: [ -4.2790265162282308e+00, -1.0756413791839015e+00,
       -2.7115732089114147e-01 ]
E: !!opencv-matrix
   rows: 0
   cols: 0
   dt: u
   data: []
F: !!opencv-matrix
   rows: 0
   cols: 0
   dt: u
   data: []
K1: !!opencv-matrix
   rows: 3
   cols: 3
   dt: d
   data: [ 3.6627756984521932e+02, 0., 3.8060969928433269e+02, 0.,
       3.6653175179255015e+02, 2.3878059668569790e+02, 0., 0., 1. ]
D1: !!opencv-matrix
   rows: 5
   cols: 1
   dt: d
   data: [ -2.1859934914563901e-02, -9.9468572971318997e-04,
       1.6448003429794193e-03, -3.1164985765511365e-04,
       3.5195408316194161e-04 ]
P1: !!opencv-matrix
   rows: 3
   cols: 4
   dt: f
   data: [ 4.66083008e+02, 0., 3.30417328e+02, 0., 0., 4.66083008e+02,
       2.38942551e+02, 0., 0., 0., 1., 0. ]
R1: !!opencv-matrix
   rows: 3
   cols: 3
   dt: f
   data: [ 9.66526210e-01, 2.49938861e-01, 5.79455905e-02,
       -2.50282586e-01, 9.68171895e-01, -1.36539037e-03, -5.64425550e-02,
       -1.31830862e-02, 9.98318791e-01 ]
K2: !!opencv-matrix
   rows: 3
   cols: 3
   dt: d
   data: [ 3.6687495098581172e+02, 0., 3.7621769200552956e+02, 0.,
       3.6726361788508825e+02, 2.2399932895774910e+02, 0., 0., 1. ]
D2: !!opencv-matrix
   rows: 5
   cols: 1
   dt: d
   data: [ -2.2201337830972428e-02, -1.1445843221826492e-03,
       2.9199201696882579e-04, -7.1705872414221615e-04,
       5.1284674356775366e-04 ]
P2: !!opencv-matrix
   rows: 3
   cols: 4
   dt: f
   data: [ 4.66083008e+02, 0., 3.30417328e+02, -2.07674194e+03, 0.,
       4.66083008e+02, 2.38942551e+02, 0., 0., 0., 1., 0. ]
R2: !!opencv-matrix
   rows: 3
   cols: 3
   dt: f
   data: [ 9.68447685e-01, 2.42078111e-01, 5.92220500e-02,
       -2.41718024e-01, 9.70255673e-01, -1.32787395e-02, -6.06750213e-02,
       -1.45527220e-03, 9.98156488e-01 ]
