%YAML:1.0
---
Q: !!opencv-matrix
   rows: 4
   cols: 4
   dt: f
   data: [ 1., 0., 0., -3.57368011e+02, 0., 1., 0., -2.32048813e+02, 0.,
       0., 0., 3.56635712e+02, 0., 0., 1.58516802e-02, 0. ]
R: !!opencv-matrix
   rows: 3
   cols: 3
   dt: d
   data: [ 1.0033351590950255e+00, -5.9090695666423419e-03,
       -2.0091716797391111e-02, -9.8541533222926102e-03,
       1.0003576495597515e+00, 9.9083813791963488e-03,
       1.3599623888826101e-03, -9.7553085405700322e-03,
       1.0004775149351646e+00 ]
T: !!opencv-matrix
   rows: 3
   cols: 1
   dt: d
   data: [ -5.4431935673239593e+01, -6.4871548576219540e-01,
       5.8841184913424105e-01 ]
E: !!opencv-matrix
   rows: 0
   cols: 0
   dt: u
   data: []
F: !!opencv-matrix
   rows: 0
   cols: 0
   dt: u
   data: []
K1: !!opencv-matrix
   rows: 3
   cols: 3
   dt: d
   data: [ 3.6627756984521932e+02, 0., 3.8060969928433269e+02, 0.,
       3.6653175179255015e+02, 2.3878059668569790e+02, 0., 0., 1. ]
D1: !!opencv-matrix
   rows: 5
   cols: 1
   dt: d
   data: [ -2.1859934914563901e-02, -9.9468572971318997e-04,
       1.6448003429794193e-03, -3.1164985765511365e-04,
       3.5195408316194161e-04 ]
P1: !!opencv-matrix
   rows: 3
   cols: 4
   dt: f
   data: [ 3.56635712e+02, 0., 3.57368011e+02, 0., 0., 3.56635712e+02,
       2.32048813e+02, 0., 0., 0., 1., 0. ]
R1: !!opencv-matrix
   rows: 3
   cols: 3
   dt: f
   data: [ 9.99596417e-01, 1.88739803e-02, 2.12328192e-02,
       -1.89770367e-02, 9.99809027e-01, 4.66268230e-03, -2.11407617e-02,
       -5.06373635e-03, 9.99763668e-01 ]
K2: !!opencv-matrix
   rows: 3
   cols: 3
   dt: d
   data: [ 3.6687495098581172e+02, 0., 3.7621769200552956e+02, 0.,
       3.6726361788508825e+02, 2.2399932895774910e+02, 0., 0., 1. ]
D2: !!opencv-matrix
   rows: 5
   cols: 1
   dt: d
   data: [ -2.2201337830972428e-02, -1.1445843221826492e-03,
       2.9199201696882579e-04, -7.1705872414221615e-04,
       5.1284674356775366e-04 ]
P2: !!opencv-matrix
   rows: 3
   cols: 4
   dt: f
   data: [ 3.56635712e+02, 0., 3.57368011e+02, -2.24982891e+04, 0.,
       3.56635712e+02, 2.32048813e+02, 0., 0., 0., 1., 0. ]
R2: !!opencv-matrix
   rows: 3
   cols: 3
   dt: f
   data: [ 9.99380589e-01, 1.67308953e-02, 3.09608132e-02,
       -1.65800899e-02, 9.99849439e-01, -5.12119941e-03, -3.10418345e-02,
       4.60469397e-03, 9.99507487e-01 ]
