%YAML:1.0
---
Q: !!opencv-matrix
   rows: 4
   cols: 4
   dt: f
   data: [ 1., 0., 0., -4.22865784e+02, 0., 1., 0., -2.31812912e+02, 0.,
       0., 0., 3.53603607e+02, 0., 0., 3.54514807e-01, 0. ]
R: !!opencv-matrix
   rows: 3
   cols: 3
   dt: d
   data: [ 1.0067593719931329e+00, 1.2712381663356185e-03,
       -7.1119754020046652e-03, -9.8870508829187655e-03,
       1.0061178047063379e+00, 1.0163702298794429e-02,
       1.0662427530409944e-03, -9.1315825218704454e-03,
       1.0054921279285276e+00 ]
T: !!opencv-matrix
   rows: 3
   cols: 1
   dt: d
   data: [ -4.1139617931091852e+00, -6.2268275666982231e-02,
       1.1467054593304786e-02 ]
E: !!opencv-matrix
   rows: 0
   cols: 0
   dt: u
   data: []
F: !!opencv-matrix
   rows: 0
   cols: 0
   dt: u
   data: []
K1: !!opencv-matrix
   rows: 3
   cols: 3
   dt: d
   data: [ 3.6627756984521932e+02, 0., 3.8060969928433269e+02, 0.,
       3.6653175179255015e+02, 2.3878059668569790e+02, 0., 0., 1. ]
D1: !!opencv-matrix
   rows: 5
   cols: 1
   dt: d
   data: [ -2.1859934914563901e-02, -9.9468572971318997e-04,
       1.6448003429794193e-03, -3.1164985765511365e-04,
       3.5195408316194161e-04 ]
P1: !!opencv-matrix
   rows: 3
   cols: 4
   dt: f
   data: [ 3.53603607e+02, 0., 4.22865784e+02, 0., 0., 3.53603607e+02,
       2.31812912e+02, 0., 0., 0., 1., 0. ]
R1: !!opencv-matrix
   rows: 3
   cols: 3
   dt: f
   data: [ 9.97991145e-01, 1.71439152e-03, -6.33306578e-02,
       -1.38758577e-03, 9.99985516e-01, 5.20393206e-03, 6.33386597e-02,
       -5.10560116e-03, 9.97979045e-01 ]
K2: !!opencv-matrix
   rows: 3
   cols: 3
   dt: d
   data: [ 3.6687495098581172e+02, 0., 3.7621769200552956e+02, 0.,
       3.6726361788508825e+02, 2.2399932895774910e+02, 0., 0., 1. ]
D2: !!opencv-matrix
   rows: 5
   cols: 1
   dt: d
   data: [ -2.2201337830972428e-02, -1.1445843221826492e-03,
       2.9199201696882579e-04, -7.1705872414221615e-04,
       5.1284674356775366e-04 ]
P2: !!opencv-matrix
   rows: 3
   cols: 4
   dt: f
   data: [ 3.53603607e+02, 0., 4.22865784e+02, -9.97429688e+02, 0.,
       3.53603607e+02, 2.31812912e+02, 0., 0., 0., 1., 0. ]
R2: !!opencv-matrix
   rows: 3
   cols: 3
   dt: f
   data: [ 9.98695731e-01, -4.88632533e-04, -5.10553829e-02,
       2.25229262e-04, 9.99986649e-01, -5.16479323e-03, 5.10572232e-02,
       5.14655793e-03, 9.98682439e-01 ]
