%YAML:1.0
---
Q: !!opencv-matrix
   rows: 4
   cols: 4
   dt: f
   data: [ 1., 0., 0., -4.16303101e+02, 0., 1., 0., -2.31107483e+02, 0.,
       0., 0., 3.60243195e+02, 0., 0., 2.31567383e-01, 0. ]
R: !!opencv-matrix
   rows: 3
   cols: 3
   dt: d
   data: [ 1.0071896824048874e+00, 6.6685415207796174e-03,
       -6.0125969481818154e-03, -9.9045616211843740e-03,
       1.0069581591513712e+00, 1.0291190030960884e-02,
       1.7393327588498995e-03, -1.1112615995373856e-02,
       1.0055239058347107e+00 ]
T: !!opencv-matrix
   rows: 3
   cols: 1
   dt: d
   data: [ -4.2786565509485559e+00, -8.9680884153563956e-02,
       1.8925198249075123e-01 ]
E: !!opencv-matrix
   rows: 0
   cols: 0
   dt: u
   data: []
F: !!opencv-matrix
   rows: 0
   cols: 0
   dt: u
   data: []
K1: !!opencv-matrix
   rows: 3
   cols: 3
   dt: d
   data: [ 3.6627756984521932e+02, 0., 3.8060969928433269e+02, 0.,
       3.6653175179255015e+02, 2.3878059668569790e+02, 0., 0., 1. ]
D1: !!opencv-matrix
   rows: 5
   cols: 1
   dt: d
   data: [ -2.1859934914563901e-02, -9.9468572971318997e-04,
       1.6448003429794193e-03, -3.1164985765511365e-04,
       3.5195408316194161e-04 ]
P1: !!opencv-matrix
   rows: 3
   cols: 4
   dt: f
   data: [ 3.60243195e+02, 0., 4.16303101e+02, 0., 0., 3.60243195e+02,
       2.31107483e+02, 0., 0., 0., 1., 0. ]
R1: !!opencv-matrix
   rows: 3
   cols: 3
   dt: f
   data: [ 9.98242259e-01, 3.03724632e-02, -5.08905873e-02,
       -3.01054921e-02, 9.99528706e-01, 6.00452442e-03, 5.10489754e-02,
       -4.46188403e-03, 9.98686194e-01 ]
K2: !!opencv-matrix
   rows: 3
   cols: 3
   dt: d
   data: [ 3.6687495098581172e+02, 0., 3.7621769200552956e+02, 0.,
       3.6726361788508825e+02, 2.2399932895774910e+02, 0., 0., 1. ]
D2: !!opencv-matrix
   rows: 5
   cols: 1
   dt: d
   data: [ -2.2201337830972428e-02, -1.1445843221826492e-03,
       2.9199201696882579e-04, -7.1705872414221615e-04,
       5.1284674356775366e-04 ]
P2: !!opencv-matrix
   rows: 3
   cols: 4
   dt: f
   data: [ 3.60243195e+02, 0., 4.16303101e+02, -1.55567334e+03, 0.,
       3.60243195e+02, 2.31107483e+02, 0., 0., 0., 1., 0. ]
R2: !!opencv-matrix
   rows: 3
   cols: 3
   dt: f
   data: [ 9.98640954e-01, 2.16333717e-02, -4.74151522e-02,
       -2.18814015e-02, 9.99749422e-01, -4.71817749e-03, 4.73011993e-02,
       5.74927498e-03, 9.98864114e-01 ]
