%YAML:1.0
---
Q: !!opencv-matrix
   rows: 4
   cols: 4
   dt: f
   data: [ 1., 0., 0., -3.77550720e+02, 0., 1., 0., -2.31805344e+02, 0.,
       0., 0., 3.57379730e+02, 0., 0., 3.81265134e-02, 0. ]
R: !!opencv-matrix
   rows: 3
   cols: 3
   dt: d
   data: [ 1.0036697674157540e+00, -7.0689325284633729e-03,
       -2.5157093663790146e-02, -9.8449318158660166e-03,
       1.0011460932394523e+00, 9.8859861763202737e-03,
       1.2257061263609510e-03, -1.0230667854531209e-02,
       1.0013913418047595e+00 ]
T: !!opencv-matrix
   rows: 3
   cols: 1
   dt: d
   data: [ -2.3415329239151422e+01, -5.7692016877979724e-01,
       4.4011784088301815e-02 ]
E: !!opencv-matrix
   rows: 0
   cols: 0
   dt: u
   data: []
F: !!opencv-matrix
   rows: 0
   cols: 0
   dt: u
   data: []
K1: !!opencv-matrix
   rows: 3
   cols: 3
   dt: d
   data: [ 3.6627756984521932e+02, 0., 3.8060969928433269e+02, 0.,
       3.6653175179255015e+02, 2.3878059668569790e+02, 0., 0., 1. ]
D1: !!opencv-matrix
   rows: 5
   cols: 1
   dt: d
   data: [ -2.1859934914563901e-02, -9.9468572971318997e-04,
       1.6448003429794193e-03, -3.1164985765511365e-04,
       3.5195408316194161e-04 ]
P1: !!opencv-matrix
   rows: 3
   cols: 4
   dt: f
   data: [ 3.57379730e+02, 0., 3.77550720e+02, 0., 0., 3.57379730e+02,
       2.31805344e+02, 0., 0., 0., 1., 0. ]
R1: !!opencv-matrix
   rows: 3
   cols: 3
   dt: f
   data: [ 9.99602497e-01, 2.75294296e-02, -6.08245656e-03,
       -2.74982341e-02, 9.99608576e-01, 5.15423203e-03, 6.22196868e-03,
       -4.98492643e-03, 9.99968231e-01 ]
K2: !!opencv-matrix
   rows: 3
   cols: 3
   dt: d
   data: [ 3.6687495098581172e+02, 0., 3.7621769200552956e+02, 0.,
       3.6726361788508825e+02, 2.2399932895774910e+02, 0., 0., 1. ]
D2: !!opencv-matrix
   rows: 5
   cols: 1
   dt: d
   data: [ -2.2201337830972428e-02, -1.1445843221826492e-03,
       2.9199201696882579e-04, -7.1705872414221615e-04,
       5.1284674356775366e-04 ]
P2: !!opencv-matrix
   rows: 3
   cols: 4
   dt: f
   data: [ 3.57379730e+02, 0., 3.77550720e+02, -9.37352148e+03, 0.,
       3.57379730e+02, 2.31805344e+02, 0., 0., 0., 1., 0. ]
R2: !!opencv-matrix
   rows: 3
   cols: 3
   dt: f
   data: [ 9.99641657e-01, 2.59768981e-02, 6.46657590e-03,
       -2.59437747e-02, 9.99650121e-01, -5.15443599e-03, -6.59820950e-03,
       4.98482166e-03, 9.99965787e-01 ]
