%YAML:1.0
---
Q: !!opencv-matrix
   rows: 4
   cols: 4
   dt: f
   data: [ 1., 0., 0., -1.95931992e+02, 0., 1., 0., -2.38136505e+02, 0.,
       0., 0., 3.70516815e+02, 0., 0., 1.55749116e-02, 0. ]
R: !!opencv-matrix
   rows: 3
   cols: 3
   dt: d
   data: [ 1.0014293676417445e+00, -5.6447097478698680e-03,
       -1.8985148619241467e-02, -9.7459420160160189e-03,
       9.9908707739075819e-01, 1.0422784893997195e-02,
       1.8095196383299838e-03, -7.8573729077123910e-03,
       1.0017029316155910e+00 ]
T: !!opencv-matrix
   rows: 3
   cols: 1
   dt: d
   data: [ -6.0268336938775299e+01, -3.6452523900930318e+00,
       -1.3625461719284237e+01 ]
E: !!opencv-matrix
   rows: 0
   cols: 0
   dt: u
   data: []
F: !!opencv-matrix
   rows: 0
   cols: 0
   dt: u
   data: []
K1: !!opencv-matrix
   rows: 3
   cols: 3
   dt: d
   data: [ 3.6627756984521932e+02, 0., 3.8060969928433269e+02, 0.,
       3.6653175179255015e+02, 2.3878059668569790e+02, 0., 0., 1. ]
D1: !!opencv-matrix
   rows: 5
   cols: 1
   dt: d
   data: [ -2.1859934914563901e-02, -9.9468572971318997e-04,
       1.6448003429794193e-03, -3.1164985765511365e-04,
       3.5195408316194161e-04 ]
P1: !!opencv-matrix
   rows: 3
   cols: 4
   dt: f
   data: [ 3.70516815e+02, 0., 1.95931992e+02, 0., 0., 3.70516815e+02,
       2.38136505e+02, 0., 0., 0., 1., 0. ]
R1: !!opencv-matrix
   rows: 3
   cols: 3
   dt: f
   data: [ 9.75822270e-01, 5.91704100e-02, 2.10403889e-01,
       -6.01842962e-02, 9.98185992e-01, -1.58694666e-03, -2.10116118e-01,
       -1.11144315e-02, 9.77613270e-01 ]
K2: !!opencv-matrix
   rows: 3
   cols: 3
   dt: d
   data: [ 3.6687495098581172e+02, 0., 3.7621769200552956e+02, 0.,
       3.6726361788508825e+02, 2.2399932895774910e+02, 0., 0., 1. ]
D2: !!opencv-matrix
   rows: 5
   cols: 1
   dt: d
   data: [ -2.2201337830972428e-02, -1.1445843221826492e-03,
       2.9199201696882579e-04, -7.1705872414221615e-04,
       5.1284674356775366e-04 ]
P2: !!opencv-matrix
   rows: 3
   cols: 4
   dt: f
   data: [ 3.70516815e+02, 0., 1.95931992e+02, -2.37893379e+04, 0.,
       3.70516815e+02, 2.38136505e+02, 0., 0., 0., 1., 0. ]
R2: !!opencv-matrix
   rows: 3
   cols: 3
   dt: f
   data: [ 9.73739147e-01, 5.91714308e-02, 2.19842643e-01,
       -5.81100956e-02, 9.98246253e-01, -1.12971049e-02, -2.20125556e-01,
       -1.77464343e-03, 9.75469947e-01 ]
