%YAML:1.0
---
Q: !!opencv-matrix
   rows: 4
   cols: 4
   dt: f
   data: [ 1., 0., 0., -3.56484833e+02, 0., 1., 0., -2.32181610e+02, 0.,
       0., 0., 3.55274353e+02, 0., 0., 2.36515954e-01, 0. ]
R: !!opencv-matrix
   rows: 3
   cols: 3
   dt: d
   data: [ 1.0057213196820927e+00, 5.4768636964949696e-03,
       -5.0217898844278474e-03, -9.8009141416352374e-03,
       1.0060084745140188e+00, 1.0525649453417477e-02,
       1.7020276976996206e-03, -9.5741669763176260e-03,
       1.0065039138556726e+00 ]
T: !!opencv-matrix
   rows: 3
   cols: 1
   dt: d
   data: [ -4.2693690105396502e+00, -1.2382180229006591e-01,
       -1.2570327424282365e-01 ]
E: !!opencv-matrix
   rows: 0
   cols: 0
   dt: u
   data: []
F: !!opencv-matrix
   rows: 0
   cols: 0
   dt: u
   data: []
K1: !!opencv-matrix
   rows: 3
   cols: 3
   dt: d
   data: [ 3.6627756984521932e+02, 0., 3.8060969928433269e+02, 0.,
       3.6653175179255015e+02, 2.3878059668569790e+02, 0., 0., 1. ]
D1: !!opencv-matrix
   rows: 5
   cols: 1
   dt: d
   data: [ -2.1859934914563901e-02, -9.9468572971318997e-04,
       1.6448003429794193e-03, -3.1164985765511365e-04,
       3.5195408316194161e-04 ]
P1: !!opencv-matrix
   rows: 3
   cols: 4
   dt: f
   data: [ 3.55274353e+02, 0., 3.56484833e+02, 0., 0., 3.55274353e+02,
       2.32181610e+02, 0., 0., 0., 1., 0. ]
R1: !!opencv-matrix
   rows: 3
   cols: 3
   dt: f
   data: [ 9.99148548e-01, 3.24024074e-02, 2.55396385e-02,
       -3.25308442e-02, 9.99459982e-01, 4.62937821e-03, -2.53758449e-02,
       -5.45626227e-03, 9.99663115e-01 ]
K2: !!opencv-matrix
   rows: 3
   cols: 3
   dt: d
   data: [ 3.6687495098581172e+02, 0., 3.7621769200552956e+02, 0.,
       3.6726361788508825e+02, 2.2399932895774910e+02, 0., 0., 1. ]
D2: !!opencv-matrix
   rows: 5
   cols: 1
   dt: d
   data: [ -2.2201337830972428e-02, -1.1445843221826492e-03,
       2.9199201696882579e-04, -7.1705872414221615e-04,
       5.1284674356775366e-04 ]
P2: !!opencv-matrix
   rows: 3
   cols: 4
   dt: f
   data: [ 3.55274353e+02, 0., 3.56484833e+02, -1.50211584e+03, 0.,
       3.55274353e+02, 2.32181610e+02, 0., 0., 0., 1., 0. ]
R2: !!opencv-matrix
   rows: 3
   cols: 3
   dt: f
   data: [ 9.99266028e-01, 2.53003165e-02, 2.87618358e-02,
       -2.51548961e-02, 9.99668956e-01, -5.40670333e-03, -2.88891066e-02,
       4.67923377e-03, 9.99571681e-01 ]
