%YAML:1.0
---
Q: !!opencv-matrix
   rows: 4
   cols: 4
   dt: f
   data: [ 1., 0., 0., -3.67771759e+02, 0., 1., 0., -2.31945297e+02, 0.,
       0., 0., 3.54546295e+02, 0., 0., 2.44545028e-01, 0. ]
R: !!opencv-matrix
   rows: 3
   cols: 3
   dt: d
   data: [ 1.0061046327618937e+00, 2.1528669820622668e-03,
       -7.5774625115223862e-03, -9.7577926321406779e-03,
       1.0056041760328795e+00, 1.0290231191131502e-02,
       1.4727337823177602e-03, -9.4407646150794396e-03,
       1.0061616410738228e+00 ]
T: !!opencv-matrix
   rows: 3
   cols: 1
   dt: d
   data: [ -4.0560239977757462e+00, -7.2761076226620355e-02,
       -8.8929879706940940e-02 ]
E: !!opencv-matrix
   rows: 0
   cols: 0
   dt: u
   data: []
F: !!opencv-matrix
   rows: 0
   cols: 0
   dt: u
   data: []
K1: !!opencv-matrix
   rows: 3
   cols: 3
   dt: d
   data: [ 3.6627756984521932e+02, 0., 3.8060969928433269e+02, 0.,
       3.6653175179255015e+02, 2.3878059668569790e+02, 0., 0., 1. ]
D1: !!opencv-matrix
   rows: 5
   cols: 1
   dt: d
   data: [ -2.1859934914563901e-02, -9.9468572971318997e-04,
       1.6448003429794193e-03, -3.1164985765511365e-04,
       3.5195408316194161e-04 ]
P1: !!opencv-matrix
   rows: 3
   cols: 4
   dt: f
   data: [ 3.54546295e+02, 0., 3.67771759e+02, 0., 0., 3.54546295e+02,
       2.31945297e+02, 0., 0., 0., 1., 0. ]
R1: !!opencv-matrix
   rows: 3
   cols: 3
   dt: f
   data: [ 9.99652326e-01, 2.40827203e-02, 1.07327681e-02,
       -2.41355374e-02, 9.99697089e-01, 4.81904671e-03, -1.06134610e-02,
       -5.07641258e-03, 9.99930799e-01 ]
K2: !!opencv-matrix
   rows: 3
   cols: 3
   dt: d
   data: [ 3.6687495098581172e+02, 0., 3.7621769200552956e+02, 0.,
       3.6726361788508825e+02, 2.2399932895774910e+02, 0., 0., 1. ]
D2: !!opencv-matrix
   rows: 5
   cols: 1
   dt: d
   data: [ -2.2201337830972428e-02, -1.1445843221826492e-03,
       2.9199201696882579e-04, -7.1705872414221615e-04,
       5.1284674356775366e-04 ]
P2: !!opencv-matrix
   rows: 3
   cols: 4
   dt: f
   data: [ 3.54546295e+02, 0., 3.67771759e+02, -1.44982019e+03, 0.,
       3.54546295e+02, 2.31945297e+02, 0., 0., 0., 1., 0. ]
R2: !!opencv-matrix
   rows: 3
   cols: 3
   dt: f
   data: [ 9.99721289e-01, 1.83600038e-02, 1.48404641e-02,
       -1.82863399e-02, 9.99819875e-01, -5.08421240e-03, -1.49311377e-02,
       4.81141778e-03, 9.99876976e-01 ]
