%YAML:1.0
---
Q: !!opencv-matrix
   rows: 4
   cols: 4
   dt: f
   data: [ 1., 0., 0., -3.90376892e+02, 0., 1., 0., -2.31725235e+02, 0.,
       0., 0., 3.57855377e+02, 0., 0., 1.83691904e-02, 0. ]
R: !!opencv-matrix
   rows: 3
   cols: 3
   dt: d
   data: [ 1.0032992776241678e+00, -6.2687896984187780e-03,
       -2.0983520032151457e-02, -9.8431254503185388e-03,
       1.0004680023133883e+00, 9.9313396180206251e-03,
       1.3142178597923355e-03, -9.7225959648637190e-03,
       1.0007054755914062e+00 ]
T: !!opencv-matrix
   rows: 3
   cols: 1
   dt: d
   data: [ -4.8956763027859829e+01, -7.8461288742348601e-01,
       7.4094753595373014e-02 ]
E: !!opencv-matrix
   rows: 0
   cols: 0
   dt: u
   data: []
F: !!opencv-matrix
   rows: 0
   cols: 0
   dt: u
   data: []
K1: !!opencv-matrix
   rows: 3
   cols: 3
   dt: d
   data: [ 3.6627756984521932e+02, 0., 3.8060969928433269e+02, 0.,
       3.6653175179255015e+02, 2.3878059668569790e+02, 0., 0., 1. ]
D1: !!opencv-matrix
   rows: 5
   cols: 1
   dt: d
   data: [ -2.1859934914563901e-02, -9.9468572971318997e-04,
       1.6448003429794193e-03, -3.1164985765511365e-04,
       3.5195408316194161e-04 ]
P1: !!opencv-matrix
   rows: 3
   cols: 4
   dt: f
   data: [ 3.57855377e+02, 0., 3.90376892e+02, 0., 0., 3.57855377e+02,
       2.31725235e+02, 0., 0., 0., 1., 0. ]
R1: !!opencv-matrix
   rows: 3
   cols: 3
   dt: f
   data: [ 9.99674141e-01, 1.39966300e-02, -2.13460382e-02,
       -1.38915470e-02, 9.99890685e-01, 5.06319897e-03, 2.14145724e-02,
       -4.76501975e-03, 9.99759316e-01 ]
K2: !!opencv-matrix
   rows: 3
   cols: 3
   dt: d
   data: [ 3.6687495098581172e+02, 0., 3.7621769200552956e+02, 0.,
       3.6726361788508825e+02, 2.2399932895774910e+02, 0., 0., 1. ]
D2: !!opencv-matrix
   rows: 5
   cols: 1
   dt: d
   data: [ -2.2201337830972428e-02, -1.1445843221826492e-03,
       2.9199201696882579e-04, -7.1705872414221615e-04,
       5.1284674356775366e-04 ]
P2: !!opencv-matrix
   rows: 3
   cols: 4
   dt: f
   data: [ 3.57855377e+02, 0., 3.90376892e+02, -1.94812832e+04, 0.,
       3.57855377e+02, 2.31725235e+02, 0., 0., 0., 1., 0. ]
R2: !!opencv-matrix
   rows: 3
   cols: 3
   dt: f
   data: [ 9.99870598e-01, 1.19163785e-02, -1.08086495e-02,
       -1.19693549e-02, 9.99916613e-01, -4.84997826e-03, 1.07499538e-02,
       4.97872289e-03, 9.99929845e-01 ]
