%YAML:1.0
---
Q: !!opencv-matrix
   rows: 4
   cols: 4
   dt: f
   data: [ 1., 0., 0., -4.29323334e+02, 0., 1., 0., -2.33907837e+02, 0.,
       0., 0., 3.65785797e+02, 0., 0., 5.53974276e-03, 0. ]
R: !!opencv-matrix
   rows: 3
   cols: 3
   dt: d
   data: [ 9.9998733132389406e-01, 9.7720461340666340e-03,
       -3.1800342984348116e-03, -9.6823503126264240e-03,
       9.9996107149186597e-01, 9.2368454844837210e-03,
       3.2444315763781911e-03, -9.2078342484995645e-03,
       1.0000083817607708e+00 ]
T: !!opencv-matrix
   rows: 3
   cols: 1
   dt: d
   data: [ -1.7979452880175594e+02, 1.1417380900550167e+01,
       1.1348968441259677e+01 ]
E: !!opencv-matrix
   rows: 0
   cols: 0
   dt: u
   data: []
F: !!opencv-matrix
   rows: 0
   cols: 0
   dt: u
   data: []
K1: !!opencv-matrix
   rows: 3
   cols: 3
   dt: d
   data: [ 3.6627756984521932e+02, 0., 3.8060969928433269e+02, 0.,
       3.6653175179255015e+02, 2.3878059668569790e+02, 0., 0., 1. ]
D1: !!opencv-matrix
   rows: 5
   cols: 1
   dt: d
   data: [ -2.1859934914563901e-02, -9.9468572971318997e-04,
       1.6448003429794193e-03, -3.1164985765511365e-04,
       3.5195408316194161e-04 ]
P1: !!opencv-matrix
   rows: 3
   cols: 4
   dt: f
   data: [ 3.65785797e+02, 0., 4.29323334e+02, 0., 0., 3.65785797e+02,
       2.33907837e+02, 0., 0., 0., 1., 0. ]
R1: !!opencv-matrix
   rows: 3
   cols: 3
   dt: f
   data: [ 9.96372700e-01, -5.29621840e-02, -6.66063726e-02,
       5.32551594e-02, 9.98577476e-01, 2.62956135e-03, 6.63723573e-02,
       -6.16715616e-03, 9.97775853e-01 ]
K2: !!opencv-matrix
   rows: 3
   cols: 3
   dt: d
   data: [ 3.6687495098581172e+02, 0., 3.7621769200552956e+02, 0.,
       3.6726361788508825e+02, 2.2399932895774910e+02, 0., 0., 1. ]
D2: !!opencv-matrix
   rows: 5
   cols: 1
   dt: d
   data: [ -2.2201337830972428e-02, -1.1445843221826492e-03,
       2.9199201696882579e-04, -7.1705872414221615e-04,
       5.1284674356775366e-04 ]
P2: !!opencv-matrix
   rows: 3
   cols: 4
   dt: f
   data: [ 3.65785797e+02, 0., 4.29323334e+02, -6.60293828e+04, 0.,
       3.65785797e+02, 2.33907837e+02, 0., 0., 0., 1., 0. ]
R2: !!opencv-matrix
   rows: 3
   cols: 3
   dt: f
   data: [ 9.96015489e-01, -6.32493570e-02, -6.28703684e-02,
       6.29716888e-02, 9.97994840e-01, -6.39022281e-03, 6.31484836e-02,
       2.40570772e-03, 9.98001218e-01 ]
