%YAML:1.0
---
Q: !!opencv-matrix
   rows: 4
   cols: 4
   dt: f
   data: [ 1., 0., 0., -4.29502777e+02, 0., 1., 0., -2.33900848e+02, 0.,
       0., 0., 3.65829834e+02, 0., 0., 5.53880492e-03, 0. ]
R: !!opencv-matrix
   rows: 3
   cols: 3
   dt: d
   data: [ 9.9893381997270403e-01, 1.0771212105616840e-02,
       -3.7663971151429372e-03, -9.5961212640291935e-03,
       1.0002569727134971e+00, 9.2773257586167123e-03,
       3.3347655181212629e-03, -9.2739887202559473e-03,
       1.0004044667995069e+00 ]
T: !!opencv-matrix
   rows: 3
   cols: 1
   dt: d
   data: [ -1.7954048418715968e+02, 1.1401248571847811e+01,
       1.1332932594674377e+01 ]
E: !!opencv-matrix
   rows: 0
   cols: 0
   dt: u
   data: []
F: !!opencv-matrix
   rows: 0
   cols: 0
   dt: u
   data: []
K1: !!opencv-matrix
   rows: 3
   cols: 3
   dt: d
   data: [ 3.6627756984521932e+02, 0., 3.8060969928433269e+02, 0.,
       3.6653175179255015e+02, 2.3878059668569790e+02, 0., 0., 1. ]
D1: !!opencv-matrix
   rows: 5
   cols: 1
   dt: d
   data: [ -2.1859934914563901e-02, -9.9468572971318997e-04,
       1.6448003429794193e-03, -3.1164985765511365e-04,
       3.5195408316194161e-04 ]
P1: !!opencv-matrix
   rows: 3
   cols: 4
   dt: f
   data: [ 3.65829834e+02, 0., 4.29502777e+02, 0., 0., 3.65829834e+02,
       2.33900848e+02, 0., 0., 0., 1., 0. ]
R1: !!opencv-matrix
   rows: 3
   cols: 3
   dt: f
   data: [ 9.96377945e-01, -5.22986017e-02, -6.70513958e-02,
       5.25946803e-02, 9.98612404e-01, 2.65684794e-03, 6.68194070e-02,
       -6.17377134e-03, 9.97745991e-01 ]
K2: !!opencv-matrix
   rows: 3
   cols: 3
   dt: d
   data: [ 3.6687495098581172e+02, 0., 3.7621769200552956e+02, 0.,
       3.6726361788508825e+02, 2.2399932895774910e+02, 0., 0., 1. ]
D2: !!opencv-matrix
   rows: 5
   cols: 1
   dt: d
   data: [ -2.2201337830972428e-02, -1.1445843221826492e-03,
       2.9199201696882579e-04, -7.1705872414221615e-04,
       5.1284674356775366e-04 ]
P2: !!opencv-matrix
   rows: 3
   cols: 4
   dt: f
   data: [ 3.65829834e+02, 0., 4.29502777e+02, -6.60485156e+04, 0.,
       3.65829834e+02, 2.33900848e+02, 0., 0., 0., 1., 0. ]
R2: !!opencv-matrix
   rows: 3
   cols: 3
   dt: f
   data: [ 9.96015489e-01, -6.32493570e-02, -6.28703684e-02,
       6.29706159e-02, 9.97994840e-01, -6.40716637e-03, 6.31495491e-02,
       2.42265104e-03, 9.98001158e-01 ]
