%YAML:1.0
---
Q: !!opencv-matrix
   rows: 4
   cols: 4
   dt: f
   data: [ 1., 0., 0., -4.07687836e+02, 0., 1., 0., -2.33439651e+02, 0.,
       0., 0., 3.70129700e+02, 0., 0., 5.62484004e-03, 0. ]
R: !!opencv-matrix
   rows: 3
   cols: 3
   dt: d
   data: [ 1.0007936513104867e+00, -4.2791220038866810e-02,
       4.8796444940389476e-02, 4.5014107959059323e-02,
       1.0009528478883101e+00, -4.3682511047637505e-02,
       -4.6858175765876739e-02, 4.5778396726185187e-02,
       1.0007812499915423e+00 ]
T: !!opencv-matrix
   rows: 3
   cols: 1
   dt: d
   data: [ -1.7721977826691213e+02, 1.1253943097382043e+01,
       1.1186593336019332e+01 ]
E: !!opencv-matrix
   rows: 0
   cols: 0
   dt: u
   data: []
F: !!opencv-matrix
   rows: 0
   cols: 0
   dt: u
   data: []
K1: !!opencv-matrix
   rows: 3
   cols: 3
   dt: d
   data: [ 3.6627756984521932e+02, 0., 3.8060969928433269e+02, 0.,
       3.6653175179255015e+02, 2.3878059668569790e+02, 0., 0., 1. ]
D1: !!opencv-matrix
   rows: 5
   cols: 1
   dt: d
   data: [ -2.1859934914563901e-02, -9.9468572971318997e-04,
       1.6448003429794193e-03, -3.1164985765511365e-04,
       3.5195408316194161e-04 ]
P1: !!opencv-matrix
   rows: 3
   cols: 4
   dt: f
   data: [ 3.70129700e+02, 0., 4.07687836e+02, 0., 0., 3.70129700e+02,
       2.33439651e+02, 0., 0., 0., 1., 0. ]
R1: !!opencv-matrix
   rows: 3
   cols: 3
   dt: f
   data: [ 9.94026482e-01, -1.08530238e-01, -1.15137547e-02,
       1.08266070e-01, 9.93889153e-01, -2.15122793e-02, 1.37781296e-02,
       2.01372262e-02, 9.99702275e-01 ]
K2: !!opencv-matrix
   rows: 3
   cols: 3
   dt: d
   data: [ 3.6687495098581172e+02, 0., 3.7621769200552956e+02, 0.,
       3.6726361788508825e+02, 2.2399932895774910e+02, 0., 0., 1. ]
D2: !!opencv-matrix
   rows: 5
   cols: 1
   dt: d
   data: [ -2.2201337830972428e-02, -1.1445843221826492e-03,
       2.9199201696882579e-04, -7.1705872414221615e-04,
       5.1284674356775366e-04 ]
P2: !!opencv-matrix
   rows: 3
   cols: 4
   dt: f
   data: [ 3.70129700e+02, 0., 4.07687836e+02, -6.58027109e+04, 0.,
       3.70129700e+02, 2.33439651e+02, 0., 0., 0., 1., 0. ]
R2: !!opencv-matrix
   rows: 3
   cols: 3
   dt: f
   data: [ 9.96015429e-01, -6.32497147e-02, -6.28711954e-02,
       6.45484775e-02, 9.97736633e-01, 1.88435595e-02, 6.15370460e-02,
       -2.28267144e-02, 9.97843742e-01 ]
