%YAML:1.0
---
Q: !!opencv-matrix
   rows: 4
   cols: 4
   dt: f
   data: [ 1., 0., 0., -3.82349182e+02, 0., 1., 0., -2.31849945e+02, 0.,
       0., 0., 3.58599976e+02, 0., 0., 5.55539317e-03, 0. ]
R: !!opencv-matrix
   rows: 3
   cols: 3
   dt: d
   data: [ 9.9994855682994621e-01, 9.7094233442924435e-03,
       -3.1496067785789584e-03, -9.6827872515254515e-03,
       9.9990972309671289e-01, 9.2347203064040775e-03,
       3.2432726863933889e-03, -9.2036296244999462e-03,
       9.9995167050238321e-01 ]
T: !!opencv-matrix
   rows: 3
   cols: 1
   dt: d
   data: [ -1.8000203817872969e+02, 7.9385725535652096e-01,
       7.2921131688367014e-01 ]
E: !!opencv-matrix
   rows: 0
   cols: 0
   dt: u
   data: []
F: !!opencv-matrix
   rows: 0
   cols: 0
   dt: u
   data: []
K1: !!opencv-matrix
   rows: 3
   cols: 3
   dt: d
   data: [ 3.6627756984521932e+02, 0., 3.8060969928433269e+02, 0.,
       3.6653175179255015e+02, 2.3878059668569790e+02, 0., 0., 1. ]
D1: !!opencv-matrix
   rows: 5
   cols: 1
   dt: d
   data: [ -2.1859934914563901e-02, -9.9468572971318997e-04,
       1.6448003429794193e-03, -3.1164985765511365e-04,
       3.5195408316194161e-04 ]
P1: !!opencv-matrix
   rows: 3
   cols: 4
   dt: f
   data: [ 3.58599976e+02, 0., 3.82349182e+02, 0., 0., 3.58599976e+02,
       2.31849945e+02, 0., 0., 0., 1., 0. ]
R1: !!opencv-matrix
   rows: 3
   cols: 3
   dt: f
   data: [ 9.99959528e-01, 5.33816684e-03, -7.24326912e-03,
       -5.30481758e-03, 9.99975264e-01, 4.61561093e-03, 7.26772891e-03,
       -4.57699969e-03, 9.99963105e-01 ]
K2: !!opencv-matrix
   rows: 3
   cols: 3
   dt: d
   data: [ 3.6687495098581172e+02, 0., 3.7621769200552956e+02, 0.,
       3.6726361788508825e+02, 2.2399932895774910e+02, 0., 0., 1. ]
D2: !!opencv-matrix
   rows: 5
   cols: 1
   dt: d
   data: [ -2.2201337830972428e-02, -1.1445843221826492e-03,
       2.9199201696882579e-04, -7.1705872414221615e-04,
       5.1284674356775366e-04 ]
P2: !!opencv-matrix
   rows: 3
   cols: 4
   dt: f
   data: [ 3.58599976e+02, 0., 3.82349182e+02, -6.45498867e+04, 0.,
       3.58599976e+02, 2.31849945e+02, 0., 0., 0., 1., 0. ]
R2: !!opencv-matrix
   rows: 3
   cols: 3
   dt: f
   data: [ 9.99982059e-01, -4.41018911e-03, -4.05105529e-03,
       4.39152215e-03, 9.99979734e-01, -4.60526766e-03, 4.07128362e-03,
       4.58739465e-03, 9.99981165e-01 ]
