%YAML:1.0
---
Q: !!opencv-matrix
   rows: 4
   cols: 4
   dt: f
   data: [ 1., 0., 0., -4.29552216e+02, 0., 1., 0., -2.33895660e+02, 0.,
       0., 0., 3.65870972e+02, 0., 0., 5.51294209e-03, 0. ]
R: !!opencv-matrix
   rows: 3
   cols: 3
   dt: d
   data: [ 9.9809434355218296e-01, 1.1603816812515022e-02,
       -4.0431161023113888e-03, -9.5272091888111560e-03,
       1.0004941951741166e+00, 9.2975175529245915e-03,
       3.4069954270780842e-03, -9.3290347997401074e-03,
       1.0007118042981999e+00 ]
T: !!opencv-matrix
   rows: 3
   cols: 1
   dt: d
   data: [ -1.8023148999520095e+02, 1.1445129377104225e+01,
       1.1376550240104851e+01 ]
E: !!opencv-matrix
   rows: 0
   cols: 0
   dt: u
   data: []
F: !!opencv-matrix
   rows: 0
   cols: 0
   dt: u
   data: []
K1: !!opencv-matrix
   rows: 3
   cols: 3
   dt: d
   data: [ 3.6627756984521932e+02, 0., 3.8060969928433269e+02, 0.,
       3.6653175179255015e+02, 2.3878059668569790e+02, 0., 0., 1. ]
D1: !!opencv-matrix
   rows: 5
   cols: 1
   dt: d
   data: [ -2.1859934914563901e-02, -9.9468572971318997e-04,
       1.6448003429794193e-03, -3.1164985765511365e-04,
       3.5195408316194161e-04 ]
P1: !!opencv-matrix
   rows: 3
   cols: 4
   dt: f
   data: [ 3.65870972e+02, 0., 4.29552216e+02, 0., 0., 3.65870972e+02,
       2.33895660e+02, 0., 0., 0., 1., 0. ]
R1: !!opencv-matrix
   rows: 3
   cols: 3
   dt: f
   data: [ 9.96387720e-01, -5.19541763e-02, -6.71733543e-02,
       5.22512905e-02, 9.98630404e-01, 2.67255493e-03, 6.69425055e-02,
       -6.17279531e-03, 9.97737765e-01 ]
K2: !!opencv-matrix
   rows: 3
   cols: 3
   dt: d
   data: [ 3.6687495098581172e+02, 0., 3.7621769200552956e+02, 0.,
       3.6726361788508825e+02, 2.2399932895774910e+02, 0., 0., 1. ]
D2: !!opencv-matrix
   rows: 5
   cols: 1
   dt: d
   data: [ -2.2201337830972428e-02, -1.1445843221826492e-03,
       2.9199201696882579e-04, -7.1705872414221615e-04,
       5.1284674356775366e-04 ]
P2: !!opencv-matrix
   rows: 3
   cols: 4
   dt: f
   data: [ 3.65870972e+02, 0., 4.29552216e+02, -6.63658281e+04, 0.,
       3.65870972e+02, 2.33895660e+02, 0., 0., 0., 1., 0. ]
R2: !!opencv-matrix
   rows: 3
   cols: 3
   dt: f
   data: [ 9.96015489e-01, -6.32493570e-02, -6.28703684e-02,
       6.29701540e-02, 9.97994781e-01, -6.41452055e-03, 6.31500110e-02,
       2.43000500e-03, 9.98001099e-01 ]
