%YAML:1.0
---
Q: !!opencv-matrix
   rows: 4
   cols: 4
   dt: f
   data: [ 1., 0., 0., -4.07682617e+02, 0., 1., 0., -2.33439407e+02, 0.,
       0., 0., 3.70127594e+02, 0., 0., 5.58979716e-03, 0. ]
R: !!opencv-matrix
   rows: 3
   cols: 3
   dt: d
   data: [ 1.0007813508360632e+00, -4.2825219685563284e-02,
       4.8812473491943821e-02, 4.5013225940859013e-02,
       1.0009397092008314e+00, -4.3682906750046158e-02,
       -4.6857648051565684e-02, 4.5779882228300768e-02,
       1.0007648547710575e+00 ]
T: !!opencv-matrix
   rows: 3
   cols: 1
   dt: d
   data: [ -1.7818453490393341e+02, 1.1315206064660323e+01,
       1.1247488692552682e+01 ]
E: !!opencv-matrix
   rows: 0
   cols: 0
   dt: u
   data: []
F: !!opencv-matrix
   rows: 0
   cols: 0
   dt: u
   data: []
K1: !!opencv-matrix
   rows: 3
   cols: 3
   dt: d
   data: [ 3.6627756984521932e+02, 0., 3.8060969928433269e+02, 0.,
       3.6653175179255015e+02, 2.3878059668569790e+02, 0., 0., 1. ]
D1: !!opencv-matrix
   rows: 5
   cols: 1
   dt: d
   data: [ -2.1859934914563901e-02, -9.9468572971318997e-04,
       1.6448003429794193e-03, -3.1164985765511365e-04,
       3.5195408316194161e-04 ]
P1: !!opencv-matrix
   rows: 3
   cols: 4
   dt: f
   data: [ 3.70127594e+02, 0., 4.07682617e+02, 0., 0., 3.70127594e+02,
       2.33439407e+02, 0., 0., 0., 1., 0. ]
R1: !!opencv-matrix
   rows: 3
   cols: 3
   dt: f
   data: [ 9.94024158e-01, -1.08552687e-01, -1.15003567e-02,
       1.08288787e-01, 9.93886709e-01, -2.15121191e-02, 1.37652503e-02,
       2.01382060e-02, 9.99702454e-01 ]
K2: !!opencv-matrix
   rows: 3
   cols: 3
   dt: d
   data: [ 3.6687495098581172e+02, 0., 3.7621769200552956e+02, 0.,
       3.6726361788508825e+02, 2.2399932895774910e+02, 0., 0., 1. ]
D2: !!opencv-matrix
   rows: 5
   cols: 1
   dt: d
   data: [ -2.2201337830972428e-02, -1.1445843221826492e-03,
       2.9199201696882579e-04, -7.1705872414221615e-04,
       5.1284674356775366e-04 ]
P2: !!opencv-matrix
   rows: 3
   cols: 4
   dt: f
   data: [ 3.70127594e+02, 0., 4.07682617e+02, -6.62148516e+04, 0.,
       3.70127594e+02, 2.33439407e+02, 0., 0., 0., 1., 0. ]
R2: !!opencv-matrix
   rows: 3
   cols: 3
   dt: f
   data: [ 9.96015429e-01, -6.32497072e-02, -6.28711805e-02,
       6.45484924e-02, 9.97736633e-01, 1.88439824e-02, 6.15370050e-02,
       -2.28271354e-02, 9.97843742e-01 ]
