%YAML:1.0
---
Q: !!opencv-matrix
   rows: 4
   cols: 4
   dt: f
   data: [ 1., 0., 0., -3.83186737e+02, 0., 1., 0., -2.32192917e+02, 0.,
       0., 0., 3.61823792e+02, 0., 0., 5.56681305e-03, 0. ]
R: !!opencv-matrix
   rows: 3
   cols: 3
   dt: d
   data: [ 9.9994166626201808e-01, 9.7312241715247216e-03,
       -3.1519362342145134e-03, -9.6817743172599585e-03,
       9.9992096544147346e-01, 9.2346322366675965e-03,
       3.2433764687456908e-03, -9.2038763602866041e-03,
       9.9996398353586458e-01 ]
T: !!opencv-matrix
   rows: 3
   cols: 1
   dt: d
   data: [ -1.7927794646607964e+02, 1.1384822417542329e+01,
       7.6971353667670406e-01 ]
E: !!opencv-matrix
   rows: 0
   cols: 0
   dt: u
   data: []
F: !!opencv-matrix
   rows: 0
   cols: 0
   dt: u
   data: []
K1: !!opencv-matrix
   rows: 3
   cols: 3
   dt: d
   data: [ 3.6627756984521932e+02, 0., 3.8060969928433269e+02, 0.,
       3.6653175179255015e+02, 2.3878059668569790e+02, 0., 0., 1. ]
D1: !!opencv-matrix
   rows: 5
   cols: 1
   dt: d
   data: [ -2.1859934914563901e-02, -9.9468572971318997e-04,
       1.6448003429794193e-03, -3.1164985765511365e-04,
       3.5195408316194161e-04 ]
P1: !!opencv-matrix
   rows: 3
   cols: 4
   dt: f
   data: [ 3.61823792e+02, 0., 3.83186737e+02, 0., 0., 3.61823792e+02,
       2.32192917e+02, 0., 0., 0., 1., 0. ]
R1: !!opencv-matrix
   rows: 3
   cols: 3
   dt: f
   data: [ 9.98529077e-01, -5.36228493e-02, -8.01669993e-03,
       5.36587499e-02, 9.98549938e-01, 4.33241017e-03, 7.77275907e-03,
       -4.75620339e-03, 9.99958456e-01 ]
K2: !!opencv-matrix
   rows: 3
   cols: 3
   dt: d
   data: [ 3.6687495098581172e+02, 0., 3.7621769200552956e+02, 0.,
       3.6726361788508825e+02, 2.2399932895774910e+02, 0., 0., 1. ]
D2: !!opencv-matrix
   rows: 5
   cols: 1
   dt: d
   data: [ -2.2201337830972428e-02, -1.1445843221826492e-03,
       2.9199201696882579e-04, -7.1705872414221615e-04,
       5.1284674356775366e-04 ]
P2: !!opencv-matrix
   rows: 3
   cols: 4
   dt: f
   data: [ 3.61823792e+02, 0., 3.83186737e+02, -6.49965820e+04, 0.,
       3.61823792e+02, 2.32192917e+02, 0., 0., 0., 1., 0. ]
R2: !!opencv-matrix
   rows: 3
   cols: 3
   dt: f
   data: [ 9.97980535e-01, -6.33755177e-02, -4.28474555e-03,
       6.33553714e-02, 9.97980058e-01, -4.68414370e-03, 4.57295030e-03,
       4.40322235e-03, 9.99979854e-01 ]
