%YAML:1.0
---
Q: !!opencv-matrix
   rows: 4
   cols: 4
   dt: f
   data: [ 1., 0., 0., -3.83186584e+02, 0., 1., 0., -2.32192947e+02, 0.,
       0., 0., 3.61822571e+02, 0., 0., 5.56666637e-03, 0. ]
R: !!opencv-matrix
   rows: 3
   cols: 3
   dt: d
   data: [ 9.9995178884596791e-01, 9.7187948383731706e-03,
       -3.1512397499818537e-03, -9.6826220528086829e-03,
       9.9991794489468844e-01, 9.2345537663854060e-03,
       3.2433043443852246e-03, -9.2037880907868217e-03,
       9.9996017323214426e-01 ]
T: !!opencv-matrix
   rows: 3
   cols: 1
   dt: d
   data: [ -1.7928541391754246e+02, 1.1385295955031340e+01,
       7.6974438771084142e-01 ]
E: !!opencv-matrix
   rows: 0
   cols: 0
   dt: u
   data: []
F: !!opencv-matrix
   rows: 0
   cols: 0
   dt: u
   data: []
K1: !!opencv-matrix
   rows: 3
   cols: 3
   dt: d
   data: [ 3.6627756984521932e+02, 0., 3.8060969928433269e+02, 0.,
       3.6653175179255015e+02, 2.3878059668569790e+02, 0., 0., 1. ]
D1: !!opencv-matrix
   rows: 5
   cols: 1
   dt: d
   data: [ -2.1859934914563901e-02, -9.9468572971318997e-04,
       1.6448003429794193e-03, -3.1164985765511365e-04,
       3.5195408316194161e-04 ]
P1: !!opencv-matrix
   rows: 3
   cols: 4
   dt: f
   data: [ 3.61822571e+02, 0., 3.83186584e+02, 0., 0., 3.61822571e+02,
       2.32192947e+02, 0., 0., 0., 1., 0. ]
R1: !!opencv-matrix
   rows: 3
   cols: 3
   dt: f
   data: [ 9.98528779e-01, -5.36288060e-02, -8.01636837e-03,
       5.36647066e-02, 9.98549640e-01, 4.33237897e-03, 7.77240144e-03,
       -4.75620106e-03, 9.99958456e-01 ]
K2: !!opencv-matrix
   rows: 3
   cols: 3
   dt: d
   data: [ 3.6687495098581172e+02, 0., 3.7621769200552956e+02, 0.,
       3.6726361788508825e+02, 2.2399932895774910e+02, 0., 0., 1. ]
D2: !!opencv-matrix
   rows: 5
   cols: 1
   dt: d
   data: [ -2.2201337830972428e-02, -1.1445843221826492e-03,
       2.9199201696882579e-04, -7.1705872414221615e-04,
       5.1284674356775366e-04 ]
P2: !!opencv-matrix
   rows: 3
   cols: 4
   dt: f
   data: [ 3.61822571e+02, 0., 3.83186584e+02, -6.49980664e+04, 0.,
       3.61822571e+02, 2.32192947e+02, 0., 0., 0., 1., 0. ]
R2: !!opencv-matrix
   rows: 3
   cols: 3
   dt: f
   data: [ 9.97980535e-01, -6.33755103e-02, -4.28473856e-03,
       6.33553639e-02, 9.97980058e-01, -4.68412694e-03, 4.57294239e-03,
       4.40320652e-03, 9.99979854e-01 ]
