%YAML:1.0
---
Q: !!opencv-matrix
   rows: 4
   cols: 4
   dt: f
   data: [ 1., 0., 0., -4.04995361e+02, 0., 1., 0., -2.33225296e+02, 0.,
       0., 0., 3.69072632e+02, 0., 0., 5.02504467e-04, 0. ]
R: !!opencv-matrix
   rows: 3
   cols: 3
   dt: d
   data: [ 1.0365305118995372e+00, -4.4362269992990158e-02,
       5.0530013199788115e-02, 4.6621524159336812e-02,
       1.0366994404238612e+00, -4.5241942238905077e-02,
       -4.8531522676648502e-02, 4.7415876278246491e-02,
       1.0365192971827204e+00 ]
T: !!opencv-matrix
   rows: 3
   cols: 1
   dt: d
   data: [ -2.0544648644248632e+03, 1.2321447852535684e+02,
       1.2247891439675651e+02 ]
E: !!opencv-matrix
   rows: 0
   cols: 0
   dt: u
   data: []
F: !!opencv-matrix
   rows: 0
   cols: 0
   dt: u
   data: []
K1: !!opencv-matrix
   rows: 3
   cols: 3
   dt: d
   data: [ 3.6627756984521932e+02, 0., 3.8060969928433269e+02, 0.,
       3.6653175179255015e+02, 2.3878059668569790e+02, 0., 0., 1. ]
D1: !!opencv-matrix
   rows: 5
   cols: 1
   dt: d
   data: [ -2.1859934914563901e-02, -9.9468572971318997e-04,
       1.6448003429794193e-03, -3.1164985765511365e-04,
       3.5195408316194161e-04 ]
P1: !!opencv-matrix
   rows: 3
   cols: 4
   dt: f
   data: [ 3.69072632e+02, 0., 4.04995361e+02, 0., 0., 3.69072632e+02,
       2.33225296e+02, 0., 0., 0., 1., 0. ]
R1: !!opencv-matrix
   rows: 3
   cols: 3
   dt: f
   data: [ 9.94443536e-01, -1.04950413e-01, -8.21670983e-03,
       1.04755066e-01, 9.94267821e-01, -2.13982016e-02, 1.04153603e-02,
       2.04185620e-02, 9.99737263e-01 ]
K2: !!opencv-matrix
   rows: 3
   cols: 3
   dt: d
   data: [ 3.6687495098581172e+02, 0., 3.7621769200552956e+02, 0.,
       3.6726361788508825e+02, 2.2399932895774910e+02, 0., 0., 1. ]
D2: !!opencv-matrix
   rows: 5
   cols: 1
   dt: d
   data: [ -2.2201337830972428e-02, -1.1445843221826492e-03,
       2.9199201696882579e-04, -7.1705872414221615e-04,
       5.1284674356775366e-04 ]
P2: !!opencv-matrix
   rows: 3
   cols: 4
   dt: f
   data: [ 3.69072632e+02, 0., 4.04995361e+02, -7.34466375e+05, 0.,
       3.69072632e+02, 2.33225296e+02, 0., 0., 0., 1., 0. ]
R2: !!opencv-matrix
   rows: 3
   cols: 3
   dt: f
   data: [ 9.96443570e-01, -5.97607084e-02, -5.94039522e-02,
       6.09924607e-02, 9.97954667e-01, 1.91413052e-02, 5.81385531e-02,
       -2.26964243e-02, 9.98050511e-01 ]
