%YAML:1.0
---
Q: !!opencv-matrix
   rows: 4
   cols: 4
   dt: f
   data: [ 1., 0., 0., -4.25513611e+02, 0., 1., 0., -2.33711884e+02, 0.,
       0., 0., 3.70896118e+02, 0., 0., 6.39933336e-04, 0. ]
R: !!opencv-matrix
   rows: 3
   cols: 3
   dt: d
   data: [ 1.0389561008853292e+00, 9.7920297093381046e-03,
       4.9159432991897921e-02, -7.8196527553227781e-03,
       1.0371722593590278e+00, -4.5137165601279776e-02,
       -5.1043309796312747e-02, 4.4795946454850820e-02,
       1.0360446792918518e+00 ]
T: !!opencv-matrix
   rows: 3
   cols: 1
   dt: d
   data: [ -1.5677246617027233e+03, 9.4023566591803743e+01,
       9.3460366695891864e+01 ]
E: !!opencv-matrix
   rows: 0
   cols: 0
   dt: u
   data: []
F: !!opencv-matrix
   rows: 0
   cols: 0
   dt: u
   data: []
K1: !!opencv-matrix
   rows: 3
   cols: 3
   dt: d
   data: [ 3.6627756984521932e+02, 0., 3.8060969928433269e+02, 0.,
       3.6653175179255015e+02, 2.3878059668569790e+02, 0., 0., 1. ]
D1: !!opencv-matrix
   rows: 5
   cols: 1
   dt: d
   data: [ -2.1859934914563901e-02, -9.9468572971318997e-04,
       1.6448003429794193e-03, -3.1164985765511365e-04,
       3.5195408316194161e-04 ]
P1: !!opencv-matrix
   rows: 3
   cols: 4
   dt: f
   data: [ 3.70896118e+02, 0., 4.25513611e+02, 0., 0., 3.70896118e+02,
       2.33711884e+02, 0., 0., 0., 1., 0. ]
R1: !!opencv-matrix
   rows: 3
   cols: 3
   dt: f
   data: [ 9.96776521e-01, -5.27468510e-02, -6.04507253e-02,
       5.14189936e-02, 9.98404980e-01, -2.33160574e-02, 6.15841523e-02,
       2.01325845e-02, 9.97898817e-01 ]
K2: !!opencv-matrix
   rows: 3
   cols: 3
   dt: d
   data: [ 3.6687495098581172e+02, 0., 3.7621769200552956e+02, 0.,
       3.6726361788508825e+02, 2.2399932895774910e+02, 0., 0., 1. ]
D2: !!opencv-matrix
   rows: 5
   cols: 1
   dt: d
   data: [ -2.2201337830972428e-02, -1.1445843221826492e-03,
       2.9199201696882579e-04, -7.1705872414221615e-04,
       5.1284674356775366e-04 ]
P2: !!opencv-matrix
   rows: 3
   cols: 4
   dt: f
   data: [ 3.70896118e+02, 0., 4.25513611e+02, -5.79585563e+05, 0.,
       3.70896118e+02, 2.33711884e+02, 0., 0., 0., 1., 0. ]
R2: !!opencv-matrix
   rows: 3
   cols: 3
   dt: f
   data: [ 9.96443570e-01, -5.97614013e-02, -5.94035164e-02,
       6.10399432e-02, 9.97936010e-01, 1.99449826e-02, 5.80889694e-02,
       -2.35000364e-02, 9.98034775e-01 ]
