%YAML:1.0
---
Q: !!opencv-matrix
   rows: 4
   cols: 4
   dt: f
   data: [ 1., 0., 0., -3.82969360e+02, 0., 1., 0., -2.32164749e+02, 0.,
       0., 0., 3.61188232e+02, 0., 0., 8.03207047e-04, 0. ]
R: !!opencv-matrix
   rows: 3
   cols: 3
   dt: d
   data: [ 1.0370305205018910e+00, 1.0138112779498535e-02,
       -3.3870845020562194e-03, -1.0036728801914760e-02,
       1.0370905441316207e+00, 9.5850763392934316e-03,
       3.3642312342005345e-03, -9.5461751766720733e-03,
       1.0371383917805657e+00 ]
T: !!opencv-matrix
   rows: 3
   cols: 1
   dt: d
   data: [ -1.2490501403314977e+03, 7.4910479169882279e+01,
       5.0619845323440034e+00 ]
E: !!opencv-matrix
   rows: 0
   cols: 0
   dt: u
   data: []
F: !!opencv-matrix
   rows: 0
   cols: 0
   dt: u
   data: []
K1: !!opencv-matrix
   rows: 3
   cols: 3
   dt: d
   data: [ 3.6627756984521932e+02, 0., 3.8060969928433269e+02, 0.,
       3.6653175179255015e+02, 2.3878059668569790e+02, 0., 0., 1. ]
D1: !!opencv-matrix
   rows: 5
   cols: 1
   dt: d
   data: [ -2.1859934914563901e-02, -9.9468572971318997e-04,
       1.6448003429794193e-03, -3.1164985765511365e-04,
       3.5195408316194161e-04 ]
P1: !!opencv-matrix
   rows: 3
   cols: 4
   dt: f
   data: [ 3.61188232e+02, 0., 3.82969360e+02, 0., 0., 3.61188232e+02,
       2.32164749e+02, 0., 0., 0., 1., 0. ]
R1: !!opencv-matrix
   rows: 3
   cols: 3
   dt: f
   data: [ 9.98714149e-01, -5.00974059e-02, -7.76605587e-03,
       5.01322336e-02, 9.98733103e-01, 4.35660826e-03, 7.53796194e-03,
       -4.74033598e-03, 9.99960363e-01 ]
K2: !!opencv-matrix
   rows: 3
   cols: 3
   dt: d
   data: [ 3.6687495098581172e+02, 0., 3.7621769200552956e+02, 0.,
       3.6726361788508825e+02, 2.2399932895774910e+02, 0., 0., 1. ]
D2: !!opencv-matrix
   rows: 5
   cols: 1
   dt: d
   data: [ -2.2201337830972428e-02, -1.1445843221826492e-03,
       2.9199201696882579e-04, -7.1705872414221615e-04,
       5.1284674356775366e-04 ]
P2: !!opencv-matrix
   rows: 3
   cols: 4
   dt: f
   data: [ 3.61188232e+02, 0., 3.82969360e+02, -4.49682594e+05, 0.,
       3.61188232e+02, 2.32164749e+02, 0., 0., 0., 1., 0. ]
R2: !!opencv-matrix
   rows: 3
   cols: 3
   dt: f
   data: [ 9.98198211e-01, -5.98658994e-02, -4.04536538e-03,
       5.98468632e-02, 9.98196602e-01, -4.67314618e-03, 4.31783218e-03,
       4.42262366e-03, 9.99980927e-01 ]
