%YAML:1.0
---
Q: !!opencv-matrix
   rows: 4
   cols: 4
   dt: f
   data: [ 1., 0., 0., -3.82368530e+02, 0., 1., 0., -2.31849976e+02, 0.,
       0., 0., 3.58614532e+02, 0., 0., 8.31338344e-04, 0. ]
R: !!opencv-matrix
   rows: 3
   cols: 3
   dt: d
   data: [ 1.0371188643630689e+00, 1.0138274773147563e-02,
       -3.3122335882505376e-03, -1.0042414033022161e-02,
       1.0370828369820961e+00, 9.5805176386508980e-03,
       3.3638170726463233e-03, -9.5461053222255458e-03,
       1.0371303952541107e+00 ]
T: !!opencv-matrix
   rows: 3
   cols: 1
   dt: d
   data: [ -1.2427657720765471e+03, 7.4533580789640695e+01,
       5.0365160870769667e+00 ]
E: !!opencv-matrix
   rows: 0
   cols: 0
   dt: u
   data: []
F: !!opencv-matrix
   rows: 0
   cols: 0
   dt: u
   data: []
K1: !!opencv-matrix
   rows: 3
   cols: 3
   dt: d
   data: [ 3.6627756984521932e+02, 0., 3.8060969928433269e+02, 0.,
       3.6653175179255015e+02, 2.3878059668569790e+02, 0., 0., 1. ]
D1: !!opencv-matrix
   rows: 5
   cols: 1
   dt: d
   data: [ -2.1859934914563901e-02, -9.9468572971318997e-04,
       1.6448003429794193e-03, -3.1164985765511365e-04,
       3.5195408316194161e-04 ]
P1: !!opencv-matrix
   rows: 3
   cols: 4
   dt: f
   data: [ 3.58614532e+02, 0., 3.82368530e+02, 0., 0., 3.58614532e+02,
       2.31849976e+02, 0., 0., 0., 1., 0. ]
R1: !!opencv-matrix
   rows: 3
   cols: 3
   dt: f
   data: [ 9.99959290e-01, 5.31630032e-03, -7.29067903e-03,
       -5.28273452e-03, 9.99975383e-01, 4.61553643e-03, 7.31503731e-03,
       -4.57683392e-03, 9.99962747e-01 ]
K2: !!opencv-matrix
   rows: 3
   cols: 3
   dt: d
   data: [ 3.6687495098581172e+02, 0., 3.7621769200552956e+02, 0.,
       3.6726361788508825e+02, 2.2399932895774910e+02, 0., 0., 1. ]
D2: !!opencv-matrix
   rows: 5
   cols: 1
   dt: d
   data: [ -2.2201337830972428e-02, -1.1445843221826492e-03,
       2.9199201696882579e-04, -7.1705872414221615e-04,
       5.1284674356775366e-04 ]
P2: !!opencv-matrix
   rows: 3
   cols: 4
   dt: f
   data: [ 3.58614532e+02, 0., 3.82368530e+02, -4.31370156e+05, 0.,
       3.58614532e+02, 2.31849976e+02, 0., 0., 0., 1., 0. ]
R2: !!opencv-matrix
   rows: 3
   cols: 3
   dt: f
   data: [ 9.99982059e-01, -4.41153161e-03, -4.05317405e-03,
       4.39285534e-03, 9.99979734e-01, -4.60515497e-03, 4.07340750e-03,
       4.58726753e-03, 9.99981165e-01 ]
