%YAML:1.0
---
Q: !!opencv-matrix
   rows: 4
   cols: 4
   dt: f
   data: [ 1., 0., 0., -4.05011658e+02, 0., 1., 0., -2.32959198e+02, 0.,
       0., 0., 3.78302612e+02, 0., 0., 6.20226434e-04, 0. ]
R: !!opencv-matrix
   rows: 3
   cols: 3
   dt: d
   data: [ 1.0376282366195579e+00, 9.8484106757431057e-03,
       5.0054098975519580e-02, -7.7238528648308066e-03,
       1.0374766709723986e+00, -4.5203335689678700e-02,
       -5.0960917454991629e-02, 4.4806044469470535e-02,
       1.0362994972284054e+00 ]
T: !!opencv-matrix
   rows: 3
   cols: 1
   dt: d
   data: [ -1.6250926155382426e+03, 9.7464181406056809e+01,
       9.6880374783069357e+01 ]
E: !!opencv-matrix
   rows: 0
   cols: 0
   dt: u
   data: []
F: !!opencv-matrix
   rows: 0
   cols: 0
   dt: u
   data: []
K1: !!opencv-matrix
   rows: 3
   cols: 3
   dt: d
   data: [ 3.6627756984521932e+02, 0., 3.8060969928433269e+02, 0.,
       3.6653175179255015e+02, 2.3878059668569790e+02, 0., 0., 1. ]
D1: !!opencv-matrix
   rows: 5
   cols: 1
   dt: d
   data: [ -2.1859934914563901e-02, -9.9468572971318997e-04,
       1.6448003429794193e-03, -3.1164985765511365e-04,
       3.5195408316194161e-04 ]
P1: !!opencv-matrix
   rows: 3
   cols: 4
   dt: f
   data: [ 3.78302612e+02, 0., 4.05011658e+02, 0., 0., 3.78302612e+02,
       2.32959198e+02, 0., 0., 0., 1., 0. ]
R1: !!opencv-matrix
   rows: 3
   cols: 3
   dt: f
   data: [ 9.98569727e-01, -5.27839512e-02, -8.50462820e-03,
       5.25931418e-02, 9.98389184e-01, -2.12835409e-02, 9.61435772e-03,
       2.08058134e-02, 9.99737322e-01 ]
K2: !!opencv-matrix
   rows: 3
   cols: 3
   dt: d
   data: [ 3.6687495098581172e+02, 0., 3.7621769200552956e+02, 0.,
       3.6726361788508825e+02, 2.2399932895774910e+02, 0., 0., 1. ]
D2: !!opencv-matrix
   rows: 5
   cols: 1
   dt: d
   data: [ -2.2201337830972428e-02, -1.1445843221826492e-03,
       2.9199201696882579e-04, -7.1705872414221615e-04,
       5.1284674356775366e-04 ]
P2: !!opencv-matrix
   rows: 3
   cols: 4
   dt: f
   data: [ 3.78302612e+02, 0., 4.05011658e+02, -6.09942750e+05, 0.,
       3.78302612e+02, 2.32959198e+02, 0., 0., 0., 1., 0. ]
R2: !!opencv-matrix
   rows: 3
   cols: 3
   dt: f
   data: [ 9.96443570e-01, -5.97612448e-02, -5.94032779e-02,
       6.09996617e-02, 9.97952044e-01, 1.92559306e-02, 5.81308641e-02,
       -2.28110272e-02, 9.98048306e-01 ]
