%YAML:1.0
---
Q: !!opencv-matrix
   rows: 4
   cols: 4
   dt: f
   data: [ 1., 0., 0., -4.26612152e+02, 0., 1., 0., -2.33684998e+02, 0.,
       0., 0., 3.64733002e+02, 0., 0., 7.15906848e-04, 0. ]
R: !!opencv-matrix
   rows: 3
   cols: 3
   dt: d
   data: [ 1.0363525638770350e+00, 1.0378461442889999e-02,
       -3.5487634184752869e-03, -1.0004901318409327e-02,
       1.0369005898431729e+00, 9.5931433326305847e-03,
       3.3993721831985530e-03, -9.5625768501260144e-03,
       1.0369789272346654e+00 ]
T: !!opencv-matrix
   rows: 3
   cols: 1
   dt: d
   data: [ -1.4080142554757681e+03, 8.4445301607436960e+01,
       8.3941381378427621e+01 ]
E: !!opencv-matrix
   rows: 0
   cols: 0
   dt: u
   data: []
F: !!opencv-matrix
   rows: 0
   cols: 0
   dt: u
   data: []
K1: !!opencv-matrix
   rows: 3
   cols: 3
   dt: d
   data: [ 3.6627756984521932e+02, 0., 3.8060969928433269e+02, 0.,
       3.6653175179255015e+02, 2.3878059668569790e+02, 0., 0., 1. ]
D1: !!opencv-matrix
   rows: 5
   cols: 1
   dt: d
   data: [ -2.1859934914563901e-02, -9.9468572971318997e-04,
       1.6448003429794193e-03, -3.1164985765511365e-04,
       3.5195408316194161e-04 ]
P1: !!opencv-matrix
   rows: 3
   cols: 4
   dt: f
   data: [ 3.64733002e+02, 0., 4.26612152e+02, 0., 0., 3.64733002e+02,
       2.33684998e+02, 0., 0., 0., 1., 0. ]
R1: !!opencv-matrix
   rows: 3
   cols: 3
   dt: f
   data: [ 9.96775806e-01, -4.92654406e-02, -6.33312836e-02,
       4.95451428e-02, 9.98767793e-01, 2.85268575e-03, 6.31127059e-02,
       -5.98124554e-03, 9.97988462e-01 ]
K2: !!opencv-matrix
   rows: 3
   cols: 3
   dt: d
   data: [ 3.6687495098581172e+02, 0., 3.7621769200552956e+02, 0.,
       3.6726361788508825e+02, 2.2399932895774910e+02, 0., 0., 1. ]
D2: !!opencv-matrix
   rows: 5
   cols: 1
   dt: d
   data: [ -2.2201337830972428e-02, -1.1445843221826492e-03,
       2.9199201696882579e-04, -7.1705872414221615e-04,
       5.1284674356775366e-04 ]
P2: !!opencv-matrix
   rows: 3
   cols: 4
   dt: f
   data: [ 3.64733002e+02, 0., 4.26612152e+02, -5.09469938e+05, 0.,
       3.64733002e+02, 2.33684998e+02, 0., 0., 0., 1., 0. ]
R2: !!opencv-matrix
   rows: 3
   cols: 3
   dt: f
   data: [ 9.96443510e-01, -5.97614497e-02, -5.94048277e-02,
       5.94980307e-02, 9.98209178e-01, -6.19484903e-03, 5.96686564e-02,
       2.63834675e-03, 9.98214781e-01 ]
