%YAML:1.0
---
Q: !!opencv-matrix
   rows: 4
   cols: 4
   dt: f
   data: [ 1., 0., 0., -4.05007538e+02, 0., 1., 0., -2.33226059e+02, 0.,
       0., 0., 3.69054626e+02, 0., 0., 5.65451512e-04, 0. ]
R: !!opencv-matrix
   rows: 3
   cols: 3
   dt: d
   data: [ 1.0367574203803456e+00, -4.4393469449324034e-02,
       5.0409348636690020e-02, 4.6655680784342027e-02,
       1.0371553305736338e+00, -4.5253239422407686e-02,
       -4.8539226923853519e-02, 4.7437394074169352e-02,
       1.0369829214862951e+00 ]
T: !!opencv-matrix
   rows: 3
   cols: 1
   dt: d
   data: [ -1.7783728885663913e+03, 1.0665613762784638e+02,
       1.0601942360036944e+02 ]
E: !!opencv-matrix
   rows: 0
   cols: 0
   dt: u
   data: []
F: !!opencv-matrix
   rows: 0
   cols: 0
   dt: u
   data: []
K1: !!opencv-matrix
   rows: 3
   cols: 3
   dt: d
   data: [ 3.6627756984521932e+02, 0., 3.8060969928433269e+02, 0.,
       3.6653175179255015e+02, 2.3878059668569790e+02, 0., 0., 1. ]
D1: !!opencv-matrix
   rows: 5
   cols: 1
   dt: d
   data: [ -2.1859934914563901e-02, -9.9468572971318997e-04,
       1.6448003429794193e-03, -3.1164985765511365e-04,
       3.5195408316194161e-04 ]
P1: !!opencv-matrix
   rows: 3
   cols: 4
   dt: f
   data: [ 3.69054626e+02, 0., 4.05007538e+02, 0., 0., 3.69054626e+02,
       2.33226059e+02, 0., 0., 0., 1., 0. ]
R1: !!opencv-matrix
   rows: 3
   cols: 3
   dt: f
   data: [ 9.94445026e-01, -1.04933776e-01, -8.24790448e-03,
       1.04737781e-01, 9.94269609e-01, -2.13989094e-02, 1.04461089e-02,
       2.04161722e-02, 9.99737024e-01 ]
K2: !!opencv-matrix
   rows: 3
   cols: 3
   dt: d
   data: [ 3.6687495098581172e+02, 0., 3.7621769200552956e+02, 0.,
       3.6726361788508825e+02, 2.2399932895774910e+02, 0., 0., 1. ]
D2: !!opencv-matrix
   rows: 5
   cols: 1
   dt: d
   data: [ -2.2201337830972428e-02, -1.1445843221826492e-03,
       2.9199201696882579e-04, -7.1705872414221615e-04,
       5.1284674356775366e-04 ]
P2: !!opencv-matrix
   rows: 3
   cols: 4
   dt: f
   data: [ 3.69054626e+02, 0., 4.05007538e+02, -6.52672438e+05, 0.,
       3.69054626e+02, 2.33226059e+02, 0., 0., 0., 1., 0. ]
R2: !!opencv-matrix
   rows: 3
   cols: 3
   dt: f
   data: [ 9.96443570e-01, -5.97607084e-02, -5.94039522e-02,
       6.09924123e-02, 9.97954667e-01, 1.91404559e-02, 5.81386052e-02,
       -2.26955749e-02, 9.98050511e-01 ]
