%YAML:1.0
---
Q: !!opencv-matrix
   rows: 4
   cols: 4
   dt: f
   data: [ 1., 0., 0., -4.04982697e+02, 0., 1., 0., -2.33224319e+02, 0.,
       0., 0., 3.69081146e+02, 0., 0., 4.85013705e-04, 0. ]
R: !!opencv-matrix
   rows: 3
   cols: 3
   dt: d
   data: [ 1.0364893640385626e+00, -4.4394386930160637e-02,
       5.0459666144791471e-02, 4.6622808700192364e-02,
       1.0366901194134466e+00, -4.5237264110016183e-02,
       -4.8529213854489134e-02, 4.7417303980296796e-02,
       1.0365121840589806e+00 ]
T: !!opencv-matrix
   rows: 3
   cols: 1
   dt: d
   data: [ -2.0683732331978022e+03, 1.2404861892919604e+02,
       1.2330807524973648e+02 ]
E: !!opencv-matrix
   rows: 0
   cols: 0
   dt: u
   data: []
F: !!opencv-matrix
   rows: 0
   cols: 0
   dt: u
   data: []
K1: !!opencv-matrix
   rows: 3
   cols: 3
   dt: d
   data: [ 3.6627756984521932e+02, 0., 3.8060969928433269e+02, 0.,
       3.6653175179255015e+02, 2.3878059668569790e+02, 0., 0., 1. ]
D1: !!opencv-matrix
   rows: 5
   cols: 1
   dt: d
   data: [ -2.1859934914563901e-02, -9.9468572971318997e-04,
       1.6448003429794193e-03, -3.1164985765511365e-04,
       3.5195408316194161e-04 ]
P1: !!opencv-matrix
   rows: 3
   cols: 4
   dt: f
   data: [ 3.69081146e+02, 0., 4.04982697e+02, 0., 0., 3.69081146e+02,
       2.33224319e+02, 0., 0., 0., 1., 0. ]
R1: !!opencv-matrix
   rows: 3
   cols: 3
   dt: f
   data: [ 9.94445503e-01, -1.04934089e-01, -8.18432495e-03,
       1.04739413e-01, 9.94269490e-01, -2.13972498e-02, 1.03827259e-02,
       2.04211771e-02, 9.99737561e-01 ]
K2: !!opencv-matrix
   rows: 3
   cols: 3
   dt: d
   data: [ 3.6687495098581172e+02, 0., 3.7621769200552956e+02, 0.,
       3.6726361788508825e+02, 2.2399932895774910e+02, 0., 0., 1. ]
D2: !!opencv-matrix
   rows: 5
   cols: 1
   dt: d
   data: [ -2.2201337830972428e-02, -1.1445843221826492e-03,
       2.9199201696882579e-04, -7.1705872414221615e-04,
       5.1284674356775366e-04 ]
P2: !!opencv-matrix
   rows: 3
   cols: 4
   dt: f
   data: [ 3.69081146e+02, 0., 4.04982697e+02, -7.60970563e+05, 0.,
       3.69081146e+02, 2.33224319e+02, 0., 0., 0., 1., 0. ]
R2: !!opencv-matrix
   rows: 3
   cols: 3
   dt: f
   data: [ 9.96443570e-01, -5.97607084e-02, -5.94039522e-02,
       6.09925091e-02, 9.97954667e-01, 1.91421267e-02, 5.81385009e-02,
       -2.26972457e-02, 9.98050451e-01 ]
