%YAML:1.0
---
Q: !!opencv-matrix
   rows: 4
   cols: 4
   dt: f
   data: [ 1., 0., 0., -4.04991730e+02, 0., 1., 0., -2.33225021e+02, 0.,
       0., 0., 3.69074951e+02, 0., 0., 5.44027833e-04, 0. ]
R: !!opencv-matrix
   rows: 3
   cols: 3
   dt: d
   data: [ 1.0367542618528840e+00, -4.4399701659056767e-02,
       5.0484075964712369e-02, 4.6634091842395302e-02,
       1.0369486962042143e+00, -4.5249270655250126e-02,
       -4.8541693661022671e-02, 4.7428802721538300e-02,
       1.0367703587599684e+00 ]
T: !!opencv-matrix
   rows: 3
   cols: 1
   dt: d
   data: [ -1.8804611172119849e+03, 1.1277877746619703e+02,
       1.1210551231681249e+02 ]
E: !!opencv-matrix
   rows: 0
   cols: 0
   dt: u
   data: []
F: !!opencv-matrix
   rows: 0
   cols: 0
   dt: u
   data: []
K1: !!opencv-matrix
   rows: 3
   cols: 3
   dt: d
   data: [ 3.6627756984521932e+02, 0., 3.8060969928433269e+02, 0.,
       3.6653175179255015e+02, 2.3878059668569790e+02, 0., 0., 1. ]
D1: !!opencv-matrix
   rows: 5
   cols: 1
   dt: d
   data: [ -2.1859934914563901e-02, -9.9468572971318997e-04,
       1.6448003429794193e-03, -3.1164985765511365e-04,
       3.5195408316194161e-04 ]
P1: !!opencv-matrix
   rows: 3
   cols: 4
   dt: f
   data: [ 3.69074951e+02, 0., 4.04991730e+02, 0., 0., 3.69074951e+02,
       2.33225021e+02, 0., 0., 0., 1., 0. ]
R1: !!opencv-matrix
   rows: 3
   cols: 3
   dt: f
   data: [ 9.94444132e-01, -1.04945280e-01, -8.20741523e-03,
       1.04750127e-01, 9.94268358e-01, -2.13979259e-02, 1.04059847e-02,
       2.04193145e-02, 9.99737322e-01 ]
K2: !!opencv-matrix
   rows: 3
   cols: 3
   dt: d
   data: [ 3.6687495098581172e+02, 0., 3.7621769200552956e+02, 0.,
       3.6726361788508825e+02, 2.2399932895774910e+02, 0., 0., 1. ]
D2: !!opencv-matrix
   rows: 5
   cols: 1
   dt: d
   data: [ -2.2201337830972428e-02, -1.1445843221826492e-03,
       2.9199201696882579e-04, -7.1705872414221615e-04,
       5.1284674356775366e-04 ]
P2: !!opencv-matrix
   rows: 3
   cols: 4
   dt: f
   data: [ 3.69074951e+02, 0., 4.04991730e+02, -6.78411875e+05, 0.,
       3.69074951e+02, 2.33225021e+02, 0., 0., 0., 1., 0. ]
R2: !!opencv-matrix
   rows: 3
   cols: 3
   dt: f
   data: [ 9.96443570e-01, -5.97607084e-02, -5.94039522e-02,
       6.09924756e-02, 9.97954667e-01, 1.91415399e-02, 5.81385382e-02,
       -2.26966590e-02, 9.98050511e-01 ]
