%YAML:1.0
---
Q: !!opencv-matrix
   rows: 4
   cols: 4
   dt: f
   data: [ 1., 0., 0., -4.26679626e+02, 0., 1., 0., -2.33679703e+02, 0.,
       0., 0., 3.64777161e+02, 0., 0., 7.32561515e-04, 0. ]
R: !!opencv-matrix
   rows: 3
   cols: 3
   dt: d
   data: [ 1.0350488178182617e+00, 1.1312227032960448e-02,
       -3.8429057613927958e-03, -9.8993324726282285e-03,
       1.0373892517259924e+00, 9.6157087762143295e-03,
       3.5113164934260383e-03, -9.6229402032222688e-03,
       1.0375407305919473e+00 ]
T: !!opencv-matrix
   rows: 3
   cols: 1
   dt: d
   data: [ -1.3690510422217772e+03, 8.2108493012217551e+01,
       8.1618517129531128e+01 ]
E: !!opencv-matrix
   rows: 0
   cols: 0
   dt: u
   data: []
F: !!opencv-matrix
   rows: 0
   cols: 0
   dt: u
   data: []
K1: !!opencv-matrix
   rows: 3
   cols: 3
   dt: d
   data: [ 3.6627756984521932e+02, 0., 3.8060969928433269e+02, 0.,
       3.6653175179255015e+02, 2.3878059668569790e+02, 0., 0., 1. ]
D1: !!opencv-matrix
   rows: 5
   cols: 1
   dt: d
   data: [ -2.1859934914563901e-02, -9.9468572971318997e-04,
       1.6448003429794193e-03, -3.1164985765511365e-04,
       3.5195408316194161e-04 ]
P1: !!opencv-matrix
   rows: 3
   cols: 4
   dt: f
   data: [ 3.64777161e+02, 0., 4.26679626e+02, 0., 0., 3.64777161e+02,
       2.33679703e+02, 0., 0., 0., 1., 0. ]
R1: !!opencv-matrix
   rows: 3
   cols: 3
   dt: f
   data: [ 9.96784568e-01, -4.88716885e-02, -6.34985194e-02,
       4.91526574e-02, 9.98787165e-01, 2.86931405e-03, 6.32812828e-02,
       -5.98120922e-03, 9.97977793e-01 ]
K2: !!opencv-matrix
   rows: 3
   cols: 3
   dt: d
   data: [ 3.6687495098581172e+02, 0., 3.7621769200552956e+02, 0.,
       3.6726361788508825e+02, 2.2399932895774910e+02, 0., 0., 1. ]
D2: !!opencv-matrix
   rows: 5
   cols: 1
   dt: d
   data: [ -2.2201337830972428e-02, -1.1445843221826492e-03,
       2.9199201696882579e-04, -7.1705872414221615e-04,
       5.1284674356775366e-04 ]
P2: !!opencv-matrix
   rows: 3
   cols: 4
   dt: f
   data: [ 3.64777161e+02, 0., 4.26679626e+02, -4.97947469e+05, 0.,
       3.64777161e+02, 2.33679703e+02, 0., 0., 0., 1., 0. ]
R2: !!opencv-matrix
   rows: 3
   cols: 3
   dt: f
   data: [ 9.96443510e-01, -5.97614497e-02, -5.94048277e-02,
       5.94975352e-02, 9.98209178e-01, -6.20313454e-03, 5.96691519e-02,
       2.64663249e-03, 9.98214722e-01 ]
