%YAML:1.0
---
Q: !!opencv-matrix
   rows: 4
   cols: 4
   dt: f
   data: [ 1., 0., 0., -3.82376434e+02, 0., 1., 0., -2.31849991e+02, 0.,
       0., 0., 3.58620819e+02, 0., 0., 9.88096232e-04, 0. ]
R: !!opencv-matrix
   rows: 3
   cols: 3
   dt: d
   data: [ 1.0376171078871763e+00, 1.0002078555461116e-02,
       -3.4257460617622888e-03, -1.0047830055019571e-02,
       1.0376259599070781e+00, 9.5836800335955454e-03,
       3.3657063097127403e-03, -9.5504816315685106e-03,
       1.0376697235322843e+00 ]
T: !!opencv-matrix
   rows: 3
   cols: 1
   dt: d
   data: [ -1.0221803050346126e+03, 4.5094613929456990e+00,
       4.1431489538553370e+00 ]
E: !!opencv-matrix
   rows: 0
   cols: 0
   dt: u
   data: []
F: !!opencv-matrix
   rows: 0
   cols: 0
   dt: u
   data: []
K1: !!opencv-matrix
   rows: 3
   cols: 3
   dt: d
   data: [ 3.6627756984521932e+02, 0., 3.8060969928433269e+02, 0.,
       3.6653175179255015e+02, 2.3878059668569790e+02, 0., 0., 1. ]
D1: !!opencv-matrix
   rows: 5
   cols: 1
   dt: d
   data: [ -2.1859934914563901e-02, -9.9468572971318997e-04,
       1.6448003429794193e-03, -3.1164985765511365e-04,
       3.5195408316194161e-04 ]
P1: !!opencv-matrix
   rows: 3
   cols: 4
   dt: f
   data: [ 3.58620819e+02, 0., 3.82376434e+02, 0., 0., 3.58620819e+02,
       2.31849991e+02, 0., 0., 0., 1., 0. ]
R1: !!opencv-matrix
   rows: 3
   cols: 3
   dt: f
   data: [ 9.99959171e-01, 5.30649815e-03, -7.31089013e-03,
       -5.27283968e-03, 9.99975443e-01, 4.61550895e-03, 7.33520277e-03,
       -4.57677152e-03, 9.99962628e-01 ]
K2: !!opencv-matrix
   rows: 3
   cols: 3
   dt: d
   data: [ 3.6687495098581172e+02, 0., 3.7621769200552956e+02, 0.,
       3.6726361788508825e+02, 2.2399932895774910e+02, 0., 0., 1. ]
D2: !!opencv-matrix
   rows: 5
   cols: 1
   dt: d
   data: [ -2.2201337830972428e-02, -1.1445843221826492e-03,
       2.9199201696882579e-04, -7.1705872414221615e-04,
       5.1284674356775366e-04 ]
P2: !!opencv-matrix
   rows: 3
   cols: 4
   dt: f
   data: [ 3.58620819e+02, 0., 3.82376434e+02, -3.62941156e+05, 0.,
       3.58620819e+02, 2.31849991e+02, 0., 0., 0., 1., 0. ]
R2: !!opencv-matrix
   rows: 3
   cols: 3
   dt: f
   data: [ 9.99982059e-01, -4.41153115e-03, -4.05317405e-03,
       4.39285534e-03, 9.99979734e-01, -4.60511027e-03, 4.07340750e-03,
       4.58722282e-03, 9.99981165e-01 ]
