%YAML:1.0
---
Q: !!opencv-matrix
   rows: 4
   cols: 4
   dt: f
   data: [ 1., 0., 0., -3.82366394e+02, 0., 1., 0., -2.31849976e+02, 0.,
       0., 0., 3.58612823e+02, 0., 0., 8.69452721e-04, 0. ]
R: !!opencv-matrix
   rows: 3
   cols: 3
   dt: d
   data: [ 1.0372447229465067e+00, 1.0040036069936696e-02,
       -3.3386076266589066e-03, -1.0044084361465465e-02,
       1.0372268918205092e+00, 9.5796172674280557e-03,
       3.3643050724131108e-03, -9.5469796727343723e-03,
       1.0372704751800166e+00 ]
T: !!opencv-matrix
   rows: 3
   cols: 1
   dt: d
   data: [ -1.1809237602675973e+03, 5.2097757268522908e+00,
       4.7865753454776971e+00 ]
E: !!opencv-matrix
   rows: 0
   cols: 0
   dt: u
   data: []
F: !!opencv-matrix
   rows: 0
   cols: 0
   dt: u
   data: []
K1: !!opencv-matrix
   rows: 3
   cols: 3
   dt: d
   data: [ 3.6627756984521932e+02, 0., 3.8060969928433269e+02, 0.,
       3.6653175179255015e+02, 2.3878059668569790e+02, 0., 0., 1. ]
D1: !!opencv-matrix
   rows: 5
   cols: 1
   dt: d
   data: [ -2.1859934914563901e-02, -9.9468572971318997e-04,
       1.6448003429794193e-03, -3.1164985765511365e-04,
       3.5195408316194161e-04 ]
P1: !!opencv-matrix
   rows: 3
   cols: 4
   dt: f
   data: [ 3.58612823e+02, 0., 3.82366394e+02, 0., 0., 3.58612823e+02,
       2.31849976e+02, 0., 0., 0., 1., 0. ]
R1: !!opencv-matrix
   rows: 3
   cols: 3
   dt: f
   data: [ 9.99959290e-01, 5.31910313e-03, -7.28523964e-03,
       -5.28556202e-03, 9.99975383e-01, 4.61554481e-03, 7.30961049e-03,
       -4.57685022e-03, 9.99962807e-01 ]
K2: !!opencv-matrix
   rows: 3
   cols: 3
   dt: d
   data: [ 3.6687495098581172e+02, 0., 3.7621769200552956e+02, 0.,
       3.6726361788508825e+02, 2.2399932895774910e+02, 0., 0., 1. ]
D2: !!opencv-matrix
   rows: 5
   cols: 1
   dt: d
   data: [ -2.2201337830972428e-02, -1.1445843221826492e-03,
       2.9199201696882579e-04, -7.1705872414221615e-04,
       5.1284674356775366e-04 ]
P2: !!opencv-matrix
   rows: 3
   cols: 4
   dt: f
   data: [ 3.58612823e+02, 0., 3.82366394e+02, -4.12458094e+05, 0.,
       3.58612823e+02, 2.31849976e+02, 0., 0., 0., 1., 0. ]
R2: !!opencv-matrix
   rows: 3
   cols: 3
   dt: f
   data: [ 9.99982059e-01, -4.41153161e-03, -4.05317405e-03,
       4.39285534e-03, 9.99979734e-01, -4.60516755e-03, 4.07340750e-03,
       4.58727963e-03, 9.99981165e-01 ]
