%YAML:1.0
---
Q: !!opencv-matrix
   rows: 4
   cols: 4
   dt: f
   data: [ 1., 0., 0., -3.82983612e+02, 0., 1., 0., -2.32165237e+02, 0.,
       0., 0., 3.61181915e+02, 0., 0., 7.99165864e-04, 0. ]
R: !!opencv-matrix
   rows: 3
   cols: 3
   dt: d
   data: [ 1.0369613870824421e+00, 1.0118027017151419e-02,
       -3.4557285211210321e-03, -1.0032689394457556e-02,
       1.0370896239669993e+00, 9.5891739834604046e-03,
       3.3644959169074670e-03, -9.5460743160575776e-03,
       1.0371365463619338e+00 ]
T: !!opencv-matrix
   rows: 3
   cols: 1
   dt: d
   data: [ -1.2568250280939503e+03, 7.5376769921176859e+01,
       5.0934935656743914e+00 ]
E: !!opencv-matrix
   rows: 0
   cols: 0
   dt: u
   data: []
F: !!opencv-matrix
   rows: 0
   cols: 0
   dt: u
   data: []
K1: !!opencv-matrix
   rows: 3
   cols: 3
   dt: d
   data: [ 3.6627756984521932e+02, 0., 3.8060969928433269e+02, 0.,
       3.6653175179255015e+02, 2.3878059668569790e+02, 0., 0., 1. ]
D1: !!opencv-matrix
   rows: 5
   cols: 1
   dt: d
   data: [ -2.1859934914563901e-02, -9.9468572971318997e-04,
       1.6448003429794193e-03, -3.1164985765511365e-04,
       3.5195408316194161e-04 ]
P1: !!opencv-matrix
   rows: 3
   cols: 4
   dt: f
   data: [ 3.61181915e+02, 0., 3.82983612e+02, 0., 0., 3.61181915e+02,
       2.32165237e+02, 0., 0., 0., 1., 0. ]
R1: !!opencv-matrix
   rows: 3
   cols: 3
   dt: f
   data: [ 9.98713732e-01, -5.00998273e-02, -7.80255208e-03,
       5.01348227e-02, 9.98732984e-01, 4.35613561e-03, 7.57442415e-03,
       -4.74171201e-03, 9.99960065e-01 ]
K2: !!opencv-matrix
   rows: 3
   cols: 3
   dt: d
   data: [ 3.6687495098581172e+02, 0., 3.7621769200552956e+02, 0.,
       3.6726361788508825e+02, 2.2399932895774910e+02, 0., 0., 1. ]
D2: !!opencv-matrix
   rows: 5
   cols: 1
   dt: d
   data: [ -2.2201337830972428e-02, -1.1445843221826492e-03,
       2.9199201696882579e-04, -7.1705872414221615e-04,
       5.1284674356775366e-04 ]
P2: !!opencv-matrix
   rows: 3
   cols: 4
   dt: f
   data: [ 3.61181915e+02, 0., 3.82983612e+02, -4.51948625e+05, 0.,
       3.61181915e+02, 2.32165237e+02, 0., 0., 0., 1., 0. ]
R2: !!opencv-matrix
   rows: 3
   cols: 3
   dt: f
   data: [ 9.98198211e-01, -5.98658994e-02, -4.04536538e-03,
       5.98468594e-02, 9.98196602e-01, -4.67359880e-03, 4.31785919e-03,
       4.42307582e-03, 9.99980867e-01 ]
