%YAML:1.0
---
Q: !!opencv-matrix
   rows: 4
   cols: 4
   dt: f
   data: [ 1., 0., 0., -4.04897430e+02, 0., 1., 0., -2.32955048e+02, 0.,
       0., 0., 3.78349091e+02, 0., 0., 6.02576183e-04, 0. ]
R: !!opencv-matrix
   rows: 3
   cols: 3
   dt: d
   data: [ 1.0372400962749073e+00, 9.9036782619993449e-03,
       5.0460422774988301e-02, -7.6974494829579595e-03,
       1.0375328675441324e+00, -4.5230124135033113e-02,
       -5.0937153614025323e-02, 4.4805352022672204e-02,
       1.0363348550410314e+00 ]
T: !!opencv-matrix
   rows: 3
   cols: 1
   dt: d
   data: [ -1.6536392382597573e+03, 9.9176252183662115e+01,
       9.8582190339874217e+01 ]
E: !!opencv-matrix
   rows: 0
   cols: 0
   dt: u
   data: []
F: !!opencv-matrix
   rows: 0
   cols: 0
   dt: u
   data: []
K1: !!opencv-matrix
   rows: 3
   cols: 3
   dt: d
   data: [ 3.6627756984521932e+02, 0., 3.8060969928433269e+02, 0.,
       3.6653175179255015e+02, 2.3878059668569790e+02, 0., 0., 1. ]
D1: !!opencv-matrix
   rows: 5
   cols: 1
   dt: d
   data: [ -2.1859934914563901e-02, -9.9468572971318997e-04,
       1.6448003429794193e-03, -3.1164985765511365e-04,
       3.5195408316194161e-04 ]
P1: !!opencv-matrix
   rows: 3
   cols: 4
   dt: f
   data: [ 3.78349091e+02, 0., 4.04897430e+02, 0., 0., 3.78349091e+02,
       2.32955048e+02, 0., 0., 0., 1., 0. ]
R1: !!opencv-matrix
   rows: 3
   cols: 3
   dt: f
   data: [ 9.98573184e-01, -5.27652800e-02, -8.21281038e-03,
       5.25805838e-02, 9.98389959e-01, -2.12796126e-02, 9.32241231e-03,
       2.08174158e-02, 9.99739826e-01 ]
K2: !!opencv-matrix
   rows: 3
   cols: 3
   dt: d
   data: [ 3.6687495098581172e+02, 0., 3.7621769200552956e+02, 0.,
       3.6726361788508825e+02, 2.2399932895774910e+02, 0., 0., 1. ]
D2: !!opencv-matrix
   rows: 5
   cols: 1
   dt: d
   data: [ -2.2201337830972428e-02, -1.1445843221826492e-03,
       2.9199201696882579e-04, -7.1705872414221615e-04,
       5.1284674356775366e-04 ]
P2: !!opencv-matrix
   rows: 3
   cols: 4
   dt: f
   data: [ 3.78349091e+02, 0., 4.04897430e+02, -6.27885875e+05, 0.,
       3.78349091e+02, 2.32955048e+02, 0., 0., 0., 1., 0. ]
R2: !!opencv-matrix
   rows: 3
   cols: 3
   dt: f
   data: [ 9.96443570e-01, -5.97612448e-02, -5.94032779e-02,
       6.09998852e-02, 9.97951925e-01, 1.92597471e-02, 5.81306294e-02,
       -2.28148438e-02, 9.98048246e-01 ]
