%YAML:1.0
---
Q: !!opencv-matrix
   rows: 4
   cols: 4
   dt: f
   data: [ 1., 0., 0., -4.04982574e+02, 0., 1., 0., -2.33224304e+02, 0.,
       0., 0., 3.69081268e+02, 0., 0., 4.64959216e-04, 0. ]
R: !!opencv-matrix
   rows: 3
   cols: 3
   dt: d
   data: [ 1.0363747940416428e+00, -4.4389560862267065e-02,
       5.0453909921069330e-02, 4.6617657871573535e-02,
       1.0365755577323799e+00, -4.5232254073497749e-02,
       -4.8523849271940402e-02, 4.7412068580506478e-02,
       1.0363976479629260e+00 ]
T: !!opencv-matrix
   rows: 3
   cols: 1
   dt: d
   data: [ -2.1572454108356646e+03, 1.2937863902397658e+02,
       1.2860627626664629e+02 ]
E: !!opencv-matrix
   rows: 0
   cols: 0
   dt: u
   data: []
F: !!opencv-matrix
   rows: 0
   cols: 0
   dt: u
   data: []
K1: !!opencv-matrix
   rows: 3
   cols: 3
   dt: d
   data: [ 3.6627756984521932e+02, 0., 3.8060969928433269e+02, 0.,
       3.6653175179255015e+02, 2.3878059668569790e+02, 0., 0., 1. ]
D1: !!opencv-matrix
   rows: 5
   cols: 1
   dt: d
   data: [ -2.1859934914563901e-02, -9.9468572971318997e-04,
       1.6448003429794193e-03, -3.1164985765511365e-04,
       3.5195408316194161e-04 ]
P1: !!opencv-matrix
   rows: 3
   cols: 4
   dt: f
   data: [ 3.69081268e+02, 0., 4.04982574e+02, 0., 0., 3.69081268e+02,
       2.33224304e+02, 0., 0., 0., 1., 0. ]
R1: !!opencv-matrix
   rows: 3
   cols: 3
   dt: f
   data: [ 9.94445503e-01, -1.04933910e-01, -8.18398781e-03,
       1.04739241e-01, 9.94269490e-01, -2.13972405e-02, 1.03823859e-02,
       2.04212051e-02, 9.99737561e-01 ]
K2: !!opencv-matrix
   rows: 3
   cols: 3
   dt: d
   data: [ 3.6687495098581172e+02, 0., 3.7621769200552956e+02, 0.,
       3.6726361788508825e+02, 2.2399932895774910e+02, 0., 0., 1. ]
D2: !!opencv-matrix
   rows: 5
   cols: 1
   dt: d
   data: [ -2.2201337830972428e-02, -1.1445843221826492e-03,
       2.9199201696882579e-04, -7.1705872414221615e-04,
       5.1284674356775366e-04 ]
P2: !!opencv-matrix
   rows: 3
   cols: 4
   dt: f
   data: [ 3.69081268e+02, 0., 4.04982574e+02, -7.93792750e+05, 0.,
       3.69081268e+02, 2.33224304e+02, 0., 0., 0., 1., 0. ]
R2: !!opencv-matrix
   rows: 3
   cols: 3
   dt: f
   data: [ 9.96443570e-01, -5.97607084e-02, -5.94039522e-02,
       6.09925091e-02, 9.97954667e-01, 1.91421360e-02, 5.81385009e-02,
       -2.26972550e-02, 9.98050451e-01 ]
