%YAML:1.0
---
Q: !!opencv-matrix
   rows: 4
   cols: 4
   dt: f
   data: [ 1., 0., 0., -3.82451813e+02, 0., 1., 0., -2.31850540e+02, 0.,
       0., 0., 3.58703644e+02, 0., 0., 1.03542698e-03, 0. ]
R: !!opencv-matrix
   rows: 3
   cols: 3
   dt: d
   data: [ 1.0383204537123703e+00, 9.7173347423323859e-03,
       -3.7180623443489390e-03, -1.0050637947294093e-02,
       1.0375712579491425e+00, 9.5844536155147014e-03,
       3.3624471794581881e-03, -9.5488146624295306e-03,
       1.0376149509852464e+00 ]
T: !!opencv-matrix
   rows: 3
   cols: 1
   dt: d
   data: [ -9.7472981276959126e+02, 4.3001283292636714e+00,
       3.9508206019475152e+00 ]
E: !!opencv-matrix
   rows: 0
   cols: 0
   dt: u
   data: []
F: !!opencv-matrix
   rows: 0
   cols: 0
   dt: u
   data: []
K1: !!opencv-matrix
   rows: 3
   cols: 3
   dt: d
   data: [ 3.6627756984521932e+02, 0., 3.8060969928433269e+02, 0.,
       3.6653175179255015e+02, 2.3878059668569790e+02, 0., 0., 1. ]
D1: !!opencv-matrix
   rows: 5
   cols: 1
   dt: d
   data: [ -2.1859934914563901e-02, -9.9468572971318997e-04,
       1.6448003429794193e-03, -3.1164985765511365e-04,
       3.5195408316194161e-04 ]
P1: !!opencv-matrix
   rows: 3
   cols: 4
   dt: f
   data: [ 3.58703644e+02, 0., 3.82451813e+02, 0., 0., 3.58703644e+02,
       2.31850540e+02, 0., 0., 0., 1., 0. ]
R1: !!opencv-matrix
   rows: 3
   cols: 3
   dt: f
   data: [ 9.99958694e-01, 5.12785744e-03, -7.50403292e-03,
       -5.09331748e-03, 9.99976397e-01, 4.61476343e-03, 7.52751948e-03,
       -4.57635242e-03, 9.99961197e-01 ]
K2: !!opencv-matrix
   rows: 3
   cols: 3
   dt: d
   data: [ 3.6687495098581172e+02, 0., 3.7621769200552956e+02, 0.,
       3.6726361788508825e+02, 2.2399932895774910e+02, 0., 0., 1. ]
D2: !!opencv-matrix
   rows: 5
   cols: 1
   dt: d
   data: [ -2.2201337830972428e-02, -1.1445843221826492e-03,
       2.9199201696882579e-04, -7.1705872414221615e-04,
       5.1284674356775366e-04 ]
P2: !!opencv-matrix
   rows: 3
   cols: 4
   dt: f
   data: [ 3.58703644e+02, 0., 3.82451813e+02, -3.46430656e+05, 0.,
       3.58703644e+02, 2.31850540e+02, 0., 0., 0., 1., 0. ]
R2: !!opencv-matrix
   rows: 3
   cols: 3
   dt: f
   data: [ 9.99982059e-01, -4.41153161e-03, -4.05317405e-03,
       4.39285813e-03, 9.99979734e-01, -4.60452866e-03, 4.07340517e-03,
       4.58664075e-03, 9.99981165e-01 ]
