%YAML:1.0
---
Q: !!opencv-matrix
   rows: 4
   cols: 4
   dt: f
   data: [ 1., 0., 0., -3.83002106e+02, 0., 1., 0., -2.32165955e+02, 0.,
       0., 0., 3.61169128e+02, 0., 0., 7.87479978e-04, 0. ]
R: !!opencv-matrix
   rows: 3
   cols: 3
   dt: d
   data: [ 1.0369205185176522e+00, 1.0065502569010475e-02,
       -3.4555675704711734e-03, -1.0033328313499752e-02,
       1.0370312983827288e+00, 9.5886085211086339e-03,
       3.3642132568441597e-03, -9.5452983459735751e-03,
       1.0370751040225317e+00 ]
T: !!opencv-matrix
   rows: 3
   cols: 1
   dt: d
   data: [ -1.2826340796250661e+03, 7.6924640902701526e+01,
       5.1980890882542505e+00 ]
E: !!opencv-matrix
   rows: 0
   cols: 0
   dt: u
   data: []
F: !!opencv-matrix
   rows: 0
   cols: 0
   dt: u
   data: []
K1: !!opencv-matrix
   rows: 3
   cols: 3
   dt: d
   data: [ 3.6627756984521932e+02, 0., 3.8060969928433269e+02, 0.,
       3.6653175179255015e+02, 2.3878059668569790e+02, 0., 0., 1. ]
D1: !!opencv-matrix
   rows: 5
   cols: 1
   dt: d
   data: [ -2.1859934914563901e-02, -9.9468572971318997e-04,
       1.6448003429794193e-03, -3.1164985765511365e-04,
       3.5195408316194161e-04 ]
P1: !!opencv-matrix
   rows: 3
   cols: 4
   dt: f
   data: [ 3.61169128e+02, 0., 3.83002106e+02, 0., 0., 3.61169128e+02,
       2.32165955e+02, 0., 0., 0., 1., 0. ]
R1: !!opencv-matrix
   rows: 3
   cols: 3
   dt: f
   data: [ 9.98712182e-01, -5.01239374e-02, -7.84985814e-03,
       5.01591526e-02, 9.98731732e-01, 4.35540080e-03, 7.62159284e-03,
       -4.74353414e-03, 9.99959707e-01 ]
K2: !!opencv-matrix
   rows: 3
   cols: 3
   dt: d
   data: [ 3.6687495098581172e+02, 0., 3.7621769200552956e+02, 0.,
       3.6726361788508825e+02, 2.2399932895774910e+02, 0., 0., 1. ]
D2: !!opencv-matrix
   rows: 5
   cols: 1
   dt: d
   data: [ -2.2201337830972428e-02, -1.1445843221826492e-03,
       2.9199201696882579e-04, -7.1705872414221615e-04,
       5.1284674356775366e-04 ]
P2: !!opencv-matrix
   rows: 3
   cols: 4
   dt: f
   data: [ 3.61169128e+02, 0., 3.83002106e+02, -4.58639125e+05, 0.,
       3.61169128e+02, 2.32165955e+02, 0., 0., 0., 1., 0. ]
R2: !!opencv-matrix
   rows: 3
   cols: 3
   dt: f
   data: [ 9.98198211e-01, -5.98658994e-02, -4.04536538e-03,
       5.98468594e-02, 9.98196602e-01, -4.67414455e-03, 4.31789178e-03,
       4.42362018e-03, 9.99980867e-01 ]
