%YAML:1.0
---
Q: !!opencv-matrix
   rows: 4
   cols: 4
   dt: f
   data: [ 1., 0., 0., -4.05010040e+02, 0., 1., 0., -2.33226318e+02, 0.,
       0., 0., 3.69057251e+02, 0., 0., 5.60311950e-04, 0. ]
R: !!opencv-matrix
   rows: 3
   cols: 3
   dt: d
   data: [ 1.0367574403355604e+00, -4.4409052090309063e-02,
       5.0427312257979529e-02, 4.6650712954319620e-02,
       1.0371090562030587e+00, -4.5252389615019234e-02,
       -4.8539833603898574e-02, 4.7436279030078680e-02,
       1.0369343908661577e+00 ]
T: !!opencv-matrix
   rows: 3
   cols: 1
   dt: d
   data: [ -1.8006102491825834e+03, 1.0798980118421902e+02,
       1.0734512540385333e+02 ]
E: !!opencv-matrix
   rows: 0
   cols: 0
   dt: u
   data: []
F: !!opencv-matrix
   rows: 0
   cols: 0
   dt: u
   data: []
K1: !!opencv-matrix
   rows: 3
   cols: 3
   dt: d
   data: [ 3.6627756984521932e+02, 0., 3.8060969928433269e+02, 0.,
       3.6653175179255015e+02, 2.3878059668569790e+02, 0., 0., 1. ]
D1: !!opencv-matrix
   rows: 5
   cols: 1
   dt: d
   data: [ -2.1859934914563901e-02, -9.9468572971318997e-04,
       1.6448003429794193e-03, -3.1164985765511365e-04,
       3.5195408316194161e-04 ]
P1: !!opencv-matrix
   rows: 3
   cols: 4
   dt: f
   data: [ 3.69057251e+02, 0., 4.05010040e+02, 0., 0., 3.69057251e+02,
       2.33226318e+02, 0., 0., 0., 1., 0. ]
R1: !!opencv-matrix
   rows: 3
   cols: 3
   dt: f
   data: [ 9.94443119e-01, -1.04951128e-01, -8.25419836e-03,
       1.04754999e-01, 9.94267821e-01, -2.13991869e-02, 1.04527520e-02,
       2.04156060e-02, 9.99736965e-01 ]
K2: !!opencv-matrix
   rows: 3
   cols: 3
   dt: d
   data: [ 3.6687495098581172e+02, 0., 3.7621769200552956e+02, 0.,
       3.6726361788508825e+02, 2.2399932895774910e+02, 0., 0., 1. ]
D2: !!opencv-matrix
   rows: 5
   cols: 1
   dt: d
   data: [ -2.2201337830972428e-02, -1.1445843221826492e-03,
       2.9199201696882579e-04, -7.1705872414221615e-04,
       5.1284674356775366e-04 ]
P2: !!opencv-matrix
   rows: 3
   cols: 4
   dt: f
   data: [ 3.69057251e+02, 0., 4.05010040e+02, -6.58663938e+05, 0.,
       3.69057251e+02, 2.33226318e+02, 0., 0., 0., 1., 0. ]
R2: !!opencv-matrix
   rows: 3
   cols: 3
   dt: f
   data: [ 9.96443570e-01, -5.97607084e-02, -5.94039522e-02,
       6.09924048e-02, 9.97954667e-01, 1.91403218e-02, 5.81386127e-02,
       -2.26954408e-02, 9.98050511e-01 ]
