%YAML:1.0
---
Q: !!opencv-matrix
   rows: 4
   cols: 4
   dt: f
   data: [ 1., 0., 0., -3.82456940e+02, 0., 1., 0., -2.31850555e+02, 0.,
       0., 0., 3.58708466e+02, 0., 0., 1.04183203e-03, 0. ]
R: !!opencv-matrix
   rows: 3
   cols: 3
   dt: d
   data: [ 1.0386740074712071e+00, 9.6465035325751618e-03,
       -3.8133774696776182e-03, -1.0051769201581715e-02,
       1.0374902890654789e+00, 9.5841245922553813e-03,
       3.3604210622029083e-03, -9.5477826419934925e-03,
       1.0375340570629612e+00 ]
T: !!opencv-matrix
   rows: 3
   cols: 1
   dt: d
   data: [ -9.6576785381975230e+02, 4.2605917392659380e+00,
       3.9144956677979890e+00 ]
E: !!opencv-matrix
   rows: 0
   cols: 0
   dt: u
   data: []
F: !!opencv-matrix
   rows: 0
   cols: 0
   dt: u
   data: []
K1: !!opencv-matrix
   rows: 3
   cols: 3
   dt: d
   data: [ 3.6627756984521932e+02, 0., 3.8060969928433269e+02, 0.,
       3.6653175179255015e+02, 2.3878059668569790e+02, 0., 0., 1. ]
D1: !!opencv-matrix
   rows: 5
   cols: 1
   dt: d
   data: [ -2.1859934914563901e-02, -9.9468572971318997e-04,
       1.6448003429794193e-03, -3.1164985765511365e-04,
       3.5195408316194161e-04 ]
P1: !!opencv-matrix
   rows: 3
   cols: 4
   dt: f
   data: [ 3.58708466e+02, 0., 3.82456940e+02, 0., 0., 3.58708466e+02,
       2.31850555e+02, 0., 0., 0., 1., 0. ]
R1: !!opencv-matrix
   rows: 3
   cols: 3
   dt: f
   data: [ 9.99958634e-01, 5.11862291e-03, -7.51718692e-03,
       -5.08402241e-03, 9.99976456e-01, 4.61472757e-03, 7.54063064e-03,
       -4.57631936e-03, 9.99961078e-01 ]
K2: !!opencv-matrix
   rows: 3
   cols: 3
   dt: d
   data: [ 3.6687495098581172e+02, 0., 3.7621769200552956e+02, 0.,
       3.6726361788508825e+02, 2.2399932895774910e+02, 0., 0., 1. ]
D2: !!opencv-matrix
   rows: 5
   cols: 1
   dt: d
   data: [ -2.2201337830972428e-02, -1.1445843221826492e-03,
       2.9199201696882579e-04, -7.1705872414221615e-04,
       5.1284674356775366e-04 ]
P2: !!opencv-matrix
   rows: 3
   cols: 4
   dt: f
   data: [ 3.58708466e+02, 0., 3.82456940e+02, -3.44305469e+05, 0.,
       3.58708466e+02, 2.31850555e+02, 0., 0., 0., 1., 0. ]
R2: !!opencv-matrix
   rows: 3
   cols: 3
   dt: f
   data: [ 9.99982059e-01, -4.41153161e-03, -4.05317452e-03,
       4.39285813e-03, 9.99979734e-01, -4.60449420e-03, 4.07340517e-03,
       4.58660675e-03, 9.99981165e-01 ]
