%YAML:1.0
---
Q: !!opencv-matrix
   rows: 4
   cols: 4
   dt: f
   data: [ 1., 0., 0., -4.25320740e+02, 0., 1., 0., -2.33707474e+02, 0.,
       0., 0., 3.70943176e+02, 0., 0., 6.70656911e-04, 0. ]
R: !!opencv-matrix
   rows: 3
   cols: 3
   dt: d
   data: [ 1.0377912196904400e+00, 9.5408195675065217e-03,
       -3.1506087463102645e-03, -1.0041313509886169e-02,
       1.0370110834830111e+00, -4.4786307878422131e-02,
       3.3759211240090626e-03, 4.4803183808181941e-02,
       1.0369929916324077e+00 ]
T: !!opencv-matrix
   rows: 3
   cols: 1
   dt: d
   data: [ -1.4913728006815472e+03, 8.9444634056679362e+01,
       8.8908988860901559e+01 ]
E: !!opencv-matrix
   rows: 0
   cols: 0
   dt: u
   data: []
F: !!opencv-matrix
   rows: 0
   cols: 0
   dt: u
   data: []
K1: !!opencv-matrix
   rows: 3
   cols: 3
   dt: d
   data: [ 3.6627756984521932e+02, 0., 3.8060969928433269e+02, 0.,
       3.6653175179255015e+02, 2.3878059668569790e+02, 0., 0., 1. ]
D1: !!opencv-matrix
   rows: 5
   cols: 1
   dt: d
   data: [ -2.1859934914563901e-02, -9.9468572971318997e-04,
       1.6448003429794193e-03, -3.1164985765511365e-04,
       3.5195408316194161e-04 ]
P1: !!opencv-matrix
   rows: 3
   cols: 4
   dt: f
   data: [ 3.70943176e+02, 0., 4.25320740e+02, 0., 0., 3.70943176e+02,
       2.33707474e+02, 0., 0., 0., 1., 0. ]
R1: !!opencv-matrix
   rows: 3
   cols: 3
   dt: f
   data: [ 9.96797204e-01, -5.29076718e-02, -5.99672869e-02,
       5.15897609e-02, 9.98396099e-01, -2.33174823e-02, 6.11047819e-02,
       2.01491043e-02, 9.97927964e-01 ]
K2: !!opencv-matrix
   rows: 3
   cols: 3
   dt: d
   data: [ 3.6687495098581172e+02, 0., 3.7621769200552956e+02, 0.,
       3.6726361788508825e+02, 2.2399932895774910e+02, 0., 0., 1. ]
D2: !!opencv-matrix
   rows: 5
   cols: 1
   dt: d
   data: [ -2.2201337830972428e-02, -1.1445843221826492e-03,
       2.9199201696882579e-04, -7.1705872414221615e-04,
       5.1284674356775366e-04 ]
P2: !!opencv-matrix
   rows: 3
   cols: 4
   dt: f
   data: [ 3.70943176e+02, 0., 4.25320740e+02, -5.53104250e+05, 0.,
       3.70943176e+02, 2.33707474e+02, 0., 0., 0., 1., 0. ]
R2: !!opencv-matrix
   rows: 3
   cols: 3
   dt: f
   data: [ 9.96443570e-01, -5.97614013e-02, -5.94035164e-02,
       6.10404573e-02, 9.97935832e-01, 1.99538413e-02, 5.80884293e-02,
       -2.35088952e-02, 9.98034596e-01 ]
