%YAML:1.0
---
Q: !!opencv-matrix
   rows: 4
   cols: 4
   dt: f
   data: [ 1., 0., 0., -4.25435486e+02, 0., 1., 0., -2.33712692e+02, 0.,
       0., 0., 3.70891846e+02, 0., 0., 6.64849475e-04, 0. ]
R: !!opencv-matrix
   rows: 3
   cols: 3
   dt: d
   data: [ 1.0377273799405162e+00, 9.5724458196398479e-03,
       -3.6779970285510661e-03, -1.0040012312566933e-02,
       1.0369589458047177e+00, -4.4752500172482196e-02,
       3.3765677662990299e-03, 4.4799101424644050e-02,
       1.0369742289444899e+00 ]
T: !!opencv-matrix
   rows: 3
   cols: 1
   dt: d
   data: [ -1.5109512093351934e+03, 9.0618843137657137e+01,
       9.0076166252937810e+01 ]
E: !!opencv-matrix
   rows: 0
   cols: 0
   dt: u
   data: []
F: !!opencv-matrix
   rows: 0
   cols: 0
   dt: u
   data: []
K1: !!opencv-matrix
   rows: 3
   cols: 3
   dt: d
   data: [ 3.6627756984521932e+02, 0., 3.8060969928433269e+02, 0.,
       3.6653175179255015e+02, 2.3878059668569790e+02, 0., 0., 1. ]
D1: !!opencv-matrix
   rows: 5
   cols: 1
   dt: d
   data: [ -2.1859934914563901e-02, -9.9468572971318997e-04,
       1.6448003429794193e-03, -3.1164985765511365e-04,
       3.5195408316194161e-04 ]
P1: !!opencv-matrix
   rows: 3
   cols: 4
   dt: f
   data: [ 3.70891846e+02, 0., 4.25435486e+02, 0., 0., 3.70891846e+02,
       2.33712692e+02, 0., 0., 0., 1., 0. ]
R1: !!opencv-matrix
   rows: 3
   cols: 3
   dt: f
   data: [ 9.96777534e-01, -5.29519692e-02, -6.02543131e-02,
       5.16279861e-02, 9.98394012e-01, -2.33229995e-02, 6.13925420e-02,
       2.01370344e-02, 9.97910559e-01 ]
K2: !!opencv-matrix
   rows: 3
   cols: 3
   dt: d
   data: [ 3.6687495098581172e+02, 0., 3.7621769200552956e+02, 0.,
       3.6726361788508825e+02, 2.2399932895774910e+02, 0., 0., 1. ]
D2: !!opencv-matrix
   rows: 5
   cols: 1
   dt: d
   data: [ -2.2201337830972428e-02, -1.1445843221826492e-03,
       2.9199201696882579e-04, -7.1705872414221615e-04,
       5.1284674356775366e-04 ]
P2: !!opencv-matrix
   rows: 3
   cols: 4
   dt: f
   data: [ 3.70891846e+02, 0., 4.25435486e+02, -5.57858375e+05, 0.,
       3.70891846e+02, 2.33712692e+02, 0., 0., 0., 1., 0. ]
R2: !!opencv-matrix
   rows: 3
   cols: 3
   dt: f
   data: [ 9.96443570e-01, -5.97614013e-02, -5.94035164e-02,
       6.10402748e-02, 9.97935891e-01, 1.99506711e-02, 5.80886230e-02,
       -2.35057250e-02, 9.98034656e-01 ]
