%YAML:1.0
---
Q: !!opencv-matrix
   rows: 4
   cols: 4
   dt: f
   data: [ 1., 0., 0., -3.82434448e+02, 0., 1., 0., -2.31850433e+02, 0.,
       0., 0., 3.58686249e+02, 0., 0., 1.02590688e-03, 0. ]
R: !!opencv-matrix
   rows: 3
   cols: 3
   dt: d
   data: [ 1.0379895936021217e+00, 9.8460873182505265e-03,
       -3.5668694535439124e-03, -1.0049499004849645e-02,
       1.0376315212587719e+00, 9.5843475513670857e-03,
       3.3642320950413745e-03, -9.5498940279559984e-03,
       1.0376751686497976e+00 ]
T: !!opencv-matrix
   rows: 3
   cols: 1
   dt: d
   data: [ -9.8738477626933968e+02, 4.3559570666770755e+00,
       4.0021141939029254e+00 ]
E: !!opencv-matrix
   rows: 0
   cols: 0
   dt: u
   data: []
F: !!opencv-matrix
   rows: 0
   cols: 0
   dt: u
   data: []
K1: !!opencv-matrix
   rows: 3
   cols: 3
   dt: d
   data: [ 3.6627756984521932e+02, 0., 3.8060969928433269e+02, 0.,
       3.6653175179255015e+02, 2.3878059668569790e+02, 0., 0., 1. ]
D1: !!opencv-matrix
   rows: 5
   cols: 1
   dt: d
   data: [ -2.1859934914563901e-02, -9.9468572971318997e-04,
       1.6448003429794193e-03, -3.1164985765511365e-04,
       3.5195408316194161e-04 ]
P1: !!opencv-matrix
   rows: 3
   cols: 4
   dt: f
   data: [ 3.58686249e+02, 0., 3.82434448e+02, 0., 0., 3.58686249e+02,
       2.31850433e+02, 0., 0., 0., 1., 0. ]
R1: !!opencv-matrix
   rows: 3
   cols: 3
   dt: f
   data: [ 9.99958873e-01, 5.16268797e-03, -7.45954923e-03,
       -5.12835104e-03, 9.99976218e-01, 4.61490313e-03, 7.48319738e-03,
       -4.57645813e-03, 9.99961555e-01 ]
K2: !!opencv-matrix
   rows: 3
   cols: 3
   dt: d
   data: [ 3.6687495098581172e+02, 0., 3.7621769200552956e+02, 0.,
       3.6726361788508825e+02, 2.2399932895774910e+02, 0., 0., 1. ]
D2: !!opencv-matrix
   rows: 5
   cols: 1
   dt: d
   data: [ -2.2201337830972428e-02, -1.1445843221826492e-03,
       2.9199201696882579e-04, -7.1705872414221615e-04,
       5.1284674356775366e-04 ]
P2: !!opencv-matrix
   rows: 3
   cols: 4
   dt: f
   data: [ 3.58686249e+02, 0., 3.82434448e+02, -3.49628469e+05, 0.,
       3.58686249e+02, 2.31850433e+02, 0., 0., 0., 1., 0. ]
R2: !!opencv-matrix
   rows: 3
   cols: 3
   dt: f
   data: [ 9.99982059e-01, -4.41153161e-03, -4.05317405e-03,
       4.39285720e-03, 9.99979734e-01, -4.60465113e-03, 4.07340564e-03,
       4.58676368e-03, 9.99981165e-01 ]
