%YAML:1.0
---
Q: !!opencv-matrix
   rows: 4
   cols: 4
   dt: f
   data: [ 1., 0., 0., -4.25513611e+02, 0., 1., 0., -2.33711884e+02, 0.,
       0., 0., 3.70896118e+02, 0., 0., 6.39933336e-04, 0. ]
R: !!opencv-matrix
   rows: 3
   cols: 3
   dt: d
   data: [ 1.0377271791504963e+00, 9.9364038332958298e-03,
       -3.8642066611640547e-03, -1.0046117061066359e-02,
       1.0368155334705125e+00, -4.4736062106071561e-02,
       3.3689343891864800e-03, 4.4772087190137311e-02,
       1.0368638370410934e+00 ]
T: !!opencv-matrix
   rows: 3
   cols: 1
   dt: d
   data: [ -1.5571052650724894e+03, 9.3386918847948664e+01,
       9.2827665127463433e+01 ]
E: !!opencv-matrix
   rows: 0
   cols: 0
   dt: u
   data: []
F: !!opencv-matrix
   rows: 0
   cols: 0
   dt: u
   data: []
K1: !!opencv-matrix
   rows: 3
   cols: 3
   dt: d
   data: [ 3.6627756984521932e+02, 0., 3.8060969928433269e+02, 0.,
       3.6653175179255015e+02, 2.3878059668569790e+02, 0., 0., 1. ]
D1: !!opencv-matrix
   rows: 5
   cols: 1
   dt: d
   data: [ -2.1859934914563901e-02, -9.9468572971318997e-04,
       1.6448003429794193e-03, -3.1164985765511365e-04,
       3.5195408316194161e-04 ]
P1: !!opencv-matrix
   rows: 3
   cols: 4
   dt: f
   data: [ 3.70896118e+02, 0., 4.25513611e+02, 0., 0., 3.70896118e+02,
       2.33711884e+02, 0., 0., 0., 1., 0. ]
R1: !!opencv-matrix
   rows: 3
   cols: 3
   dt: f
   data: [ 9.96776521e-01, -5.27468510e-02, -6.04507253e-02,
       5.14189936e-02, 9.98404980e-01, -2.33160574e-02, 6.15841523e-02,
       2.01325845e-02, 9.97898817e-01 ]
K2: !!opencv-matrix
   rows: 3
   cols: 3
   dt: d
   data: [ 3.6687495098581172e+02, 0., 3.7621769200552956e+02, 0.,
       3.6726361788508825e+02, 2.2399932895774910e+02, 0., 0., 1. ]
D2: !!opencv-matrix
   rows: 5
   cols: 1
   dt: d
   data: [ -2.2201337830972428e-02, -1.1445843221826492e-03,
       2.9199201696882579e-04, -7.1705872414221615e-04,
       5.1284674356775366e-04 ]
P2: !!opencv-matrix
   rows: 3
   cols: 4
   dt: f
   data: [ 3.70896118e+02, 0., 4.25513611e+02, -5.79585563e+05, 0.,
       3.70896118e+02, 2.33711884e+02, 0., 0., 0., 1., 0. ]
R2: !!opencv-matrix
   rows: 3
   cols: 3
   dt: f
   data: [ 9.96443570e-01, -5.97614013e-02, -5.94035164e-02,
       6.10399432e-02, 9.97936010e-01, 1.99449826e-02, 5.80889694e-02,
       -2.35000364e-02, 9.98034775e-01 ]
