%YAML:1.0
---
Q: !!opencv-matrix
   rows: 4
   cols: 4
   dt: f
   data: [ 1., 0., 0., -4.26536438e+02, 0., 1., 0., -2.33687317e+02, 0.,
       0., 0., 3.64718475e+02, 0., 0., 6.97309966e-04, 0. ]
R: !!opencv-matrix
   rows: 3
   cols: 3
   dt: d
   data: [ 1.0378354667023828e+00, 9.6117771152520737e-03,
       -2.8577322871666836e-03, -1.0043359593115973e-02,
       1.0370189054164247e+00, -4.4804396566666085e-02,
       3.3740427732774610e-03, 4.4799481762463539e-02,
       1.0369876001945868e+00 ]
T: !!opencv-matrix
   rows: 3
   cols: 1
   dt: d
   data: [ -1.4857725139502293e+03, 8.9108758348776746e+01,
       8.8575124555682407e+01 ]
E: !!opencv-matrix
   rows: 0
   cols: 0
   dt: u
   data: []
F: !!opencv-matrix
   rows: 0
   cols: 0
   dt: u
   data: []
K1: !!opencv-matrix
   rows: 3
   cols: 3
   dt: d
   data: [ 3.6627756984521932e+02, 0., 3.8060969928433269e+02, 0.,
       3.6653175179255015e+02, 2.3878059668569790e+02, 0., 0., 1. ]
D1: !!opencv-matrix
   rows: 5
   cols: 1
   dt: d
   data: [ -2.1859934914563901e-02, -9.9468572971318997e-04,
       1.6448003429794193e-03, -3.1164985765511365e-04,
       3.5195408316194161e-04 ]
P1: !!opencv-matrix
   rows: 3
   cols: 4
   dt: f
   data: [ 3.64718475e+02, 0., 4.26536438e+02, 0., 0., 3.64718475e+02,
       2.33687317e+02, 0., 0., 0., 1., 0. ]
R1: !!opencv-matrix
   rows: 3
   cols: 3
   dt: f
   data: [ 9.96775270e-01, -4.95173782e-02, -6.31429628e-02,
       4.97958474e-02, 9.98755395e-01, 2.84311431e-03, 6.29235953e-02,
       -5.97820338e-03, 9.98000443e-01 ]
K2: !!opencv-matrix
   rows: 3
   cols: 3
   dt: d
   data: [ 3.6687495098581172e+02, 0., 3.7621769200552956e+02, 0.,
       3.6726361788508825e+02, 2.2399932895774910e+02, 0., 0., 1. ]
D2: !!opencv-matrix
   rows: 5
   cols: 1
   dt: d
   data: [ -2.2201337830972428e-02, -1.1445843221826492e-03,
       2.9199201696882579e-04, -7.1705872414221615e-04,
       5.1284674356775366e-04 ]
P2: !!opencv-matrix
   rows: 3
   cols: 4
   dt: f
   data: [ 3.64718475e+02, 0., 4.26536438e+02, -5.23036375e+05, 0.,
       3.64718475e+02, 2.33687317e+02, 0., 0., 0., 1., 0. ]
R2: !!opencv-matrix
   rows: 3
   cols: 3
   dt: f
   data: [ 9.96443510e-01, -5.97614497e-02, -5.94048277e-02,
       5.94984069e-02, 9.98209238e-01, -6.18854351e-03, 5.96682839e-02,
       2.63204146e-03, 9.98214781e-01 ]
