%YAML:1.0
---
Q: !!opencv-matrix
   rows: 4
   cols: 4
   dt: f
   data: [ 1., 0., 0., -3.82996613e+02, 0., 1., 0., -2.32165817e+02, 0.,
       0., 0., 3.61168762e+02, 0., 0., 7.78240850e-04, 0. ]
R: !!opencv-matrix
   rows: 3
   cols: 3
   dt: d
   data: [ 1.0369696031615283e+00, 1.0045655579868692e-02,
       -3.3408197322033328e-03, -1.0040047572442290e-02,
       1.0369573750512076e+00, 9.5810475257008029e-03,
       3.3634665939918751e-03, -9.5445298813158809e-03,
       1.0369995668888865e+00 ]
T: !!opencv-matrix
   rows: 3
   cols: 1
   dt: d
   data: [ -1.3040101295326151e+03, 7.8206647291559563e+01,
       5.2847191276234140e+00 ]
E: !!opencv-matrix
   rows: 0
   cols: 0
   dt: u
   data: []
F: !!opencv-matrix
   rows: 0
   cols: 0
   dt: u
   data: []
K1: !!opencv-matrix
   rows: 3
   cols: 3
   dt: d
   data: [ 3.6627756984521932e+02, 0., 3.8060969928433269e+02, 0.,
       3.6653175179255015e+02, 2.3878059668569790e+02, 0., 0., 1. ]
D1: !!opencv-matrix
   rows: 5
   cols: 1
   dt: d
   data: [ -2.1859934914563901e-02, -9.9468572971318997e-04,
       1.6448003429794193e-03, -3.1164985765511365e-04,
       3.5195408316194161e-04 ]
P1: !!opencv-matrix
   rows: 3
   cols: 4
   dt: f
   data: [ 3.61168762e+02, 0., 3.82996613e+02, 0., 0., 3.61168762e+02,
       2.32165817e+02, 0., 0., 0., 1., 0. ]
R1: !!opencv-matrix
   rows: 3
   cols: 3
   dt: f
   data: [ 9.98711705e-01, -5.01356199e-02, -7.83588924e-03,
       5.01707718e-02, 9.98731136e-01, 4.35550837e-03, 7.60758063e-03,
       -4.74302936e-03, 9.99959826e-01 ]
K2: !!opencv-matrix
   rows: 3
   cols: 3
   dt: d
   data: [ 3.6687495098581172e+02, 0., 3.7621769200552956e+02, 0.,
       3.6726361788508825e+02, 2.2399932895774910e+02, 0., 0., 1. ]
D2: !!opencv-matrix
   rows: 5
   cols: 1
   dt: d
   data: [ -2.2201337830972428e-02, -1.1445843221826492e-03,
       2.9199201696882579e-04, -7.1705872414221615e-04,
       5.1284674356775366e-04 ]
P2: !!opencv-matrix
   rows: 3
   cols: 4
   dt: f
   data: [ 3.61168762e+02, 0., 3.82996613e+02, -4.64083531e+05, 0.,
       3.61168762e+02, 2.32165817e+02, 0., 0., 0., 1., 0. ]
R2: !!opencv-matrix
   rows: 3
   cols: 3
   dt: f
   data: [ 9.98198211e-01, -5.98658994e-02, -4.04536538e-03,
       5.98468594e-02, 9.98196602e-01, -4.67394618e-03, 4.31788014e-03,
       4.42342274e-03, 9.99980867e-01 ]
