%YAML:1.0
---
Q: !!opencv-matrix
   rows: 4
   cols: 4
   dt: f
   data: [ 1., 0., 0., -3.82378815e+02, 0., 1., 0., -2.31849991e+02, 0.,
       0., 0., 3.58622650e+02, 0., 0., 9.67064116e-04, 0. ]
R: !!opencv-matrix
   rows: 3
   cols: 3
   dt: d
   data: [ 1.0375583259288816e+00, 1.0017196741751543e-02,
       -3.3936195101432415e-03, -1.0047214760937083e-02,
       1.0375583680007887e+00, 9.5829156395274683e-03,
       3.3654518648154105e-03, -9.5499240594244215e-03,
       1.0376020690308208e+00 ]
T: !!opencv-matrix
   rows: 3
   cols: 1
   dt: d
   data: [ -1.0468933044377284e+03, 4.6184855330146730e+00,
       4.2433168381233370e+00 ]
E: !!opencv-matrix
   rows: 0
   cols: 0
   dt: u
   data: []
F: !!opencv-matrix
   rows: 0
   cols: 0
   dt: u
   data: []
K1: !!opencv-matrix
   rows: 3
   cols: 3
   dt: d
   data: [ 3.6627756984521932e+02, 0., 3.8060969928433269e+02, 0.,
       3.6653175179255015e+02, 2.3878059668569790e+02, 0., 0., 1. ]
D1: !!opencv-matrix
   rows: 5
   cols: 1
   dt: d
   data: [ -2.1859934914563901e-02, -9.9468572971318997e-04,
       1.6448003429794193e-03, -3.1164985765511365e-04,
       3.5195408316194161e-04 ]
P1: !!opencv-matrix
   rows: 3
   cols: 4
   dt: f
   data: [ 3.58622650e+02, 0., 3.82378815e+02, 0., 0., 3.58622650e+02,
       2.31849991e+02, 0., 0., 0., 1., 0. ]
R1: !!opencv-matrix
   rows: 3
   cols: 3
   dt: f
   data: [ 9.99959171e-01, 5.30370977e-03, -7.31698191e-03,
       -5.27002336e-03, 9.99975443e-01, 4.61550150e-03, 7.34128151e-03,
       -4.57675243e-03, 9.99962568e-01 ]
K2: !!opencv-matrix
   rows: 3
   cols: 3
   dt: d
   data: [ 3.6687495098581172e+02, 0., 3.7621769200552956e+02, 0.,
       3.6726361788508825e+02, 2.2399932895774910e+02, 0., 0., 1. ]
D2: !!opencv-matrix
   rows: 5
   cols: 1
   dt: d
   data: [ -2.2201337830972428e-02, -1.1445843221826492e-03,
       2.9199201696882579e-04, -7.1705872414221615e-04,
       5.1284674356775366e-04 ]
P2: !!opencv-matrix
   rows: 3
   cols: 4
   dt: f
   data: [ 3.58622650e+02, 0., 3.82378815e+02, -3.70836469e+05, 0.,
       3.58622650e+02, 2.31849991e+02, 0., 0., 0., 1., 0. ]
R2: !!opencv-matrix
   rows: 3
   cols: 3
   dt: f
   data: [ 9.99982059e-01, -4.41153115e-03, -4.05317405e-03,
       4.39285580e-03, 9.99979734e-01, -4.60509723e-03, 4.07340750e-03,
       4.58720932e-03, 9.99981165e-01 ]
