%YAML:1.0
---
Q: !!opencv-matrix
   rows: 4
   cols: 4
   dt: f
   data: [ 1., 0., 0., -4.04993713e+02, 0., 1., 0., -2.33225159e+02, 0.,
       0., 0., 3.69073700e+02, 0., 0., 5.29893208e-04, 0. ]
R: !!opencv-matrix
   rows: 3
   cols: 3
   dt: d
   data: [ 1.0367199055019534e+00, -4.4403842945390730e-02,
       5.0470981749427254e-02, 4.6633108665450097e-02,
       1.0369200138612558e+00, -4.5247304334983217e-02,
       -4.8540016529002347e-02, 4.7427796983223212e-02,
       1.0367420549923014e+00 ]
T: !!opencv-matrix
   rows: 3
   cols: 1
   dt: d
   data: [ -1.9009631476987572e+03, 1.1400836624931800e+02,
       1.1332776072815427e+02 ]
E: !!opencv-matrix
   rows: 0
   cols: 0
   dt: u
   data: []
F: !!opencv-matrix
   rows: 0
   cols: 0
   dt: u
   data: []
K1: !!opencv-matrix
   rows: 3
   cols: 3
   dt: d
   data: [ 3.6627756984521932e+02, 0., 3.8060969928433269e+02, 0.,
       3.6653175179255015e+02, 2.3878059668569790e+02, 0., 0., 1. ]
D1: !!opencv-matrix
   rows: 5
   cols: 1
   dt: d
   data: [ -2.1859934914563901e-02, -9.9468572971318997e-04,
       1.6448003429794193e-03, -3.1164985765511365e-04,
       3.5195408316194161e-04 ]
P1: !!opencv-matrix
   rows: 3
   cols: 4
   dt: f
   data: [ 3.69073700e+02, 0., 4.04993713e+02, 0., 0., 3.69073700e+02,
       2.33225159e+02, 0., 0., 0., 1., 0. ]
R1: !!opencv-matrix
   rows: 3
   cols: 3
   dt: f
   data: [ 9.94443774e-01, -1.04948081e-01, -8.21242202e-03,
       1.04752824e-01, 9.94268060e-01, -2.13980749e-02, 1.04110353e-02,
       2.04189084e-02, 9.99737322e-01 ]
K2: !!opencv-matrix
   rows: 3
   cols: 3
   dt: d
   data: [ 3.6687495098581172e+02, 0., 3.7621769200552956e+02, 0.,
       3.6726361788508825e+02, 2.2399932895774910e+02, 0., 0., 1. ]
D2: !!opencv-matrix
   rows: 5
   cols: 1
   dt: d
   data: [ -2.2201337830972428e-02, -1.1445843221826492e-03,
       2.9199201696882579e-04, -7.1705872414221615e-04,
       5.1284674356775366e-04 ]
P2: !!opencv-matrix
   rows: 3
   cols: 4
   dt: f
   data: [ 3.69073700e+02, 0., 4.04993713e+02, -6.96505813e+05, 0.,
       3.69073700e+02, 2.33225159e+02, 0., 0., 0., 1., 0. ]
R2: !!opencv-matrix
   rows: 3
   cols: 3
   dt: f
   data: [ 9.96443570e-01, -5.97607084e-02, -5.94039522e-02,
       6.09924681e-02, 9.97954667e-01, 1.91414133e-02, 5.81385456e-02,
       -2.26965323e-02, 9.98050511e-01 ]
