%YAML:1.0
---
Q: !!opencv-matrix
   rows: 4
   cols: 4
   dt: f
   data: [ 1., 0., 0., -4.25377502e+02, 0., 1., 0., -2.33710281e+02, 0.,
       0., 0., 3.70915680e+02, 0., 0., 6.68138498e-04, 0. ]
R: !!opencv-matrix
   rows: 3
   cols: 3
   dt: d
   data: [ 1.0377519952627536e+00, 9.5205499587772101e-03,
       -3.4505696705818467e-03, -1.0039869381743999e-02,
       1.0369942438242574e+00, -4.4767535181776216e-02,
       3.3771241743363730e-03, 4.4803602654018518e-02,
       1.0369928321842170e+00 ]
T: !!opencv-matrix
   rows: 3
   cols: 1
   dt: d
   data: [ -1.4987506567120197e+03, 8.9887118689371150e+01,
       8.9348823731785743e+01 ]
E: !!opencv-matrix
   rows: 0
   cols: 0
   dt: u
   data: []
F: !!opencv-matrix
   rows: 0
   cols: 0
   dt: u
   data: []
K1: !!opencv-matrix
   rows: 3
   cols: 3
   dt: d
   data: [ 3.6627756984521932e+02, 0., 3.8060969928433269e+02, 0.,
       3.6653175179255015e+02, 2.3878059668569790e+02, 0., 0., 1. ]
D1: !!opencv-matrix
   rows: 5
   cols: 1
   dt: d
   data: [ -2.1859934914563901e-02, -9.9468572971318997e-04,
       1.6448003429794193e-03, -3.1164985765511365e-04,
       3.5195408316194161e-04 ]
P1: !!opencv-matrix
   rows: 3
   cols: 4
   dt: f
   data: [ 3.70915680e+02, 0., 4.25377502e+02, 0., 0., 3.70915680e+02,
       2.33710281e+02, 0., 0., 0., 1., 0. ]
R1: !!opencv-matrix
   rows: 3
   cols: 3
   dt: f
   data: [ 9.96786833e-01, -5.29421978e-02, -6.01092093e-02,
       5.16212694e-02, 9.98394430e-01, -2.33207811e-02, 6.12473525e-02,
       2.01429352e-02, 9.97919321e-01 ]
K2: !!opencv-matrix
   rows: 3
   cols: 3
   dt: d
   data: [ 3.6687495098581172e+02, 0., 3.7621769200552956e+02, 0.,
       3.6726361788508825e+02, 2.2399932895774910e+02, 0., 0., 1. ]
D2: !!opencv-matrix
   rows: 5
   cols: 1
   dt: d
   data: [ -2.2201337830972428e-02, -1.1445843221826492e-03,
       2.9199201696882579e-04, -7.1705872414221615e-04,
       5.1284674356775366e-04 ]
P2: !!opencv-matrix
   rows: 3
   cols: 4
   dt: f
   data: [ 3.70915680e+02, 0., 4.25377502e+02, -5.55147938e+05, 0.,
       3.70915680e+02, 2.33710281e+02, 0., 0., 0., 1., 0. ]
R2: !!opencv-matrix
   rows: 3
   cols: 3
   dt: f
   data: [ 9.96443570e-01, -5.97614013e-02, -5.94035164e-02,
       6.10403791e-02, 9.97935832e-01, 1.99524630e-02, 5.80885150e-02,
       -2.35075168e-02, 9.98034656e-01 ]
