%YAML:1.0
---
Q: !!opencv-matrix
   rows: 4
   cols: 4
   dt: f
   data: [ 1., 0., 0., -4.26638275e+02, 0., 1., 0., -2.33683258e+02, 0.,
       0., 0., 3.64747162e+02, 0., 0., 7.22496770e-04, 0. ]
R: !!opencv-matrix
   rows: 3
   cols: 3
   dt: d
   data: [ 1.0359328995618171e+00, 1.0683049838305149e-02,
       -3.6800883527168251e-03, -9.9706714212042975e-03,
       1.0370625831588038e+00, 9.6026492581009881e-03,
       3.4357163217802944e-03, -9.5822893616198616e-03,
       1.0371668860421108e+00 ]
T: !!opencv-matrix
   rows: 3
   cols: 1
   dt: d
   data: [ -1.3918619492320349e+03, 8.3476571220048967e+01,
       8.2978431712663266e+01 ]
E: !!opencv-matrix
   rows: 0
   cols: 0
   dt: u
   data: []
F: !!opencv-matrix
   rows: 0
   cols: 0
   dt: u
   data: []
K1: !!opencv-matrix
   rows: 3
   cols: 3
   dt: d
   data: [ 3.6627756984521932e+02, 0., 3.8060969928433269e+02, 0.,
       3.6653175179255015e+02, 2.3878059668569790e+02, 0., 0., 1. ]
D1: !!opencv-matrix
   rows: 5
   cols: 1
   dt: d
   data: [ -2.1859934914563901e-02, -9.9468572971318997e-04,
       1.6448003429794193e-03, -3.1164985765511365e-04,
       3.5195408316194161e-04 ]
P1: !!opencv-matrix
   rows: 3
   cols: 4
   dt: f
   data: [ 3.64747162e+02, 0., 4.26638275e+02, 0., 0., 3.64747162e+02,
       2.33683258e+02, 0., 0., 0., 1., 0. ]
R1: !!opencv-matrix
   rows: 3
   cols: 3
   dt: f
   data: [ 9.96778429e-01, -4.91288602e-02, -6.33960813e-02,
       4.94090393e-02, 9.98774529e-01, 2.85836100e-03, 6.31779656e-02,
       -5.98149188e-03, 9.97984350e-01 ]
K2: !!opencv-matrix
   rows: 3
   cols: 3
   dt: d
   data: [ 3.6687495098581172e+02, 0., 3.7621769200552956e+02, 0.,
       3.6726361788508825e+02, 2.2399932895774910e+02, 0., 0., 1. ]
D2: !!opencv-matrix
   rows: 5
   cols: 1
   dt: d
   data: [ -2.2201337830972428e-02, -1.1445843221826492e-03,
       2.9199201696882579e-04, -7.1705872414221615e-04,
       5.1284674356775366e-04 ]
P2: !!opencv-matrix
   rows: 3
   cols: 4
   dt: f
   data: [ 3.64747162e+02, 0., 4.26638275e+02, -5.04842625e+05, 0.,
       3.64747162e+02, 2.33683258e+02, 0., 0., 0., 1., 0. ]
R2: !!opencv-matrix
   rows: 3
   cols: 3
   dt: f
   data: [ 9.96443510e-01, -5.97614497e-02, -5.94048277e-02,
       5.94978519e-02, 9.98209178e-01, -6.19780691e-03, 5.96688353e-02,
       2.64130463e-03, 9.98214722e-01 ]
