%YAML:1.0
---
Q: !!opencv-matrix
   rows: 4
   cols: 4
   dt: f
   data: [ 1., 0., 0., -3.82996674e+02, 0., 1., 0., -2.32165710e+02, 0.,
       0., 0., 3.61174133e+02, 0., 0., 7.94222113e-04, 0. ]
R: !!opencv-matrix
   rows: 3
   cols: 3
   dt: d
   data: [ 1.0369220713654743e+00, 1.0092199640727320e-02,
       -3.4843026756561312e-03, -1.0031293974923951e-02,
       1.0370720237604309e+00, 9.5907145588529970e-03,
       3.3645156135538798e-03, -9.5457942444943517e-03,
       1.0371175235772643e+00 ]
T: !!opencv-matrix
   rows: 3
   cols: 1
   dt: d
   data: [ -1.2675855594063287e+03, 7.6022121561412405e+01,
       5.1371024272834926e+00 ]
E: !!opencv-matrix
   rows: 0
   cols: 0
   dt: u
   data: []
F: !!opencv-matrix
   rows: 0
   cols: 0
   dt: u
   data: []
K1: !!opencv-matrix
   rows: 3
   cols: 3
   dt: d
   data: [ 3.6627756984521932e+02, 0., 3.8060969928433269e+02, 0.,
       3.6653175179255015e+02, 2.3878059668569790e+02, 0., 0., 1. ]
D1: !!opencv-matrix
   rows: 5
   cols: 1
   dt: d
   data: [ -2.1859934914563901e-02, -9.9468572971318997e-04,
       1.6448003429794193e-03, -3.1164985765511365e-04,
       3.5195408316194161e-04 ]
P1: !!opencv-matrix
   rows: 3
   cols: 4
   dt: f
   data: [ 3.61174133e+02, 0., 3.82996674e+02, 0., 0., 3.61174133e+02,
       2.32165710e+02, 0., 0., 0., 1., 0. ]
R1: !!opencv-matrix
   rows: 3
   cols: 3
   dt: f
   data: [ 9.98712897e-01, -5.01111001e-02, -7.83595536e-03,
       5.01462519e-02, 9.98732388e-01, 4.35565040e-03, 7.60775618e-03,
       -4.74298792e-03, 9.99959826e-01 ]
K2: !!opencv-matrix
   rows: 3
   cols: 3
   dt: d
   data: [ 3.6687495098581172e+02, 0., 3.7621769200552956e+02, 0.,
       3.6726361788508825e+02, 2.2399932895774910e+02, 0., 0., 1. ]
D2: !!opencv-matrix
   rows: 5
   cols: 1
   dt: d
   data: [ -2.2201337830972428e-02, -1.1445843221826492e-03,
       2.9199201696882579e-04, -7.1705872414221615e-04,
       5.1284674356775366e-04 ]
P2: !!opencv-matrix
   rows: 3
   cols: 4
   dt: f
   data: [ 3.61174133e+02, 0., 3.82996674e+02, -4.54752063e+05, 0.,
       3.61174133e+02, 2.32165710e+02, 0., 0., 0., 1., 0. ]
R2: !!opencv-matrix
   rows: 3
   cols: 3
   dt: f
   data: [ 9.98198211e-01, -5.98658994e-02, -4.04536538e-03,
       5.98468594e-02, 9.98196602e-01, -4.67399554e-03, 4.31788294e-03,
       4.42347163e-03, 9.99980867e-01 ]
