%YAML:1.0
---
Q: !!opencv-matrix
   rows: 4
   cols: 4
   dt: f
   data: [ 1., 0., 0., -3.82371826e+02, 0., 1., 0., -2.31849991e+02, 0.,
       0., 0., 3.58617126e+02, 0., 0., 9.43774357e-04, 0. ]
R: !!opencv-matrix
   rows: 3
   cols: 3
   dt: d
   data: [ 1.0374949104293223e+00, 1.0011807878460717e-02,
       -3.4028530027141925e-03, -1.0046622889860045e-02,
       1.0374991874463366e+00, 9.5824104391155247e-03,
       3.3652769156400871e-03, -9.5493596271633494e-03,
       1.0375429029416186e+00 ]
T: !!opencv-matrix
   rows: 3
   cols: 1
   dt: d
   data: [ -1.0700786857198409e+03, 4.7207704015710270e+00,
       4.3372929077301485e+00 ]
E: !!opencv-matrix
   rows: 0
   cols: 0
   dt: u
   data: []
F: !!opencv-matrix
   rows: 0
   cols: 0
   dt: u
   data: []
K1: !!opencv-matrix
   rows: 3
   cols: 3
   dt: d
   data: [ 3.6627756984521932e+02, 0., 3.8060969928433269e+02, 0.,
       3.6653175179255015e+02, 2.3878059668569790e+02, 0., 0., 1. ]
D1: !!opencv-matrix
   rows: 5
   cols: 1
   dt: d
   data: [ -2.1859934914563901e-02, -9.9468572971318997e-04,
       1.6448003429794193e-03, -3.1164985765511365e-04,
       3.5195408316194161e-04 ]
P1: !!opencv-matrix
   rows: 3
   cols: 4
   dt: f
   data: [ 3.58617126e+02, 0., 3.82371826e+02, 0., 0., 3.58617126e+02,
       2.31849991e+02, 0., 0., 0., 1., 0. ]
R1: !!opencv-matrix
   rows: 3
   cols: 3
   dt: f
   data: [ 9.99959230e-01, 5.31237200e-03, -7.29914661e-03,
       -5.27876709e-03, 9.99975443e-01, 4.61552572e-03, 7.32348673e-03,
       -4.57680738e-03, 9.99962687e-01 ]
K2: !!opencv-matrix
   rows: 3
   cols: 3
   dt: d
   data: [ 3.6687495098581172e+02, 0., 3.7621769200552956e+02, 0.,
       3.6726361788508825e+02, 2.2399932895774910e+02, 0., 0., 1. ]
D2: !!opencv-matrix
   rows: 5
   cols: 1
   dt: d
   data: [ -2.2201337830972428e-02, -1.1445843221826492e-03,
       2.9199201696882579e-04, -7.1705872414221615e-04,
       5.1284674356775366e-04 ]
P2: !!opencv-matrix
   rows: 3
   cols: 4
   dt: f
   data: [ 3.58617126e+02, 0., 3.82371826e+02, -3.79981844e+05, 0.,
       3.58617126e+02, 2.31849991e+02, 0., 0., 0., 1., 0. ]
R2: !!opencv-matrix
   rows: 3
   cols: 3
   dt: f
   data: [ 9.99982059e-01, -4.41153115e-03, -4.05317405e-03,
       4.39285534e-03, 9.99979734e-01, -4.60513681e-03, 4.07340750e-03,
       4.58724890e-03, 9.99981165e-01 ]
