%YAML:1.0
---
Q: !!opencv-matrix
   rows: 4
   cols: 4
   dt: f
   data: [ 1., 0., 0., -3.82406525e+02, 0., 1., 0., -2.31850250e+02, 0.,
       0., 0., 3.58656525e+02, 0., 0., 1.01275824e-03, 0. ]
R: !!opencv-matrix
   rows: 3
   cols: 3
   dt: d
   data: [ 1.0376892448536388e+00, 1.0047413587740337e-02,
       -3.3365852430783114e-03, -1.0048348416840503e-02,
       1.0376637212485462e+00, 9.5836367385239065e-03,
       3.3656909058964483e-03, -9.5510132866924637e-03,
       1.0377073229593849e+00 ]
T: !!opencv-matrix
   rows: 3
   cols: 1
   dt: d
   data: [ -1.0052783883349858e+03, 4.4348967518549296e+00,
       4.0746413184601797e+00 ]
E: !!opencv-matrix
   rows: 0
   cols: 0
   dt: u
   data: []
F: !!opencv-matrix
   rows: 0
   cols: 0
   dt: u
   data: []
K1: !!opencv-matrix
   rows: 3
   cols: 3
   dt: d
   data: [ 3.6627756984521932e+02, 0., 3.8060969928433269e+02, 0.,
       3.6653175179255015e+02, 2.3878059668569790e+02, 0., 0., 1. ]
D1: !!opencv-matrix
   rows: 5
   cols: 1
   dt: d
   data: [ -2.1859934914563901e-02, -9.9468572971318997e-04,
       1.6448003429794193e-03, -3.1164985765511365e-04,
       3.5195408316194161e-04 ]
P1: !!opencv-matrix
   rows: 3
   cols: 4
   dt: f
   data: [ 3.58656525e+02, 0., 3.82406525e+02, 0., 0., 3.58656525e+02,
       2.31850250e+02, 0., 0., 0., 1., 0. ]
R1: !!opencv-matrix
   rows: 3
   cols: 3
   dt: f
   data: [ 9.99959052e-01, 5.22541627e-03, -7.38801528e-03,
       -5.19140577e-03, 9.99975860e-01, 4.61516157e-03, 7.41195306e-03,
       -4.57661878e-03, 9.99962032e-01 ]
K2: !!opencv-matrix
   rows: 3
   cols: 3
   dt: d
   data: [ 3.6687495098581172e+02, 0., 3.7621769200552956e+02, 0.,
       3.6726361788508825e+02, 2.2399932895774910e+02, 0., 0., 1. ]
D2: !!opencv-matrix
   rows: 5
   cols: 1
   dt: d
   data: [ -2.2201337830972428e-02, -1.1445843221826492e-03,
       2.9199201696882579e-04, -7.1705872414221615e-04,
       5.1284674356775366e-04 ]
P2: !!opencv-matrix
   rows: 3
   cols: 4
   dt: f
   data: [ 3.58656525e+02, 0., 3.82406525e+02, -3.54138344e+05, 0.,
       3.58656525e+02, 2.31850250e+02, 0., 0., 0., 1., 0. ]
R2: !!opencv-matrix
   rows: 3
   cols: 3
   dt: f
   data: [ 9.99982059e-01, -4.41153115e-03, -4.05317405e-03,
       4.39285673e-03, 9.99979734e-01, -4.60486021e-03, 4.07340657e-03,
       4.58697276e-03, 9.99981165e-01 ]
