%YAML:1.0
---
Q: !!opencv-matrix
   rows: 4
   cols: 4
   dt: f
   data: [ 1., 0., 0., -3.82374481e+02, 0., 1., 0., -2.31849991e+02, 0.,
       0., 0., 3.58619202e+02, 0., 0., 9.55190044e-04, 0. ]
R: !!opencv-matrix
   rows: 3
   cols: 3
   dt: d
   data: [ 1.0375285259554787e+00, 1.0023669864571285e-02,
       -3.3794639940638474e-03, -1.0046904243299695e-02,
       1.0375243745809348e+00, 9.5825399937753269e-03,
       3.3653248243808087e-03, -9.5496390180875076e-03,
       1.0375680472580002e+00 ]
T: !!opencv-matrix
   rows: 3
   cols: 1
   dt: d
   data: [ -1.0595562852585952e+03, 4.6743496775785056e+00,
       4.2946430231776889e+00 ]
E: !!opencv-matrix
   rows: 0
   cols: 0
   dt: u
   data: []
F: !!opencv-matrix
   rows: 0
   cols: 0
   dt: u
   data: []
K1: !!opencv-matrix
   rows: 3
   cols: 3
   dt: d
   data: [ 3.6627756984521932e+02, 0., 3.8060969928433269e+02, 0.,
       3.6653175179255015e+02, 2.3878059668569790e+02, 0., 0., 1. ]
D1: !!opencv-matrix
   rows: 5
   cols: 1
   dt: d
   data: [ -2.1859934914563901e-02, -9.9468572971318997e-04,
       1.6448003429794193e-03, -3.1164985765511365e-04,
       3.5195408316194161e-04 ]
P1: !!opencv-matrix
   rows: 3
   cols: 4
   dt: f
   data: [ 3.58619202e+02, 0., 3.82374481e+02, 0., 0., 3.58619202e+02,
       2.31849991e+02, 0., 0., 0., 1., 0. ]
R1: !!opencv-matrix
   rows: 3
   cols: 3
   dt: f
   data: [ 9.99959230e-01, 5.30910539e-03, -7.30592897e-03,
       -5.27546927e-03, 9.99975443e-01, 4.61551687e-03, 7.33025372e-03,
       -4.57678642e-03, 9.99962687e-01 ]
K2: !!opencv-matrix
   rows: 3
   cols: 3
   dt: d
   data: [ 3.6687495098581172e+02, 0., 3.7621769200552956e+02, 0.,
       3.6726361788508825e+02, 2.2399932895774910e+02, 0., 0., 1. ]
D2: !!opencv-matrix
   rows: 5
   cols: 1
   dt: d
   data: [ -2.2201337830972428e-02, -1.1445843221826492e-03,
       2.9199201696882579e-04, -7.1705872414221615e-04,
       5.1284674356775366e-04 ]
P2: !!opencv-matrix
   rows: 3
   cols: 4
   dt: f
   data: [ 3.58619202e+02, 0., 3.82374481e+02, -3.75442781e+05, 0.,
       3.58619202e+02, 2.31849991e+02, 0., 0., 0., 1., 0. ]
R2: !!opencv-matrix
   rows: 3
   cols: 3
   dt: f
   data: [ 9.99982059e-01, -4.41153115e-03, -4.05317405e-03,
       4.39285534e-03, 9.99979734e-01, -4.60512144e-03, 4.07340750e-03,
       4.58723400e-03, 9.99981165e-01 ]
