%YAML:1.0
---
Q: !!opencv-matrix
   rows: 4
   cols: 4
   dt: f
   data: [ 1., 0., 0., -3.82285828e+02, 0., 1., 0., -2.31851776e+02, 0.,
       0., 0., 3.58670349e+02, 0., 0., 1.03799487e-03, 0. ]
R: !!opencv-matrix
   rows: 3
   cols: 3
   dt: d
   data: [ 1.0390454226743668e+00, 9.6288237862878732e-03,
       -3.8438563071046057e-03, -1.0052890403429741e-02,
       1.0373922311366701e+00, 9.5833541157862422e-03,
       3.3581995651283366e-03, -9.5468115864863565e-03,
       1.0374360460104997e+00 ]
T: !!opencv-matrix
   rows: 3
   cols: 1
   dt: d
   data: [ -9.5983041206896780e+02, 4.2343981705294960e+00,
       3.8904298394236392e+00 ]
E: !!opencv-matrix
   rows: 0
   cols: 0
   dt: u
   data: []
F: !!opencv-matrix
   rows: 0
   cols: 0
   dt: u
   data: []
K1: !!opencv-matrix
   rows: 3
   cols: 3
   dt: d
   data: [ 3.6627756984521932e+02, 0., 3.8060969928433269e+02, 0.,
       3.6653175179255015e+02, 2.3878059668569790e+02, 0., 0., 1. ]
D1: !!opencv-matrix
   rows: 5
   cols: 1
   dt: d
   data: [ -2.1859934914563901e-02, -9.9468572971318997e-04,
       1.6448003429794193e-03, -3.1164985765511365e-04,
       3.5195408316194161e-04 ]
P1: !!opencv-matrix
   rows: 3
   cols: 4
   dt: f
   data: [ 3.58670349e+02, 0., 3.82285828e+02, 0., 0., 3.58670349e+02,
       2.31851776e+02, 0., 0., 0., 1., 0. ]
R1: !!opencv-matrix
   rows: 3
   cols: 3
   dt: f
   data: [ 9.99962568e-01, 4.97244764e-03, -7.08011212e-03,
       -4.93985554e-03, 9.99977171e-01, 4.61342232e-03, 7.10289041e-03,
       -4.57827514e-03, 9.99964297e-01 ]
K2: !!opencv-matrix
   rows: 3
   cols: 3
   dt: d
   data: [ 3.6687495098581172e+02, 0., 3.7621769200552956e+02, 0.,
       3.6726361788508825e+02, 2.2399932895774910e+02, 0., 0., 1. ]
D2: !!opencv-matrix
   rows: 5
   cols: 1
   dt: d
   data: [ -2.2201337830972428e-02, -1.1445843221826492e-03,
       2.9199201696882579e-04, -7.1705872414221615e-04,
       5.1284674356775366e-04 ]
P2: !!opencv-matrix
   rows: 3
   cols: 4
   dt: f
   data: [ 3.58670349e+02, 0., 3.82285828e+02, -3.45541563e+05, 0.,
       3.58670349e+02, 2.31851776e+02, 0., 0., 0., 1., 0. ]
R2: !!opencv-matrix
   rows: 3
   cols: 3
   dt: f
   data: [ 9.99982059e-01, -4.41153441e-03, -4.05317824e-03,
       4.39285953e-03, 9.99979734e-01, -4.60481504e-03, 4.07341029e-03,
       4.58692713e-03, 9.99981165e-01 ]
