%YAML:1.0
---
Q: !!opencv-matrix
   rows: 4
   cols: 4
   dt: f
   data: [ 1., 0., 0., -4.25479187e+02, 0., 1., 0., -2.33713882e+02, 0.,
       0., 0., 3.70879425e+02, 0., 0., 6.59480982e-04, 0. ]
R: !!opencv-matrix
   rows: 3
   cols: 3
   dt: d
   data: [ 1.0377178450085431e+00, 9.7041864055608055e-03,
       -3.8236399878911575e-03, -1.0041920804847270e-02,
       1.0369017425843099e+00, -4.4741628222836609e-02,
       3.3740360230079917e-03, 4.4789091732166525e-02,
       1.0369336463799634e+00 ]
T: !!opencv-matrix
   rows: 3
   cols: 1
   dt: d
   data: [ -1.5295271477481904e+03, 9.1732929476406866e+01,
       9.1183580824191154e+01 ]
E: !!opencv-matrix
   rows: 0
   cols: 0
   dt: u
   data: []
F: !!opencv-matrix
   rows: 0
   cols: 0
   dt: u
   data: []
K1: !!opencv-matrix
   rows: 3
   cols: 3
   dt: d
   data: [ 3.6627756984521932e+02, 0., 3.8060969928433269e+02, 0.,
       3.6653175179255015e+02, 2.3878059668569790e+02, 0., 0., 1. ]
D1: !!opencv-matrix
   rows: 5
   cols: 1
   dt: d
   data: [ -2.1859934914563901e-02, -9.9468572971318997e-04,
       1.6448003429794193e-03, -3.1164985765511365e-04,
       3.5195408316194161e-04 ]
P1: !!opencv-matrix
   rows: 3
   cols: 4
   dt: f
   data: [ 3.70879425e+02, 0., 4.25479187e+02, 0., 0., 3.70879425e+02,
       2.33713882e+02, 0., 0., 0., 1., 0. ]
R1: !!opencv-matrix
   rows: 3
   cols: 3
   dt: f
   data: [ 9.96772289e-01, -5.29262610e-02, -6.03637807e-02,
       5.16000129e-02, 9.98395443e-01, -2.33231671e-02, 6.15013316e-02,
       2.01331154e-02, 9.97903943e-01 ]
K2: !!opencv-matrix
   rows: 3
   cols: 3
   dt: d
   data: [ 3.6687495098581172e+02, 0., 3.7621769200552956e+02, 0.,
       3.6726361788508825e+02, 2.2399932895774910e+02, 0., 0., 1. ]
D2: !!opencv-matrix
   rows: 5
   cols: 1
   dt: d
   data: [ -2.2201337830972428e-02, -1.1445843221826492e-03,
       2.9199201696882579e-04, -7.1705872414221615e-04,
       5.1284674356775366e-04 ]
P2: !!opencv-matrix
   rows: 3
   cols: 4
   dt: f
   data: [ 3.70879425e+02, 0., 4.25479187e+02, -5.62380750e+05, 0.,
       3.70879425e+02, 2.33713882e+02, 0., 0., 0., 1., 0. ]
R2: !!opencv-matrix
   rows: 3
   cols: 3
   dt: f
   data: [ 9.96443570e-01, -5.97614013e-02, -5.94035164e-02,
       6.10401668e-02, 9.97935951e-01, 1.99488252e-02, 5.80887347e-02,
       -2.35038791e-02, 9.98034716e-01 ]
