%YAML:1.0
---
Q: !!opencv-matrix
   rows: 4
   cols: 4
   dt: f
   data: [ 1., 0., 0., -4.09174438e+02, 0., 1., 0., -2.33551941e+02, 0.,
       0., 0., 3.69575897e+02, 0., 0., 6.67581782e-02, 0. ]
R: !!opencv-matrix
   rows: 3
   cols: 3
   dt: d
   data: [ 1.0375220477691010e+00, -4.5801414640176008e-02,
       4.0654613262655383e-02, 4.6867774558488222e-02,
       1.0396326055041074e+00, -4.4730250068062569e-02,
       -4.8547692859704894e-02, 4.7629477999792044e-02,
       1.0400008215734744e+00 ]
T: !!opencv-matrix
   rows: 3
   cols: 1
   dt: d
   data: [ -1.3487782958440654e+01, 8.5650737299641422e-01,
       8.5134760952285704e-01 ]
E: !!opencv-matrix
   rows: 0
   cols: 0
   dt: u
   data: []
F: !!opencv-matrix
   rows: 0
   cols: 0
   dt: u
   data: []
K1: !!opencv-matrix
   rows: 3
   cols: 3
   dt: d
   data: [ 3.6627756984521932e+02, 0., 3.8060969928433269e+02, 0.,
       3.6653175179255015e+02, 2.3878059668569790e+02, 0., 0., 1. ]
D1: !!opencv-matrix
   rows: 5
   cols: 1
   dt: d
   data: [ -2.1859934914563901e-02, -9.9468572971318997e-04,
       1.6448003429794193e-03, -3.1164985765511365e-04,
       3.5195408316194161e-04 ]
P1: !!opencv-matrix
   rows: 3
   cols: 4
   dt: f
   data: [ 3.69575897e+02, 0., 4.09174438e+02, 0., 0., 3.69575897e+02,
       2.33551941e+02, 0., 0., 0., 1., 0. ]
R1: !!opencv-matrix
   rows: 3
   cols: 3
   dt: f
   data: [ 9.93910134e-01, -1.09124154e-01, -1.53165879e-02,
       1.08782217e-01, 9.93830442e-01, -2.16212347e-02, 1.75814908e-02,
       1.98233910e-02, 9.99648929e-01 ]
K2: !!opencv-matrix
   rows: 3
   cols: 3
   dt: d
   data: [ 3.6687495098581172e+02, 0., 3.7621769200552956e+02, 0.,
       3.6726361788508825e+02, 2.2399932895774910e+02, 0., 0., 1. ]
D2: !!opencv-matrix
   rows: 5
   cols: 1
   dt: d
   data: [ -2.2201337830972428e-02, -1.1445843221826492e-03,
       2.9199201696882579e-04, -7.1705872414221615e-04,
       5.1284674356775366e-04 ]
P2: !!opencv-matrix
   rows: 3
   cols: 4
   dt: f
   data: [ 3.69575897e+02, 0., 4.09174438e+02, -5.53603955e+03, 0.,
       3.69575897e+02, 2.33551941e+02, 0., 0., 0., 1., 0. ]
R2: !!opencv-matrix
   rows: 3
   cols: 3
   dt: f
   data: [ 9.96015608e-01, -6.32494316e-02, -6.28685206e-02,
       6.45418540e-02, 9.97739017e-01, 1.87417641e-02, 6.15409650e-02,
       -2.27247402e-02, 9.97845829e-01 ]
