%YAML:1.0
---
Q: !!opencv-matrix
   rows: 4
   cols: 4
   dt: f
   data: [ 1., 0., 0., -4.13379303e+02, 0., 1., 0., -2.33353790e+02, 0.,
       0., 0., 3.77319275e+02, 0., 0., 3.07076387e-02, 0. ]
R: !!opencv-matrix
   rows: 3
   cols: 3
   dt: d
   data: [ 1.0337155269255227e+00, 1.0153281416346248e-02,
       1.7671584930263388e-02, -7.3708604551834056e-03,
       1.0393483392984642e+00, -4.3221738218923861e-02,
       -5.0688983488936031e-02, 4.4869619106016154e-02,
       1.0402386827257966e+00 ]
T: !!opencv-matrix
   rows: 3
   cols: 1
   dt: d
   data: [ -1.8339539881486814e+01, 1.1646055333657399e+00,
       1.1575867973784055e+00 ]
E: !!opencv-matrix
   rows: 0
   cols: 0
   dt: u
   data: []
F: !!opencv-matrix
   rows: 0
   cols: 0
   dt: u
   data: []
K1: !!opencv-matrix
   rows: 3
   cols: 3
   dt: d
   data: [ 3.6627756984521932e+02, 0., 3.8060969928433269e+02, 0.,
       3.6653175179255015e+02, 2.3878059668569790e+02, 0., 0., 1. ]
D1: !!opencv-matrix
   rows: 5
   cols: 1
   dt: d
   data: [ -2.1859934914563901e-02, -9.9468572971318997e-04,
       1.6448003429794193e-03, -3.1164985765511365e-04,
       3.5195408316194161e-04 ]
P1: !!opencv-matrix
   rows: 3
   cols: 4
   dt: f
   data: [ 3.77319275e+02, 0., 4.13379303e+02, 0., 0., 3.77319275e+02,
       2.33353790e+02, 0., 0., 0., 1., 0. ]
R1: !!opencv-matrix
   rows: 3
   cols: 3
   dt: f
   data: [ 9.98018086e-01, -5.71848452e-02, -2.62632705e-02,
       5.66255972e-02, 9.98162508e-01, -2.15661526e-02, 2.74482686e-02,
       2.00362373e-02, 9.99422431e-01 ]
K2: !!opencv-matrix
   rows: 3
   cols: 3
   dt: d
   data: [ 3.6687495098581172e+02, 0., 3.7621769200552956e+02, 0.,
       3.6726361788508825e+02, 2.2399932895774910e+02, 0., 0., 1. ]
D2: !!opencv-matrix
   rows: 5
   cols: 1
   dt: d
   data: [ -2.2201337830972428e-02, -1.1445843221826492e-03,
       2.9199201696882579e-04, -7.1705872414221615e-04,
       5.1284674356775366e-04 ]
P2: !!opencv-matrix
   rows: 3
   cols: 4
   dt: f
   data: [ 3.77319275e+02, 0., 4.13379303e+02, -1.22874727e+04, 0.,
       3.77319275e+02, 2.33353790e+02, 0., 0., 0., 1., 0. ]
R2: !!opencv-matrix
   rows: 3
   cols: 3
   dt: f
   data: [ 9.96015608e-01, -6.32494241e-02, -6.28682375e-02,
       6.45453855e-02, 9.97737706e-01, 1.87992919e-02, 6.15369640e-02,
       -2.27822419e-02, 9.97844756e-01 ]
