%YAML:1.0
---
Q: !!opencv-matrix
   rows: 4
   cols: 4
   dt: f
   data: [ 1., 0., 0., -4.28162659e+02, 0., 1., 0., -2.33894867e+02, 0.,
       0., 0., 3.72623047e+02, 0., 0., 6.04330469e-03, 0. ]
R: !!opencv-matrix
   rows: 3
   cols: 3
   dt: d
   data: [ 1.0086438235379209e+00, 1.1585332105615470e-02,
       -3.7217688325404193e-03, -9.8077215995866253e-03,
       1.0068288764433622e+00, -4.3449206296076681e-02,
       3.2209656563960019e-03, 4.3360094946159090e-02,
       1.0069969366133640e+00 ]
T: !!opencv-matrix
   rows: 3
   cols: 1
   dt: d
   data: [ -1.6457767834577774e+02, 1.0450938709237709e+01,
       1.0389115478993071e+01 ]
E: !!opencv-matrix
   rows: 0
   cols: 0
   dt: u
   data: []
F: !!opencv-matrix
   rows: 0
   cols: 0
   dt: u
   data: []
K1: !!opencv-matrix
   rows: 3
   cols: 3
   dt: d
   data: [ 3.6627756984521932e+02, 0., 3.8060969928433269e+02, 0.,
       3.6653175179255015e+02, 2.3878059668569790e+02, 0., 0., 1. ]
D1: !!opencv-matrix
   rows: 5
   cols: 1
   dt: d
   data: [ -2.1859934914563901e-02, -9.9468572971318997e-04,
       1.6448003429794193e-03, -3.1164985765511365e-04,
       3.5195408316194161e-04 ]
P1: !!opencv-matrix
   rows: 3
   cols: 4
   dt: f
   data: [ 3.72623047e+02, 0., 4.28162659e+02, 0., 0., 3.72623047e+02,
       2.33894867e+02, 0., 0., 0., 1., 0. ]
R1: !!opencv-matrix
   rows: 3
   cols: 3
   dt: f
   data: [ 9.96489644e-01, -5.44753633e-02, -6.35673404e-02,
       5.30803688e-02, 9.98315275e-01, -2.34326068e-02, 6.47367463e-02,
       1.99761726e-02, 9.97702420e-01 ]
K2: !!opencv-matrix
   rows: 3
   cols: 3
   dt: d
   data: [ 3.6687495098581172e+02, 0., 3.7621769200552956e+02, 0.,
       3.6726361788508825e+02, 2.2399932895774910e+02, 0., 0., 1. ]
D2: !!opencv-matrix
   rows: 5
   cols: 1
   dt: d
   data: [ -2.2201337830972428e-02, -1.1445843221826492e-03,
       2.9199201696882579e-04, -7.1705872414221615e-04,
       5.1284674356775366e-04 ]
P2: !!opencv-matrix
   rows: 3
   cols: 4
   dt: f
   data: [ 3.72623047e+02, 0., 4.28162659e+02, -6.16588203e+04, 0.,
       3.72623047e+02, 2.33894867e+02, 0., 0., 0., 1., 0. ]
R2: !!opencv-matrix
   rows: 3
   cols: 3
   dt: f
   data: [ 9.96015251e-01, -6.32485226e-02, -6.28743693e-02,
       6.46007806e-02, 9.97716546e-01, 1.97102148e-02, 6.14841506e-02,
       -2.36934070e-02, 9.97826815e-01 ]
