%YAML:1.0
---
Q: !!opencv-matrix
   rows: 4
   cols: 4
   dt: f
   data: [ 1., 0., 0., -3.83184387e+02, 0., 1., 0., -2.32192993e+02, 0.,
       0., 0., 3.61812988e+02, 0., 0., 5.57043031e-03, 0. ]
R: !!opencv-matrix
   rows: 3
   cols: 3
   dt: d
   data: [ 9.9998041897558698e-01, 9.7431442312773345e-03,
       -3.1628900523797666e-03, -9.6791959701759984e-03,
       1.0000134312792746e+00, 9.2362217063334650e-03,
       3.2436227425420706e-03, -9.2046427383620667e-03,
       1.0000575211811216e+00 ]
T: !!opencv-matrix
   rows: 3
   cols: 1
   dt: d
   data: [ -1.7920245573487819e+02, 1.1379780122156134e+01,
       7.6790019650661445e-01 ]
E: !!opencv-matrix
   rows: 0
   cols: 0
   dt: u
   data: []
F: !!opencv-matrix
   rows: 0
   cols: 0
   dt: u
   data: []
K1: !!opencv-matrix
   rows: 3
   cols: 3
   dt: d
   data: [ 3.6627756984521932e+02, 0., 3.8060969928433269e+02, 0.,
       3.6653175179255015e+02, 2.3878059668569790e+02, 0., 0., 1. ]
D1: !!opencv-matrix
   rows: 5
   cols: 1
   dt: d
   data: [ -2.1859934914563901e-02, -9.9468572971318997e-04,
       1.6448003429794193e-03, -3.1164985765511365e-04,
       3.5195408316194161e-04 ]
P1: !!opencv-matrix
   rows: 3
   cols: 4
   dt: f
   data: [ 3.61812988e+02, 0., 3.83184387e+02, 0., 0., 3.61812988e+02,
       2.32192993e+02, 0., 0., 0., 1., 0. ]
R1: !!opencv-matrix
   rows: 3
   cols: 3
   dt: f
   data: [ 9.98527110e-01, -5.36594540e-02, -8.01917259e-03,
       5.36953695e-02, 9.98547971e-01, 4.33226954e-03, 7.77506130e-03,
       -4.75648092e-03, 9.99958456e-01 ]
K2: !!opencv-matrix
   rows: 3
   cols: 3
   dt: d
   data: [ 3.6687495098581172e+02, 0., 3.7621769200552956e+02, 0.,
       3.6726361788508825e+02, 2.2399932895774910e+02, 0., 0., 1. ]
D2: !!opencv-matrix
   rows: 5
   cols: 1
   dt: d
   data: [ -2.2201337830972428e-02, -1.1445843221826492e-03,
       2.9199201696882579e-04, -7.1705872414221615e-04,
       5.1284674356775366e-04 ]
P2: !!opencv-matrix
   rows: 3
   cols: 4
   dt: f
   data: [ 3.61812988e+02, 0., 3.83184387e+02, -6.49524297e+04, 0.,
       3.61812988e+02, 2.32192993e+02, 0., 0., 0., 1., 0. ]
R2: !!opencv-matrix
   rows: 3
   cols: 3
   dt: f
   data: [ 9.97980654e-01, -6.33741319e-02, -4.27641813e-03,
       6.33540303e-02, 9.97980118e-01, -4.68394766e-03, 4.56462149e-03,
       4.40356089e-03, 9.99979913e-01 ]
