%YAML:1.0
---
Q: !!opencv-matrix
   rows: 4
   cols: 4
   dt: f
   data: [ 1., 0., 0., -4.13746002e+02, 0., 1., 0., -2.33887375e+02, 0.,
       0., 0., 3.68171509e+02, 0., 0., 3.14283123e+01, 0. ]
R: !!opencv-matrix
   rows: 3
   cols: 3
   dt: d
   data: [ 1.1087575321854906e+00, -4.9049154577925282e-02,
       2.1609867507554434e-02, 5.0509050308514665e-02,
       1.1149122778462170e+00, -4.6573013136638697e-02,
       -5.1817331722788532e-02, 5.1074172616598787e-02,
       1.1166994605396245e+00 ]
T: !!opencv-matrix
   rows: 3
   cols: 1
   dt: d
   data: [ -1.4771620206000029e-02, 9.3803419448707881e-04,
       9.3238329209996732e-04 ]
E: !!opencv-matrix
   rows: 0
   cols: 0
   dt: u
   data: []
F: !!opencv-matrix
   rows: 0
   cols: 0
   dt: u
   data: []
K1: !!opencv-matrix
   rows: 3
   cols: 3
   dt: d
   data: [ 3.6627756984521932e+02, 0., 3.8060969928433269e+02, 0.,
       3.6653175179255015e+02, 2.3878059668569790e+02, 0., 0., 1. ]
D1: !!opencv-matrix
   rows: 5
   cols: 1
   dt: d
   data: [ -2.1859934914563901e-02, -9.9468572971318997e-04,
       1.6448003429794193e-03, -3.1164985765511365e-04,
       3.5195408316194161e-04 ]
P1: !!opencv-matrix
   rows: 3
   cols: 4
   dt: f
   data: [ 3.68171509e+02, 0., 4.13746002e+02, 0., 0., 3.68171509e+02,
       2.33887375e+02, 0., 0., 0., 1., 0. ]
R1: !!opencv-matrix
   rows: 3
   cols: 3
   dt: f
   data: [ 9.93666053e-01, -1.09084256e-01, -2.69890409e-02,
       1.08508989e-01, 9.93853390e-01, -2.19371915e-02, 2.92161535e-02,
       1.88696887e-02, 9.99395013e-01 ]
K2: !!opencv-matrix
   rows: 3
   cols: 3
   dt: d
   data: [ 3.6687495098581172e+02, 0., 3.7621769200552956e+02, 0.,
       3.6726361788508825e+02, 2.2399932895774910e+02, 0., 0., 1. ]
D2: !!opencv-matrix
   rows: 5
   cols: 1
   dt: d
   data: [ -2.2201337830972428e-02, -1.1445843221826492e-03,
       2.9199201696882579e-04, -7.1705872414221615e-04,
       5.1284674356775366e-04 ]
P2: !!opencv-matrix
   rows: 3
   cols: 4
   dt: f
   data: [ 3.68171509e+02, 0., 4.13746002e+02, -1.17146444e+01, 0.,
       3.68171509e+02, 2.33887375e+02, 0., 0., 0., 1., 0. ]
R2: !!opencv-matrix
   rows: 3
   cols: 3
   dt: f
   data: [ 9.96015608e-01, -6.32494390e-02, -6.28684089e-02,
       6.45222515e-02, 9.97746170e-01, 1.84239596e-02, 6.15614131e-02,
       -2.24069636e-02, 9.97851729e-01 ]
