%YAML:1.0
---
Q: !!opencv-matrix
   rows: 4
   cols: 4
   dt: f
   data: [ 1., 0., 0., -4.30049683e+02, 0., 1., 0., -2.33952301e+02, 0.,
       0., 0., 3.65312469e+02, 0., 0., 5.88695146e-03, 0. ]
R: !!opencv-matrix
   rows: 3
   cols: 3
   dt: d
   data: [ 9.9475337348323878e-01, 8.2913469460576383e-03,
       -6.3052174472664783e-03, -9.0784301381208656e-03,
       1.0051041561245173e+00, 9.4809202102727492e-03,
       3.9096115408266173e-03, -9.1575328384914927e-03,
       1.0052510556117538e+00 ]
T: !!opencv-matrix
   rows: 3
   cols: 1
   dt: d
   data: [ -1.6497118625971686e+02, 1.0476005682781420e+01,
       1.0412397295294488e+01 ]
E: !!opencv-matrix
   rows: 0
   cols: 0
   dt: u
   data: []
F: !!opencv-matrix
   rows: 0
   cols: 0
   dt: u
   data: []
K1: !!opencv-matrix
   rows: 3
   cols: 3
   dt: d
   data: [ 3.6627756984521932e+02, 0., 3.8060969928433269e+02, 0.,
       3.6653175179255015e+02, 2.3878059668569790e+02, 0., 0., 1. ]
D1: !!opencv-matrix
   rows: 5
   cols: 1
   dt: d
   data: [ -2.1859934914563901e-02, -9.9468572971318997e-04,
       1.6448003429794193e-03, -3.1164985765511365e-04,
       3.5195408316194161e-04 ]
P1: !!opencv-matrix
   rows: 3
   cols: 4
   dt: f
   data: [ 3.65312469e+02, 0., 4.30049683e+02, 0., 0., 3.65312469e+02,
       2.33952301e+02, 0., 0., 0., 1., 0. ]
R1: !!opencv-matrix
   rows: 3
   cols: 3
   dt: f
   data: [ 9.96198654e-01, -5.39076552e-02, -6.84264898e-02,
       5.42092249e-02, 9.98526335e-01, 2.55666813e-03, 6.81878254e-02,
       -6.25629630e-03, 9.97652888e-01 ]
K2: !!opencv-matrix
   rows: 3
   cols: 3
   dt: d
   data: [ 3.6687495098581172e+02, 0., 3.7621769200552956e+02, 0.,
       3.6726361788508825e+02, 2.2399932895774910e+02, 0., 0., 1. ]
D2: !!opencv-matrix
   rows: 5
   cols: 1
   dt: d
   data: [ -2.2201337830972428e-02, -1.1445843221826492e-03,
       2.9199201696882579e-04, -7.1705872414221615e-04,
       5.1284674356775366e-04 ]
P2: !!opencv-matrix
   rows: 3
   cols: 4
   dt: f
   data: [ 3.65312469e+02, 0., 4.30049683e+02, -6.20546094e+04, 0.,
       3.65312469e+02, 2.33952301e+02, 0., 0., 0., 1., 0. ]
R2: !!opencv-matrix
   rows: 3
   cols: 3
   dt: f
   data: [ 9.96015847e-01, -6.32490292e-02, -6.28649667e-02,
       6.29708618e-02, 9.97994840e-01, -6.39835699e-03, 6.31436035e-02,
       2.41420395e-03, 9.98001516e-01 ]
