%YAML:1.0
---
R: !!opencv-matrix
   rows: 3
   cols: 3
   dt: d
   data: [ 9.9994786107858491e-01, 9.7122672864599323e-03,
       -3.1538846712214478e-03, -9.6827774839271553e-03,
       9.9991047802584609e-01, 9.2347038025383243e-03,
       3.2432922408809684e-03, -9.2036839515610668e-03,
       9.9995238549500942e-01 ]
T: !!opencv-matrix
   rows: 3
   cols: 1
   dt: d
   data: [ -1.6997624825260075e+02, 1.0793888964106854e+01,
       7.2945572664474645e-01 ]
Q: !!opencv-matrix
   rows: 4
   cols: 4
   dt: d
   data: [ 1., 0., 0., -3.8317192840576172e+02, 0., 1., 0.,
       -2.3203662681579590e+02, 0., 0., 0., 3.6172171560598133e+02, 0.,
       0., 5.8712947337153888e-03, 0. ]
K1: !!opencv-matrix
   rows: 3
   cols: 3
   dt: d
   data: [ 3.6627756984521932e+02, 0., 3.8060969928433269e+02, 0.,
       3.6653175179255015e+02, 2.3878059668569790e+02, 0., 0., 1. ]
K2: !!opencv-matrix
   rows: 3
   cols: 3
   dt: d
   data: [ 3.6687495098581172e+02, 0., 3.7621769200552956e+02, 0.,
       3.6726361788508825e+02, 2.2399932895774910e+02, 0., 0., 1. ]
D1: !!opencv-matrix
   rows: 5
   cols: 1
   dt: d
   data: [ -2.1859934914563901e-02, -9.9468572971318997e-04,
       1.6448003429794193e-03, -3.1164985765511365e-04,
       3.5195408316194161e-04 ]
D2: !!opencv-matrix
   rows: 5
   cols: 1
   dt: d
   data: [ -2.2201337830972428e-02, -1.1445843221826492e-03,
       2.9199201696882579e-04, -7.1705872414221615e-04,
       5.1284674356775366e-04 ]
R1: !!opencv-matrix
   rows: 3
   cols: 3
   dt: d
   data: [ 9.9852836439644688e-01, -5.3636357231225312e-02,
       -8.0154025925660132e-03, 5.3673654717939188e-02,
       9.9854833325116332e-01, 4.5127542081290382e-03,
       7.7617192023398830e-03, -4.9363290295449487e-03,
       9.9995769329043926e-01 ]
R2: !!opencv-matrix
   rows: 3
   cols: 3
   dt: d
   data: [ 9.9798065122219426e-01, -6.3374103431269230e-02,
       -4.2828495663278709e-03, 6.3354791836124885e-02,
       9.9798090512614623e-01, -4.5037045861336424e-03,
       4.5596203269884861e-03, 4.2232709930418834e-03,
       9.9998068673579554e-01 ]
P1: !!opencv-matrix
   rows: 3
   cols: 4
   dt: d
   data: [ 3.6172171560598133e+02, 0., 3.8317192840576172e+02, 0., 0.,
       3.6172171560598133e+02, 2.3203662681579590e+02, 0., 0., 0., 1.,
       0. ]
P2: !!opencv-matrix
   rows: 3
   cols: 4
   dt: d
   data: [ 3.6172171560598133e+02, 0., 3.8317192840576172e+02,
       -6.1608509197950232e+04, 0., 3.6172171560598133e+02,
       2.3203662681579590e+02, 0., 0., 0., 1., 0. ]
