%YAML:1.0
---
Q: !!opencv-matrix
   rows: 4
   cols: 4
   dt: f
   data: [ 1., 0., 0., -3.68808136e+02, 0., 1., 0., -2.31741028e+02, 0.,
       0., 0., 3.66524933e+02, 0., 0., 1.71272526e-03, 0. ]
R: !!opencv-matrix
   rows: 3
   cols: 3
   dt: d
   data: [ 1.0150306345126354e+00, -2.5668716582263100e-02,
       3.1831086799941385e-02, 2.6527471906134043e-02,
       1.0152612890074990e+00, -2.6403828330287489e-02,
       -3.1220164165454402e-02, 2.7215767985215630e-02,
       1.0151067154317996e+00 ]
T: !!opencv-matrix
   rows: 3
   cols: 1
   dt: d
   data: [ -5.8621992039136194e+02, 2.5863931796890860e+00,
       2.3769890241129024e+00 ]
E: !!opencv-matrix
   rows: 0
   cols: 0
   dt: u
   data: []
F: !!opencv-matrix
   rows: 0
   cols: 0
   dt: u
   data: []
K1: !!opencv-matrix
   rows: 3
   cols: 3
   dt: d
   data: [ 3.6627756984521932e+02, 0., 3.8060969928433269e+02, 0.,
       3.6653175179255015e+02, 2.3878059668569790e+02, 0., 0., 1. ]
D1: !!opencv-matrix
   rows: 5
   cols: 1
   dt: d
   data: [ -2.1859934914563901e-02, -9.9468572971318997e-04,
       1.6448003429794193e-03, -3.1164985765511365e-04,
       3.5195408316194161e-04 ]
P1: !!opencv-matrix
   rows: 3
   cols: 4
   dt: f
   data: [ 3.66524933e+02, 0., 3.68808136e+02, 0., 0., 3.66524933e+02,
       2.31741028e+02, 0., 0., 0., 1., 0. ]
R1: !!opencv-matrix
   rows: 3
   cols: 3
   dt: f
   data: [ 9.99179721e-01, -2.97847316e-02, 2.74367835e-02,
       3.01427301e-02, 9.99464571e-01, -1.27282143e-02, -2.70429868e-02,
       1.35447932e-02, 9.99542475e-01 ]
K2: !!opencv-matrix
   rows: 3
   cols: 3
   dt: d
   data: [ 3.6687495098581172e+02, 0., 3.7621769200552956e+02, 0.,
       3.6726361788508825e+02, 2.2399932895774910e+02, 0., 0., 1. ]
D2: !!opencv-matrix
   rows: 5
   cols: 1
   dt: d
   data: [ -2.2201337830972428e-02, -1.1445843221826492e-03,
       2.9199201696882579e-04, -7.1705872414221615e-04,
       5.1284674356775366e-04 ]
P2: !!opencv-matrix
   rows: 3
   cols: 4
   dt: f
   data: [ 3.66524933e+02, 0., 3.68808136e+02, -214001., 0.,
       3.66524933e+02, 2.31741028e+02, 0., 0., 0., 1., 0. ]
R2: !!opencv-matrix
   rows: 3
   cols: 3
   dt: f
   data: [ 9.99982059e-01, -4.41190507e-03, -4.05470096e-03,
       4.46480000e-03, 9.99903798e-01, 1.31302057e-02, 3.99638154e-03,
       -1.31480731e-02, 9.99905586e-01 ]
