%YAML:1.0
---
Q: !!opencv-matrix
   rows: 4
   cols: 4
   dt: f
   data: [ 1., 0., 0., -3.68798401e+02, 0., 1., 0., -2.31740692e+02, 0.,
       0., 0., 3.66538483e+02, 0., 0., 1.62376976e-03, 0. ]
R: !!opencv-matrix
   rows: 3
   cols: 3
   dt: d
   data: [ 1.0149238332171817e+00, -2.5722429477674835e-02,
       3.1882008777224621e-02, 2.6522103896670202e-02,
       1.0150703464972974e+00, -2.6399106899221335e-02,
       -3.1214626619896220e-02, 2.7210879924163062e-02,
       1.0149153129397219e+00 ]
T: !!opencv-matrix
   rows: 3
   cols: 1
   dt: d
   data: [ -6.2102244001189990e+02, 2.7399413537601247e+00,
       2.5181053570452074e+00 ]
E: !!opencv-matrix
   rows: 0
   cols: 0
   dt: u
   data: []
F: !!opencv-matrix
   rows: 0
   cols: 0
   dt: u
   data: []
K1: !!opencv-matrix
   rows: 3
   cols: 3
   dt: d
   data: [ 3.6627756984521932e+02, 0., 3.8060969928433269e+02, 0.,
       3.6653175179255015e+02, 2.3878059668569790e+02, 0., 0., 1. ]
D1: !!opencv-matrix
   rows: 5
   cols: 1
   dt: d
   data: [ -2.1859934914563901e-02, -9.9468572971318997e-04,
       1.6448003429794193e-03, -3.1164985765511365e-04,
       3.5195408316194161e-04 ]
P1: !!opencv-matrix
   rows: 3
   cols: 4
   dt: f
   data: [ 3.66538483e+02, 0., 3.68798401e+02, 0., 0., 3.66538483e+02,
       2.31740692e+02, 0., 0., 0., 1., 0. ]
R1: !!opencv-matrix
   rows: 3
   cols: 3
   dt: f
   data: [ 9.99177873e-01, -2.98232809e-02, 2.74616890e-02,
       3.01816016e-02, 9.99463379e-01, -1.27272280e-02, -2.70673856e-02,
       1.35456026e-02, 9.99541819e-01 ]
K2: !!opencv-matrix
   rows: 3
   cols: 3
   dt: d
   data: [ 3.6687495098581172e+02, 0., 3.7621769200552956e+02, 0.,
       3.6726361788508825e+02, 2.2399932895774910e+02, 0., 0., 1. ]
D2: !!opencv-matrix
   rows: 5
   cols: 1
   dt: d
   data: [ -2.2201337830972428e-02, -1.1445843221826492e-03,
       2.9199201696882579e-04, -7.1705872414221615e-04,
       5.1284674356775366e-04 ]
P2: !!opencv-matrix
   rows: 3
   cols: 4
   dt: f
   data: [ 3.66538483e+02, 0., 3.68798401e+02, -2.25733047e+05, 0.,
       3.66538483e+02, 2.31740692e+02, 0., 0., 0., 1., 0. ]
R2: !!opencv-matrix
   rows: 3
   cols: 3
   dt: f
   data: [ 9.99982059e-01, -4.41190507e-03, -4.05470096e-03,
       4.46480000e-03, 9.99903858e-01, 1.31301237e-02, 3.99638200e-03,
       -1.31479912e-02, 9.99905586e-01 ]
