%YAML:1.0
---
Q: !!opencv-matrix
   rows: 4
   cols: 4
   dt: f
   data: [ 1., 0., 0., -3.68757538e+02, 0., 1., 0., -2.31896378e+02, 0.,
       0., 0., 3.53866638e+02, 0., 0., 1.72013126e-03, 0. ]
R: !!opencv-matrix
   rows: 3
   cols: 3
   dt: d
   data: [ 1.0151003616433261e+00, 9.7177683495773479e-03,
       3.1880012905147116e-02, -8.9185452004191500e-03,
       1.0152736626925933e+00, -2.6396425122736503e-02,
       -3.2141865130337975e-02, 2.6102141037538273e-02,
       1.0148114478912817e+00 ]
T: !!opencv-matrix
   rows: 3
   cols: 1
   dt: d
   data: [ -5.8134056335099376e+02, 2.5648556297980636e+00,
       2.3574589845988085e+00 ]
E: !!opencv-matrix
   rows: 0
   cols: 0
   dt: u
   data: []
F: !!opencv-matrix
   rows: 0
   cols: 0
   dt: u
   data: []
K1: !!opencv-matrix
   rows: 3
   cols: 3
   dt: d
   data: [ 3.6627756984521932e+02, 0., 3.8060969928433269e+02, 0.,
       3.6653175179255015e+02, 2.3878059668569790e+02, 0., 0., 1. ]
D1: !!opencv-matrix
   rows: 5
   cols: 1
   dt: d
   data: [ -2.1859934914563901e-02, -9.9468572971318997e-04,
       1.6448003429794193e-03, -3.1164985765511365e-04,
       3.5195408316194161e-04 ]
P1: !!opencv-matrix
   rows: 3
   cols: 4
   dt: f
   data: [ 3.53866638e+02, 0., 3.68757538e+02, 0., 0., 3.53866638e+02,
       2.31896378e+02, 0., 0., 0., 1., 0. ]
R1: !!opencv-matrix
   rows: 3
   cols: 3
   dt: f
   data: [ 9.99610007e-01, 5.06753288e-03, 2.74611749e-02,
       -4.71282331e-03, 9.99904811e-01, -1.29661243e-02, -2.75242683e-02,
       1.28316479e-02, 9.99538779e-01 ]
K2: !!opencv-matrix
   rows: 3
   cols: 3
   dt: d
   data: [ 3.6687495098581172e+02, 0., 3.7621769200552956e+02, 0.,
       3.6726361788508825e+02, 2.2399932895774910e+02, 0., 0., 1. ]
D2: !!opencv-matrix
   rows: 5
   cols: 1
   dt: d
   data: [ -2.2201337830972428e-02, -1.1445843221826492e-03,
       2.9199201696882579e-04, -7.1705872414221615e-04,
       5.1284674356775366e-04 ]
P2: !!opencv-matrix
   rows: 3
   cols: 4
   dt: f
   data: [ 3.53866638e+02, 0., 3.68757538e+02, -2.05720719e+05, 0.,
       3.53866638e+02, 2.31896378e+02, 0., 0., 0., 1., 0. ]
R2: !!opencv-matrix
   rows: 3
   cols: 3
   dt: f
   data: [ 9.99982059e-01, -4.41188831e-03, -4.05513868e-03,
       4.46383329e-03, 9.99906957e-01, 1.28911510e-02, 3.99788702e-03,
       -1.29090212e-02, 9.99908686e-01 ]
