%YAML:1.0
---
Q: !!opencv-matrix
   rows: 4
   cols: 4
   dt: f
   data: [ 1., 0., 0., -3.82265228e+02, 0., 1., 0., -2.31848999e+02, 0.,
       0., 0., 3.59827393e+02, 0., 0., 1.96613930e-03, 0. ]
R: !!opencv-matrix
   rows: 3
   cols: 3
   dt: d
   data: [ 1.0149718580383913e+00, 9.5835418693114138e-03,
       -3.3271065947844724e-03, -9.8323133715304718e-03,
       1.0154144008516903e+00, -2.6073747353766937e-02,
       3.2977470645576558e-03, 2.6106222022283559e-02,
       1.0154541231459506e+00 ]
T: !!opencv-matrix
   rows: 3
   cols: 1
   dt: d
   data: [ -5.0747937915081224e+02, 2.2391386727536617e+00,
       2.0588414919747944e+00 ]
E: !!opencv-matrix
   rows: 0
   cols: 0
   dt: u
   data: []
F: !!opencv-matrix
   rows: 0
   cols: 0
   dt: u
   data: []
K1: !!opencv-matrix
   rows: 3
   cols: 3
   dt: d
   data: [ 3.6627756984521932e+02, 0., 3.8060969928433269e+02, 0.,
       3.6653175179255015e+02, 2.3878059668569790e+02, 0., 0., 1. ]
D1: !!opencv-matrix
   rows: 5
   cols: 1
   dt: d
   data: [ -2.1859934914563901e-02, -9.9468572971318997e-04,
       1.6448003429794193e-03, -3.1164985765511365e-04,
       3.5195408316194161e-04 ]
P1: !!opencv-matrix
   rows: 3
   cols: 4
   dt: f
   data: [ 3.59827393e+02, 0., 3.82265228e+02, 0., 0., 3.59827393e+02,
       2.31848999e+02, 0., 0., 0., 1., 0. ]
R1: !!opencv-matrix
   rows: 3
   cols: 3
   dt: f
   data: [ 9.99962807e-01, 4.94577689e-03, -7.06669921e-03,
       -5.03622042e-03, 9.99904871e-01, -1.28385508e-02, 7.00253062e-03,
       1.28736626e-02, 9.99892592e-01 ]
K2: !!opencv-matrix
   rows: 3
   cols: 3
   dt: d
   data: [ 3.6687495098581172e+02, 0., 3.7621769200552956e+02, 0.,
       3.6726361788508825e+02, 2.2399932895774910e+02, 0., 0., 1. ]
D2: !!opencv-matrix
   rows: 5
   cols: 1
   dt: d
   data: [ -2.2201337830972428e-02, -1.1445843221826492e-03,
       2.9199201696882579e-04, -7.1705872414221615e-04,
       5.1284674356775366e-04 ]
P2: !!opencv-matrix
   rows: 3
   cols: 4
   dt: f
   data: [ 3.59827393e+02, 0., 3.82265228e+02, -1.83012156e+05, 0.,
       3.59827393e+02, 2.31848999e+02, 0., 0., 0., 1., 0. ]
R2: !!opencv-matrix
   rows: 3
   cols: 3
   dt: f
   data: [ 9.99982059e-01, -4.41219565e-03, -4.05692216e-03,
       4.46398789e-03, 9.99907494e-01, 1.28472289e-02, 3.99986235e-03,
       -1.28651084e-02, 9.99909222e-01 ]
