%YAML:1.0
---
Q: !!opencv-matrix
   rows: 4
   cols: 4
   dt: f
   data: [ 1., 0., 0., -3.68797699e+02, 0., 1., 0., -2.31740677e+02, 0.,
       0., 0., 3.66538940e+02, 0., 0., 1.49646017e-03, 0. ]
R: !!opencv-matrix
   rows: 3
   cols: 3
   dt: d
   data: [ 1.0146916327460567e+00, -2.5715524785969036e-02,
       3.1875679044817293e-02, 2.6516023104739279e-02,
       1.0148376855533732e+00, -2.6393060475858276e-02,
       -3.1207473867601105e-02, 2.7204639035582581e-02,
       1.0146826880174871e+00 ]
T: !!opencv-matrix
   rows: 3
   cols: 1
   dt: d
   data: [ -6.7099237480131251e+02, 2.9604079287975127e+00,
       2.7207221251343201e+00 ]
E: !!opencv-matrix
   rows: 0
   cols: 0
   dt: u
   data: []
F: !!opencv-matrix
   rows: 0
   cols: 0
   dt: u
   data: []
K1: !!opencv-matrix
   rows: 3
   cols: 3
   dt: d
   data: [ 3.6627756984521932e+02, 0., 3.8060969928433269e+02, 0.,
       3.6653175179255015e+02, 2.3878059668569790e+02, 0., 0., 1. ]
D1: !!opencv-matrix
   rows: 5
   cols: 1
   dt: d
   data: [ -2.1859934914563901e-02, -9.9468572971318997e-04,
       1.6448003429794193e-03, -3.1164985765511365e-04,
       3.5195408316194161e-04 ]
P1: !!opencv-matrix
   rows: 3
   cols: 4
   dt: f
   data: [ 3.66538940e+02, 0., 3.68797699e+02, 0., 0., 3.66538940e+02,
       2.31740677e+02, 0., 0., 0., 1., 0. ]
R1: !!opencv-matrix
   rows: 3
   cols: 3
   dt: f
   data: [ 9.99177873e-01, -2.98213139e-02, 2.74635069e-02,
       3.01796608e-02, 9.99463439e-01, -1.27272541e-02, -2.70692296e-02,
       1.35456305e-02, 9.99541759e-01 ]
K2: !!opencv-matrix
   rows: 3
   cols: 3
   dt: d
   data: [ 3.6687495098581172e+02, 0., 3.7621769200552956e+02, 0.,
       3.6726361788508825e+02, 2.2399932895774910e+02, 0., 0., 1. ]
D2: !!opencv-matrix
   rows: 5
   cols: 1
   dt: d
   data: [ -2.2201337830972428e-02, -1.1445843221826492e-03,
       2.9199201696882579e-04, -7.1705872414221615e-04,
       5.1284674356775366e-04 ]
P2: !!opencv-matrix
   rows: 3
   cols: 4
   dt: f
   data: [ 3.66538940e+02, 0., 3.68797699e+02, -2.44937313e+05, 0.,
       3.66538940e+02, 2.31740677e+02, 0., 0., 0., 1., 0. ]
R2: !!opencv-matrix
   rows: 3
   cols: 3
   dt: f
   data: [ 9.99982059e-01, -4.41190507e-03, -4.05470096e-03,
       4.46480000e-03, 9.99903798e-01, 1.31301507e-02, 3.99638200e-03,
       -1.31480182e-02, 9.99905586e-01 ]
