%YAML:1.0
---
Q: !!opencv-matrix
   rows: 4
   cols: 4
   dt: f
   data: [ 1., 0., 0., -3.82412048e+02, 0., 1., 0., -2.31848022e+02, 0.,
       0., 0., 3.59859100e+02, 0., 0., 1.86836196e-03, 0. ]
R: !!opencv-matrix
   rows: 3
   cols: 3
   dt: d
   data: [ 1.0162721606237650e+00, 9.6696969900942637e-03,
       3.1099293613358427e-02, -8.9238971781766506e-03,
       1.0153155008070123e+00, -2.6394057041475110e-02,
       -3.2147766031111025e-02, 2.6103407743658831e-02,
       1.0148562245020269e+00 ]
T: !!opencv-matrix
   rows: 3
   cols: 1
   dt: d
   data: [ -5.3968900948049179e+02, 2.3810902445323374e+00,
       2.1885529541997042e+00 ]
E: !!opencv-matrix
   rows: 0
   cols: 0
   dt: u
   data: []
F: !!opencv-matrix
   rows: 0
   cols: 0
   dt: u
   data: []
K1: !!opencv-matrix
   rows: 3
   cols: 3
   dt: d
   data: [ 3.6627756984521932e+02, 0., 3.8060969928433269e+02, 0.,
       3.6653175179255015e+02, 2.3878059668569790e+02, 0., 0., 1. ]
D1: !!opencv-matrix
   rows: 5
   cols: 1
   dt: d
   data: [ -2.1859934914563901e-02, -9.9468572971318997e-04,
       1.6448003429794193e-03, -3.1164985765511365e-04,
       3.5195408316194161e-04 ]
P1: !!opencv-matrix
   rows: 3
   cols: 4
   dt: f
   data: [ 3.59859100e+02, 0., 3.82412048e+02, 0., 0., 3.59859100e+02,
       2.31848022e+02, 0., 0., 0., 1., 0. ]
R1: !!opencv-matrix
   rows: 3
   cols: 3
   dt: f
   data: [ 9.99959469e-01, 5.06919948e-03, -7.44227553e-03,
       -5.16446307e-03, 9.99904275e-01, -1.28373811e-02, 7.37648783e-03,
       1.28752952e-02, 9.99889910e-01 ]
K2: !!opencv-matrix
   rows: 3
   cols: 3
   dt: d
   data: [ 3.6687495098581172e+02, 0., 3.7621769200552956e+02, 0.,
       3.6726361788508825e+02, 2.2399932895774910e+02, 0., 0., 1. ]
D2: !!opencv-matrix
   rows: 5
   cols: 1
   dt: d
   data: [ -2.2201337830972428e-02, -1.1445843221826492e-03,
       2.9199201696882579e-04, -7.1705872414221615e-04,
       5.1284674356775366e-04 ]
P2: !!opencv-matrix
   rows: 3
   cols: 4
   dt: f
   data: [ 3.59859100e+02, 0., 3.82412048e+02, -1.92606750e+05, 0.,
       3.59859100e+02, 2.31848022e+02, 0., 0., 0., 1., 0. ]
R2: !!opencv-matrix
   rows: 3
   cols: 3
   dt: f
   data: [ 9.99982059e-01, -4.41219565e-03, -4.05692216e-03,
       4.46398929e-03, 9.99907494e-01, 1.28474711e-02, 3.99986142e-03,
       -1.28653506e-02, 9.99909222e-01 ]
