%YAML:1.0
---
Q: !!opencv-matrix
   rows: 4
   cols: 4
   dt: f
   data: [ 1., 0., 0., -3.68806152e+02, 0., 1., 0., -2.31740891e+02, 0.,
       0., 0., 3.66529449e+02, 0., 0., 1.69657799e-03, 0. ]
R: !!opencv-matrix
   rows: 3
   cols: 3
   dt: d
   data: [ 1.0150625861213523e+00, -2.5715996805863037e-02,
       3.1894575885311069e-02, 2.6525583494956040e-02,
       1.0152042853177086e+00, -2.6402628275869172e-02,
       -3.1218766154973862e-02, 2.7214431720289724e-02,
       1.0150492407636600e+00 ]
T: !!opencv-matrix
   rows: 3
   cols: 1
   dt: d
   data: [ -5.9380106862730713e+02, 2.6198410858577779e+00,
       2.4077288596951343e+00 ]
E: !!opencv-matrix
   rows: 0
   cols: 0
   dt: u
   data: []
F: !!opencv-matrix
   rows: 0
   cols: 0
   dt: u
   data: []
K1: !!opencv-matrix
   rows: 3
   cols: 3
   dt: d
   data: [ 3.6627756984521932e+02, 0., 3.8060969928433269e+02, 0.,
       3.6653175179255015e+02, 2.3878059668569790e+02, 0., 0., 1. ]
D1: !!opencv-matrix
   rows: 5
   cols: 1
   dt: d
   data: [ -2.1859934914563901e-02, -9.9468572971318997e-04,
       1.6448003429794193e-03, -3.1164985765511365e-04,
       3.5195408316194161e-04 ]
P1: !!opencv-matrix
   rows: 3
   cols: 4
   dt: f
   data: [ 3.66529449e+02, 0., 3.68806152e+02, 0., 0., 3.66529449e+02,
       2.31740891e+02, 0., 0., 0., 1., 0. ]
R1: !!opencv-matrix
   rows: 3
   cols: 3
   dt: f
   data: [ 9.99178886e-01, -2.98085250e-02, 2.74419133e-02,
       3.01665869e-02, 9.99463856e-01, -1.27276853e-02, -2.70478055e-02,
       1.35450624e-02, 9.99542356e-01 ]
K2: !!opencv-matrix
   rows: 3
   cols: 3
   dt: d
   data: [ 3.6687495098581172e+02, 0., 3.7621769200552956e+02, 0.,
       3.6726361788508825e+02, 2.2399932895774910e+02, 0., 0., 1. ]
D2: !!opencv-matrix
   rows: 5
   cols: 1
   dt: d
   data: [ -2.2201337830972428e-02, -1.1445843221826492e-03,
       2.9199201696882579e-04, -7.1705872414221615e-04,
       5.1284674356775366e-04 ]
P2: !!opencv-matrix
   rows: 3
   cols: 4
   dt: f
   data: [ 3.66529449e+02, 0., 3.68806152e+02, -2.16040438e+05, 0.,
       3.66529449e+02, 2.31740891e+02, 0., 0., 0., 1., 0. ]
R2: !!opencv-matrix
   rows: 3
   cols: 3
   dt: f
   data: [ 9.99982059e-01, -4.41190507e-03, -4.05470096e-03,
       4.46479954e-03, 9.99903858e-01, 1.31300790e-02, 3.99638200e-03,
       -1.31479464e-02, 9.99905586e-01 ]
