%YAML:1.0
---
Q: !!opencv-matrix
   rows: 4
   cols: 4
   dt: f
   data: [ 1., 0., 0., -3.68803619e+02, 0., 1., 0., -2.31741013e+02, 0.,
       0., 0., 3.66527893e+02, 0., 0., 1.71775348e-03, 0. ]
R: !!opencv-matrix
   rows: 3
   cols: 3
   dt: d
   data: [ 1.0150312863506392e+00, -2.5644859401200201e-02,
       3.1836351919686347e-02, 2.6527917207134797e-02,
       1.0152758573208318e+00, -2.6404231187100020e-02,
       -3.1220558591608997e-02, 2.7216063138141209e-02,
       1.0151213689221998e+00 ]
T: !!opencv-matrix
   rows: 3
   cols: 1
   dt: d
   data: [ -5.8385430257447979e+02, 2.5759561106548818e+00,
       2.3673969800675878e+00 ]
E: !!opencv-matrix
   rows: 0
   cols: 0
   dt: u
   data: []
F: !!opencv-matrix
   rows: 0
   cols: 0
   dt: u
   data: []
K1: !!opencv-matrix
   rows: 3
   cols: 3
   dt: d
   data: [ 3.6627756984521932e+02, 0., 3.8060969928433269e+02, 0.,
       3.6653175179255015e+02, 2.3878059668569790e+02, 0., 0., 1. ]
D1: !!opencv-matrix
   rows: 5
   cols: 1
   dt: d
   data: [ -2.1859934914563901e-02, -9.9468572971318997e-04,
       1.6448003429794193e-03, -3.1164985765511365e-04,
       3.5195408316194161e-04 ]
P1: !!opencv-matrix
   rows: 3
   cols: 4
   dt: f
   data: [ 3.66527893e+02, 0., 3.68803619e+02, 0., 0., 3.66527893e+02,
       2.31741013e+02, 0., 0., 0., 1., 0. ]
R1: !!opencv-matrix
   rows: 3
   cols: 3
   dt: f
   data: [ 9.99179780e-01, -2.97719333e-02, 2.74482723e-02,
       3.01300883e-02, 9.99464929e-01, -1.27283875e-02, -2.70546377e-02,
       1.35449665e-02, 9.99542177e-01 ]
K2: !!opencv-matrix
   rows: 3
   cols: 3
   dt: d
   data: [ 3.6687495098581172e+02, 0., 3.7621769200552956e+02, 0.,
       3.6726361788508825e+02, 2.2399932895774910e+02, 0., 0., 1. ]
D2: !!opencv-matrix
   rows: 5
   cols: 1
   dt: d
   data: [ -2.2201337830972428e-02, -1.1445843221826492e-03,
       2.9199201696882579e-04, -7.1705872414221615e-04,
       5.1284674356775366e-04 ]
P2: !!opencv-matrix
   rows: 3
   cols: 4
   dt: f
   data: [ 3.66527893e+02, 0., 3.68803619e+02, -2.13376313e+05, 0.,
       3.66527893e+02, 2.31741013e+02, 0., 0., 0., 1., 0. ]
R2: !!opencv-matrix
   rows: 3
   cols: 3
   dt: f
   data: [ 9.99982059e-01, -4.41190507e-03, -4.05470096e-03,
       4.46480094e-03, 9.99903798e-01, 1.31303789e-02, 3.99638060e-03,
       -1.31482473e-02, 9.99905586e-01 ]
