%YAML:1.0
---
Q: !!opencv-matrix
   rows: 4
   cols: 4
   dt: f
   data: [ 1., 0., 0., -3.68799194e+02, 0., 1., 0., -2.31740692e+02, 0.,
       0., 0., 3.66537933e+02, 0., 0., 1.67847681e-03, 0. ]
R: !!opencv-matrix
   rows: 3
   cols: 3
   dt: d
   data: [ 1.0150326377445171e+00, -2.5733299798294838e-02,
       3.1877662278156027e-02, 2.6525056861907328e-02,
       1.0151827932868025e+00, -2.6401995647470089e-02,
       -3.1218068845353497e-02, 2.7213925850550550e-02,
       1.0150277391088605e+00 ]
T: !!opencv-matrix
   rows: 3
   cols: 1
   dt: d
   data: [ -5.9841629361485491e+02, 2.6402033869190067e+00,
       2.4264425524449802e+00 ]
E: !!opencv-matrix
   rows: 0
   cols: 0
   dt: u
   data: []
F: !!opencv-matrix
   rows: 0
   cols: 0
   dt: u
   data: []
K1: !!opencv-matrix
   rows: 3
   cols: 3
   dt: d
   data: [ 3.6627756984521932e+02, 0., 3.8060969928433269e+02, 0.,
       3.6653175179255015e+02, 2.3878059668569790e+02, 0., 0., 1. ]
D1: !!opencv-matrix
   rows: 5
   cols: 1
   dt: d
   data: [ -2.1859934914563901e-02, -9.9468572971318997e-04,
       1.6448003429794193e-03, -3.1164985765511365e-04,
       3.5195408316194161e-04 ]
P1: !!opencv-matrix
   rows: 3
   cols: 4
   dt: f
   data: [ 3.66537933e+02, 0., 3.68799194e+02, 0., 0., 3.66537933e+02,
       2.31740692e+02, 0., 0., 0., 1., 0. ]
R1: !!opencv-matrix
   rows: 3
   cols: 3
   dt: f
   data: [ 9.99177873e-01, -2.98252981e-02, 2.74596997e-02,
       3.01835928e-02, 9.99463320e-01, -1.27272019e-02, -2.70653702e-02,
       1.35455709e-02, 9.99541879e-01 ]
K2: !!opencv-matrix
   rows: 3
   cols: 3
   dt: d
   data: [ 3.6687495098581172e+02, 0., 3.7621769200552956e+02, 0.,
       3.6726361788508825e+02, 2.2399932895774910e+02, 0., 0., 1. ]
D2: !!opencv-matrix
   rows: 5
   cols: 1
   dt: d
   data: [ -2.2201337830972428e-02, -1.1445843221826492e-03,
       2.9199201696882579e-04, -7.1705872414221615e-04,
       5.1284674356775366e-04 ]
P2: !!opencv-matrix
   rows: 3
   cols: 4
   dt: f
   data: [ 3.66537933e+02, 0., 3.68799194e+02, -2.18375328e+05, 0.,
       3.66537933e+02, 2.31740692e+02, 0., 0., 0., 1., 0. ]
R2: !!opencv-matrix
   rows: 3
   cols: 3
   dt: f
   data: [ 9.99982059e-01, -4.41190507e-03, -4.05470096e-03,
       4.46479954e-03, 9.99903858e-01, 1.31300949e-02, 3.99638200e-03,
       -1.31479623e-02, 9.99905586e-01 ]
