%YAML:1.0
---
Q: !!opencv-matrix
   rows: 4
   cols: 4
   dt: f
   data: [ 1., 0., 0., -3.68776947e+02, 0., 1., 0., -2.31896255e+02, 0.,
       0., 0., 3.53877350e+02, 0., 0., 1.81486213e-03, 0. ]
R: !!opencv-matrix
   rows: 3
   cols: 3
   dt: d
   data: [ 1.0152454550792209e+00, 9.7118051060893929e-03,
       3.1874906435635023e-02, -8.9198109624518979e-03,
       1.0154167527942912e+00, -2.6400102178614996e-02,
       -3.2146402453265090e-02, 2.6105848710364515e-02,
       1.0149544794375214e+00 ]
T: !!opencv-matrix
   rows: 3
   cols: 1
   dt: d
   data: [ -5.5430613644071332e+02, 2.4455806192952041e+00,
       2.2478286645191821e+00 ]
E: !!opencv-matrix
   rows: 0
   cols: 0
   dt: u
   data: []
F: !!opencv-matrix
   rows: 0
   cols: 0
   dt: u
   data: []
K1: !!opencv-matrix
   rows: 3
   cols: 3
   dt: d
   data: [ 3.6627756984521932e+02, 0., 3.8060969928433269e+02, 0.,
       3.6653175179255015e+02, 2.3878059668569790e+02, 0., 0., 1. ]
D1: !!opencv-matrix
   rows: 5
   cols: 1
   dt: d
   data: [ -2.1859934914563901e-02, -9.9468572971318997e-04,
       1.6448003429794193e-03, -3.1164985765511365e-04,
       3.5195408316194161e-04 ]
P1: !!opencv-matrix
   rows: 3
   cols: 4
   dt: f
   data: [ 3.53877350e+02, 0., 3.68776947e+02, 0., 0., 3.53877350e+02,
       2.31896255e+02, 0., 0., 0., 1., 0. ]
R1: !!opencv-matrix
   rows: 3
   cols: 3
   dt: f
   data: [ 9.99611437e-01, 5.05883433e-03, 2.74116639e-02,
       -4.70476411e-03, 9.99904871e-01, -1.29658980e-02, -2.74746493e-02,
       1.28318937e-02, 9.99540150e-01 ]
K2: !!opencv-matrix
   rows: 3
   cols: 3
   dt: d
   data: [ 3.6687495098581172e+02, 0., 3.7621769200552956e+02, 0.,
       3.6726361788508825e+02, 2.2399932895774910e+02, 0., 0., 1. ]
D2: !!opencv-matrix
   rows: 5
   cols: 1
   dt: d
   data: [ -2.2201337830972428e-02, -1.1445843221826492e-03,
       2.9199201696882579e-04, -7.1705872414221615e-04,
       5.1284674356775366e-04 ]
P2: !!opencv-matrix
   rows: 3
   cols: 4
   dt: f
   data: [ 3.53877350e+02, 0., 3.68776947e+02, -1.94988563e+05, 0.,
       3.53877350e+02, 2.31896255e+02, 0., 0., 0., 1., 0. ]
R2: !!opencv-matrix
   rows: 3
   cols: 3
   dt: f
   data: [ 9.99982059e-01, -4.41188831e-03, -4.05513868e-03,
       4.46383329e-03, 9.99906957e-01, 1.28911566e-02, 3.99788702e-03,
       -1.29090259e-02, 9.99908686e-01 ]
