%YAML:1.0
---
Q: !!opencv-matrix
   rows: 4
   cols: 4
   dt: f
   data: [ 1., 0., 0., -3.68800171e+02, 0., 1., 0., -2.31740692e+02, 0.,
       0., 0., 3.66537323e+02, 0., 0., 1.67104753e-03, 0. ]
R: !!opencv-matrix
   rows: 3
   cols: 3
   dt: d
   data: [ 1.0150180112748026e+00, -2.5731998217517298e-02,
       3.1878116880404178e-02, 2.6524662916207978e-02,
       1.0151677767103353e+00, -2.6401609300565829e-02,
       -3.1217608749199200e-02, 2.7213519676701613e-02,
       1.0150127251341676e+00 ]
T: !!opencv-matrix
   rows: 3
   cols: 1
   dt: d
   data: [ -6.0138440809536019e+02, 2.6532986619306511e+00,
       2.4384775845859270e+00 ]
E: !!opencv-matrix
   rows: 0
   cols: 0
   dt: u
   data: []
F: !!opencv-matrix
   rows: 0
   cols: 0
   dt: u
   data: []
K1: !!opencv-matrix
   rows: 3
   cols: 3
   dt: d
   data: [ 3.6627756984521932e+02, 0., 3.8060969928433269e+02, 0.,
       3.6653175179255015e+02, 2.3878059668569790e+02, 0., 0., 1. ]
D1: !!opencv-matrix
   rows: 5
   cols: 1
   dt: d
   data: [ -2.1859934914563901e-02, -9.9468572971318997e-04,
       1.6448003429794193e-03, -3.1164985765511365e-04,
       3.5195408316194161e-04 ]
P1: !!opencv-matrix
   rows: 3
   cols: 4
   dt: f
   data: [ 3.66537323e+02, 0., 3.68800171e+02, 0., 0., 3.66537323e+02,
       2.31740692e+02, 0., 0., 0., 1., 0. ]
R1: !!opencv-matrix
   rows: 3
   cols: 3
   dt: f
   data: [ 9.99177873e-01, -2.98279766e-02, 2.74572279e-02,
       3.01862378e-02, 9.99463260e-01, -1.27271665e-02, -2.70628650e-02,
       1.35455327e-02, 9.99541938e-01 ]
K2: !!opencv-matrix
   rows: 3
   cols: 3
   dt: d
   data: [ 3.6687495098581172e+02, 0., 3.7621769200552956e+02, 0.,
       3.6726361788508825e+02, 2.2399932895774910e+02, 0., 0., 1. ]
D2: !!opencv-matrix
   rows: 5
   cols: 1
   dt: d
   data: [ -2.2201337830972428e-02, -1.1445843221826492e-03,
       2.9199201696882579e-04, -7.1705872414221615e-04,
       5.1284674356775366e-04 ]
P2: !!opencv-matrix
   rows: 3
   cols: 4
   dt: f
   data: [ 3.66537323e+02, 0., 3.68800171e+02, -2.19345844e+05, 0.,
       3.66537323e+02, 2.31740692e+02, 0., 0., 0., 1., 0. ]
R2: !!opencv-matrix
   rows: 3
   cols: 3
   dt: f
   data: [ 9.99982059e-01, -4.41190507e-03, -4.05470096e-03,
       4.46479954e-03, 9.99903858e-01, 1.31300576e-02, 3.99638200e-03,
       -1.31479250e-02, 9.99905586e-01 ]
