%YAML:1.0
---
Q: !!opencv-matrix
   rows: 4
   cols: 4
   dt: f
   data: [ 1., 0., 0., -3.68914185e+02, 0., 1., 0., -2.31895615e+02, 0.,
       0., 0., 3.53942719e+02, 0., 0., 1.85288570e-03, 0. ]
R: !!opencv-matrix
   rows: 3
   cols: 3
   dt: d
   data: [ 1.0160304719655704e+00, 9.7641450079255562e-03,
       3.1627986760749627e-02, -8.9228146132888913e-03,
       1.0153113721860512e+00, -2.6396293635709091e-02,
       -3.2146683451029320e-02, 2.6102929152707940e-02,
       1.0148503699881579e+00 ]
T: !!opencv-matrix
   rows: 3
   cols: 1
   dt: d
   data: [ -5.4534780548035167e+02, 2.4060567199184875e+00,
       2.2115006730773290e+00 ]
E: !!opencv-matrix
   rows: 0
   cols: 0
   dt: u
   data: []
F: !!opencv-matrix
   rows: 0
   cols: 0
   dt: u
   data: []
K1: !!opencv-matrix
   rows: 3
   cols: 3
   dt: d
   data: [ 3.6627756984521932e+02, 0., 3.8060969928433269e+02, 0.,
       3.6653175179255015e+02, 2.3878059668569790e+02, 0., 0., 1. ]
D1: !!opencv-matrix
   rows: 5
   cols: 1
   dt: d
   data: [ -2.1859934914563901e-02, -9.9468572971318997e-04,
       1.6448003429794193e-03, -3.1164985765511365e-04,
       3.5195408316194161e-04 ]
P1: !!opencv-matrix
   rows: 3
   cols: 4
   dt: f
   data: [ 3.53942719e+02, 0., 3.68914185e+02, 0., 0., 3.53942719e+02,
       2.31895615e+02, 0., 0., 0., 1., 0. ]
R1: !!opencv-matrix
   rows: 3
   cols: 3
   dt: f
   data: [ 9.99621034e-01, 5.04092174e-03, 2.70614345e-02,
       -4.69136378e-03, 9.99904931e-01, -1.29651986e-02, -2.71242186e-02,
       1.28333308e-02, 9.99549687e-01 ]
K2: !!opencv-matrix
   rows: 3
   cols: 3
   dt: d
   data: [ 3.6687495098581172e+02, 0., 3.7621769200552956e+02, 0.,
       3.6726361788508825e+02, 2.2399932895774910e+02, 0., 0., 1. ]
D2: !!opencv-matrix
   rows: 5
   cols: 1
   dt: d
   data: [ -2.2201337830972428e-02, -1.1445843221826492e-03,
       2.9199201696882579e-04, -7.1705872414221615e-04,
       5.1284674356775366e-04 ]
P2: !!opencv-matrix
   rows: 3
   cols: 4
   dt: f
   data: [ 3.53942719e+02, 0., 3.68914185e+02, -1.91022422e+05, 0.,
       3.53942719e+02, 2.31895615e+02, 0., 0., 0., 1., 0. ]
R2: !!opencv-matrix
   rows: 3
   cols: 3
   dt: f
   data: [ 9.99982059e-01, -4.41188784e-03, -4.05513868e-03,
       4.46383422e-03, 9.99906957e-01, 1.28914937e-02, 3.99788516e-03,
       -1.29093640e-02, 9.99908686e-01 ]
