%YAML:1.0
---
Q: !!opencv-matrix
   rows: 4
   cols: 4
   dt: f
   data: [ 1., 0., 0., -3.68800415e+02, 0., 1., 0., -2.31896240e+02, 0.,
       0., 0., 3.53883789e+02, 0., 0., 1.82871381e-03, 0. ]
R: !!opencv-matrix
   rows: 3
   cols: 3
   dt: d
   data: [ 1.0156347937510339e+00, 9.7132819279750274e-03,
       3.1725482542919577e-02, -8.9213423040437837e-03,
       1.0153741190853087e+00, -2.6398340597032218e-02,
       -3.2146804679943387e-02, 2.6104745191985523e-02,
       1.0149124739714956e+00 ]
T: !!opencv-matrix
   rows: 3
   cols: 1
   dt: d
   data: [ -5.4858510057157719e+02, 2.4203395704169250e+00,
       2.2246286077384356e+00 ]
E: !!opencv-matrix
   rows: 0
   cols: 0
   dt: u
   data: []
F: !!opencv-matrix
   rows: 0
   cols: 0
   dt: u
   data: []
K1: !!opencv-matrix
   rows: 3
   cols: 3
   dt: d
   data: [ 3.6627756984521932e+02, 0., 3.8060969928433269e+02, 0.,
       3.6653175179255015e+02, 2.3878059668569790e+02, 0., 0., 1. ]
D1: !!opencv-matrix
   rows: 5
   cols: 1
   dt: d
   data: [ -2.1859934914563901e-02, -9.9468572971318997e-04,
       1.6448003429794193e-03, -3.1164985765511365e-04,
       3.5195408316194161e-04 ]
P1: !!opencv-matrix
   rows: 3
   cols: 4
   dt: f
   data: [ 3.53883789e+02, 0., 3.68800415e+02, 0., 0., 3.53883789e+02,
       2.31896240e+02, 0., 0., 0., 1., 0. ]
R1: !!opencv-matrix
   rows: 3
   cols: 3
   dt: f
   data: [ 9.99612987e-01, 5.07579464e-03, 2.73517128e-02,
       -4.72249137e-03, 9.99904811e-01, -1.29661895e-02, -2.74149217e-02,
       1.28320027e-02, 9.99541759e-01 ]
K2: !!opencv-matrix
   rows: 3
   cols: 3
   dt: d
   data: [ 3.6687495098581172e+02, 0., 3.7621769200552956e+02, 0.,
       3.6726361788508825e+02, 2.2399932895774910e+02, 0., 0., 1. ]
D2: !!opencv-matrix
   rows: 5
   cols: 1
   dt: d
   data: [ -2.2201337830972428e-02, -1.1445843221826492e-03,
       2.9199201696882579e-04, -7.1705872414221615e-04,
       5.1284674356775366e-04 ]
P2: !!opencv-matrix
   rows: 3
   cols: 4
   dt: f
   data: [ 3.53883789e+02, 0., 3.68800415e+02, -1.93515125e+05, 0.,
       3.53883789e+02, 2.31896240e+02, 0., 0., 0., 1., 0. ]
R2: !!opencv-matrix
   rows: 3
   cols: 3
   dt: f
   data: [ 9.99982059e-01, -4.41188831e-03, -4.05513868e-03,
       4.46383376e-03, 9.99906957e-01, 1.28913512e-02, 3.99788609e-03,
       -1.29092215e-02, 9.99908686e-01 ]
