%YAML:1.0
---
Q: !!opencv-matrix
   rows: 4
   cols: 4
   dt: f
   data: [ 1., 0., 0., -3.68797058e+02, 0., 1., 0., -2.31740677e+02, 0.,
       0., 0., 3.66539307e+02, 0., 0., 1.68403541e-03, 0. ]
R: !!opencv-matrix
   rows: 3
   cols: 3
   dt: d
   data: [ 1.0150480299909503e+00, -2.5728257556306922e-02,
       3.1883157828293159e-02, 2.6525380739210336e-02,
       1.0151955984115397e+00, -2.6402351756890922e-02,
       -3.1218473748268201e-02, 2.7214247987715417e-02,
       1.0150405453054305e+00 ]
T: !!opencv-matrix
   rows: 3
   cols: 1
   dt: d
   data: [ -5.9576757378741775e+02, 2.6285172758820061e+00,
       2.4157025926723028e+00 ]
E: !!opencv-matrix
   rows: 0
   cols: 0
   dt: u
   data: []
F: !!opencv-matrix
   rows: 0
   cols: 0
   dt: u
   data: []
K1: !!opencv-matrix
   rows: 3
   cols: 3
   dt: d
   data: [ 3.6627756984521932e+02, 0., 3.8060969928433269e+02, 0.,
       3.6653175179255015e+02, 2.3878059668569790e+02, 0., 0., 1. ]
D1: !!opencv-matrix
   rows: 5
   cols: 1
   dt: d
   data: [ -2.1859934914563901e-02, -9.9468572971318997e-04,
       1.6448003429794193e-03, -3.1164985765511365e-04,
       3.5195408316194161e-04 ]
P1: !!opencv-matrix
   rows: 3
   cols: 4
   dt: f
   data: [ 3.66539307e+02, 0., 3.68797058e+02, 0., 0., 3.66539307e+02,
       2.31740677e+02, 0., 0., 0., 1., 0. ]
R1: !!opencv-matrix
   rows: 3
   cols: 3
   dt: f
   data: [ 9.99177933e-01, -2.98190713e-02, 2.74651069e-02,
       3.01774386e-02, 9.99463499e-01, -1.27272876e-02, -2.70708557e-02,
       1.35456519e-02, 9.99541759e-01 ]
K2: !!opencv-matrix
   rows: 3
   cols: 3
   dt: d
   data: [ 3.6687495098581172e+02, 0., 3.7621769200552956e+02, 0.,
       3.6726361788508825e+02, 2.2399932895774910e+02, 0., 0., 1. ]
D2: !!opencv-matrix
   rows: 5
   cols: 1
   dt: d
   data: [ -2.2201337830972428e-02, -1.1445843221826492e-03,
       2.9199201696882579e-04, -7.1705872414221615e-04,
       5.1284674356775366e-04 ]
P2: !!opencv-matrix
   rows: 3
   cols: 4
   dt: f
   data: [ 3.66539307e+02, 0., 3.68797058e+02, -2.17655344e+05, 0.,
       3.66539307e+02, 2.31740677e+02, 0., 0., 0., 1., 0. ]
R2: !!opencv-matrix
   rows: 3
   cols: 3
   dt: f
   data: [ 9.99982059e-01, -4.41190507e-03, -4.05470096e-03,
       4.46480000e-03, 9.99903798e-01, 1.31301777e-02, 3.99638154e-03,
       -1.31480452e-02, 9.99905586e-01 ]
