%YAML:1.0
---
Q: !!opencv-matrix
   rows: 4
   cols: 4
   dt: f
   data: [ 1., 0., 0., -3.68790222e+02, 0., 1., 0., -2.31896225e+02, 0.,
       0., 0., 3.53882080e+02, 0., 0., 1.82283856e-03, 0. ]
R: !!opencv-matrix
   rows: 3
   cols: 3
   dt: d
   data: [ 1.0154389867856328e+00, 9.7023619559556112e-03,
       3.1789137080873171e-02, -8.9205875342241760e-03,
       1.0153991214302480e+00, -2.6399266746754340e-02,
       -3.2146699442665828e-02, 2.6105431974074975e-02,
       1.0149371607671009e+00 ]
T: !!opencv-matrix
   rows: 3
   cols: 1
   dt: d
   data: [ -5.5099616537653299e+02, 2.4309771206613764e+00,
       2.2344060056645825e+00 ]
E: !!opencv-matrix
   rows: 0
   cols: 0
   dt: u
   data: []
F: !!opencv-matrix
   rows: 0
   cols: 0
   dt: u
   data: []
K1: !!opencv-matrix
   rows: 3
   cols: 3
   dt: d
   data: [ 3.6627756984521932e+02, 0., 3.8060969928433269e+02, 0.,
       3.6653175179255015e+02, 2.3878059668569790e+02, 0., 0., 1. ]
D1: !!opencv-matrix
   rows: 5
   cols: 1
   dt: d
   data: [ -2.1859934914563901e-02, -9.9468572971318997e-04,
       1.6448003429794193e-03, -3.1164985765511365e-04,
       3.5195408316194161e-04 ]
P1: !!opencv-matrix
   rows: 3
   cols: 4
   dt: f
   data: [ 3.53882080e+02, 0., 3.68790222e+02, 0., 0., 3.53882080e+02,
       2.31896225e+02, 0., 0., 0., 1., 0. ]
R1: !!opencv-matrix
   rows: 3
   cols: 3
   dt: f
   data: [ 9.99612331e-01, 5.06378058e-03, 2.73777675e-02,
       -4.71014529e-03, 9.99904871e-01, -1.29659669e-02, -2.74408180e-02,
       1.28319878e-02, 9.99541044e-01 ]
K2: !!opencv-matrix
   rows: 3
   cols: 3
   dt: d
   data: [ 3.6687495098581172e+02, 0., 3.7621769200552956e+02, 0.,
       3.6726361788508825e+02, 2.2399932895774910e+02, 0., 0., 1. ]
D2: !!opencv-matrix
   rows: 5
   cols: 1
   dt: d
   data: [ -2.2201337830972428e-02, -1.1445843221826492e-03,
       2.9199201696882579e-04, -7.1705872414221615e-04,
       5.1284674356775366e-04 ]
P2: !!opencv-matrix
   rows: 3
   cols: 4
   dt: f
   data: [ 3.53882080e+02, 0., 3.68790222e+02, -1.94137922e+05, 0.,
       3.53882080e+02, 2.31896225e+02, 0., 0., 0., 1., 0. ]
R2: !!opencv-matrix
   rows: 3
   cols: 3
   dt: f
   data: [ 9.99982059e-01, -4.41188831e-03, -4.05513868e-03,
       4.46383329e-03, 9.99906957e-01, 1.28912348e-02, 3.99788655e-03,
       -1.29091050e-02, 9.99908686e-01 ]
