%YAML:1.0
---
Q: !!opencv-matrix
   rows: 4
   cols: 4
   dt: f
   data: [ 1., 0., 0., -3.68798584e+02, 0., 1., 0., -2.31740692e+02, 0.,
       0., 0., 3.66538361e+02, 0., 0., 1.57575042e-03, 0. ]
R: !!opencv-matrix
   rows: 3
   cols: 3
   dt: d
   data: [ 1.0148343742301746e+00, -2.5715031868509944e-02,
       3.1883918491099915e-02, 2.6519691849296364e-02,
       1.0149784194970481e+00, -2.6396737880970307e-02,
       -3.1211810305316987e-02, 2.7208395694244627e-02,
       1.0148234028912613e+00 ]
T: !!opencv-matrix
   rows: 3
   cols: 1
   dt: d
   data: [ -6.4020549317021619e+02, 2.8245766860528358e+00,
       2.5958882930882670e+00 ]
E: !!opencv-matrix
   rows: 0
   cols: 0
   dt: u
   data: []
F: !!opencv-matrix
   rows: 0
   cols: 0
   dt: u
   data: []
K1: !!opencv-matrix
   rows: 3
   cols: 3
   dt: d
   data: [ 3.6627756984521932e+02, 0., 3.8060969928433269e+02, 0.,
       3.6653175179255015e+02, 2.3878059668569790e+02, 0., 0., 1. ]
D1: !!opencv-matrix
   rows: 5
   cols: 1
   dt: d
   data: [ -2.1859934914563901e-02, -9.9468572971318997e-04,
       1.6448003429794193e-03, -3.1164985765511365e-04,
       3.5195408316194161e-04 ]
P1: !!opencv-matrix
   rows: 3
   cols: 4
   dt: f
   data: [ 3.66538361e+02, 0., 3.68798584e+02, 0., 0., 3.66538361e+02,
       2.31740692e+02, 0., 0., 0., 1., 0. ]
R1: !!opencv-matrix
   rows: 3
   cols: 3
   dt: f
   data: [ 9.99177873e-01, -2.98237540e-02, 2.74612624e-02,
       3.01820692e-02, 9.99463379e-01, -1.27272215e-02, -2.70669535e-02,
       1.35455960e-02, 9.99541819e-01 ]
K2: !!opencv-matrix
   rows: 3
   cols: 3
   dt: d
   data: [ 3.6687495098581172e+02, 0., 3.7621769200552956e+02, 0.,
       3.6726361788508825e+02, 2.2399932895774910e+02, 0., 0., 1. ]
D2: !!opencv-matrix
   rows: 5
   cols: 1
   dt: d
   data: [ -2.2201337830972428e-02, -1.1445843221826492e-03,
       2.9199201696882579e-04, -7.1705872414221615e-04,
       5.1284674356775366e-04 ]
P2: !!opencv-matrix
   rows: 3
   cols: 4
   dt: f
   data: [ 3.66538361e+02, 0., 3.68798584e+02, -2.32611938e+05, 0.,
       3.66538361e+02, 2.31740692e+02, 0., 0., 0., 1., 0. ]
R2: !!opencv-matrix
   rows: 3
   cols: 3
   dt: f
   data: [ 9.99982059e-01, -4.41190507e-03, -4.05470096e-03,
       4.46480000e-03, 9.99903858e-01, 1.31301172e-02, 3.99638200e-03,
       -1.31479846e-02, 9.99905586e-01 ]
