%YAML:1.0
---
Q: !!opencv-matrix
   rows: 4
   cols: 4
   dt: f
   data: [ 1., 0., 0., -3.68759216e+02, 0., 1., 0., -2.31896347e+02, 0.,
       0., 0., 3.53868439e+02, 0., 0., 1.77838223e-03, 0. ]
R: !!opencv-matrix
   rows: 3
   cols: 3
   dt: d
   data: [ 1.0151829307800884e+00, 9.7107974007958568e-03,
       3.1875197326578925e-02, -8.9192854602393404e-03,
       1.0153596686496638e+00, -2.6398627168702980e-02,
       -3.2144573108169171e-02, 2.6104382926027070e-02,
       1.0148974107980895e+00 ]
T: !!opencv-matrix
   rows: 3
   cols: 1
   dt: d
   data: [ -5.6509655696205175e+02, 2.4931876029738804e+00,
       2.2915861023905917e+00 ]
E: !!opencv-matrix
   rows: 0
   cols: 0
   dt: u
   data: []
F: !!opencv-matrix
   rows: 0
   cols: 0
   dt: u
   data: []
K1: !!opencv-matrix
   rows: 3
   cols: 3
   dt: d
   data: [ 3.6627756984521932e+02, 0., 3.8060969928433269e+02, 0.,
       3.6653175179255015e+02, 2.3878059668569790e+02, 0., 0., 1. ]
D1: !!opencv-matrix
   rows: 5
   cols: 1
   dt: d
   data: [ -2.1859934914563901e-02, -9.9468572971318997e-04,
       1.6448003429794193e-03, -3.1164985765511365e-04,
       3.5195408316194161e-04 ]
P1: !!opencv-matrix
   rows: 3
   cols: 4
   dt: f
   data: [ 3.53868439e+02, 0., 3.68759216e+02, 0., 0., 3.53868439e+02,
       2.31896347e+02, 0., 0., 0., 1., 0. ]
R1: !!opencv-matrix
   rows: 3
   cols: 3
   dt: f
   data: [ 9.99610186e-01, 5.06310258e-03, 2.74568871e-02,
       -4.70844982e-03, 9.99904871e-01, -1.29660284e-02, -2.75199227e-02,
       1.28316944e-02, 9.99538898e-01 ]
K2: !!opencv-matrix
   rows: 3
   cols: 3
   dt: d
   data: [ 3.6687495098581172e+02, 0., 3.7621769200552956e+02, 0.,
       3.6726361788508825e+02, 2.2399932895774910e+02, 0., 0., 1. ]
D2: !!opencv-matrix
   rows: 5
   cols: 1
   dt: d
   data: [ -2.2201337830972428e-02, -1.1445843221826492e-03,
       2.9199201696882579e-04, -7.1705872414221615e-04,
       5.1284674356775366e-04 ]
P2: !!opencv-matrix
   rows: 3
   cols: 4
   dt: f
   data: [ 3.53868439e+02, 0., 3.68759216e+02, -1.98983344e+05, 0.,
       3.53868439e+02, 2.31896347e+02, 0., 0., 0., 1., 0. ]
R2: !!opencv-matrix
   rows: 3
   cols: 3
   dt: f
   data: [ 9.99982059e-01, -4.41188831e-03, -4.05513868e-03,
       4.46383329e-03, 9.99906957e-01, 1.28911259e-02, 3.99788702e-03,
       -1.29089961e-02, 9.99908686e-01 ]
