%YAML:1.0
---
Q: !!opencv-matrix
   rows: 4
   cols: 4
   dt: f
   data: [ 1., 0., 0., -3.68811035e+02, 0., 1., 0., -2.31896255e+02, 0.,
       0., 0., 3.53885651e+02, 0., 0., 1.83365925e-03, 0. ]
R: !!opencv-matrix
   rows: 3
   cols: 3
   dt: d
   data: [ 1.0158325598295370e+00, 9.7385542923473789e-03,
       3.1677803220137794e-02, -8.9220822472642885e-03,
       1.0153436863509973e+00, -2.6397346139009771e-02,
       -3.2146769716468675e-02, 2.6103862020840085e-02,
       1.0148823573120727e+00 ]
T: !!opencv-matrix
   rows: 3
   cols: 1
   dt: d
   data: [ -5.4682259518648505e+02, 2.4125634460056009e+00,
       2.2174812605992695e+00 ]
E: !!opencv-matrix
   rows: 0
   cols: 0
   dt: u
   data: []
F: !!opencv-matrix
   rows: 0
   cols: 0
   dt: u
   data: []
K1: !!opencv-matrix
   rows: 3
   cols: 3
   dt: d
   data: [ 3.6627756984521932e+02, 0., 3.8060969928433269e+02, 0.,
       3.6653175179255015e+02, 2.3878059668569790e+02, 0., 0., 1. ]
D1: !!opencv-matrix
   rows: 5
   cols: 1
   dt: d
   data: [ -2.1859934914563901e-02, -9.9468572971318997e-04,
       1.6448003429794193e-03, -3.1164985765511365e-04,
       3.5195408316194161e-04 ]
P1: !!opencv-matrix
   rows: 3
   cols: 4
   dt: f
   data: [ 3.53885651e+02, 0., 3.68811035e+02, 0., 0., 3.53885651e+02,
       2.31896255e+02, 0., 0., 0., 1., 0. ]
R1: !!opencv-matrix
   rows: 3
   cols: 3
   dt: f
   data: [ 9.99613643e-01, 5.08796750e-03, 2.73246150e-02,
       -4.73500974e-03, 9.99904692e-01, -1.29664131e-02, -2.73879841e-02,
       1.28320213e-02, 9.99542534e-01 ]
K2: !!opencv-matrix
   rows: 3
   cols: 3
   dt: d
   data: [ 3.6687495098581172e+02, 0., 3.7621769200552956e+02, 0.,
       3.6726361788508825e+02, 2.2399932895774910e+02, 0., 0., 1. ]
D2: !!opencv-matrix
   rows: 5
   cols: 1
   dt: d
   data: [ -2.2201337830972428e-02, -1.1445843221826492e-03,
       2.9199201696882579e-04, -7.1705872414221615e-04,
       5.1284674356775366e-04 ]
P2: !!opencv-matrix
   rows: 3
   cols: 4
   dt: f
   data: [ 3.53885651e+02, 0., 3.68811035e+02, -1.92994219e+05, 0.,
       3.53885651e+02, 2.31896255e+02, 0., 0., 0., 1., 0. ]
R2: !!opencv-matrix
   rows: 3
   cols: 3
   dt: f
   data: [ 9.99982059e-01, -4.41188831e-03, -4.05513868e-03,
       4.46383422e-03, 9.99906957e-01, 1.28914705e-02, 3.99788562e-03,
       -1.29093407e-02, 9.99908686e-01 ]
