%YAML:1.0
---
Q: !!opencv-matrix
   rows: 4
   cols: 4
   dt: f
   data: [ 1., 0., 0., -3.68758606e+02, 0., 1., 0., -2.31896362e+02, 0.,
       0., 0., 3.53867737e+02, 0., 0., 1.78647367e-03, 0. ]
R: !!opencv-matrix
   rows: 3
   cols: 3
   dt: d
   data: [ 1.0151978146917227e+00, 9.7097163486957669e-03,
       3.1874365540331372e-02, -8.9194166828447403e-03,
       1.0153746644165715e+00, -2.6399011161438966e-02,
       -3.2145047256684274e-02, 2.6104773285981969e-02,
       1.0149123996197462e+00 ]
T: !!opencv-matrix
   rows: 3
   cols: 1
   dt: d
   data: [ -5.6229871206695088e+02, 2.4808436023745841e+00,
       2.2802402492884020e+00 ]
E: !!opencv-matrix
   rows: 0
   cols: 0
   dt: u
   data: []
F: !!opencv-matrix
   rows: 0
   cols: 0
   dt: u
   data: []
K1: !!opencv-matrix
   rows: 3
   cols: 3
   dt: d
   data: [ 3.6627756984521932e+02, 0., 3.8060969928433269e+02, 0.,
       3.6653175179255015e+02, 2.3878059668569790e+02, 0., 0., 1. ]
D1: !!opencv-matrix
   rows: 5
   cols: 1
   dt: d
   data: [ -2.1859934914563901e-02, -9.9468572971318997e-04,
       1.6448003429794193e-03, -3.1164985765511365e-04,
       3.5195408316194161e-04 ]
P1: !!opencv-matrix
   rows: 3
   cols: 4
   dt: f
   data: [ 3.53867737e+02, 0., 3.68758606e+02, 0., 0., 3.53867737e+02,
       2.31896362e+02, 0., 0., 0., 1., 0. ]
R1: !!opencv-matrix
   rows: 3
   cols: 3
   dt: f
   data: [ 9.99610126e-01, 5.06487628e-03, 2.74584386e-02,
       -4.71020304e-03, 9.99904871e-01, -1.29660666e-02, -2.75214966e-02,
       1.28316768e-02, 9.99538839e-01 ]
K2: !!opencv-matrix
   rows: 3
   cols: 3
   dt: d
   data: [ 3.6687495098581172e+02, 0., 3.7621769200552956e+02, 0.,
       3.6726361788508825e+02, 2.2399932895774910e+02, 0., 0., 1. ]
D2: !!opencv-matrix
   rows: 5
   cols: 1
   dt: d
   data: [ -2.2201337830972428e-02, -1.1445843221826492e-03,
       2.9199201696882579e-04, -7.1705872414221615e-04,
       5.1284674356775366e-04 ]
P2: !!opencv-matrix
   rows: 3
   cols: 4
   dt: f
   data: [ 3.53867737e+02, 0., 3.68758606e+02, -1.98081703e+05, 0.,
       3.53867737e+02, 2.31896362e+02, 0., 0., 0., 1., 0. ]
R2: !!opencv-matrix
   rows: 3
   cols: 3
   dt: f
   data: [ 9.99982059e-01, -4.41188831e-03, -4.05513868e-03,
       4.46383329e-03, 9.99906957e-01, 1.28911361e-02, 3.99788702e-03,
       -1.29090063e-02, 9.99908686e-01 ]
