%YAML:1.0
---
Q: !!opencv-matrix
   rows: 4
   cols: 4
   dt: f
   data: [ 1., 0., 0., -3.82392639e+02, 0., 1., 0., -2.31848328e+02, 0.,
       0., 0., 3.59859406e+02, 0., 0., 1.95551501e-03, 0. ]
R: !!opencv-matrix
   rows: 3
   cols: 3
   dt: d
   data: [ 1.0153971378110482e+00, 9.6507463800004703e-03,
       -3.5138448139201890e-03, -9.8333844229360964e-03,
       1.0152613491766571e+00, -2.6068998929009126e-02,
       3.2949061980689525e-03, 2.6102016366253922e-02,
       1.0153021280119998e+00 ]
T: !!opencv-matrix
   rows: 3
   cols: 1
   dt: d
   data: [ -5.1417682643408830e+02, 2.2686896287844052e+00,
       2.0860129599808985e+00 ]
E: !!opencv-matrix
   rows: 0
   cols: 0
   dt: u
   data: []
F: !!opencv-matrix
   rows: 0
   cols: 0
   dt: u
   data: []
K1: !!opencv-matrix
   rows: 3
   cols: 3
   dt: d
   data: [ 3.6627756984521932e+02, 0., 3.8060969928433269e+02, 0.,
       3.6653175179255015e+02, 2.3878059668569790e+02, 0., 0., 1. ]
D1: !!opencv-matrix
   rows: 5
   cols: 1
   dt: d
   data: [ -2.1859934914563901e-02, -9.9468572971318997e-04,
       1.6448003429794193e-03, -3.1164985765511365e-04,
       3.5195408316194161e-04 ]
P1: !!opencv-matrix
   rows: 3
   cols: 4
   dt: f
   data: [ 3.59859406e+02, 0., 3.82392639e+02, 0., 0., 3.59859406e+02,
       2.31848328e+02, 0., 0., 0., 1., 0. ]
R1: !!opencv-matrix
   rows: 3
   cols: 3
   dt: f
   data: [ 9.99960124e-01, 5.01399022e-03, -7.39257503e-03,
       -5.10861957e-03, 9.99904513e-01, -1.28377536e-02, 7.32750073e-03,
       1.28750075e-02, 9.99890268e-01 ]
K2: !!opencv-matrix
   rows: 3
   cols: 3
   dt: d
   data: [ 3.6687495098581172e+02, 0., 3.7621769200552956e+02, 0.,
       3.6726361788508825e+02, 2.2399932895774910e+02, 0., 0., 1. ]
D2: !!opencv-matrix
   rows: 5
   cols: 1
   dt: d
   data: [ -2.2201337830972428e-02, -1.1445843221826492e-03,
       2.9199201696882579e-04, -7.1705872414221615e-04,
       5.1284674356775366e-04 ]
P2: !!opencv-matrix
   rows: 3
   cols: 4
   dt: f
   data: [ 3.59859406e+02, 0., 3.82392639e+02, -1.84022828e+05, 0.,
       3.59859406e+02, 2.31848328e+02, 0., 0., 0., 1., 0. ]
R2: !!opencv-matrix
   rows: 3
   cols: 3
   dt: f
   data: [ 9.99982059e-01, -4.41219611e-03, -4.05692263e-03,
       4.46398929e-03, 9.99907494e-01, 1.28475111e-02, 3.99986142e-03,
       -1.28653906e-02, 9.99909222e-01 ]
